MFEM mesh v1.0

#
# MFEM Geometry Types (see fem/geom.hpp):
#
# POINT       = 0
# SEGMENT     = 1
# TRIANGLE    = 2
# SQUARE      = 3
# TETRAHEDRON = 4
# CUBE        = 5
# PRISM       = 6
#

dimension
2

elements
1044
1 2 60 158 160
1 2 159 160 158
1 2 158 0 159
1 2 160 159 1
1 2 35 161 163
1 2 162 163 161
1 2 161 58 162
1 2 163 162 99
1 2 95 164 166
1 2 165 166 164
1 2 164 82 165
1 2 166 165 38
1 2 101 167 169
1 2 168 169 167
1 2 167 111 168
1 2 169 168 74
1 2 140 170 172
1 2 171 172 170
1 2 170 40 171
1 2 172 171 59
1 2 67 173 175
1 2 174 175 173
1 2 173 39 174
1 2 175 174 63
1 2 41 176 178
1 2 177 178 176
1 2 176 97 177
1 2 178 177 73
1 2 62 179 181
1 2 180 181 179
1 2 179 29 180
1 2 181 180 154
1 2 65 182 183
1 2 170 183 182
1 2 182 40 170
1 2 183 170 140
1 2 97 176 185
1 2 184 185 176
1 2 176 41 184
1 2 185 184 88
1 2 58 161 187
1 2 186 187 161
1 2 161 35 186
1 2 187 186 104
1 2 101 169 189
1 2 188 189 169
1 2 169 74 188
1 2 189 188 37
1 2 98 190 192
1 2 191 192 190
1 2 190 81 191
1 2 192 191 122
1 2 18 193 195
1 2 194 195 193
1 2 193 80 194
1 2 195 194 17
1 2 80 193 197
1 2 196 197 193
1 2 193 18 196
1 2 197 196 129
1 2 61 198 200
1 2 199 200 198
1 2 198 37 199
1 2 200 199 100
1 2 154 180 202
1 2 201 202 180
1 2 180 29 201
1 2 202 201 70
1 2 81 190 204
1 2 203 204 190
1 2 190 98 203
1 2 204 203 30
1 2 99 162 206
1 2 205 206 162
1 2 162 58 205
1 2 206 205 157
1 2 100 207 200
1 2 208 200 207
1 2 207 32 208
1 2 200 208 61
1 2 29 209 201
1 2 210 201 209
1 2 209 95 210
1 2 201 210 70
1 2 82 164 212
1 2 211 212 164
1 2 164 95 211
1 2 212 211 53
1 2 67 213 215
1 2 214 215 213
1 2 213 23 214
1 2 215 214 24
1 2 38 165 217
1 2 216 217 165
1 2 165 82 216
1 2 217 216 71
1 2 78 218 220
1 2 219 220 218
1 2 218 80 219
1 2 220 219 41
1 2 76 221 223
1 2 222 223 221
1 2 221 110 222
1 2 223 222 47
1 2 110 221 225
1 2 224 225 221
1 2 221 76 224
1 2 225 224 31
1 2 80 218 227
1 2 226 227 218
1 2 218 78 226
1 2 227 226 135
1 2 77 228 230
1 2 229 230 228
1 2 228 3 229
1 2 230 229 4
1 2 100 199 231
1 2 188 231 199
1 2 199 37 188
1 2 231 188 74
1 2 29 232 209
1 2 233 209 232
1 2 232 84 233
1 2 209 233 95
1 2 42 234 236
1 2 235 236 234
1 2 234 155 235
1 2 236 235 68
1 2 42 237 234
1 2 238 234 237
1 2 237 66 238
1 2 234 238 155
1 2 64 239 241
1 2 240 241 239
1 2 239 43 240
1 2 241 240 84
1 2 136 242 244
1 2 243 244 242
1 2 242 103 243
1 2 244 243 28
1 2 89 245 247
1 2 246 247 245
1 2 245 9 246
1 2 247 246 133
1 2 78 248 250
1 2 249 250 248
1 2 248 15 249
1 2 250 249 16
1 2 3 228 252
1 2 251 252 228
1 2 228 77 251
1 2 252 251 92
1 2 122 253 255
1 2 254 255 253
1 2 253 67 254
1 2 255 254 54
1 2 109 256 258
1 2 257 258 256
1 2 256 83 257
1 2 258 257 34
1 2 39 173 259
1 2 253 259 173
1 2 173 67 253
1 2 259 253 122
1 2 9 245 261
1 2 260 261 245
1 2 245 89 260
1 2 261 260 8
1 2 83 256 263
1 2 262 263 256
1 2 256 109 262
1 2 263 262 56
1 2 68 264 236
1 2 265 236 264
1 2 264 86 265
1 2 236 265 42
1 2 84 232 267
1 2 266 267 232
1 2 232 29 266
1 2 267 266 142
1 2 64 268 270
1 2 269 270 268
1 2 268 46 269
1 2 270 269 118
1 2 28 243 272
1 2 271 272 243
1 2 243 103 271
1 2 272 271 149
1 2 25 273 275
1 2 274 275 273
1 2 273 94 274
1 2 275 274 114
1 2 84 267 241
1 2 276 241 267
1 2 267 142 276
1 2 241 276 64
1 2 40 182 278
1 2 277 278 182
1 2 182 65 277
1 2 278 277 83
1 2 136 279 281
1 2 280 281 279
1 2 279 93 280
1 2 281 280 57
1 2 65 282 284
1 2 283 284 282
1 2 282 111 283
1 2 284 283 45
1 2 94 285 287
1 2 286 287 285
1 2 285 98 286
1 2 287 286 54
1 2 96 288 289
1 2 260 289 288
1 2 288 8 260
1 2 289 260 89
1 2 110 290 222
1 2 291 222 290
1 2 290 91 291
1 2 222 291 47
1 2 59 171 293
1 2 292 293 171
1 2 171 40 292
1 2 293 292 124
1 2 60 160 295
1 2 294 295 160
1 2 160 1 294
1 2 295 294 119
1 2 79 296 298
1 2 297 298 296
1 2 296 97 297
1 2 298 297 31
1 2 8 288 300
1 2 299 300 288
1 2 288 96 299
1 2 300 299 7
1 2 94 273 302
1 2 301 302 273
1 2 273 25 301
1 2 302 301 26
1 2 118 269 304
1 2 303 304 269
1 2 269 46 303
1 2 304 303 72
1 2 65 284 306
1 2 305 306 284
1 2 284 45 305
1 2 306 305 105
1 2 97 296 308
1 2 307 308 296
1 2 296 79 307
1 2 308 307 49
1 2 111 167 283
1 2 309 283 167
1 2 167 101 309
1 2 283 309 45
1 2 86 264 311
1 2 310 311 264
1 2 264 68 310
1 2 311 310 115
1 2 63 174 313
1 2 312 313 174
1 2 174 39 312
1 2 313 312 144
1 2 40 314 315
1 2 251 315 314
1 2 314 92 251
1 2 315 251 77
1 2 124 316 293
1 2 317 293 316
1 2 316 93 317
1 2 293 317 59
1 2 46 268 318
1 2 276 318 268
1 2 268 64 276
1 2 318 276 142
1 2 91 290 320
1 2 319 320 290
1 2 290 110 319
1 2 320 319 52
1 2 69 321 323
1 2 322 323 321
1 2 321 44 322
1 2 323 322 117
1 2 134 324 325
1 2 175 325 324
1 2 324 67 175
1 2 325 175 63
1 2 48 326 327
1 2 316 327 326
1 2 326 93 316
1 2 327 316 124
1 2 93 279 317
1 2 328 317 279
1 2 279 136 328
1 2 317 328 59
1 2 23 213 329
1 2 324 329 213
1 2 213 67 324
1 2 329 324 134
1 2 47 330 332
1 2 331 332 330
1 2 330 127 331
1 2 332 331 144
1 2 43 239 334
1 2 333 334 239
1 2 239 64 333
1 2 334 333 99
1 2 15 248 336
1 2 335 336 248
1 2 248 78 335
1 2 336 335 125
1 2 80 197 338
1 2 337 338 197
1 2 197 129 337
1 2 338 337 52
1 2 138 339 341
1 2 340 341 339
1 2 339 38 340
1 2 341 340 66
1 2 87 342 344
1 2 343 344 342
1 2 342 60 343
1 2 344 343 109
1 2 38 339 346
1 2 345 346 339
1 2 339 138 345
1 2 346 345 70
1 2 95 166 210
1 2 346 210 166
1 2 166 38 346
1 2 210 346 70
1 2 49 347 349
1 2 348 349 347
1 2 347 68 348
1 2 349 348 132
1 2 66 237 341
1 2 350 341 237
1 2 237 42 350
1 2 341 350 138
1 2 67 215 352
1 2 351 352 215
1 2 215 24 351
1 2 352 351 114
1 2 32 207 354
1 2 353 354 207
1 2 207 100 353
1 2 354 353 137
1 2 44 321 356
1 2 355 356 321
1 2 321 69 355
1 2 356 355 106
1 2 71 357 359
1 2 358 359 357
1 2 357 51 358
1 2 359 358 107
1 2 103 242 360
1 2 281 360 242
1 2 242 136 281
1 2 360 281 57
1 2 54 254 361
1 2 352 361 254
1 2 254 67 352
1 2 361 352 114
1 2 49 362 308
1 2 177 308 362
1 2 362 73 177
1 2 308 177 97
1 2 68 347 310
1 2 363 310 347
1 2 347 49 363
1 2 310 363 115
1 2 45 364 305
1 2 365 305 364
1 2 364 75 365
1 2 305 365 105
1 2 51 357 367
1 2 366 367 357
1 2 357 71 366
1 2 367 366 148
1 2 41 178 369
1 2 368 369 178
1 2 178 73 368
1 2 369 368 121
1 2 114 274 361
1 2 287 361 274
1 2 274 94 287
1 2 361 287 54
1 2 111 282 370
1 2 183 370 282
1 2 282 65 183
1 2 370 183 140
1 2 75 371 365
1 2 372 365 371
1 2 371 34 372
1 2 365 372 105
1 2 74 373 231
1 2 374 231 373
1 2 373 55 374
1 2 231 374 100
1 2 66 340 376
1 2 375 376 340
1 2 340 38 375
1 2 376 375 107
1 2 5 377 379
1 2 378 379 377
1 2 377 6 378
1 2 379 378 90
1 2 127 330 381
1 2 380 381 330
1 2 330 47 380
1 2 381 380 108
1 2 39 382 312
1 2 383 312 382
1 2 382 76 383
1 2 312 383 144
1 2 153 384 385
1 2 252 385 384
1 2 384 3 252
1 2 385 252 92
1 2 89 247 387
1 2 386 387 247
1 2 247 133 386
1 2 387 386 53
1 2 78 220 388
1 2 369 388 220
1 2 220 41 369
1 2 388 369 121
1 2 72 303 390
1 2 389 390 303
1 2 303 46 389
1 2 390 389 123
1 2 109 391 262
1 2 392 262 391
1 2 391 119 392
1 2 262 392 56
1 2 90 378 394
1 2 393 394 378
1 2 378 6 393
1 2 394 393 141
1 2 119 391 295
1 2 343 295 391
1 2 391 109 343
1 2 295 343 60
1 2 58 395 396
1 2 394 396 395
1 2 395 90 394
1 2 396 394 141
1 2 55 373 398
1 2 397 398 373
1 2 373 74 397
1 2 398 397 149
1 2 3 384 400
1 2 399 400 384
1 2 384 153 399
1 2 400 399 2
1 2 14 401 403
1 2 402 403 401
1 2 401 85 402
1 2 403 402 13
1 2 51 404 406
1 2 405 406 404
1 2 404 85 405
1 2 406 405 102
1 2 93 407 280
1 2 408 280 407
1 2 407 147 408
1 2 280 408 57
1 2 111 370 410
1 2 409 410 370
1 2 370 140 409
1 2 410 409 28
1 2 144 331 313
1 2 411 313 331
1 2 331 127 411
1 2 313 411 63
1 2 38 217 375
1 2 359 375 217
1 2 217 71 359
1 2 375 359 107
1 2 27 412 413
1 2 311 413 412
1 2 412 86 311
1 2 413 311 115
1 2 20 414 416
1 2 415 416 414
1 2 414 91 415
1 2 416 415 19
1 2 84 417 233
1 2 211 233 417
1 2 417 53 211
1 2 233 211 95
1 2 50 418 419
1 2 388 419 418
1 2 418 78 388
1 2 419 388 121
1 2 75 364 421
1 2 420 421 364
1 2 364 45 420
1 2 421 420 116
1 2 76 223 383
1 2 332 383 223
1 2 223 47 332
1 2 383 332 144
1 2 78 418 335
1 2 422 335 418
1 2 418 50 422
1 2 335 422 125
1 2 85 423 405
1 2 424 405 423
1 2 423 50 424
1 2 405 424 102
1 2 78 250 226
1 2 425 226 250
1 2 250 16 425
1 2 226 425 135
1 2 77 426 427
1 2 327 427 426
1 2 426 48 327
1 2 427 327 124
1 2 83 277 428
1 2 306 428 277
1 2 277 65 306
1 2 428 306 105
1 2 96 289 430
1 2 429 430 289
1 2 289 89 429
1 2 430 429 43
1 2 111 431 168
1 2 397 168 431
1 2 431 149 397
1 2 168 397 74
1 2 85 404 433
1 2 432 433 404
1 2 404 51 432
1 2 433 432 126
1 2 48 426 435
1 2 434 435 426
1 2 426 77 434
1 2 435 434 113
1 2 73 362 436
1 2 349 436 362
1 2 362 49 349
1 2 436 349 132
1 2 40 315 292
1 2 427 292 315
1 2 315 77 427
1 2 292 427 124
1 2 149 431 272
1 2 410 272 431
1 2 431 111 410
1 2 272 410 28
1 2 73 437 439
1 2 438 439 437
1 2 437 33 438
1 2 439 438 151
1 2 98 192 286
1 2 255 286 192
1 2 192 122 255
1 2 286 255 54
1 2 10 440 442
1 2 441 442 440
1 2 440 82 441
1 2 442 441 133
1 2 88 443 185
1 2 297 185 443
1 2 443 31 297
1 2 185 297 97
1 2 47 291 380
1 2 444 380 291
1 2 291 91 444
1 2 380 444 108
1 2 148 445 447
1 2 446 447 445
1 2 445 146 446
1 2 447 446 11
1 2 92 314 449
1 2 448 449 314
1 2 314 40 448
1 2 449 448 143
1 2 79 298 451
1 2 450 451 298
1 2 298 31 450
1 2 451 450 112
1 2 33 437 452
1 2 436 452 437
1 2 437 73 436
1 2 452 436 132
1 2 34 257 372
1 2 428 372 257
1 2 257 83 428
1 2 372 428 105
1 2 48 453 455
1 2 454 455 453
1 2 453 90 454
1 2 455 454 104
1 2 31 224 450
1 2 456 450 224
1 2 224 76 456
1 2 450 456 112
1 2 77 230 434
1 2 457 434 230
1 2 230 4 457
1 2 434 457 113
1 2 1 458 294
1 2 459 294 458
1 2 458 2 459
1 2 294 459 119
1 2 34 371 461
1 2 460 461 371
1 2 371 75 460
1 2 461 460 130
1 2 44 462 463
1 2 451 463 462
1 2 462 79 451
1 2 463 451 112
1 2 79 462 464
1 2 356 464 462
1 2 462 44 356
1 2 464 356 106
1 2 123 465 390
1 2 466 390 465
1 2 465 145 466
1 2 390 466 72
1 2 31 443 225
1 2 467 225 443
1 2 443 88 467
1 2 225 467 110
1 2 9 468 246
1 2 442 246 468
1 2 468 10 442
1 2 246 442 133
1 2 81 469 471
1 2 470 471 469
1 2 469 44 470
1 2 471 470 128
1 2 146 445 472
1 2 366 472 445
1 2 445 148 366
1 2 472 366 71
1 2 145 465 474
1 2 473 474 465
1 2 465 123 473
1 2 474 473 36
1 2 90 395 454
1 2 187 454 395
1 2 395 58 187
1 2 454 187 104
1 2 76 382 476
1 2 475 476 382
1 2 382 39 475
1 2 476 475 128
1 2 71 216 472
1 2 477 472 216
1 2 216 82 477
1 2 472 477 146
1 2 81 478 191
1 2 259 191 478
1 2 478 39 259
1 2 191 259 122
1 2 11 479 447
1 2 480 447 479
1 2 479 12 480
1 2 447 480 148
1 2 85 401 482
1 2 481 482 401
1 2 401 14 481
1 2 482 481 125
1 2 39 478 475
1 2 471 475 478
1 2 478 81 471
1 2 475 471 128
1 2 93 326 483
1 2 455 483 326
1 2 326 48 455
1 2 483 455 104
1 2 17 194 484
1 2 227 484 194
1 2 194 80 227
1 2 484 227 135
1 2 90 453 485
1 2 435 485 453
1 2 453 48 435
1 2 485 435 113
1 2 35 486 186
1 2 483 186 486
1 2 486 93 483
1 2 186 483 104
1 2 50 423 422
1 2 482 422 423
1 2 423 85 482
1 2 422 482 125
1 2 88 487 467
1 2 319 467 487
1 2 487 52 319
1 2 467 319 110
1 2 81 204 489
1 2 488 489 204
1 2 204 30 488
1 2 489 488 117
1 2 44 469 322
1 2 489 322 469
1 2 469 81 489
1 2 322 489 117
1 2 93 486 407
1 2 490 407 486
1 2 486 35 490
1 2 407 490 147
1 2 83 263 492
1 2 491 492 263
1 2 263 56 491
1 2 492 491 143
1 2 34 493 258
1 2 344 258 493
1 2 493 87 344
1 2 258 344 109
1 2 13 402 494
1 2 433 494 402
1 2 402 85 433
1 2 494 433 126
1 2 4 495 457
1 2 496 457 495
1 2 495 5 496
1 2 457 496 113
1 2 20 497 499
1 2 498 499 497
1 2 497 21 498
1 2 499 498 108
1 2 24 500 351
1 2 275 351 500
1 2 500 25 275
1 2 351 275 114
1 2 5 379 496
1 2 485 496 379
1 2 379 90 485
1 2 496 485 113
1 2 82 440 477
1 2 501 477 440
1 2 440 10 501
1 2 477 501 146
1 2 87 493 502
1 2 461 502 493
1 2 493 34 461
1 2 502 461 130
1 2 91 414 444
1 2 499 444 414
1 2 414 20 499
1 2 444 499 108
1 2 22 503 505
1 2 504 505 503
1 2 503 127 504
1 2 505 504 21
1 2 80 338 507
1 2 506 507 338
1 2 338 52 506
1 2 507 506 152
1 2 10 508 501
1 2 446 501 508
1 2 508 11 446
1 2 501 446 146
1 2 35 509 490
1 2 510 490 509
1 2 509 118 510
1 2 490 510 147
1 2 147 510 511
1 2 304 511 510
1 2 510 118 304
1 2 511 304 72
1 2 12 512 513
1 2 494 513 512
1 2 512 13 494
1 2 513 494 126
1 2 116 420 514
1 2 309 514 420
1 2 420 45 309
1 2 514 309 101
1 2 19 415 516
1 2 515 516 415
1 2 415 91 515
1 2 516 515 129
1 2 14 517 481
1 2 336 481 517
1 2 517 15 336
1 2 481 336 125
1 2 149 271 398
1 2 518 398 271
1 2 271 103 518
1 2 398 518 55
1 2 27 519 521
1 2 520 521 519
1 2 519 139 520
1 2 521 520 106
1 2 127 503 523
1 2 522 523 503
1 2 503 22 522
1 2 523 522 134
1 2 41 219 524
1 2 507 524 219
1 2 219 80 507
1 2 524 507 152
1 2 128 470 525
1 2 463 525 470
1 2 470 44 463
1 2 525 463 112
1 2 49 307 527
1 2 526 527 307
1 2 307 79 526
1 2 527 526 139
1 2 82 212 441
1 2 386 441 212
1 2 212 53 386
1 2 441 386 133
1 2 53 417 529
1 2 528 529 417
1 2 417 84 528
1 2 529 528 150
1 2 155 530 235
1 2 348 235 530
1 2 530 132 348
1 2 235 348 68
1 2 52 487 506
1 2 531 506 487
1 2 487 88 531
1 2 506 531 152
1 2 18 532 196
1 2 516 196 532
1 2 532 19 516
1 2 196 516 129
1 2 131 533 534
1 2 265 534 533
1 2 533 42 265
1 2 534 265 86
1 2 6 535 393
1 2 536 393 535
1 2 535 7 536
1 2 393 536 141
1 2 89 387 537
1 2 529 537 387
1 2 387 53 529
1 2 537 529 150
1 2 40 278 448
1 2 492 448 278
1 2 278 83 492
1 2 448 492 143
1 2 91 320 515
1 2 337 515 320
1 2 320 52 337
1 2 515 337 129
1 2 118 509 538
1 2 163 538 509
1 2 509 35 163
1 2 538 163 99
1 2 22 539 522
1 2 329 522 539
1 2 539 23 329
1 2 522 329 134
1 2 16 540 425
1 2 484 425 540
1 2 540 17 484
1 2 425 484 135
1 2 56 541 491
1 2 449 491 541
1 2 541 92 449
1 2 491 449 143
1 2 51 367 432
1 2 542 432 367
1 2 367 148 542
1 2 432 542 126
1 2 132 530 452
1 2 543 452 530
1 2 530 155 543
1 2 452 543 33
1 2 118 538 270
1 2 333 270 538
1 2 538 99 333
1 2 270 333 64
1 2 88 184 531
1 2 524 531 184
1 2 184 41 524
1 2 531 524 152
1 2 84 240 528
1 2 544 528 240
1 2 240 43 544
1 2 528 544 150
1 2 137 353 545
1 2 374 545 353
1 2 353 100 374
1 2 545 374 55
1 2 119 459 546
1 2 399 546 459
1 2 459 2 399
1 2 546 399 153
1 2 139 519 547
1 2 413 547 519
1 2 519 27 413
1 2 547 413 115
1 2 102 548 550
1 2 549 550 548
1 2 548 33 549
1 2 550 549 120
1 2 43 429 544
1 2 537 544 429
1 2 429 89 537
1 2 544 537 150
1 2 92 541 385
1 2 551 385 541
1 2 541 56 551
1 2 385 551 153
1 2 127 523 411
1 2 325 411 523
1 2 523 134 325
1 2 411 325 63
1 2 51 406 552
1 2 550 552 406
1 2 406 102 550
1 2 552 550 120
1 2 102 424 554
1 2 553 554 424
1 2 424 50 553
1 2 554 553 151
1 2 7 299 536
1 2 555 536 299
1 2 299 96 555
1 2 536 555 141
1 2 156 556 557
1 2 545 557 556
1 2 556 137 545
1 2 557 545 55
1 2 51 552 358
1 2 558 358 552
1 2 552 120 558
1 2 358 558 107
1 2 76 476 456
1 2 525 456 476
1 2 476 128 525
1 2 456 525 112
1 2 96 559 555
1 2 396 555 559
1 2 559 58 396
1 2 555 396 141
1 2 120 560 558
1 2 376 558 560
1 2 560 66 376
1 2 558 376 107
1 2 96 430 562
1 2 561 562 430
1 2 430 43 561
1 2 562 561 157
1 2 21 504 498
1 2 381 498 504
1 2 504 127 381
1 2 498 381 108
1 2 155 563 543
1 2 549 543 563
1 2 563 120 549
1 2 543 549 33
1 2 58 559 205
1 2 562 205 559
1 2 559 96 562
1 2 205 562 157
1 2 121 368 564
1 2 439 564 368
1 2 368 73 439
1 2 564 439 151
1 2 151 553 564
1 2 419 564 553
1 2 553 50 419
1 2 564 419 121
1 2 120 563 560
1 2 238 560 563
1 2 563 155 238
1 2 560 238 66
1 2 145 565 466
1 2 511 466 565
1 2 565 147 511
1 2 466 511 72
1 2 36 566 474
1 2 567 474 566
1 2 566 103 567
1 2 474 567 145
1 2 55 518 557
1 2 568 557 518
1 2 518 103 568
1 2 557 568 156
1 2 33 548 438
1 2 554 438 548
1 2 548 102 554
1 2 438 554 151
1 2 43 334 561
1 2 206 561 334
1 2 334 99 206
1 2 561 206 157
1 2 103 566 568
1 2 569 568 566
1 2 566 36 569
1 2 568 569 156
1 2 147 565 408
1 2 570 408 565
1 2 565 145 570
1 2 408 570 57
1 2 103 360 567
1 2 570 567 360
1 2 360 57 570
1 2 567 570 145
1 2 79 464 526
1 2 520 526 464
1 2 464 106 520
1 2 526 520 139
1 2 115 363 547
1 2 527 547 363
1 2 363 49 527
1 2 547 527 139
1 2 42 533 572
1 2 571 572 533
1 2 533 131 571
1 2 572 571 154
1 2 42 572 350
1 2 573 350 572
1 2 572 154 573
1 2 350 573 138
1 2 56 392 551
1 2 546 551 392
1 2 392 119 546
1 2 551 546 153
1 2 131 574 571
1 2 181 571 574
1 2 574 62 181
1 2 571 181 154
1 2 154 202 573
1 2 345 573 202
1 2 202 70 345
1 2 573 345 138
1 2 140 575 409
1 2 244 409 575
1 2 575 136 244
1 2 409 244 28
1 2 136 575 328
1 2 172 328 575
1 2 575 140 172
1 2 328 172 59
1 2 126 542 513
1 2 480 513 542
1 2 542 148 480
1 2 513 480 12

boundary
106
1 1 0 159
1 1 159 1
1 1 1 458
1 1 458 2
1 1 2 400
1 1 400 3
1 1 3 229
1 1 229 4
1 1 4 495
1 1 495 5
1 1 5 377
1 1 377 6
1 1 6 535
1 1 535 7
1 1 7 300
1 1 300 8
1 1 8 261
1 1 261 9
1 1 9 468
1 1 468 10
1 1 10 508
1 1 508 11
1 1 11 479
1 1 479 12
1 1 12 512
1 1 512 13
1 1 13 403
1 1 403 14
1 1 14 517
1 1 517 15
1 1 15 249
1 1 249 16
1 1 16 540
1 1 540 17
1 1 17 195
1 1 195 18
1 1 18 532
1 1 532 19
1 1 19 416
1 1 416 20
1 1 20 497
1 1 497 21
1 1 21 505
1 1 505 22
1 1 22 539
1 1 539 23
1 1 23 214
1 1 214 24
1 1 24 500
1 1 500 25
1 1 25 301
1 1 301 26
4 1 158 0
4 1 342 60
4 1 179 29
4 1 37 189
4 1 32 208
4 1 198 37
4 1 203 30
4 1 29 266
4 1 94 285
4 1 26 302
4 1 318 46
4 1 323 69
4 1 473 36
4 1 421 75
4 1 354 32
4 1 69 355
4 1 46 389
4 1 521 27
4 1 27 412
4 1 36 569
4 1 75 460
4 1 30 488
4 1 502 87
4 1 101 514
4 1 86 534
4 1 574 62
4 1 556 137
4 1 60 158
4 1 87 342
4 1 189 101
4 1 61 198
4 1 116 421
4 1 460 130
4 1 130 502
4 1 514 116
4 1 62 179
4 1 208 61
4 1 98 203
4 1 266 142
4 1 285 98
4 1 302 94
4 1 142 318
4 1 117 323
4 1 123 473
4 1 137 354
4 1 355 106
4 1 389 123
4 1 106 521
4 1 412 86
4 1 569 156
4 1 488 117
4 1 534 131
4 1 131 574
4 1 156 556

vertices
576
2
0.68614871 0.12993613
0.68221809 0.078544131
0.68024671 0.026279332
0.68024671 -0.026279332
0.68221809 -0.078544131
0.68614871 -0.12993613
0.69201432 -0.1799021
0.69977877 -0.22792962
0.70939418 -0.27355925
0.72080128 -0.31639332
0.73392972 -0.35610091
0.74869858 -0.3924193
0.7650168 -0.42515223
0.78278376 -0.45416566
0.80188994 -0.47938174
0.82221753 -0.50077166
0.8436412 -0.51834813
0.86602888 -0.53215799
0.88924254 -0.54227529
0.91313906 -0.54879512
0.9375711 -0.55182837
0.96238803 -0.55149743
0.98743686 -0.54793269
1.0125631 -0.54127001
1.037612 -0.53164875
1.0624289 -0.51921049
1.0868609 -0.50409818
0.94408836 -0.38723316
0.87501646 -0.068507392
0.85794109 -0.29556498
1.0262368 -0.43339308
0.93609451 -0.46843865
0.99337594 -0.094868106
0.86431019 -0.41833473
0.81981438 0.059851774
0.80554379 -0.17041128
0.91681632 -0.15546211
0.9574651 -0.014314682
0.82328418 -0.35494052
0.98930014 -0.48565193
0.78741131 -0.036620592
0.88245957 -0.48046991
0.88289381 -0.36341784
0.78419445 -0.24404747
0.97460814 -0.43629798
0.87994167 0.014887882
0.87531487 -0.2203659
0.9499594 -0.51067246
0.75681531 -0.11032584
0.91353551 -0.42444609
0.84255215 -0.46025435
0.8106682 -0.41275255
0.91033359 -0.50939949
0.78107609 -0.30351235
1.0361373 -0.48576251
0.93022497 -0.094400341
0.7512222 0.032289735
0.85636268 -0.12494456
0.76146121 -0.18924567
0.81331961 -0.07717063
0.74292718 0.094513603
0.99264778 -0.050428344
0.89787975 -0.29978761
0.98757465 -0.51170892
0.82907727 -0.23337496
0.83891393 -0.011133959
0.85058161 -0.37698646
1.0145145 -0.50893252
0.89256673 -0.39203999
0.98522063 -0.40376804
0.8471282 -0.32947906
0.79229139 -0.38064771
0.86688205 -0.17898785
0.88488587 -0.44432156
0.92303808 -0.04358446
0.86811134 0.063288569
0.96002421 -0.48323831
0.73411875 -0.062584878
0.85354451 -0.49000446
0.94104371 -0.43885917
0.88240871 -0.50890929
1.0016973 -0.45342072
0.77301655 -0.34492603
0.79967499 0.012628801
0.81245677 -0.27620095
0.81327363 -0.4492787
0.92010186 -0.36405693
0.80130878 0.10325729
0.91056709 -0.48210227
0.75310709 -0.27833992
0.73004983 -0.15214374
0.92804465 -0.52709884
0.72862465 -0.012615471
0.80929803 -0.11888646
1.06126 -0.48633323
0.81647123 -0.31604872
0.74344592 -0.23101485
0.91195676 -0.45461267
1.0385003 -0.459179
0.8002048 -0.2084093
0.95787988 -0.064406989
0.92232054 0.012330255
0.83822498 -0.4320442
0.89470331 -0.11359717
0.77263364 -0.1482026
0.84080614 0.026015127
0.95806421 -0.41136863
0.82343971 -0.38595756
0.94969263 -0.53469141
0.77627477 0.069004958
0.93004721 -0.49600788
0.88366345 -0.032107209
0.95838158 -0.45810351
0.71787014 -0.10670694
1.0412334 -0.5078976
0.92050411 -0.39702691
0.90746052 0.054139742
1.0003738 -0.42678873
0.83893289 -0.1985032
0.72153548 0.057546977
0.84097628 -0.40421177
0.86522874 -0.46259012
1.0155634 -0.47470814
0.90002449 -0.18916694
0.77939118 -0.078722346
0.82584526 -0.47688853
0.7905891 -0.42950279
0.97151575 -0.52687187
0.97873937 -0.4638335
0.90463371 -0.5272956
0.84041417 0.089297228
0.90827843 -0.33415903
0.88745624 -0.41883207
0.75260778 -0.32023066
0.99557433 -0.52887707
0.86140583 -0.51235497
0.8488027 -0.092272313
0.96028474 -0.1056231
0.85918058 -0.35228768
0.93499779 -0.41593603
0.84118791 -0.052968683
0.72535001 -0.19604719
0.85461167 -0.25628698
0.76634792 3.1381073e-05
0.96962757 -0.50275439
0.88056649 -0.14741946
0.76452847 -0.37055228
0.84293099 -0.15652547
0.77989136 -0.40395716
0.90567745 -0.072961365
0.7827086 -0.27552517
0.85908415 -0.44258366
0.89683409 -0.49574821
0.71533597 0.020061133
0.87712432 -0.32884046
0.86891536 -0.39495377
0.93012493 -0.12361591
0.7723266 -0.21817932
0.71453794 0.11222486
0.6841834 0.10424013
0.71257264 0.086528867
0.7835025 -0.17982847
0.78083301 -0.19882749
0.8028743 -0.18941029
0.79474389 -0.33048738
0.79815036 -0.34993328
0.81987771 -0.33549462
0.902992 -0.009888477
0.90335077 -0.037845834
0.92267931 -0.015627102
0.81429961 -0.044794637
0.80036546 -0.056895611
0.82725376 -0.065069656
1.0019073 -0.49729222
0.9884374 -0.49868042
1.0010446 -0.51032072
0.89720817 -0.46754129
0.89842132 -0.44946712
0.88367272 -0.46239573
0.87791042 -0.29767629
0.8675327 -0.31220272
0.88750203 -0.31431404
0.81316262 -0.023877276
0.84005092 -0.032051321
0.89651333 -0.48128609
0.91126193 -0.46835747
0.78908871 -0.15930694
0.76704742 -0.16872413
0.94025159 -0.028949571
0.93989282 -0.00099221354
1.0200988 -0.45629986
1.0086304 -0.46406443
1.0270319 -0.46694357
0.88582562 -0.52559229
0.87421879 -0.52053364
0.87763571 -0.53721664
0.89693812 -0.53478545
0.89352121 -0.51810244
0.97505644 -0.032371513
0.95767249 -0.039360836
0.97526383 -0.057417667
0.85253464 -0.31252202
0.86212626 -0.32915976
1.0323686 -0.44628604
1.0139671 -0.4434069
0.7668939 -0.20371249
0.7862657 -0.21329431
0.97562791 -0.079637547
0.99301186 -0.072648225
0.83720616 -0.30580685
0.83179971 -0.32276389
0.79877366 -0.30978053
0.77704632 -0.32421919
1.0135388 -0.52510127
1.0250876 -0.53645938
1.0260632 -0.52029064
0.78265397 -0.36278687
0.80778778 -0.36779412
0.86797661 -0.49945687
0.88243414 -0.4946896
0.86800204 -0.48523718
0.94503571 -0.48962309
0.94000331 -0.50334017
0.95499181 -0.49695538
0.94805936 -0.47583848
0.93307086 -0.48222326
0.85747517 -0.50117971
0.87190727 -0.51063213
0.70718273 -0.044432105
0.6812324 -0.052411732
0.70816842 -0.070564505
0.94045898 -0.053995724
0.83519893 -0.28588297
0.814464 -0.29612484
0.87590459 -0.37918581
0.88074105 -0.39349688
0.88773027 -0.37772892
0.86673771 -0.37020215
0.85974849 -0.38597011
0.80663586 -0.23871122
0.79832561 -0.26012421
0.82076702 -0.25478796
0.871753 -0.10293474
0.88485989 -0.09105228
0.86190958 -0.080389852
0.73695418 -0.29736662
0.73670453 -0.31831199
0.75285743 -0.29928529
0.83788102 -0.49538806
0.83292936 -0.50955989
0.84859286 -0.50417629
0.7313717 -0.037600174
0.70443568 -0.019447401
1.015039 -0.49182033
1.0253259 -0.49734751
1.0258504 -0.48023532
0.78797488 0.04081688
0.80974469 0.036240288
0.79804457 0.064428366
1.0024318 -0.48018003
0.73125064 -0.27594959
0.71509773 -0.29497629
0.76374849 0.050647347
0.7754486 0.022459268
0.90633429 -0.37804846
0.90149784 -0.36373739
0.85627638 -0.27592598
0.83353422 -0.26624397
0.85219607 -0.22687043
0.85712388 -0.20943455
0.83400508 -0.21593908
0.90019038 -0.093279266
0.89034696 -0.070734379
1.0618445 -0.50277186
1.0512467 -0.49711541
1.0518311 -0.51355405
0.84184447 -0.24483097
0.81929446 0.00074742103
0.79354315 -0.011995895
0.82905036 -0.10557939
0.83283035 -0.12191551
0.85258269 -0.10860843
0.86128869 -0.021620584
0.88180256 -0.0086096637
0.8594278 0.0018769613
1.0498802 -0.47275611
1.0373188 -0.47247075
1.0486987 -0.48604787
0.72642005 -0.25228705
0.7482765 -0.25467738
0.92904593 -0.51155336
0.93900203 -0.51888565
0.78340124 -0.057671469
0.7963554 -0.077946488
0.70187679 0.068045554
0.73223133 0.07603029
0.92650024 -0.44673592
0.92402564 -0.46152566
0.93856911 -0.45364891
0.72161235 -0.22947223
0.70458648 -0.25074443
1.0746449 -0.51165434
1.0740605 -0.49521571
0.87109846 -0.19967687
0.85290747 -0.18874553
0.8603739 0.020451505
0.83986004 0.0074405838
0.92728961 -0.43165263
0.91274614 -0.43952938
0.9011311 0.013609069
0.90653542 -0.39453345
0.92030298 -0.38054192
0.97946386 -0.49420316
0.97860111 -0.50723165
0.75801798 -0.024618031
0.76076503 -0.049602735
0.7943446 -0.098804404
0.81130882 -0.098028545
0.86496327 -0.23832644
0.9201904 -0.50270368
0.91918912 -0.51824916
0.97991439 -0.42003301
0.98749098 -0.43154336
0.99279723 -0.41527839
1.0050444 -0.51890479
0.99157449 -0.52029299
0.78305667 -0.11460615
0.76810324 -0.094524092
0.83106115 -0.084721471
1.0040687 -0.53507354
0.96073758 -0.51877217
0.97057166 -0.51481313
0.95979349 -0.50671342
0.81464104 -0.22089213
0.79219963 -0.22622839
0.83969489 -0.4834465
0.82403139 -0.48883009
0.90748365 -0.51834755
0.89637115 -0.50915439
0.84123238 -0.3536141
0.8369329 -0.36596349
0.85488109 -0.36463707
0.77211798 0.098885447
0.75960098 0.08175928
0.78879178 0.086131124
0.85315439 -0.34088337
0.83520619 -0.34220979
0.90305112 -0.40824304
0.89001148 -0.40543603
0.90049587 -0.42163908
0.87103719 -0.35785276
1.0394227 -0.51977317
1.0278739 -0.50841506
0.95908231 -0.085015044
0.97683034 -0.1002456
0.97164242 -0.40756833
0.96633617 -0.42383331
0.80147979 -0.39670013
0.81705396 -0.39935505
0.80786555 -0.38330264
0.87553299 -0.11927086
1.0386853 -0.49683005
0.89921069 -0.43438383
0.91701981 -0.4107365
0.8740265 0.039088225
0.85445874 0.044651848
0.78609137 -0.39230244
0.79527978 -0.40835485
0.87505731 -0.45345584
0.87384416 -0.47153001
0.86242568 -0.042537946
0.84396286 0.061570171
0.83031026 0.042933451
0.92663153 -0.0689924
0.94405242 -0.079403665
0.82336195 -0.37044904
0.83701066 -0.38147201
0.68908152 -0.15491911
0.71103208 -0.16602292
0.70809927 -0.14103993
0.94982602 -0.52268193
0.96060419 -0.53078164
0.97466218 -0.48444512
0.96482589 -0.49299635
0.69779134 -0.0031090995
0.72198031 0.0037228313
0.76684194 -0.31187151
0.76709159 -0.29092614
0.85938663 -0.47629729
0.88766968 -0.20476642
0.88345327 -0.1840774
0.74890513 0.063275968
0.73637884 0.044918356
0.70868217 -0.18797465
0.72769992 -0.17409547
0.74575552 -0.1706947
0.74340561 -0.19264643
0.91435777 -0.058272912
0.91795121 -0.083680853
0.69779134 0.023170233
0.68024671 0
0.80758178 -0.46433022
0.7980287 -0.45172218
0.79233685 -0.4667737
0.81197092 -0.43101563
0.8257493 -0.44066145
0.82444659 -0.42239838
0.82611451 -0.13770596
0.84964683 -0.14073501
0.85810219 -0.060738037
0.87933996 -0.050307301
0.9795452 -0.5192904
0.93209511 -0.37564504
0.93229623 -0.39213003
0.93280787 -0.53946361
0.92059185 -0.53794698
0.92535508 -0.55031175
0.79676643 -0.28985665
0.84804833 -0.47512941
0.85389045 -0.46142224
0.89370109 0.034513812
0.88778593 0.058714155
0.83419871 -0.46857144
0.82791289 -0.45476653
0.84038856 -0.44614928
0.85252351 -0.51535155
0.74546703 -0.086455358
0.75675496 -0.070653612
0.82024057 0.019321964
0.76865077 -0.2611937
0.76382019 -0.23753116
0.89467045 -0.052534287
0.80062865 -0.42112767
0.80193136 -0.43939075
0.72599444 -0.08464591
0.73734272 -0.10851639
0.88617105 -0.43157682
0.87459803 -0.43132815
0.86169717 -0.4304592
0.87198501 -0.44345261
0.75347314 -0.35051347
0.76281216 -0.33257835
0.74326875 -0.33816579
0.9233308 -0.47527046
0.93886864 -0.53089512
0.77220991 -0.38725472
0.75661352 -0.38148579
0.76429497 -0.39818823
0.77687962 -0.018294605
0.74748629 -0.0062920448
0.94723804 -0.46327108
0.94971264 -0.44848134
0.87588321 -0.4185834
0.74343257 -0.13123479
0.75134173 -0.15017317
0.76472447 -0.12926422
0.95920289 -0.47067091
0.70004412 -0.092625537
0.6812324 0.052411732
0.7008911 0.041913155
0.85426275 0.076292898
0.83011427 0.074574501
0.95782592 -0.43757858
0.96649486 -0.44720075
0.94955396 -0.4251139
0.89029549 -0.1682932
0.87372427 -0.16320366
0.92030715 -0.48905507
0.7273655 -0.33624712
0.98815272 -0.44485935
0.97667376 -0.45006574
0.99021833 -0.45862711
0.77840993 -0.3756
0.90842041 -0.17231453
0.8986914 -0.15144079
0.98401976 -0.47474271
0.96938179 -0.4735359
0.76877251 -0.35773916
0.99549872 -0.46953632
0.75685769 -0.40878576
0.77245408 -0.41455469
0.8138676 -0.47813514
0.81955945 -0.46308362
0.79096583 -0.13354453
0.86371736 -0.52225648
0.72395999 -0.12942534
0.80742091 -0.14464887
0.91045034 -0.49575088
1.0133053 -0.43009091
1.0010356 -0.44010473
0.82423739 -0.16346837
0.75878506 0.016160558
0.78301146 0.0063300913
0.81056158 0.081554532
0.78668643 -0.44183423
0.6841834 -0.10424013
0.70200942 -0.11832153
0.94997956 -0.5516629
0.95604033 -0.54309442
0.94363186 -0.54325989
1.0500204 -0.52542962
0.7492291 -0.36332659
0.82086147 0.096277259
0.9794763 -0.53740228
0.96695189 -0.53918465
0.97491245 -0.54971506
0.90358384 -0.50257385
0.8896214 -0.50232875
0.74131415 -0.3742601
0.82223834 -0.18445724
0.84093194 -0.17751433
0.85490652 -0.16775666
0.77390028 -0.43965895
0.77780295 -0.42732751
0.91489053 0.033234999
0.91633918 -0.52719722
0.90888638 -0.53804536
0.81205373 -0.4900767
0.91246414 -0.10399875
0.93954308 -0.40158459
0.946531 -0.41365233
0.95107628 -0.39930089
0.9915056 -0.53840488
0.98354504 -0.52787447
0.88964683 -0.48810906
0.96856047 -0.46096851
0.93802075 -0.4273976
0.92426665 -0.42019106
0.79758269 -0.27586306
0.78189234 -0.28951876
0.8781858 -0.40689292
0.90370059 -0.48892524
0.9011908 -0.5455352
0.89558612 -0.34878844
0.91419014 -0.34910798
0.69589655 -0.20391586
0.71256439 -0.21198841
0.76790784 -0.27693255
0.81956885 -0.20345625
1 -0.54460135
0.85483504 -0.52525306
0.73992343 0.0098371323
0.78524023 -0.41672998
0.86661278 -0.40664425
0.78345153 -0.25978632
0.94525485 -0.10001172
0.71843573 0.038804055
0.92775095 -0.40648147
0.85126758 -0.42518947
0.85264323 -0.41127325
0.83960063 -0.41812799
0.73327909 0.026175434
0.82582224 -0.40848216
0.85081815 -0.45141901
0.84865456 -0.43731393
0.73439797 -0.21353102
0.94520483 -0.11461951
0.93017495 -0.10900813
0.83220799 -0.39508467
0.75245357 -0.21013026
0.84577894 -0.39059912
0.77826052 -0.2311134
0.75788626 -0.22459708
0.85494582 -0.39958277
0.86215645 -0.45258689
0.86174874 -0.15197247
0.90575982 -0.13452964
0.8876349 -0.13050832
0.91241412 -0.11860654
0.92347063 -0.13953901
0.86846458 -0.13618201
0.89270137 -0.33149975
0.88000906 -0.34612915
0.86815245 -0.34056407
0.90307909 -0.31697332
0.8449953 -0.072620498
