7.52333 -0.409819
7.49674 -0.471965
5.3227 2.998
5.39646 3.04729
4.72334 1.34252
4.72472 1.35973
4.78057 1.80987
4.78187 1.81757
5.78329 -1.9342
5.82322 -1.93618
4.82005 -0.289522
4.80223 -0.198742
4.73356 0.281127
4.73555 0.261175
4.70329 0.782907
4.70326 0.783915
6.6402 2.8044
6.65065 2.79617
7.71869 0.470166
7.72029 0.513013
7.7079 0.847245
7.7097 0.830281
7.60223 -0.195075
7.58997 -0.232384
5.52076 3.10607
5.53477 3.10976
5.18144 2.85948
5.21439 2.89947
7.70464 0.284139
7.69997 0.244695
5.24466 -1.52628
5.24063 -1.52009
5.14026 -1.32373
5.15279 -1.35012
4.74751 1.57878
4.75226 1.61638
4.79398 1.88196
4.81351 1.97845
6.02146 -1.90772
5.99849 -1.91301
5.65121 -1.90933
5.63447 -1.904
4.89153 -0.597022
4.89726 -0.61838
4.9603 -0.840688
4.94509 -0.788538
5.34235 -1.67143
5.32193 -1.64556
5.00114 -0.966378
5.00956 -0.991133
5.08916 2.73284
5.13062 2.7964
6.12489 3.08555
6.16777 3.07079
6.0303 3.11516
5.9323 3.1351
5.70304 3.14362
5.75758 3.14741
6.62856 2.81334
6.7287 2.73322
6.72409 2.73728
6.61647 -1.58801
6.62159 -1.58389
6.41773 -1.72643
6.41374 -1.72873
6.81906 -1.41564
6.80781 -1.42587
7.3243 -0.79912
7.35877 -0.742295
7.22479 -0.950434
7.23585 -0.934609
7.49514 1.67276
7.47057 1.72999
4.8625 2.18093
4.86449 2.18873
7.52913 1.58842
7.54029 1.55904
4.70361 0.914211
4.70457 1.03869
5.09866 -1.2246
5.0776 -1.17364
4.77542 -0.040519
4.7634 0.038863
4.72217 0.404616
4.71363 0.514493
7.47891 -0.512541
7.54688 -0.351472
6.89649 2.57815
6.87604 2.59827
7.0741 2.38095
7.01207 2.45366
7.13189 -1.07581
7.13488 -1.07208
6.99959 -1.2307
7.03674 -1.18968
7.39072 1.8953
7.41387 1.85012
7.31343 2.03518
7.3255 2.01453
7.21863 2.18531
7.22794 2.17184
7.0775 2.37668
7.12837 2.31087
7.6129 1.33712
7.60081 1.379
7.65542 1.17084
7.65137 1.18911
7.69554 0.948367
7.68756 1.00372
7.56469 -0.304235
7.62625 -0.114657
7.45302 -0.565479
7.43911 -0.593953
6.47682 2.91706
6.47067 2.92116
4.71162 1.17325
4.71104 1.16192
5.55853 -1.86761
5.54432 -1.8609
5.54004 -1.858
4.72443 0.377344
4.72319 0.391677
4.70757 0.648728
4.70745 0.652537
4.70359 0.912205
4.95839 2.47237
4.95189 2.45613
4.90785 2.33023
4.92386 2.37986
6.41002 2.95707
6.41218 2.95578
6.76777 2.69914
5.04196 -1.0839
5.04211 -1.08432
4.70466 1.04023
4.70468 1.04183
4.71859 1.2827
5.72757 -1.92822
4.84504 -0.403555
4.82719 -0.323233
5.46768 -1.80517
5.46026 -1.79816
4.74014 0.219898
4.74276 0.195907
4.71277 0.529256
4.71314 0.522143
4.70735 0.656199
4.70328 0.781882
6.96688 -1.26708
7.40041 -0.666985
7.37681 -0.711357
6.55445 2.86585
4.96384 2.48468
6.09006 3.09791
6.03914 3.11297
6.30256 3.01316
6.29142 3.01836
7.6483 -0.0308894
7.66424 0.0354843
4.74078 1.52014
4.73708 1.48805
4.78024 1.80767
4.77031 1.74472
6.09663 -1.88363
6.0446 -1.90091
5.88913 -1.93211
5.85996 -1.93476
4.89275 2.2852
4.86848 2.20331
6.18244 -1.84934
6.22047 -1.8338
5.67274 3.14176
5.65811 3.13985
7.55198 1.52625
7.57176 1.47022
7.63562 -0.082022
4.97843 -0.897144
4.96401 -0.852363
5.53578 -1.85486
5.39342 -1.73416
5.35532 -1.68722
5.04122 -1.08179
7.67986 0.117018
7.67349 0.0813967
5.42115 3.0615
5.29792 2.97809
5.16287 -1.36997
5.19545 -1.43575
4.7283 1.40222
4.71956 1.29557
4.79085 1.86648
4.78042 1.8089
4.91925 -0.697749
4.9408 -0.773721
6.98493 2.48453
6.94552 2.52691
5.03983 2.64962
5.03961 2.6492
6.30258 -1.79223
6.28595 -1.8008
7.1782 -1.01461
7.20387 -0.980318
6.2492 3.03815
6.20309 3.05661
6.71743 -1.50654
6.71761 -1.50638
7.27498 -0.875289
7.30938 -0.822828
7.35278 1.96619
7.37129 1.9324
7.15116 2.28005
7.17905 2.24193
7.63552 1.25385
7.62747 1.28541
7.7206 0.561754
7.71576 0.40705
7.68713 0.158367
5.22564 2.91155
5.51504 3.10391
5.62144 3.13305
5.14306 2.81319
7.71356 0.377367
5.23726 -1.51449
5.29211 -1.60119
5.11397 -1.26251
4.73299 1.44955
4.75486 1.63709
4.74433 1.55221
4.76886 1.73485
4.82581 2.03324
4.88058 -0.555689
4.96316 -0.849588
4.86595 -0.495382
5.43281 -1.77198
5.40171 -1.74237
4.74708 0.158877
4.75496 0.097558
5.0401 2.65008
6.31969 -1.78388
4.83878 2.09055
4.83292 2.06541
7.42045 -0.630092
6.39946 2.96288
6.35153 2.98862
6.10413 3.09326
5.84056 3.14606
6.03728 3.11354
5.83203 3.14715
5.81734 3.14804
5.68056 3.14237
6.7172 -1.50674
6.52086 -1.65826
6.4614 -1.6978
6.51662 -1.66141
6.71927 -1.50491
6.89384 -1.34255
7.37151 -0.720469
7.72078 0.621516
7.4581 1.75738
7.50651 1.64559
4.85973 -0.468663
7.16749 -1.0294
6.92919 -1.30706
7.71662 0.742006
7.71784 0.716851
5.04242 -1.08518
4.78152 -0.0794879
4.79889 -0.180402
6.8087 2.66295
6.80347 2.66764
7.07594 2.37868
7.13994 -1.06571
7.0903 -1.12629
7.67285 1.0904
7.6736 1.08643
7.42743 1.82274
7.27688 2.09652
7.27302 2.10274
7.25699 2.12783
7.58791 1.42061
7.67486 1.07939
7.69989 0.917471
7.71416 0.774461
6.46552 2.92456
6.79949 2.6712
5.92129 -1.92871
5.94641 -1.92438
5.82788 3.14754
5.39805 -1.73886
5.31312 -1.6323
6.12223 -1.87498
5.04219 -1.08454
4.9971 2.56225
7.70416 0.881499
7.06275 -1.15946
7.04546 -1.17983
7.72048 0.65258
