7.7168 -0.302329
7.74958 -0.200541
6.1835 -2.09283
6.18736 -2.09072
5.04191 3.07321
5.05927 3.09396
5.05033 -1.6163
5.05085 -1.61764
4.58852 1.5515
4.582 1.48856
5.12941 -1.78492
5.12786 -1.78168
4.65098 2.01341
4.64874 1.99998
4.62898 -0.0760912
4.62361 -0.0402753
7.55843 -0.675122
7.52945 -0.731491
6.37924 3.18682
6.31631 3.2195
7.56245 1.86718
7.57525 1.83993
4.7041 2.26975
4.69923 2.24996
6.69646 2.9749
6.70118 2.97119
7.32294 2.29186
7.28374 2.34984
7.76039 1.32324
7.76589 1.30238
7.78335 -0.0760231
7.80766 0.0320271
7.66617 -0.438163
7.65061 -0.476376
5.78344 -2.23261
5.81298 -2.2272
5.58377 3.38837
5.50429 3.37612
5.30421 3.30115
5.36361 3.32997
5.10873 3.15061
5.1576 3.19717
7.83161 0.165271
7.82964 0.153931
7.85746 0.4254
7.84811 0.300266
4.95372 -1.3677
4.98019 -1.43883
6.57524 3.06319
6.58555 3.05636
4.57697 1.42318
4.57652 1.41814
4.61419 1.77032
4.61927 1.80816
4.80254 -0.879051
4.77984 -0.796019
4.59087 0.220683
4.59312 0.199716
5.92522 3.36685
5.98694 3.35013
6.12532 3.30674
6.1546 3.29574
6.88794 2.80831
6.86181 2.83333
6.6922 2.97817
6.38999 -1.97071
6.37761 -1.97823
6.79123 -1.66071
6.77324 -1.67633
6.99684 -1.46177
6.94811 -1.51139
7.31845 -1.07393
7.32362 -1.06688
7.42365 -0.916185
7.42994 -0.90608
7.86049 0.52336
7.85884 0.461966
4.55684 0.913401
4.55641 0.892378
4.56097 1.12227
4.56248 1.16739
4.88638 -1.16437
4.89916 -1.20596
4.70293 -0.471748
4.70944 -0.501892
5.2141 -1.92947
5.25764 -1.99175
4.5721 0.447707
4.57989 0.3356
4.56315 0.606917
4.56099 0.654921
4.74162 2.41802
4.72844 2.36846
7.18841 -1.2445
7.16119 -1.27833
7.83721 0.929189
7.84358 0.880504
4.66152 -0.263346
4.65298 -0.216316
7.86043 0.54928
7.85938 0.643221
7.75232 -0.191275
7.71114 -0.318699
6.20212 -2.0824
6.08652 -2.13995
7.06156 -1.39148
7.10064 -1.34861
6.44985 3.14428
6.26742 3.24527
4.8069 2.62437
4.8003 2.60507
7.13679 2.542
7.15921 2.51496
7.81361 1.08316
7.8059 1.12445
7.48517 2.02239
7.48527 2.02221
7.40634 2.16019
7.39052 2.18632
7.23481 2.41715
7.26643 2.37426
7.71198 1.49008
7.71226 1.48923
7.67737 -0.409716
6.59413 3.05052
6.52897 3.09427
4.60766 1.72277
4.60247 1.67982
4.58189 1.48743
4.58189 1.48733
5.58409 -2.22604
5.63309 -2.23271
5.53773 -2.21272
5.53014 -2.20984
4.82129 -0.946919
4.88643 2.81553
4.9021 2.85022
5.85184 3.38146
5.8722 3.37762
6.02127 3.34139
6.16752 3.28987
6.04052 3.33617
6.47153 3.1315
5.70916 3.39449
5.77016 3.3901
5.65408 3.3946
5.65731 3.39488
6.84211 2.8505
6.36197 -1.98802
6.48341 -1.90695
6.91499 -1.54491
7.03049 -1.42584
5.96473 -2.18732
5.9351 -2.19798
6.01174 -2.16996
6.06477 -2.1497
4.55775 0.997146
4.55759 0.9769
4.56042 1.1039
4.85472 -1.06325
4.85735 -1.07173
4.90433 -1.22207
4.90153 -1.21341
4.57039 0.471955
4.57128 0.459301
4.58045 0.32885
4.60749 0.0792117
4.60567 0.0933538
4.56393 0.589722
4.76121 2.48686
4.75398 2.46333
7.6133 1.75398
7.6183 1.74231
6.9774 2.71868
7.02123 2.67379
7.27114 -1.13933
7.25986 -1.15425
7.85004 0.81231
7.84671 0.849609
5.88458 -2.21254
5.85237 -2.22061
4.5597 1.0404
4.55979 1.08484
4.92483 -1.28365
4.94391 -1.33923
4.68087 -0.368313
4.67881 -0.357629
4.76576 -0.742297
4.77508 -0.778671
5.3527 -2.09839
5.36562 -2.10911
4.5685 0.524497
4.56465 0.57348
4.66169 2.07147
4.67239 2.12731
4.86131 2.76163
4.83311 2.69511
7.64528 1.67496
7.65196 1.658
7.61167 -0.565772
7.60863 -0.57248
5.69744 -2.23743
5.75804 -2.2358
4.62414 1.84225
4.62835 1.87233
5.42588 -2.15684
5.41383 -2.14939
5.29171 -2.03368
5.26591 -2.00364
7.27778 -1.13039
6.27101 -2.04366
6.48918 -1.90305
6.58404 -1.83253
4.96655 2.96517
4.97755 2.98257
4.57134 1.34917
4.56875 1.30732
4.61053 1.74399
4.58099 0.322773
4.58647 0.263601
4.55621 0.828764
4.55643 0.80682
5.67137 -2.23791
5.40378 3.34637
5.5004 3.37517
5.07747 3.11642
5.01339 3.03608
7.84735 0.292706
7.83181 0.166576
5.05179 -1.61991
5.01488 -1.52857
5.1258 -1.77734
5.16938 -1.8564
4.64085 1.955
4.66034 2.06364
7.49608 -0.792536
7.58494 -0.621809
7.52843 1.93791
7.60791 1.76653
4.68671 2.19647
4.71347 2.30922
4.82378 2.67096
4.82136 2.66414
7.09881 2.58758
7.10205 2.58384
6.86255 -1.595
6.89345 -1.56636
7.37426 -0.992271
7.40929 -0.938985
7.44636 2.0921
7.48461 2.02343
7.27971 2.35562
7.33865 2.26815
7.68342 1.5739
7.70816 1.50144
7.78086 1.24018
7.74029 1.39701
7.8571 0.691944
7.85428 0.755235
7.80997 0.0433637
7.78145 -0.0836928
5.20578 3.23725
5.25149 3.26929
5.60571 3.39104
7.85781 0.431482
4.94707 -1.3483
4.99499 -1.47644
5.09088 -1.70462
4.72581 -0.57472
4.74294 -0.647911
5.49205 -2.195
5.4415 -2.16582
5.19625 -1.90333
5.10135 -1.72633
4.63793 1.93633
4.68443 2.18675
4.67652 2.14843
7.47067 -0.8373
6.6897 -1.74894
6.68103 -1.75588
6.67312 -1.76224
7.35724 -1.01774
7.30118 -1.09817
7.86065 0.533609
5.98559 -2.1807
4.68664 -0.396746
5.26344 -2.00018
4.72227 2.34352
4.7441 2.42768
7.84457 0.870155
7.83255 0.967239
4.64287 -0.157983
4.83111 -0.981859
4.76357 2.49414
4.79041 2.57755
7.17451 2.49565
7.09285 2.59444
7.82919 0.988634
7.78898 1.20525
7.22417 2.43131
7.52217 1.95022
7.43938 2.10434
7.36518 2.22675
7.73747 1.40654
7.68166 1.57892
4.57268 1.36762
5.54671 -2.21514
5.91631 -2.20308
4.82702 -0.967257
4.55624 0.871021
4.56404 1.2143
4.56538 1.2467
4.55896 0.700269
4.55762 0.740832
7.121 -1.32546
7.852 0.792788
4.59631 1.6277
4.5939 1.60561
5.38777 -2.12839
5.33841 -2.08584
5.81328 3.38703
5.80011 3.38818
7.67965 1.5845
7.61488 -0.558885
5.00828 3.0288
4.63475 1.9146
5.30944 -2.05344
4.59343 0.19677
4.99872 3.01431
4.94848 2.93529
6.29152 -2.032
5.32062 -2.06685
4.61985 -0.0128949
5.64458 3.39397
5.00596 3.02507
4.5681 1.29488
4.56724 1.28087
4.58188 1.48723
4.58669 0.261033
4.55684 0.78529
4.55712 0.764247
4.92096 2.88625
5.66412 3.39505
6.58911 -1.82887
4.55738 0.956441
4.56286 1.18467
4.87902 -1.14183
4.55998 0.674122
7.04149 2.65176
6.49004 3.1202
4.60043 1.66439
4.58904 1.55743
7.63467 -0.51405
