6.45094 -0.242656
6.40006 -0.273255
5.67116 0.296249
5.66872 0.3068
6.82931 0.713727
6.82973 0.708989
6.79134 0.298679
6.7633 0.203736
6.22695 -0.330812
6.19034 -0.328963
6.61086 -0.0845754
6.59296 -0.109138
5.65891 1.06879
5.64101 0.960806
5.65988 1.07356
5.68718 1.17608
5.95023 -0.233109
6.02633 -0.288471
5.81845 -0.0762822
5.83299 -0.100804
5.72993 0.106477
5.71729 0.142161
5.63391 0.53466
5.63395 0.534238
5.8951 1.53868
5.90167 1.54606
6.00729 1.61235
6.00376 1.61151
6.44393 1.52453
6.4307 1.53628
6.18792 1.63655
6.28966 1.6135
6.57527 1.39512
6.59245 1.37366
6.83036 0.556658
6.8221 0.463224
6.80641 0.885919
6.80464 0.894277
6.83044 0.647311
6.83214 0.609571
6.71277 0.0800776
6.73041 0.119278
6.42276 1.54247
6.31505 1.60198
6.6639 1.26451
6.64177 1.30301
5.79774 1.42208
5.80823 1.43877
6.52124 1.4541
6.16764 1.64094
6.78498 0.972879
6.77882 0.995384
6.81663 0.824882
6.80883 0.874925
6.73027 1.13383
6.70201 1.19587
5.72244 1.2762
5.75066 1.34071
5.64194 0.474178
5.64677 0.436429
6.1575 1.64016
5.62525 0.749942
5.62444 0.727256
6.82027 0.800058
5.63358 0.538293
5.62863 0.596706
6.33553 -0.304844
6.5065 -0.197123
5.87866 -0.158039
5.92718 -0.21485
5.66746 0.312638
5.69746 0.205577
6.75677 0.184688
6.80008 0.335653
6.12458 -0.323788
6.25971 -0.324707
6.57602 -0.129126
6.04363 -0.295312
6.6596 -0.0139593
5.80042 -0.0440721
5.77101 0.0129967
5.74528 0.0659792
6.70521 0.0655479
5.65021 0.413834
5.90633 1.54992
5.83101 1.46911
6.00117 1.61039
6.08696 1.63396
6.81657 0.421975
6.83149 0.587077
6.83003 0.705406
5.78657 1.40391
6.7713 1.02273
6.7936 0.939192
5.9524 1.58255
6.61589 1.34142
6.75808 1.06347
6.68797 1.22379
5.65936 1.07137
5.63873 0.501771
5.62448 0.721799
5.62904 0.84631
5.62815 0.603073
5.70473 1.22685
5.62685 0.66087
5.63794 0.927964
5.63185 0.876228
5.768 1.3735
6.76342 1.04774
