6.26372 -2.43755
6.27797 -2.42756
4.71345 -1.6045
4.72747 -1.6552
4.91527 3.57994
4.92561 3.59001
8.06952 0.191958
8.07355 0.22311
4.32234 1.35818
4.3199 1.32678
4.31024 0.950706
4.31034 0.97719
4.31136 0.850189
4.3107 0.813441
4.32645 1.44835
4.32877 1.48617
5.74691 3.78921
5.8361 3.76812
4.32581 0.426401
4.3234 0.463335
5.55114 3.81256
5.52397 3.81283
4.38561 2.06083
4.3913 2.11055
4.37221 -0.0438978
4.35845 0.0668329
4.61367 3.08523
4.61883 3.10006
7.11154 2.94748
7.12694 2.93132
6.91666 -1.90033
6.85523 -1.9589
7.21019 -1.59783
7.19437 -1.61559
4.84278 -2.06147
4.81724 -1.97465
4.91162 -2.26838
4.92108 -2.29739
5.30139 -2.85249
5.34999 -2.86269
5.23619 -2.82855
5.26112 -2.83989
4.98981 -2.48089
4.99586 -2.49453
5.06844 -2.64275
5.08309 -2.66662
5.19214 -2.79845
5.18325 -2.78943
5.58454 -2.8261
5.62706 -2.80941
5.78591 -2.73653
5.81597 -2.72199
8.00472 -0.156264
8.00665 -0.149254
7.93698 -0.384133
7.93053 -0.402358
5.92881 -2.65801
5.93787 -2.65295
8.08267 0.324469
8.0803 0.294793
8.04974 0.0569631
8.04094 0.00660904
8.02235 -0.080888
8.03498 -0.0251174
6.65717 3.34964
6.68349 3.33033
6.8676 3.17934
6.88994 3.16026
5.89286 3.75308
5.97164 3.72724
4.37535 1.99103
4.36819 1.93356
4.39606 2.14077
4.40937 2.22874
7.73423 -0.849998
7.69354 -0.924838
7.84552 -0.617845
7.80567 -0.706823
6.19695 3.63367
6.17237 3.64446
6.43168 3.50409
6.44506 3.49581
7.08695 2.97291
7.58484 -1.10611
7.59969 -1.08308
6.74654 -2.05588
6.6605 -2.13009
7.12159 -1.69574
7.04638 -1.77304
8.08155 0.788029
8.08733 0.717572
6.03707 -2.59167
6.05178 -2.58252
5.05175 3.68726
5.01234 3.66143
4.87686 3.54127
4.84386 3.50269
8.09129 0.490828
8.08715 0.389939
4.58236 -1.09261
4.56918 -1.03938
4.34174 1.66689
4.33758 1.61447
4.31568 0.624286
4.31682 0.593743
4.56024 2.92887
4.57486 2.9758
7.31148 -1.47989
7.28572 -1.51087
5.98845 -2.62227
5.94256 -2.65036
4.51711 -0.81454
4.53562 -0.896295
4.313 1.13228
4.31223 1.10419
7.14076 -1.67524
7.14795 -1.66744
6.19496 -2.4857
4.61935 -1.23924
4.6046 -1.18102
5.64861 3.80554
5.70393 3.79654
5.85159 3.76464
4.46871 -0.595535
4.47101 -0.606483
4.42986 -0.394499
4.41631 -0.321992
4.42417 2.31539
4.42821 2.34646
4.38208 -0.11298
4.39089 -0.172024
7.74971 2.01066
7.72455 2.0631
7.83561 1.81544
7.81483 1.86571
4.49979 2.70478
4.4872 2.65233
4.4412 2.41848
4.44624 2.44943
5.1168 3.72429
5.14268 3.73591
5.19681 3.75842
5.24757 3.7759
8.00713 1.27456
8.01587 1.23483
8.05369 1.0277
8.06285 0.962948
7.45954 2.51856
7.44844 2.5345
7.33193 2.69242
7.31561 2.71292
7.40359 -1.36433
7.37735 -1.39875
6.83312 -1.97841
6.95129 -1.86795
7.63827 2.22838
7.65449 2.19901
7.55907 2.3657
7.56062 2.36316
4.72913 3.33383
4.74993 3.37094
4.66991 3.21984
4.67521 3.23232
4.88526 -2.19377
4.86216 -2.11934
7.90391 1.6343
7.89241 1.6674
7.95758 1.46697
7.95197 1.48641
5.38847 -2.86319
5.71134 -2.77394
5.697 -2.78089
5.65226 -2.79853
5.54103 -2.83839
6.47155 -2.28241
6.47227 -2.28185
7.97381 -0.266295
7.97666 -0.25699
7.94211 -0.368949
6.63383 3.36735
6.56611 3.41523
6.70807 3.31126
6.68542 3.32886
6.79245 3.24303
6.81626 3.2234
6.0125 3.71131
5.98834 3.72072
5.86002 3.76274
4.37615 1.99719
4.36081 1.87063
4.36229 1.88355
4.41744 2.27884
6.08412 3.68406
6.27872 3.5924
6.24991 3.60705
6.41993 3.51156
6.31591 3.57243
6.47514 3.4767
6.50593 3.45633
7.18682 2.86641
6.65711 -2.13279
6.75825 -2.04607
6.99716 -1.82166
8.08817 0.699641
8.07809 0.832187
6.34305 -2.38003
6.34388 -2.37944
6.5596 -2.21266
6.59714 -2.18206
4.64226 3.15941
4.64444 3.1641
8.08518 0.354388
8.0919 0.519298
4.5556 -0.981846
4.56529 -1.02348
4.53663 2.85122
4.53491 2.84528
4.5025 -0.751269
4.51088 -0.787069
4.53955 -0.913242
6.13437 -2.52737
6.11083 -2.54292
4.64226 -1.33099
4.63449 -1.29923
4.67001 -1.44164
4.6641 -1.41731
5.09203 -2.68178
5.09879 -2.69358
5.00766 -2.52202
5.01926 -2.55008
8.06048 0.124781
8.05661 0.0967962
4.78187 -1.85221
4.7673 -1.80342
4.54254 -0.926244
4.55433 -0.976313
4.31343 0.723186
4.31158 0.759423
4.49256 -0.706772
4.36068 1.8692
4.35439 1.80633
4.9837 -2.46806
4.9628 -2.41371
4.34192 0.225736
4.33443 0.310457
4.63802 3.14915
7.18975 2.86317
7.19084 2.86194
8.07429 0.864936
7.47758 -1.26521
7.4842 -1.25609
5.47422 -2.85459
4.80218 -1.92611
4.78722 -1.87096
8.09088 0.62629
5.41883 -2.86309
5.04657 -2.60309
5.03399 -2.57809
7.88083 -0.532774
7.86808 -0.564819
6.99388 3.06377
7.03194 3.02758
4.82608 3.48084
8.09145 0.606168
4.34863 1.74875
4.34812 1.74273
4.31689 1.23118
4.31707 1.26423
6.73682 3.28886
6.7391 3.287
4.37704 2.00416
6.94062 3.11451
6.94614 3.10933
6.16585 -2.50639
4.73781 -1.69523
4.69483 -1.53586
8.07688 0.258507
8.065 0.157027
4.31936 1.29468
4.32317 1.38768
4.31065 1.01396
4.31036 0.91369
4.31185 0.786688
4.31043 0.887095
4.33015 1.50879
4.32511 1.42202
4.44955 -0.499271
4.44254 -0.463549
4.32168 0.494194
4.32764 0.398115
5.46626 3.81216
5.6324 3.80735
4.3557 0.0917583
4.37347 -0.0532761
7.79309 -0.733279
7.75122 -0.817727
7.79443 1.91288
7.77077 1.96586
4.46734 2.55966
4.46554 2.55162
4.59601 3.03799
5.30635 3.79089
5.31735 3.79367
8.03231 1.15301
8.04249 1.09692
7.39651 2.60784
7.38459 2.62383
7.53531 -1.18203
7.52667 -1.19478
7.1576 -1.65709
7.24048 -1.56352
4.69785 3.27632
4.71085 3.30304
5.46379 -2.85731
5.14229 -2.75108
5.11897 -2.71959
5.20051 -2.80378
5.74062 -2.75905
5.85462 -2.69993
4.68877 -1.514
4.75973 -1.77438
8.03765 -0.0113595
8.00841 -0.142405
7.6688 -0.968028
7.85673 -0.591916
7.63297 -1.02854
7.55264 -1.15614
7.49931 -1.23447
6.36942 -2.36035
6.40734 -2.33195
6.08571 -2.55995
6.02521 -2.59894
5.00132 3.65293
5.06257 3.69455
5.42009 3.80874
4.56869 -1.03743
4.58482 -1.10243
4.33642 1.59783
4.34262 1.67863
4.31827 0.560745
4.3146 0.65893
4.58558 3.00619
4.55511 2.91351
7.26182 -1.53872
7.33002 -1.45759
4.31151 1.06791
4.31412 1.16769
4.59618 -1.14768
4.31095 1.04069
4.33294 1.55032
4.41056 -0.289497
4.33062 0.358187
4.31974 0.528545
4.39239 -0.181801
4.34555 0.188138
7.70169 2.10875
7.85676 1.7627
7.87365 1.71829
7.67645 2.15782
4.51066 2.75192
4.46163 2.53219
4.52091 2.79201
5.1085 3.71976
5.1807 3.75281
5.33146 3.79606
7.26635 2.77397
7.24836 2.79556
7.98249 1.37699
8.07101 0.898379
7.97844 1.39263
7.50862 2.44499
7.35911 -1.42136
7.43138 -1.32814
7.51735 2.43151
7.5523 2.37659
7.6087 2.28114
7.5992 2.29775
4.76446 3.39256
4.79254 3.43594
4.65123 3.1792
4.80938 -1.94943
4.89738 -2.22768
4.92936 -2.32344
4.94603 -2.36721
7.92312 1.57782
7.93206 1.55051
6.89652 3.15435
6.30893 3.57657
6.5302 3.44068
6.40843 -2.33109
6.28044 -2.42588
6.53529 -2.23244
6.53434 -2.23321
4.96471 3.62477
4.34759 1.73628
4.31372 0.688193
4.53717 2.85296
4.31508 1.19698
5.02601 -2.56295
5.71853 -2.77011
5.0575 -2.62556
7.89288 -0.503422
6.31216 3.57466
5.3902 3.80585
4.95303 -2.38918
5.46881 -2.85624
6.83906 3.2044
4.36784 1.93097
4.8524 -2.08847
5.66939 -2.79236
6.47083 -2.283
6.96798 3.0885
6.76404 3.26644
7.90313 -0.476765
6.5469 3.42884
