5.97303 2.49917
5.88575 2.49216
6.18399 2.4688
6.24012 2.44919
6.99933 -0.558282
7.02162 -0.524168
7.24827 1.24436
7.25237 1.2316
7.33329 0.823555
7.3308 0.849779
5.16463 1.50643
5.18102 1.58241
5.48025 2.25698
5.49237 2.2695
7.29381 0.131134
7.28767 0.104238
5.17063 0.0321657
5.1653 0.0593011
5.09832 0.734444
5.09873 0.709999
5.13353 0.250339
5.13275 0.256373
6.78395 2.0715
6.74984 2.10692
5.86027 2.48881
5.76696 2.46343
6.39932 2.37941
6.43434 2.35844
6.7382 -0.874016
6.7306 -0.881192
6.9108 -0.680366
6.88591 -0.712162
5.11117 1.1289
5.11257 1.14958
7.31489 0.963675
7.31243 0.978137
5.27752 -0.383882
5.27247 -0.367793
5.37009 -0.625694
5.34938 -0.576268
5.43499 -0.756213
5.41218 -0.711561
5.53807 -0.921647
5.54649 -0.933531
5.21645 1.72261
5.20858 1.69486
5.12694 1.28112
5.12816 1.28973
6.2961 -1.16774
6.35684 -1.14098
6.10368 -1.21442
6.1269 -1.21037
5.28458 1.91942
5.27618 1.89693
5.36982 2.09634
5.38443 2.12187
5.63025 2.39206
5.5702 2.34734
6.56221 -1.02042
6.49642 -1.06642
7.00006 1.78827
7.01374 1.76599
7.10712 1.59846
7.15505 1.49884
5.72853 -1.11457
5.67472 -1.0708
5.9141 -1.20117
5.88249 -1.19091
7.12001 -0.350687
7.13238 -0.326449
7.22606 -0.10414
7.22016 -0.120922
5.10873 0.496431
5.10613 0.533843
7.33214 0.353906
7.33414 0.371759
6.6764 2.17896
6.67214 2.18271
6.81019 2.04239
6.83126 2.01751
7.34574 0.604154
7.34588 0.591694
7.30246 1.02623
7.29872 1.04709
6.55725 2.27637
6.59489 2.24836
7.32655 0.881739
7.32436 0.900096
7.31137 0.984499
5.25676 -0.316652
5.20782 -0.141414
5.2053 -0.130646
5.09964 0.929407
5.09916 0.905446
7.28294 1.11689
7.28664 1.10249
6.89336 1.94083
6.9075 1.9225
7.337 0.781462
7.33997 0.745242
6.50869 2.31164
6.46602 2.33825
5.18664 -0.0470656
5.19092 -0.0673235
5.09749 0.815272
5.09789 0.865223
5.10369 1.01413
5.29418 -0.432697
5.29641 -0.438881
5.2471 -0.284639
5.23887 -0.255608
6.04991 2.49451
5.86929 2.49083
6.09595 2.48815
6.29112 2.43128
7.03829 -0.49691
6.95592 -0.620256
7.34467 0.498265
7.34531 0.523861
5.31191 -0.480927
5.33266 -0.53437
5.48401 -0.84032
5.45712 -0.797347
5.1885 1.61584
5.15093 1.43398
6.19912 -1.19785
6.24914 -1.18235
5.32492 2.00935
5.35467 2.06723
5.54949 2.32824
5.47589 2.25197
6.64894 -0.953299
6.61481 -0.981943
7.09059 1.63052
7.07036 1.66839
5.82062 -1.16793
5.76558 -1.13732
7.17706 -0.231344
7.17922 -0.226544
7.31312 0.224853
7.26388 0.0146574
5.15539 0.110871
5.1781 -0.00401116
5.09964 0.668367
5.0981 0.775166
5.13812 0.218551
5.11942 0.372416
5.73414 2.44933
6.07791 2.49206
5.66669 2.41605
6.86468 -0.737827
6.81003 -0.798397
6.71257 -0.897364
7.08152 -0.422463
7.15559 1.49764
7.19037 1.41389
5.39092 -0.669368
5.52521 -0.902376
5.60121 -0.997959
5.63801 -1.0384
5.14397 1.39495
5.22089 1.73641
5.25015 1.82567
5.12221 1.24235
6.39461 -1.12415
6.05715 -1.21584
5.29652 1.94857
5.42207 2.17857
6.46801 -1.08299
6.97396 1.82833
6.94073 1.87641
7.05518 1.69522
6.00884 -1.21599
5.96328 -1.20875
7.17944 -0.226049
7.25651 -0.0108564
7.17967 -0.225461
7.31661 0.245511
5.15196 0.130716
5.10037 0.644808
5.11702 0.396604
5.10141 0.622365
5.11821 0.383778
7.34437 0.490141
6.63745 2.21193
6.68188 2.17429
7.34463 0.494729
7.34266 0.688494
7.2229 1.32355
7.21905 1.33429
7.2787 1.13599
7.26704 1.17816
7.29251 1.07432
5.21887 -0.183916
5.22585 -0.210368
6.71249 2.14416
6.60197 2.2424
6.91915 1.9069
6.86715 1.97443
7.34142 0.723829
5.09746 0.800233
5.09812 0.880681
6.32549 2.41582
5.28575 -0.409455
6.93255 1.88786
5.11358 1.16492
7.24503 1.25514
6.36126 2.39806
6.38091 2.3889
7.19092 1.41255
5.19383 -0.080589
6.84237 2.0045
5.23257 -0.234647
