7.5301 0.0318954
7.53294 0.0438534
7.50425 1.25379
7.5005 1.26861
5.67754 -1.62868
5.69743 -1.63671
5.1507 -0.913195
5.15257 -0.918136
4.8408 0.780669
4.8391 0.828978
7.16136 -0.801033
7.1419 -0.829814
6.96308 -1.05683
6.98155 -1.03605
5.94469 2.9208
5.94538 2.92075
7.19751 1.96964
7.20672 1.95486
6.34584 2.79324
6.33069 2.80158
7.55233 0.140251
7.56326 0.204246
7.50292 -0.0727984
7.49665 -0.0962265
7.33554 -0.504126
7.32941 -0.51689
7.37429 1.62664
7.35179 1.67733
7.4419 1.45288
7.42162 1.50824
5.53621 2.85276
5.62354 2.88838
5.34027 2.70985
5.41366 2.77443
5.44217 -1.43824
5.42857 -1.42349
5.32677 -1.27779
5.31911 -1.26463
4.84718 1.12592
4.85168 1.20523
4.86927 1.40266
4.87361 1.44281
5.8636 -1.67805
5.84719 -1.67544
5.01935 -0.511847
5.03 -0.550026
5.08283 -0.723461
5.09195 -0.749781
5.51307 -1.51496
5.56429 -1.55735
5.22835 -1.09268
5.22016 -1.07421
4.95201 1.89346
4.9761 1.99042
4.90665 1.67311
4.90987 1.69011
4.88995 0.111608
4.88495 0.148235
4.85858 0.389474
4.85574 0.417001
4.84139 0.697054
4.84272 0.650336
4.83943 0.862851
4.84045 0.958664
5.26425 2.62297
5.30277 2.66769
5.15783 2.4614
5.15507 2.45645
5.07453 2.28531
5.08089 2.29945
6.24645 -1.60497
6.24963 -1.60342
6.05245 -1.66558
6.01661 -1.66998
5.0082 2.09798
4.98422 2.02049
6.83868 -1.18894
6.86585 -1.16225
6.15555 2.87393
6.13454 2.87969
5.6393 2.89444
5.73831 2.91645
6.64195 -1.3636
6.66901 -1.34127
6.44312 -1.50283
6.46509 -1.4885
7.58762 0.420995
7.58488 0.380499
7.59359 0.604979
7.59369 0.592586
6.62936 2.61339
6.61004 2.62817
7.57438 0.890873
7.57026 0.925914
4.98969 -0.402642
4.97072 -0.32122
4.9269 -0.113348
4.93164 -0.137759
7.07551 -0.918058
7.10982 -0.874263
7.18452 -0.766326
7.22414 -0.70397
7.24978 1.88101
7.24909 1.88227
7.55241 1.03544
7.54599 1.07398
6.73745 2.52449
6.74753 2.51535
6.91336 2.35034
6.89029 2.37508
7.13768 2.06204
7.11346 2.09796
6.99632 2.25348
7.01134 2.23535
7.48146 -0.143544
7.46448 -0.197061
7.44162 -0.261172
7.4446 -0.252964
7.39954 -0.366077
7.41811 -0.321917
7.3457 -0.483463
7.3045 -0.565722
7.3046 -0.565544
7.40924 1.54109
7.45224 1.42354
4.84446 1.08427
4.85599 1.2629
4.86403 0.32514
4.86715 0.293524
4.84082 0.715518
4.8412 0.993969
6.54497 2.67513
6.56422 2.66244
7.53449 1.12616
7.54213 1.0933
7.5865 0.771553
7.58147 0.830963
4.96234 -0.284436
4.9951 -0.423797
7.38842 1.59285
7.47299 1.36283
7.46147 1.39721
4.84383 1.04006
4.99795 -0.434426
6.42392 2.75178
6.43878 2.74287
4.85876 1.29621
4.84025 0.733239
4.85093 0.479253
4.8498 0.496114
7.54221 0.0895573
7.52733 0.0193498
5.43754 2.7928
5.51544 2.8416
5.42286 -1.41671
5.3715 -1.34526
4.8613 1.32481
7.59194 0.69227
7.59186 0.697679
4.94811 -0.217672
4.95393 -0.24529
5.06964 -0.684203
5.05155 -0.624694
5.18882 -1.00332
5.1494 -0.909686
4.92801 1.78414
4.93987 1.83849
6.50084 2.70476
6.5251 2.68881
6.82115 2.44666
6.80154 2.4651
5.20838 2.54385
5.16134 2.46711
6.14877 -1.64122
6.14027 -1.64326
7.11906 -0.861167
7.16885 -0.790256
6.99926 -1.01525
6.91187 -1.11357
6.19444 2.8598
6.26166 2.83384
5.9461 2.92062
5.84147 2.92473
6.54199 -1.43802
6.57051 -1.41699
7.04255 2.19587
7.06387 2.16761
7.59175 0.513416
7.59096 0.485487
6.28912 2.82085
6.38521 2.77306
7.26549 -0.635181
7.27829 -0.612978
7.57236 0.265806
7.33706 1.70952
5.63605 2.89351
5.32803 2.69713
7.57973 0.327165
5.49528 -1.49676
5.31227 -1.25201
4.88656 1.54491
4.88846 1.55933
4.88757 1.55287
4.89692 1.61479
5.87253 -1.67796
5.76926 -1.66173
5.58878 -1.57667
5.66709 -1.62287
7.59156 0.705542
5.04129 -0.589633
5.01304 -0.489016
5.11695 -0.820651
5.2725 -1.17947
5.23788 -1.1134
4.97872 2.00104
4.90583 0.00489787
4.8744 0.232682
5.24635 2.59991
5.11444 2.37445
5.06708 2.26715
6.3453 -1.55837
6.21469 -1.61692
5.95744 -1.67836
5.02361 2.1443
6.79782 -1.22794
7.03203 -0.975128
7.30417 -0.566344
6.27364 2.82846
6.05016 2.9024
5.77499 2.92062
6.74307 -1.27895
6.35135 -1.55493
6.76161 -1.26195
7.59281 0.663192
6.58773 2.64462
6.65053 2.59759
4.91466 -0.0476588
6.4785 2.7194
7.04689 -0.955888
4.90788 -0.0079505
7.52531 1.17123
7.5263 1.16691
7.4861 1.3188
7.54392 1.08359
7.55907 1.00069
6.825 2.44294
6.66979 2.58138
6.95615 2.30138
7.07206 2.15621
7.16104 2.02702
7.46109 -0.207247
7.44129 -0.262049
7.42119 -0.314198
7.39263 -0.382246
4.86756 0.289432
4.86112 0.355075
4.85484 0.42776
4.84397 0.605307
4.84583 0.56381
7.57954 0.849644
7.56516 0.96257
7.28434 1.81641
7.29759 1.79086
5.72959 -1.64936
4.87132 0.258965
5.03921 2.1933
7.32041 1.74489
7.50741 1.24219
5.67301 -1.62636
7.21264 1.94486
4.86078 0.358858
4.84308 0.63076
7.31313 1.76028
7.25075 1.87927
7.24495 1.88951
7.37714 -0.417265
7.3652 -0.442964
4.84862 0.519938
4.84703 0.542036
