6.09325 0.984836
6.14666 1.0352
6.00112 0.778797
5.99748 0.741809
6.46422 0.531528
6.46558 0.535719
6.4063 0.908664
6.36997 0.953992
6.45566 0.757168
6.44054 0.828807
6.00817 0.517742
6.01047 0.503579
6.35401 0.320529
6.33933 0.304079
6.30424 1.01569
6.28213 1.03433
6.24518 1.04154
6.0281 0.899499
5.9953 0.658165
6.02378 0.887163
6.47148 0.650922
6.42524 0.419316
6.05071 0.411244
6.01709 0.481997
6.27258 1.04087
6.42935 0.857442
6.02502 0.891516
5.99821 0.611853
6.47202 0.67145
6.3952 0.376953
6.10186 0.326121
6.29671 0.283506
6.27763 0.270523
6.19545 0.263029
6.20185 0.259653
6.21445 0.26071
6.11136 0.319496
