7.61123 0.0480816
7.61843 0.0783727
7.48167 -0.370819
7.46448 -0.411
7.58077 1.25661
7.57765 1.26893
4.77841 1.31046
4.7824 1.35999
5.00403 -0.766974
4.97395 -0.67014
4.87314 -0.259463
4.86567 -0.221384
5.06818 -0.958764
5.07856 -0.986144
6.6299 2.72993
6.61918 2.73796
6.90336 2.4854
6.96203 2.42137
4.78643 0.311777
4.79157 0.260263
4.76173 0.781955
4.76049 0.817092
5.06366 2.52049
5.07755 2.54608
4.96446 2.28137
4.98612 2.34079
6.18614 -1.75546
6.23127 -1.73864
7.19605 -0.891038
7.17892 -0.916378
6.22702 2.9648
6.14818 2.99485
5.93769 3.04674
5.92114 3.04806
6.62702 -1.49505
6.55862 -1.54551
7.13188 2.21191
7.08014 2.27975
7.66521 0.450102
7.66788 0.521844
7.65112 0.88293
7.65446 0.851587
7.55865 -0.15427
7.52897 -0.244554
7.43146 -0.484988
7.4226 -0.503469
5.32992 2.8796
5.29585 2.84835
5.52715 3.00133
5.49384 2.98618
7.656 0.329668
7.64345 0.223491
5.3307 -1.50217
5.31685 -1.48091
5.21081 -1.29435
5.22072 -1.3152
4.81444 1.63164
4.82812 1.71962
4.86731 1.9275
4.87087 1.94507
5.73672 -1.81381
5.72119 -1.80886
5.84024 -1.82739
5.87903 -1.82725
5.57599 -1.74708
5.62013 -1.77164
4.97215 -0.664067
4.94608 -0.566899
5.13935 -1.14182
5.13747 -1.13758
4.80888 0.1155
4.8153 0.0683389
5.16092 2.68781
5.1406 2.65764
4.92807 2.16193
4.90396 2.0797
6.03654 -1.8057
6.07608 -1.79467
7.02442 -1.11476
7.02164 -1.11805
6.33432 2.91509
6.37914 2.89204
5.77045 3.05399
5.73008 3.05145
6.42828 -1.6335
6.34056 -1.68412
6.8299 -1.32018
6.75144 -1.39151
7.28621 -0.754233
7.3055 -0.722424
7.66782 0.632827
7.66854 0.545543
7.43507 1.67841
7.43011 1.68997
4.89516 -0.362945
4.89574 -0.365444
6.55523 2.78394
6.49989 2.82034
6.85817 -1.29208
6.91418 -1.23496
7.31486 1.923
7.30789 1.93579
7.47016 1.59397
7.49895 1.51816
4.76138 0.947695
4.76182 1.00537
4.77582 0.435717
4.77251 0.478329
4.85313 -0.154872
4.8392 -0.0796781
7.48445 -0.363926
7.60832 1.14179
7.59615 1.19386
7.55898 1.33688
7.55639 1.3455
6.82374 2.56453
6.85967 2.52917
6.97603 -1.16958
6.98589 -1.15868
7.35527 1.84759
7.35542 1.84731
7.13264 2.21087
7.18069 2.14135
7.66184 0.764387
7.65834 0.811013
7.52203 -0.264294
7.56694 -0.126489
7.43714 -0.473438
4.77126 1.21029
4.76712 1.12928
5.67579 -1.79566
5.56844 -1.74318
4.78366 0.340964
4.77937 0.390763
4.76544 0.613184
4.76417 0.651614
4.76065 0.877162
5.02306 2.43179
5.00298 2.3816
6.71004 2.66545
6.72809 2.65086
7.63797 0.979037
7.63321 1.0102
4.89388 -0.357342
4.91974 -0.465408
7.28396 1.97741
7.25519 2.026
4.7638 1.04016
4.76432 1.0764
4.77382 1.25055
5.98741 -1.81572
5.963 -1.81965
5.74514 -1.81589
5.7648 -1.818
6.67028 2.69789
6.69507 2.6779
4.79267 0.250352
4.79872 0.194996
4.76771 0.561103
4.76979 0.521221
4.76318 0.688563
4.76131 0.746239
7.08572 -1.03955
7.11061 -1.00912
6.95717 -1.19055
7.66484 0.722581
7.66629 0.690858
7.36242 -0.622214
7.35589 -0.634475
5.53286 -1.7176
5.50367 -1.69514
5.4009 -1.59331
5.39347 -1.58392
5.05074 2.49435
6.30769 2.92896
6.25899 2.95168
4.79498 1.48831
4.7953 1.49111
5.88876 -1.82693
5.90336 -1.8257
5.46206 -1.65793
5.4869 -1.68227
4.95306 2.24736
4.94709 2.2272
7.52914 1.43353
7.53057 1.42948
7.5755 -0.0967076
4.9249 -0.485825
7.62332 0.105739
7.60491 0.0193944
5.4279 2.95082
5.38601 2.92281
5.3023 -1.45669
5.26686 -1.39905
4.78326 1.37023
4.77723 1.29584
4.84824 1.83308
4.84385 1.80919
5.02411 -0.829953
4.97328 -0.667919
5.41312 -1.60824
5.44382 -1.63928
5.10306 -1.05068
5.05373 -0.919673
6.58779 2.76086
6.64135 2.72158
6.99211 2.38751
6.89479 2.49418
5.10967 2.60579
6.23955 -1.73437
6.13336 -1.777
7.15345 -0.950394
7.23718 -0.831904
6.1086 3.00661
6.25434 2.95386
5.95337 3.04406
5.83353 3.05501
6.52716 -1.5686
6.65774 -1.47017
7.05679 2.30899
7.13209 2.21163
7.66845 0.542192
7.6647 0.439142
6.40052 2.8798
6.43467 2.86105
7.64028 0.20222
5.23346 2.78331
5.62577 3.03443
5.62743 3.03488
5.21882 2.76566
7.6586 0.356749
5.23424 -1.34185
5.37365 -1.55928
5.17913 -1.22902
4.79495 1.48802
4.81035 1.60479
4.80312 1.55248
4.83843 1.77805
4.8814 1.99201
4.93268 -0.516331
5.03123 -0.852053
5.03537 -0.865701
5.14106 -1.14553
4.8967 2.05403
4.81659 0.0597076
4.7994 0.189206
5.19527 2.73386
6.33034 -1.69012
7.01626 -1.12436
7.06631 -1.06406
6.31961 2.92298
6.06801 3.019
5.63177 3.03558
6.04263 3.0258
5.62836 3.03505
6.7279 -1.41252
6.45332 -1.61709
6.84036 -1.30995
7.33287 -0.674934
7.24086 -0.826287
7.66753 0.65499
7.39679 1.76315
7.4657 1.60523
6.46955 2.84026
7.11807 -0.999278
4.83408 -0.0497291
7.61289 1.11974
7.58503 1.24095
7.54315 1.38905
7.6189 1.08635
7.62574 1.053
6.8154 2.57254
6.74878 2.63235
7.02635 2.34668
7.39151 1.77441
7.35427 1.84951
7.19596 2.11821
7.22743 2.06987
7.53173 1.42589
7.64363 0.940584
7.64942 0.898539
7.38843 -0.572138
7.37031 -0.607679
7.32003 1.91379
7.2472 2.03913
5.93778 -1.82328
6.01602 -1.80965
6.13311 -1.77707
5.49529 -1.68888
5.56322 -1.74003
7.59068 -0.0399495
5.65275 -1.78712
