7.65092 -0.240654
7.65795 -0.218822
7.57137 -0.45479
7.5703 -0.457289
7.75843 0.233777
7.76274 0.268241
4.64779 1.13585
4.64476 1.0735
5.10097 -1.43691
5.07916 -1.38797
5.04033 -1.29376
5.00888 -1.20897
4.67736 1.54652
4.67792 1.55191
4.71827 1.84613
4.72277 1.87277
6.08587 -1.99321
6.00335 -2.02353
4.6477 0.621621
4.65046 0.553293
7.09256 -1.2237
7.1169 -1.1953
6.6634 2.87469
6.73332 2.81963
6.46908 -1.78713
6.40602 -1.82956
6.8243 -1.5038
6.80718 -1.52025
7.36619 -0.848478
7.32003 -0.922236
7.43083 1.94926
7.39407 2.01783
7.67633 1.33115
7.68011 1.31681
7.71438 -0.011454
7.72024 0.0145856
5.31479 3.12761
5.29291 3.11227
5.51377 3.22067
5.53069 3.22513
5.12104 2.94878
5.12607 2.95489
5.14392 -1.53229
5.15922 -1.56193
4.65429 1.26917
4.65583 1.29528
4.68495 1.61519
4.68506 1.61607
5.88674 -2.04936
5.80388 -2.05986
5.6132 -2.03724
5.6136 -2.03742
4.87457 -0.792
4.8728 -0.78592
4.83206 -0.630491
4.81618 -0.567395
5.44554 -1.94668
5.4595 -1.95612
4.64297 0.748969
4.64221 0.783901
4.94933 2.66317
4.92375 2.60828
4.85497 2.42589
4.85412 2.42361
6.20833 -1.9407
6.22532 -1.93163
4.76099 2.0743
4.77294 2.12834
7.4552 -0.695718
7.48622 -0.635505
6.13945 3.17483
6.15508 3.16823
6.40184 3.05052
6.42048 3.04052
5.88626 3.24057
5.94669 3.22956
6.58543 2.93452
6.80735 2.75553
6.74751 2.80825
6.60489 -1.68992
6.68719 -1.62388
6.53946 -1.73748
6.5757 -1.71152
7.26641 -0.999475
7.31304 -0.93275
7.77904 0.492806
7.7786 0.476362
4.78318 -0.426315
4.78606 -0.439647
5.24928 -1.71927
5.29418 -1.78569
7.02056 -1.30783
6.95221 -1.37813
4.77685 2.14536
4.79843 2.22991
7.7785 0.674344
7.77601 0.72875
4.70437 0.0031183
4.70405 0.00526338
5.37091 -1.87806
5.39415 -1.89996
7.68481 -0.128078
7.61749 -0.337384
7.56872 -0.46089
7.57818 -0.437919
5.99155 -2.02611
6.10603 -1.98653
5.70743 -2.05699
5.61392 -2.03749
7.15159 -1.15294
7.16136 -1.14078
7.02676 -1.30118
7.02942 -1.29824
6.25272 3.12794
6.30926 3.09957
7.35303 2.08845
7.38609 2.03189
7.26958 2.22006
7.29489 2.18172
7.18183 2.34586
7.18248 2.34497
7.62427 1.49833
7.64822 1.42589
7.7163 1.16511
7.70024 1.23745
7.77044 0.806096
7.76649 0.851584
7.61301 -0.349465
6.57163 2.94396
6.51959 2.97873
4.66657 1.43814
4.66536 1.42359
5.90264 -2.0479
5.76612 -2.05812
5.52285 -1.99813
5.49229 -1.97861
4.85858 2.43621
6.21272 3.14494
6.3407 3.08421
6.82971 2.73603
6.38078 -1.8444
6.34739 -1.86459
6.90988 -1.42172
4.64274 0.94768
4.64228 0.9133
4.65015 1.19737
4.6489 1.16729
4.94375 -1.02282
4.94495 -1.0267
4.9479 -1.03584
4.97643 -1.11808
5.29668 -1.78942
4.66289 0.370249
4.65947 0.417241
4.68763 0.124583
4.68563 0.140141
4.64482 0.687269
4.64619 0.653534
4.83204 2.34936
4.83659 2.36538
6.91787 2.65108
6.94483 2.62433
7.06461 2.49284
7.06786 2.48904
7.74913 0.984545
7.74336 1.02465
6.17451 -1.9551
4.64469 1.0403
4.67141 1.48775
4.65283 0.523124
4.98273 2.73367
5.00934 2.78293
7.02536 -1.30273
7.48099 1.8488
7.51361 1.77928
5.76974 3.25104
5.80703 3.24906
6.86777 -1.46242
7.57723 1.6287
7.56225 1.66644
6.57869 2.9393
4.65735 1.31834
4.66036 1.35943
4.91596 -0.931639
4.8975 -0.870451
5.22611 -1.68314
5.22449 -1.68024
4.65383 0.49509
4.67101 0.279636
4.68063 0.185405
4.67794 0.210121
4.64315 1.00616
4.642 0.878492
4.64184 0.819616
5.87389 3.24296
5.86087 3.24466
6.08421 3.19384
6.07919 3.19532
6.85887 2.70905
4.76144 -0.322703
4.78202 -0.420974
4.70527 1.76112
4.70263 1.74441
4.73506 -0.18303
4.75259 -0.277446
5.29744 -1.79058
5.29891 -1.79268
4.75672 2.05274
4.74604 2.00098
5.66622 3.24875
5.65714 3.24756
5.41373 3.18315
5.4644 3.20205
5.20287 3.03773
5.19324 3.02756
7.77179 0.363434
7.74385 0.133579
5.04636 -1.30978
5.11777 -1.47568
4.72779 1.90318
4.71246 1.80859
4.81031 2.27338
4.81923 2.30621
6.77952 -1.54439
6.83723 -1.49179
7.31776 -0.925692
7.38924 -0.811088
7.39282 2.02007
7.43796 1.93561
7.2262 2.28363
7.24031 2.26342
7.59505 1.58222
7.69766 1.248
7.67577 1.33319
7.73953 0.109305
7.692 -0.101539
5.21712 3.05124
5.3997 3.17629
5.61477 3.24242
5.14658 2.97692
5.0603 2.86513
7.77453 0.40024
5.04236 -1.29932
5.17331 -1.58734
5.20489 -1.64602
4.69227 1.67352
4.68387 1.60615
4.69444 1.68864
4.74242 1.98146
4.86657 -0.764452
4.8905 -0.846957
4.80683 -0.528854
4.85375 -0.715917
4.91348 2.5817
4.88711 2.51709
5.02772 2.81446
4.96415 2.69711
4.77354 2.13122
4.75906 2.06465
7.43344 -0.735221
7.51449 -0.578913
6.03141 3.20975
5.98242 3.22113
5.87827 3.24221
6.70559 -1.60903
6.59034 -1.70061
6.50506 -1.76323
7.24174 -1.03472
7.21445 -1.07253
7.41336 -0.769777
7.78039 0.584051
7.52618 1.75098
7.55206 1.69064
6.95844 2.6102
7.0077 2.55707
7.78038 0.584793
7.77408 0.763558
7.75775 0.924723
7.75614 0.938572
4.7021 0.0188177
4.72253 -0.112884
4.72651 -0.135979
7.12933 2.41313
7.07115 2.485
7.16706 -1.13361
7.72196 1.13898
7.73976 1.04485
7.46754 1.87672
7.34623 2.09986
7.31191 2.15507
7.17989 2.34844
7.65166 1.41461
7.61826 1.51621
7.76148 0.895221
6.47588 3.00727
6.44576 3.0253
4.8529 2.41986
6.87813 2.69051
4.67832 1.55647
5.82173 3.24837
5.73345 3.25112
6.24109 -1.92305
6.30783 -1.88836
5.34246 -1.84454
5.2297 -1.68946
4.67409 0.246657
6.1073 3.1862
5.68378 3.25012
5.71788 3.25148
4.99344 -1.16724
4.66398 1.4067
4.68926 0.112466
7.61123 1.53676
4.67272 0.262197
4.88201 2.5026
6.36483 3.07181
4.94562 -1.02884
5.41662 -1.92144
7.52544 -0.556093
6.50944 2.98542
4.85777 -0.731862
