6.24224 -2.39858
6.21973 -2.41435
4.74863 -1.57967
4.76942 -1.65489
5.26349 -2.71193
5.25294 -2.70476
5.43568 -2.76045
5.43956 -2.76065
8.03548 0.179189
8.04358 0.24183
4.57383 -0.904159
4.57831 -0.922499
4.35595 1.35814
4.3551 1.34718
4.3441 0.930998
4.34428 0.97715
4.34471 0.85015
4.3444 0.832976
4.35962 1.42905
4.36314 1.48633
5.73835 3.73778
5.7397 3.73746
4.48098 -0.481477
4.48528 -0.502448
4.36112 0.404715
4.35733 0.462782
5.58323 3.75396
5.51429 3.75463
4.4224 2.0612
4.42559 2.08917
5.3488 3.73624
5.4011 3.74529
6.87429 -1.89192
6.84556 -1.91932
7.03658 -1.73482
7.03695 -1.73446
5.0551 -2.4571
5.05625 -2.4597
6.40847 -2.27971
6.44573 -2.251
4.80047 -1.75892
4.77552 -1.67509
7.96021 -0.196507
7.97124 -0.156319
7.89977 -0.391557
7.87971 -0.448306
5.90001 -2.60984
5.87151 -2.62578
8.04949 0.312021
8.04455 0.250252
8.0148 0.0438542
8.00727 0.000822923
7.98648 -0.0943451
7.99401 -0.0610697
6.63304 3.32123
6.63817 3.31747
6.84448 3.15213
6.8555 3.14271
4.40985 1.96952
4.40542 1.93394
4.4378 2.16669
4.44393 2.2072
7.69314 -0.858196
7.67121 -0.898529
7.80668 -0.625594
7.78252 -0.679542
6.01045 3.66315
5.96439 3.67945
6.41441 3.46751
6.39335 3.47937
6.19116 3.58749
6.10801 3.624
7.11501 2.89406
7.09947 2.91091
7.44198 -1.25772
7.46223 -1.2302
7.56313 -1.08052
7.55753 -1.08927
6.69981 -2.04661
6.65049 -2.08915
8.051 0.776571
8.05413 0.738436
6.03838 -2.53113
6.07115 -2.51074
4.6996 -1.39844
4.70999 -1.43631
5.42155 3.74859
5.44501 3.75052
4.91373 3.49087
4.90789 3.48404
4.61465 -1.06982
4.6068 -1.03813
4.34883 0.643502
4.35071 0.593192
4.62145 2.96696
4.62311 2.97229
7.26255 -1.48708
7.25819 -1.49234
4.75394 3.26777
4.7731 3.29923
4.56005 -0.845983
4.548 -0.79274
4.34755 1.1523
4.34623 1.10415
4.65161 -1.21647
4.64709 -1.19861
5.22725 -2.68401
5.33103 -2.74133
5.37778 -2.75201
5.49476 -2.7576
5.47994 -2.75889
5.16916 -2.63085
5.19008 -2.65238
5.1436 -2.60036
5.10391 -2.54262
5.07616 -2.49631
5.07664 -2.49706
4.36744 1.54966
4.36657 1.5377
5.81219 3.72121
4.51244 -0.63191
4.46152 -0.376572
4.45586 -0.346264
4.46167 2.31578
4.46285 2.32487
4.41071 -0.0675447
4.42355 -0.153536
4.37794 0.203611
4.39086 0.0851805
6.30323 3.53106
6.25759 3.55388
7.71332 2.01408
7.70343 2.03469
7.80064 1.81873
7.79323 1.83665
4.54457 2.71103
4.52484 2.62887
4.48628 2.44652
4.4822 2.42703
4.56236 2.7768
4.54997 2.73152
7.21582 2.7815
7.22209 2.77415
8.02645 1.00076
8.02877 0.984368
7.98122 1.24893
7.97921 1.25788
7.44653 2.47913
7.40928 2.53261
7.31931 2.65416
7.27411 2.71092
7.35713 -1.37116
7.35562 -1.37315
6.78861 -1.96957
6.94174 -1.82887
7.11285 -1.65531
7.0348 -1.73661
7.53791 2.33723
7.52306 2.36135
7.6177 2.2007
7.61956 2.19733
4.85555 -1.94005
4.83829 -1.88428
4.89003 -2.04401
4.88278 -2.02345
4.9444 -2.19834
4.9317 -2.163
4.99277 -2.32109
4.98581 -2.303
7.87024 1.63747
7.86817 1.64343
7.92428 1.4701
7.92681 1.46153
5.34655 -2.74775
5.34326 -2.74705
6.48272 -2.22201
6.53545 -2.18228
6.38116 -2.29901
5.6268 -2.72762
5.65839 -2.71846
5.58621 -2.73881
5.54753 -2.74948
7.9376 -0.273519
7.95025 -0.23226
7.91575 -0.344274
7.85555 -0.510868
7.87141 -0.470062
4.8428 3.40495
4.82234 3.377
6.56196 3.37172
6.62848 3.32469
6.68001 3.28573
6.69461 3.27438
6.74997 3.23098
6.79274 3.19572
6.88453 3.11708
6.90578 3.09788
6.5248 3.39763
5.85163 3.71229
5.9368 3.68724
4.4135 1.99757
4.4597 2.30508
6.07826 3.63735
6.5186 3.40151
6.46365 3.43651
6.22042 3.57278
7.08979 2.92078
7.04327 2.96773
6.60787 -2.12301
6.74843 -2.00589
6.95682 -1.81365
7.13121 -1.63616
8.05651 0.687766
8.04503 0.852969
6.28587 -2.36868
6.34503 -2.32635
6.57249 -2.15208
4.68343 3.1257
4.71078 3.1843
5.13885 3.6619
5.1546 3.67052
5.03213 3.59494
5.05058 3.60914
8.05986 0.496712
8.06023 0.507416
4.3793 1.69021
4.38422 1.74295
4.36759 1.55143
4.37264 1.61463
4.57322 2.81293
4.5839 2.84988
4.54435 -0.776959
4.54645 -0.785888
6.13562 -2.46987
6.10645 -2.48914
4.82396 -1.83607
4.812 -1.79603
4.34676 0.723147
4.34593 0.739432
5.68085 3.74535
5.65932 3.74735
4.52462 -0.688618
5.0191 -2.38155
5.01739 -2.37709
4.37485 0.237178
4.36676 0.328758
4.65159 3.04727
4.64614 3.03434
4.67129 3.09624
5.30792 3.72607
5.27881 3.71883
7.17724 2.82524
7.21252 2.78539
8.04401 0.86179
7.21195 -1.54605
7.21292 -1.54496
7.16654 -1.59685
4.72876 3.22105
4.71699 3.19812
8.05877 0.626708
5.7028 -2.70196
5.74168 -2.68617
4.88152 3.45162
4.79404 3.33483
4.98685 3.5591
4.92234 3.49954
6.95494 3.05272
7.01987 2.99099
4.3504 1.23114
4.35047 1.24479
4.41758 2.02933
4.67516 -1.30777
4.66714 -1.27797
4.77386 -1.66978
4.74204 -1.55541
5.9561 -2.57889
5.98394 -2.56363
8.04409 0.246207
8.02826 0.123337
4.35422 1.29464
4.35624 1.36843
4.34442 0.994308
4.34416 0.91365
4.34639 0.786648
4.34427 0.867397
4.36333 1.48947
4.35927 1.42218
4.35678 0.472634
4.36158 0.397562
5.49786 3.75444
5.62309 3.7514
4.39277 0.0689911
4.40607 -0.0348169
7.75318 -0.741242
7.72852 -0.790982
7.75881 1.91623
7.74946 1.93719
4.51658 2.5903
4.50277 2.52841
8.0059 1.12689
8.00733 1.11903
7.38364 2.56883
7.34408 2.62188
7.51302 -1.15577
7.48213 -1.20133
7.4003 -1.31433
7.36348 -1.36289
7.57839 2.26975
7.57274 2.27941
5.8135 -2.65311
5.75475 -2.68122
5.61377 -2.73257
4.72374 -1.48932
5.99779 -2.55602
5.98948 -2.56073
8.05463 0.373472
8.00187 -0.0247834
8.02416 0.0981116
7.98133 -0.117057
7.62657 -0.976452
7.83322 -0.564213
7.61104 -1.0027
7.57551 -1.06091
7.40953 -1.30238
8.06028 0.531141
6.08698 -2.5012
4.67773 -1.31713
5.08223 3.62937
5.10118 3.64177
5.41487 3.74761
4.60097 -1.01465
4.62251 -1.10117
4.37317 1.62065
4.37817 1.67879
4.35129 0.579887
4.34836 0.658381
4.63033 2.99276
4.60245 2.91007
7.22032 -1.53644
7.30249 -1.43905
4.34591 1.08785
4.34803 1.16765
4.62846 -1.12489
5.52384 -2.7533
5.19613 -2.65942
5.1564 -2.61472
5.097 -2.53323
5.07056 -2.48604
4.34494 1.04065
4.36751 1.55048
4.44261 -0.271353
4.47755 -0.463827
4.36615 0.336365
4.35366 0.527993
4.43156 -0.205861
4.37766 0.20632
7.66461 2.11224
7.8349 1.73329
7.83938 1.72151
7.65559 2.12976
4.54898 2.72803
4.47264 2.3791
4.56648 2.79071
5.20369 3.69205
5.21195 3.69572
5.23069 3.70225
7.25384 2.73605
7.99405 1.18587
8.04312 0.870798
7.95255 1.36703
7.47053 2.44316
7.31102 -1.42843
7.49637 2.40328
7.60727 2.2193
4.83461 -1.87341
4.86026 -1.95384
4.92099 -2.13571
4.95829 -2.23296
4.96808 -2.26053
5.01586 -2.37326
7.89873 1.5537
7.89875 1.55365
7.89893 1.55307
7.9473 1.3868
5.66627 -2.71514
6.73148 3.24622
6.93523 3.07153
4.40025 1.89378
4.39505 1.84928
6.28162 -2.3718
6.35331 -2.32015
5.00254 3.57303
4.59132 -0.975085
4.38597 1.76011
4.34689 0.707422
4.59646 2.88985
4.34965 1.21702
6.15748 -2.4553
5.73685 3.73803
8.05525 0.382402
4.8767 -2.00634
5.7471 -2.68429
6.8337 3.1616
4.4021 1.90962
8.05966 0.598073
6.18427 -2.43798
5.09989 -2.53701
4.90758 -2.09325
4.39078 1.80671
4.39273 1.82671
6.94536 3.06187
6.74053 3.23876
7.87792 -0.45316
