6.11616 0.974813
6.14836 1.00517
6.01639 0.772113
6.01436 0.751423
6.43491 0.514833
6.44542 0.547216
6.02687 0.512922
6.02872 0.506022
6.40874 0.865562
6.34793 0.941437
6.43899 0.747671
6.4193 0.840914
6.18809 0.301396
6.20665 0.290539
6.33494 0.331407
6.32994 0.325808
6.24147 1.01117
6.06884 0.912828
6.01174 0.650971
6.03128 0.843288
6.4501 0.638746
6.40562 0.430506
6.06886 0.421578
6.02395 0.523267
6.41585 0.849752
6.27429 1.01056
6.04774 0.881575
6.01365 0.620646
6.45128 0.683277
6.24447 0.291098
6.34895 0.350613
6.10714 0.357861
6.27176 0.297729
6.26721 0.29463
