7.64316 -0.233384
7.64715 -0.220976
7.5633 -0.447234
7.55794 -0.459755
7.7498 0.241861
7.75262 0.264445
4.65838 1.14199
4.65477 1.06768
5.12176 -1.44984
5.09139 -1.38168
5.0457 -1.27228
5.02008 -1.20321
4.72874 1.84004
4.73427 1.87282
6.07166 -1.98017
6.00638 -2.00415
5.356 -1.83157
5.32159 -1.79075
4.65764 0.627382
4.66089 0.546886
7.08336 -1.21809
7.11256 -1.18404
6.6595 2.86288
6.71943 2.81569
6.44031 -1.79064
6.40797 -1.8124
6.81455 -1.49787
6.80913 -1.50308
7.35935 -0.840421
7.32018 -0.903012
7.42442 1.94064
7.40591 1.97518
7.70625 -0.00384314
7.70994 0.0125298
5.31607 3.10672
5.3093 3.10198
5.51495 3.20142
5.55265 3.21135
5.12259 2.92334
5.14091 2.94558
5.14331 -1.4977
5.17286 -1.55492
4.66515 1.27591
4.66629 1.29533
4.69546 1.60908
4.69635 1.61612
5.86731 -2.03154
5.80711 -2.03916
5.56246 -1.99067
5.61709 -2.01507
4.88953 -0.802099
4.88494 -0.78636
4.84188 -0.62493
4.82945 -0.575541
5.44921 -1.92319
5.50121 -1.95835
4.65308 0.754826
4.65244 0.783734
4.89997 2.5123
4.90702 2.52984
4.97009 2.67438
4.93577 2.60074
4.87293 2.43559
4.86579 2.41629
6.21035 -1.92289
6.21379 -1.92105
4.77141 2.06781
4.77703 2.09322
7.44246 -0.698259
7.48401 -0.617616
6.39312 3.04039
6.41874 3.02664
5.88682 3.22483
5.9397 3.2152
6.59267 2.91416
6.79414 2.75178
6.74357 2.79633
6.60684 -1.67279
6.67617 -1.61716
6.52809 -1.73055
6.55033 -1.71461
7.25942 -0.991235
7.30622 -0.924266
7.76944 0.489204
7.76926 0.482237
5.30277 -1.76804
5.26451 -1.71144
6.99258 -1.32109
6.94274 -1.37235
4.78676 2.1338
4.80953 2.22299
7.76886 0.67073
7.76516 0.751831
4.71631 -0.00421371
4.71402 0.0109088
5.37472 -1.85377
5.42551 -1.90164
7.67686 -0.120629
7.60645 -0.339586
7.55001 -0.4778
7.59742 -0.362693
5.97509 -2.011
6.10895 -1.96782
5.71078 -2.03557
5.6607 -2.02513
7.06729 2.4729
7.05827 2.48347
7.12942 -1.16346
7.15691 -1.12924
7.02219 -1.28934
7.03494 -1.27526
6.25094 3.11378
6.2909 3.09374
7.34637 2.0795
7.38274 2.01728
7.26314 2.21139
7.2831 2.18115
7.16538 2.34974
7.17311 2.33974
7.61393 1.4993
7.64067 1.41842
7.66583 1.33214
7.64919 1.38974
7.70607 1.16607
7.69203 1.22932
7.76384 0.770072
7.75707 0.84805
7.60542 -0.342363
6.5557 2.93944
6.51137 2.96906
4.67656 1.43233
4.67583 1.42363
5.90575 -2.02799
5.74221 -2.03618
5.52645 -1.97509
5.51428 -1.96731
4.89885 2.50972
6.14443 3.15781
6.20332 3.13402
6.33173 3.07379
6.82579 2.72417
6.36741 -1.83625
6.31375 -1.86869
6.91187 -1.40415
4.65294 0.941741
4.65256 0.913288
4.66027 1.19147
4.65928 1.16728
4.95986 -1.03284
4.98747 -1.11241
5.23359 -1.66462
5.24472 -1.68132
5.3141 -1.78201
4.67261 0.375888
4.67008 0.410724
4.69708 0.12993
4.69664 0.133382
4.6553 0.680836
4.65641 0.653368
4.84801 2.3593
4.84963 2.36501
6.8671 2.68591
6.93266 2.62088
7.73842 0.99128
7.73412 1.02118
6.1619 -1.94352
4.65471 1.04029
4.68196 1.48779
4.66277 0.522963
4.98477 2.70535
5.02229 2.7748
7.01554 -1.29674
7.46977 1.84986
7.50703 1.77043
5.77078 3.23404
5.79899 3.23255
6.85783 -1.45636
7.57321 1.6124
7.55135 1.66747
6.57462 2.92696
4.66742 1.31248
4.67086 1.35948
4.92624 -0.925963
4.91255 -0.880615
4.94933 -1.00173
4.66357 0.500731
4.68184 0.272985
4.69028 0.190994
4.68893 0.203374
4.65344 1.01212
4.65233 0.884481
4.65214 0.813291
6.0852 3.17772
6.07246 3.18149
6.86591 2.68704
4.77099 -0.317298
4.78862 -0.401496
4.71786 1.76894
4.714 1.74447
4.75207 -0.217133
4.76464 -0.284842
4.77007 2.06103
4.7577 2.0011
5.66731 3.23077
5.64774 3.22822
4.95564 -1.0209
5.41493 3.16347
5.38831 3.14815
5.2179 3.0283
5.21751 3.02788
7.76283 0.371822
7.73347 0.129686
5.05951 -1.30569
5.13019 -1.4693
4.73828 1.89707
4.72388 1.80864
4.82597 2.28312
4.83214 2.30585
6.76909 -1.53803
6.81865 -1.49406
7.31074 -0.917418
7.37626 -0.812996
7.3862 2.01115
7.42732 1.93509
7.21986 2.27509
7.22841 2.26285
7.5844 1.58322
7.68722 1.24899
7.66776 1.32527
7.77035 0.580417
7.77002 0.528236
7.73123 0.117078
7.68146 -0.103642
5.21849 3.02885
5.41796 3.16483
5.61588 3.22435
5.21559 3.0258
5.07405 2.85649
7.76467 0.396541
5.20006 -1.60398
5.05417 -1.29325
5.21883 -1.63886
4.70279 1.6674
4.68862 1.55196
4.70694 1.6964
4.75558 1.98963
4.86883 -0.730784
4.90266 -0.847398
4.81676 -0.52323
4.86706 -0.724085
4.93235 2.59189
5.02966 2.78745
4.9766 2.68929
4.78432 2.12449
4.7708 2.06477
7.43136 -0.718409
7.50211 -0.581383
6.13689 3.16062
6.0324 3.19358
5.9615 3.21006
5.87081 3.22687
6.70754 -1.59184
6.57867 -1.69349
6.50698 -1.74635
7.22752 -1.03681
7.20758 -1.06443
7.40633 -0.761493
7.77038 0.590342
7.51521 1.75201
7.54467 1.68333
4.79478 -0.428805
6.96752 2.58469
6.99616 2.5538
7.77023 0.60545
7.7647 0.76004
7.74743 0.931211
7.74697 0.935134
4.70029 0.106465
4.73244 -0.107272
4.73867 -0.143443
7.03367 2.51146
7.12036 2.40734
7.17296 -1.10906
7.71371 1.13081
7.72864 1.05183
7.46104 1.86797
7.33458 2.0993
7.30537 2.14627
7.19173 2.31456
7.64154 1.41556
7.61075 1.50878
7.74849 0.922855
6.47415 2.99343
6.42954 3.02014
4.85545 2.38445
5.82277 3.23143
5.72519 3.23414
6.21699 -1.91931
6.30979 -1.87107
5.36804 -1.8459
4.68378 0.252271
4.68678 1.53538
5.70522 3.23374
5.71893 3.23429
5.00163 -1.15335
4.67501 1.41354
4.69744 0.127242
7.60702 1.51968
4.68291 0.262031
6.36306 3.05768
5.43587 -1.91155
7.51771 -0.548858
6.49344 2.98088
4.86762 -0.726286
