6.40777 2.26535
6.38785 2.27575
7.17588 1.24169
7.18127 1.22488
5.17658 1.00379
5.18027 1.05785
5.42553 -0.534219
5.38598 -0.444405
5.51779 -0.710488
5.55744 -0.774437
5.45435 2.04172
5.41173 1.97012
5.57458 2.19604
5.58199 2.20369
7.13881 -0.129822
7.16289 -0.0654734
5.17786 0.535714
5.18136 0.487396
7.2679 0.417866
7.26052 0.350092
6.72406 2.01606
6.75272 1.9863
6.06811 2.3783
5.98176 2.38125
6.19238 2.3554
6.09913 2.37459
5.75105 2.32319
5.77715 2.33606
6.76596 -0.726663
6.82764 -0.655753
6.52532 -0.933595
6.48235 -0.960234
6.72292 -0.769457
6.66838 -0.820946
7.01856 -0.383262
6.96519 -0.469526
7.24952 0.930711
7.24189 0.975538
7.27212 0.730205
7.26881 0.772963
5.35566 -0.360962
5.3414 -0.319717
5.63185 -0.869862
5.59802 -0.82714
5.23525 1.4608
5.22112 1.38989
5.29052 1.67475
5.28042 1.63915
5.19771 1.2354
5.21216 1.33768
5.3629 1.86882
5.39878 1.94702
6.82598 1.89984
6.85499 1.86414
6.94891 1.72855
6.90146 1.80042
7.05655 1.53942
7.0624 1.52725
5.92302 -1.07146
5.94823 -1.07644
5.73828 -0.972876
5.79488 -1.01115
6.11311 -1.09232
6.08119 -1.09229
6.30766 -1.04838
6.26199 -1.06203
7.04323 -0.338641
7.07687 -0.272702
7.21506 0.107953
7.22815 0.161866
5.27916 -0.10951
5.28486 -0.13114
5.23525 0.0819572
5.23908 0.0626729
5.1699 0.820761
5.17008 0.838616
5.20243 0.289489
5.21436 0.205983
7.2752 0.674385
7.27618 0.589125
7.13805 1.35082
7.15457 1.30442
7.19792 1.16803
7.20337 1.14785
7.23793 0.999398
7.25696 0.879174
5.30156 -0.195706
5.30066 -0.192441
5.2688 -0.0678074
6.60195 2.13093
6.60368 2.12956
6.5197 2.19405
6.52201 2.19234
6.78652 1.94757
6.76382 1.97399
6.66574 2.07305
6.63954 2.09708
5.3668 -0.392597
5.38276 -0.436781
6.8587 1.85934
6.87197 1.84226
6.35351 2.29341
6.33268 2.3031
7.26101 0.850398
5.26253 -0.0415563
5.254 -0.00448273
5.17012 0.726451
5.17025 0.708308
5.87834 2.36895
5.86607 2.36498
6.6431 -0.843623
6.57878 -0.893896
6.90433 -0.560433
6.90021 -0.566312
5.18503 1.12046
5.17208 0.92279
5.46853 -0.626072
5.38446 -0.440863
5.5707 -0.79245
5.46886 -0.626745
5.26109 1.56894
5.24092 1.48535
5.40456 1.9579
5.48884 2.0942
5.65169 2.26221
5.55806 2.17705
7.00492 1.63654
6.99051 1.6612
5.82993 -1.0327
5.9089 -1.06618
6.20988 -1.07765
6.13269 -1.08931
7.12223 -0.171362
7.18147 -0.00960056
5.24106 0.0530517
5.17275 0.623226
5.18824 0.411516
7.25144 0.285837
7.27242 0.474683
5.88371 2.36981
6.08642 2.37715
6.24613 2.33714
6.29948 2.31839
6.41165 -1.00177
6.3713 -1.02021
5.67772 2.28164
6.89591 -0.572036
6.75146 -0.741687
7.02671 -0.369392
7.10333 1.43664
7.11395 1.41107
5.17081 0.885459
5.19282 1.19539
5.32758 -0.279034
5.36255 -0.380879
5.46869 -0.626421
5.64828 -0.889252
5.32502 1.7773
5.31168 1.74058
5.21397 1.34973
5.51019 2.12164
5.33442 1.80046
7.03855 1.57431
6.88993 1.8171
5.70546 -0.943914
6.01749 -1.09029
7.08613 -0.252996
7.1984 0.0454094
7.24053 0.223116
5.31688 -0.245774
5.22012 0.169447
5.16983 0.77347
5.19505 0.348427
5.17138 0.66212
7.27592 0.558299
6.56087 2.16251
6.60047 2.13213
7.27478 0.685993
7.12442 1.38584
7.16988 1.26164
7.22393 1.07205
7.22398 1.0718
7.22407 1.07142
5.30293 -0.200756
5.28801 -0.144625
6.51726 2.19596
7.26665 0.798278
6.47096 2.22562
7.2745 0.693876
6.49302 2.21182
