6.80697 -0.50894
6.74732 -0.577983
6.55919 -0.753793
6.581 -0.736349
7.07548 1.23799
7.06615 1.26688
6.78667 1.77967
6.78791 1.77821
6.87927 1.64725
6.92803 1.56846
5.75149 -0.78096
5.77324 -0.798651
6.20378 2.20146
6.20605 2.20069
6.41936 2.10877
6.43096 2.10142
6.33024 -0.883466
6.36988 -0.865597
5.95555 2.21447
5.99442 2.22052
5.71173 2.10981
5.79148 2.16144
6.8366 -0.469547
6.88818 -0.394968
5.27196 0.944895
5.26781 0.847052
5.29342 1.17543
5.28666 1.11858
7.13019 1.04952
7.14605 0.972005
5.57249 -0.555297
5.53052 -0.476244
5.6339 -0.646375
5.58894 -0.580462
5.39103 1.60982
5.41882 1.68825
5.33143 1.39867
5.33348 1.40693
5.57118 1.96624
5.59855 2.00183
5.46965 1.79985
5.43542 1.72708
6.65327 1.928
6.61244 1.96534
6.95334 1.52226
6.98629 1.45739
5.93512 -0.8957
5.99375 -0.912446
6.12448 -0.927066
6.07196 -0.92376
7.10556 0.0757222
7.08499 0.00995174
7.01506 -0.166248
7.0002 -0.198471
5.44788 -0.288885
5.41539 -0.201451
5.38909 -0.115281
5.37615 -0.0684745
5.33134 0.115095
5.32816 0.13111
5.29473 0.341933
5.28505 0.423371
5.2717 0.589031
5.26755 0.695212
7.179 0.506381
7.18098 0.568857
7.14638 0.242025
7.1601 0.320531
7.1084 1.1346
7.10357 1.15319
7.1575 0.90695
7.126 1.06819
6.54799 2.02072
6.68631 1.89418
6.72097 1.85577
6.44109 2.09458
6.48291 2.06834
5.39674 -0.141622
5.40788 -0.179944
7.03277 1.35425
7.02585 1.3706
7.17412 0.782226
7.17486 0.774289
5.81503 2.17203
5.89209 2.20149
6.67941 -0.650829
6.82162 -0.490223
6.64082 -0.685385
6.48529 -0.803384
5.28074 1.06137
5.27425 0.981113
5.35921 1.50554
5.37635 1.56266
5.5158 1.88603
5.50708 1.87184
6.79067 1.77479
6.74355 1.83004
6.83906 1.70765
6.93557 1.55558
5.8425 -0.850069
5.69734 -0.724703
6.22098 -0.916408
6.20697 -0.918232
7.06569 -0.043678
7.0452 -0.0967833
5.4851 -0.384923
5.48524 -0.385212
5.35516 0.0110807
5.36585 -0.0311712
5.281 0.464226
5.27328 0.561157
7.16698 0.369933
7.17486 0.445965
6.1984 2.2025
6.3109 2.16421
6.44415 -0.829231
6.22648 -0.914833
6.09839 2.21955
6.03889 2.22028
5.69296 2.09596
6.94672 -0.302277
6.66838 -0.661254
6.95059 -0.295695
5.26731 0.825878
5.30562 1.25978
7.17285 0.794202
7.16243 0.87569
5.4854 -0.385544
5.57892 -0.565557
5.66231 -0.685336
5.42797 1.71078
5.32667 1.37629
5.31005 1.28765
5.63519 2.04088
5.52914 1.9056
6.99657 1.43553
6.81972 1.73513
7.01688 1.39041
5.86755 -0.863462
6.02914 -0.92098
6.95238 -0.292365
7.11896 0.122321
7.13587 0.192312
5.41198 -0.191735
5.33783 0.0834552
5.39379 -0.131817
5.31251 0.221943
5.26674 0.771178
5.3031 0.281706
5.2672 0.71657
7.18109 0.652707
7.18023 0.682508
7.05638 1.29292
6.53629 2.03046
6.52908 2.03628
6.32222 2.15899
7.17949 0.702889
7.09693 1.17647
6.33372 2.153
6.37746 2.13176
6.49053 2.06312
