7.60355 0.0465489
7.61245 0.0839758
7.47634 -0.365822
7.47559 -0.367572
7.57352 1.25634
7.56917 1.27355
4.78547 1.30636
4.78979 1.36003
5.01137 -0.762917
4.98484 -0.67749
4.87995 -0.255612
4.87426 -0.226658
5.07599 -0.954449
5.09093 -0.993836
6.62202 2.72485
6.60313 2.73898
6.90429 2.47284
6.95538 2.41708
4.7932 0.315704
4.79875 0.260146
4.76922 0.781834
4.76782 0.821343
5.07256 2.51491
5.09442 2.55519
4.96611 2.2584
4.99427 2.33567
6.17701 -1.74708
6.22967 -1.72746
7.19277 -0.882516
7.17251 -0.912473
6.14887 2.9835
6.25456 2.94321
5.93842 3.03481
5.90164 3.03774
6.62838 -1.48309
6.55049 -1.54055
7.11938 2.21574
7.07372 2.27561
7.65835 0.447531
7.6594 0.475527
7.64385 0.887502
7.64569 0.870244
7.55306 -0.149042
7.52116 -0.246113
7.42238 -0.486801
7.40809 -0.516581
5.33086 2.86416
5.30641 2.84173
5.52797 2.98786
5.50663 2.97816
7.64977 0.335501
7.63621 0.220774
5.33034 -1.48161
5.32662 -1.47589
5.22618 -1.30391
5.22942 -1.31073
4.79747 1.43839
4.80242 1.48424
4.82333 1.63716
4.83549 1.71533
4.8767 1.93333
4.87821 1.9408
5.84244 -1.81334
5.8897 -1.81317
5.59659 -1.74164
5.63022 -1.76036
4.97375 -0.640137
4.95307 -0.563039
5.14778 -1.13717
5.13888 -1.1171
4.80903 0.17034
4.82237 0.0724359
5.17056 2.68176
5.14192 2.63924
4.94911 2.2026
4.9148 2.08555
6.23267 -1.7263
6.33123 -1.6783
6.03801 -1.79275
6.06561 -1.78505
7.02849 -1.09784
7.01844 -1.10973
6.32437 2.90982
6.3751 2.88373
5.78573 3.0423
5.73085 3.03885
6.42963 -1.62159
6.3348 -1.67632
6.83129 -1.30795
6.74421 -1.38711
7.28132 -0.748481
7.29631 -0.723775
7.6608 0.63019
7.66145 0.549997
7.42737 1.67913
7.42492 1.68485
4.90232 -0.358994
4.90532 -0.371911
6.55605 2.77284
6.49178 2.81511
6.8373 -1.30197
6.9072 -1.2307
7.3087 1.91903
7.29789 1.93886
7.4626 1.59468
7.49365 1.51292
4.76878 0.951985
4.76915 1.0011
4.7827 0.439701
4.78005 0.473695
4.85999 -0.150985
4.84776 -0.0849316
7.47646 -0.365522
7.60275 1.13529
7.58802 1.19828
7.55352 1.3305
7.54759 1.35029
6.81704 2.5602
6.82042 2.55688
6.97301 -1.16174
6.97938 -1.15471
7.14159 2.18525
7.17464 2.13744
7.65691 0.737506
7.65159 0.80848
7.51656 -0.259177
7.55934 -0.128005
7.43154 -0.468187
7.5244 1.4262
7.50967 1.46803
4.7789 1.21503
4.7743 1.1251
5.74656 -1.80126
5.68643 -1.78378
5.57828 -1.73218
4.79125 0.336302
4.78657 0.390646
4.77286 0.60863
4.77144 0.651496
4.76796 0.872673
5.03134 2.42659
5.0162 2.38874
6.70256 2.66063
6.72895 2.6393
7.63164 0.974077
7.62486 1.01851
4.89572 -0.330034
4.92683 -0.461494
7.35181 1.83847
7.34581 1.85012
7.28076 1.96866
7.24494 2.02915
4.77138 1.04015
4.77196 1.08083
4.7809 1.24643
5.98949 -1.80239
5.9766 -1.80446
6.66293 2.69315
6.6807 2.67882
4.7994 0.254254
4.80589 0.194879
4.77475 0.565183
4.77705 0.521103
4.77033 0.69271
4.76875 0.741672
7.07922 -1.03559
7.10749 -1.00102
6.96083 -1.17529
7.65816 0.720075
7.65877 0.706849
7.35755 -0.616478
7.3544 -0.622393
5.54664 -1.71052
5.52837 -1.69646
5.41184 -1.58768
5.40954 -1.58478
5.05222 2.47378
6.30835 2.91817
6.25618 2.94251
5.47423 -1.65168
5.48937 -1.66651
4.96079 2.24251
4.958 2.23309
7.56582 -0.105453
4.93305 -0.48612
7.61607 0.104293
7.59574 0.0111038
5.42878 2.93641
5.39759 2.91555
5.3227 -1.46937
5.27643 -1.39413
4.7903 1.36613
4.78462 1.29587
4.85559 1.8288
4.852 1.80923
5.03512 -0.837384
4.98069 -0.663826
5.41562 -1.5923
5.46311 -1.64031
5.11087 -1.04637
5.0552 -0.898217
6.58002 2.75585
6.6422 2.71012
6.99306 2.37467
6.88784 2.4897
5.11862 2.60018
6.23131 -1.72681
6.1348 -1.76432
7.15028 -0.942167
7.23071 -0.827961
6.0951 2.99947
6.255 2.94304
5.97325 3.02887
5.83425 3.04309
6.52851 -1.55668
6.65009 -1.4655
7.04391 2.31293
7.12563 2.20746
7.66119 0.539467
7.65816 0.443254
6.39089 2.8747
6.43021 2.85311
7.63428 0.207838
5.62824 3.0216
5.59518 3.01042
5.23447 2.76673
5.22853 2.75956
7.65155 0.354107
5.23384 -1.31945
5.38453 -1.55369
5.18772 -1.2246
4.80358 1.49339
4.81774 1.60049
4.81112 1.55252
4.84756 1.78372
4.88269 1.96073
5.7474 -1.8015
5.7485 -1.80165
4.94244 -0.522916
5.03995 -0.852369
5.04276 -0.861623
5.15586 -1.15474
4.90447 2.04901
4.82504 0.0545178
4.8061 0.193092
5.21897 2.74666
6.33171 -1.67808
6.99898 -1.13256
7.06316 -1.05588
6.31552 2.91457
6.06324 3.00919
5.63958 3.02412
6.04332 3.01453
6.72927 -1.40045
6.44461 -1.61178
6.83351 -1.30578
7.32786 -0.669031
7.2461 -0.804448
7.66041 0.659468
7.38894 1.76389
7.46047 1.60006
6.47037 2.82917
7.11174 -0.995419
4.84107 -0.0457731
7.60509 1.12399
7.57948 1.23447
7.52523 1.42382
7.61191 1.08609
7.61967 1.04824
6.81626 2.56096
6.74177 2.62783
7.01998 2.34257
7.3869 1.76822
7.37253 1.79725
7.18514 2.12153
7.22133 2.06593
7.63972 0.919248
7.64291 0.896097
7.38299 -0.56704
7.36136 -0.609465
7.31671 1.90474
7.24407 2.03058
5.93989 -1.80974
6.00461 -1.79918
6.1054 -1.77277
5.50888 -1.6819
5.56564 -1.72456
7.58481 -0.0344577
5.89165 -1.81315
5.65509 -1.77216
