6.16327 -2.5471
6.13807 -2.56502
4.68824 -1.62229
4.69345 -1.64111
7.96541 -0.370826
7.99893 -0.261283
4.86695 3.59401
4.92789 3.65341
8.09391 0.201109
8.09425 0.203728
4.74816 -1.84869
4.75099 -1.85934
4.29825 1.3582
4.29467 1.31215
4.28597 0.96483
4.28602 0.977218
4.28747 0.850217
4.28654 0.79944
4.30267 1.46219
4.30414 1.48606
5.81732 3.81087
5.75304 3.82607
4.3005 0.441944
4.29908 0.46373
4.35925 2.06056
4.36631 2.12229
4.34578 -0.0276649
4.33564 0.0539212
4.5664 3.05581
4.58272 3.10269
5.22528 3.81661
5.2309 3.81806
4.90162 -2.36954
4.92402 -2.43972
7.11991 2.97285
7.15257 2.93859
7.40906 2.63018
7.41277 2.62519
6.94702 -1.90636
6.88084 -1.96945
7.2463 -1.59253
7.21398 -1.62879
4.6755 3.3175
4.65575 3.2776
5.5156 -2.90881
5.48619 -2.92033
4.8186 -2.10076
4.85307 -2.21258
8.11105 0.694358
8.11081 0.702813
5.33438 -2.94332
5.28191 -2.93965
5.06654 -2.76856
5.08855 -2.79842
5.16234 -2.88101
5.15655 -2.87705
4.77422 -1.94321
4.77636 -1.95247
5.6254 -2.86807
5.64127 -2.86184
8.10645 0.333391
8.10637 0.332399
8.07478 0.0663579
8.07223 0.0517443
8.04806 -0.0712437
8.05439 -0.0432883
6.67447 3.37
6.68922 3.35918
6.88417 3.19884
6.89375 3.19065
5.97719 3.76061
5.89612 3.7872
4.3701 2.14834
4.3846 2.24418
7.76368 -0.844123
7.70954 -0.943693
7.87336 -0.612291
7.82227 -0.726374
6.20761 3.66263
6.21614 3.65838
6.45021 3.52561
6.47903 3.50778
7.06778 3.02678
7.21405 2.87093
7.19829 2.88904
7.60012 -1.12412
7.62938 -1.07871
6.77808 -2.06214
6.86212 -1.98709
7.09448 -1.75817
7.05313 -1.80067
4.8064 3.52449
4.78465 3.49467
8.10344 0.79624
8.10918 0.7262
6.381 -2.38756
6.34307 -2.41669
6.66072 -2.16354
6.61361 -2.20209
4.99356 3.70421
4.98511 3.69867
4.85045 3.57739
4.82865 3.55191
8.11305 0.470455
8.1101 0.398549
4.31568 1.65071
4.31279 1.61436
4.29192 0.610515
4.29254 0.594139
7.34655 -1.47473
7.30546 -1.52416
5.98749 -2.66632
5.96817 -2.67815
4.49498 -0.830163
4.50581 -0.877999
4.28824 1.11792
4.28787 1.10422
7.14725 -1.70176
7.16704 -1.68029
6.2205 -2.50641
6.24566 -2.4888
4.59622 -1.25556
4.57415 -1.16841
4.66412 -1.5314
4.65805 -1.50616
5.69399 3.83583
5.73371 3.82936
5.86582 3.79759
4.40716 -0.407347
4.38797 -0.304597
4.44821 -0.615953
4.44255 -0.589018
4.39729 2.31512
4.40338 2.36194
4.38577 -0.291678
4.36828 -0.184823
7.7758 2.00821
7.73968 2.08346
7.86068 1.81308
7.83031 1.88654
4.46333 2.68209
4.46022 2.66915
4.41009 2.39912
4.42086 2.46526
5.12634 3.77894
5.09466 3.76472
5.34782 3.84319
5.36791 3.84656
8.0255 1.29273
8.04184 1.21851
8.07321 1.047
8.08727 0.947597
7.34089 2.71956
7.34494 2.71433
7.46867 2.54622
7.47583 2.53581
7.43688 -1.35944
7.39603 -1.41302
6.86466 -1.98467
6.95814 -1.89596
7.65301 2.24822
7.67952 2.20021
7.57349 2.3851
7.58612 2.36438
4.74298 3.43401
4.71862 3.39656
4.62387 3.20582
4.64545 3.25668
4.77905 -1.96369
4.81468 -2.0852
4.88056 -2.30207
4.87823 -2.29368
7.92804 1.63203
7.90979 1.68459
7.98099 1.46477
7.9697 1.50395
5.38837 -2.94256
5.24552 -2.92772
5.72385 -2.82009
5.70009 -2.8316
5.57003 -2.89014
5.55673 -2.89633
5.64644 -2.85961
6.48881 -2.30339
6.50744 -2.28883
8.02711 -0.159913
7.9605 -0.386168
7.93581 -0.454028
6.63766 3.39793
6.5997 3.42476
6.82289 3.25167
6.83311 3.24324
6.06272 3.72728
6.01215 3.74696
5.63875 3.84547
4.33695 1.8855
4.34242 1.9333
4.38715 2.26003
4.36678 2.12583
6.08831 3.71754
6.15294 3.68854
6.201 3.66603
6.25698 3.63739
6.28598 3.62175
6.4238 3.54241
6.35258 3.58409
7.26921 2.80826
6.68884 -2.13908
6.76507 -2.07398
7.02608 -1.82739
4.76042 3.46224
8.1105 0.708016
8.10179 0.817294
6.67541 -2.15072
8.10654 0.33439
8.11429 0.527695
4.55963 -1.10865
4.56896 -1.14777
4.53353 -0.997424
4.54349 -1.04024
4.51886 2.90312
4.50507 2.85343
4.54031 2.97832
4.54081 2.97996
7.39304 -1.41691
7.38695 -1.42455
4.4725 -0.732859
4.48539 -0.787916
4.51417 -0.914085
6.01172 -2.65095
6.03614 -2.63458
4.61894 -1.34745
4.60407 -1.28663
4.6334 -1.4046
7.96292 -0.378957
5.03145 -2.70385
5.0359 -2.71161
4.96027 -2.53928
4.96306 -2.54603
8.0845 0.133791
8.07678 0.0779181
4.52054 -0.94177
4.52887 -0.977159
4.28954 0.723214
4.28696 0.773751
4.46958 -0.719782
5.52821 3.85446
5.5351 3.85401
4.35103 2.00618
4.35002 1.99692
4.3339 1.85257
4.32925 1.80608
4.31619 0.241535
4.31126 0.297341
4.90079 -2.3662
4.89995 -2.36321
8.096 0.86719
7.46352 -1.32376
7.49952 -1.27414
5.82076 -2.76657
5.77124 -2.79518
5.21083 -2.91464
4.99348 -2.62243
4.99137 -2.61824
8.03197 -0.141069
7.89731 -0.552187
7.87381 -0.611226
6.53403 3.47127
6.54015 3.46697
7.02178 3.07168
7.04059 3.0538
8.11395 0.592025
4.32499 1.76349
4.32322 1.74247
4.75205 -1.86365
4.29288 1.23121
4.29313 1.27816
6.74062 3.31919
6.76954 3.29564
6.94445 3.14506
6.97405 3.11725
6.12671 -2.57325
4.71212 -1.71336
4.67214 -1.56293
8.10023 0.267267
8.09353 0.198173
4.29438 1.29471
4.29947 1.40147
4.28645 1.02805
4.28614 0.913718
4.28709 0.786717
4.28617 0.901211
4.30636 1.52263
4.30062 1.42191
4.42721 -0.511923
4.4143 -0.446221
4.29652 0.509646
4.30331 0.398511
5.44361 3.85353
5.51892 3.8544
4.94264 -2.48894
4.95734 -2.53247
4.32971 0.107724
4.35092 -0.0660428
7.8217 -0.727573
7.76748 -0.836894
7.81995 1.91048
7.78604 1.98641
4.43463 2.53931
4.43962 2.56777
4.59555 3.13551
4.5607 3.04056
5.22196 3.81547
5.29513 3.83425
8.05124 1.17173
8.06769 1.08108
7.1936 -1.6518
7.26019 -1.57679
4.6477 3.26105
4.68039 3.32797
5.44352 -2.92959
5.41394 -2.93806
5.02791 -2.69785
4.99577 -2.62714
5.10779 -2.82725
5.05345 -2.74346
5.15116 -2.871
5.86 -2.74398
5.88218 -2.73132
4.72504 -1.76002
5.90159 -2.72035
8.0624 -0.00207802
8.03877 -0.112214
7.69906 -0.96199
7.87358 -0.61177
7.64869 -1.04706
7.55756 -1.19024
7.5508 -1.20028
7.53728 -1.22011
6.40655 -2.36843
6.31598 -2.43657
6.08481 -2.60167
6.0539 -2.62222
4.94651 3.66889
5.03506 3.73217
5.4238 3.85206
4.5465 -1.05309
4.55835 -1.1033
4.31053 1.58175
4.31778 1.67851
4.29461 0.547027
4.2904 0.659324
4.54021 2.97797
4.52214 2.91591
7.29745 -1.53348
7.34976 -1.47088
4.28685 1.05362
4.28981 1.16771
4.57304 -1.16401
4.28659 1.04072
4.30822 1.55021
4.3876 -0.3025
4.46256 -0.68715
4.30516 0.373826
4.29543 0.528941
4.36521 -0.165106
4.3226 0.175149
7.72827 2.10625
7.87243 1.78378
7.89821 1.71598
7.6914 2.17794
4.48335 2.76894
4.4539 2.63966
4.48948 2.7929
5.04575 3.73804
5.15851 3.79334
5.38787 3.84859
7.27532 2.80115
7.27393 2.80282
8.00929 1.36015
8.091 0.918145
7.99628 1.41028
7.53066 2.45377
7.53546 2.44628
7.29393 2.77809
7.40552 2.63514
7.3935 -1.4163
7.44689 -1.34641
7.63388 2.28235
7.61382 2.31743
4.70713 3.37511
4.6134 3.18303
4.8595 -2.23564
4.85635 -2.22412
7.9406 1.59511
7.95593 1.54827
6.71489 3.33924
6.92516 3.16248
6.31283 3.60767
6.48021 3.50699
6.27962 -2.46392
6.44478 -2.33831
6.56906 -2.23914
6.53358 -2.26834
4.93751 3.66196
4.32135 1.71998
4.28995 0.674413
4.49903 2.82923
4.2903 1.18262
4.97697 -2.58082
5.61668 3.84831
5.76169 -2.79996
7.9195 -0.49811
4.92556 -2.44474
6.33123 3.59681
4.60648 3.16468
5.93886 -2.69722
6.8429 3.23508
4.34886 1.98666
6.59714 -2.2163
6.47006 -2.31883
6.98419 3.10758
6.78089 3.28627
7.9212 -0.493682
6.56458 3.44965
