7.52555 -0.41189
7.50013 -0.471289
5.32233 3.00405
5.3916 3.05034
4.70192 1.04778
4.70157 1.04044
4.72041 1.34422
4.72166 1.35971
4.7777 1.81154
4.78126 1.83259
5.77833 -1.93973
5.82233 -1.94191
4.81723 -0.291119
4.80143 -0.21064
4.73075 0.279498
4.73257 0.261223
6.64127 2.80764
6.65446 2.79725
7.72153 0.471231
7.72303 0.511293
7.71091 0.84535
7.71241 0.831296
7.60455 -0.197242
7.59321 -0.231738
5.52044 3.11135
5.54682 3.1183
5.16661 2.84897
5.21032 2.90202
7.70722 0.28172
7.70298 0.245822
5.23599 -1.52089
5.23664 -1.52214
5.14043 -1.33355
5.14918 -1.35197
4.74463 1.58046
4.74916 1.61636
4.79008 1.87954
4.81046 1.98023
6.02061 -1.91315
6.00305 -1.9172
5.64667 -1.9144
5.6335 -1.91021
4.88863 -0.598623
4.8932 -0.615638
4.95953 -0.849339
4.94176 -0.788417
5.33776 -1.67379
5.32086 -1.65238
5.00053 -0.975273
5.0065 -0.992824
4.70034 0.782222
4.70032 0.782955
4.99285 2.56245
4.99364 2.56442
5.08544 2.73518
5.13009 2.80365
6.12978 3.08814
6.16955 3.07445
6.02209 3.12144
5.93202 3.13976
5.71361 3.14921
5.76003 3.15244
6.62657 2.81892
6.73232 2.73424
6.72517 2.74055
6.61593 -1.5927
6.62462 -1.58574
6.81848 -1.42071
6.8108 -1.4277
7.32632 -0.801504
7.3565 -0.751764
7.22671 -0.952694
7.23975 -0.934037
7.49833 1.67246
7.47272 1.73212
4.85831 2.17832
4.86145 2.19063
7.53226 1.58812
7.54248 1.56122
5.09332 -1.22128
5.07433 -1.17533
4.77215 -0.0385086
4.76066 0.037315
4.71932 0.402964
4.7105 0.516414
7.4811 -0.514592
7.5502 -0.35081
6.89613 2.58304
6.87882 2.60007
7.07373 2.38604
7.01463 2.45531
7.13029 -1.08248
7.1361 -1.07525
7.00084 -1.23395
7.03945 -1.19133
7.39261 1.89783
7.41698 1.85027
7.31526 2.03763
7.32867 2.01468
7.22324 2.1839
7.23045 2.17346
7.08237 2.37519
7.13084 2.31246
7.61583 1.33684
7.60302 1.38119
7.65823 1.17057
7.65362 1.19133
7.6971 0.956868
7.6902 1.00471
7.56696 -0.306357
7.6294 -0.114029
7.45875 -0.560303
7.44265 -0.593247
6.48118 2.91829
6.47293 2.92381
4.70845 1.17128
4.70806 1.16366
5.57375 -1.88158
5.54333 -1.86723
5.53417 -1.86102
4.72128 0.379277
4.72021 0.391726
4.7045 0.650617
4.70443 0.652586
4.95495 2.47452
4.95124 2.46524
4.90311 2.32767
4.92061 2.3819
6.41051 2.96093
6.41672 2.95722
6.79293 2.68138
4.70067 0.913962
4.70066 0.913232
5.03742 -1.08107
5.03909 -1.08588
4.70157 1.04023
4.71566 1.28441
5.72664 -1.93419
4.83939 -0.392211
4.82356 -0.321004
5.46666 -1.81168
5.45188 -1.79771
4.73735 0.218281
4.73979 0.195955
4.70985 0.527564
4.71013 0.522192
4.70146 0.744749
4.70438 0.65448
6.96957 -1.26872
6.41807 -1.73075
6.41717 -1.73134
7.40243 -0.669363
7.38048 -0.710625
6.55557 2.86924
4.70156 1.04002
4.70065 0.912493
4.70031 0.783704
4.95807 2.48156
6.08979 3.10233
6.04098 3.11677
6.30228 3.01764
6.29315 3.0219
7.65202 -0.0275282
7.66662 0.0332593
4.73747 1.51808
4.734 1.48803
4.77678 1.80553
4.7672 1.74471
6.10059 -1.88726
6.0383 -1.90795
5.89451 -1.93704
5.85467 -1.94067
4.88955 2.28721
4.86774 2.21363
6.1909 -1.85065
6.2199 -1.8388
5.67244 3.14669
5.65256 3.1441
7.5532 1.53118
7.57395 1.47238
7.63796 -0.0842132
4.95968 -0.84987
4.97544 -0.898794
5.52505 -1.85428
5.39237 -1.74092
5.34849 -1.68686
5.02894 -1.0571
7.68286 0.117618
7.67695 0.0845193
5.42081 3.06714
5.29349 2.98087
5.15622 -1.36584
5.19178 -1.43764
4.72538 1.40392
4.71649 1.29556
4.7878 1.86825
4.77729 1.80889
4.91639 -0.699331
4.9367 -0.770955
6.98456 2.48951
6.94818 2.52863
6.30593 -1.7953
6.2931 -1.80191
7.17952 -1.01802
7.20205 -0.987925
6.24893 3.04263
6.20779 3.0591
6.72029 -1.50829
6.72325 -1.5057
7.27696 -0.877622
7.31326 -0.822257
7.35463 1.96868
7.37442 1.93255
7.1559 2.2786
7.18155 2.24354
7.63838 1.25358
7.6297 1.28762
7.72336 0.562787
7.71847 0.405345
7.68962 0.156037
5.22524 2.91805
5.50967 3.10729
5.62113 3.13826
5.13904 2.81572
7.71648 0.378463
5.23742 -1.52355
5.28795 -1.60333
5.11066 -1.26421
4.7297 1.44751
4.75198 1.63877
4.74124 1.5522
4.76544 1.73272
4.82181 2.03076
4.87991 -0.565693
4.95956 -0.849458
4.86323 -0.496924
5.39719 -1.74554
5.39338 -1.74192
4.7443 0.157266
4.75172 0.0995498
5.03395 2.64675
4.98491 2.54416
5.03905 2.65693
5.0363 2.65183
6.31913 -1.78887
4.83576 2.09243
4.82945 2.06537
7.42106 -0.635057
6.38012 2.97766
6.35323 2.99211
6.10594 3.09699
5.8477 3.14984
6.03701 3.11797
5.83418 3.15156
5.81088 3.15297
5.68306 3.14752
6.71667 -1.51145
6.52406 -1.66021
6.41425 -1.73308
6.51608 -1.66615
6.75035 -1.48166
6.89668 -1.34428
7.37344 -0.722741
7.72353 0.61979
7.46136 1.75708
7.50868 1.64773
4.85613 -0.466456
7.17012 -1.031
6.92774 -1.3131
7.71929 0.743007
7.72086 0.710417
5.0426 -1.09555
4.7788 -0.0810264
4.79556 -0.178356
6.80835 2.66775
6.80638 2.66952
7.0784 2.38027
7.14594 -1.06287
7.09154 -1.12951
7.67511 1.09264
7.67665 1.08451
7.42933 1.82531
7.28008 2.09667
7.27481 2.10515
7.25296 2.13936
7.59089 1.42033
7.67922 1.07011
7.7025 0.918452
7.7161 0.785054
6.466 2.92838
6.80488 2.67086
5.92041 -1.93431
5.94065 -1.93082
5.8276 3.15219
5.39293 -1.74149
5.30731 -1.63199
6.12164 -1.88014
5.03994 -1.08835
7.70782 0.873726
7.06115 -1.1661
7.04672 -1.1831
7.7232 0.6536
