7.51526 -0.402262
7.48438 -0.474431
5.32404 2.97594
5.41418 3.03617
4.73401 1.33631
4.7359 1.35978
5.80136 -1.91401
5.8265 -1.91525
4.83034 -0.283698
4.81159 -0.188194
4.7438 0.287065
4.7464 0.260998
4.71461 0.782722
4.71435 0.790343
6.63631 2.79259
6.63676 2.79223
6.61848 -1.57031
6.6098 -1.57671
7.70833 0.466278
7.71031 0.519288
7.6969 0.854159
7.69983 0.826579
7.59379 -0.187169
7.57815 -0.234742
5.24575 2.90503
5.22941 2.89004
5.52198 3.08605
5.46425 3.05981
7.69522 0.29296
7.68902 0.240587
5.27782 -1.5469
5.25539 -1.5125
5.13963 -1.28794
5.16595 -1.34335
4.75803 1.57266
4.76355 1.61643
4.80819 1.89078
4.82462 1.97199
6.02456 -1.8879
5.98186 -1.89775
5.66778 -1.89082
5.63801 -1.88134
4.9021 -0.591186
4.91208 -0.628381
4.96255 -0.807177
4.95724 -0.788978
5.47139 -1.78141
5.49684 -1.80011
5.3591 -1.66282
5.33598 -1.63352
5.00337 -0.933938
5.02073 -0.984966
5.10276 2.72431
5.13252 2.76994
6.39692 2.94821
6.40455 2.94429
6.10705 3.07612
6.16128 3.05744
5.93334 3.11809
6.02011 3.10043
5.67859 3.1242
5.74866 3.12907
6.6358 2.79297
6.41977 -1.70842
6.39956 -1.72009
6.82116 -1.39715
6.79688 -1.41921
7.31692 -0.790423
7.36333 -0.713924
7.2178 -0.942194
7.22164 -0.936698
7.4835 1.67385
7.46273 1.72224
7.5177 1.58949
7.53228 1.55112
4.71481 0.920698
4.71566 1.03223
5.11814 -1.23671
5.08954 -1.16751
4.78736 -0.047851
4.77337 0.0445084
4.73257 0.410642
4.72504 0.507486
4.80992 -0.179335
4.80523 -0.154021
7.47092 -0.505061
7.53478 -0.353885
6.89781 2.56035
6.86591 2.59174
7.00274 2.44764
7.04444 2.39876
6.99502 -1.21886
7.02689 -1.18367
7.38385 1.88606
7.40255 1.84957
7.30678 2.02623
7.31394 2.01397
7.20183 2.19046
7.21879 2.16593
7.08354 2.35135
7.11933 2.30504
7.60221 1.33812
7.59272 1.371
7.64519 1.1718
7.64316 1.18098
7.68986 0.917367
7.67793 1.00011
7.55643 -0.296497
7.61476 -0.11695
7.43214 -0.584355
7.42619 -0.59653
4.72318 1.18043
4.72191 1.1556
5.57007 -1.84879
5.55674 -1.84245
4.7359 0.370295
4.73408 0.3915
4.71879 0.641842
4.71844 0.652358
4.71465 0.905415
4.97092 2.46451
4.95428 2.42292
4.92512 2.33955
4.93572 2.37242
6.64323 2.78704
4.71612 1.04021
4.71623 1.04853
4.72929 1.27647
5.73098 -1.90646
4.86568 -0.444924
4.84044 -0.331361
6.71654 2.72774
6.72277 2.72272
6.71129 2.73205
4.75032 0.225799
4.7536 0.19573
4.72342 0.535426
4.72412 0.521964
4.71817 0.66247
4.71452 0.774976
7.12662 -1.06448
7.13024 -1.06005
6.95705 -1.26109
7.707 0.735376
7.70687 0.738345
7.39305 -0.658311
7.36529 -0.710503
6.53017 2.86684
6.55038 2.85351
5.33203 -1.6287
5.3258 -1.62083
4.98487 2.49604
6.09105 3.0818
6.06315 3.09005
6.30355 2.99685
6.28514 3.00544
7.63474 -0.0431481
7.65558 0.043599
4.75285 1.52764
4.7483 1.4881
4.78169 1.74478
4.78421 1.76078
6.08221 -1.87039
6.06756 -1.87525
5.87523 -1.91341
5.87938 -1.91306
4.90444 2.27787
4.87843 2.19013
6.1516 -1.84455
6.22254 -1.81555
7.54756 1.50829
7.56378 1.46233
7.62708 -0.0740303
4.98933 -0.891125
4.98041 -0.863434
5.39728 -1.70954
5.38024 -1.68855
7.6689 0.114833
7.6609 0.0700087
5.42241 3.04091
5.31409 2.96794
5.18711 -1.38505
5.20882 -1.42888
4.73894 1.39602
4.73073 1.29563
4.80197 1.86
4.7926 1.80896
4.9297 -0.69198
4.95574 -0.783807
5.0539 -1.07782
5.04454 -1.05315
6.98627 2.46636
6.9358 2.52064
5.05336 2.64113
5.04174 2.61952
6.29037 -1.78102
6.25985 -1.79675
7.17341 -1.00216
7.21053 -0.952573
6.2502 3.02182
6.18595 3.04754
5.84229 3.12897
5.82895 3.13003
6.51864 -1.64362
6.70588 -1.49951
7.26776 -0.866781
7.29522 -0.82491
7.34603 1.95711
7.35987 1.93185
7.1339 2.28534
7.16996 2.23606
7.62507 1.25483
7.61933 1.27737
7.71055 0.557984
7.70586 0.413268
6.46116 2.91189
6.46275 2.91101
7.67805 0.166863
5.2271 2.88763
5.536 3.09076
5.6226 3.11403
5.15774 2.80398
7.70291 0.373373
5.23668 -1.48134
5.30727 -1.5934
5.12605 -1.2563
4.745 1.45701
4.76538 1.63097
4.75558 1.55226
4.78137 1.74262
4.84041 2.04231
4.88303 -0.519203
4.97635 -0.850066
4.87588 -0.489759
5.43209 -1.74399
5.54799 -1.83743
5.061 -1.09574
4.75721 0.164753
4.76679 0.0902941
5.06753 2.66489
6.32176 -1.76572
4.84977 2.0837
4.84554 2.06554
7.41821 -0.611983
6.34535 2.9759
6.09751 3.07966
5.80966 3.12971
6.03831 3.09671
5.67115 3.12304
6.71927 -1.4885
6.50815 -1.65051
6.88348 -1.33623
7.36439 -0.712077
7.71077 0.627812
7.44622 1.7585
7.4986 1.63777
4.87285 -0.476713
6.46438 2.91004
7.15792 -1.02357
6.93448 -1.28503
4.87121 2.16535
4.79143 -0.0738767
7.65557 1.12392
7.66198 1.093
7.66289 1.08797
7.66392 1.08295
6.81 2.64543
6.79288 2.66081
7.06643 2.37254
7.11704 -1.07658
7.08577 -1.11453
7.42047 1.81338
7.27225 2.08418
7.26407 2.09733
7.26582 2.09464
7.57703 1.42163
7.66674 1.06675
7.69035 0.913893
7.70671 0.7405
6.77984 2.67246
7.26692 2.09293
5.92448 -1.9083
5.96744 -1.9009
5.41671 -1.72927
5.86899 -1.91362
6.12437 -1.85615
5.00984 2.55426
7.69083 0.909848
7.06856 -1.13525
7.04086 -1.16789
7.71056 0.648859
