6.39951 1.02867
6.42718 0.986576
5.9481 0.801996
5.9389 0.708441
6.51254 0.78957
6.51306 0.787451
6.01696 1.01822
6.01434 1.01216
6.14153 1.12584
6.21818 1.12827
6.26042 0.184077
6.3013 0.188454
6.04826 0.293546
6.0907 0.235602
6.51693 0.561554
6.51153 0.509513
5.94772 0.552214
5.96003 0.47648
6.42022 0.282774
6.40783 0.268891
6.34816 1.07194
6.44464 0.954262
6.1066 1.10217
6.02099 1.02521
5.93824 0.683132
5.95808 0.849741
6.52227 0.679857
6.5117 0.793236
6.47712 0.389734
6.42871 0.294403
6.2677 1.12706
6.4762 0.88413
5.97604 0.912947
5.94464 0.581336
6.48927 0.430541
6.52412 0.641738
5.96027 0.475352
5.96033 0.475015
5.99249 0.377918
5.99827 0.363971
6.11789 0.217341
6.19186 0.178325
6.32116 0.199858
5.98818 0.389739
6.37053 0.231871
