7.56008 0.0378764
7.56932 0.0767364
7.53253 1.25483
7.52253 1.29432
5.33442 -1.37123
5.38653 -1.4451
5.66836 -1.68733
5.68837 -1.69541
5.05294 -0.739962
5.04646 -0.719077
5.12021 -0.930033
5.14691 -1.00044
6.57742 2.69607
6.56081 2.7085
6.90955 2.4018
6.91778 2.39282
4.81158 0.781144
4.80932 0.845397
5.12289 2.48332
5.14959 2.53253
7.17418 -0.834292
7.13626 -0.890375
6.15279 2.91924
6.18563 2.90673
5.87701 2.97253
5.94254 2.9673
7.04868 2.23743
7.03742 2.25218
6.38708 2.81506
6.3498 2.83558
7.57738 0.116805
7.59333 0.210245
7.54191 -0.0375526
7.52027 -0.118343
7.46165 -0.289137
7.47445 -0.255432
7.37098 -0.497054
7.35153 -0.537595
7.39501 1.65082
7.38273 1.67847
7.46304 1.47757
7.45141 1.50934
5.53281 2.9085
5.58423 2.92947
5.33637 2.77381
5.36895 2.80248
5.32825 -1.36235
5.28236 -1.28352
4.81545 1.10621
4.82204 1.22248
4.83617 1.38211
4.84455 1.45972
4.87367 1.66842
4.87719 1.69106
5.79186 -1.72337
5.85494 -1.73342
4.98297 -0.502687
4.99583 -0.548789
5.50335 -1.57713
5.51196 -1.58425
5.19546 -1.11083
5.16363 -1.03905
4.92177 1.913
4.9352 1.96707
4.86236 0.0956191
4.85247 0.168184
4.82853 0.389963
4.82743 0.400591
4.81083 0.715822
4.81269 0.650824
5.22511 2.64753
5.20207 2.61332
4.97614 2.11867
4.97616 2.11873
6.24083 -1.65449
6.28293 -1.63398
7.03339 -1.02349
7.00029 -1.06265
5.7352 2.96758
5.77361 2.96999
6.63633 -1.41308
6.70026 -1.36032
6.43757 -1.55168
6.50094 -1.51035
7.61664 0.431883
7.61201 0.363443
7.62102 0.61527
7.62135 0.575203
7.60273 0.891918
7.5983 0.929583
4.9428 -0.336638
4.95954 -0.408501
7.08871 -0.952287
7.123 -0.908511
7.23574 -0.742039
7.24994 -0.719692
6.86766 -1.2066
6.85117 -1.22342
7.27383 1.89652
7.26216 1.91793
4.81066 0.976261
4.81066 0.976942
4.89885 -0.128987
4.8962 -0.114658
7.40264 -0.431996
7.42731 -0.375327
7.51319 1.32588
7.49774 1.37745
7.58104 1.0365
7.57592 1.06724
6.73395 2.57171
6.77593 2.53367
7.18358 2.04796
7.13883 2.11434
7.51428 -0.136995
7.50759 -0.158091
7.3998 -0.438478
7.32644 -0.586258
7.34098 -0.558286
7.4302 1.56557
7.48169 1.42462
4.81513 1.10134
4.82356 1.24276
4.81083 0.716006
4.80932 0.847267
6.66026 2.63333
6.67152 2.62423
7.5631 1.12721
7.5701 1.09717
7.61332 0.792596
7.61271 0.799859
7.59281 0.96609
7.59587 0.946013
4.92519 -0.259363
4.96694 -0.439343
7.3209 1.8086
7.33257 1.78597
7.41878 1.59397
4.81426 1.0401
5.71404 -1.70505
5.74764 -1.7154
5.01793 2.24429
5.04127 2.30618
7.19672 2.02751
7.22576 1.98065
6.09109 -1.70594
6.04646 -1.71834
6.42055 2.79729
6.45707 2.77539
4.82799 1.29607
4.81082 0.716182
4.97917 -0.48779
4.82236 0.462693
4.81886 0.515117
7.57317 0.0957338
7.55109 -0.00289298
5.4339 2.85246
5.46604 2.87259
5.42422 -1.4943
5.3308 -1.36618
4.83204 1.34183
4.91965 -0.233384
4.92192 -0.244131
5.06365 -0.773516
5.02263 -0.640666
5.15588 -1.02151
5.10172 -0.880031
4.89767 1.80374
4.90033 1.81592
6.53399 2.72614
6.59337 2.68443
6.94102 2.36665
6.84853 2.46433
5.17094 2.56735
5.09794 2.43288
6.17818 -1.67806
6.143 -1.69209
7.13234 -0.895613
7.1941 -0.805646
6.93993 -1.13067
6.98301 -1.08293
6.09372 2.93679
6.25894 2.87841
6.01195 2.95547
5.83847 2.974
6.53642 -1.48707
6.60388 -1.43733
7.01154 2.28459
7.08908 2.18387
7.62009 0.524049
7.61852 0.468164
6.3323 2.8437
6.40396 2.80641
7.59799 0.24181
7.35757 1.73346
5.63286 2.94591
5.28721 2.72275
7.60959 0.338367
5.44835 -1.52089
5.2414 -1.20793
4.85269 1.52388
4.8596 1.57613
4.85637 1.55273
4.89064 1.76733
5.9321 -1.73263
5.76031 -1.71895
5.57928 -1.63737
5.58946 -1.64337
4.99942 -0.561372
5.08626 -0.837602
5.23665 -1.19927
5.23251 -1.19138
4.94841 2.02062
4.87285 0.0251509
4.84644 0.216474
5.24135 2.6693
5.07977 2.3962
5.06084 2.35389
6.33975 -1.60723
5.95126 -1.73272
5.99341 -1.72675
6.88872 -1.18484
7.04513 -1.00912
6.29095 2.86405
6.0473 2.94928
5.71733 2.96469
6.73738 -1.32909
6.39016 -1.57859
6.79103 -1.27988
7.29951 -0.635631
7.27744 -0.673934
7.62009 0.684805
6.61914 2.6649
6.64707 2.64431
4.90649 -0.169494
6.47514 2.76472
7.07364 -0.972195
4.88061 -0.0233883
7.54766 1.19732
7.55867 1.14928
7.49454 1.38799
7.52095 1.29981
7.57235 1.08464
7.58414 1.02036
6.82141 2.49136
6.69959 2.60061
6.98296 2.31868
7.11939 2.14169
7.18656 2.04349
7.61426 0.780281
7.61938 0.705525
7.48407 -0.228758
7.44388 -0.335437
7.30839 -0.620033
4.83297 0.338756
4.83587 0.308899
4.82355 0.446977
4.81485 0.588426
4.8151 0.582683
7.60547 0.86999
7.33604 1.77907
7.2978 1.85314
7.24008 1.95659
4.84141 0.259452
5.00678 2.21365
7.34819 1.75339
7.54095 1.22393
5.63413 -1.6698
4.8392 0.277325
4.82938 0.378143
4.81271 0.64941
7.29032 1.86713
4.8186 0.520427
4.81824 0.525351
