5.88267 2.25322
5.78697 2.21641
6.79359 -0.579973
6.77345 -0.603283
6.54845 -0.810793
6.60839 -0.762863
7.10701 1.23915
7.09676 1.27092
5.24081 0.964131
5.24174 0.977853
6.92398 1.63773
6.90181 1.67356
5.9313 -0.951199
5.92287 -0.947623
6.12091 -0.979002
6.14381 -0.976036
5.24872 0.470467
5.24139 0.571813
6.20024 2.24926
6.25957 2.229
6.4157 2.15823
6.4505 2.13618
6.32029 -0.936287
6.41089 -0.895442
5.99029 2.27085
5.89726 2.25637
6.89885 -0.440028
6.91323 -0.419227
5.26326 1.19405
5.25194 1.09876
7.1689 1.01097
7.17665 0.973133
5.49673 -0.494906
5.51678 -0.532685
5.59678 -0.666871
5.56777 -0.624334
5.35967 1.63008
5.3838 1.69816
5.30175 1.41784
5.29523 1.3851
5.53417 1.99015
5.59321 2.06692
5.43567 1.8218
5.41301 1.77362
5.66671 2.13652
5.59592 2.06958
6.77793 1.84375
6.78001 1.8412
7.00792 1.48264
6.97102 1.55527
5.74734 -0.841273
5.72686 -0.821672
7.14164 0.0863445
7.11014 -0.0144001
7.05491 -0.154517
7.02402 -0.221529
5.39837 -0.257414
5.41666 -0.306629
5.34704 -0.0868978
5.34188 -0.0682616
5.30326 0.0991402
5.29206 0.155471
5.23603 0.77993
5.23658 0.837043
5.26503 0.325058
5.25084 0.444496
7.20792 0.477578
7.21111 0.577725
7.17297 0.215549
7.19301 0.330218
7.1436 1.11542
7.13352 1.15429
7.08882 1.29335
7.06589 1.35273
7.19085 0.892434
7.15583 1.06928
7.1931 0.87682
6.70908 1.92077
6.63856 1.99295
6.52872 2.08368
6.53166 2.08136
6.77101 1.85212
6.63695 1.99451
6.63594 1.99544
6.4809 2.11564
6.50204 2.10237
6.80998 1.80246
6.82096 1.78832
5.36771 -0.158114
5.37842 -0.194954
7.2011 0.803391
7.20678 0.742511
7.19397 0.870636
5.32492 -0.00610566
5.32464 -0.00492174
5.23607 0.763925
5.23649 0.706741
5.76014 2.20122
5.88771 2.25485
6.74135 -0.637712
6.84564 -0.513479
6.66785 -0.712196
6.51567 -0.832794
5.25003 1.08033
5.24069 0.961953
5.47996 -0.461214
5.45455 -0.402159
5.65462 -0.746108
5.64881 -0.738215
5.32743 1.52608
5.33057 1.53652
5.48116 1.90841
5.50127 1.9427
6.88938 1.69221
6.9572 1.58083
5.83856 -0.907325
5.94865 -0.955387
6.21754 -0.966436
6.08677 -0.977895
7.10362 -0.0325127
7.06968 -0.120485
5.32423 -0.00308443
5.24085 0.581181
5.25059 0.446948
7.19469 0.342336
7.20639 0.455248
6.07064 2.27042
6.09439 2.26953
6.11213 2.26623
6.30733 2.21239
6.43379 -0.884229
6.27484 -0.950027
5.68815 2.15461
6.69436 -0.686405
6.92956 -0.393375
6.97375 -0.318125
5.2367 0.844775
5.26981 1.23934
5.43373 -0.350671
5.44697 -0.383936
5.54477 -0.584412
5.65785 -0.750201
5.3959 1.7315
5.32145 1.50316
5.28054 1.30672
5.59384 2.0676
5.45977 1.86815
7.03571 1.42353
6.84139 1.76043
7.04653 1.39948
5.81342 -0.890327
6.0255 -0.973917
6.99421 -0.280052
7.1448 0.0973056
7.17019 0.202414
5.3826 -0.20843
5.32618 -0.0114009
5.35975 -0.131605
5.28345 0.205435
5.23602 0.771904
5.26805 0.303351
5.23667 0.69922
7.21117 0.622764
7.2094 0.683583
7.05518 1.38041
6.56872 2.05139
6.52537 2.08639
6.34299 2.19595
7.2079 0.725178
7.11963 1.20297
6.37921 2.17707
6.39785 2.16802
