7.26889 1.50358
7.26962 1.50171
7.44746 0.662467
7.44986 0.595526
7.4081 1.03012
7.41474 0.996965
5.10188 -0.19078
5.10175 -0.190247
5.1698 -0.443361
5.18195 -0.483397
5.40469 -0.995298
5.36239 -0.921633
5.51616 -1.1561
5.52998 -1.17337
5.01482 1.30078
5.02046 1.34992
5.16805 1.99471
5.1865 2.0447
7.20142 1.65248
7.20556 1.64435
7.2624 -0.308778
7.21559 -0.407016
5.0282 0.213005
5.0309 0.192023
6.47161 -1.25194
6.49607 -1.23586
6.17128 2.64044
6.1676 2.6413
6.39736 2.54366
6.40778 2.53792
7.11939 -0.581455
7.10512 -0.605011
5.55392 2.56236
5.60969 2.59431
7.44516 0.740732
7.44558 0.735501
5.23657 -0.638562
5.21596 -0.581567
5.31397 -0.82304
5.3512 -0.901584
5.05668 1.57618
5.04395 1.50416
5.10505 1.79458
5.1075 1.80293
5.00529 1.20263
4.99696 1.08359
5.47 2.49387
5.52561 2.53959
5.3432 2.34508
5.36413 2.37482
6.0824 -1.40181
6.0331 -1.4047
6.27528 -1.3511
6.2786 -1.34959
5.89558 -1.39916
5.92292 -1.40229
5.24528 2.17681
5.22033 2.12261
6.86799 -0.916419
6.83855 -0.948886
6.68573 -1.09571
6.68557 -1.09586
5.71365 -1.33083
5.66618 -1.29828
7.28449 -0.25583
7.26544 -0.301752
7.3513 -0.067278
7.37594 0.0187711
7.40942 0.165163
7.42611 0.26072
5.07004 -0.036789
5.07592 -0.0666089
4.98916 0.867101
4.98985 0.908031
4.9914 0.669945
4.99019 0.712566
5.00787 0.398742
5.00337 0.451646
5.92414 2.67672
5.96026 2.67672
5.65726 2.62092
5.75424 2.65524
6.9741 -0.791534
6.94651 -0.826328
7.38945 1.12081
7.38647 1.13547
7.44742 0.475401
7.44259 0.401421
5.14133 -0.34305
5.12051 -0.265233
7.42376 0.933781
7.41849 0.973953
6.58183 2.42468
6.59323 2.41578
6.75586 2.27585
6.74216 2.28859
6.88223 2.14037
6.87594 2.14798
7.03099 1.94666
6.98271 2.0136
6.29552 2.59375
6.34272 2.57196
6.44117 2.51889
6.45953 2.50768
5.16287 -0.419779
4.99062 0.949689
4.99168 0.996061
4.98866 0.818483
7.3611 1.2322
7.37364 1.18508
7.33303 1.32578
7.32835 1.33974
5.11455 -0.241801
5.11693 -0.251192
6.83056 2.19864
6.8179 2.21217
7.03781 1.93665
7.07901 1.87246
7.28782 -0.247461
7.30797 -0.195462
5.00768 1.23335
5.00661 1.22034
7.4438 0.758548
7.43814 0.822264
5.01004 0.375309
5.01537 0.321058
4.99313 0.625881
4.99498 0.582149
7.15765 1.73615
7.14644 1.75707
5.05961 0.019467
5.052 0.0600051
4.98872 0.777753
7.08558 -0.635667
7.04041 -0.702055
7.2336 1.58633
7.2855 1.46138
7.44948 0.5805
7.44691 0.692337
7.41705 0.981993
7.40519 1.04707
5.09041 -0.139094
5.10254 -0.193757
5.35624 -0.910873
5.43953 -1.0529
5.58462 -1.22948
5.49027 -1.12168
5.07916 1.68648
5.10025 1.77613
6.66846 2.35541
6.67324 2.35122
5.40268 2.42194
5.45796 2.48279
6.17811 -1.38286
6.25128 -1.35912
5.80484 -1.37432
5.86507 -1.3907
5.20423 2.08733
5.1564 1.96017
6.68601 -1.09546
6.76388 -1.02336
7.23092 1.59214
7.17643 1.70084
7.26293 -0.30759
7.20162 -0.434333
7.38387 0.0499764
7.4039 0.136959
4.98936 0.736465
5.03142 0.188423
5.01616 0.313737
5.7759 2.66013
5.85679 2.6735
6.57065 -1.18566
6.38229 -1.30227
6.96098 2.04217
6.93058 2.0816
6.06509 2.6652
6.00715 2.67164
6.18574 2.63535
6.2785 2.60174
6.99575 -0.763088
7.16467 -0.502967
7.23289 1.5879
7.23324 1.58713
7.30248 1.41802
5.65279 2.619
5.54876 2.55862
7.44496 0.744061
5.2653 -0.714313
5.20183 -0.54171
5.27373 -0.734079
5.2811 -0.750561
5.45703 -1.07757
5.62238 -1.2655
5.03711 1.46399
5.07186 1.65134
5.13623 1.89927
5.02203 1.36039
5.31584 2.3021
5.98817 -1.40769
6.16486 -1.38541
6.37385 -1.30693
5.76958 -1.35858
5.27325 2.23218
5.29112 2.26318
6.81231 -0.976623
6.90816 -0.871328
6.59984 -1.16335
7.13132 1.78412
7.08999 1.85452
7.18093 -0.473749
7.28606 -0.251969
7.31113 -0.186767
7.34294 -0.0945375
7.4286 0.278476
5.08544 -0.115605
5.06373 -0.00330047
4.99217 0.647367
4.99601 0.562476
5.00212 0.467548
5.00895 0.386362
5.04989 0.0727199
7.44184 0.393102
7.37889 1.16334
7.39207 1.11005
7.44874 0.498566
7.35254 1.26157
7.39815 1.07822
7.42938 0.898939
6.70211 2.32508
6.50813 2.47707
6.80138 2.22961
6.86358 2.16241
7.03273 1.94423
6.49581 2.48565
7.43404 0.862366
6.2868 2.598
7.3029 1.41694
5.18597 -0.495278
6.3867 2.54976
