4.70903 -1.17594
4.72388 -1.2304
5.41945 -2.58343
5.37803 -2.56977
5.08498 -2.2553
5.09908 -2.28336
5.02685 3.44941
5.11419 3.51807
5.23606 -2.47449
5.21248 -2.44642
4.62904 -0.865186
4.65452 -0.969265
4.57003 -0.610096
4.53715 -0.449681
6.27146 3.46365
6.18111 3.50726
4.56895 2.49797
4.59068 2.58783
7.29718 2.5871
7.34035 2.5293
7.42353 -1.1846
7.46072 -1.13189
7.27226 -1.38364
7.31723 -1.32792
6.61759 -2.03029
6.63318 -2.01833
6.96363 -1.72035
7.02002 -1.66524
5.6076 -2.59093
5.64615 -2.58487
4.81101 -1.53565
4.79158 -1.47009
4.86582 -1.7128
4.86571 -1.71243
7.83621 -0.404238
7.83358 -0.411656
4.82644 3.203
4.81538 3.1838
4.88743 3.29392
4.91632 3.33242
4.97803 3.40293
5.01577 3.43957
5.23655 3.58444
5.30875 3.61212
6.0262 -2.43451
6.03879 -2.42743
5.82827 -2.52816
5.73853 -2.56104
6.80313 3.10346
6.78178 3.1218
6.5538 3.29353
6.58891 3.2693
5.67663 3.64972
5.72282 3.64445
4.58019 -0.657162
4.59555 -0.723547
4.51247 2.21306
4.50455 2.16942
4.47702 1.99238
4.4779 1.99823
7.73993 -0.638912
7.74549 -0.626389
7.62101 -0.872586
7.63222 -0.852592
5.95367 3.59387
5.98187 3.58388
6.40469 3.38994
6.29911 3.4494
7.0777 2.84493
7.12334 2.79546
6.95418 2.9674
6.9983 2.92563
7.52409 -1.03453
7.482 -1.10037
6.79763 -1.87671
6.82859 -1.84993
8.00447 0.57737
8.00434 0.514484
6.38959 -2.20352
6.41043 -2.18955
6.28366 -2.27743
6.26301 -2.28996
4.75838 -1.35695
4.76459 -1.37959
4.93154 -1.90384
4.94876 -1.94857
4.79026 3.13814
4.77539 3.10801
5.47649 3.64824
5.50351 3.65046
5.6934 -2.57379
5.71488 -2.56776
4.67845 2.87841
4.6672 2.84751
7.71166 1.88633
7.69574 1.92217
7.99639 0.77473
7.99783 0.756624
5.4575 -2.59201
5.32712 -2.54516
5.36985 -2.56713
5.29492 -2.52492
5.50685 -2.59694
5.46472 -2.5929
5.00251 -2.08463
5.03223 -2.15092
6.08979 -2.39886
6.08917 -2.3992
5.26757 -2.50014
5.18384 -2.41501
5.13771 -2.34906
4.40334 0.896514
4.40347 0.850081
4.40425 1.02299
4.40371 0.97708
4.41834 1.39487
4.4161 1.35831
4.42679 1.51512
4.42472 1.48661
4.50154 -0.261616
4.52531 -0.388886
4.42417 0.365985
4.42689 0.331349
4.41496 0.502162
4.41735 0.461806
4.47732 -0.108455
4.47934 -0.121952
4.44279 0.16378
4.44785 0.117442
5.90883 3.60652
5.8383 3.62399
6.15042 3.5198
6.29341 3.45267
4.56202 2.46835
4.54516 2.38778
4.63034 2.73443
4.62892 2.72927
7.19392 2.71513
7.20775 2.69893
7.97753 0.952375
7.96749 1.02289
7.93476 1.20298
7.91315 1.2994
7.36171 -1.26952
7.32347 -1.31982
6.70949 -1.95387
6.53411 -2.09697
7.04286 -1.64142
6.92476 -1.75944
7.50156 2.28832
7.46925 2.3408
7.58055 2.15072
7.55641 2.19429
7.4176 2.41922
7.4582 2.35823
7.86487 1.47569
7.88211 1.41732
7.80933 1.6432
7.82457 1.60031
5.54928 -2.5974
5.55541 -2.59687
7.91944 -0.13127
7.92483 -0.110333
7.87575 -0.28586
7.88126 -0.267874
7.87072 -0.302121
4.85311 3.2424
4.93674 3.35759
6.88405 3.0326
6.85432 3.05922
6.77319 3.12894
6.72782 3.16559
6.6712 3.20863
6.64378 3.22939
6.51513 3.32048
4.46078 1.86897
4.46123 1.87276
4.52495 2.28616
4.48862 2.07345
5.81711 3.62778
5.78017 3.63546
6.06785 3.55422
6.4306 3.37353
6.41694 3.38223
7.02213 2.90158
6.9177 3.00268
6.52171 -2.10592
6.88243 -1.79889
6.73132 -1.93592
7.11429 -1.56695
8.00243 0.667479
8.00142 0.689099
6.33444 -2.24217
4.75462 3.06743
4.67023 -1.03059
4.67166 -1.03598
4.44572 1.73146
4.44682 1.74324
4.43311 1.59211
4.43493 1.61492
4.40705 0.67725
4.40561 0.7226
4.41235 0.550237
4.41034 0.592222
7.77297 1.74073
7.73882 1.82454
7.68284 1.94961
7.64899 2.02014
4.71062 2.96593
4.71891 2.98646
7.17342 -1.50018
7.20904 -1.45925
4.619 -0.82277
4.40844 1.1876
4.40994 1.23107
4.40493 1.05856
4.40591 1.10408
6.18638 -2.34067
4.83224 3.21194
4.49687 -0.235034
4.4977 -0.240167
7.12104 -1.55941
7.16345 -1.51166
7.11724 -1.56366
4.95462 -1.96498
4.97486 -2.0164
8.00264 0.661988
5.96449 -2.46694
5.93798 -2.47979
8.00104 0.411874
7.99317 0.298351
7.97433 0.141941
7.95871 0.0462882
4.48671 2.06186
4.9512 3.37339
7.99052 0.844753
7.99374 0.808175
4.7336 -1.26652
4.69169 -1.11125
4.83818 -1.62438
4.82826 -1.5911
4.97805 -2.02535
5.00222 -2.08395
5.1361 -2.34666
5.06431 -2.21743
5.11838 3.5208
5.91798 -2.48853
5.84733 -2.52114
7.98482 0.223973
7.97858 0.169852
4.41377 1.29457
4.41444 1.33455
4.40355 0.959896
4.40336 0.913581
4.40541 0.786578
4.40341 0.832977
4.42234 1.45513
4.42017 1.42246
4.41918 0.434311
4.42176 0.396583
5.55308 3.65358
5.60678 3.65335
4.48514 2.05205
4.4583 0.0287409
4.46236 -0.00294996
7.68403 -0.755038
7.68928 -0.744752
4.56663 2.48861
4.60626 2.6461
4.64509 2.78234
4.63705 2.75709
7.15567 2.75988
7.16764 2.7462
7.95822 1.07973
7.94371 1.15901
7.27264 2.61845
7.36119 2.50079
7.47495 -1.11091
7.40335 -1.21291
7.31841 -1.32637
7.26175 -1.39682
7.54157 2.22022
7.50879 2.27633
7.83833 1.55933
7.85442 1.50988
5.65138 -2.58336
5.60093 -2.59248
4.78432 -1.44656
4.86612 -1.71378
5.21177 3.57357
5.16773 3.55076
5.39674 3.63584
6.08679 -2.40053
5.98839 -2.45434
5.73371 -2.56227
7.99158 0.282534
7.93953 -0.048169
7.94688 -0.0133574
7.93417 -0.0729103
4.89698 -1.80429
4.91436 -1.85361
4.46919 1.9346
7.69388 -0.735549
7.78972 -0.524002
7.57212 -0.956846
7.37123 -1.25726
7.55284 -0.988988
8.00291 0.653094
8.00405 0.486342
4.75644 -1.34971
5.40548 3.63778
5.69112 -2.57461
4.65611 -0.975732
4.66093 -0.995139
4.43903 1.66155
4.44053 1.67908
4.40942 0.613585
4.4077 0.657415
4.65083 2.79876
4.68827 2.90658
4.40644 1.12294
4.40772 1.16758
4.49891 -0.247224
4.68469 -1.0852
5.50951 -2.59702
5.04066 -2.1674
5.1373 -2.34852
5.19383 -2.42622
4.40437 1.04058
4.42958 1.55076
4.42973 0.297314
4.41331 0.527022
4.49148 -0.201263
4.43506 0.238816
4.61658 2.6859
4.53843 2.35405
7.23185 2.66943
7.14908 2.76739
7.98537 0.890471
7.90751 1.32248
7.40356 2.43993
7.22422 -1.44119
7.61846 2.07979
7.60152 2.11213
7.46038 2.35485
7.88897 1.39229
7.79268 1.68872
5.56155 -2.59591
7.90977 -0.168582
6.72197 3.17039
4.45388 1.81262
4.46499 1.90251
6.08876 -2.39942
4.65543 -0.972955
4.45277 1.80159
4.40496 0.741084
4.70828 2.95943
4.64721 2.78842
4.53053 2.31442
7.77835 1.72725
7.7283 1.84894
7.63678 2.04448
4.7369 3.02774
4.4106 1.25235
5.65998 3.65074
5.40294 3.63735
8.00222 0.432052
5.776 3.6361
6.69791 3.18861
6.8242 3.08582
4.92357 -1.88054
7.81144 -0.468831
7.79243 -0.517438
6.61889 3.24812
4.45336 1.80735
7.90413 -0.189088
