6.0618 0.0670712
6.06916 0.0602403
6.35291 0.046537
6.28005 0.0154077
5.93868 0.228994
5.90187 0.303737
6.60088 0.839889
6.61831 0.768574
6.52475 0.223166
6.52878 0.230444
6.53312 1.03872
6.53006 1.04518
5.90256 1.06827
5.8935 1.04729
6.04612 1.25181
6.13192 1.29581
5.84456 0.85359
5.85826 0.923251
5.86734 0.421423
5.8873 0.341423
6.6251 0.700809
6.62459 0.723853
6.38833 1.22546
6.38851 1.22531
6.52419 1.0562
6.46348 1.13763
5.96234 1.16529
6.00955 1.22735
5.83952 0.782203
5.83385 0.72881
6.62326 0.737382
6.59118 0.882309
6.56623 0.308019
6.57248 0.938973
6.38871 1.22509
5.91163 1.08403
6.22612 1.29623
5.84342 0.847797
5.83424 0.667049
5.83404 0.713896
5.84313 0.539983
5.83823 0.585912
6.61929 0.504604
6.62229 0.530971
6.25554 1.29526
6.27043 1.28941
6.48997 0.173302
6.47937 0.156318
6.62521 0.584093
6.57553 0.333613
6.58972 0.3725
6.16871 0.0128226
6.03872 0.0904801
6.39505 0.0707792
6.1772 0.0115141
5.89494 0.320454
5.97362 0.163277
5.99095 0.142559
6.1714 0.0116999
6.4513 0.125648
5.85736 0.464335
6.59932 0.407766
5.86701 0.960653
5.83452 0.648985
5.83642 0.604505
5.8448 0.524468
6.5221 0.218726
