7.52203 -0.4086
7.49475 -0.472362
5.32291 2.99444
5.39932 3.0455
4.72506 1.34152
4.72652 1.35974
5.7862 -1.93094
5.82375 -1.9328
4.82171 -0.288583
4.8027 -0.191743
4.73521 0.282084
4.7373 0.261146
4.70512 0.782877
4.70504 0.784952
6.63958 2.80249
6.64841 2.79554
7.71702 0.469539
7.71868 0.514025
7.70612 0.848361
7.70811 0.829684
7.60087 -0.193799
7.58807 -0.232764
5.52095 3.10297
5.52767 3.10474
5.19016 2.86566
5.21678 2.89797
7.70312 0.285561
7.69821 0.244032
5.25001 -1.5296
5.24301 -1.51887
5.14016 -1.31796
5.15492 -1.34903
4.74921 1.57779
4.75408 1.61639
4.79627 1.88339
4.8153 1.97741
6.02196 -1.90452
5.99581 -1.91055
5.65388 -1.90634
5.63504 -1.90034
4.89323 -0.596081
4.89965 -0.619993
4.96066 -0.835283
4.94705 -0.788609
5.34505 -1.67004
5.32255 -1.64154
5.0015 -0.961145
5.01136 -0.990138
5.09136 2.73146
5.13092 2.79213
6.40953 2.95489
6.40967 2.95482
6.12201 3.08403
6.16673 3.06864
6.03513 3.11146
5.93247 3.13236
5.69682 3.14032
5.75614 3.14445
6.62973 2.81005
6.72657 2.73261
6.72345 2.73536
6.61678 -1.58525
6.61982 -1.58281
6.41806 -1.72352
6.41145 -1.72733
6.8194 -1.41266
6.80604 -1.4248
7.32311 -0.797717
7.36011 -0.736726
7.22367 -0.949105
7.23356 -0.934946
7.49326 1.67293
7.46931 1.72874
4.86497 2.18247
4.86628 2.18762
7.52729 1.58859
7.539 1.55777
4.70542 0.915257
4.70636 1.03765
5.1018 -1.22655
5.07953 -1.17265
4.77734 -0.0417016
4.765 0.0397735
4.72385 0.405588
4.71547 0.513363
7.47763 -0.511334
7.54493 -0.351861
6.8967 2.57528
6.87441 2.59722
7.07432 2.37795
7.01056 2.45269
7.13283 -1.07188
7.13416 -1.07022
6.99885 -1.22879
7.03516 -1.18871
7.38962 1.89381
7.41205 1.85003
7.31236 2.03373
7.32364 2.01444
7.21592 2.18614
7.22647 2.17088
7.07464 2.37756
7.12691 2.30993
7.61118 1.33728
7.5995 1.37771
7.65377 1.17099
7.65004 1.18779
7.69462 0.943367
7.686 1.00313
7.56336 -0.302987
7.62439 -0.115027
7.44965 -0.568523
7.43702 -0.594369
6.47425 2.91633
6.46935 2.9196
4.71349 1.17441
4.71279 1.1609
5.54957 -1.85939
5.5449 -1.85718
5.54349 -1.85623
4.72628 0.376207
4.72495 0.391649
4.70938 0.647618
4.70922 0.652508
4.70538 0.91111
4.96041 2.4711
4.95228 2.45077
4.91063 2.33173
4.92577 2.37866
6.75296 2.70959
4.7065 1.04023
4.70654 1.04291
4.72032 1.28169
5.72812 -1.92471
4.84837 -0.410227
4.82933 -0.324544
5.46827 -1.80134
5.46519 -1.79842
4.74178 0.22085
4.74451 0.195878
4.71449 0.530251
4.71491 0.522114
4.70909 0.65721
4.70509 0.780768
6.96529 -1.26611
7.39922 -0.665586
7.37465 -0.711789
6.5538 2.86386
4.96723 2.48651
6.09022 3.09531
6.03805 3.11074
6.30272 3.01053
6.29041 3.01627
7.64612 -0.0328666
7.66285 0.0367931
4.74272 1.52135
4.73889 1.48806
4.77215 1.74473
4.78224 1.80873
6.09431 -1.88149
6.0483 -1.89677
5.88597 -1.9292
5.86307 -1.93129
4.89464 2.28402
4.86891 2.19724
6.17747 -1.84857
6.2208 -1.83085
5.67292 3.13886
5.66137 3.13736
7.55127 1.52335
7.57047 1.46895
7.63424 -0.080733
4.98019 -0.896173
4.96665 -0.854148
5.54209 -1.85519
5.39405 -1.73019
5.35934 -1.68744
7.67809 0.116666
7.67146 0.0795599
5.42135 3.05818
5.30053 2.97645
5.16678 -1.3724
5.19761 -1.43464
4.73001 1.40122
4.72136 1.29558
4.79264 1.86543
4.78227 1.80891
4.92094 -0.696819
4.94321 -0.775347
5.044 -1.08329
5.0427 -1.07988
6.98514 2.4816
6.94395 2.5259
5.04201 2.64825
5.03995 2.64442
6.30061 -1.79042
6.28174 -1.80015
7.17743 -1.0126
7.20495 -0.975843
6.24936 3.03552
6.20033 3.05515
6.67926 -1.53484
6.71558 -1.50542
7.27382 -0.873917
7.3071 -0.823164
7.35169 1.96472
7.36945 1.93231
7.14838 2.2809
7.17759 2.24099
7.63383 1.25401
7.62615 1.28412
7.71898 0.561146
7.71416 0.408053
7.68566 0.159737
5.22587 2.90773
5.5182 3.10193
5.62163 3.12998
5.14543 2.81171
7.71184 0.376723
5.23717 -1.50914
5.29456 -1.59993
5.11592 -1.26151
4.73493 1.45075
4.75656 1.6361
4.74614 1.55222
4.77088 1.73611
4.82817 2.03471
4.88097 -0.549804
4.96529 -0.849665
4.86755 -0.494475
5.45377 -1.78753
5.40661 -1.74263
5.04498 -1.08577
4.74871 0.159825
4.75687 0.0963864
5.04453 2.65246
6.32003 -1.78095
4.84055 2.08944
4.83495 2.06543
7.42009 -0.627171
6.41104 2.95404
6.35054 2.98657
6.10306 3.09107
5.83636 3.14384
6.03744 3.11093
5.83077 3.14455
5.82114 3.14514
5.67909 3.13935
6.51897 -1.65711
6.71754 -1.50381
6.49039 -1.67612
6.51694 -1.65863
6.89217 -1.34153
7.37038 -0.719133
7.71917 0.622532
7.45618 1.75756
7.50523 1.64433
4.86185 -0.469962
7.16595 -1.02846
6.93005 -1.3035
7.71506 0.741417
7.71606 0.720635
4.78312 -0.0785829
4.80085 -0.181606
6.80891 2.66012
6.80176 2.66654
7.07449 2.37774
7.13642 -1.06739
7.08957 -1.12439
7.67152 1.08908
7.67181 1.08756
7.4263 1.82123
7.275 2.09643
7.27196 2.10132
7.25936 2.12105
7.58615 1.42077
7.67229 1.08485
7.69835 0.916894
7.71302 0.76823
6.46524 2.92231
6.79632 2.67141
5.9218 -1.92542
5.94981 -1.9206
5.82805 3.14481
5.40106 -1.73732
5.31654 -1.63248
6.12257 -1.87194
4.99915 2.56097
7.70201 0.886072
7.06368 -1.15556
7.04472 -1.1779
7.71888 0.65198
