6.18088 2.51081
6.28669 2.47384
6.98613 -0.628375
7.04159 -0.5435
7.37089 0.602396
7.37124 0.592629
5.13811 1.52357
5.14656 1.56273
7.12382 1.62614
7.12681 1.62026
5.7249 -1.16735
5.78666 -1.20159
7.15636 -0.33999
7.1532 -0.34661
7.32176 0.139361
7.30902 0.0835692
5.138 0.0541883
5.13696 0.0594772
5.07165 0.750913
5.07232 0.710624
5.10935 0.236597
5.10455 0.273784
5.80084 2.5204
5.76349 2.51024
5.96978 2.54305
5.98022 2.54215
6.39618 2.42185
6.34363 2.44808
6.96815 -0.653174
6.90641 -0.732018
7.20939 1.43411
7.18222 1.49942
5.08052 1.06954
5.08489 1.13378
5.25179 -0.39809
5.23418 -0.341952
5.32202 -0.591377
5.3581 -0.677495
5.40541 -0.772543
5.36546 -0.694341
5.5056 -0.939575
5.54249 -0.991651
5.63221 -1.09202
5.62683 -1.08609
5.18961 1.73995
5.20462 1.79106
6.29098 -1.21283
6.38838 -1.16993
6.09856 -1.25954
6.16737 -1.24751
5.25664 1.93747
5.23275 1.87348
5.33974 2.11577
5.37927 2.18482
5.44709 2.27841
5.40621 2.22298
5.59025 2.41791
5.56589 2.39978
6.75614 -0.898652
6.72578 -0.928404
6.5659 -1.05966
6.59417 -1.0399
7.01825 1.80952
7.05224 1.75418
5.91079 -1.24918
5.82268 -1.2206
7.25637 -0.0952185
7.24044 -0.140551
5.08365 0.482181
5.0789 0.550659
7.35461 0.331536
7.35996 0.37936
6.4873 -1.11377
6.39602 -1.16577
6.80801 2.08908
6.85541 2.0331
7.24224 1.34611
7.22393 1.39662
7.27227 1.25483
7.27723 1.2376
7.32796 1.02717
7.32122 1.06474
6.58697 2.29555
6.59165 2.29207
7.35153 0.882659
7.34729 0.918091
5.28058 -0.486622
5.26455 -0.437727
5.22607 -0.315541
5.1904 -0.186448
5.17733 -0.130472
5.07336 0.945632
5.07258 0.906074
6.70248 2.1958
6.71933 2.17969
7.30841 1.11782
7.31654 1.08621
6.91905 1.954
6.89175 1.98935
6.79961 2.09873
7.36391 0.76402
7.35919 0.821512
5.19334 -0.198293
5.19946 -0.222461
6.5055 2.35473
6.50168 2.35712
5.15422 -0.0251862
5.16308 -0.0671505
6.79556 2.10317
6.78501 2.11446
6.342 2.44891
6.3011 2.46749
5.07587 0.998251
5.19214 -0.19352
5.09393 1.23444
5.10113 1.2978
6.46647 2.37956
6.4522 2.38856
5.22108 -0.299008
5.20847 -0.254507
5.95948 2.54258
5.86601 2.53503
6.15112 2.51734
6.288 2.47338
7.08306 -0.475682
6.97731 -0.640964
7.36937 0.517643
7.36987 0.657928
7.33745 0.97906
7.3354 0.992314
5.28413 -0.496266
5.28695 -0.503519
5.45154 -0.858252
5.45278 -0.86042
5.16224 1.63281
5.11757 1.41494
6.19401 -1.24289
6.28454 -1.21484
5.29461 2.02893
5.29878 2.03705
5.51353 2.35148
5.47129 2.30805
6.67759 -0.970762
6.60233 -1.03393
7.09691 1.67652
7.1273 1.61926
5.81714 -1.21854
5.717 -1.16143
7.19895 -0.245642
7.14196 -0.368599
7.33501 0.203661
7.29299 0.0232263
5.13277 0.0812728
5.14999 -0.00383647
5.07289 0.684888
5.07151 0.775795
5.12461 0.130884
5.09483 0.358441
5.68388 2.47605
6.07481 2.5339
5.66263 2.46557
6.85379 -0.795661
6.83207 -0.819735
6.79583 -0.857886
7.10229 -0.442569
7.17387 1.51899
7.21692 1.41486
5.36155 -0.685588
5.45015 -0.855694
5.56488 -1.01802
5.63418 -1.09403
5.11711 1.41231
5.18308 1.71483
5.22194 1.84389
5.11562 1.40244
6.00466 -1.26248
6.02998 -1.26162
6.38947 -1.16945
5.97122 -1.25849
5.29063 2.02041
5.38922 2.1998
6.50217 -1.10381
6.96371 1.89324
7.07394 1.71713
7.20473 -0.232198
7.27733 -0.0310121
7.21114 -0.2162
7.34342 0.253401
5.07411 0.645429
5.08934 0.413696
5.07585 0.60784
5.09205 0.384396
5.12691 0.116483
7.36754 0.467073
6.66532 2.22991
6.67859 2.21874
7.36916 0.495633
7.36872 0.689455
7.29909 1.1598
7.29879 1.16086
7.25215 1.31626
7.29763 1.16509
7.31881 1.07529
7.34193 0.954072
6.9517 1.91028
6.96069 1.89775
6.73843 2.16089
6.65472 2.23901
6.87867 2.00586
7.36845 0.696916
7.35692 0.842095
5.07126 0.865415
5.07086 0.816655
5.08803 1.18143
5.07089 0.800161
6.40092 2.41904
6.39864 2.42044
5.16912 -0.0946301
5.20678 -0.248889
5.07155 0.881492
6.45151 2.38899
