4.70221 -1.18076
4.71472 -1.22661
5.42138 -2.60452
5.39623 -2.59623
5.06051 -2.23715
5.08526 -2.2864
5.84086 -2.53741
5.83769 -2.53889
5.22514 -2.48935
5.17803 -2.43327
5.16669 -2.41846
5.12755 -2.36107
4.62258 -0.869749
4.6456 -0.96379
4.56822 -0.637066
4.53057 -0.453404
6.23457 3.49184
6.18233 3.51706
4.5599 2.49781
4.58284 2.59272
7.29984 2.59517
7.34874 2.5297
7.42818 -1.19008
7.45632 -1.1502
7.28222 -1.38218
7.32173 -1.33322
6.62824 -2.0324
6.63529 -2.027
6.97217 -1.72204
7.022 -1.67334
5.61998 -2.60503
5.6476 -2.60068
4.80358 -1.54089
4.78134 -1.46585
4.85817 -1.7182
4.85515 -1.70806
7.84365 -0.402754
7.83878 -0.416521
4.8191 3.21304
4.81626 3.20811
4.87541 3.29741
4.91706 3.35292
5.16361 3.56344
5.19787 3.58116
4.97048 3.41325
5.01213 3.45369
5.21622 3.59036
5.30925 3.62602
6.01552 -2.45275
6.03891 -2.43959
7.99943 0.293244
7.99938 0.292544
6.80809 3.1093
6.79062 3.1243
6.56381 3.29637
6.59413 3.27545
5.72464 3.65542
5.6765 3.66091
4.57339 -0.66101
4.5812 -0.694783
4.46189 1.93708
4.46157 1.93452
4.50334 2.20738
4.49727 2.17396
4.46978 1.9969
4.46997 1.99815
7.7481 -0.637282
7.7476 -0.638394
7.62995 -0.870804
7.637 -0.858221
5.95493 3.60389
5.99744 3.58884
6.40583 3.39902
6.31015 3.45291
7.08025 2.85265
7.15107 2.77589
6.96238 2.96973
7.00084 2.93331
7.52866 -1.03992
7.49084 -1.09908
6.80714 -1.8786
6.83063 -1.85827
8.01102 0.579826
8.01085 0.500636
6.40203 -2.20599
6.41019 -2.20052
6.28342 -2.28875
6.27089 -2.29635
4.7515 -1.36181
4.76515 -1.41157
4.92554 -1.91681
4.93862 -1.9508
4.78165 3.1452
4.76115 3.10368
5.47006 3.65999
5.50457 3.66283
5.70383 -2.58567
5.7372 -2.57631
4.66518 2.87015
4.65704 2.8478
7.71618 1.89242
7.70329 1.92146
8.00342 0.77031
8.00432 0.759057
6.18108 -2.35548
6.09694 -2.40619
5.44449 -2.60973
5.32933 -2.56924
5.35761 -2.58379
5.28352 -2.54045
5.49356 -2.61504
5.46652 -2.61245
5.02442 -2.16339
5.02002 -2.1536
5.2446 -2.50519
5.17382 -2.42865
4.39623 0.900653
4.39636 0.850089
4.39716 1.02711
4.39658 0.977089
4.4114 1.39891
4.40891 1.35828
4.41985 1.51916
4.41748 1.48658
4.49193 -0.249478
4.51702 -0.383798
4.41671 0.370568
4.41978 0.331464
4.40758 0.506695
4.41023 0.461922
4.46952 -0.103666
4.47281 -0.125649
4.4352 0.168443
4.44117 0.113665
5.88731 3.62296
5.83965 3.63477
6.16459 3.52431
6.29456 3.46185
4.55853 2.49148
4.53778 2.39238
4.62238 2.73939
4.61968 2.72954
7.19648 2.7229
7.21515 2.70103
7.98332 0.958108
7.97475 1.01832
7.9402 1.20836
7.92088 1.29454
7.37168 -1.26805
7.35496 -1.29004
6.71951 -1.95586
6.53628 -2.10586
7.05106 -1.64304
6.92678 -1.76769
7.50582 2.29405
7.46606 2.35861
7.58492 2.1566
7.56384 2.19465
7.42199 2.42512
7.45944 2.36887
7.87183 1.47504
7.88734 1.42249
7.81652 1.64252
7.82971 1.60539
5.53884 -2.61585
5.55701 -2.61429
7.92498 -0.136453
7.93207 -0.108888
7.88299 -0.284415
7.89066 -0.259374
7.876 -0.307056
7.79779 -0.52236
7.79777 -0.522396
4.82595 3.22316
4.9292 3.36789
6.89262 3.03504
6.8592 3.06496
6.77431 3.13786
6.73683 3.16815
6.68072 3.21133
6.6489 3.23542
6.51626 3.32951
4.45275 1.86398
4.45429 1.87709
4.46721 1.97796
4.51757 2.29076
4.47966 2.06788
5.82533 3.63733
5.79783 3.64305
6.06909 3.56412
6.4409 3.37681
6.4224 3.38859
7.03005 2.90382
6.92026 3.01045
6.53308 -2.10817
6.8914 -1.80067
6.7334 -1.94444
7.11627 -1.57506
8.00877 0.669854
8.00655 0.717089
6.34027 -2.24927
4.74615 3.07437
4.66342 -1.03539
4.66364 -1.03624
4.43795 1.72663
4.43949 1.7432
4.42544 1.58735
4.42763 1.61489
4.40008 0.673214
4.39851 0.722716
4.40544 0.546228
4.40322 0.592337
7.77441 1.75456
7.74618 1.82385
7.68414 1.96218
7.65668 2.01941
4.70032 2.96668
4.72038 3.01634
7.18394 -1.49864
7.21483 -1.46315
4.61017 -0.817352
4.40113 1.18336
4.40278 1.23108
4.39768 1.05436
4.39875 1.10409
6.18612 -2.35245
4.82059 3.21533
5.66698 3.66203
5.65964 3.66271
7.13169 -1.55785
7.16924 -1.51556
7.12301 -1.56755
4.94844 -1.97832
4.96435 -2.01871
8.00921 0.657858
5.11476 3.53404
5.10845 3.53001
5.95379 -2.48523
5.93812 -2.49282
8.00205 0.330784
8.0084 0.422493
5.76536 3.64903
5.78187 3.64619
7.9831 0.154593
7.96452 0.0408429
4.47866 2.06178
4.93781 3.37729
7.99684 0.847123
8.00178 0.791097
4.72676 -1.27135
4.68257 -1.10748
4.83065 -1.6297
4.81786 -1.5868
4.97165 -2.0392
4.99111 -2.08639
5.11019 -2.32902
5.05131 -2.22029
5.10233 3.52547
5.01642 3.45762
5.83665 -2.53937
5.92629 -2.49799
7.99176 0.226576
7.98457 0.164243
4.4068 1.29458
4.40754 1.33857
4.39645 0.964027
4.39624 0.913589
4.3985 0.786586
4.39632 0.837102
4.4154 1.45916
4.41296 1.42243
4.41177 0.438863
4.41465 0.396699
5.54658 3.66546
5.60875 3.66521
4.47783 2.05661
4.45063 0.0334531
4.45577 -0.00668073
7.69272 -0.753305
7.69416 -0.750494
4.59529 2.63928
4.55892 2.49341
4.63676 2.78753
4.63521 2.78268
7.15832 2.76791
7.161 2.76484
7.96383 1.08528
7.9512 1.1543
7.28129 2.61886
7.36389 2.50897
7.47941 -1.11616
7.41291 -1.2115
7.328 -1.32496
7.26628 -1.40216
7.54588 2.22601
7.51627 2.27669
7.84541 1.55866
7.85961 1.51501
5.66275 -2.59631
5.60245 -2.60909
4.77698 -1.45174
4.86668 -1.7456
5.21231 3.58864
5.1599 3.56146
5.37219 3.64299
6.07914 -2.41705
5.98852 -2.46691
5.74371 -2.57366
7.99949 0.293941
7.94683 -0.0454312
7.95654 0.000576983
7.93975 -0.07813
4.88822 -1.80879
4.90036 -1.84323
7.73176 -0.671695
7.79776 -0.522427
7.69541 -0.747979
7.57682 -0.962375
7.37584 -1.26269
7.56162 -0.987697
8.00981 0.638427
8.01073 0.488848
6.08894 -2.41115
4.74722 -1.3459
5.40657 3.65064
5.69251 -2.58976
4.64965 -0.980288
4.66195 -1.0298
4.43132 1.65676
4.43323 1.67904
4.40249 0.609563
4.4006 0.657531
4.63786 2.79069
4.67798 2.90687
4.39917 1.11873
4.40057 1.16758
4.67788 -1.09001
5.51121 -2.61559
5.01915 -2.15143
5.1225 -2.35177
5.17529 -2.4303
4.39725 1.04059
4.42231 1.55073
4.49096 -0.243985
4.42224 0.301912
4.40623 0.527138
4.49065 -0.242151
4.42834 0.235011
4.60867 2.69083
4.52897 2.34816
7.23448 2.67738
7.15684 2.76959
7.99245 0.886016
7.91278 1.3277
7.41168 2.44033
7.23455 -1.43967
7.62289 2.08575
7.60889 2.11249
7.46473 2.3607
7.8958 1.39164
7.79777 1.69376
5.57521 -2.61146
7.91702 -0.167135
6.7231 3.17941
4.44698 1.81692
4.46117 1.93161
4.64792 -0.973205
4.44495 1.79674
4.39801 0.737056
4.69468 2.95097
4.63716 2.7887
4.52229 2.31466
7.78557 1.72657
7.72967 1.86213
7.63803 2.05657
4.7257 3.02856
4.40331 1.24813
5.66988 3.66165
5.39659 3.64895
8.00861 0.426067
6.70302 3.19462
6.82533 3.09486
4.91385 -1.88268
6.62002 3.25716
4.44603 1.80727
7.90958 -0.194194
