6.04353 -2.73927
6.01851 -2.75809
4.5748 -1.46805
4.55745 -1.39085
8.05049 -0.293923
8.06448 -0.248206
8.1711 0.421431
8.17124 0.425955
4.23397 1.35828
4.23057 1.31457
4.22369 0.850292
4.22298 0.810992
6.85274 3.31357
6.82417 3.3372
4.3482 -0.440729
4.36711 -0.54272
4.28891 2.05984
4.29068 2.07533
4.87919 -2.71343
4.87605 -2.70052
4.85399 -2.61961
4.84417 -2.5745
4.27526 0.0156543
4.27478 0.019465
4.2518 0.245391
4.25015 0.262744
7.83716 -0.829462
7.86385 -0.775376
5.34856 -3.16772
5.33915 -3.17042
6.43403 3.62406
6.38553 3.65341
7.84248 2.00193
7.87013 1.94013
4.36333 2.56695
4.35362 2.50717
4.80774 -2.4259
4.80814 -2.42835
7.14226 3.04058
7.22096 2.95799
8.12337 1.09662
8.10906 1.17626
5.22633 -3.20628
5.24462 -3.20226
7.45592 2.66708
7.48455 2.62864
7.65275 2.36981
7.65576 2.3645
4.69878 3.56449
4.7434 3.62729
5.52844 -3.07623
5.57009 -3.05094
8.01346 1.55961
7.9866 1.64061
5.87109 -2.8603
5.86528 -2.86433
8.17381 0.560932
8.17081 0.665098
5.08587 -3.17978
5.10535 -3.19099
4.96741 -2.99777
4.96253 -2.98248
4.90795 -2.81917
4.92169 -2.85922
4.68337 -1.91573
4.69876 -1.98223
5.63544 -3.01351
5.62779 -3.01855
5.01673 -3.09814
5.01305 -3.08902
4.62105 -1.65861
4.60835 -1.60588
6.6476 3.47725
6.6106 3.50381
6.00875 3.84056
6.0333 3.83082
5.76877 3.92058
5.67117 3.94147
6.26067 3.72427
6.26745 3.7209
4.43918 2.92929
4.43756 2.92206
7.09273 3.09181
7.28035 2.88974
7.22102 2.95793
7.64089 -1.17215
7.6499 -1.15817
7.53938 -1.32111
7.56085 -1.29073
7.02166 -1.92117
7.0707 -1.87249
6.85811 -2.07802
6.87965 -2.05879
6.4095 -2.46002
6.40447 -2.46424
6.65875 -2.25431
6.65743 -2.25539
4.659 -1.8196
4.65944 -1.82144
7.96464 -0.543996
7.94338 -0.598322
5.60606 3.95158
5.55683 3.95763
7.7074 -1.0653
7.75038 -0.991813
4.52672 3.21579
4.51085 3.17164
6.95433 3.2239
6.99781 3.18309
4.30944 2.21177
4.32005 2.28442
7.16455 -1.77253
7.21797 -1.71458
4.54537 -1.33811
4.55322 -1.3714
4.60078 -1.5761
4.2229 1.00154
4.22274 0.977293
4.24009 1.49862
4.23938 1.48576
5.88095 3.8885
5.86949 3.89164
4.38939 -0.649256
4.36924 -0.553447
4.23439 0.482553
4.23545 0.464766
5.49403 3.96143
5.46887 3.96283
5.38466 3.96123
5.3847 3.96123
4.32556 2.31438
4.33012 2.34941
4.3158 -0.260276
4.30895 -0.218412
5.42778 -3.13063
5.42321 -3.13323
7.92541 1.80699
7.9536 1.73357
7.7468 2.19808
7.77865 2.13589
4.37417 2.62661
4.39041 2.71266
4.95876 3.82773
4.9165 3.79966
5.03575 3.87231
5.04542 3.87659
5.12332 3.90855
5.16678 3.92346
5.38458 3.96122
5.30921 3.95377
4.82586 -2.49814
4.79996 -2.39217
8.0467 1.44661
8.07381 1.34051
7.36386 2.78917
7.41907 2.71789
7.49227 2.61774
7.54631 2.5392
6.94137 -1.99989
6.97566 -1.96764
7.61197 2.43688
7.64669 2.37994
4.59891 3.39014
4.59401 3.37937
4.661 3.505
4.63638 3.46389
4.55151 3.27974
4.56742 3.32056
4.71805 -2.06281
4.72227 -2.07719
4.77238 -2.27653
4.77462 -2.2847
4.72584 -2.09134
4.74014 -2.1464
8.04348 1.45889
8.03987 1.47142
5.73818 -2.9483
5.75568 -2.93751
8.07623 -0.205901
8.00701 -0.42971
7.98702 -0.484639
8.15501 0.217924
8.15569 0.224285
6.68451 3.44883
6.71901 3.42242
6.89876 3.2732
6.92658 3.24876
5.90008 3.88194
5.9917 3.84781
6.08138 3.81044
6.04672 3.82533
5.80656 3.90968
5.65532 3.94504
4.27327 1.92519
4.27412 1.9326
4.30266 2.16579
6.21147 3.7496
6.17971 3.76448
6.4987 3.58196
6.48916 3.58859
4.41801 2.84037
4.4258 2.87419
4.45184 2.97832
7.29795 2.86975
6.77219 -2.15563
6.78282 -2.14655
7.09958 -1.84198
4.67581 3.53149
8.16698 0.729204
8.16341 0.778566
6.62064 -2.28648
6.596 -2.30722
6.47595 -2.40641
6.46802 -2.413
6.35165 -2.50557
6.34096 -2.51418
6.71804 -2.20257
4.6596 -1.82224
4.63673 -1.72346
8.17264 0.48617
8.17402 0.550102
4.50087 -1.15012
4.50528 -1.16863
4.47463 -1.039
4.47544 -1.0425
4.24672 1.60788
4.24712 1.61406
4.22996 0.574596
4.22907 0.595172
4.45391 2.98582
4.45355 2.98463
7.43455 -1.4618
7.44334 -1.45077
7.33862 -1.57896
7.3562 -1.55832
4.42512 -0.814647
4.41981 -0.790094
4.44965 -0.926978
4.44737 -0.916303
4.22399 1.08068
4.22443 1.10429
6.20454 -2.61894
6.14118 -2.66727
8.02844 -0.365886
4.86617 3.7595
4.83508 3.73039
8.16273 0.297988
8.17086 0.416334
4.22579 0.723289
4.22377 0.763049
7.05525 3.12889
7.02596 3.15673
6.75048 3.39785
6.79418 3.36173
4.28684 2.04619
4.28139 1.99622
4.26244 1.8082
4.26216 1.80539
8.15392 0.873206
8.15801 0.837973
8.14255 0.969132
8.15052 0.907843
4.50067 3.14319
4.49011 3.10942
5.67556 -2.98834
5.76824 -2.92975
8.09948 -0.115745
6.54406 3.55135
6.56812 3.53401
5.64816 3.94626
8.174 0.554282
4.2619 1.80281
4.25677 1.74179
7.28754 -1.63799
7.24758 -1.68282
5.94267 -2.81119
5.92229 -2.82482
4.67689 -1.89247
4.66007 -1.82444
4.2288 1.23129
4.22903 1.2741
6.33573 3.68313
6.32321 3.69049
7.3221 2.83968
7.34959 2.80696
4.53293 3.23376
4.53703 3.24554
4.76666 3.6569
4.79741 3.69048
6.53737 -2.35668
6.53459 -2.35908
6.10153 3.8016
6.10858 3.79832
4.23011 1.29478
4.23528 1.40473
4.22366 0.786792
4.2227 0.889431
4.36767 -0.54563
4.34082 -0.401127
4.88053 -2.72017
4.86139 -2.64416
4.82891 -2.51551
4.82697 -2.50483
4.27107 0.0530873
4.29074 -0.100112
4.24259 0.360614
4.26164 0.140634
7.89268 -0.713411
7.80848 -0.885206
5.31091 -3.18283
5.38337 -3.15245
7.88549 1.90432
7.82533 2.03928
4.3507 2.48708
4.37098 2.61056
4.4754 3.06075
4.47098 3.04709
5.2365 3.94133
5.23975 3.9419
8.13251 1.04034
8.10034 1.22029
5.26269 -3.19572
5.17633 -3.20875
5.13622 -3.20372
7.31122 -1.61114
4.62815 3.44702
4.60033 3.3935
5.59505 -3.03771
5.4729 -3.10635
4.90321 -2.7982
5.06818 -3.16102
5.04749 -3.14415
5.02836 -3.1177
4.95269 -2.9533
4.9893 -3.04515
4.94063 -2.92008
4.93547 -2.90817
5.6383 -3.01157
8.12842 0.0226905
8.12949 0.0285676
8.12691 0.0149093
7.77532 -0.946775
7.91587 -0.661598
7.68943 -1.09507
7.63674 -1.1786
7.59056 -1.24713
7.49959 -1.37709
6.27745 -2.56391
6.28304 -2.55931
6.26584 -2.57305
4.48764 -1.09464
4.49022 -1.10557
4.25149 1.6766
4.2517 1.67971
7.38756 -1.52023
7.40023 -1.50486
5.98498 -2.78203
5.96134 -2.79807
6.08243 -2.71122
4.51429 -1.20547
4.52598 -1.2543
4.46849 -1.01226
4.46125 -0.979405
4.22287 0.938056
4.22322 1.04079
4.2371 1.43777
4.243 1.54991
4.3293 -0.335502
4.39689 -0.686455
4.23854 0.414741
4.23185 0.529975
5.43952 3.96239
5.53446 3.95909
5.38464 3.96123
4.29379 -0.12124
5.46028 -3.11436
5.40443 -3.14278
7.7963 2.09985
7.91294 1.83829
7.9623 1.70995
7.73016 2.2301
4.3379 2.40275
4.4025 2.76916
4.89438 3.78211
4.9748 3.83841
5.03257 3.87061
5.09989 3.9004
5.23398 3.9407
8.07957 1.31598
8.04391 1.45739
7.5547 2.52664
7.60408 2.44958
7.42868 2.70533
7.47982 -1.40362
7.48726 -1.39397
7.70004 2.28553
4.5741 3.3346
4.78992 -2.34869
4.75763 -2.21557
4.79134 -2.3538
8.01903 1.54233
5.90634 -2.83645
8.16154 0.282898
8.14838 0.157755
6.32095 3.69171
4.41284 2.81874
4.43523 2.91264
6.53156 -2.3617
6.41442 -2.45611
6.28866 -2.55498
6.65621 -2.25644
4.22777 0.63837
4.41278 -0.758534
4.43345 -0.853203
4.43728 -0.870887
4.22567 1.14515
6.1244 -2.6794
4.2266 1.18988
4.22614 0.682155
5.46625 -3.11054
5.38606 -3.1516
6.44862 3.61463
7.93868 -0.609403
4.25552 1.72684
4.40618 -0.726984
4.75457 -2.2048
8.01655 1.55028
5.83136 -2.88662
8.14787 0.153534
8.14004 0.100089
8.10532 -0.0909656
6.13545 3.78555
4.27512 1.94087
4.81866 3.71423
6.09354 -2.70281
4.40822 2.79674
6.38184 3.65562
