5.44731 -2.40298
5.4816 -2.41499
5.00033 3.25213
5.0075 3.26083
5.33216 3.48718
5.30391 3.47784
5.88226 -2.37697
5.83575 -2.39305
5.3982 -2.38128
5.39277 -2.37761
6.6081 3.16199
6.63769 3.14002
4.66537 -0.713795
4.69273 -0.825293
5.84986 3.51728
5.94132 3.49533
6.1696 3.41543
6.17861 3.41108
4.70777 2.68617
4.72102 2.72665
7.01695 2.80771
7.05311 2.7704
7.16899 2.63958
7.13613 2.67861
7.88201 1.15081
7.89755 1.06684
7.37992 -1.13321
7.39395 -1.11332
6.51768 -2.01046
6.61332 -1.93712
7.45981 2.23214
7.48452 2.19084
7.79801 1.48198
7.77562 1.55189
7.93913 0.65312
7.94107 0.591873
7.78198 -0.36335
7.76168 -0.419107
4.89526 3.10889
4.88868 3.09747
5.17343 3.40673
5.10844 3.35863
5.45075 3.52207
5.49699 3.53075
5.73274 -2.41939
5.64351 -2.43144
7.90279 0.098637
7.89666 0.0633244
7.93388 0.353862
7.93223 0.331823
4.89311 -1.51852
4.88277 -1.48891
4.95971 -1.7096
4.94603 -1.67151
4.50888 1.65509
4.51144 1.6794
4.48835 1.42277
4.48783 1.41701
4.64392 -0.621082
5.01261 -1.84092
4.99472 -1.79666
4.57393 2.1331
4.5728 2.12688
4.54494 1.95004
4.55229 1.99899
7.53725 -0.889297
7.58743 -0.799813
5.79794 3.5254
5.73586 3.53338
6.39358 3.30124
6.45461 3.26348
6.82236 2.99259
6.89334 2.92888
7.48039 -0.983036
7.50656 -0.940972
6.82526 -1.7562
6.80925 -1.77083
7.03886 -1.54597
7.00075 -1.58643
6.39048 -2.10155
6.41266 -2.08667
6.1929 -2.22776
6.18914 -2.23005
5.97393 -2.33957
5.93672 -2.35614
5.53985 -2.42713
5.50834 -2.4205
4.48851 0.399253
4.48906 0.391393
4.53272 -0.0169651
4.52627 0.0332273
7.93047 0.816165
7.93133 0.80528
4.77367 -1.13032
4.75935 -1.08029
4.82628 -1.30903
4.81415 -1.26778
7.81855 -0.253274
7.8036 -0.300253
5.11785 -2.06289
5.15391 -2.12416
6.1883 -2.23057
6.08801 -2.28535
4.47001 0.85771
4.47003 0.850003
4.47071 0.984304
4.47063 0.977002
4.61579 -0.490709
6.00771 3.47442
5.82554 3.52215
6.14644 3.4249
6.28205 3.36201
4.67044 2.56112
4.66468 2.5417
4.74215 2.78572
4.7326 2.76055
7.09208 2.72782
7.12125 2.69558
7.27197 2.5107
7.26062 2.52547
7.173 -1.39823
7.16107 -1.41248
6.61555 -1.93523
6.51373 -2.01361
6.96127 -1.62523
6.9055 -1.68065
7.53893 2.09471
7.57531 2.02654
7.37646 2.36387
7.38263 2.3546
7.84475 1.31531
7.83138 1.36714
7.7423 -0.470504
7.73388 -0.49062
7.71355 -0.539199
6.80252 3.00947
6.75616 3.04818
6.53845 3.20991
6.55624 3.19831
4.51813 1.7443
4.51477 1.71425
4.5051 1.61524
4.49775 1.5364
4.49358 1.48693
4.48378 1.36055
4.48352 1.35693
4.70543 -0.875811
4.81538 2.96172
4.81661 2.96415
4.57258 2.12559
4.59489 2.24257
5.64441 3.54001
5.65115 3.53967
6.05599 3.45962
6.32321 3.33938
6.50419 3.23312
6.94464 2.87959
6.41519 -2.08477
6.79649 -1.78183
6.71175 -1.85588
7.09483 -1.48737
6.28597 -2.17081
5.22414 -2.22679
5.24458 -2.25136
6.06313 -2.29845
6.03759 -2.31066
4.7341 -0.985505
4.7468 -1.03348
4.48245 0.485191
4.48418 0.460718
4.49413 0.330254
4.50852 0.181606
4.51536 0.119209
4.54282 -0.0860117
4.47232 0.715088
4.47212 0.721518
4.4772 0.587826
4.47704 0.591136
4.74623 2.79566
4.76537 2.84472
4.61605 2.33988
4.6229 2.37146
7.66914 1.82911
7.67009 1.82687
7.3273 -1.20549
7.31147 -1.22641
7.92428 0.874458
7.92073 0.909444
4.47692 1.2273
4.47705 1.23099
4.47288 1.09795
4.47301 1.104
6.18877 -2.23029
7.83915 -0.182672
5.115 -2.05751
5.08156 -1.99294
4.71962 -0.930904
4.73016 -0.970474
6.71121 3.0845
6.69446 3.09702
4.59986 -0.414179
4.58747 -0.350131
4.55099 -0.13727
4.5618 -0.203877
4.60032 2.26763
4.60981 2.31217
4.59711 2.25286
6.65162 -1.90557
7.71343 1.72157
7.74133 1.6496
7.85136 -0.139684
7.85538 -0.124189
7.67055 -0.635149
7.66177 -0.654506
4.90903 3.13013
4.93064 3.16232
4.54076 1.91863
4.53423 1.87172
7.35389 -1.16972
7.93446 0.759248
7.9364 0.73358
5.30445 -2.31177
5.33522 -2.3395
5.27035 -2.2818
4.50076 1.56837
4.49914 1.55108
4.6046 -0.437548
4.56224 2.06264
4.87146 3.0663
4.84689 3.02295
4.49896 0.275225
4.49991 0.26501
4.79971 -1.21986
4.7786 -1.14723
5.49309 -2.41791
5.40301 -2.38382
5.17671 -2.15832
5.19579 -2.18852
4.96799 3.21305
5.0094 3.2629
5.28895 3.47114
5.40068 3.51079
5.83441 -2.39337
5.88625 -2.37581
7.92128 0.223489
7.91827 0.199008
4.47914 1.29449
4.47917 1.29688
4.47008 0.921168
4.47005 0.913503
4.47018 0.786502
4.46984 0.794308
4.93971 -1.65293
4.91399 -1.58042
5.02896 -1.88136
5.04685 -1.91938
4.55368 2.00933
7.60258 -0.771289
7.64359 -0.690918
7.6245 1.92628
7.62323 1.92899
4.6551 2.50617
4.63946 2.44321
4.72324 2.73363
4.70206 2.66753
7.13085 2.68465
7.19393 2.60991
7.87087 1.2048
7.90418 1.02628
7.43072 -1.0588
7.2217 -1.34059
7.21798 -1.34525
7.49992 2.16417
7.435 2.27279
7.3329 2.42719
7.35408 2.39688
7.77091 1.56567
7.80464 1.46065
7.94083 0.513926
7.93775 0.702774
5.55957 -2.43022
5.58619 -2.43168
4.85307 -1.39804
4.86104 -1.42387
7.87953 -0.0217519
7.86947 -0.0661315
5.08194 3.33532
5.20654 3.42841
5.53111 3.53357
5.7363 -2.4189
5.61868 -2.4313
7.94012 0.462359
4.98028 -1.76147
5.07099 -1.96984
4.54295 1.93535
7.67918 -0.61662
7.52813 -0.905013
7.46886 -1.00133
7.94083 0.483211
4.85028 -1.38857
5.92869 -2.35894
5.98717 -2.33436
4.47446 0.651286
4.47426 0.656332
4.77984 2.87904
4.78985 2.90369
4.47465 1.16248
4.47479 1.1675
4.5775 -0.295457
4.74856 -1.04012
5.11571 -2.05899
4.47112 1.0405
4.4817 1.33303
4.47976 0.525941
4.6325 2.41258
4.69286 2.63835
7.2069 2.59381
7.07553 2.74652
7.91752 0.933117
7.85573 1.27128
7.32647 2.43623
7.12261 -1.45612
7.24022 -1.31762
7.57677 2.0237
7.53127 2.10875
7.41865 2.29869
7.82259 1.39853
7.74443 1.64099
4.51412 1.70818
4.52141 1.77297
4.83698 3.00525
4.81412 2.9591
5.59663 3.53994
6.01824 -2.31913
4.50088 0.253614
4.52104 0.0723519
4.47011 0.778849
7.1071 -1.47373
7.93 0.82205
4.47895 1.29197
5.39967 -2.38233
5.40108 -2.38305
6.57894 3.18245
7.7086 1.73382
4.53152 1.8505
4.526 1.80773
4.94344 3.17957
7.66824 1.83118
7.57838 2.02054
4.48886 1.42947
4.52215 1.77892
7.27335 -1.2762
6.64925 3.13134
5.70821 3.53662
7.85923 -0.108762
