6.2037 -2.46656
6.26933 -2.42056
4.72195 -1.5985
4.73894 -1.65995
8.06129 0.188872
8.06656 0.229645
4.33046 1.35817
4.3284 1.33171
4.31842 0.945943
4.31854 0.97718
4.31942 0.850179
4.31884 0.818162
4.33446 1.44369
4.33708 1.48621
5.74484 3.77678
5.8128 3.76071
4.33434 0.42116
4.3316 0.463201
5.5589 3.7984
5.52163 3.79876
4.3945 2.06092
4.39959 2.10538
4.38069 -0.0458935
4.36614 0.0711869
4.62961 3.09515
4.63101 3.09917
5.337 3.78197
5.3249 3.77988
7.10872 2.93892
7.1183 2.92886
6.90642 -1.8983
6.85289 -1.94933
7.19801 -1.59962
7.18776 -1.61113
4.85096 -2.04817
4.83405 -1.99066
4.93223 -2.28802
4.9357 -2.29866
5.427 -2.83727
5.47138 -2.83281
5.28955 -2.81986
5.37249 -2.83726
5.24139 -2.79915
5.28116 -2.81724
5.00559 -2.47514
5.01879 -2.5049
5.08842 -2.63547
5.10891 -2.66885
5.60133 -2.79995
5.62227 -2.79173
6.40762 -2.31935
6.46535 -2.27486
5.7754 -2.72456
5.82925 -2.69853
7.99396 -0.165989
7.99809 -0.150961
7.92799 -0.385927
7.91825 -0.413462
5.87618 -2.67192
5.92872 -2.64253
8.07465 0.321461
8.07151 0.282111
8.0413 0.0537951
8.03038 -0.00861099
8.01368 -0.0841401
8.02844 -0.0189901
6.65134 3.34278
6.67254 3.32722
6.86201 3.17276
6.8868 3.15159
5.92002 3.7323
5.96976 3.71598
4.38368 1.98583
4.37719 1.93365
4.40615 2.14703
4.41772 2.22354
7.7243 -0.85198
7.68814 -0.91848
7.83614 -0.619717
7.80008 -0.70023
6.19555 3.62251
6.15682 3.63952
6.42543 3.49683
6.43318 3.49203
7.09342 2.95474
7.57969 -1.10004
7.58968 -1.08455
7.47704 -1.25256
7.47898 -1.24993
6.73525 -2.05364
6.65808 -2.1202
7.13074 -1.67468
7.0441 -1.76372
8.07417 0.78526
8.0793 0.722614
6.03738 -2.57704
6.06507 -2.55981
4.6735 -1.41686
4.67485 -1.42176
5.07138 3.68155
5.02153 3.64888
4.88577 3.52909
4.85933 3.49818
8.08395 0.497698
8.07941 0.387036
4.59016 -1.0871
4.57827 -1.03908
4.35052 1.67235
4.34594 1.61451
4.32369 0.62893
4.32501 0.59361
4.57503 2.93807
4.58652 2.97495
7.29966 -1.48163
7.27907 -1.50639
5.98877 -2.60741
5.95594 -2.62751
4.52458 -0.809272
4.54567 -0.902465
4.32135 1.13712
4.32045 1.10418
7.13858 -1.6663
7.14152 -1.66311
6.18634 -2.47871
4.62714 -1.23374
4.61487 -1.18527
5.66971 3.7894
5.69389 3.78547
5.84207 3.75414
4.47082 -0.564024
4.48102 -0.612628
4.43751 -0.390167
4.42587 -0.327858
4.43323 2.31549
4.43658 2.34124
4.38115 -0.0493845
4.39878 -0.167556
6.30759 3.56586
6.3028 3.56826
7.74092 2.01149
7.71944 2.05623
7.82716 1.81623
7.80961 1.85869
4.51208 2.71243
4.4963 2.64666
4.4517 2.425
4.4548 2.4441
5.2225 3.75094
5.25509 3.76217
8.00093 1.26843
8.00712 1.24034
8.0471 1.02119
8.05461 0.968125
7.4564 2.50903
7.43898 2.53404
7.32888 2.68317
7.30558 2.71244
7.39236 -1.36599
7.3721 -1.39256
6.82236 -1.97627
6.94898 -1.85851
7.55405 2.35894
7.55171 2.36273
7.63329 2.22169
7.64605 2.1986
4.74782 3.33952
4.76055 3.36224
4.89395 -2.17966
4.88071 -2.13703
7.89577 1.63507
7.88655 1.66161
7.94968 1.46771
7.946 1.4805
5.37909 -2.83735
5.63468 -2.78637
5.53564 -2.81851
6.52266 -2.22993
6.53461 -2.22093
6.40146 -2.3237
7.96506 -0.268041
7.97028 -0.251013
7.93574 -0.362986
6.63254 3.35704
6.55478 3.41202
6.68411 3.31844
6.72845 3.28398
6.78218 3.24012
6.81057 3.21671
6.88865 3.14996
6.9366 3.10662
5.99557 3.70593
5.98031 3.71187
5.85799 3.75055
4.38517 1.99728
4.42765 2.28518
6.0827 3.67277
6.33107 3.55239
6.24279 3.59877
6.41863 3.50115
6.47382 3.46621
6.49434 3.45264
7.15556 2.88848
6.64521 -2.13043
6.75588 -2.03636
6.98741 -1.81972
8.08052 0.696771
8.0701 0.83721
6.32924 -2.37729
6.34416 -2.36661
6.59118 -2.17481
4.65221 3.15127
4.66048 3.16898
5.12503 3.71095
5.07737 3.6849
8.07797 0.361131
8.08436 0.516467
4.56304 -0.976593
4.56403 -0.980842
4.54805 2.8509
4.53721 2.81337
4.51261 -0.757478
4.51947 -0.786784
4.5481 -0.912958
6.13467 -2.51347
6.10152 -2.53537
4.65012 -1.32544
4.64475 -1.30347
5.18215 -2.75321
5.20839 -2.77624
5.02364 -2.51619
5.02841 -2.52773
8.05238 0.121742
8.04981 0.103162
4.79204 -1.84831
4.77154 -1.77964
4.54995 -0.921008
4.56291 -0.976028
4.32148 0.723177
4.31988 0.754592
4.50031 -0.702384
4.99225 -2.44716
4.97599 -2.40486
4.35059 0.220409
4.34224 0.31488
4.63622 3.1125
7.18673 2.85401
7.19833 2.8409
8.06698 0.864175
4.68651 3.22657
4.68525 3.22411
5.48788 -2.83009
4.81005 -1.91332
4.79957 -1.87469
8.08368 0.611047
5.40028 -2.83728
5.06447 -2.59657
5.06141 -2.59049
5.70791 -2.7577
5.71253 -2.75583
7.87527 -0.526227
7.86614 -0.54917
4.93203 3.57506
4.92483 3.56841
6.98447 3.0611
7.02902 3.01874
4.8252 3.45621
8.08398 0.588624
4.3566 1.74378
4.35652 1.74281
4.32499 1.23117
4.32514 1.25953
4.38684 2.01024
6.179 -2.48394
4.74648 -1.68911
4.70624 -1.54058
8.069 0.255553
8.05538 0.143152
4.32779 1.29467
4.33117 1.38302
4.31881 1.00921
4.31853 0.91368
4.3202 0.786678
4.31861 0.882334
4.33816 1.50412
4.33336 1.42206
4.45709 -0.495005
4.45206 -0.469393
4.33016 0.488984
4.33584 0.397981
5.47389 3.79821
5.63015 3.79383
4.38109 -0.0489627
4.36447 0.0863745
7.78345 -0.735204
7.74573 -0.811263
7.78582 1.91369
7.76562 1.95893
4.47924 2.56706
4.47454 2.54601
4.60792 3.03713
8.02593 1.1467
8.03399 1.10227
7.3934 2.59841
7.3748 2.62336
7.52993 -1.17569
7.5159 -1.19637
7.14546 -1.65888
7.23383 -1.55904
4.71476 3.28147
4.72115 3.29461
5.42336 -2.83748
5.15348 -2.72637
5.14219 -2.71112
5.84532 -2.68935
4.69722 -1.50804
4.77143 -1.77923
8.02931 -0.0144892
8.00186 -0.136279
7.65859 -0.970063
7.85105 -0.585221
7.62767 -1.0223
7.55803 -1.1337
7.47017 -1.26202
6.08601 -2.54589
6.01507 -2.59072
4.6693 -1.40123
5.0198 3.64755
5.07185 3.68187
5.41884 3.79413
4.57649 -1.03192
4.59393 -1.10212
4.34516 1.60325
4.351 1.67866
4.32625 0.565371
4.32276 0.658798
4.6009 3.01573
4.56655 2.91268
7.2498 -1.54048
7.32337 -1.45311
4.31982 1.07273
4.32231 1.16768
4.60398 -1.14217
4.31916 1.04068
4.34128 1.55036
4.41831 -0.285112
4.33921 0.352913
4.32794 0.528412
4.40186 -0.187616
4.35328 0.192518
7.69273 2.10959
7.85148 1.75559
7.86537 1.71907
7.67141 2.15104
4.51987 2.74618
4.46429 2.49514
4.53151 2.79171
5.13051 3.71336
5.18825 3.73901
5.31013 3.7762
7.26333 2.76481
7.23974 2.79311
7.97346 1.38267
8.06427 0.891713
7.97242 1.38668
7.49941 2.44454
7.34749 -1.42307
7.42615 -1.32198
7.51228 2.42468
7.56458 2.34145
7.60021 2.28073
7.59427 2.29112
4.78516 3.39887
4.80341 3.42705
4.82153 -1.95048
4.91155 -2.22891
4.93874 -2.30821
4.96172 -2.36857
7.91722 1.57199
7.92401 1.55127
5.70468 -2.75887
5.68866 -2.76561
6.73553 3.27857
6.93933 3.10418
4.37018 1.87511
4.36906 1.86548
6.5289 3.43036
6.28073 -2.41281
6.39518 -2.32846
4.97388 3.61222
4.35643 1.74177
4.32174 0.69284
4.5515 2.86188
4.32343 1.20182
5.12093 -2.68372
5.04354 -2.55657
5.06713 -2.60203
7.8839 -0.505213
4.97037 3.6091
5.39773 3.79209
4.96242 -2.37076
5.11305 -2.67412
6.83776 3.19406
4.37612 1.92581
8.08381 0.607132
4.86573 -2.08963
5.66482 -2.77551
4.36299 1.80642
4.36318 1.80836
4.35882 1.76592
6.96251 3.08206
6.75836 3.25975
7.89704 -0.47106
6.54094 3.42182
