4.69412 -1.18647
4.70384 -1.22211
5.42368 -2.62957
5.41785 -2.62764
5.04822 -2.24895
5.06885 -2.29
5.92087 -2.51628
5.84771 -2.55029
5.19702 -2.48895
5.21218 -2.507
5.11628 -2.3764
5.14699 -2.42142
7.99222 0.162962
7.99298 0.168849
4.6149 -0.875167
4.635 -0.957288
4.52276 -0.457824
4.56446 -0.6612
4.46914 2.06168
4.46918 2.062
6.19076 3.52533
6.18379 3.52869
4.55745 2.53194
4.57354 2.59851
7.303 2.60474
7.3587 2.53018
7.43371 -1.19659
7.4511 -1.17193
7.29405 -1.38044
7.32708 -1.33952
6.98231 -1.72405
7.02436 -1.68297
6.40991 -2.21327
6.41285 -2.21101
5.63468 -2.62176
5.64932 -2.61946
4.79475 -1.54712
4.76918 -1.46081
4.84908 -1.72461
4.84261 -1.70287
7.85249 -0.40099
7.84495 -0.422298
4.86115 3.30157
4.91794 3.37726
5.16426 3.58141
5.20454 3.60224
4.96152 3.42552
4.99551 3.45853
5.25461 3.62135
5.30984 3.64253
6.00284 -2.47441
6.03906 -2.45404
8.00731 0.296201
8.00649 0.285885
6.81398 3.11623
6.80111 3.12728
6.5757 3.29974
6.60034 3.28275
5.72681 3.66845
5.70722 3.67068
4.45369 1.94219
4.45273 1.93443
4.49249 2.20065
4.48862 2.17934
7.75732 -0.635442
7.7531 -0.644873
7.64056 -0.868687
7.64268 -0.864907
5.95642 3.61579
6.01593 3.59472
6.40718 3.4098
6.32325 3.45708
7.15362 2.78557
7.08328 2.86182
6.97211 2.97249
7.00385 2.94244
7.38322 -1.26635
7.39055 -1.25639
7.53409 -1.04631
7.50134 -1.09753
6.64042 -2.03482
6.63777 -2.03711
6.81842 -1.88084
6.83305 -1.86818
8.01863 0.507511
8.01879 0.582743
6.28313 -2.30219
6.28024 -2.30394
4.74333 -1.36757
4.76582 -1.44955
4.91841 -1.93222
4.92658 -1.95345
4.77142 3.15357
4.74425 3.09853
5.46242 3.67394
5.50582 3.67751
5.71622 -2.59977
5.73877 -2.59345
4.65568 -1.04085
4.65462 -1.03654
4.64942 2.86034
4.64498 2.84814
7.72156 1.89965
7.71225 1.92061
8.01177 0.765062
8.01202 0.761946
4.80923 3.2225
4.81725 3.23567
6.10671 -2.41412
6.17415 -2.37348
6.25998 -2.31735
6.1947 -2.36002
5.42903 -2.63077
5.33195 -2.59784
5.34309 -2.60356
5.26997 -2.55889
5.47777 -2.63653
5.46864 -2.63566
5.03356 -2.21714
5.00632 -2.15662
5.21733 -2.51119
5.16192 -2.44484
4.38779 0.905568
4.38793 0.850099
4.38874 1.03201
4.3881 0.977099
4.40316 1.4037
4.40038 1.35824
4.41159 1.52396
4.40887 1.48654
4.48962 -0.283811
4.50717 -0.377755
4.56509 -0.664223
4.40785 0.37601
4.41133 0.331602
4.39881 0.512077
4.40178 0.462059
4.46026 -0.097978
4.46505 -0.13004
4.42618 0.17398
4.43325 0.10918
5.86177 3.64249
5.84125 3.64757
6.18142 3.52966
6.29592 3.47275
4.54715 2.4844
4.52903 2.39783
4.61293 2.74528
4.6087 2.72985
7.19953 2.73213
7.22394 2.70353
7.99021 0.964917
7.98338 1.0129
7.94666 1.21475
7.93007 1.28877
6.73141 -1.95822
6.67619 -2.00487
7.06079 -1.64497
6.92917 -1.77749
7.51087 2.30084
7.47503 2.35904
7.5901 2.16358
7.57266 2.19507
7.4272 2.43213
7.44852 2.40011
7.88009 1.47426
7.89356 1.42864
7.82506 1.64172
7.83582 1.61143
6.41577 -2.20872
6.53685 -2.11751
6.34715 -2.25764
5.52644 -2.63777
5.55891 -2.63498
7.93155 -0.142608
7.94066 -0.107173
7.89159 -0.282699
7.90183 -0.249279
7.88226 -0.312916
7.81073 -0.510663
7.80687 -0.520581
4.92026 3.38012
6.90279 3.03792
6.86499 3.07177
6.77564 3.14846
6.74752 3.17118
6.69203 3.21454
6.65498 3.24258
6.51761 3.34024
4.4432 1.85805
4.44605 1.88222
4.46097 1.99806
4.46981 2.06601
4.50881 2.29622
5.83509 3.64867
5.82326 3.65113
6.07056 3.57587
6.45314 3.3807
6.4289 3.39613
7.03946 2.90649
6.9233 3.01968
6.5453 -2.1106
6.90204 -1.80278
6.73588 -1.95455
7.11862 -1.58468
8.01628 0.672674
8.01264 0.750327
6.54117 -2.11399
6.33109 -2.26889
4.7361 3.0826
4.80393 3.21266
8.0166 0.434324
8.0186 0.491801
4.42871 1.7209
4.43079 1.74316
4.41633 1.58169
4.41897 1.61485
4.39182 0.668421
4.39009 0.722853
4.39722 0.541466
4.39478 0.592475
7.77612 1.77098
7.75491 1.82303
7.68569 1.9771
7.6658 2.01856
4.71014 3.02214
4.6881 2.96757
7.19644 -1.4968
7.2217 -1.46777
4.59969 -0.810919
4.39246 1.17834
4.39428 1.23109
4.38907 1.04937
4.39026 1.1041
5.66916 3.67515
5.63982 3.67787
4.56537 -0.665547
4.5661 -0.668774
4.71293 3.02949
4.72209 3.05124
7.16133 2.77704
7.1657 2.77211
7.14433 -1.55599
7.17611 -1.52019
7.12987 -1.57216
4.94111 -1.99417
4.95186 -2.02146
8.01701 0.652953
5.11544 3.55276
5.09934 3.54248
5.94108 -2.50694
5.93827 -2.5083
5.74338 3.66585
5.78398 3.65888
7.983 0.105232
7.97143 0.0343765
4.46909 2.06132
4.92191 3.38192
8.00434 0.849938
8.01131 0.770817
4.71863 -1.27709
4.67175 -1.10299
4.82171 -1.63601
4.80551 -1.58168
4.96404 -2.05564
4.97791 -2.08929
5.03622 -2.22361
5.07747 -2.30475
5.08371 3.5309
5.01717 3.47834
5.8237 -2.5615
5.93616 -2.50922
8 0.229667
7.99154 0.157713
4.39852 1.29459
4.39934 1.34335
4.38802 0.968932
4.38779 0.913599
4.3903 0.786596
4.38791 0.842
4.40716 1.46396
4.4044 1.42239
4.40296 0.44427
4.40621 0.396836
5.53885 3.67958
5.61109 3.67928
4.44152 0.0390489
4.44795 -0.011111
7.70247 -0.751361
7.69967 -0.756994
4.58227 2.63118
4.55008 2.49893
7.9705 1.09188
7.9601 1.14871
7.29156 2.61936
7.3671 2.51869
7.4847 -1.1224
7.42426 -1.20984
7.33938 -1.32329
7.27166 -1.40851
7.551 2.2329
7.52517 2.27712
7.85381 1.55787
7.86577 1.52111
5.67626 -2.61169
5.60426 -2.62881
4.76827 -1.45789
4.86734 -1.78337
5.21294 3.6059
5.15063 3.57414
5.34304 3.65147
6.06648 -2.43868
5.98867 -2.48184
5.75522 -2.58676
8.00817 0.306464
7.9555 -0.04218
7.96801 0.017124
7.94637 -0.0843285
4.87783 -1.81413
4.88373 -1.83089
7.66475 -0.823347
7.80334 -0.529007
7.58239 -0.968941
7.38125 -1.26907
7.57206 -0.986164
8.01801 0.62101
6.08863 -2.42533
4.73628 -1.34137
5.40788 3.66591
5.69416 -2.60775
4.64199 -0.985698
4.66316 -1.07067
4.42216 1.65107
4.42456 1.679
4.39425 0.604788
4.39217 0.657668
4.63306 2.81265
4.66577 2.90722
4.39053 1.11372
4.39207 1.16759
4.66979 -1.09572
5.51323 -2.63765
4.99791 -2.13568
5.105 -2.35562
5.15531 -2.43469
4.3888 1.0406
4.41368 1.55069
4.48334 -0.248294
4.41336 0.307372
4.39781 0.527275
4.48134 -0.236437
4.42036 0.230494
4.59927 2.69669
4.51773 2.34117
4.62589 2.78902
7.23759 2.68682
8.00087 0.880726
7.91904 1.33389
7.42133 2.44079
7.24683 -1.43786
7.62816 2.09284
7.61764 2.11291
7.46971 2.3674
7.90391 1.39088
7.80383 1.69974
5.59143 -2.62993
7.92564 -0.165416
6.72445 3.19013
4.43878 1.82202
4.45153 1.92562
4.63901 -0.973501
4.43566 1.79097
4.38976 0.732273
4.67852 2.94092
4.51251 2.31493
7.79415 1.72577
7.73129 1.87778
7.63952 2.07092
4.39465 1.24311
5.68075 3.67364
5.38904 3.66273
8.01599 0.419156
6.70908 3.20176
6.82668 3.1056
4.90232 -1.88521
6.18583 -2.36593
6.34651 -2.25812
6.62137 3.26789
4.43733 1.80718
7.91606 -0.200257
