4.74311 -1.15189
4.76181 -1.22046
5.11087 -2.16448
5.0949 -2.13714
5.03445 -2.01451
5.0302 -2.00423
4.96265 3.29178
4.97443 3.30605
5.10202 3.42752
5.11118 3.43473
5.34248 3.55359
5.30621 3.54159
5.29249 -2.40453
5.28912 -2.40225
4.57908 -0.475246
4.57002 -0.431069
4.65781 -0.826478
4.66182 -0.842795
5.94716 3.54189
5.89167 3.5552
6.17497 3.45829
6.23537 3.42913
4.62201 2.53098
4.62985 2.56341
4.67146 2.7088
4.67771 2.72789
6.99056 2.88187
7.06466 2.80542
7.18081 2.67539
7.17001 2.68822
7.91901 1.11284
7.90734 1.17587
7.28387 2.54677
7.29843 2.52728
7.40027 -1.15719
7.43554 -1.1072
6.5643 -2.01971
6.62259 -1.97502
6.92092 -1.71187
6.95476 -1.6788
7.47957 2.25872
7.51917 2.1925
7.97091 0.585549
7.97131 0.572863
5.55759 -2.50821
5.54723 -2.50757
4.84815 -1.50943
4.84277 -1.49128
7.80626 -0.386072
7.79677 -0.412105
4.86314 3.15281
4.83951 3.11178
5.46509 3.58135
5.49904 3.58772
4.93089 -1.75289
4.90858 -1.69076
6.77833 3.07428
6.76751 3.08357
6.54341 3.25196
6.56281 3.23858
4.47702 1.67364
4.47761 1.67925
4.61418 -0.637919
4.95351 -1.81803
4.97134 -1.86213
4.55814 2.24141
4.54095 2.14673
4.51325 1.9698
4.51757 1.99864
7.69871 -0.647135
7.73731 -0.560188
7.57634 -0.881499
7.60834 -0.824443
6.39885 3.34335
6.50305 3.27888
6.91321 2.95577
6.96298 2.90864
7.50124 -1.00761
7.48413 -1.03437
6.7501 -1.86728
6.81839 -1.8082
7.07647 -1.55343
7.00995 -1.62406
6.32738 -2.19118
6.41162 -2.13468
6.28489 -2.22082
6.22361 -2.25801
5.78016 -2.47338
5.79158 -2.47041
4.49721 0.00484074
4.49578 0.0159702
4.718 2.84607
4.72506 2.86545
7.68903 1.85587
7.67612 1.88493
7.96123 0.796829
7.9654 0.744458
4.79444 -1.3315
4.77037 -1.24965
7.84338 -0.276519
7.83801 -0.293388
5.17624 -2.27279
5.17241 -2.26723
6.14233 -2.30911
6.08855 -2.33848
5.26085 -2.37544
5.25405 -2.36792
4.4389 0.875818
4.43897 0.850039
4.43969 1.00236
4.4394 0.977038
4.45303 1.37468
4.45204 1.35847
4.46154 1.4949
4.46095 1.48678
4.56022 -0.379278
4.56676 -0.414327
4.46148 0.34307
4.46245 0.33077
4.45186 0.479499
4.45294 0.461227
4.48075 0.140464
4.4812 0.136327
6.02581 3.5171
5.83155 3.5701
6.07957 3.49727
6.28737 3.40446
7.94854 0.923706
7.93117 1.04572
7.22004 -1.39132
7.18184 -1.43695
7.31188 -1.27684
7.29392 -1.30045
6.65939 -1.94393
6.52324 -2.05251
7.00079 -1.63307
6.91467 -1.71816
7.55871 2.12133
7.52413 2.18375
7.39566 2.3897
7.4179 2.35629
7.83009 1.47896
7.84404 1.43174
7.77339 1.64658
7.79886 1.57488
7.87605 1.31236
7.85571 1.39121
7.78439 -0.444957
6.84121 3.02045
6.82995 3.03053
6.6236 3.19512
6.61816 3.19924
4.48584 1.75637
4.48318 1.73263
4.47146 1.61509
4.66368 -0.850187
4.56185 2.26316
4.5334 2.10125
5.63661 3.59178
5.69351 3.58888
5.77601 3.58002
5.77329 3.58059
6.06165 3.50474
6.3755 3.35601
6.50943 3.27498
6.98214 2.89023
6.90488 2.96383
6.4649 -2.09464
6.8376 -1.78999
6.72091 -1.89334
7.10395 -1.52466
6.30526 -2.20668
4.79697 3.03277
4.81092 3.06004
6.00903 -2.37953
6.03816 -2.36558
5.9207 -2.42074
5.93731 -2.41425
4.7043 -1.00654
4.71174 -1.03465
4.51298 -0.102905
4.44186 0.69743
4.44108 0.722023
4.44694 0.570285
4.44591 0.591643
4.74859 2.92205
4.76633 2.96402
4.58451 2.37255
4.57279 2.31854
7.95601 0.854514
7.95162 0.897728
4.44496 1.20877
4.44573 1.23103
4.44117 1.07957
4.4417 1.10404
6.18765 -2.2818
5.38967 -2.46804
5.36317 -2.45396
7.87271 -0.175975
4.89049 3.19498
4.91253 3.22714
4.68988 -0.951897
4.69513 -0.971637
6.71629 3.12502
6.68074 3.15223
4.52574 -0.182893
4.53189 -0.220812
7.6303 1.98208
7.60987 2.02382
5.60011 -2.50756
5.63873 -2.50397
7.87637 -0.163099
7.88816 -0.117648
7.96423 0.358779
7.96206 0.327481
4.50334 1.8954
4.49999 1.87137
5.48148 -2.49787
5.43003 -2.48521
5.35175 -2.44755
5.30344 -2.41233
7.93047 0.0786793
7.92962 0.0735148
4.52699 2.06228
4.76811 -1.24216
4.73728 -1.13013
5.50087 -2.50281
5.06271 -2.07373
5.13165 -2.20263
5.0094 -1.95763
5.05697 -2.06222
5.01246 3.34764
4.93516 3.25795
5.05277 3.38383
5.2046 3.4957
5.40284 3.57074
5.2227 3.5042
5.87519 -2.43981
5.88686 -2.43583
7.95012 0.210958
7.94862 0.197898
4.44863 1.29453
4.44897 1.31446
4.43903 0.939241
4.43893 0.913539
4.43995 0.786538
4.43884 0.812354
4.88389 -1.61822
4.87719 -1.59934
4.45702 1.43494
4.4562 1.42262
4.45624 0.411548
4.4573 0.396005
5.58563 3.59413
5.59691 3.59408
4.52169 2.02927
7.64059 -0.763705
7.66492 -0.71604
4.60547 2.4644
4.6465 2.62569
4.68677 2.75636
4.6592 2.66875
7.14243 2.71976
7.20166 2.65059
7.90592 1.18277
7.93015 1.05197
7.2294 2.61637
7.34769 2.45987
7.4516 -1.08339
7.35553 -1.21994
7.26691 -1.33394
7.23856 -1.3695
7.51996 2.19113
7.46996 2.27447
7.80297 1.56266
7.82849 1.48423
7.97116 0.523942
7.96818 0.683646
5.51696 -2.50554
5.59315 -2.50765
4.82099 -1.42068
4.8634 -1.55845
7.90558 -0.0461406
7.90254 -0.0595331
5.01859 3.35377
5.20906 3.49821
5.20695 3.49713
5.54809 3.59177
5.67721 -2.49794
5.69109 -2.49612
7.92651 0.0577925
7.95176 0.225089
4.94075 -1.78179
4.99085 -1.91037
4.50853 1.935
7.6862 -0.673397
7.74947 -0.532032
7.54866 -0.929202
7.34818 -1.2301
7.50892 -0.995444
7.97065 0.473813
4.80615 -1.37029
5.96528 -2.4006
5.98774 -2.3908
4.44411 0.633692
4.4432 0.656838
4.71567 2.8391
4.74115 2.90507
4.44282 1.14403
4.4435 1.16753
4.54083 -0.272948
4.71876 -1.06116
5.17024 -2.26355
5.0612 -2.07098
5.22009 -2.33032
5.23353 -2.34735
5.28216 -2.39583
4.43997 1.04054
4.46592 1.55093
4.46716 0.274326
4.44875 0.526446
4.48521 0.102299
4.46866 0.257838
4.58729 2.38445
4.65672 2.66088
7.21874 2.62969
7.11029 2.75638
7.94993 0.912745
7.88025 1.29552
7.36293 2.43798
7.17124 -1.44898
7.5963 2.04997
7.56467 2.11036
7.43812 2.32489
7.8545 1.39553
7.76719 1.66351
6.73629 3.10889
4.48967 1.79144
4.47823 1.68589
6.05209 -2.35767
4.47051 1.60487
4.49462 0.0246456
4.4397 0.761225
4.78598 3.00778
4.69742 2.78699
4.57174 2.31325
7.72118 1.78039
7.74138 1.73073
7.65732 1.92578
4.7929 3.02367
7.13367 -1.49162
7.95839 0.832701
4.44705 1.27348
5.40969 -2.47699
5.60809 3.59353
5.00125 -1.93703
7.97025 0.461974
4.4944 1.82744
4.49183 1.80757
7.9661 0.731369
6.67238 3.15856
6.81854 3.04061
7.09285 2.7754
7.7014 1.82806
7.76033 1.68198
7.7658 -0.492503
6.61323 3.20295
5.71462 3.58776
7.89945 -0.0723978
5.76546 3.58179
