5.90886 2.46297
5.97531 2.4683
6.18616 2.43951
6.20763 2.43201
7.22889 1.24364
7.2381 1.21494
7.31629 0.810215
7.31062 0.86987
5.18312 1.49448
5.20506 1.59613
5.39114 2.08257
5.38808 2.07743
5.50551 2.24067
5.57321 2.31061
7.20447 -0.110495
7.20578 -0.106997
7.27432 0.125396
7.27278 0.118654
5.19338 0.0168053
5.18508 0.0591782
5.11692 0.722957
5.11715 0.709564
7.31618 0.369796
7.31581 0.366364
6.77559 2.04869
6.70681 2.12011
5.76938 2.43077
5.77012 2.43098
6.40153 2.34954
6.42233 2.33708
6.87048 -0.699485
6.87155 -0.69826
6.7455 -0.835267
6.71394 -0.865062
7.0086 -0.509074
7.00764 -0.510628
7.30503 0.909878
7.29354 0.977441
5.37333 -0.57734
5.36847 -0.56573
5.45561 -0.744823
5.45094 -0.735667
5.56232 -0.908258
5.54935 -0.891889
5.23628 1.7098
5.21155 1.62262
5.14589 1.26888
5.15065 1.30257
6.29967 -1.13629
6.33484 -1.1208
5.30448 1.90656
5.30793 1.91407
5.65816 2.37403
5.58484 2.31943
6.53992 -1.00684
6.50483 -1.03137
6.98732 1.7734
6.98675 1.77427
7.09358 1.58265
7.13024 1.50645
5.91642 -1.16737
5.92608 -1.16928
5.73109 -1.07746
5.70464 -1.05595
6.1069 -1.18255
6.09403 -1.18253
7.09389 -0.358378
7.11752 -0.312059
5.2146 -0.0861968
5.22633 -0.130776
5.12622 0.50637
5.12513 0.522114
5.15163 0.260623
5.15412 0.243177
6.65651 2.16613
6.63498 2.1851
7.32686 0.622958
7.32722 0.591006
7.28468 1.02557
7.28303 1.03478
6.53651 2.263
6.56063 2.24505
7.30913 0.881097
7.30836 0.887545
7.28861 1.00716
5.28946 -0.354198
5.27816 -0.317427
5.24936 -0.220027
5.25063 -0.224645
5.11796 0.918091
5.1177 0.905007
6.57788 2.23159
6.59719 2.21727
7.26518 1.11623
7.26579 1.11385
6.82898 1.98864
6.81383 2.00627
6.51092 2.28159
6.44115 2.32509
5.20925 -0.062326
5.21033 -0.0674441
5.11635 0.825992
5.11658 0.853687
5.12308 1.0252
5.31362 -0.421961
5.32005 -0.439736
5.26525 -0.274618
5.26008 -0.256376
6.0499 2.46378
5.87168 2.45857
6.13024 2.4518
6.2933 2.40192
7.00684 -0.511824
6.94101 -0.605813
5.13192 1.15326
5.12849 1.1081
5.33128 -0.470229
5.36454 -0.555888
5.50677 -0.827751
5.46015 -0.753257
5.20682 1.604
5.17419 1.44726
6.20269 -1.16643
6.22445 -1.15969
5.34606 1.99569
5.39557 2.08932
5.57477 2.31191
5.47929 2.21055
6.62896 -0.941118
6.62352 -0.945682
7.06482 1.63842
7.05183 1.66273
5.82305 -1.13263
5.8004 -1.12003
7.16403 -0.211828
7.21912 -0.0668845
7.29785 0.239634
7.24357 0.00868076
5.17808 0.0955559
5.19771 -0.00413301
5.11831 0.656845
5.11664 0.774728
5.13852 0.365226
5.13658 0.382162
7.29995 0.254215
7.32578 0.490389
5.7692 2.43069
6.08014 2.46188
5.66953 2.38152
6.79466 -0.783515
6.87231 -0.697319
6.63909 -0.932208
7.06704 -0.408441
7.1416 1.48131
7.16991 1.41313
5.13273 1.16109
5.29788 -0.378537
5.41174 -0.657869
5.59312 -0.944611
5.62655 -0.983968
5.64069 -0.999511
5.16271 1.38284
5.25022 1.75316
5.26983 1.81295
6.3982 -1.09255
6.13201 -1.17868
5.30071 1.89751
5.44499 2.16377
6.44273 -1.06758
6.98835 1.77173
6.92713 1.86053
7.04209 1.67995
6.01112 -1.1828
5.89582 -1.15967
7.15475 -0.232796
7.24199 0.00320187
7.29792 0.240009
5.17021 0.141086
5.11869 0.644375
5.13633 0.384683
5.11924 0.632496
5.13645 0.383346
7.32651 0.507922
6.61801 2.19939
6.68423 2.14249
7.32448 0.687825
7.20889 1.30718
7.19435 1.34774
7.26447 1.11939
7.24489 1.19023
7.27416 1.07365
5.25144 -0.227643
5.2371 -0.173555
6.6944 2.13248
6.859 1.9522
6.88653 1.91691
7.32222 0.742951
5.11629 0.788607
5.11714 0.891485
6.31276 2.39317
6.91209 1.8816
7.22159 1.26791
6.33301 2.38311
6.36838 2.36662
7.17693 1.39621
7.32294 0.731883
6.89661 1.9036
5.22953 -0.144432
5.21107 -0.0707956
