4.52509 -1.41369
4.5595 -1.56681
8.09682 -0.252037
8.10017 -0.241084
8.20252 0.433216
8.20371 0.472788
4.19896 1.35832
4.19707 1.33407
4.18896 0.850332
4.18861 0.830998
6.85801 3.3556
6.84731 3.36445
4.31689 -0.458452
4.32808 -0.518764
4.23702 1.91721
4.22863 1.82355
4.81091 -2.72489
4.8181 -2.75441
4.78943 -2.61122
4.78929 -2.61035
4.22278 0.192971
4.21788 0.244474
4.27657 -0.236179
4.27666 -0.236696
7.87685 -0.821544
7.88648 -0.802035
5.36607 -3.28161
5.33751 -3.29998
5.49702 -3.18861
5.5226 -3.17134
6.4394 3.6669
6.43546 3.66929
7.87791 1.9986
7.89132 1.96864
4.32919 2.59862
4.31795 2.5294
5.23712 4.00416
5.27771 4.0113
4.75399 -2.42124
4.7604 -2.46038
7.15443 3.07746
7.19291 3.03709
8.1501 1.12305
8.14455 1.15396
4.92585 -3.31866
4.92586 -3.31938
7.48144 2.68718
7.50483 2.65579
7.67826 -1.1725
7.62805 -1.24915
7.67292 2.39696
7.71139 2.32902
8.02716 1.61522
8.0108 1.66455
5.69681 -3.05042
5.69276 -3.05369
4.97473 -3.44645
4.99722 -3.45606
5.05685 -3.46033
5.03443 -3.46947
4.84561 -2.89693
4.85759 -2.96182
4.85947 -2.97524
4.87228 -3.03915
4.66168 -2.01651
4.65784 -1.99792
5.65365 -3.08068
5.642 -3.08835
4.88494 -3.11213
4.89933 -3.17844
5.26712 -3.34828
5.23758 -3.36741
5.20849 -3.3858
5.15147 -3.4207
5.98817 -2.83983
5.96293 -2.85778
6.65287 3.51933
6.6348 3.53229
6.21777 3.79388
6.16938 3.81765
6.04088 3.87598
6.05427 3.87067
5.77718 3.97113
5.76957 3.97276
4.24615 2.00682
4.24505 1.99584
4.40152 2.96012
4.3937 2.92525
4.44439 3.12321
4.4417 3.11294
7.13026 3.10246
7.5606 -1.34611
7.60424 -1.28435
7.06156 -1.92909
7.08005 -1.91074
6.90026 -2.08639
6.88901 -2.09707
4.74185 3.72154
4.76947 3.75449
8.20295 0.651828
8.20321 0.644731
6.65771 -2.30205
6.67969 -2.28247
6.43366 -2.48942
6.40338 -2.51485
6.22751 -2.65533
6.23843 -2.64643
4.59612 -1.72537
4.61444 -1.80281
7.9881 -0.571628
7.98055 -0.590906
7.7492 -1.05696
7.77224 -1.01757
6.08175 -2.76951
6.15934 -2.70774
6.95963 3.26624
7.03653 3.19408
4.26946 2.19939
4.28507 2.30622
4.23837 1.93223
4.23964 1.94615
7.31017 2.90677
7.31766 2.89783
7.17397 -1.81107
7.24571 -1.73325
6.08116 -2.76999
6.00046 -2.82981
4.48824 -1.25292
4.51219 -1.35441
4.56409 -1.58756
4.63662 -1.90791
4.63506 -1.89992
4.4676 -1.1663
4.46841 -1.16985
4.43501 -1.0216
4.43989 -1.04368
4.189 1.02127
4.18871 0.977333
4.20683 1.51797
4.20505 1.4856
4.19927 0.504118
4.20159 0.465317
5.50336 4.01749
5.46897 4.0194
5.39445 4.02003
5.43701 4.02103
4.28649 2.31398
4.28768 2.32306
4.23847 0.0382453
4.24287 0.00139915
5.47445 -3.20657
5.44898 -3.22325
7.95963 1.80377
7.97535 1.76283
7.78364 2.19461
7.79941 2.16383
4.35154 2.73089
4.35255 2.73626
5.02292 3.93779
5.00439 3.92959
5.13522 3.98109
5.16583 3.98869
4.76873 -2.49319
4.74486 -2.3817
8.09908 1.36551
8.08101 1.43625
4.92457 -3.31216
4.91184 -3.24482
7.62863 2.47039
7.58326 2.54098
6.98315 -2.00818
6.98512 -2.00633
7.46058 -1.48073
7.47004 -1.46874
7.38003 -1.58057
7.38336 -1.5766
4.53255 3.36993
4.52564 3.35475
4.70279 -2.18827
4.69232 -2.14225
4.73545 -2.33654
4.72369 -2.28028
5.81225 -2.96575
5.84147 -2.94609
5.76712 -2.99991
4.63832 -1.91658
4.67908 -2.08792
8.10299 -0.230949
8.03235 -0.453425
8.02365 -0.477332
8.18361 0.191151
8.18843 0.236567
8.16244 0.0354529
8.16837 0.074704
4.83923 3.82198
4.82554 3.81063
6.72828 3.46125
6.74265 3.45025
6.93895 3.2846
6.9493 3.2755
5.83309 3.95398
5.85943 3.94489
5.99933 3.89364
5.94244 3.91483
5.66389 3.99654
6.28806 3.7561
6.27293 3.76465
6.52369 3.611
6.49652 3.62986
4.40869 2.98789
7.25613 2.96797
7.13794 -1.84959
6.97143 -2.01936
6.81455 -2.16403
8.19774 0.740745
8.19651 0.75776
6.75733 -2.21459
6.72135 -2.24638
6.61873 -2.33487
6.52363 -2.41587
6.46693 -2.46295
6.36943 -2.54217
6.40237 -2.51563
4.62152 -1.83684
4.59133 -1.70466
4.21094 1.58566
4.21278 1.6139
4.19681 0.555378
4.19506 0.595725
4.26758 2.18578
4.26779 2.18753
4.39452 -0.836242
4.3848 -0.791257
4.41891 -0.948674
4.41225 -0.91747
4.18955 1.06071
4.19035 1.10433
5.92517 -2.88556
5.91593 -2.89288
4.56673 -1.60014
4.57798 -1.64944
8.06412 -0.358767
8.19768 0.34839
8.20044 0.388643
4.19107 0.72333
4.19004 0.7435
7.06057 3.17139
7.04831 3.18305
6.75576 3.44001
6.83609 3.37363
5.42175 -3.24158
5.4023 -3.25726
5.53474 -3.16215
5.55981 -3.14583
6.37123 3.7077
6.34854 3.72165
6.47465 3.64411
6.4945 3.63123
4.81835 3.80344
8.18547 0.876483
8.18665 0.866301
8.17018 0.996463
8.18449 0.886493
4.92583 -3.31817
4.90848 -3.23633
4.69223 3.65845
4.71908 3.69585
8.11652 -0.178476
4.88372 3.85722
6.54937 3.59367
6.61406 3.54705
5.61618 4.00467
4.25254 2.06757
6.34068 -2.56531
6.33984 -2.56601
7.33771 -1.63062
7.25696 -1.72118
8.15681 0.00299297
8.13554 -0.102216
4.1939 1.23133
4.19402 1.2538
4.22367 1.76191
4.22216 1.74144
4.41848 3.02533
4.42447 3.05047
4.73849 -2.34922
7.34799 2.86006
7.37618 2.8265
4.58345 3.48139
4.59227 3.49999
4.48183 3.23748
4.48713 3.25271
6.5823 -2.3656
6.55753 -2.38698
6.14349 3.83012
6.10896 3.84621
6.80073 -2.1766
4.19616 1.29482
4.19969 1.38409
4.18984 0.786831
4.18847 0.869588
4.33658 -0.563229
4.30176 -0.377151
5.5572 4.0125
5.52473 4.01625
4.82941 -2.8116
4.80375 -2.68283
4.78951 -2.61178
4.7763 -2.53881
4.21303 0.307227
4.22941 0.122388
4.27711 -0.239274
4.25865 -0.11828
7.93129 -0.705708
7.83066 -0.911332
5.32987 -3.30623
5.37468 -3.27441
7.92029 1.90104
7.84629 2.06748
4.33434 2.6334
4.30793 2.46047
4.42913 3.06964
5.31835 4.01508
5.20518 3.99854
8.16706 1.01863
8.12631 1.24598
4.94939 -3.39942
4.94924 -3.39446
5.26762 -3.34785
4.83427 -2.84177
4.83162 -2.82425
7.33862 -1.62959
5.61422 -3.10841
5.57305 -3.13587
5.0182 -3.47338
4.95892 -3.41906
5.09239 -3.45204
4.85853 -2.9683
4.88434 -3.11013
4.88455 -3.11092
5.685 -3.05937
4.88473 -3.11142
5.20953 -3.38539
5.14529 -3.42263
4.25168 2.05945
7.81593 -0.938673
7.93889 -0.688724
4.46039 3.17531
7.71091 -1.12038
7.61222 -1.27265
7.52438 -1.39707
4.63029 3.56876
4.65464 3.60545
4.80378 3.78838
8.20502 0.561732
8.20145 0.678733
6.27631 -2.61661
6.30843 -2.59019
6.20925 -2.66973
4.2156 1.65432
4.21882 1.7002
4.61425 3.53875
7.51199 -1.41388
4.4824 -1.22798
4.4846 -1.23716
4.63124 -1.88252
4.47382 -1.19292
4.45398 -1.10677
4.45112 -1.09383
4.42597 -0.980576
4.18878 0.957899
4.18916 1.04083
4.2037 1.45721
4.20863 1.54975
4.2976 -0.353452
4.35632 -0.66156
4.20338 0.436337
4.19786 0.530529
5.44922 4.02068
5.60293 4.00635
5.35336 4.01836
4.25579 -0.0979047
7.8324 2.09645
7.93439 1.86715
7.99601 1.70678
7.75079 2.25785
4.30252 2.42481
4.353 2.73836
4.94293 3.89662
4.94235 3.89624
4.94303 3.89668
5.06846 3.95779
5.11715 3.97472
8.1161 1.29302
8.06854 1.48175
7.64042 2.45133
7.5674 2.56512
7.44104 2.74279
7.38994 2.8089
7.52241 2.63046
7.73484 2.2872
7.50046 -1.42918
7.42714 -1.52298
7.42044 -1.5312
7.34621 -1.62067
4.51078 3.31532
4.55137 3.41446
4.49625 3.27892
4.68542 -2.11582
4.70851 -2.21131
4.71928 -2.26215
8.05164 1.53926
5.89003 -2.91147
8.19036 0.255916
8.18129 0.170101
5.7873 3.96821
5.88876 3.93544
6.09749 3.85124
4.38336 2.88036
4.3762 2.84873
6.78499 -2.19077
6.6998 -2.26509
6.5305 -2.41034
6.46336 -2.46582
4.19436 0.619003
4.3823 -0.780047
4.39844 -0.854366
4.40669 -0.892476
4.19099 1.12505
8.20496 0.52658
4.19274 1.20959
4.19125 0.702462
4.55738 3.42866
7.94637 -0.671616
6.23807 3.78304
4.46174 3.1794
4.2272 1.80503
8.13233 -0.116252
4.37145 -0.728138
4.35761 -0.667825
5.91064 3.92708
4.93776 -3.35752
7.45823 2.71978
8.04074 1.57421
5.87168 -2.92405
8.17605 0.127152
6.32861 3.73356
4.3886 2.90464
4.36574 2.79983
6.16607 3.81931
6.40786 3.68585
4.36768 2.80905
5.93543 -2.87805
