6.18565 -0.550105
6.23482 -0.542923
5.98656 -0.506049
5.93958 -0.476689
5.8813 1.78536
5.82555 1.74627
6.64601 -0.292827
6.70449 -0.217121
5.51384 1.03933
5.50706 0.98363
6.8206 1.26993
6.82264 1.26558
6.82897 -0.00569029
6.82053 -0.0245126
5.50665 0.48232
5.51137 0.439631
6.42917 1.74967
6.42727 1.75097
6.95113 0.43642
6.95722 0.502993
6.40467 -0.488293
6.32139 -0.523165
6.21303 1.84328
6.23344 1.83993
6.0251 1.84658
6.06497 1.85013
6.60868 -0.331615
6.55041 -0.387341
5.49435 0.80758
5.49295 0.714814
5.78423 -0.330899
5.80181 -0.354712
6.91494 0.996651
6.90308 1.04488
5.62443 1.45902
5.63706 1.4873
5.72348 1.63584
5.71473 1.62206
6.71469 1.4551
6.75005 1.39922
5.67878 -0.157686
5.64266 -0.0811574
5.62879 -0.0487428
5.60099 0.033214
5.54471 0.236336
5.53932 0.26228
6.49802 1.69894
6.5454 1.65672
6.95818 0.726234
6.95681 0.745053
6.90104 0.189461
6.91711 0.249009
6.89618 1.06844
6.87057 1.1446
6.48171 1.71142
6.44011 1.74194
6.94282 0.862023
6.93761 0.895127
6.57321 1.62944
6.60039 1.60165
6.92481 0.954875
6.93114 0.925807
5.57696 1.33047
5.55521 1.25757
5.5026 0.525093
5.49871 0.570235
6.35963 1.79078
6.31203 1.81246
6.29248 -0.533428
6.14328 -0.547138
5.89411 -0.446322
6.0524 -0.530307
5.7933 1.715
5.92411 1.81121
6.75879 -0.137436
6.63295 -0.307558
5.50119 0.92525
5.52672 1.12523
5.72714 -0.247299
5.75449 -0.288317
6.79427 1.32231
6.8229 1.26497
6.86423 0.0784345
6.78847 -0.0867483
5.55545 0.187849
5.57015 0.133237
5.51496 0.411931
5.50438 0.504949
6.96099 0.575017
6.94303 0.377728
6.08371 -0.540749
6.44844 -0.46203
6.52296 -0.410837
5.85348 -0.407328
6.24173 1.83711
6.12831 1.85496
6.00039 1.83919
5.72997 1.64496
6.76967 -0.120533
5.53115 1.15054
5.49582 0.846833
5.49327 0.686354
5.54578 1.21881
5.71012 -0.220289
5.67224 1.55296
5.6159 1.43691
6.6525 1.54384
6.65416 1.54183
6.65541 1.54014
6.77131 1.3638
6.86567 1.15916
6.87769 0.116316
5.63543 -0.0647685
5.58031 0.0977679
5.52531 0.342863
5.4976 0.587301
6.30334 1.81625
6.93062 0.308425
6.96137 0.625306
6.95194 0.793161
6.89875 1.05981
6.37435 1.78256
6.9454 0.845837
5.58602 1.36044
