7.69376 -0.280754
7.71753 -0.206936
5.50758 3.32212
5.41905 3.29518
5.08346 3.04714
5.1129 3.08232
7.80607 0.189186
7.81856 0.289181
4.61527 1.50796
4.61979 1.55164
4.59288 0.58984
4.59292 0.58863
4.92689 2.80374
4.93881 2.82718
4.66258 -0.0967243
4.65172 -0.0243618
7.52321 -0.682148
7.50977 -0.708301
6.37434 3.14769
6.26654 3.20367
4.74628 2.296
4.73471 2.24895
5.72904 3.34543
5.71213 3.34573
6.6849 2.93984
6.72301 2.90983
6.87804 -1.53656
6.8627 -1.55129
7.40391 -0.892919
7.3922 -0.911628
7.46617 1.99681
7.45338 2.02068
7.30505 2.26777
7.30214 2.27206
7.63373 1.62807
7.62113 1.6609
7.73098 1.32601
7.74315 1.27988
7.75923 -0.0534362
7.77708 0.0259259
7.63273 -0.444834
7.61286 -0.493632
5.3078 3.24234
5.34851 3.26209
5.16347 3.13102
5.203 3.16868
4.99543 -1.37128
5.01409 -1.42141
5.11673 -1.65759
5.08835 -1.59836
6.53087 3.0506
6.56271 3.02948
4.5944 1.23198
4.59811 1.29502
4.64887 1.79185
4.65107 1.80831
6.12055 -2.07468
6.19476 -2.0387
5.76128 -2.17314
5.78613 -2.17332
5.56666 -2.15012
5.58397 -2.15686
4.77788 -0.661167
4.77261 -0.640239
4.83119 -0.862833
4.81959 -0.820414
5.16153 -1.74556
5.18277 -1.78334
4.62122 0.216009
4.61791 0.246995
4.70353 2.11012
4.70741 2.12767
6.25016 3.21131
6.14936 3.2539
6.91179 2.74129
6.85073 2.79975
6.65041 2.96631
6.39555 -1.92171
6.34013 -1.95538
6.79673 -1.61223
6.74366 -1.6583
7.00251 -1.41184
6.92098 -1.49485
7.27766 -1.07992
7.30411 -1.04389
7.832 0.512672
7.83016 0.443959
4.5859 0.913367
4.58582 0.909426
4.58967 1.10557
4.59174 1.16736
4.91738 -1.14844
4.92507 -1.17347
4.73101 -0.455855
4.74577 -0.524184
5.27752 -1.92942
5.26079 -1.90548
4.59194 0.609619
4.58993 0.65445
7.01288 2.63818
7.00888 2.64251
7.14584 -1.25076
7.14192 -1.25563
7.80753 0.947843
7.81024 0.927151
4.68871 -0.247955
4.68672 -0.237024
7.83175 0.610253
7.83118 0.660942
7.72871 -0.169168
7.67838 -0.325235
6.06826 -2.0965
6.09006 -2.08859
5.62058 -2.16347
5.68899 -2.17486
7.04943 -1.36
7.0744 -1.33262
6.40413 3.12974
6.26248 3.20581
7.12588 2.50893
7.12818 2.50615
7.78988 1.0597
7.77405 1.14447
7.3879 2.13537
7.35801 2.18475
7.21628 2.39221
7.24875 2.34816
7.6813 1.49296
7.68986 1.46707
7.65485 -0.38864
7.60017 -0.521971
7.58055 -0.565735
6.58923 3.01144
6.50604 3.06728
4.63702 1.70568
4.63391 1.67997
4.61151 1.47019
4.6076 1.42332
5.98705 -2.12774
5.89424 -2.15508
5.9361 -2.14371
5.87556 -2.15857
5.88554 -2.15724
5.59444 -2.15991
5.52576 -2.13568
4.85435 -0.946656
4.9529 2.85142
4.98659 2.91137
5.93181 3.32034
5.99033 3.30544
6.03515 3.29329
6.10357 3.26954
6.13163 3.26017
6.44784 3.10397
5.62833 3.34164
5.66039 3.34438
6.80469 2.83988
6.29716 -1.98229
6.44842 -1.88563
6.89905 -1.51705
7.00433 -1.40989
4.58672 0.980284
4.58669 0.976866
4.58962 1.10386
4.59428 1.22988
4.5926 1.18927
4.86202 -0.971988
4.88799 -1.05598
4.60923 0.339145
4.60094 0.453192
4.63553 0.0950829
4.63007 0.137432
4.78872 2.44733
4.80052 2.48574
4.76466 2.36743
4.76164 2.35681
6.94386 2.70916
7.0021 2.64951
7.23593 -1.13654
7.25169 -1.1164
7.82056 0.830837
7.81702 0.870539
4.58943 1.04036
4.58956 1.10209
4.95171 -1.25348
4.94836 -1.24372
4.62904 1.64212
4.62963 1.6474
4.61319 1.48748
4.8037 -0.762471
4.78698 -0.69726
5.41258 -2.06761
5.42501 -2.07791
4.598 0.524017
7.5429 1.84298
7.54988 1.82808
4.89687 2.73932
4.87357 2.68437
4.60179 1.35068
4.60241 1.35917
4.65901 1.86391
4.66021 1.87248
5.49538 -2.12111
5.48638 -2.11555
4.85926 -0.962947
5.34441 -2.00659
5.34085 -2.00245
5.14868 -1.72294
5.1412 -1.70952
4.60016 0.463973
4.61128 0.316326
5.86848 3.33168
5.84848 3.33429
4.70877 -0.35252
4.71442 -0.379484
5.21213 -1.83443
5.21442 -1.8377
4.6831 2.00702
4.68171 2.00032
4.85816 2.64943
4.84069 2.60451
6.49471 -1.85433
6.55107 -1.81244
5.01369 2.95385
5.01642 2.95818
4.64223 1.74414
6.24718 -2.01049
6.28669 -1.98795
4.58538 0.845672
4.58594 0.788695
5.40717 3.29075
5.56617 3.3339
5.11995 3.08976
5.06713 3.02588
7.82122 0.317161
7.8011 0.155054
5.04991 -1.51242
5.04929 -1.51088
4.66996 1.93685
4.67034 1.93905
7.45976 -0.799782
7.56494 -0.59824
4.72851 2.22248
4.74918 2.30821
6.83419 -1.57772
7.3545 -0.968981
7.43084 -0.849238
7.42763 2.0669
7.49665 1.93843
7.26119 2.3307
7.30584 2.26657
7.653 1.57677
7.59888 1.71654
7.75205 1.24289
7.71772 1.37468
7.82671 0.756549
7.82598 0.773027
7.78533 0.0664307
7.75016 -0.0899355
5.20962 3.17419
5.30099 3.23823
5.6088 3.34034
7.82891 0.420639
5.04895 -1.51
4.98014 -1.3313
5.12931 -1.68487
4.75359 -0.558994
4.78034 -0.670862
5.208 -1.82816
5.15214 -1.72904
4.66993 1.93665
4.7156 2.16733
4.69429 2.06399
7.45137 -0.814564
5.91768 3.32325
6.69521 -1.70041
6.64972 -1.7368
6.60828 -1.77015
7.31806 -1.0235
7.83257 0.551254
7.58666 1.74529
7.59281 1.73094
5.22204 -1.84875
5.31498 -1.97369
4.76557 2.37046
4.78206 2.4266
7.06974 2.57467
7.81469 0.888933
7.80636 0.957411
4.67033 -0.142437
4.6945 -0.279576
4.81327 2.52507
4.82352 2.55691
4.83979 2.6022
7.16333 2.46178
7.12133 2.5144
7.79841 1.00798
7.76607 1.1826
7.18819 2.42958
7.50341 1.92498
7.40718 2.10279
7.34701 2.2023
7.70745 1.40936
7.65969 1.55719
4.58539 0.854059
4.94536 -1.2347
4.58748 0.716803
4.58729 0.722605
7.13614 -1.26241
7.82538 0.782804
4.62975 1.64847
4.62319 1.58856
5.45211 -2.09532
5.40208 -2.05839
5.81621 3.33895
5.7778 3.34231
4.66989 1.93642
5.50293 -2.12546
5.34986 -2.01267
4.62537 0.177151
5.018 2.96054
5.37711 -2.03781
5.68497 3.34502
6.23938 -2.01464
4.60316 1.36893
4.64413 0.0309575
4.61648 0.263112
4.58601 0.784815
4.58606 0.781023
6.59454 -1.78105
7.16383 -1.22804
4.58666 0.973411
4.59175 1.16785
4.90232 -1.1023
4.58986 0.655769
6.48515 3.0812
4.62212 1.57797
5.97573 -2.13104
