5.92353 2.45517
5.97597 2.45938
6.18678 2.43104
6.19824 2.42704
7.22329 1.24343
7.23398 1.21013
7.31137 0.806358
7.30479 0.87568
5.46165 -0.741489
5.4625 -0.742858
5.18847 1.49103
5.21201 1.60009
5.39782 2.07825
5.3892 2.06377
5.51281 2.23595
5.57414 2.2993
7.19753 -0.112538
7.20125 -0.102607
7.26868 0.123737
7.26847 0.122822
5.19997 0.0123638
5.19079 0.0591427
5.1223 0.719636
5.12247 0.709438
7.31107 0.374879
7.30996 0.364643
6.77317 2.04209
6.69436 2.12393
6.40217 2.3409
6.41886 2.33091
5.7702 2.42077
5.70698 2.38961
6.85593 -0.706387
6.8669 -0.693766
6.74761 -0.824063
6.70912 -0.860397
7.01174 -0.492398
7.00315 -0.506283
7.30218 0.894323
7.28808 0.97724
5.37427 -0.563358
5.37399 -0.562683
5.56967 -0.904199
5.5502 -0.879614
5.24202 1.70609
5.21241 1.60173
5.15137 1.26534
5.15715 1.30628
6.30071 -1.12719
6.32848 -1.11496
5.31066 1.90257
5.31857 1.91982
5.66623 2.36882
5.63966 2.34903
6.53348 -1.00291
6.50727 -1.02123
6.98326 1.76866
6.97773 1.77703
7.08967 1.57808
7.12307 1.50865
5.91712 -1.15723
5.94089 -1.16193
5.73182 -1.06673
5.71329 -1.05165
6.10756 -1.17301
6.0809 -1.17298
7.08633 -0.360602
7.11322 -0.307897
5.21656 -0.0701916
5.23252 -0.130815
5.13128 0.509244
5.13062 0.518723
5.157 0.263675
5.16049 0.239245
6.65076 2.16242
6.62423 2.18579
7.32139 0.628395
7.32182 0.590808
7.25672 1.12775
7.25956 1.11724
7.27954 1.02538
7.27849 1.03122
6.53052 2.25913
6.54838 2.24584
7.30409 0.880911
7.30373 0.883916
7.28203 1.01371
5.29056 -0.337849
5.28435 -0.317651
5.25129 -0.204347
5.25601 -0.221585
5.12326 0.914818
5.12307 0.90488
6.57173 2.22762
6.59786 2.20824
6.83462 1.97251
6.80854 2.00285
6.51156 2.2729
6.43396 2.32128
5.21579 -0.0667387
5.21595 -0.067479
5.12181 0.829091
5.12198 0.850352
5.12869 1.0284
5.31925 -0.418856
5.32688 -0.439984
5.2705 -0.27172
5.26621 -0.256598
6.03484 2.45581
5.87238 2.44912
6.15696 2.43759
6.29392 2.39343
6.62587 -0.935083
6.62335 -0.937052
6.996 -0.516963
6.93669 -0.601637
5.13753 1.14979
5.131 1.06374
5.33688 -0.467135
5.37376 -0.56211
5.51335 -0.824116
5.46103 -0.740434
5.21212 1.60058
5.18092 1.4511
6.20372 -1.15735
6.21731 -1.15314
5.35218 1.99174
5.41033 2.09729
5.5829 2.30666
5.48027 2.19857
7.05737 1.6407
7.04648 1.66109
5.82375 -1.12242
5.81047 -1.11504
7.15961 -0.20755
7.23766 0.00694024
7.27207 0.1402
7.24567 0.0369478
5.18464 0.0911273
5.20338 -0.00416824
5.1237 0.653513
5.122 0.774601
5.13867 0.4202
5.14185 0.385159
7.29298 0.244484
7.32014 0.488729
5.78116 2.42433
6.08081 2.45293
5.67035 2.37153
6.79021 -0.779212
6.87481 -0.684073
6.61359 -0.944299
7.06285 -0.404386
7.13755 1.47659
7.16399 1.41291
5.13909 1.16472
5.30472 -0.378785
5.41776 -0.654544
5.61593 -0.958799
5.63387 -0.979923
5.64146 -0.988265
5.16813 1.37934
5.2587 1.758
5.27552 1.80928
6.39924 -1.08342
6.15958 -1.165
5.302 1.88179
5.45162 2.15949
6.43542 -1.06313
6.99324 1.7525
6.9232 1.85594
7.03831 1.67553
6.01178 -1.1732
5.86642 -1.13827
7.1475 -0.234932
7.23777 0.00729085
7.29189 0.238234
5.17548 0.144085
5.12399 0.64425
5.1423 0.380994
5.1244 0.635425
7.32116 0.513248
6.61239 2.19576
6.68491 2.1333
7.31923 0.687631
7.20484 1.30245
7.18721 1.35164
7.2603 1.11452
7.23848 1.19372
7.26886 1.07345
5.25905 -0.23278
5.24237 -0.17056
6.68917 2.12911
6.85665 1.94578
6.87685 1.91988
7.31646 0.748687
5.12173 0.785246
5.12264 0.894609
6.30907 2.38662
6.90617 1.87979
7.21482 1.2716
6.32484 2.37879
6.36476 2.36017
7.17288 1.39149
7.31782 0.727864
6.89266 1.89899
5.23687 -0.149386
5.21605 -0.0679638
