6.21951 2.00965
6.27761 1.98977
5.91852 1.99986
6.01066 2.02261
7.03725 0.925504
7.04047 0.908093
5.51391 1.53042
5.50513 1.50492
5.60214 1.71425
5.61974 1.74358
5.59921 -0.289603
5.56891 -0.220116
5.49768 -0.0254894
5.48209 0.0272207
6.36921 -0.67657
6.46327 -0.626401
6.15233 -0.727003
6.17603 -0.724546
5.95299 -0.684276
5.97915 -0.693533
5.77121 -0.548328
5.78917 -0.565292
5.80924 1.945
5.84362 1.96296
5.72078 1.8707
5.78243 1.92279
6.84589 -0.219135
6.79201 -0.301861
6.60308 -0.520794
6.64549 -0.479393
5.41005 1.10342
5.42402 1.19699
5.38958 0.872273
5.39207 0.917991
5.45011 1.32246
5.43719 1.26646
7.05876 0.777284
7.05901 0.774959
6.72578 1.64282
6.6656 1.71259
6.79283 1.54634
6.73792 1.62675
6.87338 -0.170754
6.90586 -0.107134
6.9645 0.0342041
6.98837 0.103503
5.66237 -0.402113
5.6301 -0.346364
5.44904 0.155189
5.44394 0.179077
5.38829 0.65528
5.38965 0.61982
5.40788 0.406231
5.41636 0.342291
6.44871 1.90221
6.41758 1.92402
7.04443 0.343524
7.03374 0.28334
7.0655 0.619382
7.06351 0.534281
7.00554 1.06977
7.00701 1.0638
6.95762 1.21673
6.95195 1.23343
7.00953 1.05427
6.58865 1.79494
6.59564 1.78832
6.90139 1.35281
6.92606 1.29722
6.98121 1.14868
7.03368 0.943309
7.02217 0.997224
6.87521 1.40641
6.87252 1.41165
6.50096 1.8657
6.59831 1.78561
6.25864 -0.713081
6.33721 -0.688254
5.85976 -0.628698
5.87213 -0.636501
6.13361 2.02429
6.32646 1.97243
6.08795 2.02693
5.90887 1.99691
6.72866 -0.389358
6.72373 -0.39545
5.39752 0.989261
5.40422 1.05531
5.47966 1.42772
5.52875 1.56802
5.65705 1.79477
5.58305 1.67887
6.60389 1.77976
6.91447 -0.0881899
6.95007 -0.00467745
5.53892 -0.147982
5.61171 -0.313346
5.52026 -0.0986487
5.46911 0.0758258
5.39935 0.483315
5.39703 0.507488
7.0601 0.476343
7.05354 0.410257
6.48478 -0.613501
6.12942 -0.725091
6.05062 -0.716431
5.72076 -0.485511
6.39349 1.93677
6.36061 1.95594
6.11416 2.02734
5.80595 1.94257
5.71213 1.86238
6.71649 -0.403498
6.85546 -0.203597
6.56017 -0.556485
5.427 1.21484
5.38673 0.784559
5.38651 0.752278
5.45635 1.34583
5.68353 -0.436786
7.04575 0.87139
7.05907 0.774194
5.55636 1.62782
6.73289 1.63375
6.83027 1.48653
6.84903 1.45454
6.89388 1.3689
6.90051 1.35481
7.00281 0.153146
5.52987 -0.124748
5.44143 0.191506
5.42511 0.285924
5.39541 0.529234
6.47804 1.88397
7.01994 0.219495
7.06497 0.655799
6.94509 1.25189
