5.4445 -2.3723
5.48013 -2.38478
6.1267 -2.24615
6.1886 -2.21245
5.86781 -2.36052
5.83553 -2.37168
6.60634 3.14796
6.62274 3.13578
4.66793 -0.675698
4.70318 -0.819376
4.57403 2.06138
4.57133 2.0452
5.88077 3.49365
5.93935 3.4796
4.72004 2.67851
4.73518 2.72474
7.02587 2.78263
7.0492 2.75856
7.16499 2.62747
7.13121 2.66759
7.87344 1.14234
7.88609 1.07405
7.37303 -1.1251
7.37989 -1.11538
7.45314 2.22316
7.4728 2.19027
7.78701 1.48302
7.76752 1.54388
7.92838 0.675966
7.93084 0.5983
7.77378 -0.355668
7.74981 -0.421475
4.90612 3.09404
4.9053 3.09263
5.08966 3.31541
5.02664 3.25338
5.19787 3.39961
5.10751 3.33274
5.24325 3.42421
5.30311 3.45573
5.49069 3.51044
5.49629 3.51149
5.71433 -2.39843
5.65842 -2.40598
7.89368 0.107161
7.88533 0.0590766
7.9241 0.363014
7.92147 0.327786
4.91158 -1.53
4.89504 -1.4826
4.95894 -1.6657
4.95869 -1.66501
4.51966 1.64882
4.52288 1.67946
4.49969 1.42282
4.4986 1.41074
4.65397 -0.615389
5.09787 -1.98653
5.09905 -1.98861
5.02656 -1.83374
5.01879 -1.81452
4.55566 1.94336
4.56402 1.99911
7.52404 -0.891934
7.58037 -0.791486
5.75831 3.51279
5.72215 3.51744
6.16773 3.40052
6.15749 3.40437
6.39179 3.287
6.43823 3.25827
6.83048 2.96977
6.88939 2.9169
7.47313 -0.974484
7.51447 -0.908048
6.50011 -2.00697
6.40972 -2.07203
6.62145 -1.91457
6.61002 -1.92362
6.83684 -1.72953
6.80604 -1.75769
7.02614 -1.54344
6.99764 -1.57371
5.23294 -2.20004
5.21865 -2.1835
5.96127 -2.32515
5.93651 -2.33618
5.53732 -2.39951
5.4974 -2.39112
4.48547 1.16621
4.48552 1.16748
4.4992 0.405451
4.50068 0.384255
4.54472 -0.0243375
4.53657 0.0390619
4.48494 0.654955
4.48488 0.656159
4.78434 -1.12279
4.75869 -1.03316
4.83705 -1.30143
4.82896 -1.27391
7.81015 -0.245415
7.79197 -0.302574
5.15663 -2.0884
5.17495 -2.11954
6.08782 -2.26739
6.204 -2.20377
4.48053 0.851587
4.48054 0.84999
4.4812 0.978201
4.48118 0.976989
4.63568 -0.530584
5.98186 3.4662
5.82341 3.50513
6.19388 3.38863
6.28025 3.34766
4.68805 2.57208
4.6768 2.53415
4.73594 2.72679
4.75812 2.78526
7.08805 2.71561
7.12451 2.67532
7.26782 2.49814
7.2473 2.52483
7.15709 -1.40057
7.15405 -1.4042
6.59886 -1.93192
6.51038 -1.99992
6.94791 -1.62257
6.90236 -1.66784
7.53205 2.08546
7.56379 2.02599
7.36997 2.35513
7.37071 2.35402
7.83416 1.3163
7.82315 1.359
7.73419 -0.462911
7.71571 -0.507045
7.70122 -0.541659
6.78851 3.0055
6.74837 3.03901
6.53017 3.20017
6.55448 3.18431
4.51647 1.61529
4.50851 1.53014
4.50488 1.48698
4.49552 1.36784
4.49431 1.35065
4.71954 -0.884474
4.82923 2.95303
4.84175 2.97773
4.58697 2.13452
4.60631 2.23545
6.05404 3.44408
6.30554 3.33376
6.50241 3.21897
5.64958 3.52157
5.61948 3.52133
6.93196 2.87599
6.39569 -2.0809
6.78149 -1.77885
6.70851 -1.84263
7.09175 -1.47476
6.28635 -2.15337
5.27083 -2.24559
6.07841 -2.27234
6.0374 -2.29195
4.74418 -0.978392
4.7585 -1.0325
4.488 1.23372
4.48778 1.22837
4.48361 1.10399
4.49108 0.520663
4.49532 0.460537
4.50518 0.330075
4.51767 0.198141
4.52712 0.111987
4.55291 -0.0803001
4.48262 0.721058
4.48261 0.721347
4.48785 0.59096
4.76793 2.80916
4.78162 2.84426
4.63114 2.34928
4.63587 2.37109
7.66199 1.8195
7.6679 1.80571
7.32011 -1.19703
7.29619 -1.22866
7.91356 0.8812
7.91105 0.905815
7.8278 -0.184936
5.38386 -2.34119
5.41606 -2.36
4.72968 -0.923807
4.742 -0.97008
6.70945 3.07046
6.67956 3.09279
4.61022 -0.408311
4.59043 -0.305982
4.4909 0.52576
4.49053 0.530511
4.58412 2.11982
4.58539 2.12642
4.55953 -0.121846
4.57191 -0.198152
4.61528 2.27695
4.62271 2.3118
4.60998 2.2525
7.70921 1.70444
7.73006 1.65066
7.8429 -0.131767
7.84429 -0.1264
7.66302 -0.626273
7.64905 -0.657042
4.90783 3.09668
4.94172 3.14716
4.55341 1.92649
4.5458 1.87184
7.36032 -1.14294
7.92383 0.76593
7.92656 0.729886
5.33488 -2.30507
5.3503 -2.31896
5.28135 -2.25802
4.51282 1.57586
4.51051 1.55114
4.6178 -0.445648
4.90317 3.08876
4.86602 3.02321
4.50946 0.281308
4.51098 0.264829
4.81039 -1.21232
4.79323 -1.15329
5.49043 -2.38893
5.00833 3.23315
4.97911 3.19784
5.31942 3.46226
5.39993 3.49
5.81888 -2.37569
5.88604 -2.35522
7.91182 0.232344
7.90721 0.194859
4.48058 0.915058
4.48058 0.91349
4.4804 0.78649
4.48033 0.788207
4.95858 -1.66467
4.92643 -1.57403
5.03367 -1.85131
5.06202 -1.91158
4.56449 2.00259
4.57429 2.06276
7.58973 -0.773853
7.63639 -0.682424
7.62243 1.90634
7.61127 1.93011
4.65808 2.46473
4.65096 2.43605
4.7356 2.72592
4.71655 2.66712
7.12687 2.6726
7.18248 2.60666
7.85902 1.21224
7.89532 1.01752
7.42367 -1.05048
7.49315 2.15505
7.42318 2.27222
7.32609 2.41804
7.36729 2.35909
7.75972 1.56673
7.79648 1.45257
7.93065 0.535566
7.92746 0.709242
5.57372 -2.40522
5.58381 -2.40577
7.87072 -0.0135062
7.85829 -0.0683623
5.10336 3.32909
5.20569 3.40473
5.50043 3.51183
5.7513 -2.39327
5.59613 -2.40563
7.92959 0.458409
4.86622 -1.39635
4.86433 -1.39083
4.99411 -1.75436
5.10109 -1.99218
4.55459 1.93547
7.67674 -0.596822
7.52119 -0.896835
7.45493 -1.00338
7.93065 0.489609
5.91523 -2.34362
5.98697 -2.31504
4.80213 2.89291
4.80632 2.90322
7.9198 0.82287
7.91897 0.831563
4.5899 -0.303067
4.75864 -1.03301
4.86024 -1.37831
5.20812 -2.16922
5.13543 -2.05466
4.48165 1.04049
4.64778 2.42209
4.70508 2.63074
7.20282 2.58143
7.06367 2.74316
7.9064 0.940103
7.84744 1.26308
7.31358 2.43561
7.10617 -1.45854
7.17581 -1.37852
7.56979 2.0143
7.51965 2.1082
7.41206 2.28983
7.8118 1.39955
7.7364 1.63305
4.52642 1.71582
4.53224 1.76666
4.49035 1.29888
4.85103 2.99644
4.81647 2.92641
5.66887 3.52132
5.59777 3.5213
6.00632 -2.30556
4.48989 1.29064
4.48555 1.1688
4.86333 -1.38798
4.51255 0.246448
4.52997 0.0884811
4.48038 0.784807
4.48307 0.70756
4.48482 0.657292
7.21087 -1.33688
7.09812 -1.46768
7.92026 0.818398
4.48328 1.09388
6.56344 3.17806
7.6972 1.73489
4.54408 1.85829
4.53756 1.80778
4.96179 3.17422
7.6565 1.83229
7.57638 2.00133
4.49012 1.29452
4.52554 1.70798
4.50076 1.43686
4.53474 1.78674
5.21509 -2.1792
7.21816 -1.32789
7.26622 -1.2678
6.64123 3.12189
5.70604 3.51933
7.84563 -0.121057
