6.14482 -2.1589
6.18782 -2.13549
5.65848 -2.29793
5.72195 -2.29744
4.99664 -1.5829
5.01695 -1.63506
4.74823 -0.793875
4.73006 -0.719844
5.11789 -1.85855
5.09032 -1.80097
4.62268 2.03105
4.61744 1.99966
4.59648 -0.056131
4.59642 -0.0556699
7.5925 -0.668325
7.54849 -0.753925
6.38398 3.22467
6.36446 3.23481
7.5677 1.91776
7.60559 1.83708
7.83653 1.10583
7.83666 1.10511
7.34026 2.31516
7.31577 2.35138
7.73962 1.48748
7.73261 1.50936
7.73841 -0.322559
7.70433 -0.416134
7.78397 -0.17679
7.80557 -0.0968194
7.69852 -0.431709
7.69764 -0.433862
5.78402 -2.28922
5.8156 -2.28343
5.58135 -2.29176
5.62513 -2.29687
5.51865 3.42923
5.50122 3.42655
5.30074 3.35804
5.31096 3.363
5.10473 3.21621
5.11368 3.22473
4.91544 2.96434
4.94022 3.00599
7.85444 0.1439
7.83653 0.0407693
7.88197 0.402456
7.87509 0.310387
4.95564 -1.47767
4.94788 -1.45544
4.56609 1.62179
4.57217 1.67968
4.54855 1.42305
4.54642 1.39945
4.58065 1.74949
4.5885 1.80802
4.77483 -0.89474
4.75933 -0.838068
5.25453 -2.07639
5.2689 -2.09343
5.17061 -1.95183
5.14682 -1.90952
4.90863 2.95173
4.87067 2.87922
6.02497 3.38344
5.93051 3.40902
6.15943 3.33428
6.05747 3.37256
5.67686 3.44143
5.65444 3.44189
6.86548 2.87142
6.87235 2.86525
6.99135 -1.51008
6.97436 -1.52739
7.44185 -0.937626
7.46465 -0.900978
6.4208 -1.99123
6.39458 -2.01011
6.66794 -1.80749
6.59563 -1.86476
6.88674 -1.61461
6.79219 -1.70106
5.99814 -2.22536
6.03656 -2.20985
4.52873 0.913434
4.52819 0.887346
4.5332 1.13843
4.53418 1.16743
4.54529 0.432167
4.55076 0.353494
4.59599 -0.0525197
4.58099 0.0642079
4.53439 0.624584
4.533 0.655376
4.69963 2.3919
4.69366 2.36945
7.22959 -1.23845
7.2016 -1.27323
7.86592 0.911143
7.8687 0.889925
4.63522 -0.278235
4.62034 -0.196283
7.88678 0.614459
7.88665 0.626077
4.83035 -1.09032
4.82142 -1.05914
7.77397 -0.211544
7.74183 -0.312577
6.27165 -2.0882
6.087 -2.187
7.0733 -1.42192
7.10661 -1.38538
5.81421 3.43177
5.85067 3.42448
6.49408 3.15835
6.2722 3.28344
4.7469 2.56181
4.72903 2.5016
4.77461 2.6445
4.7615 2.60618
7.14735 2.574
7.17744 2.53769
7.07068 2.66297
7.07279 2.66064
7.24996 2.444
7.18992 2.52207
6.52502 -1.91726
6.49568 -1.93981
6.89034 -1.61115
6.88886 -1.61261
7.50241 2.04558
7.51415 2.0236
7.42417 2.18419
7.42197 2.18783
7.78856 1.32059
7.78769 1.32394
7.69915 -0.430106
6.72811 2.98836
6.71478 2.99948
4.56549 1.61552
4.57925 1.7393
4.57361 1.69257
4.55491 1.50313
4.55356 1.4872
4.7827 -0.923233
4.82702 2.78345
4.82831 2.7863
4.64946 2.17332
4.65548 2.2048
5.78088 3.4357
5.90388 3.41443
6.04565 3.3771
6.22024 3.30663
6.49445 3.15813
5.70632 3.44106
6.87731 2.86048
6.9628 -1.53908
7.0558 -1.44127
6.30967 -2.06383
6.71685 -1.76602
6.69455 -1.78551
6.8981 -1.60351
6.28798 -2.0782
5.91718 -2.25586
5.93562 -2.24939
4.52972 1.01346
4.52944 0.976933
4.52819 0.876017
4.52815 0.823873
4.53747 1.2624
4.53497 1.20091
4.53217 1.10393
4.87918 -1.25133
4.89852 -1.311
4.54122 0.489868
4.54334 0.459755
4.55277 0.3293
4.52937 0.748159
4.53121 0.691792
4.53595 0.590177
7.63121 1.77808
7.64771 1.73954
7.00985 2.72789
7.0317 2.70551
7.17442 -1.3065
7.12258 -1.36712
7.28915 -1.16055
7.24401 -1.22023
7.77889 -0.194694
5.41884 -2.22795
5.4023 -2.21871
5.88512 -2.26542
5.8535 -2.27333
4.53094 1.04043
4.531 1.06815
6.70187 3.00992
6.61535 3.07457
6.54677 3.1228
6.55551 3.1167
4.65489 -0.383023
4.6461 -0.337555
4.53996 0.524961
4.53739 0.557677
4.63316 2.08925
4.64039 2.12698
4.66542 2.25092
4.82692 2.78322
4.82679 2.78293
6.90206 2.83588
7.65606 1.71869
7.68103 1.65527
7.63056 -0.588022
7.61483 -0.622667
5.557 -2.28731
5.53056 -2.28016
4.98774 3.0776
5.00207 3.09821
4.5904 1.8213
4.59752 1.87219
7.31571 -1.12482
7.87801 0.794729
7.87906 0.780829
4.56481 1.60814
4.55949 1.55136
4.67949 -0.503392
4.67468 -0.480559
4.54138 1.33056
4.54094 1.32351
4.57987 1.74385
5.29055 -2.11899
5.29767 -2.12667
4.55468 0.307524
4.55871 0.264053
4.85643 -1.17983
4.85631 -1.17941
5.74701 -2.29386
5.63599 -2.29834
5.40053 3.39959
5.44186 3.4119
5.03681 3.14193
5.00903 3.10763
7.87106 0.270507
7.85954 0.176977
5.05361 -1.72354
4.98159 -1.54567
5.05378 -1.7239
5.12845 -1.87744
4.61269 1.97255
4.62869 2.06332
7.53121 -0.785527
7.60429 -0.64461
7.55941 1.93499
7.61341 1.81949
4.67893 2.3102
4.67146 2.27874
4.79135 2.69117
4.78215 2.66525
7.10913 2.61885
7.1321 2.59237
7.83549 1.11087
7.85714 0.97976
7.39325 -1.01464
7.38995 -1.01954
7.46395 2.11576
7.43455 2.16666
7.29677 2.37857
7.3704 2.26968
7.71148 1.57126
7.7613 1.41778
7.80872 1.23755
7.79388 1.29927
7.88649 0.629445
7.88167 0.738022
7.83276 0.0220315
7.8101 -0.0779771
5.20206 3.29826
5.2036 3.29934
5.60276 3.43945
7.88421 0.441385
4.94438 -1.44497
4.91664 -1.36394
5.0537 -1.72373
4.69894 -0.589934
4.7074 -0.6261
5.36007 -2.18434
5.32983 -2.15986
5.4814 -2.26313
5.18479 -1.97654
5.05372 -1.72378
4.60698 1.93601
7.48933 -0.859294
7.39487 -1.01221
7.88678 0.517184
6.04373 -2.20638
5.98611 -2.23075
5.21737 -2.02386
4.68087 2.31776
4.70909 2.42867
7.87223 0.852765
7.86043 0.956022
4.6163 -0.173021
4.80446 -1.00067
4.85679 -1.181
4.71965 2.46681
4.75838 2.59751
7.1852 2.52806
7.06697 2.66717
7.85851 0.970208
7.81114 1.22717
7.25805 2.43294
7.53968 1.97379
7.46959 2.10579
7.38275 2.25039
7.7653 1.40392
7.70179 1.59883
4.54521 1.38361
5.49675 -2.26873
4.91202 2.95817
5.95143 -2.24306
4.7954 -0.968307
4.52811 0.812472
4.53749 1.26294
4.53483 1.19737
4.9021 -1.32222
4.56956 0.159988
4.56343 0.215194
4.52899 0.758415
4.53147 0.684333
7.17974 -1.30019
7.87749 0.802352
6.49816 3.15568
6.59872 3.08714
5.32855 -2.15883
5.32718 -2.15764
7.69074 1.6295
7.64712 -0.552453
4.97025 3.05267
4.60075 1.89348
5.23567 -2.0495
5.83458 -2.27887
4.59637 -0.0553174
7.34203 -1.08857
5.60573 3.43968
4.95259 3.02436
4.53942 1.29475
4.57227 1.68078
4.55205 1.4687
4.56027 0.245719
4.52862 0.785749
4.52906 0.940025
4.57885 0.080213
6.60664 3.08118
6.49476 3.15794
4.86719 2.87212
4.86425 2.86566
7.65548 -0.533526
