6.03975 -2.73621
6.02468 -2.74755
4.57448 -1.44995
4.56069 -1.38856
8.04585 -0.298112
8.06091 -0.248919
8.16796 0.420252
8.16799 0.421272
4.66188 -1.8143
4.66431 -1.82345
4.23747 1.35828
4.23392 1.31262
4.22717 0.850287
4.22642 0.808991
6.85221 3.30937
6.82185 3.33448
4.35133 -0.438957
4.37012 -0.54029
4.29274 2.05987
4.2948 2.07789
4.85809 -2.6096
4.84964 -2.57083
4.2791 0.0132948
4.2781 0.0213417
4.2547 0.250633
4.25338 0.264571
7.83319 -0.830254
7.86159 -0.77271
5.34674 -3.15586
5.33009 -3.16064
6.43349 3.61978
6.38054 3.65182
7.83893 2.00227
7.86802 1.93728
4.36453 2.55019
4.35719 2.50494
5.03716 3.86556
5.03892 3.86652
7.14104 3.03689
7.21724 2.95694
8.1207 1.09398
8.10551 1.17849
5.24645 -3.18664
5.2423 -3.18722
7.45337 2.66507
7.48064 2.62845
4.60589 3.39226
4.61089 3.40203
4.70792 3.56727
4.74301 3.61666
5.52629 -3.06829
5.55984 -3.04792
8.01209 1.55405
7.98418 1.63821
8.17039 0.568199
8.16754 0.667152
4.88538 -2.70945
4.88673 -2.71405
5.10049 -3.16551
5.10225 -3.16652
5.02841 -3.08969
5.03198 -3.09343
4.97209 -2.97788
4.97172 -2.97671
4.91316 -2.80767
4.92983 -2.85626
4.68832 -1.91723
4.70299 -1.98061
4.62744 -1.66813
4.6129 -1.60776
6.64707 3.47304
6.60818 3.50096
6.00554 3.83702
6.02656 3.82868
5.76793 3.91553
5.66133 3.93834
6.25778 3.72092
6.26688 3.71638
4.44295 2.92621
4.44195 2.92174
7.08898 3.09075
7.27674 2.88872
7.21978 2.95418
7.63867 -1.16954
7.65222 -1.14851
7.53726 -1.31861
7.55651 -1.29137
7.01767 -1.92038
7.06976 -1.86867
6.85375 -2.07716
6.8787 -2.05488
6.40708 -2.45708
6.40458 -2.45918
6.65886 -2.24937
6.65504 -2.25249
7.9623 -0.541233
7.93966 -0.599063
5.63311 3.94272
5.56007 3.9517
7.70322 -1.06613
7.74819 -0.989238
4.53339 3.21994
4.5159 3.17127
6.9538 3.21967
6.99394 3.18199
4.31364 2.21438
4.32355 2.28224
7.16361 -1.76867
7.21519 -1.71271
6.0709 -2.71375
6.08065 -2.70664
4.55108 -1.34663
4.55732 -1.3731
4.60423 -1.57367
4.22629 0.999564
4.22614 0.977289
4.24341 1.49668
4.24282 1.48577
5.88013 3.88355
5.86074 3.88885
4.39259 -0.647442
4.37108 -0.545155
4.2379 0.480396
4.23883 0.464711
5.4931 3.95582
5.47207 3.95699
4.32947 2.31442
4.33437 2.35205
4.31973 -0.262687
4.31218 -0.216582
7.92199 1.80731
7.95142 1.73064
7.74311 2.19842
7.77657 2.1331
4.37896 2.62959
4.3942 2.7103
4.96706 3.82531
4.91969 3.79385
5.13413 3.90541
5.16994 3.91769
5.31237 3.94799
5.37738 3.95442
4.83157 -2.49864
4.81902 -2.44919
8.04947 1.42336
8.07128 1.33801
7.36261 2.78538
7.41503 2.7177
7.49099 2.61384
7.54247 2.53902
6.93719 -1.99906
6.97472 -1.96377
7.60988 2.43406
7.65047 2.36748
4.66907 3.50746
4.6408 3.46026
4.55782 3.28166
4.57163 3.31711
4.72137 -2.05741
4.7273 -2.07763
4.77605 -2.27057
4.78004 -2.28517
4.73232 -2.09752
4.74513 -2.14683
8.04008 1.45921
8.02953 1.49581
5.86789 -2.8559
5.87267 -2.85282
5.72326 -2.95019
5.75398 -2.93124
8.07356 -0.203396
8.00448 -0.427338
7.98336 -0.48537
8.15215 0.220602
8.15241 0.223056
6.68013 3.44758
6.71664 3.41964
6.89475 3.27206
6.92431 3.24609
5.91248 3.87245
5.99094 3.84323
6.09605 3.79922
6.04596 3.82074
5.80276 3.90548
5.65446 3.93989
4.27674 1.92303
4.27784 1.93264
4.30615 2.16362
6.2109 3.74505
6.17358 3.76253
6.49621 3.57906
6.48862 3.58432
4.42318 2.84359
4.42952 2.87114
4.45077 2.95648
7.29672 2.86602
6.76765 -2.15472
6.78185 -2.1426
7.09575 -1.84122
4.68041 3.52773
8.1639 0.72805
8.1601 0.780647
6.47118 -2.40546
6.46812 -2.408
6.34658 -2.50456
6.34107 -2.509
6.59211 -2.30563
6.59526 -2.30303
6.71572 -2.19975
4.64127 -1.72534
8.16831 0.434844
8.17076 0.548882
4.50407 -1.14786
4.50899 -1.16851
4.47784 -1.03673
4.47915 -1.04237
4.2503 1.61011
4.25055 1.61407
4.23328 0.576518
4.23247 0.595116
4.45987 2.98953
4.45827 2.98428
7.42979 -1.4625
7.4406 -1.44893
7.3337 -1.57968
7.35346 -1.55647
4.42818 -0.812487
4.42331 -0.789978
4.45273 -0.924809
4.45088 -0.916186
4.22743 1.08267
4.22783 1.10429
6.20108 -2.61613
6.14694 -2.65743
8.02487 -0.366598
4.87005 3.7542
4.83474 3.72115
8.15924 0.292948
8.16791 0.419104
4.22926 0.723285
4.22714 0.765004
7.05471 3.12464
7.02372 3.1541
6.74995 3.39363
6.78998 3.36054
4.29034 2.04401
4.28513 1.99625
4.26634 1.81062
4.26582 1.80543
5.41361 -3.12645
5.42167 -3.12318
4.81301 -2.42509
4.81262 -2.42369
8.15077 0.872879
8.15515 0.83514
8.13978 0.966399
8.14713 0.909978
4.50468 3.13991
4.49503 3.10906
5.67379 -2.98181
5.63225 -3.00738
5.63642 -3.00511
5.77604 -2.9176
8.0958 -0.117124
6.54353 3.54712
6.56353 3.53271
5.65136 3.94042
8.17073 0.556338
4.26534 1.80067
4.26039 1.74183
7.28252 -1.63873
7.24664 -1.67898
5.94173 -2.80561
5.9181 -2.82141
4.68098 -1.8909
4.23229 1.23128
4.23253 1.27613
6.36301 3.66228
6.32264 3.68598
7.31952 2.83764
7.34545 2.80676
4.53805 3.23339
4.54111 3.24221
4.7715 3.65294
4.80918 3.69406
6.53287 -2.35579
6.5323 -2.35629
6.10079 3.79714
6.10245 3.79637
4.2335 1.29478
4.23884 1.40679
4.22704 0.786788
4.22612 0.891415
4.37082 -0.543846
4.34473 -0.403525
4.88516 -2.70885
4.8673 -2.6402
4.83285 -2.50589
4.83204 -2.50143
4.27026 0.0923401
4.29402 -0.0982566
4.24554 0.365953
4.26486 0.142458
7.88882 -0.714181
7.80627 -0.882593
5.30893 -3.16993
5.37503 -3.14346
7.882 1.90464
7.82324 2.03646
4.35498 2.48975
4.37472 2.60823
4.4816 3.0646
4.47581 3.04674
5.23967 3.93555
5.23041 3.9332
8.12906 1.04251
8.09774 1.21772
5.23145 -3.18712
5.17345 -3.18999
5.15292 -3.18741
7.30848 -1.6093
4.63543 3.44923
4.60465 3.38997
5.59305 -3.03032
5.46202 -3.10314
4.91042 -2.79558
5.09889 -3.16381
5.0599 -3.13204
5.0239 -3.08244
4.97096 -2.97446
5.00005 -3.0384
4.94998 -2.91667
4.94101 -2.89596
8.12482 0.0213414
8.12663 0.0312454
8.12228 0.00822886
7.77126 -0.947585
7.91357 -0.658886
7.68728 -1.09254
7.63243 -1.17924
7.58839 -1.24458
7.50158 -1.36881
6.27757 -2.55864
6.2805 -2.55622
6.27147 -2.56344
4.49085 -1.09237
4.49393 -1.10544
4.25508 1.67822
4.25444 1.66974
7.38272 -1.52095
7.39749 -1.50301
5.98512 -2.77579
5.95721 -2.79473
6.08256 -2.70533
4.51748 -1.20322
4.53012 -1.25601
4.46794 -0.993638
4.46478 -0.979287
4.22628 0.936072
4.22663 1.04079
4.24044 1.43583
4.24643 1.54992
4.33247 -0.333707
4.40096 -0.688955
4.24206 0.412581
4.23525 0.52992
5.43854 3.9565
5.5269 3.95387
5.38782 3.95542
4.29768 -0.123629
5.44536 -3.11191
5.45887 -3.10515
7.79269 2.10019
7.9108 1.83541
7.95893 1.71026
7.7281 2.22732
4.34144 2.40055
4.40745 2.77224
4.90207 3.77987
4.97799 3.83259
5.04194 3.86788
5.10306 3.8946
5.24718 3.93686
8.07591 1.31828
8.04131 1.45482
7.55339 2.52267
7.60034 2.4494
7.42742 2.7015
7.47511 -1.40431
7.48507 -1.3914
7.69656 2.28536
7.65071 2.36707
4.58095 3.33669
4.79375 -2.34247
4.76284 -2.21602
4.79703 -2.35429
8.01577 1.54264
5.90536 -2.8307
5.86467 -2.85795
8.15866 0.285596
8.14509 0.15652
6.31536 3.68994
4.41652 2.81572
4.44051 2.91593
6.53166 -2.35683
6.40953 -2.45514
6.28346 -2.55395
6.55007 -2.34128
6.65154 -2.25551
4.25514 1.67887
4.23111 0.640307
4.41583 -0.756383
4.43695 -0.853087
4.44034 -0.868728
4.22914 1.14716
6.1207 -2.6764
4.22999 1.18791
4.22963 0.680124
5.46036 -3.10419
5.38436 -3.1405
6.44382 3.6131
7.93792 -0.603182
4.40966 -0.726869
5.02824 3.8606
7.65194 2.36493
4.75805 -2.19914
8.01413 1.54789
5.83033 -2.88051
8.14505 0.156173
8.1444 0.151771
8.10257 -0.0883956
6.13237 3.78215
4.27914 1.94336
4.8236 3.71018
4.41247 2.79643
6.37924 3.6526
