4.6971 -1.18436
4.70784 -1.22377
5.42283 -2.62034
5.40989 -2.61607
5.04217 -2.22353
5.0749 -2.28867
5.89139 -2.52406
5.84402 -2.54609
5.18627 -2.46397
5.21695 -2.5005
5.12043 -2.37075
5.15781 -2.42555
7.98924 0.161845
7.9895 0.163824
4.61773 -0.873171
4.6389 -0.959684
4.56687 -0.657294
4.52564 -0.456196
6.2069 3.51299
6.18325 3.52441
4.55835 2.51937
4.57697 2.59638
7.30184 2.60121
7.35503 2.53001
7.43167 -1.19419
7.45303 -1.16393
7.28969 -1.38108
7.32511 -1.3372
6.63624 -2.03399
6.63688 -2.03349
6.97857 -1.72331
7.02349 -1.67942
6.41001 -2.2087
6.41059 -2.20825
5.62927 -2.6156
5.64868 -2.61254
4.79801 -1.54482
4.77366 -1.46267
4.85243 -1.72225
4.84723 -1.70478
7.84923 -0.40164
7.84268 -0.420169
4.8664 3.30004
4.91761 3.36829
5.16402 3.57479
5.20798 3.59753
4.96482 3.421
5.00164 3.45675
5.23615 3.60828
5.30962 3.63645
6.00751 -2.46643
6.03901 -2.44872
8.00441 0.295111
8.00387 0.288338
6.81181 3.11368
6.79725 3.12618
6.57132 3.2985
6.59805 3.28006
5.72601 3.66365
5.6959 3.66708
4.56829 -0.663897
4.57045 -0.67321
4.45671 1.94031
4.45599 1.93446
4.49649 2.20313
4.49181 2.17736
7.75392 -0.63612
7.75107 -0.642486
7.63665 -0.869467
7.64059 -0.862444
5.95587 3.6114
6.00912 3.59255
6.40668 3.40583
6.31842 3.45554
7.15628 2.7781
7.08216 2.85844
6.96853 2.97147
7.00274 2.93908
7.53209 -1.04395
7.49747 -1.0981
6.81427 -1.88001
6.83216 -1.86453
8.01574 0.491708
8.01593 0.581668
6.28323 -2.29724
6.2768 -2.30114
4.74634 -1.36545
4.76558 -1.43556
4.92104 -1.92654
4.93102 -1.95247
4.77519 3.15048
4.75048 3.10043
5.46523 3.6688
5.50536 3.6721
5.71166 -2.59458
5.73819 -2.58713
4.65851 -1.03886
4.65791 -1.03644
4.65522 2.86396
4.64942 2.84802
7.71958 1.89698
7.70895 1.92093
8.00869 0.766995
8.00918 0.760882
4.81304 3.21939
4.81689 3.22571
6.10311 -2.4112
6.17876 -2.36561
6.23153 -2.3311
6.19139 -2.35734
5.43473 -2.62302
5.33099 -2.5873
5.34844 -2.59628
5.27496 -2.5521
5.48359 -2.62861
5.46786 -2.6271
5.03982 -2.21873
5.01137 -2.15551
5.22738 -2.50898
5.1663 -2.43888
4.3909 0.903757
4.39104 0.850095
4.39184 1.03021
4.39122 0.977095
4.4062 1.40194
4.40352 1.35825
4.41463 1.52219
4.41204 1.48655
4.49047 -0.271162
4.5108 -0.379982
4.41112 0.374005
4.41444 0.331551
4.40204 0.510094
4.4049 0.462008
4.46368 -0.100073
4.46791 -0.128422
4.4295 0.17194
4.43617 0.110833
5.87118 3.63529
5.84066 3.64285
6.17522 3.52769
6.29542 3.46873
4.55134 2.48701
4.53226 2.39582
4.61641 2.74311
4.61275 2.72973
7.19841 2.72873
7.2207 2.70261
7.98767 0.962408
7.9802 1.0149
7.94428 1.2124
7.92668 1.29089
7.37916 -1.26695
7.37858 -1.26771
6.72703 -1.95735
6.62119 -2.04601
7.0572 -1.64426
6.92829 -1.77388
7.50901 2.29834
7.47173 2.35888
7.58819 2.161
7.56941 2.19492
7.42528 2.42955
7.45254 2.3886
7.87704 1.47455
7.89127 1.42637
7.82191 1.64202
7.83357 1.60921
6.41116 -2.2078
6.53695 -2.11305
6.39429 -2.21981
5.53101 -2.6297
5.55821 -2.62736
7.92913 -0.14034
7.9375 -0.107805
7.88842 -0.283331
7.89771 -0.252998
7.87995 -0.310757
7.80596 -0.514972
7.80352 -0.52125
4.92356 3.37562
6.89905 3.03686
6.86285 3.06926
6.77515 3.14455
6.74358 3.17006
6.68786 3.21336
6.65274 3.23994
6.51711 3.33629
4.44672 1.86023
4.44909 1.88033
4.46424 1.99809
4.51204 2.29421
4.47294 2.06371
5.83149 3.64449
5.81389 3.64815
6.07002 3.57154
6.44863 3.37926
6.42651 3.39335
7.03599 2.90551
6.92218 3.01628
6.54099 -2.10974
6.89812 -1.802
6.73496 -1.95082
7.11775 -1.58113
8.01351 0.671635
8.01039 0.738081
6.53902 -2.11136
6.34465 -2.2546
4.7398 3.07956
4.81049 3.21466
8.01362 0.430029
8.01574 0.490726
4.43211 1.72301
4.434 1.74318
4.41968 1.58378
4.42217 1.61486
4.39486 0.670187
4.39319 0.722802
4.40025 0.543221
4.39789 0.592424
7.77549 1.76493
7.75169 1.82333
7.68512 1.9716
7.66244 2.01887
4.71633 3.026
4.6926 2.96724
7.19183 -1.49748
7.21917 -1.46607
4.60355 -0.813289
4.39565 1.18019
4.39741 1.23109
4.39224 1.05121
4.39339 1.10409
5.66836 3.67031
5.64713 3.67229
4.71753 3.02915
4.72147 3.0385
7.16024 2.77373
7.16248 2.77119
7.13967 -1.55667
7.17358 -1.51848
7.12734 -1.57046
4.94381 -1.98833
4.95646 -2.02044
8.01414 0.65476
5.11519 3.54587
5.1027 3.53788
5.94576 -2.49894
5.93822 -2.5026
5.75148 3.65965
5.7832 3.6542
7.98614 0.142435
7.96889 0.0367589
4.47261 2.06172
4.92777 3.38021
8.00158 0.848901
8.0078 0.778288
4.72163 -1.27497
4.67573 -1.10465
4.82501 -1.63368
4.81006 -1.58357
4.96684 -2.04958
4.98278 -2.08823
5.08953 -2.31369
5.04157 -2.22243
5.09057 3.5289
5.01689 3.47071
5.82847 -2.55335
5.93252 -2.50509
7.99696 0.228528
7.98901 0.16008
4.40157 1.29458
4.40236 1.34159
4.39113 0.967125
4.39091 0.913595
4.39332 0.786593
4.39101 0.840195
4.4102 1.46219
4.40755 1.4224
4.40621 0.442278
4.40932 0.396786
5.54169 3.67438
5.61023 3.6741
4.47234 2.06003
4.44487 0.0369873
4.45083 -0.0094788
7.69897 -0.752057
7.69769 -0.754653
4.58707 2.63416
4.55333 2.4969
7.96804 1.08945
7.95682 1.15077
7.28778 2.61918
7.36591 2.51511
7.48275 -1.1201
7.42008 -1.21045
7.33519 -1.3239
7.26968 -1.40617
7.54912 2.23036
7.52189 2.27696
7.85071 1.55817
7.8635 1.51886
5.67129 -2.60603
5.60359 -2.62154
4.77148 -1.45562
4.8671 -1.76946
5.21271 3.59959
5.15405 3.56947
5.35378 3.64835
6.07114 -2.43071
5.98862 -2.47634
5.75098 -2.58193
8.00497 0.30185
7.9523 -0.0433778
7.96378 0.0110277
7.94393 -0.0820449
4.88166 -1.81216
4.88986 -1.83544
4.46887 2.0342
7.68159 -0.785234
7.80129 -0.526583
7.58034 -0.966522
7.3793 -1.26677
7.56821 -0.986729
8.01499 0.627427
6.08874 -2.4201
4.74031 -1.34304
5.4074 3.66028
5.69355 -2.60112
4.64481 -0.983705
4.66271 -1.05563
4.42553 1.65317
4.42776 1.67902
4.39728 0.606547
4.39528 0.657617
4.63385 2.80165
4.67027 2.90709
4.39371 1.11556
4.3952 1.16759
4.67277 -1.09362
5.51249 -2.62952
5.00573 -2.14148
5.11145 -2.35421
5.16254 -2.4331
4.39192 1.04059
4.41686 1.55071
4.48615 -0.246707
4.41663 0.30536
4.40091 0.527224
4.48477 -0.238542
4.4233 0.232158
4.60273 2.69453
4.52187 2.34375
4.62999 2.78891
7.23644 2.68334
7.99777 0.882675
7.91673 1.33161
7.41777 2.44062
7.24231 -1.43853
7.62622 2.09023
7.61442 2.11275
7.46788 2.36493
7.90092 1.39116
7.8016 1.69754
5.58545 -2.62313
7.92246 -0.166049
6.72395 3.18618
4.4418 1.82014
4.45508 1.92783
4.64229 -0.973392
4.43908 1.79309
4.3928 0.734035
4.68448 2.94462
4.51611 2.31483
7.79099 1.72606
7.73069 1.87201
7.63897 2.06563
4.39784 1.24496
5.67674 3.66922
5.39182 3.65765
8.01329 0.421686
6.70685 3.19913
6.82618 3.10164
4.90657 -1.88428
6.18594 -2.36097
6.62087 3.26393
4.44054 1.80722
7.91367 -0.198023
