5.92842 2.45257
5.97619 2.4564
6.18699 2.42821
6.19511 2.42538
7.22142 1.24337
7.2326 1.20852
7.30974 0.805072
7.30284 0.877616
5.3746 -0.558437
5.37598 -0.56158
5.46386 -0.740267
5.46733 -0.745864
5.19025 1.48988
5.21273 1.59401
5.40005 2.07681
5.38957 2.05921
5.51524 2.23437
5.57445 2.29554
7.19522 -0.11322
7.19974 -0.101144
5.20216 0.0108832
5.1927 0.0591309
5.12409 0.718529
5.12425 0.709396
7.30937 0.376573
7.30801 0.36407
6.77237 2.03989
6.69021 2.1252
6.40238 2.33802
6.4177 2.32885
5.77047 2.41743
5.68577 2.37568
6.85107 -0.708687
6.86536 -0.692267
6.74832 -0.820328
6.70752 -0.858843
7.01279 -0.486839
7.00165 -0.504834
7.30123 0.889137
7.28626 0.977173
5.57212 -0.902845
5.55048 -0.875522
5.24393 1.70486
5.21463 1.60159
5.15319 1.26416
5.15932 1.30752
6.30105 -1.12416
6.32636 -1.11301
5.31272 1.90124
5.32212 1.92174
5.66892 2.36708
5.65793 2.3589
6.53133 -1.0016
6.50808 -1.01785
6.9819 1.76708
6.97472 1.77795
7.08836 1.57656
7.12068 1.50938
5.91735 -1.15385
5.94582 -1.15948
5.73207 -1.06315
5.71617 -1.05022
6.10778 -1.16983
6.07653 -1.16979
7.08381 -0.361343
7.11179 -0.30651
7.26668 0.123147
7.26695 0.124292
5.21813 -0.0683175
5.23458 -0.130827
5.13297 0.510202
5.13245 0.517592
5.15879 0.264693
5.16262 0.237934
6.64884 2.16118
6.62065 2.18602
7.31957 0.630208
7.32003 0.590741
7.25151 1.14004
7.25735 1.11845
7.27782 1.02532
7.27698 1.03003
6.52852 2.25784
6.5443 2.2461
7.30241 0.880849
7.30219 0.882706
7.27984 1.0159
5.29092 -0.332399
5.28641 -0.317726
5.25193 -0.19912
5.25781 -0.220565
5.21792 -0.0674913
5.12503 0.913728
5.12485 0.904838
6.56968 2.2263
6.59808 2.20523
6.83649 1.96714
6.80678 2.00172
6.51178 2.27
6.43156 2.32001
5.12362 0.830125
5.12378 0.84924
5.13056 1.02947
5.32112 -0.417822
5.32916 -0.440066
5.2178 -0.0669712
5.21725 -0.0645888
5.27225 -0.270754
5.26826 -0.256672
6.02982 2.45315
5.87261 2.44597
6.16586 2.43286
6.29413 2.3906
6.62655 -0.931479
6.6216 -0.935351
6.99239 -0.518676
6.93525 -0.600245
5.1394 1.14863
5.13183 1.04896
5.37737 -0.564551
5.33875 -0.466104
5.51555 -0.822905
5.46134 -0.735953
5.21402 1.59935
5.18316 1.45238
6.20406 -1.15432
6.21493 -1.15095
5.35422 1.99042
5.41525 2.09994
5.58561 2.30491
5.4806 2.19458
7.05489 1.64146
7.04469 1.66054
5.82399 -1.11902
5.81383 -1.11337
7.15813 -0.206124
7.23545 0.00628839
5.18683 0.0896512
5.20527 -0.00417998
5.1255 0.652402
5.12379 0.774559
5.13873 0.440778
5.14368 0.386198
7.29134 0.246114
7.31826 0.488175
5.78516 2.42221
6.08103 2.44994
5.67062 2.3682
6.78873 -0.777777
6.87564 -0.679658
6.6024 -0.949608
7.06145 -0.403034
7.1362 1.47501
7.16202 1.41284
5.1412 1.16593
5.307 -0.378867
5.41977 -0.653436
5.62354 -0.963529
5.63631 -0.978574
5.64172 -0.984516
5.16994 1.37817
5.26153 1.75961
5.27741 1.80805
6.39958 -1.08037
6.16877 -1.16044
5.30243 1.87655
5.45383 2.15806
6.43298 -1.06164
6.99487 1.74609
6.92188 1.85441
7.03705 1.67406
6.012 -1.17
5.85662 -1.13114
7.14508 -0.235644
7.23622 0.00879306
7.28986 0.237638
5.17724 0.145084
5.12575 0.644208
5.14438 0.379711
5.12612 0.636402
7.31938 0.515024
6.61052 2.19455
6.68514 2.13023
7.31748 0.687566
7.20349 1.30088
7.18483 1.35293
7.25887 1.11284
7.23635 1.19488
7.26709 1.07339
5.26159 -0.234492
5.24413 -0.169561
6.68743 2.12798
6.85586 1.94364
6.87362 1.92087
7.31454 0.7506
5.12355 0.784125
5.12447 0.89565
6.30785 2.38443
6.9042 1.87919
7.21256 1.27283
6.32212 2.37735
6.36355 2.35803
7.17153 1.38991
7.31612 0.726525
6.89134 1.89745
5.23931 -0.151037
