7.59305 0.0444556
7.60427 0.0916289
7.56363 1.25598
7.55758 1.27986
5.32984 -1.45301
5.34083 -1.46859
4.7951 1.30075
4.79988 1.36007
5.02141 -0.757376
4.99971 -0.687528
4.88924 -0.250352
4.886 -0.233862
5.47982 -1.63198
5.43432 -1.58611
5.08666 -0.948556
5.10782 -1.00434
6.61125 2.7179
6.58121 2.74039
6.90556 2.4557
6.9463 2.41122
4.80246 0.321068
4.80855 0.259987
4.77944 0.781667
4.77784 0.827149
5.0847 2.50728
5.11746 2.56763
4.98413 2.27028
5.00541 2.32868
6.16455 -1.73565
6.19921 -1.72273
7.18828 -0.870876
7.16376 -0.907139
6.14982 2.96799
6.23792 2.9344
5.93941 3.01851
5.87502 3.02365
6.63023 -1.46676
6.53938 -1.53378
7.10231 2.22098
7.06496 2.26995
7.54544 -0.141901
7.51049 -0.248243
7.40997 -0.489276
7.38828 -0.53449
7.41779 1.67743
7.41677 1.67973
7.4863 1.50472
7.48417 1.51055
5.33214 2.84306
5.32083 2.83268
5.52909 2.96947
5.5241 2.9672
7.64126 0.343469
7.62632 0.217063
5.25052 -1.31904
5.24193 -1.3043
4.80045 1.36592
4.81259 1.47832
4.83548 1.64471
4.84556 1.70947
5.84544 -1.79415
5.86888 -1.79406
5.62471 -1.73421
5.64402 -1.74495
4.97595 -0.607453
4.96262 -0.557768
5.15929 -1.13081
5.14081 -1.08913
4.8885 1.9345
4.89022 1.94139
4.83202 0.0780319
4.81675 0.190127
5.18373 2.6735
5.14373 2.61411
4.92961 2.09355
4.96844 2.22603
6.23464 -1.70896
6.31957 -1.66761
6.04002 -1.77506
6.0513 -1.77192
7.03404 -1.07473
7.01406 -1.09836
6.31078 2.90263
6.36958 2.87239
5.80661 3.02634
5.7319 3.02165
6.43148 -1.60533
6.4237 -1.60982
6.75705 -1.36046
6.73435 -1.3811
7.27466 -0.740626
7.28376 -0.72562
7.64857 0.44386
7.64563 0.400348
7.65119 0.626589
7.65177 0.556081
7.63391 0.893067
7.63377 0.894261
4.91209 -0.353598
4.91841 -0.380743
6.55717 2.75768
6.48072 2.80796
7.10322 -0.989939
7.10355 -0.989511
6.89765 -1.22489
6.83563 -1.28813
7.30028 1.91359
7.28423 1.94305
4.77889 0.957845
4.77917 0.995269
4.79209 0.445144
4.79036 0.467366
4.86937 -0.145675
4.85945 -0.092107
7.45881 -0.381214
7.46462 -0.367884
7.59191 1.14022
7.57692 1.20433
7.54606 1.32179
7.53555 1.35685
6.80716 2.55383
6.74526 2.60992
6.96889 -1.15105
6.97048 -1.14929
7.15382 2.15025
7.16637 2.1321
7.64237 0.805021
7.64802 0.729709
7.5091 -0.252187
7.54897 -0.130075
7.49666 -0.285159
7.42388 -0.461016
7.35057 -0.608849
7.35652 -0.597402
7.45327 1.59249
7.51409 1.42582
4.78934 1.22151
4.78412 1.11939
5.71393 -1.77131
5.70097 -1.76754
5.59172 -1.71717
4.80162 0.329936
4.7964 0.390486
4.78299 0.60241
4.78136 0.651334
4.77794 0.86654
5.04266 2.41949
5.03426 2.39849
6.69235 2.65404
6.73012 2.62352
7.59458 1.12837
7.59506 1.12631
7.62301 0.967303
7.61346 1.02986
4.89822 -0.292736
4.93651 -0.456147
7.34717 1.8258
7.33252 1.85419
7.2587 1.98656
7.27638 1.95671
7.45218 1.5952
4.78173 1.04014
4.78239 1.08688
4.79057 1.2408
6.65289 2.68667
6.66106 2.68008
4.8086 0.259584
4.80926 0.253568
4.78436 0.570756
4.78696 0.520941
4.7801 0.698373
4.7789 0.735435
7.07035 -1.03018
7.10269 -0.99063
6.96584 -1.15444
7.23966 2.01856
7.23032 2.03363
5.56546 -1.70084
5.56211 -1.69826
5.05424 2.44567
6.30925 2.90343
6.30426 2.90576
5.49084 -1.64314
5.49273 -1.64499
7.55261 -0.117398
4.94418 -0.486523
7.60618 0.102319
7.58321 -0.000219976
5.42998 2.91673
5.41339 2.90563
5.2895 -1.38741
5.35849 -1.49163
4.79992 1.36053
4.79472 1.29592
4.86563 1.82295
4.86312 1.80928
5.05016 -0.847534
4.99081 -0.658235
5.41903 -1.57046
5.48945 -1.64172
5.12154 -1.04048
5.05722 -0.868912
6.56941 2.749
6.64336 2.69447
6.99436 2.35714
6.87836 2.48357
5.13084 2.59251
6.21848 -1.71504
6.13676 -1.74699
7.14595 -0.93093
7.22187 -0.822574
6.07667 2.98971
6.25595 2.92744
6.0004 3.00812
5.83525 3.02681
6.53036 -1.5404
6.63965 -1.45913
7.02633 2.31833
7.11681 2.20177
7.65127 0.535745
7.64884 0.449108
6.37772 2.86773
6.42411 2.84227
7.62608 0.215513
7.38013 1.7598
5.62935 3.00333
5.54482 2.97475
5.27118 2.78091
5.2423 2.75092
7.64193 0.350499
5.2333 -1.28837
5.3994 -1.54605
5.19946 -1.21857
4.81544 1.50075
4.82785 1.59461
4.82204 1.55257
4.86002 1.79146
4.88451 1.91642
5.75051 -1.78157
5.79885 -1.78835
4.95577 -0.531911
5.05186 -0.8528
5.05285 -0.856052
5.17608 -1.16731
4.91508 2.04216
4.83658 0.0474292
4.81568 0.198645
5.23601 2.74359
6.33365 -1.66097
6.97538 -1.14375
7.05885 -1.0447
6.30993 2.90309
6.05672 2.9958
5.65834 3.00978
6.04426 2.99914
6.73115 -1.38396
6.43271 -1.60453
6.8234 -1.29961
7.32102 -0.660969
7.25326 -0.77462
7.65067 0.665583
6.47149 2.81402
7.10307 -0.990133
4.85062 -0.0403699
7.5719 1.22562
7.59428 1.12988
7.51782 1.41517
7.60236 1.08574
7.61139 1.04174
6.8175 2.54422
6.7322 2.62165
7.01128 2.33696
7.17035 2.12607
7.213 2.06056
7.63429 0.889579
7.64891 0.716604
7.46851 -0.358501
7.37555 -0.560078
7.34892 -0.611947
7.634 0.892372
7.37696 1.76652
7.31218 1.89238
5.94279 -1.79126
5.98878 -1.78464
4.97157 2.23574
6.06756 -1.7669
5.52744 -1.67235
5.56895 -1.70342
7.37875 1.76274
7.5768 -0.0269567
5.90912 -1.79364
6.00205 -1.78237
5.65829 -1.75172
