6.33948 -0.83444
6.33091 -0.837246
6.7696 -0.501317
6.72338 -0.55481
7.04659 1.23692
7.04492 1.2421
6.72832 1.79756
6.75371 1.76775
6.85863 1.62316
6.88415 1.58191
5.75541 -0.72404
5.81913 -0.775874
6.45424 2.0412
6.46576 2.03456
6.20764 2.15435
6.15077 2.16466
6.03204 2.1738
5.99832 2.17297
5.75865 2.08486
5.79579 2.10891
6.82042 -0.437539
6.86523 -0.372748
6.56944 -0.699387
6.55435 -0.710547
5.30069 0.927159
5.29802 0.864298
5.32104 1.15837
5.31847 1.13674
7.14247 0.806534
7.14551 0.778147
7.10548 1.03229
7.11803 0.970973
5.57698 -0.488354
5.56148 -0.45915
5.41975 1.59126
5.42249 1.59901
5.361 1.37956
5.37345 1.42975
5.50077 1.77974
5.48981 1.75645
5.60535 1.94417
5.60347 1.9419
6.58966 1.93875
6.65996 1.87448
6.98803 1.38584
6.96273 1.43925
5.6682 -0.627543
5.67421 -0.634341
5.93865 -0.844438
5.97866 -0.855867
6.12783 -0.878427
6.06966 -0.874765
7.0725 0.0659925
7.06195 0.0322572
6.97855 -0.176994
6.97839 -0.177351
5.47649 -0.272633
5.46163 -0.232661
5.35886 0.13073
5.36392 0.106969
5.41724 -0.10376
5.40753 -0.0686695
5.32193 0.35739
5.31639 0.404021
5.30032 0.605295
5.29753 0.6767
7.1525 0.532764
7.15339 0.560735
7.12202 0.266276
7.12995 0.311658
7.09709 1.06712
7.07618 1.15206
7.07615 1.15217
7.07614 1.15218
7.09953 1.05792
7.1233 0.940997
6.54158 1.98007
6.66519 1.86952
6.51924 1.9972
7.01184 1.32981
6.98993 1.38161
6.66916 1.8655
6.36859 2.09198
6.35914 2.09658
6.22973 -0.866563
6.4074 -0.801496
6.31451 2.11806
6.28975 2.12683
5.87053 2.14253
5.89612 2.15231
6.79788 -0.467242
6.69094 -0.589611
6.4784 -0.762399
6.45747 -0.776447
5.30887 1.044
5.30521 0.998788
5.38832 1.48674
5.4183 1.5866
5.55022 1.86379
5.51275 1.80279
6.79016 1.72264
6.70945 1.81961
6.81107 1.69459
6.91418 1.53061
5.84622 -0.795989
5.73707 -0.704984
7.03095 -0.053905
7.02278 -0.0750739
5.4935 -0.316538
5.51674 -0.367309
5.38309 0.0269481
5.40435 -0.0571611
5.30885 0.480052
5.3039 0.542251
7.14159 0.39521
7.14597 0.437462
6.45364 -0.778854
6.17021 -0.873889
6.50255 2.00838
6.41332 2.0674
6.10222 2.17294
5.95313 2.16397
5.69757 2.03978
6.90109 -0.315961
6.92693 -0.27279
6.64208 -0.63579
5.29669 0.807739
5.33281 1.23981
5.33783 1.2699
5.33967 1.27922
7.15319 0.686866
7.13376 0.874633
5.54481 -0.425643
5.61339 -0.546519
5.66644 -0.625387
5.45961 1.69034
5.67306 2.01642
5.61014 1.94934
6.79917 1.71114
6.9587 1.44714
6.98971 1.3821
5.92194 -0.836466
6.03257 -0.871134
7.09529 0.145234
6.97777 -0.178554
7.10443 0.183058
5.44142 -0.175006
5.34938 0.177499
5.42647 -0.13202
5.33912 0.237064
5.2963 0.770479
5.33521 0.26188
5.29661 0.733282
7.15355 0.680134
7.15351 0.681523
7.01799 1.31383
7.15347 0.682473
7.07614 1.1522
