7.54182 -0.427125
7.52505 -0.466317
5.31961 3.04853
5.35587 3.07276
4.68656 1.15832
4.68139 1.05218
5.14168 -1.40477
5.12394 -1.36495
4.6989 1.35674
4.69913 1.35961
4.7566 1.82383
4.76489 1.87296
6.03385 -1.94547
6.01444 -1.9526
5.7419 -1.98044
5.81573 -1.98409
4.79649 -0.30286
4.79556 -0.298128
4.71009 0.267526
4.71069 0.261579
4.68409 0.642715
4.68865 0.529838
7.05889 -1.20318
7.06797 -1.19259
6.64913 2.83145
6.68246 2.8052
7.34116 -0.81898
7.33986 -0.821046
7.74243 0.479069
7.74316 0.498641
7.62158 -0.213182
7.61704 -0.226984
5.51807 3.15017
5.6111 3.17467
5.12672 2.85565
5.1804 2.9208
7.72622 0.263935
7.72506 0.254104
5.18475 -1.48902
5.20915 -1.53627
4.69404 1.29385
4.69414 1.29546
4.72344 1.59279
4.7264 1.61626
4.77691 1.93819
4.78806 1.99327
5.6264 -1.95558
5.5961 -1.94205
4.92936 -0.828977
4.91727 -0.78753
4.86803 -0.61013
4.86478 -0.597221
4.67997 0.770413
4.67968 0.783291
4.95281 2.54083
4.96861 2.58013
5.05803 2.75237
5.08984 2.80115
4.92073 2.4614
4.89684 2.39681
6.36992 3.01344
6.38425 3.00574
6.16574 3.10717
6.18264 3.10135
5.96169 3.1676
5.92993 3.17406
6.61196 2.85997
6.75897 2.7418
6.7331 2.76459
6.61201 -1.62723
6.64684 -1.59928
7.24081 -0.969306
7.2684 -0.929825
7.52179 1.67025
7.48853 1.74775
5.31303 -1.70241
5.30505 -1.6906
6.91812 -1.3564
6.91754 -1.357
4.82747 2.15913
4.83907 2.20458
7.5553 1.58596
7.55863 1.57719
5.05405 -1.19685
5.05026 -1.18769
4.74808 -0.0237263
4.74056 0.025933
7.50023 -0.522801
7.57458 -0.345945
5.93128 -1.97079
6.11674 -1.91802
7.07095 2.42348
7.03344 2.46745
7.11849 -1.13159
7.14507 -1.09852
7.01004 -1.25782
7.04962 -1.21413
7.40646 1.91647
7.43981 1.85136
7.32867 2.05568
7.35198 2.0158
7.246 2.18833
7.25173 2.17964
7.11815 2.36422
7.14906 2.32422
7.63738 1.33481
7.61933 1.39732
7.67885 1.16863
7.67018 1.20771
7.732 0.838644
7.73373 0.818635
7.58363 -0.321959
7.65256 -0.109407
7.46869 -0.588052
7.49136 -0.541662
6.5133 2.92741
6.4895 2.94331
5.91404 -1.97502
5.81622 -1.98405
5.66379 -1.96421
5.53605 -1.91372
5.491 -1.88321
4.93065 2.48977
4.86829 2.30887
4.87681 2.33525
6.2602 3.06933
6.30786 3.04605
6.41406 2.98932
6.45012 2.96784
6.81538 2.6926
6.33182 -1.81456
6.31506 -1.82469
6.91718 -1.35736
4.6801 0.925935
4.67993 0.913256
4.68723 1.17578
4.68687 1.16725
5.00399 -1.06028
5.01684 -1.09732
5.28745 -1.66411
5.30092 -1.68432
5.35892 -1.75898
4.6985 0.390894
4.69832 0.393379
4.68317 0.663718
4.68361 0.652925
6.88982 2.62206
6.90028 2.61169
7.7099 1.0092
7.70951 1.01195
6.12832 -1.91271
4.68137 1.04025
5.71978 -1.97806
4.79779 -0.308805
4.79686 -0.304618
5.41128 -1.81429
5.39026 -1.79442
4.71683 0.206385
4.71793 0.196311
4.68922 0.522532
6.98938 -1.2808
5.77354 3.18881
5.77761 3.18859
6.47809 -1.72343
6.41319 -1.76638
6.83141 -1.44026
7.41727 -0.686852
7.40749 -0.705235
6.56378 2.89412
4.69423 1.29688
4.69574 1.31752
6.24639 -1.85927
6.21576 -1.87522
4.95359 -0.910858
4.95263 -0.907663
4.95522 -0.916198
4.68946 0.515743
4.70043 0.369416
4.68082 1.02799
4.67982 0.900419
4.67955 0.796457
6.08781 3.13483
6.05455 3.14466
6.83183 2.67737
7.67936 -0.00281307
7.6841 0.016899
4.71312 1.50297
4.71139 1.48793
4.75139 1.78976
4.74427 1.7446
5.8158 -1.98409
4.86599 2.30199
4.86228 2.28948
5.67023 3.18293
5.62269 3.17673
7.56212 1.56739
7.59004 1.4883
7.65517 -0.100325
5.45915 -1.85968
4.98445 -1.005
7.70494 0.122024
7.70235 0.107479
5.41827 3.10866
5.26089 3.00133
5.16482 -1.45149
5.11304 -1.33898
4.70391 1.41641
4.76619 1.88083
4.75427 1.80878
4.89532 -0.710963
4.90657 -0.75062
6.98185 2.52614
6.96777 2.54127
6.24692 3.07556
6.24235 3.07739
6.74132 -1.52111
6.76478 -1.50063
7.29152 -0.894775
7.34171 -0.818075
7.36824 1.98698
7.39745 1.93366
7.19071 2.26792
7.19989 2.25537
7.65943 1.2516
7.6461 1.30385
7.74361 0.570386
7.73841 0.392809
7.70791 0.138907
5.22233 2.96584
5.47014 3.13209
5.61881 3.17626
5.11066 2.83353
7.73795 0.386517
5.23857 -1.58935
5.25738 -1.61904
5.08631 -1.27673
4.7055 1.43248
4.73077 1.65111
4.71856 1.55209
4.74022 1.71707
4.79237 2.01248
4.87507 -0.637853
4.93504 -0.84857
4.8432 -0.508263
4.72386 0.145418
4.72788 0.114195
4.98947 2.62274
5.03498 2.71349
5.01044 2.66806
4.81359 2.10625
4.804 2.06511
7.42557 -0.671567
6.11928 3.12442
5.90019 3.17762
6.03502 3.15056
5.84997 3.18402
5.76397 3.18883
5.70148 3.18538
6.71273 -1.5461
6.5476 -1.67455
6.51213 -1.701
7.18966 -1.04237
7.18929 -1.04288
7.38762 -0.739444
7.74373 0.607097
7.48531 1.75482
7.52462 1.6635
4.82969 -0.450227
7.73891 0.750366
7.74311 0.663112
5.04394 -1.17179
4.75882 -0.0923394
4.77103 -0.163307
6.91856 2.59271
7.09649 2.39194
7.18865 -1.0437
7.10068 -1.15322
7.69175 1.10909
7.69906 1.07043
7.44337 1.84419
7.30357 2.0978
7.28798 2.12287
7.22494 2.21952
7.61284 1.41826
7.72173 0.925666
7.71088 1.00281
7.72966 0.859032
6.46952 2.95648
5.38481 -1.78922
5.4491 -1.85023
5.82552 3.18635
6.35474 -1.80108
6.14065 -1.90746
5.26459 -1.62971
5.02343 -1.11637
6.81441 -1.45661
6.35835 3.02009
7.7432 0.661101
7.49714 -0.529603
4.89274 2.38418
