4.69185 -1.18807
4.70078 -1.22084
5.42432 -2.6366
5.42392 -2.63646
5.05457 -2.27176
5.06425 -2.29102
5.85052 -2.5535
5.9375 -2.51306
5.20521 -2.50798
5.20854 -2.51195
5.11312 -2.38071
5.13874 -2.41828
7.99449 0.163813
7.99564 0.172678
4.61275 -0.876688
4.63203 -0.955463
4.52057 -0.459065
4.5603 -0.652872
4.46669 2.06166
4.46689 2.06343
4.55676 2.54153
4.57093 2.60014
7.30389 2.60743
7.36149 2.53032
7.43526 -1.19842
7.44964 -1.17804
7.29737 -1.37995
7.32858 -1.34128
6.98516 -1.72462
7.02502 -1.68567
6.40984 -2.21676
6.41458 -2.2131
5.63881 -2.62646
5.6498 -2.62473
4.79228 -1.54886
4.76601 -1.46022
4.84653 -1.72641
4.83909 -1.70141
7.85497 -0.400496
7.84668 -0.423919
4.91651 3.38186
4.85714 3.30273
5.16444 3.58645
5.20191 3.60583
4.959 3.42896
4.99085 3.45989
5.26867 3.63131
5.31001 3.64716
5.99928 -2.48049
6.0391 -2.4581
8.00953 0.297031
8.00849 0.284015
6.81564 3.11818
6.80406 3.12812
6.57903 3.30069
6.60208 3.2848
5.72742 3.6721
5.71584 3.67342
4.45139 1.94362
4.45025 1.9344
4.48945 2.19876
4.4862 2.18086
7.75991 -0.634925
7.75464 -0.646692
7.64353 -0.868093
7.64427 -0.866783
5.95683 3.61913
6.02112 3.59637
6.40756 3.41283
6.32692 3.45824
6.17951 3.53393
6.18419 3.53187
7.1516 2.79126
7.08413 2.8644
6.97484 2.97326
7.00469 2.945
7.3863 -1.2659
7.39959 -1.24785
7.53561 -1.0481
7.50429 -1.0971
6.64354 -2.03544
6.63843 -2.03984
6.82159 -1.88147
6.83373 -1.87097
8.02084 0.519551
8.02097 0.583562
6.28304 -2.30597
6.28287 -2.30607
4.74103 -1.36919
4.76579 -1.45941
4.91641 -1.93654
4.9232 -1.95419
4.76855 3.15592
4.7395 3.09708
5.46028 3.67786
5.50617 3.68163
5.7197 -2.60374
5.73921 -2.59826
4.65353 -1.04237
4.65211 -1.03663
4.64499 2.85759
4.64159 2.84824
7.72307 1.90168
7.71476 1.92038
8.01411 0.763588
8.01418 0.762757
4.80633 3.22488
4.81752 3.24326
6.10946 -2.41635
6.17064 -2.37948
6.28166 -2.30687
6.19722 -2.36207
5.42469 -2.63668
5.33269 -2.60586
5.33901 -2.60912
5.26617 -2.56407
5.47334 -2.64256
5.46924 -2.64217
5.02722 -2.21244
5.00248 -2.15746
5.20967 -2.51287
5.15858 -2.44939
4.38542 0.906947
4.38557 0.850102
4.38638 1.03339
4.38572 0.977101
4.40085 1.40505
4.39798 1.35823
4.40928 1.52531
4.40646 1.48653
4.48898 -0.293448
4.50441 -0.376059
4.56233 -0.662528
4.40537 0.377537
4.40896 0.331641
4.39635 0.513588
4.39941 0.462098
4.45767 -0.0963815
4.46287 -0.131273
4.42365 0.175535
4.43103 0.107921
5.8546 3.64797
5.8417 3.65116
6.29631 3.47581
6.18581 3.53105
4.54396 2.48241
4.52657 2.39936
4.61027 2.74693
4.60562 2.72994
7.20038 2.73472
7.2264 2.70423
7.99214 0.966828
7.9858 1.01138
7.94847 1.21654
7.93264 1.28715
6.73475 -1.95889
6.71225 -1.97789
7.06352 -1.64552
6.92985 -1.78024
7.51229 2.30275
7.47755 2.35916
7.59156 2.16553
7.57513 2.19519
7.42866 2.4341
7.44545 2.40887
7.88241 1.47404
7.8953 1.43036
7.82745 1.64149
7.83753 1.61313
6.41928 -2.20942
6.53678 -2.1209
6.34893 -2.25981
5.52296 -2.64392
5.55944 -2.64079
7.9334 -0.144335
7.94308 -0.106691
7.894 -0.282218
7.90496 -0.246445
7.88401 -0.314561
7.81436 -0.50738
7.80942 -0.520072
4.9175 3.3832
6.90565 3.03873
6.86661 3.07369
6.77601 3.15143
6.75052 3.17203
6.6952 3.21544
6.65669 3.24459
6.51799 3.34325
4.44052 1.85639
4.44374 1.88367
4.45848 1.99803
4.47039 2.08563
4.50635 2.29776
5.83783 3.65185
5.83039 3.6534
6.07097 3.57917
6.45657 3.38179
6.43072 3.39825
6.1849 3.53151
7.0421 2.90724
6.92416 3.02227
6.54858 -2.11125
6.90503 -1.80337
6.73657 -1.95739
7.11928 -1.58738
8.01839 0.673466
8.01434 0.759657
6.54282 -2.11598
6.28592 -2.30397
4.73327 3.08491
4.79893 3.21114
8.01887 0.437597
8.02079 0.49262
4.42612 1.71929
4.42835 1.74315
4.41377 1.58011
4.41654 1.61484
4.3895 0.667076
4.38772 0.722891
4.39492 0.54013
4.3924 0.592513
7.7766 1.77559
7.75736 1.8228
7.68613 1.98129
7.66836 2.01831
4.70542 3.01921
4.68467 2.96782
7.19995 -1.49628
7.22363 -1.46907
4.59675 -0.809113
4.39002 1.17692
4.39189 1.23109
4.38665 1.04797
4.38787 1.1041
5.66978 3.67883
5.63426 3.68213
4.56324 -0.666757
4.56554 -0.677066
4.70943 3.02974
4.72257 3.06094
7.16217 2.77957
7.16816 2.7728
7.14787 -1.55547
7.17805 -1.52149
7.13179 -1.57346
4.93905 -1.99862
4.94835 -2.02223
8.0192 0.651576
4.91818 3.38403
5.11562 3.55802
5.09678 3.54597
5.73721 3.67057
5.78457 3.66243
7.98061 0.076886
7.97337 0.0325614
4.46638 2.05964
8.00645 0.850728
8.01399 0.765124
4.71635 -1.2787
4.66871 -1.10174
4.8192 -1.63778
4.80204 -1.58025
4.9619 -2.06025
4.97421 -2.09011
5.03218 -2.2245
5.06829 -2.29793
5.07848 3.53242
5.01738 3.48416
5.82006 -2.56771
5.93887 -2.51231
8.00231 0.230535
7.99347 0.15591
4.3962 1.29459
4.39703 1.34469
4.38566 0.970309
4.38542 0.913602
4.38799 0.786599
4.38554 0.843375
4.40485 1.4653
4.402 1.42238
4.40049 0.445787
4.40384 0.396875
5.53668 3.68355
5.61175 3.68323
4.43896 0.0406196
4.44575 -0.0123546
7.70513 -0.75083
7.70119 -0.758777
4.57862 2.6289
4.5476 2.50047
7.97237 1.09373
7.96259 1.14714
7.29444 2.6195
7.368 2.52142
7.48619 -1.12415
7.42745 -1.20937
7.34258 -1.32282
7.27318 -1.41029
7.55244 2.23483
7.52766 2.27724
7.85616 1.55765
7.8675 1.52282
5.68005 -2.61601
5.60477 -2.63434
4.76584 -1.45961
4.86753 -1.79398
5.21311 3.61071
5.14803 3.5777
5.33485 3.65386
6.06293 -2.44475
5.98872 -2.48603
5.75845 -2.59044
8.01061 0.309979
7.95793 -0.0412674
7.97123 0.0217688
7.94823 -0.0860684
4.87491 -1.81563
4.87907 -1.82743
7.65192 -0.852385
7.80491 -0.530854
7.58395 -0.970784
7.38273 -1.27082
7.57498 -0.985733
8.0203 0.616121
6.08854 -2.42931
4.73321 -1.34009
5.40825 3.67019
5.69463 -2.6128
4.63983 -0.987217
4.6635 -1.08212
4.41959 1.64948
4.42213 1.67899
4.39194 0.603447
4.38981 0.657707
4.63245 2.82104
4.66234 2.90731
4.3881 1.11231
4.38969 1.1676
4.66752 -1.09732
5.5138 -2.64384
4.99195 -2.13125
5.10009 -2.3567
5.14979 -2.43591
4.38643 1.0406
4.41126 1.55068
4.48121 -0.249504
4.41086 0.308904
4.39545 0.527313
4.47873 -0.234833
4.41812 0.229225
4.59663 2.69833
4.51458 2.33921
4.62278 2.78911
7.23847 2.68947
8.00323 0.879241
7.9208 1.33563
7.42404 2.44092
7.25027 -1.43736
7.62963 2.09482
7.6201 2.11303
7.47111 2.36929
7.90618 1.39067
7.80553 1.70142
5.59598 -2.63511
7.92806 -0.164933
6.72482 3.19313
4.43648 1.82346
4.44882 1.92394
4.63651 -0.973584
4.43305 1.78935
4.38744 0.73093
4.67399 2.9381
4.50976 2.31501
7.79656 1.72554
7.73175 1.88218
7.63994 2.07495
4.39222 1.2417
5.6838 3.677
5.38693 3.6666
8.01805 0.417227
5.94189 -2.51073
6.71079 3.20376
6.82706 3.10861
4.89908 -1.88593
6.18575 -2.36971
6.34643 -2.2617
6.62174 3.2709
4.43489 1.80716
7.91788 -0.201959
