6.35349 -0.760066
6.26478 -0.789124
7.08543 0.922853
7.0789 0.958181
5.46473 1.5622
5.43032 1.46222
5.54844 1.74894
5.58319 1.80687
6.69453 1.76571
6.70539 1.75296
5.51912 -0.248408
5.53336 -0.281076
5.43163 0.0134292
5.45099 -0.0520181
6.13724 -0.807091
6.2062 -0.799941
6.40221 2.00704
6.44192 1.98414
6.18446 2.09277
6.21312 2.08757
5.83005 2.0469
5.80208 2.03228
6.00409 2.10265
6.05838 2.10399
6.84132 -0.326574
6.83212 -0.340693
6.64827 -0.55885
6.68775 -0.52031
6.58489 -0.617354
6.51301 -0.670524
5.34127 0.902101
5.3407 0.888664
5.36269 1.13266
5.36748 1.16471
7.09585 0.852959
7.10401 0.776618
5.40279 1.35256
5.42838 1.45577
5.65977 1.909
5.61099 1.85018
6.82862 1.58811
6.81927 1.60181
6.9328 1.39913
6.91999 1.42617
5.76118 -0.640207
5.72503 -0.599337
5.94388 -0.768441
5.89094 -0.74023
6.91741 -0.194991
6.94361 -0.14368
7.02377 0.0516498
7.02831 0.0648282
5.58636 -0.394192
5.60862 -0.432651
5.39968 0.153924
5.41739 0.0708855
5.34076 0.628274
5.33989 0.650545
5.36063 0.379379
5.36101 0.376467
7.08745 0.300698
7.08716 0.299062
7.11253 0.572556
7.11197 0.548544
7.04227 1.11265
7.05387 1.06553
7.01929 1.18314
7.00159 1.23526
7.0634 1.02957
6.56303 1.89569
6.63182 1.83057
6.9623 1.33413
6.97239 1.31139
7.0306 1.1505
6.55568 1.90163
6.50013 1.94469
6.54043 1.91378
6.65813 1.80391
6.3742 2.02365
6.33392 2.04323
6.24314 -0.795395
6.40294 -0.736078
6.3201 2.04989
6.22427 2.08383
5.96149 2.09416
5.90213 2.07913
6.70809 -0.498566
6.76252 -0.433
5.34904 1.01919
5.34954 1.02409
5.42961 1.46006
5.49067 1.62792
5.59885 1.83236
5.52129 1.69866
6.71004 1.74721
6.84466 1.56248
6.88396 1.49533
5.85167 -0.716857
5.79922 -0.674134
6.97721 -0.0697236
6.98891 -0.0422778
5.5058 -0.216376
5.56126 -0.342014
5.46527 -0.0982742
5.42254 0.0493662
5.3482 0.502411
5.34716 0.51554
7.10508 0.431563
7.10445 0.425241
6.46829 -0.701056
6.07078 -0.801543
6.45331 1.97604
6.38883 2.01561
6.10781 2.10475
5.7331 1.9813
5.70435 1.95711
6.82333 -0.352836
6.8931 -0.240039
6.60492 -0.599814
5.33819 0.782111
5.34689 0.991002
5.38061 1.24348
5.39377 1.3101
7.10834 0.725142
7.09326 0.873141
5.6621 -0.519621
5.64605 -0.493972
5.67264 -0.535284
5.5043 1.66146
6.76737 1.67401
6.90007 1.46512
6.94696 1.36902
6.01292 -0.791307
6.03758 -0.798293
7.05881 0.169627
5.48302 -0.15137
5.38424 0.2301
5.4764 -0.13233
5.37911 0.259789
5.33806 0.769491
5.35843 0.399217
5.33817 0.756893
7.0611 0.178516
7.11112 0.669382
7.07213 0.991949
6.98018 1.29285
