6.09241 1.48438
6.06408 1.475
6.5399 1.2668
6.51069 1.30554
6.48533 -0.0601003
6.50381 -0.0415912
6.255 -0.181894
6.26958 -0.178307
6.64862 1.08821
6.63946 1.1075
5.71818 0.62302
5.71574 0.670883
5.91978 -0.0165906
5.87336 0.0495579
6.08554 -0.153398
6.04507 -0.135885
5.82017 0.159181
5.85504 0.0787657
6.73266 0.804592
6.69328 0.963491
5.75555 0.356138
5.74681 0.395924
6.33032 1.4536
6.31437 1.4599
6.71437 0.375313
6.72602 0.434943
6.63856 0.153966
6.64533 0.169012
5.87266 1.32257
5.81958 1.22776
6.73362 0.800242
6.73347 0.801169
6.47209 1.34849
6.58108 1.21012
6.67528 1.02115
6.68246 1.00162
6.634 1.11776
5.95811 1.4135
5.88616 1.33978
5.87485 1.32675
5.79804 1.17559
5.81926 1.22697
6.20571 1.49122
6.14312 1.48909
6.4234 1.38985
5.74812 1.01657
5.76524 1.0829
5.71888 0.790835
5.72374 0.846559
5.72145 0.584488
5.72408 0.543842
6.73976 0.704799
6.7438 0.642842
5.72876 0.906627
5.73009 0.915373
6.36566 -0.144898
6.40345 -0.122143
5.991 -0.0918608
5.94707 -0.0528714
5.78275 0.254366
5.79049 0.232029
6.68151 0.259613
6.69599 0.305014
6.53129 -0.00803666
6.23672 -0.181566
5.86226 0.0667497
6.14819 -0.177222
6.57907 0.0527914
5.77237 0.286574
6.62122 0.120664
6.59248 0.0709008
5.73582 0.462474
6.73654 0.501659
6.74105 0.560456
6.74385 0.60738
5.78515 1.14235
5.98923 1.43774
6.0225 1.45682
5.72998 0.499613
6.73386 0.797712
5.71621 0.711879
5.87749 1.33035
5.7425 0.987653
5.72629 0.522109
5.77782 1.12285
5.73255 0.931136
