6.04156 -2.73768
6.02172 -2.75261
4.57464 -1.45864
4.55914 -1.38966
8.04808 -0.296101
8.06262 -0.248577
8.16947 0.420818
8.16955 0.42352
4.66102 -1.81911
4.66191 -1.82246
4.23579 1.35828
4.23231 1.31356
4.2255 0.850289
4.22477 0.809952
6.85247 3.31139
6.82296 3.33579
4.34982 -0.439807
4.36914 -0.543966
4.2909 2.05986
4.29282 2.07666
4.88237 -2.7113
4.881 -2.70566
4.85612 -2.6144
4.84701 -2.57259
4.27725 0.0144274
4.27651 0.0204409
4.25331 0.248117
4.25183 0.263694
7.8351 -0.829874
7.86268 -0.77399
5.34762 -3.16155
5.33444 -3.16533
6.43375 3.62183
6.38294 3.65258
7.84063 2.00211
7.86903 1.93865
4.36396 2.55824
4.35548 2.50601
4.81054 -2.42614
4.81063 -2.42669
7.14163 3.03866
7.21903 2.95744
8.12198 1.09525
8.10722 1.17742
5.23694 -3.19592
5.24342 -3.1945
7.45459 2.66604
7.48252 2.62854
7.6517 2.3684
7.65286 2.36634
4.70353 3.56593
4.7432 3.62176
5.52732 -3.0721
5.56476 -3.04937
8.01275 1.55672
7.98534 1.63936
8.17203 0.564711
8.16911 0.666166
5.09347 -3.17236
5.10373 -3.17827
4.96985 -2.98743
4.96731 -2.97948
4.91066 -2.81319
4.92592 -2.85768
4.68594 -1.91651
4.70096 -1.98138
5.63449 -3.01002
5.63237 -3.01142
5.02302 -3.09419
5.02207 -3.09183
4.62437 -1.66356
4.61072 -1.60686
6.64733 3.47506
6.60934 3.50233
6.00708 3.83872
6.02979 3.82971
5.76833 3.91795
5.66606 3.93985
6.25917 3.72253
6.26715 3.71855
4.44114 2.92769
4.43984 2.9219
7.09078 3.09126
7.27848 2.88921
7.22038 2.95598
7.63974 -1.17079
7.65111 -1.15314
7.53828 -1.31981
7.55859 -1.29106
7.01958 -1.92076
7.07021 -1.87051
6.85585 -2.07757
6.87916 -2.05676
6.40824 -2.45849
6.40453 -2.46161
6.6588 -2.25174
6.65619 -2.25388
7.96343 -0.542559
7.94144 -0.598707
5.62013 3.94697
5.55851 3.95455
7.70523 -1.06573
7.74924 -0.990474
4.53019 3.21795
4.51347 3.17145
6.95405 3.2217
6.9958 3.18252
4.31162 2.21313
4.32187 2.28329
7.16406 -1.77052
7.21653 -1.71361
4.54834 -1.34254
4.55535 -1.37229
4.60258 -1.57484
4.22466 1.00051
4.22451 0.977291
4.24182 1.49761
4.24117 1.48577
5.88052 3.88593
5.86494 3.89019
4.39105 -0.648313
4.36969 -0.546726
4.23621 0.481431
4.23721 0.464737
5.49355 3.95851
5.47053 3.95979
4.32759 2.31441
4.33233 2.35078
4.31785 -0.26153
4.31063 -0.21746
7.92363 1.80716
7.95247 1.73205
7.74488 2.19826
7.77757 2.13444
4.37666 2.62816
4.39238 2.71143
4.96308 3.82647
4.91816 3.79664
5.03738 3.86933
5.03785 3.86954
5.12894 3.90692
5.16842 3.92046
5.31085 3.95076
5.38089 3.95769
4.82883 -2.4984
4.8088 -2.41862
8.04814 1.43452
8.07249 1.33921
7.36321 2.7872
7.41697 2.71779
7.4916 2.61571
7.54431 2.53911
6.9392 -1.99946
6.97517 -1.96563
7.61088 2.43542
7.64936 2.37231
4.60236 3.39119
4.60165 3.38963
4.6652 3.50628
4.63868 3.462
4.55479 3.28074
4.56961 3.31877
4.71978 -2.06
4.72489 -2.07742
4.77429 -2.27343
4.77744 -2.28494
4.72921 -2.09456
4.74274 -2.14662
8.04171 1.45906
8.0345 1.4841
5.86838 -2.85878
5.86917 -2.85827
5.73042 -2.94928
5.75479 -2.93425
8.07484 -0.204599
8.0057 -0.428476
7.98512 -0.485019
8.15353 0.219317
8.15399 0.223646
6.68223 3.44818
6.71778 3.42097
6.89668 3.27261
6.9254 3.24737
5.90653 3.87701
5.99131 3.84543
6.08901 3.8046
6.04633 3.82294
5.80458 3.90749
5.65487 3.94236
4.27508 1.92406
4.27606 1.93262
4.30448 2.16466
6.21118 3.74724
6.17652 3.76347
6.4974 3.58045
6.48888 3.58637
4.4207 2.84204
4.42773 2.87261
4.45128 2.96696
7.29731 2.86781
6.76983 -2.15516
6.78232 -2.1445
7.09759 -1.84159
4.6782 3.52954
8.16538 0.728604
8.16168 0.779648
6.47347 -2.40591
6.46807 -2.4104
6.34901 -2.50504
6.34102 -2.51149
6.5944 -2.30608
6.59521 -2.30542
6.71684 -2.2011
4.63909 -1.72443
8.17039 0.45948
8.17233 0.549467
4.50253 -1.14895
4.50721 -1.16856
4.4763 -1.03782
4.47737 -1.04243
4.24858 1.60904
4.24891 1.61406
4.23169 0.575596
4.23084 0.595143
4.45701 2.98775
4.456 2.98445
7.43208 -1.46216
7.44191 -1.44981
7.33606 -1.57933
7.35477 -1.55736
4.42671 -0.813524
4.42163 -0.790033
4.45125 -0.92585
4.4492 -0.916242
4.22578 1.08172
4.2262 1.10429
6.20274 -2.61748
6.14418 -2.66215
8.02658 -0.366256
4.86819 3.75674
4.8349 3.72559
8.16092 0.295367
8.16932 0.417774
4.2276 0.723287
4.22552 0.764066
7.05497 3.12668
7.02479 3.15536
6.7502 3.39565
6.792 3.36112
4.28866 2.04506
4.28333 1.99624
4.26447 1.80946
4.26406 1.80541
5.42099 -3.12863
5.42242 -3.12805
8.15228 0.873036
8.15652 0.8365
8.14111 0.967711
8.14876 0.908953
4.50276 3.14148
4.49267 3.10924
5.67464 -2.98495
5.7723 -2.92343
8.09756 -0.116462
6.54379 3.54915
6.56573 3.53334
5.64982 3.94322
8.1723 0.555351
4.26369 1.8017
4.25865 1.74181
7.28493 -1.63838
7.24709 -1.68082
5.94218 -2.80829
5.92011 -2.82304
4.67902 -1.89165
4.23061 1.23128
4.23085 1.27516
6.34992 3.67229
6.32292 3.68814
7.32076 2.83862
7.34744 2.80685
4.53559 3.23357
4.53915 3.24381
4.76918 3.65484
4.80353 3.69234
6.53503 -2.35622
6.5334 -2.35763
6.10115 3.79928
6.1054 3.7973
4.23187 1.29478
4.23713 1.4058
4.22542 0.78679
4.22448 0.890463
4.36928 -0.544714
4.34286 -0.402374
4.88295 -2.71424
4.86446 -2.6421
4.83096 -2.51051
4.8296 -2.50306
4.27065 0.0734988
4.29244 -0.0991473
4.24413 0.36339
4.26331 0.141583
7.89067 -0.713811
7.80733 -0.883847
5.30988 -3.17612
5.37903 -3.14778
7.88367 1.90449
7.82424 2.03781
4.35292 2.48847
4.37293 2.60935
4.47862 3.06275
4.47349 3.0469
5.23815 3.93834
5.23509 3.93756
8.13072 1.04147
8.09898 1.21895
5.24983 -3.19218
5.17483 -3.199
5.1449 -3.19524
7.30979 -1.61019
4.63193 3.44817
4.60257 3.39167
5.59401 -3.03386
5.46724 -3.10468
4.90696 -2.79684
5.08415 -3.16247
5.05395 -3.13785
5.02603 -3.09925
4.96219 -2.9643
4.99489 -3.04164
4.94549 -2.91831
4.93835 -2.90182
5.63529 -3.00948
8.12655 0.021989
8.12801 0.02996
8.1245 0.0114355
7.77321 -0.947196
7.91467 -0.660188
7.68831 -1.09375
7.6345 -1.17893
7.58943 -1.2458
7.50062 -1.37279
6.27751 -2.56117
6.28172 -2.5577
6.26877 -2.56805
4.48931 -1.09346
4.49215 -1.1055
4.25335 1.67776
4.25341 1.67864
7.38504 -1.5206
7.39881 -1.5039
5.98505 -2.77879
5.95919 -2.79633
6.0825 -2.70817
4.51595 -1.2043
4.52814 -1.25519
4.4682 -1.00258
4.46308 -0.979344
4.22464 0.937024
4.22499 1.04079
4.23883 1.43676
4.24478 1.54991
4.33095 -0.334568
4.399 -0.687755
4.24037 0.413618
4.23361 0.529947
5.43901 3.95933
5.53053 3.95637
5.38629 3.95821
4.29581 -0.122482
5.4266 -3.12606
5.45955 -3.10957
7.79442 2.10003
7.91183 1.83679
7.96055 1.71011
7.72909 2.22865
4.33974 2.40161
4.40508 2.77077
4.89838 3.78094
4.97646 3.83538
5.03723 3.86925
5.10154 3.89738
5.24062 3.93877
8.07767 1.31717
8.04256 1.45605
7.55402 2.52457
7.60214 2.44948
7.42803 2.70334
7.47737 -1.40398
7.48612 -1.39263
7.69823 2.28544
4.57766 3.33569
4.79191 -2.34546
4.76034 -2.2158
4.7943 -2.35406
8.01733 1.54249
5.90583 -2.83346
5.86785 -2.85912
8.16004 0.284301
8.14667 0.157113
6.31805 3.69079
4.41476 2.81717
4.43798 2.91435
6.53161 -2.35917
6.41187 -2.4556
6.28595 -2.55444
6.58362 -2.31523
6.65378 -2.25596
4.22951 0.639377
4.41436 -0.757416
4.43527 -0.853143
4.43887 -0.869764
4.22747 1.1462
6.12248 -2.67784
4.22836 1.18886
4.22795 0.681099
5.46319 -3.10724
5.38517 -3.14583
6.44612 3.61383
7.93829 -0.606168
4.2545 1.69202
4.40799 -0.726924
4.75638 -2.20186
8.01529 1.54904
5.83082 -2.88344
8.1464 0.154906
8.14231 0.126963
8.10389 -0.0896292
6.13385 3.78379
4.27721 1.94217
4.82123 3.71212
6.08257 -2.70811
4.41043 2.79658
6.38049 3.65405
