7.28508 1.52248
7.2998 1.48528
7.46987 0.680052
7.47233 0.611398
7.43013 1.03093
7.4384 0.989571
5.08043 -0.202623
5.07734 -0.189363
5.1475 -0.455674
5.15923 -0.49431
5.37689 -1.01065
5.34725 -0.959017
5.48532 -1.17313
5.52646 -1.22453
5.08172 1.80966
5.07577 1.78482
5.43749 2.51427
5.39781 2.47058
5.89077 -1.44153
5.85887 -1.43408
5.14361 2.01049
5.17619 2.09878
7.23417 -0.42405
7.23386 -0.424699
5.75176 2.69592
5.80372 2.70464
6.46724 -1.29045
6.52419 -1.253
6.16863 2.67615
6.20705 2.66218
6.41203 2.56976
6.43848 2.55518
7.15754 -0.563363
7.12226 -0.621605
5.5512 2.60697
5.61881 2.6457
7.46667 0.741524
7.46905 0.712136
5.21283 -0.651674
5.17828 -0.556132
5.28846 -0.837123
5.31436 -0.891763
5.03349 1.59116
5.01522 1.48775
4.99812 1.36435
5.00886 1.44558
4.97808 1.15038
4.97242 1.06958
5.31462 2.36302
5.36031 2.42795
6.07776 -1.44266
6.07467 -1.44284
6.27092 -1.38947
6.30511 -1.37392
5.21907 2.19374
5.18105 2.11113
6.92842 -0.887764
6.86073 -0.962408
6.70938 -1.11013
6.67483 -1.14059
5.71043 -1.37758
5.62475 -1.31884
7.30176 -0.272552
7.28478 -0.313492
7.37697 -0.0597212
7.39435 0.000951242
7.43327 0.172182
7.44546 0.241985
5.04186 -0.0177733
5.05147 -0.066457
4.96618 0.881295
4.96664 0.90858
4.96799 0.684399
4.96718 0.713111
4.98379 0.413608
4.98051 0.452187
5.0096 0.17992
5.02729 0.0604553
5.87534 2.71402
5.95798 2.71401
6.99502 -0.804287
6.93303 -0.882473
7.33005 1.40381
7.35349 1.33407
7.41146 1.12162
7.4044 1.15641
7.46947 0.480964
7.46433 0.402222
7.47047 0.513413
7.4726 0.596364
5.09709 -0.274992
5.11865 -0.355574
7.44633 0.934613
7.44167 0.970146
6.753 2.31445
6.7702 2.29759
6.57912 2.46127
6.61741 2.43139
6.9249 2.12728
6.89672 2.16139
7.00848 2.02059
7.00373 2.02716
6.32984 2.61192
6.35789 2.59897
6.45059 2.5478
6.48994 2.52377
5.13055 -0.397963
4.96715 0.936351
4.96884 1.01017
4.96539 0.805261
7.38712 1.22171
7.40081 1.17028
7.45892 0.841125
7.45921 0.838788
5.16261 -0.50535
5.17727 -0.553221
6.84081 2.22659
6.84059 2.22682
7.06579 1.93599
7.09849 1.88503
7.31493 -0.239482
7.32992 -0.200797
7.3251 1.41885
4.98563 1.24759
4.98225 1.20644
5.09203 -0.254234
5.09109 -0.250257
4.98848 0.363059
4.99255 0.321597
4.97078 0.613185
4.97207 0.582691
7.22475 1.65709
7.22768 1.65111
7.17409 1.75535
7.16941 1.7641
5.03731 0.006796
5.02759 0.0586207
4.96543 0.778304
7.07396 -0.697406
7.05873 -0.719788
7.26518 1.56913
7.31921 1.43598
7.47253 0.598583
7.46963 0.693174
7.43941 0.982817
7.42472 1.06239
5.06884 -0.151005
5.33034 -0.925178
5.41617 -1.0756
5.54993 -1.24863
5.43579 -1.10729
5.05614 1.70135
5.0966 1.86484
6.66571 2.39263
6.69609 2.36596
5.37143 2.44155
5.45449 2.53108
6.17365 -1.42218
6.08644 -1.44094
5.79988 -1.41804
5.92306 -1.44391
5.1782 2.10415
5.12 1.94052
6.7682 -1.05649
6.78806 -1.0381
7.20356 1.69974
7.19936 1.70786
7.23377 -0.42487
7.28008 -0.324194
7.40866 0.0572723
7.4228 0.118666
4.96585 0.750978
4.99471 0.301553
5.00639 0.203878
5.73524 2.69121
5.85438 2.71302
6.56621 -1.22472
6.41302 -1.321
7.00185 2.02964
6.95142 2.09505
6.06463 2.70206
6.27587 2.63724
7.04367 -0.740365
7.18245 -0.520185
7.2486 1.60624
7.25673 1.588
5.65023 2.66103
5.51429 2.58025
7.46557 0.760227
5.24021 -0.723891
5.17786 -0.554949
5.24935 -0.747543
5.4273 -1.09399
5.26105 -0.776671
5.61901 -1.31454
5.01374 1.47909
5.04224 1.63443
5.11161 1.91518
4.996 1.34554
5.26858 2.29071
5.26322 2.28109
5.25805 2.2709
5.98349 -1.44892
6.1964 -1.41436
6.36952 -1.34508
5.72086 -1.38276
6.80041 -1.02618
6.93078 -0.885116
6.62582 -1.17918
7.1476 1.80312
7.12345 1.84426
7.20503 -0.479609
7.30797 -0.257296
7.33787 -0.178895
7.36096 -0.111977
7.45154 0.285227
5.05733 -0.0966364
5.03911 -0.00314747
4.96923 0.64791
4.9738 0.549855
4.97815 0.482352
4.98613 0.386901
5.02738 0.0599277
6.06234 2.70262
6.05969 2.70301
7.46171 0.373315
7.40228 1.1642
7.4177 1.09609
7.47029 0.49936
7.37866 1.2527
7.38039 1.2464
7.42095 1.07906
7.44953 0.914752
6.83894 2.22851
6.53369 2.49356
6.84032 2.22711
6.84136 2.22598
7.05233 1.95688
6.49313 2.52183
6.43937 2.55463
7.45937 0.837145
6.30219 2.62537
6.38404 2.58577
7.35668 1.32431
