6.40694 2.27647
6.3925 2.28401
7.18265 1.24194
7.18958 1.22036
5.16974 1.00801
5.17285 1.05361
5.38153 -0.455099
5.41816 -0.538288
5.50977 -0.714917
5.55636 -0.790068
5.44628 2.04694
5.39733 1.96472
5.56576 2.20174
5.58087 2.21735
7.1472 -0.127353
7.16837 -0.0707782
5.23235 0.0583318
5.23224 0.0588851
5.17109 0.531866
5.17398 0.491953
7.27407 0.411725
7.26759 0.35217
6.71803 2.03333
6.75564 1.99427
6.04513 2.39052
5.98091 2.39271
6.19158 2.3663
6.11373 2.38232
5.73876 2.32973
5.77616 2.34816
6.7631 -0.741824
6.83325 -0.661183
6.52294 -0.94626
6.4894 -0.967054
6.74661 -0.758223
6.6742 -0.826582
7.03083 -0.377443
6.97061 -0.474777
7.25751 0.922753
7.24849 0.975781
7.27691 0.756355
7.27523 0.778003
5.34502 -0.353779
5.33314 -0.319418
5.62297 -0.874768
5.57286 -0.811494
5.22816 1.46538
5.21976 1.42318
5.28359 1.67923
5.27064 1.63356
5.19109 1.23968
5.2043 1.33319
5.35544 1.87364
5.39575 1.96149
6.8311 1.90582
6.86299 1.86658
6.95381 1.73428
6.91235 1.79708
7.06128 1.54494
7.07107 1.52459
5.92218 -1.08371
5.97167 -1.0935
5.73735 -0.986453
5.78276 -1.01717
6.11232 -1.10385
6.05802 -1.10379
6.30687 -1.05985
6.27294 -1.07
7.03543 -0.369129
7.08206 -0.27773
7.22273 0.110213
7.23392 0.156278
5.27009 -0.103384
5.27738 -0.131093
5.16285 0.825114
5.16298 0.838784
5.19594 0.285801
5.20667 0.210735
6.60907 2.13552
6.60284 2.14101
7.2818 0.667815
7.2827 0.589366
7.14313 1.35675
7.1635 1.29956
7.20312 1.1741
7.2114 1.14348
7.24381 1.00401
7.26376 0.879425
5.29505 -0.199403
5.29143 -0.186214
5.26123 -0.0677604
6.52714 2.19885
6.53722 2.19137
6.8 1.94344
6.77021 1.97812
6.66881 2.08142
6.6467 2.10171
5.36001 -0.396349
5.37642 -0.441777
6.8639 1.86541
6.86715 1.86122
6.35269 2.30448
6.33744 2.31157
7.26717 0.855233
5.25588 -0.0453359
5.24646 -0.00443593
5.16309 0.722456
5.16319 0.708475
5.87745 2.38061
5.89711 2.38293
6.64064 -0.856689
6.58515 -0.900061
6.91742 -0.554223
6.90542 -0.571359
5.17824 1.12465
5.16477 0.918614
5.45497 -0.616923
5.3775 -0.444708
5.56175 -0.797391
5.46774 -0.642986
5.25409 1.57346
5.23154 1.47999
5.3965 1.9631
5.48756 2.10976
5.64187 2.26856
5.53204 2.16301
7.01 1.64248
7.00094 1.65801
5.82904 -1.04561
5.89446 -1.07335
6.20909 -1.08914
6.14563 -1.09872
7.12757 -0.176532
7.18949 -0.00723759
5.23221 0.0590206
5.16549 0.627708
5.18161 0.40775
7.25737 0.279929
7.27924 0.47669
5.86815 2.37808
6.08562 2.38798
6.25835 2.3436
6.29866 2.32944
6.40933 -1.01409
6.3808 -1.02713
5.67666 2.29454
6.8929 -0.588041
6.75755 -0.747581
7.03235 -0.374859
7.10822 1.44234
7.1211 1.41133
5.16379 0.889796
5.18515 1.19101
5.317 -0.271887
5.35429 -0.38058
5.46142 -0.630439
5.6473 -0.903485
5.31746 1.78218
5.31073 1.76366
5.20742 1.35396
5.50128 2.1274
5.3222 1.79386
7.03118 1.6033
6.89468 1.82265
5.69502 -0.949099
6.01665 -1.10249
7.09489 -0.250415
7.20402 0.0399639
7.24786 0.225276
5.30987 -0.249756
5.21374 0.165823
5.16277 0.773637
5.18751 0.35308
5.16442 0.658165
7.28238 0.551863
6.56844 2.1674
6.61407 2.13125
7.28113 0.686227
7.1338 1.38073
7.17495 1.26756
7.22913 1.07812
7.23039 1.07203
7.23243 1.06309
5.30059 -0.2198
5.28143 -0.148369
6.51643 2.2072
7.27414 0.79082
6.48011 2.23046
7.28069 0.698732
6.49741 2.21964
