6.3764 2.68893
6.34622 2.70371
5.54329 2.73661
5.50859 2.71486
5.01666 -0.237839
5.00477 -0.186735
5.01361 1.85366
4.99523 1.7769
6.74478 2.4255
6.68666 2.47607
4.89888 0.779724
4.89842 0.792541
6.06453 -1.55918
6.11066 -1.54874
6.92489 -1.00151
6.89689 -1.033
5.74604 2.81285
5.74465 2.81262
7.04144 2.09155
7.0614 2.06437
7.11649 1.98431
7.15545 1.92178
7.18272 -0.655274
7.17322 -0.670948
7.50256 0.186849
7.50349 0.192322
4.91025 1.16508
4.91058 1.17095
7.53062 0.743881
7.53185 0.728676
5.16427 -0.74696
5.14435 -0.689489
5.29855 -1.05391
5.33582 -1.12499
5.21624 -0.877002
5.19102 -0.815051
5.39702 -1.22189
5.3574 -1.15956
5.51962 -1.37655
5.51622 -1.37329
4.96723 1.63397
4.98608 1.73362
4.9331 1.40636
4.93804 1.4437
4.91831 0.388502
4.91828 0.388798
4.90212 0.659754
4.90242 0.649364
4.89944 0.897641
4.8997 0.922271
5.34499 2.57231
5.34955 2.57761
5.23205 2.41483
5.20514 2.36654
5.14325 2.2422
5.16672 2.2944
6.25812 -1.50219
6.17227 -1.53242
5.87677 -1.56485
5.90296 -1.56567
5.69592 -1.50963
5.7016 -1.51214
5.07191 2.05682
5.06658 2.03959
6.79513 -1.13647
6.77884 -1.15247
7.24614 1.76077
7.25239 1.74876
7.25832 -0.521013
7.24269 -0.550598
7.35311 -0.322271
7.35016 -0.329387
4.94695 0.144319
4.95253 0.106618
6.11053 2.79404
6.16127 2.78013
5.95138 2.82236
6.01047 2.81404
6.45458 -1.4019
6.38618 -1.4404
6.65357 -1.26126
6.60214 -1.30051
7.41246 1.35891
7.41999 1.33652
7.47693 1.12404
7.47584 1.12941
7.53003 0.420671
7.52898 0.404605
7.53442 0.563586
7.53532 0.598676
5.00431 -0.184601
4.98431 -0.0816436
7.04929 -0.850028
7.056 -0.841457
7.45495 1.21543
7.43684 1.28064
7.4955 1.03334
7.49535 1.03425
6.83446 2.33905
6.8407 2.33236
6.93671 2.22594
6.95763 2.20069
6.42396 2.66172
6.45409 2.64458
7.41622 -0.15656
7.4141 -0.163251
7.39482 -0.217356
7.39532 -0.215974
7.36676 1.4915
7.3861 1.43826
4.90275 1.05034
4.91355 1.21056
4.9132 0.450311
4.91265 0.457515
4.90532 0.575827
4.90453 0.593016
4.90041 0.714548
4.90199 1.0292
6.56506 2.5719
6.57124 2.56773
7.51809 0.884989
7.51685 0.895296
5.05415 -0.391186
5.04031 -0.33706
7.19889 1.84817
7.21741 1.81544
6.32222 2.71598
6.29065 2.73034
4.9026 1.04
5.0964 -0.541909
5.09966 -0.552549
7.45486 -0.0267301
7.44841 -0.051067
7.28815 -0.462696
7.29917 -0.440659
7.39193 1.42131
4.92007 1.28996
5.02865 -0.289231
5.01885 -0.247641
5.08077 -0.490324
4.92438 0.326633
4.92471 0.323202
7.27093 1.71101
7.29079 1.67042
6.40089 2.67544
4.89873 0.76714
7.22883 1.79396
7.22055 1.8096
7.48068 0.0772816
7.47825 0.0652979
7.35549 1.51993
5.44509 2.66889
5.62181 2.77485
7.53388 0.646716
7.53314 0.695515
7.50277 0.985153
7.49583 1.0316
5.0047 -0.186422
5.2549 -0.966834
5.26104 -0.979113
5.45489 -1.30111
5.42503 -1.26363
4.98831 1.74518
5.02219 1.88548
6.65771 2.50059
6.76251 2.40882
5.28529 2.49559
5.33691 2.56191
6.16064 -1.53671
6.05006 -1.56047
5.7854 -1.54557
5.84763 -1.55947
5.10588 2.15087
5.0811 2.08445
7.09186 -0.790608
7.11571 -0.757866
6.95246 -0.969113
6.85358 -1.07804
7.31867 -0.399882
7.33086 -0.373358
4.93096 0.265327
4.93288 0.249268
5.73888 2.81097
5.8476 2.82422
6.55347 -1.33689
6.49863 -1.37318
7.10816 1.99704
7.01053 2.13319
6.26822 2.74062
6.19145 2.76916
7.16593 -0.682388
7.23261 -0.568753
7.51077 0.24152
7.2953 1.66076
7.32656 1.59057
5.64276 2.78344
5.41507 2.64251
5.53626 -1.39131
5.59617 -1.44491
5.67443 -1.49615
5.60787 -1.45459
7.52922 0.767601
5.11195 -0.591343
5.13118 -0.650304
5.08228 -0.49578
5.08109 -0.49148
5.17941 -0.786163
5.34468 -1.13962
5.24884 -0.954155
4.94879 1.52105
4.95942 1.58715
5.04246 1.95985
4.92144 1.30297
5.25677 2.45502
5.18488 2.33025
5.12571 2.19943
5.9699 -1.56861
6.2806 -1.49164
6.35684 -1.45679
6.76749 -1.1633
6.99173 -0.922268
6.69834 -1.22338
7.27166 -0.495807
7.37313 -0.273135
7.51974 0.305302
4.97701 -0.0424224
4.97007 -0.00271844
4.96559 0.0248175
6.05595 2.80742
5.90085 2.82442
7.5208 0.314481
6.52089 2.6015
6.55872 2.57628
7.03412 -0.870075
7.46629 1.16656
7.4787 1.11681
7.53362 0.501694
7.45769 1.20429
7.42839 1.31076
7.48521 1.08142
7.50725 0.960038
6.83254 2.34105
6.60639 2.54047
6.90156 2.26616
6.96743 2.18829
7.11013 1.99418
7.3906 -0.228378
4.91876 0.383596
4.91833 0.388237
4.90859 0.512679
4.90779 0.525758
4.9026 0.639295
6.48544 2.6257
7.52555 0.807289
7.51966 0.869706
7.41865 -0.148976
7.26284 1.72728
7.33235 1.57767
7.18556 1.87099
6.47587 2.63157
4.90828 0.518967
