5.97052 2.53301
5.96159 2.53229
6.18161 2.50092
6.27573 2.46804
6.98924 -0.611882
7.03689 -0.538952
7.36534 0.598039
7.36554 0.592419
5.14435 1.51953
5.15467 1.56736
7.31519 0.137425
7.30399 0.0884324
5.14567 0.0490065
5.14363 0.0594358
5.07792 0.747038
5.07854 0.710477
5.11504 0.23983
5.11119 0.269687
5.81482 2.51297
5.76431 2.49923
6.39689 2.41216
6.4475 2.38186
6.95465 -0.659572
6.90159 -0.727346
7.20507 1.42906
7.1759 1.49918
5.08773 1.0835
5.09141 1.1375
5.25784 -0.394747
5.24319 -0.348033
5.36653 -0.678708
5.32846 -0.587822
5.41237 -0.768701
5.36968 -0.685131
5.51324 -0.935356
5.54343 -0.977976
5.19575 1.73599
5.20552 1.76926
6.29219 -1.20222
6.38096 -1.16312
6.09976 -1.24892
6.15784 -1.23877
5.26321 1.93322
5.24297 1.879
5.34682 2.1112
5.38048 2.17001
5.45478 2.27344
5.42507 2.23316
5.59966 2.41183
5.56691 2.38744
6.75002 -0.894922
6.72883 -0.915685
6.52216 -1.0804
6.58665 -1.03532
7.01397 1.80452
7.04318 1.75696
7.13148 1.59602
7.12197 1.61579
5.72573 -1.15526
5.64191 -1.08708
5.91157 -1.23788
5.83676 -1.21361
7.14866 -0.342255
7.14868 -0.342226
7.24924 -0.0973177
7.23567 -0.135933
5.08955 0.485534
5.08531 0.546702
7.34932 0.336799
7.35388 0.377571
6.48845 -1.10361
6.4493 -1.12591
6.79614 2.09272
6.84973 2.02943
7.23775 1.34087
7.21597 1.40096
7.26775 1.24956
7.27007 1.2415
7.32196 1.02695
7.31593 1.06059
6.57997 2.29104
6.59241 2.28178
7.34565 0.882443
7.3419 0.913857
5.28179 -0.468563
5.27177 -0.437988
5.23329 -0.315802
5.1982 -0.191713
5.18392 -0.130513
5.07954 0.941814
5.07883 0.905926
6.69646 2.19191
6.70853 2.18038
7.30242 1.1176
7.3095 1.09004
6.91633 1.94659
6.88069 1.99274
6.79404 2.09514
7.35828 0.759602
7.35267 0.82801
5.19905 -0.195137
5.20082 -0.202125
6.50625 2.34459
6.49329 2.35268
5.16185 -0.0303343
5.16963 -0.0671912
6.79303 2.09625
6.79038 2.09907
5.08242 1.00199
5.19871 -0.193757
5.10213 1.25018
5.1071 1.29394
5.22721 -0.295627
5.21562 -0.254766
5.97839 2.53253
5.86679 2.52463
6.13814 2.51048
6.28874 2.46347
7.07252 -0.480676
6.97228 -0.636091
7.36355 0.513083
7.36475 0.629991
7.33168 0.978847
7.33022 0.988251
5.29067 -0.492657
5.2977 -0.510778
5.45906 -0.8541
5.45379 -0.845687
5.16842 1.62881
5.12542 1.41942
6.19521 -1.23229
6.27621 -1.20719
5.30174 2.02433
5.31193 2.04415
5.52199 2.34601
5.47236 2.29498
6.67085 -0.966653
6.60527 -1.0217
7.11884 1.62185
7.09066 1.67461
5.81796 -1.20663
5.72739 -1.15628
7.14873 -0.342114
7.19431 -0.241148
7.32986 0.208647
7.28614 0.0212101
5.13536 0.102415
5.15661 -0.00387757
5.07918 0.681
5.07777 0.775647
5.13137 0.12671
5.10062 0.361729
5.69571 2.46977
6.07554 2.52405
5.66359 2.45392
6.85635 -0.782053
6.82688 -0.814714
6.77772 -0.866474
7.0974 -0.437838
7.16958 1.51398
7.21072 1.41464
5.36809 -0.681975
5.46712 -0.86625
5.57343 -1.0133
5.63508 -1.08105
5.12343 1.40822
5.19149 1.71963
5.22858 1.8396
5.11711 1.36622
6.00587 -1.25182
6.01882 -1.25138
6.39068 -1.15879
5.98877 -1.24978
5.29201 2.00351
5.39695 2.19481
6.49483 -1.09934
6.95828 1.89001
6.95564 1.89382
7.06952 1.71197
7.19878 -0.230751
7.27243 -0.0262696
7.20373 -0.218379
7.33711 0.251544
5.08029 0.645283
5.09585 0.409674
5.08186 0.611257
5.09821 0.384251
5.13249 0.119658
7.36209 0.472501
6.65876 2.22568
6.67936 2.20833
7.36339 0.495421
7.36258 0.689229
7.29429 1.1542
7.29132 1.16493
7.24454 1.3204
7.27961 1.20761
7.31262 1.07506
7.33486 0.961117
6.73232 2.15695
6.64231 2.23981
6.95393 1.89624
6.87602 1.99864
7.36209 0.703249
7.35158 0.837899
5.07749 0.868958
5.07704 0.812842
6.33945 2.44065
6.95499 1.89473
5.09404 1.17755
5.07705 0.803663
6.39224 2.41445
6.39464 2.41333
5.17494 -0.0913263
5.21285 -0.245538
5.07765 0.877723
