6.34366 -0.812224
6.31116 -0.822872
6.73818 -0.516216
6.71328 -0.54503
5.43292 1.58275
5.4242 1.55741
6.7037 1.80511
6.73928 1.76333
6.84992 1.61299
6.86564 1.58759
5.75706 -0.700019
5.83849 -0.766262
6.4387 2.031
6.45864 2.0195
6.20927 2.1344
6.12733 2.14926
6.06987 2.15368
6.00004 2.15197
5.77845 2.07433
5.79761 2.08674
6.82647 -0.405407
6.85554 -0.36337
6.57405 -0.674883
6.542 -0.698592
5.31281 0.919674
5.31077 0.871576
5.3327 1.15118
5.33189 1.1444
7.12855 0.820401
7.13311 0.777691
7.09985 1.00157
7.1062 0.970537
5.57888 -0.460103
5.57454 -0.451936
5.37349 1.37149
5.39032 1.43938
5.5139 1.77126
5.51276 1.76884
5.6216 1.93366
5.60572 1.9145
6.58005 1.92753
6.62703 1.88457
6.97294 1.38682
6.94997 1.43534
5.68517 -0.619118
5.74276 -0.684218
5.94016 -0.822497
5.91266 -0.807843
6.12924 -0.857901
6.10652 -0.85647
7.05855 0.0618864
7.05223 0.0416706
6.96034 -0.182354
6.96802 -0.167315
5.48856 -0.265774
5.48115 -0.245833
5.37105 0.137658
5.37989 0.0961912
5.4213 -0.0706496
5.42078 -0.0687518
5.33341 0.363913
5.32961 0.395855
5.3124 0.612159
5.31018 0.668887
7.14131 0.543898
7.14174 0.557307
7.11174 0.276511
7.11723 0.307913
7.06602 1.14039
7.08418 1.06664
7.05917 1.16142
7.03369 1.23645
7.08874 1.04945
7.10887 0.955366
6.54791 1.95515
6.65522 1.85789
7.00169 1.32205
7.00236 1.32056
7.06254 1.15168
6.51353 1.98152
6.6766 1.83622
6.37027 2.07157
6.35161 2.08064
6.23374 -0.845305
6.44202 -0.764516
6.31618 2.09769
6.27019 2.11398
5.89395 2.13007
5.89783 2.13155
6.78732 -0.457014
6.69581 -0.563775
5.32074 1.03667
5.31828 1.00625
5.40061 1.4788
5.43914 1.5985
5.56475 1.8544
5.51514 1.77365
6.76623 1.72998
6.69505 1.81521
6.82063 1.65697
6.90515 1.52007
5.84779 -0.773166
5.75383 -0.696662
7.01628 -0.058221
7.01332 -0.0659121
5.49705 -0.287678
5.53004 -0.359753
5.39487 0.0336444
5.42061 -0.0681294
5.32061 0.486731
5.31682 0.534272
7.13087 0.405877
7.13378 0.433873
6.45795 -0.75598
6.1458 -0.856128
6.48784 1.99872
6.406 2.05193
6.10383 2.15327
5.90646 2.13332
5.69951 2.01608
6.87881 -0.326526
6.91683 -0.263007
6.63098 -0.625044
5.30908 0.800083
5.33638 1.17669
5.35061 1.26201
5.35583 1.28845
7.1402 0.69342
7.12166 0.874188
5.56988 -0.442565
5.62794 -0.538485
5.66829 -0.598473
5.47296 1.68171
5.68904 2.00609
5.66215 1.97742
6.78967 1.70005
6.94119 1.45251
6.97699 1.37821
5.94611 -0.824468
6.03407 -0.849376
7.08531 0.154904
6.99691 -0.103713
7.09117 0.179153
5.45385 -0.167946
5.35451 0.21928
5.44138 -0.132113
5.35035 0.243446
5.30877 0.770184
5.34876 0.253513
5.30903 0.740334
7.14182 0.619108
7.14096 0.678167
7.00287 1.31934
