6.38008 2.63925
6.36345 2.64739
7.46287 1.03214
7.46691 1.01194
5.04854 -0.220231
5.04106 -0.188049
5.11436 -0.473978
5.1201 -0.492893
5.43946 -1.19846
5.45881 -1.22263
5.04767 1.83166
5.03023 1.75882
5.39101 2.54344
5.35487 2.50365
6.07114 -1.50098
6.12478 -1.48884
5.88373 -1.50356
5.81873 -1.48837
5.10728 2.03397
5.12 2.06844
5.80928 2.76452
5.7482 2.75427
6.46073 -1.34771
6.48319 -1.33294
6.98674 2.10832
7.03265 2.04582
6.16472 2.72901
6.26466 2.69267
6.43384 2.60856
6.43456 2.60816
7.20096 -0.558432
7.14774 -0.646277
5.54715 2.67329
5.56163 2.68158
7.49864 0.742703
7.5017 0.70502
5.17063 -0.652115
5.17752 -0.671169
5.33618 -1.03313
5.34145 -1.0432
5.25097 -0.857824
5.24798 -0.850479
5.57171 -1.34779
5.5213 -1.29949
4.99924 1.61329
5.00148 1.62512
4.96561 1.38536
4.97621 1.46549
4.93762 1.07271
4.93594 1.04875
5.27212 2.38968
5.2869 2.41069
6.26444 -1.44652
6.34453 -1.4101
5.70338 -1.4439
5.77521 -1.4756
5.18012 2.2189
5.1734 2.20432
6.89372 -0.982512
6.91452 -0.95957
6.67361 -1.19409
6.74454 -1.13156
7.23392 -0.497387
7.21 -0.542651
7.32744 -0.297411
7.31747 -0.321439
7.41514 -0.0484863
7.42171 -0.025542
7.46872 0.182619
7.47423 0.21413
5.01335 -0.0572812
5.01512 -0.0662311
4.932 0.902397
4.93212 0.909396
4.93319 0.705888
4.93296 0.71392
4.948 0.43571
4.94653 0.45299
4.97827 0.16212
4.98991 0.0835365
5.9546 2.76945
5.92621 2.76946
6.65985 -1.20595
6.56535 -1.27808
7.00302 -0.852388
7.02613 -0.823247
7.37126 1.38136
7.38674 1.33529
7.4442 1.12283
7.43876 1.14961
7.49975 0.450817
7.49666 0.403413
7.50244 0.538499
7.50396 0.59752
6.74882 2.3709
6.80241 2.31837
6.57509 2.51568
6.65337 2.45459
6.9704 2.12955
6.92761 2.18133
6.38076 2.63886
6.39865 2.62868
7.34331 1.46412
7.34446 1.46095
4.93225 0.916521
4.93488 1.03114
4.9308 0.785603
6.52775 2.54783
6.56827 2.52048
7.48865 0.861889
7.48022 0.931767
5.08535 -0.373958
5.08334 -0.366104
7.17195 1.83078
7.1729 1.82909
5.12951 -0.52363
5.1388 -0.553966
7.11678 1.92035
7.12746 1.90372
7.35523 -0.22762
7.36255 -0.208729
7.2452 -0.47534
7.2665 -0.432718
7.35851 1.42008
4.95285 1.26878
4.94603 1.18576
5.06034 -0.271732
5.05497 -0.248949
5.08943 -0.389153
4.95643 0.344846
4.95863 0.3224
4.93756 0.594308
4.93802 0.583496
7.24784 1.68405
7.25924 1.66077
6.38043 2.63905
4.93081 0.779123
7.19771 1.78293
7.2087 1.76216
7.31173 1.54377
7.50321 0.622649
7.50211 0.694371
7.47109 0.983985
7.45617 1.07108
5.03677 -0.168714
5.29262 -0.946006
5.33086 -1.02254
5.50103 -1.27563
5.43035 -1.18634
5.02191 1.72347
5.06946 1.91246
6.66161 2.44798
6.73006 2.38788
5.32783 2.46891
5.44945 2.60123
6.16711 -1.47973
5.99286 -1.50797
5.79255 -1.48253
5.95038 -1.50847
5.14204 2.12751
5.08956 1.98143
7.07749 -0.753331
7.08696 -0.740338
6.86892 -1.00873
6.82124 -1.05832
7.27623 -0.412372
7.30547 -0.348776
7.44551 0.0681194
7.45089 0.0914686
4.93091 0.772554
4.96284 0.28344
4.96963 0.226573
5.67871 2.73442
5.85096 2.76918
6.55967 -1.28233
6.45871 -1.34885
7.05526 2.01326
6.98197 2.11476
6.1313 2.73734
6.27196 2.69002
7.10689 -0.710387
7.20848 -0.545388
7.27195 1.6335
7.29164 1.58928
5.64645 2.72297
5.46305 2.61241
7.4962 0.784261
5.18283 -0.68516
5.14488 -0.573162
5.21438 -0.766853
5.38599 -1.1168
5.25484 -0.866971
5.61413 -1.38545
4.98104 1.50022
4.99861 1.60952
5.0764 1.93793
4.95872 1.32426
5.26255 2.37465
5.22405 2.30567
5.187 2.23253
5.9766 -1.50962
6.24025 -1.4546
6.36308 -1.40179
5.6567 -1.41461
6.78368 -1.09586
6.96132 -0.903733
6.66399 -1.20245
7.23896 -0.487858
7.34055 -0.265215
7.37763 -0.167193
7.38773 -0.137905
7.48564 0.295265
5.00385 -0.00292838
5.01555 -0.0684349
4.93513 0.648716
4.94078 0.531091
4.9425 0.504362
4.9522 0.387704
4.99648 0.0423726
6.05914 2.75502
5.97575 2.76717
7.49126 0.343898
7.05423 -0.786318
7.4347 1.16539
7.453 1.0868
7.50195 0.500527
7.40375 1.28199
7.41934 1.22518
7.4542 1.08028
7.47928 0.938092
6.83678 2.28383
6.5717 2.51809
6.8711 2.2465
6.90532 2.20734
7.08123 1.97553
6.48923 2.57447
6.48348 2.57797
7.49478 0.801892
6.32506 2.66607
7.16755 1.83822
7.23117 1.71759
7.2232 1.73398
7.30904 1.55046
7.17126 1.83196
7.3976 1.30202
7.42995 1.18624
