5.44902 -2.42156
5.4711 -2.42929
4.96562 3.22755
5.00073 3.27009
5.36633 3.5114
5.30438 3.49089
5.37656 -2.38604
5.32688 -2.35246
6.60916 3.1705
6.64675 3.14259
4.66383 -0.736868
4.6864 -0.828877
5.83113 3.53159
5.94252 3.50487
6.1707 3.42421
6.19024 3.41478
4.70033 2.6908
4.71216 2.72691
7.01155 2.82289
7.05548 2.77757
7.17141 2.64691
7.14306 2.68058
7.8872 1.15594
7.9045 1.06248
7.38408 -1.13812
7.40247 -1.11207
6.52722 -2.01235
6.61522 -1.94488
7.46386 2.23759
7.49161 2.19118
7.80467 1.48136
7.78052 1.55674
7.94564 0.639284
7.94726 0.58798
7.78695 -0.368002
7.76886 -0.417674
4.88868 3.11788
4.87861 3.1004
5.15863 3.41104
5.109 3.37431
5.42656 3.52911
5.49741 3.54242
5.64407 -2.44557
5.63449 -2.44686
7.9083 0.0934744
7.90351 0.065897
7.9398 0.348319
7.93875 0.334268
4.88192 -1.51156
4.87535 -1.49272
4.96018 -1.73619
4.93836 -1.67546
4.50236 1.65889
4.50451 1.67937
4.48149 1.42274
4.48131 1.4208
4.63783 -0.624529
5.00416 -1.84526
4.98014 -1.78585
4.57534 2.18084
4.56628 2.13094
4.53845 1.95409
4.54518 1.99892
7.54526 -0.887701
7.59171 -0.804856
5.82195 3.53303
5.74417 3.54303
6.39466 3.30986
6.46453 3.26663
6.81744 3.00641
6.89574 2.93614
7.48478 -0.988216
7.50177 -0.960912
6.71702 -1.86071
6.75179 -1.83064
6.81825 -1.77234
6.8112 -1.77879
7.04656 -1.5475
7.00264 -1.59413
6.29903 -2.17256
6.41245 -2.0965
6.27391 -2.18861
6.1962 -2.23577
5.9816 -2.3483
5.93684 -2.36822
5.74266 -2.43069
5.8278 -2.40855
5.54138 -2.44385
5.52601 -2.44062
4.52545 -0.0125001
4.52002 0.0296937
7.67328 1.83468
7.67135 1.83901
7.93676 0.812206
7.93854 0.789964
4.76721 -1.13488
4.75986 -1.1092
4.81976 -1.31363
4.80519 -1.26407
7.82363 -0.258034
7.81065 -0.298847
5.225 -2.24917
5.22893 -2.2548
5.13075 -2.10928
5.14116 -2.12697
6.17889 -2.24665
6.08812 -2.29623
4.46364 0.861418
4.46367 0.85001
4.46436 0.988001
4.46423 0.977009
4.47717 1.36063
4.47704 1.35859
4.60375 -0.46656
4.47753 0.46373
4.4777 0.460824
6.02336 3.47939
5.82683 3.53246
6.12051 3.44472
6.28314 3.3707
4.65978 2.55448
4.65734 2.54628
4.73248 2.78599
4.73104 2.78221
7.09452 2.73522
7.11533 2.71222
7.27448 2.51831
7.26868 2.52585
7.18263 -1.39681
7.16532 -1.41749
6.62453 -1.93701
6.51567 -2.02158
6.96936 -1.62683
6.90739 -1.68841
7.54309 2.10032
7.57265 2.04493
7.38039 2.36916
7.38985 2.35495
7.85116 1.3147
7.83636 1.37207
7.74721 -0.475102
7.74488 -0.480672
7.72102 -0.53771
6.81101 3.01188
6.76088 3.05373
6.54346 3.21581
6.5573 3.20679
4.51459 1.77423
4.5083 1.71801
4.49821 1.61521
4.49123 1.5402
4.48674 1.4869
4.69688 -0.870564
4.56456 2.12061
4.58798 2.24687
5.62966 3.55128
5.65982 3.54974
6.05717 3.46903
6.33392 3.34279
6.50526 3.24169
6.95232 2.88177
6.42536 -2.08679
6.80558 -1.78363
6.71366 -1.86371
7.0967 -1.49501
6.28574 -2.18137
6.05387 -2.31426
6.03771 -2.32199
5.89049 -2.38634
5.93683 -2.36823
4.728 -0.989812
4.73962 -1.03372
4.4822 0.393513
4.48745 0.330363
4.50297 0.171592
4.50824 0.123583
4.53671 -0.0894708
4.46608 0.711473
4.46576 0.721621
4.471 0.584235
4.47066 0.59124
4.80249 2.95559
4.80558 2.96291
4.73309 2.78749
4.75553 2.845
4.6069 2.3342
4.61504 2.37168
7.33165 -1.21062
7.32073 -1.22505
7.93078 0.870374
7.92659 0.911642
4.47037 1.2235
4.47063 1.231
4.46638 1.09419
4.4666 1.10401
6.18854 -2.24084
7.84602 -0.181301
5.09574 -2.04322
5.07091 -1.99528
4.71353 -0.935203
4.72299 -0.970712
6.71228 3.09301
6.70348 3.09958
4.59358 -0.417732
4.58568 -0.376869
4.54582 -0.146612
4.55568 -0.207345
7.6257 1.93782
7.58234 2.02641
4.59125 2.262
4.602 2.31239
4.58932 2.25309
7.71598 1.73194
7.74816 1.64895
7.85648 -0.144478
7.86209 -0.12285
7.67512 -0.640524
7.66947 -0.65297
4.90976 3.1504
4.92393 3.1715
4.5331 1.91387
4.52722 1.87165
7.34999 -1.18594
7.9409 0.755201
7.94236 0.735817
5.28601 -2.31582
5.32608 -2.35193
5.26369 -2.29619
4.49345 1.56383
4.49226 1.55105
4.59661 -0.432642
4.55502 2.06256
4.85225 3.0527
4.83531 3.0228
4.49261 0.271541
4.4932 0.265119
4.79324 -1.22443
4.76974 -1.14356
5.49468 -2.43529
5.42049 -2.40922
5.14774 -2.13682
5.18227 -2.1915
4.96125 3.22227
5.01003 3.28026
5.27157 3.4762
5.40114 3.52339
5.84288 -2.40303
5.88637 -2.38817
7.92701 0.218126
7.92497 0.201521
4.47289 1.2945
4.47299 1.30048
4.46373 0.924869
4.46368 0.91351
4.46399 0.78651
4.4635 0.798003
4.92828 -1.64583
4.90645 -1.5843
5.02612 -1.89956
5.03766 -1.9241
4.48203 0.395709
4.48204 0.395602
4.54713 2.01341
7.61036 -0.769736
7.64796 -0.696062
4.65329 2.53126
4.6325 2.44755
4.71578 2.73828
4.69329 2.66778
7.13322 2.69184
7.20086 2.61188
7.87804 1.20029
7.90954 1.03159
7.435 -1.06383
7.23095 -1.33922
7.22219 -1.35021
7.50402 2.16969
7.44215 2.27313
7.33702 2.43274
7.34608 2.41977
7.77769 1.56504
7.80959 1.46554
7.94699 0.50082
7.94398 0.698858
5.55101 -2.44536
5.58762 -2.44737
4.8465 -1.40267
4.86152 -1.45135
7.88486 -0.0267458
7.87624 -0.0647804
5.06897 3.3391
5.20706 3.44275
5.5497 3.54673
5.63233 -2.44685
5.72706 -2.43467
7.9465 0.464751
4.97191 -1.76577
5.05324 -1.95667
4.5359 1.93528
7.68066 -0.628611
7.53234 -0.909966
7.4773 -1.00009
7.94699 0.479336
4.84124 -1.38482
5.93684 -2.36822
5.98729 -2.34606
4.46825 0.647683
4.4679 0.656436
4.76634 2.87064
4.77988 2.90397
4.46813 1.1587
4.46839 1.1675
4.56999 -0.290848
4.74246 -1.04443
5.23354 -2.2606
5.10455 -2.06145
4.46474 1.04051
4.47926 1.39226
4.47341 0.526044
4.62324 2.40682
4.68546 2.64296
7.20938 2.60131
7.08271 2.74856
7.92425 0.928887
7.86075 1.27624
7.33427 2.4366
7.13257 -1.45466
7.27462 -1.28509
7.58088 2.02922
7.53831 2.10909
7.42263 2.30405
7.82913 1.39792
7.74929 1.6458
4.51487 1.77677
4.50677 1.70361
4.82847 3.01059
4.81271 2.97878
5.59594 3.55123
6.02546 -2.32735
4.49381 0.257955
4.51563 0.0625834
4.46388 0.77524
7.63025 1.92833
7.11254 -1.47739
7.93581 0.824231
4.47241 1.28819
5.38994 -2.39557
5.40283 -2.40215
6.58833 3.18512
7.7155 1.73317
4.52392 1.84578
4.51901 1.8077
4.93232 3.1828
4.48166 1.42499
7.70985 1.74682
7.67512 1.83054
7.27766 -1.28129
6.65411 3.13706
5.70952 3.54709
7.86746 -0.101316
