7.60205 0.0462499
7.61128 0.0850691
7.57211 1.25629
7.56751 1.27445
4.78684 1.30556
4.79123 1.36003
5.01281 -0.762125
4.98696 -0.678924
4.88127 -0.254861
4.87594 -0.227687
5.07752 -0.953607
5.09334 -0.995337
6.62048 2.72386
6.6 2.73919
6.90447 2.47039
6.95408 2.41624
4.79453 0.31647
4.80015 0.260123
4.77068 0.78181
4.76925 0.822173
5.07429 2.51382
5.09771 2.55697
4.96644 2.25391
4.99586 2.33468
6.17523 -1.74545
6.22532 -1.72678
7.19213 -0.880853
7.17126 -0.911711
6.14901 2.98128
6.25218 2.94195
5.93856 3.03248
5.89784 3.03573
6.62864 -1.48076
6.5489 -1.53959
7.11694 2.21649
7.07247 2.2748
7.65702 0.447029
7.65774 0.46649
7.64243 0.888394
7.64397 0.873884
7.55197 -0.148022
7.51963 -0.246417
7.42061 -0.487154
7.40526 -0.519139
5.33104 2.86114
5.30847 2.84044
5.52813 2.98523
5.50913 2.97659
7.64856 0.336639
7.63479 0.220244
5.33027 -1.4776
5.32852 -1.47492
5.22918 -1.30577
5.23112 -1.30986
4.7979 1.42804
4.80388 1.48339
4.82507 1.63824
4.83693 1.71449
4.87854 1.93447
4.87965 1.93996
5.84287 -1.8106
5.88672 -1.81044
5.6006 -1.74058
5.63219 -1.75816
4.97407 -0.635468
4.95443 -0.562286
5.14942 -1.13626
5.13916 -1.11311
4.80906 0.181041
4.82375 0.0732353
5.17244 2.68058
5.14218 2.63565
4.95322 2.21054
4.91692 2.08669
6.23295 -1.72382
6.32956 -1.67678
6.03829 -1.79022
6.06356 -1.78317
7.02928 -1.09454
7.01781 -1.1081
6.32243 2.90879
6.37431 2.88211
5.78872 3.04002
5.731 3.03639
6.4299 -1.61927
6.3475 -1.66682
6.83156 -1.30557
6.74281 -1.38625
7.28037 -0.747359
7.29452 -0.724038
7.65942 0.629676
7.66007 0.550866
7.42587 1.67927
7.42391 1.68385
4.90371 -0.358223
4.90719 -0.373173
6.55621 2.77067
6.4902 2.81409
6.83323 -1.30391
6.90583 -1.22987
7.3075 1.91825
7.29594 1.93946
7.46112 1.59482
7.49262 1.5119
4.77022 0.952822
4.77059 1.00027
4.78404 0.440479
4.78153 0.472791
4.86133 -0.150226
4.84943 -0.0859566
7.47413 -0.367364
7.47479 -0.365854
7.60166 1.13402
7.58643 1.19915
7.55245 1.32926
7.54587 1.35123
6.81568 2.55933
6.81121 2.56338
6.97242 -1.16022
6.97811 -1.15394
7.14334 2.18025
7.17345 2.13668
7.65595 0.73226
7.65027 0.807986
7.5155 -0.258179
7.55786 -0.128301
7.47842 -0.356481
7.43044 -0.467163
7.52293 1.42614
7.50086 1.48881
4.78039 1.21596
4.77571 1.12429
5.7419 -1.79698
5.68851 -1.78146
5.5802 -1.73004
4.79273 0.335393
4.78797 0.390623
4.77431 0.607741
4.77285 0.651473
4.76938 0.871796
5.03296 2.42558
5.01878 2.39013
6.7011 2.65968
6.72911 2.63705
7.63041 0.973109
7.62323 1.02013
4.89607 -0.324706
4.92821 -0.46073
7.35115 1.83666
7.34391 1.8507
7.24455 2.02704
7.28013 1.96695
4.77286 1.04015
4.77345 1.08169
4.78228 1.24563
5.9899 -1.79979
5.97925 -1.8015
6.66149 2.69222
6.67789 2.679
4.80072 0.255016
4.80729 0.194856
4.77612 0.565979
4.77846 0.52108
4.77173 0.693519
4.7702 0.740781
7.07795 -1.03482
7.10688 -0.999443
6.96155 -1.17231
7.24345 2.0289
7.24291 2.02977
7.65686 0.719587
7.6573 0.70997
7.3566 -0.615359
7.35411 -0.620036
5.54933 -1.70914
5.53319 -1.69672
5.41397 -1.58658
5.41268 -1.58495
5.05251 2.46976
6.30848 2.91606
6.26305 2.93726
5.4766 -1.65046
5.48985 -1.66344
4.9623 2.24156
4.96013 2.23424
7.56393 -0.10716
4.93464 -0.486177
7.61466 0.104011
7.59395 0.0094861
5.42895 2.9336
5.39984 2.91413
5.32668 -1.47185
5.2783 -1.39317
4.79167 1.36533
4.78606 1.29588
4.85702 1.82796
4.85359 1.80924
5.03727 -0.838834
4.98213 -0.663027
5.4161 -1.58919
5.46687 -1.64051
5.11239 -1.04553
5.05549 -0.894031
6.5785 2.75487
6.64236 2.70788
6.99325 2.37217
6.88649 2.48882
5.12037 2.59908
6.22947 -1.72513
6.13508 -1.76184
7.14966 -0.940561
7.22945 -0.827191
6.09247 2.99807
6.25514 2.94081
5.97713 3.0259
5.83439 3.04077
6.52878 -1.55436
6.6486 -1.46459
7.0414 2.3137
7.12437 2.20665
7.65977 0.538935
7.65688 0.444056
6.389 2.8737
6.42934 2.85156
7.63311 0.208935
5.6284 3.01899
5.58799 3.00533
5.23467 2.7635
5.23042 2.75838
7.65018 0.353592
5.23377 -1.31508
5.38665 -1.5526
5.1894 -1.22374
4.80528 1.49444
4.81919 1.59965
4.81268 1.55253
4.84934 1.78482
4.88294 1.95462
5.74784 -1.79865
5.75569 -1.79975
4.94434 -0.524201
5.04165 -0.85243
5.0442 -0.860827
5.15875 -1.15653
4.90598 2.04803
4.82669 0.0535051
4.80741 0.19385
5.22359 2.74915
6.33199 -1.67563
6.99561 -1.13415
7.06254 -1.05428
6.31472 2.91293
6.06231 3.00728
5.64226 3.02207
6.04345 3.01234
6.72954 -1.39809
6.44291 -1.61074
6.83218 -1.30496
7.32688 -0.667879
7.24712 -0.800187
7.65902 0.660341
7.3874 1.76403
7.45945 1.59905
6.47053 2.827
7.11051 -0.994665
4.84244 -0.0450013
7.60357 1.12482
7.5784 1.23321
7.52417 1.42259
7.61054 1.08604
7.61849 1.04731
6.81643 2.55863
6.7404 2.62695
7.01874 2.34177
7.38601 1.76701
7.37612 1.78698
7.18303 2.12218
7.22014 2.06516
7.63896 0.915085
7.64164 0.895621
7.47523 -0.364791
7.38192 -0.566046
7.35961 -0.609814
7.31607 1.90298
5.94031 -1.8071
6.00239 -1.79713
6.1 -1.77193
5.51153 -1.68053
5.56612 -1.72154
7.58367 -0.0333862
5.89415 -1.81036
5.65555 -1.76924
