5.91681 2.45874
5.97567 2.46347
6.1865 2.43492
6.20255 2.42931
7.22585 1.24353
7.23587 1.21233
7.31363 0.808126
7.30746 0.873017
5.18602 1.49261
5.20882 1.59827
5.39476 2.08023
5.38869 2.07003
5.50946 2.23811
5.57371 2.30449
7.20071 -0.111602
7.20333 -0.104619
7.27127 0.124498
7.27045 0.120912
5.19695 0.0143995
5.18817 0.059159
5.11984 0.721158
5.12003 0.709495
7.31341 0.372549
7.31264 0.365432
6.77428 2.04511
6.70007 2.12218
6.40188 2.34486
6.42045 2.33374
5.76982 2.42536
5.73615 2.40876
6.8626 -0.703223
6.86903 -0.695825
6.74664 -0.829198
6.71133 -0.862535
7.0103 -0.500041
7.00521 -0.508275
7.30349 0.901452
7.29059 0.977332
5.37384 -0.569766
5.37146 -0.564079
5.45884 -0.743039
5.45701 -0.739443
5.5663 -0.906059
5.54981 -0.88524
5.23939 1.70779
5.21202 1.6113
5.14886 1.26696
5.15417 1.30458
6.30023 -1.13136
6.3314 -1.11763
5.30783 1.9044
5.31369 1.91719
5.66253 2.37121
5.61453 2.33547
6.53643 -1.00471
6.50615 -1.02588
6.98512 1.77083
6.98186 1.77576
7.09146 1.58018
7.12636 1.50764
5.9168 -1.16187
5.9341 -1.1653
5.73149 -1.07165
5.70932 -1.05362
6.10726 -1.17738
6.08692 -1.17736
7.08979 -0.359583
7.11519 -0.309805
5.21566 -0.0775273
5.22968 -0.130797
5.12896 0.507927
5.1281 0.520277
5.15454 0.262277
5.15757 0.241047
6.65339 2.16412
6.62916 2.18547
7.3239 0.625903
7.3243 0.590899
7.2819 1.02547
7.28057 1.03285
6.53327 2.2609
6.55399 2.24548
7.3064 0.880996
7.30585 0.885579
7.28505 1.01071
5.29005 -0.345342
5.28151 -0.317548
5.2504 -0.211533
5.25354 -0.222987
5.12083 0.916318
5.12061 0.904938
6.57455 2.22944
6.59755 2.21238
7.26239 1.11613
7.26252 1.11563
6.83203 1.9799
6.81097 2.00442
6.51127 2.27688
6.43725 2.32303
5.21279 -0.0647162
5.21337 -0.067463
5.11931 0.827671
5.1195 0.85188
5.12612 1.02694
5.31667 -0.420279
5.32375 -0.43987
5.2681 -0.273048
5.2634 -0.256496
6.04174 2.45946
5.87206 2.45346
6.14471 2.4441
6.29364 2.39732
7.00097 -0.514608
6.93867 -0.603551
5.13496 1.15138
5.12985 1.08407
5.33432 -0.468553
5.36953 -0.559258
5.51034 -0.825782
5.46063 -0.746352
5.20969 1.60215
5.17784 1.44934
6.20325 -1.16151
6.22059 -1.15614
5.34938 1.99355
5.40357 2.09363
5.57917 2.30907
5.47982 2.20406
6.62583 -0.939211
6.62488 -0.940002
7.06078 1.63966
7.04893 1.66184
5.82343 -1.1271
5.80586 -1.11733
7.16163 -0.209511
7.22994 -0.0245412
7.28456 0.189018
7.24039 0.00774466
5.18163 0.0931571
5.20078 -0.00415209
5.12123 0.65504
5.11955 0.774659
5.1386 0.391905
5.13934 0.383731
7.29523 0.242243
7.32273 0.48949
5.77566 2.42726
6.0805 2.45703
5.66997 2.37611
6.79225 -0.781184
6.87367 -0.690144
6.62758 -0.937665
7.06477 -0.406244
7.13941 1.47875
7.1667 1.41301
5.13617 1.16306
5.30158 -0.378671
5.41501 -0.656068
5.60548 -0.952296
5.63051 -0.981777
5.64111 -0.993419
5.16565 1.38094
5.25481 1.75578
5.27291 1.81096
6.39876 -1.0876
6.14694 -1.17127
5.30141 1.889
5.44858 2.16145
6.43877 -1.06517
6.991 1.76131
6.925 1.85804
7.04004 1.67755
6.01148 -1.1776
5.8799 -1.14808
7.15082 -0.233953
7.23972 0.00540376
7.29467 0.239053
5.17306 0.14271
5.12156 0.644307
5.13944 0.382759
5.12203 0.634083
7.32362 0.510807
6.61497 2.19742
6.6846 2.13751
7.32164 0.68772
7.2067 1.30462
7.19048 1.34985
7.26225 1.11679
7.24142 1.19212
7.27129 1.07354
5.25556 -0.230425
5.23996 -0.171933
6.69157 2.13065
6.85773 1.94872
6.88129 1.91851
7.3191 0.746058
5.11924 0.786787
5.12012 0.893177
6.31076 2.38962
6.90888 1.88062
7.21792 1.26991
6.32859 2.38077
6.36642 2.36313
7.17474 1.39365
7.32017 0.729706
6.89447 1.9011
5.2335 -0.147115
5.21377 -0.0692617
