4.70335 -1.17995
4.71624 -1.22724
5.42106 -2.601
5.3932 -2.59182
5.06459 -2.24017
5.08756 -2.28589
5.22696 -2.48687
5.18377 -2.43547
5.16148 -2.40635
5.12913 -2.35892
4.62366 -0.868989
4.64708 -0.964703
4.56852 -0.632571
4.53167 -0.452783
6.24072 3.48714
6.18213 3.51543
4.56024 2.49302
4.58415 2.5919
7.2994 2.59382
7.34734 2.52964
7.42741 -1.18917
7.45705 -1.14715
7.28056 -1.38242
7.32098 -1.33234
6.62647 -2.03205
6.63494 -2.02555
6.97074 -1.72176
7.02167 -1.67199
5.61792 -2.60268
5.64736 -2.59805
4.80482 -1.54002
4.78304 -1.46655
4.85944 -1.7173
4.85691 -1.70879
7.84241 -0.403001
7.83791 -0.41571
4.82032 3.21136
4.81611 3.20406
4.87742 3.29683
4.91694 3.3495
5.16352 3.56092
5.18492 3.57199
4.97174 3.41153
5.01446 3.45302
5.21961 3.58937
5.30916 3.6237
6.0173 -2.44971
6.03889 -2.43757
5.82148 -2.54253
5.83617 -2.53715
6.80727 3.10833
6.78914 3.12389
6.56214 3.2959
6.59326 3.27443
5.72434 3.65359
5.67218 3.65954
4.57452 -0.660369
4.5836 -0.699577
4.46304 1.93637
4.46281 1.93453
4.50486 2.20833
4.49848 2.1732
4.47099 1.99614
4.47129 1.99816
7.7468 -0.637541
7.74685 -0.637422
7.62846 -0.871101
7.63621 -0.857283
5.95472 3.60222
5.99484 3.58801
6.40564 3.39751
6.30831 3.45232
7.07983 2.85136
7.14645 2.77915
6.96101 2.96934
7.00041 2.93203
7.5279 -1.03902
7.48937 -1.09929
6.80555 -1.87828
6.83029 -1.85688
8.00992 0.579417
8.00977 0.502944
6.39996 -2.20558
6.41023 -2.19869
6.28346 -2.28686
6.26957 -2.29529
4.75265 -1.361
4.76506 -1.40624
4.92654 -1.91465
4.94031 -1.95043
4.78309 3.14402
4.76352 3.1044
5.47113 3.65803
5.50439 3.66077
5.70209 -2.58369
5.73698 -2.5739
4.66739 2.87153
4.65874 2.84775
7.71543 1.8914
7.70203 1.92158
8.00225 0.771047
8.00324 0.758651
6.16483 -2.36334
6.09557 -2.40508
5.44666 -2.60678
5.32896 -2.56523
5.35965 -2.58101
5.28542 -2.53786
5.49577 -2.61202
5.46622 -2.60919
5.02095 -2.15092
5.02196 -2.15318
5.24843 -2.50435
5.17549 -2.42638
4.39742 0.899963
4.39755 0.850088
4.39834 1.02643
4.39777 0.977087
4.41256 1.39823
4.41011 1.35828
4.421 1.51849
4.41868 1.48658
4.49225 -0.244659
4.5184 -0.384646
4.41796 0.369804
4.42096 0.331445
4.40881 0.505939
4.41142 0.461902
4.47082 -0.104464
4.47389 -0.125033
4.43646 0.167666
4.44229 0.114295
5.8909 3.62022
5.83943 3.63297
6.16223 3.52356
6.29437 3.46032
4.56013 2.49247
4.53901 2.39161
4.6237 2.73856
4.62122 2.72949
7.19606 2.72161
7.21391 2.70068
7.98236 0.957153
7.97354 1.01908
7.93929 1.20747
7.91959 1.29535
7.37002 -1.2683
7.34971 -1.295
6.71784 -1.95553
6.53592 -2.10437
7.04969 -1.64277
6.92644 -1.76631
7.50511 2.29309
7.4648 2.35855
7.58419 2.15562
7.5626 2.19459
7.42125 2.42414
7.46097 2.36449
7.87067 1.47515
7.88647 1.42163
7.81532 1.64264
7.82885 1.60455
5.54058 -2.61278
5.55674 -2.61139
7.92405 -0.135589
7.93086 -0.109129
7.88178 -0.284656
7.88909 -0.26079
7.87512 -0.306233
4.83048 3.22637
4.93046 3.36618
6.89119 3.03463
6.85839 3.064
6.77412 3.13637
6.73532 3.16772
6.67914 3.21088
6.64805 3.23441
6.51608 3.32801
4.45408 1.86481
4.45545 1.87637
4.46685 1.96561
4.5188 2.28999
4.48115 2.06881
5.82396 3.63574
5.79427 3.64191
6.06888 3.56247
6.43919 3.37626
6.42149 3.38753
7.02873 2.90345
6.91983 3.00916
6.53118 -2.10779
6.8899 -1.80037
6.73306 -1.94302
7.11594 -1.57371
8.00771 0.669458
8.00569 0.712424
6.3393 -2.24809
4.74756 3.07321
4.66456 -1.03459
4.66498 -1.0362
4.43924 1.72744
4.44071 1.74321
4.42671 1.58814
4.42885 1.61489
4.40124 0.673887
4.3997 0.722696
4.40659 0.546896
4.40441 0.592318
7.77417 1.75225
7.74495 1.82397
7.68393 1.96008
7.6554 2.01953
4.70204 2.96655
4.72013 3.01136
7.18219 -1.49889
7.21386 -1.4625
4.61164 -0.818255
4.40235 1.18407
4.40397 1.23108
4.39889 1.05506
4.39995 1.10408
6.18616 -2.35048
4.82253 3.21477
5.66667 3.66019
5.66243 3.66058
7.12991 -1.55811
7.16827 -1.51491
7.12205 -1.5669
4.94947 -1.9761
4.9661 -2.01832
8.00811 0.658546
5.11467 3.53142
5.10973 3.52826
5.95557 -2.48218
5.93809 -2.49065
8.00717 0.420723
7.99836 0.293496
5.76845 3.64667
5.78157 3.64442
7.98164 0.152485
7.96355 0.0417504
4.48 2.06179
4.94004 3.37664
7.99578 0.846728
8.00044 0.793943
4.7279 -1.27055
4.68409 -1.10811
4.83191 -1.62881
4.81959 -1.58751
4.97271 -2.03689
4.99296 -2.08599
5.11478 -2.33243
5.05348 -2.21982
5.10494 3.52471
5.01632 3.45471
5.92491 -2.49641
5.83844 -2.53631
7.9906 0.226142
7.98357 0.165178
4.40796 1.29458
4.40869 1.3379
4.39763 0.963338
4.39743 0.913588
4.39965 0.786585
4.3975 0.836414
4.41656 1.45849
4.41416 1.42243
4.413 0.438105
4.41583 0.39668
5.54766 3.66348
5.60842 3.66323
4.47904 2.05585
4.45191 0.0326677
4.45687 -0.00605893
7.69127 -0.753594
7.69334 -0.749537
4.59712 2.64042
4.56016 2.49264
4.63815 2.78667
4.63552 2.77842
7.15788 2.76657
7.16211 2.76174
7.9629 1.08436
7.94995 1.15509
7.27985 2.61879
7.36344 2.50761
7.47866 -1.11529
7.41131 -1.21174
7.3264 -1.32519
7.26553 -1.40127
7.54517 2.22505
7.51503 2.27663
7.84423 1.55878
7.85875 1.51416
5.66086 -2.59415
5.6022 -2.60632
4.77821 -1.45088
4.86659 -1.74029
5.21222 3.58613
5.16121 3.55968
5.37628 3.64179
6.08091 -2.41402
5.9885 -2.46482
5.74209 -2.57182
7.99822 0.292108
7.94561 -0.0458875
7.95493 -0.00174541
7.93882 -0.0772601
4.88968 -1.80804
4.90269 -1.84496
7.69515 -0.745907
7.79643 -0.522664
7.57603 -0.961454
7.37507 -1.26179
7.56016 -0.987912
8.00866 0.640872
8.00962 0.48843
6.08898 -2.40916
4.74876 -1.34653
5.40639 3.6485
5.69228 -2.58723
4.65073 -0.979529
4.66178 -1.02402
4.4326 1.65756
4.43445 1.67905
4.40364 0.610233
4.40179 0.657512
4.64002 2.79203
4.6797 2.90682
4.40038 1.11943
4.40176 1.16758
4.67902 -1.08921
5.51093 -2.6125
5.02225 -2.15374
5.12496 -2.35123
5.17838 -2.42962
4.39844 1.04059
4.42352 1.55074
4.49202 -0.24338
4.42349 0.301146
4.40741 0.527118
4.49195 -0.242953
4.42946 0.235645
4.60999 2.69001
4.53055 2.34914
7.23404 2.67606
7.15555 2.76923
7.99127 0.886758
7.9119 1.32683
7.41033 2.44026
7.23283 -1.43992
7.62215 2.08476
7.60766 2.11243
7.46403 2.35976
7.89466 1.39175
7.79692 1.69292
5.57293 -2.60887
7.91581 -0.167376
6.72292 3.17791
4.44813 1.8162
4.46253 1.93245
4.64917 -0.973163
4.44625 1.79755
4.39917 0.737728
4.69695 2.95238
4.63884 2.78865
4.52367 2.31462
7.78437 1.72669
7.72944 1.85993
7.63782 2.05455
4.72757 3.02842
4.40452 1.24883
5.66835 3.65997
5.39765 3.64702
8.00754 0.427065
6.70217 3.19362
6.82515 3.09336
4.91547 -1.88232
7.79997 -0.513671
7.79687 -0.521594
6.61983 3.25565
4.44725 1.80729
7.90867 -0.193343
