6.72707 -0.275478
6.7432 -0.254598
5.46882 1.06713
5.45503 0.953928
6.85017 1.31256
6.86595 1.27883
6.88841 0.0118063
6.8565 -0.059344
6.45013 1.80727
6.43144 1.82004
6.9932 0.394535
7.00438 0.516877
6.17152 -0.625078
6.10449 -0.619698
6.38908 -0.57108
6.38791 -0.571569
5.97205 -0.583064
5.99061 -0.589632
5.87088 -0.517156
5.80332 -0.453346
6.2275 1.91225
6.17315 1.92117
6.05815 1.92563
6.0189 1.92213
5.80862 1.824
5.81848 1.83234
6.62703 -0.393603
6.59174 -0.427354
5.44856 0.835857
5.45494 0.952751
5.51115 1.28477
5.50105 1.24096
5.7321 -0.361605
5.79114 -0.441569
5.57789 1.48908
5.61228 1.56609
5.67214 1.66902
5.63115 1.6045
6.77301 1.4571
6.74896 1.49511
5.61591 -0.153634
5.63071 -0.185001
5.55627 0.00780068
5.56975 -0.0319446
5.50264 0.212432
5.4846 0.299212
5.44777 0.689078
5.45191 0.581379
5.46835 0.404585
5.46391 0.438067
7.00462 0.67999
6.999 0.757471
6.93929 0.151379
6.96982 0.264524
6.93003 1.10795
6.91713 1.14632
6.47493 1.78973
6.53082 1.74367
6.40547 1.83671
6.37492 1.85375
6.83027 1.35393
6.81041 1.39265
6.62131 1.65913
6.61529 1.66529
6.97043 0.956634
6.96454 0.983692
6.27794 -0.610604
6.23925 -0.616975
5.87934 -0.524754
5.96745 -0.580347
5.91752 1.89158
5.94377 1.89964
5.73035 1.74847
5.76561 1.78265
6.67117 -0.344564
6.75819 -0.232598
5.45501 0.953763
5.47293 1.09453
6.87976 1.24753
6.83917 1.33604
6.90129 0.0425467
6.82863 -0.113457
5.6776 -0.275906
5.64956 -0.222653
5.53969 0.05955
5.52662 0.108505
5.46327 0.443844
5.4573 0.506062
7.00513 0.531074
6.99291 0.392409
6.06955 -0.615949
6.50374 -0.502271
6.50603 -0.500697
5.79268 -0.443143
6.31231 1.88346
6.12228 1.92847
5.90959 1.88746
5.72221 1.73946
6.80573 -0.155443
5.48745 1.17751
5.44803 0.81955
5.4473 0.714743
5.53665 1.38022
5.69865 -0.313694
6.99039 0.842579
6.98671 0.869214
5.62138 1.58581
5.54138 1.39437
6.62392 1.65623
6.68684 1.57999
6.73446 1.5159
6.8048 1.4029
6.89951 1.19867
6.93332 0.132693
5.59111 -0.0899525
5.51884 0.139255
5.48135 0.317884
5.45314 0.562036
6.3261 1.87879
6.97072 0.268499
7.00594 0.638424
6.94384 1.06147
6.33864 1.87331
6.97589 0.930767
6.98456 0.88416
6.56612 1.71367
6.95381 1.02714
5.53937 1.38924
