6.74243 -0.268194
6.74877 -0.259991
5.46234 1.07113
5.45271 0.992115
6.85849 1.31001
6.87218 1.28074
6.89696 0.0143238
6.86168 -0.0643558
6.45315 1.81556
6.43916 1.82512
7.00561 0.458057
7.01117 0.518874
6.38705 -0.581848
6.3957 -0.577235
6.16955 -0.635531
6.08864 -0.629036
5.97012 -0.593287
6.01978 -0.610857
5.78922 -0.45269
5.86263 -0.522019
6.22665 1.92265
6.18565 1.92938
6.04051 1.93501
6.01801 1.933
5.79974 1.82872
5.81755 1.84376
6.6244 -0.407562
6.59769 -0.433112
5.4426 0.839535
5.44865 0.950287
5.50499 1.28858
5.49294 1.23633
5.7246 -0.366023
5.7762 -0.435918
5.5712 1.49341
5.6007 1.55948
5.66475 1.67379
5.62996 1.61903
6.62528 1.66552
6.63023 1.65977
6.76725 1.47975
6.75389 1.50087
5.6141 -0.168383
5.62379 -0.188932
5.54983 0.0041441
5.55979 -0.0252266
5.49659 0.208993
5.47672 0.304526
5.44176 0.685664
5.44562 0.585262
5.46823 0.359627
5.45825 0.434851
6.99859 0.389171
6.97681 0.266581
7.01131 0.673336
7.00507 0.759257
6.94479 0.145899
6.96796 0.231771
6.9349 1.11364
6.92383 1.14657
6.4717 1.80244
6.5376 1.74812
6.40242 1.84869
6.38339 1.85931
6.83481 1.35923
6.81668 1.39457
6.97609 0.961069
6.97299 0.975275
6.27585 -0.621708
6.25131 -0.625749
5.87736 -0.535253
5.95782 -0.586019
5.91664 1.90222
5.97495 1.92011
5.7213 1.75328
5.72215 1.75411
6.67648 -0.349704
6.75466 -0.251347
5.44919 0.957358
5.46519 1.09011
5.53302 1.39325
5.53562 1.40112
6.88795 1.24502
6.8454 1.33795
6.90663 0.0373829
6.83777 -0.110765
5.67095 -0.279688
5.63614 -0.213598
5.53758 0.0423855
5.52081 0.105204
5.45682 0.447831
5.45121 0.506206
6.99928 0.394287
7.01148 0.524751
6.50383 -0.512402
6.34897 -0.595753
6.06751 -0.626769
5.78513 -0.447594
6.32247 1.89013
6.12145 1.9386
5.89905 1.89307
5.7211 1.75306
6.52765 -0.49304
6.81075 -0.160307
6.5099 -0.507811
5.48116 1.1814
5.44184 0.816016
5.44116 0.718534
5.53178 1.38889
5.69706 -0.326585
6.99734 0.835658
6.99267 0.869433
5.61482 1.59006
6.62014 1.67111
6.69155 1.58548
6.74584 1.51242
6.80927 1.40812
6.90438 1.20436
6.94133 0.135049
5.58492 -0.0934672
5.51083 0.144662
5.47503 0.31429
5.44731 0.558722
6.32937 1.88779
6.97607 0.263174
7.01235 0.640312
6.95032 1.06171
6.33566 1.88504
6.97895 0.947489
6.98994 0.888386
6.56896 1.72147
6.95915 1.03133
