5.84188 2.2749
5.784 2.25264
6.54115 -0.849591
6.62703 -0.78091
7.12848 1.23994
7.12311 1.25657
5.22168 0.97594
5.22917 1.08576
5.47407 -0.50742
5.47183 -0.502345
5.92882 -0.987209
5.88262 -0.967601
6.11857 -1.01303
6.18315 -1.00466
7.11169 -0.0709347
7.12681 -0.0305347
5.22248 0.561063
5.22997 0.45738
7.22727 0.458313
7.21401 0.3364
6.19784 2.2818
6.29599 2.24828
6.41321 2.19189
6.46379 2.15983
6.31352 -0.972242
6.34704 -0.957128
5.98748 2.3051
5.9665 2.30184
6.78476 -0.626814
6.7907 -0.619987
6.50314 -0.873674
6.43596 -0.915319
6.93773 -0.421593
6.92947 -0.434943
5.24274 1.20672
5.23329 1.12726
7.19525 0.984735
7.19747 0.973901
7.2265 0.73977
7.22792 0.721463
5.57151 -0.680822
5.56458 -0.670654
5.33833 1.64386
5.35092 1.67939
5.28195 1.43063
5.27001 1.3707
5.50897 2.00643
5.53028 2.03414
5.41254 1.83674
5.40853 1.82821
5.63895 2.15445
5.58984 2.108
6.79224 1.86045
6.80234 1.84803
7.02264 1.49983
6.9988 1.54676
6.90665 1.70585
6.91658 1.69081
5.74459 -0.881202
5.69757 -0.836208
7.08204 -0.146532
7.04023 -0.237224
7.1645 0.0930711
7.19014 0.198668
5.39197 -0.309477
5.3954 -0.318707
5.28415 0.0882805
5.26749 0.172052
5.21634 0.792089
5.21678 0.837512
5.24823 0.292389
5.24517 0.313776
7.22837 0.481617
7.23161 0.583761
7.16757 1.10237
7.1539 1.15505
7.10387 1.31092
7.09355 1.33766
7.20154 0.950794
7.17614 1.07003
7.21212 0.877521
6.72458 1.93886
6.68593 1.97842
5.31902 -0.0697163
5.31862 -0.068117
6.55053 2.09775
6.57477 2.07859
6.75852 1.90124
6.64553 2.0179
6.61986 2.04144
6.50799 2.12998
6.51507 2.12554
6.82449 1.8194
6.84332 1.79516
5.34796 -0.169341
5.35536 -0.194811
7.22392 0.770027
7.21946 0.817798
7.21621 0.848498
5.30634 -0.0166626
5.30361 -0.00479101
5.21643 0.752766
5.21676 0.707208
5.7256 2.21958
5.88492 2.28883
6.79825 -0.610733
6.86199 -0.529309
6.66024 -0.75261
6.53635 -0.852812
5.22971 1.09287
5.22026 0.950291
5.47651 -0.512649
5.43368 -0.413685
5.62963 -0.759908
5.58395 -0.697877
5.30719 1.53915
5.30273 1.52063
5.45835 1.92315
5.49741 1.98975
6.97141 1.59742
6.92187 1.68225
5.83594 -0.945291
6.02246 -1.00982
6.21519 -1.00049
6.02363 -1.00995
7.12859 -0.0251636
7.08634 -0.136617
5.29946 0.0136326
5.22057 0.593702
5.23188 0.436315
7.21236 0.324745
7.22753 0.461468
6.00559 2.30501
6.092 2.30175
6.15657 2.28974
6.3049 2.24518
6.42694 -0.920622
6.30777 -0.973981
5.68497 2.19328
6.71136 -0.702868
6.91871 -0.451016
6.98952 -0.333392
5.21708 0.856891
5.24544 1.22543
5.3986 -0.326966
5.42091 -0.382992
5.52211 -0.596926
5.65497 -0.792081
5.37479 1.74513
5.31831 1.57951
5.26045 1.3197
5.56887 2.08373
5.41681 1.84495
7.06235 1.41536
6.85614 1.77765
7.06672 1.40565
5.77954 -0.907145
6.02302 -1.00993
7.02268 -0.271671
7.16136 0.0812746
7.1922 0.208892
5.36303 -0.219551
5.33658 -0.131461
5.26368 0.194199
5.21631 0.772371
5.24467 0.317785
5.21723 0.688172
7.23164 0.602382
7.22925 0.684315
7.07021 1.39796
6.59079 2.06563
6.52287 2.12019
6.35713 2.2211
7.13508 1.22101
6.41017 2.19346
6.41172 2.1927
