7.62603 0.0510347
7.62996 0.0675763
7.49196 -0.380447
7.4487 -0.48155
7.59473 1.25712
7.59399 1.26002
4.76481 1.31838
4.76816 1.35993
4.96919 -0.708197
4.98987 -0.77479
4.86003 -0.266884
4.84911 -0.211221
5.05312 -0.967078
5.05473 -0.971324
6.97483 2.42963
6.92747 2.48132
4.77338 0.30421
4.77774 0.260488
4.7473 0.78219
4.74636 0.808902
4.96128 2.32563
4.9704 2.35065
6.20372 -1.7716
6.22858 -1.76233
7.20238 -0.90746
7.19126 -0.923903
6.17123 3.00743
6.14685 3.01673
6.6244 -1.51809
6.57429 -1.55506
7.11701 2.25559
7.0925 2.28772
7.67841 0.455055
7.68148 0.537405
7.66514 0.87412
7.67134 0.815891
7.56941 -0.164343
7.54403 -0.241549
5.3281 2.90937
5.27551 2.86112
5.52557 3.02727
5.4692 3.00165
7.66801 0.318428
7.6574 0.228726
5.3314 -1.54177
5.29803 -1.49059
5.1812 -1.27594
5.20395 -1.32382
4.78837 1.555
4.79162 1.58069
4.7973 1.621
4.81392 1.72788
4.8492 1.91626
4.85671 1.95331
6.03351 -1.8307
6.02944 -1.83164
5.71561 -1.83739
5.66919 -1.8226
5.83601 -1.85446
5.85473 -1.8544
4.93261 -0.574336
4.95486 -0.657254
5.40747 -1.63796
5.40696 -1.63731
5.14234 2.69947
5.13805 2.6931
4.88751 2.08356
4.88308 2.06842
6.35348 2.92523
6.38692 2.90804
5.741 3.0765
5.7286 3.07572
5.93634 3.06897
5.9539 3.0654
6.42568 -1.65644
6.35863 -1.69513
6.82722 -1.34375
6.76535 -1.39999
7.29561 -0.765314
7.32321 -0.719821
7.68137 0.637908
7.6817 0.597259
7.4499 1.67701
7.4401 1.69985
6.55364 2.80533
6.5155 2.83041
6.89838 -1.27301
6.92765 -1.24317
7.48471 1.5926
7.50915 1.52825
4.74712 0.939429
4.74769 1.0136
5.1378 -1.18318
5.124 -1.1498
4.80986 0.00993862
4.80216 0.0608074
4.76258 0.428039
4.75797 0.487257
4.8399 -0.162363
4.8227 -0.0695557
7.44786 -0.483466
7.49987 -0.360851
7.61905 1.15432
7.6118 1.18533
6.90161 2.50894
6.83665 2.57286
6.98185 -1.18467
6.99845 -1.16634
7.36402 1.85937
7.36985 1.848
7.15333 2.20533
7.19236 2.14887
7.57136 1.34103
7.56937 1.34791
7.53256 -0.274155
7.58158 -0.123568
4.75654 1.20114
4.75327 1.13734
5.65529 -1.81856
5.61545 -1.80039
5.60068 -1.79337
4.76904 0.349945
4.7655 0.390989
4.75116 0.621959
4.75016 0.651842
4.74656 0.885813
5.00709 2.44181
4.9775 2.36784
6.72444 2.67474
6.72644 2.67313
7.65015 0.988593
7.64929 0.994184
4.89049 -0.407987
4.90608 -0.472951
7.29014 1.99427
7.27494 2.01995
4.7492 1.04018
4.74959 1.06786
4.76019 1.25849
5.98339 -1.84141
5.93681 -1.8489
5.74081 -1.84362
5.7996 -1.84993
4.87867 -0.354826
6.68445 2.70703
6.72278 2.67613
6.63972 2.74355
6.64901 2.73604
4.7797 0.242834
4.78491 0.195221
4.75415 0.55324
4.7558 0.521449
4.7494 0.680573
4.74698 0.755038
7.09824 -1.04718
7.11662 -1.02471
6.95011 -1.21997
7.67771 0.727408
7.68078 0.660044
7.3718 -0.633267
7.35877 -0.657755
5.50632 -1.73124
5.48215 -1.71266
5.37981 -1.60415
5.36249 -1.58227
5.0456 2.52883
6.30642 2.94974
6.267 2.96814
4.78772 1.54929
4.78069 1.48825
5.88462 -1.85341
5.92945 -1.84965
5.43862 -1.66998
5.46204 -1.69292
4.93817 2.2567
4.92606 2.21585
7.53478 1.45642
7.54074 1.43954
7.59414 -0.0798564
6.08204 -1.81697
6.0955 -1.81248
4.90919 -0.485256
7.63728 0.108523
7.62258 0.035369
5.42621 2.97859
5.36372 2.9368
5.26299 -1.43224
5.24841 -1.40853
4.76969 1.37812
4.76299 1.29577
4.83407 1.84132
4.82816 1.80912
5.0029 -0.815634
4.95987 -0.675324
5.08801 -1.05899
5.05088 -0.961016
6.60275 2.77051
6.99028 2.41224
6.90774 2.50253
5.09243 2.61661
5.0479 2.53383
6.25511 -1.74866
6.17454 -1.78351
7.15956 -0.966246
7.23138 -0.86577
6.1346 3.02037
6.25307 2.97467
5.9179 3.07117
5.83212 3.07798
6.52455 -1.59157
6.67248 -1.47915
7.24691 -0.842217
7.25432 -0.830921
7.32655 1.93089
7.32689 1.93026
7.1437 2.21912
7.08159 2.30138
7.68155 0.547103
7.6773 0.43122
6.41909 2.88962
6.44327 2.87635
7.65185 0.191393
5.23151 2.81525
5.59829 3.05168
5.62595 3.05911
5.20012 2.77739
7.67216 0.361839
5.23499 -1.385
5.35267 -1.57006
5.16258 -1.23753
4.77965 1.47853
4.79609 1.61309
4.78806 1.55241
4.82085 1.76713
4.87892 2.05227
4.91388 -0.503643
5.01442 -0.851444
5.55857 -1.76975
5.53069 -1.74925
5.02114 -0.87356
5.11614 -1.13003
4.88174 2.06369
4.78648 0.181718
4.80093 0.0693223
5.1496 2.7092
6.32771 -1.71326
7.04805 -1.10929
7.07239 -1.07983
6.32749 2.93919
6.0772 3.03789
5.69841 3.07085
6.04131 3.04751
5.64146 3.06199
6.72526 -1.43579
6.47011 -1.62732
6.85357 -1.318
7.34252 -0.686307
7.68126 0.646362
7.41193 1.76173
7.47578 1.61519
6.46797 2.86163
7.13027 -1.00671
4.82062 -0.0573515
7.62792 1.11156
7.59573 1.25344
7.58687 1.28594
7.63237 1.08685
7.63743 1.06217
6.81374 2.59486
6.76228 2.64106
7.03862 2.3546
7.40037 1.78634
7.32464 1.93427
7.21682 2.11182
7.23919 2.07745
7.5456 1.42459
7.65116 0.981694
7.66197 0.903245
7.67136 0.815656
7.39892 -0.581959
7.38756 -0.604237
7.25324 2.05561
5.9337 -1.84935
5.47057 -1.70159
7.60198 -0.0505313
5.40831 -1.63899
6.1306 -1.8013
6.03764 -1.82948
5.04661 2.53119
7.44386 -0.491642
5.59741 -1.79149
7.02757 -1.13342
5.64824 -1.81595
