7.51305 -0.40019
7.48099 -0.475107
5.32441 2.96989
5.41904 3.03312
4.73693 1.33461
4.73896 1.35979
5.80632 -1.90847
5.82739 -1.90952
4.83316 -0.282101
4.81515 -0.190381
4.74661 0.288693
4.74938 0.26095
4.71772 0.782672
4.71739 0.792105
6.61904 -1.56535
6.60643 -1.57465
7.70549 0.465212
7.70757 0.521009
7.69388 0.856055
7.69713 0.825564
7.59147 -0.185001
7.57491 -0.235389
5.2781 2.92795
5.23379 2.8873
5.52232 3.08047
5.44163 3.04379
7.69263 0.295379
7.68602 0.23946
5.28692 -1.55256
5.25944 -1.51042
5.13946 -1.27812
5.16956 -1.3415
4.76091 1.57099
4.76665 1.61645
4.81208 1.8932
4.82767 1.97021
6.02541 -1.88247
5.9773 -1.89357
5.67232 -1.88575
5.63898 -1.87513
4.905 -0.589586
4.91614 -0.631123
4.96316 -0.797988
4.96057 -0.789098
5.47241 -1.77489
5.5075 -1.80068
5.3637 -1.66046
5.34272 -1.63388
5.00398 -0.925043
5.02379 -0.983275
5.10648 2.72197
5.13304 2.76269
6.39279 2.94603
6.40287 2.94084
6.10216 3.07353
6.1595 3.05379
5.93363 3.11342
6.01382 3.0971
5.68442 3.11974
5.74622 3.12404
6.42033 -1.70348
6.39567 -1.71772
6.82173 -1.39207
6.79389 -1.41739
7.3149 -0.788038
7.35952 -0.714484
7.21588 -0.939935
7.21774 -0.937271
7.48031 1.67415
7.46058 1.72011
6.55039 2.84918
6.54752 2.85107
7.51457 1.58979
7.53008 1.54895
4.71787 0.922477
4.7187 1.03046
5.12348 -1.24003
5.09281 -1.16583
4.79063 -0.0498614
4.7761 0.0460564
4.73542 0.412294
4.72817 0.505565
4.81276 -0.177723
4.80606 -0.141554
7.46873 -0.50301
7.53147 -0.354546
6.89817 2.55546
6.86313 2.58994
7.00018 2.44599
7.03446 2.4058
6.99377 -1.21561
7.02419 -1.18203
7.38197 1.88352
7.39944 1.84942
7.30495 2.02377
7.31077 2.01382
7.19723 2.19187
7.21628 2.16431
7.08661 2.34257
7.11685 2.30344
7.59928 1.3384
7.5905 1.36881
7.64239 1.17206
7.6409 1.17876
7.67529 0.999115
7.68698 0.918031
7.55416 -0.294375
7.6116 -0.117578
7.42641 -0.58953
7.42265 -0.597237
4.72634 1.1824
4.72489 1.15387
5.57905 -1.84641
5.56092 -1.83778
4.73905 0.368363
4.73706 0.391452
4.72186 0.639953
4.72145 0.652309
4.71768 0.903554
4.97435 2.46235
4.95494 2.41381
4.92985 2.34211
4.93897 2.37038
4.71926 1.04021
4.7194 1.05036
4.73223 1.27476
5.73191 -1.90049
4.87133 -0.456267
4.84407 -0.333589
6.71349 2.72578
6.72312 2.71802
6.63642 2.78814
6.70537 2.73243
4.75311 0.227417
4.75658 0.195682
4.72634 0.537118
4.72713 0.521915
4.72113 0.664189
4.71761 0.773082
7.12392 -1.06284
7.12895 -1.05669
6.95436 -1.25945
7.70475 0.723066
7.7041 0.737307
7.39103 -0.655932
7.36467 -0.705493
5.33657 -1.62637
5.32685 -1.61409
4.99064 2.49915
6.09132 3.07738
6.07241 3.08297
6.30382 2.99237
6.28342 3.0019
7.63103 -0.0465094
7.6532 0.045824
4.75616 1.5297
4.75137 1.48811
4.7848 1.74479
4.78485 1.74511
6.07825 -1.86676
6.07386 -1.86822
5.87612 -1.90771
5.88482 -1.90698
4.90764 2.27586
4.88295 2.19257
6.14314 -1.84324
6.22311 -1.81055
7.54634 1.50336
7.56159 1.46016
7.62474 -0.0718391
4.99232 -0.889475
4.98491 -0.86647
5.39833 -1.70279
5.38708 -1.68892
7.6659 0.114234
7.65744 0.0668862
5.42275 3.03526
5.31852 2.96516
5.19376 -1.38918
5.21249 -1.42699
4.74186 1.39432
4.7338 1.29564
4.80502 1.85823
4.79598 1.80897
4.93257 -0.690398
4.95984 -0.786572
5.05714 -1.07604
5.04514 -1.04441
6.63344 2.79032
6.98664 2.46138
6.93313 2.51892
5.05707 2.6388
5.04233 2.61138
6.28702 -1.77794
6.25269 -1.79564
7.17209 -0.998753
7.21236 -0.944965
6.25047 3.01734
6.18125 3.04506
5.84947 3.12348
5.82925 3.12508
6.5192 -1.63868
6.70271 -1.49757
7.26578 -0.864448
7.29133 -0.825481
7.34418 1.95462
7.35674 1.9317
7.12916 2.28679
7.16746 2.23445
7.62221 1.2551
7.6171 1.27516
7.7078 0.556951
7.70315 0.414973
6.45717 2.90977
6.4609 2.90772
7.67556 0.169193
5.22752 2.88076
5.54192 3.08705
5.62292 3.10881
5.16176 2.80146
7.69999 0.372277
5.23652 -1.47225
5.31143 -1.59126
5.12936 -1.2546
4.74829 1.45905
4.76826 1.62929
4.75866 1.55228
4.7848 1.74475
4.84441 2.04479
4.8837 -0.509199
4.97997 -0.850197
4.87861 -0.488217
5.44042 -1.74443
5.549 -1.83096
5.06623 -1.09899
4.75999 0.166364
4.77003 0.0883023
5.07505 2.66895
6.32232 -1.76074
4.85279 2.08182
4.849 2.06558
7.4176 -0.607017
6.34365 2.97241
6.0957 3.07593
5.80001 3.12461
6.03859 3.09204
5.66834 3.11724
6.71984 -1.48349
6.50454 -1.64831
6.88064 -1.3345
7.36231 -0.709629
7.70802 0.629538
7.44296 1.75881
7.49644 1.63562
4.87644 -0.47892
6.46472 2.90544
7.15529 -1.02197
6.93593 -1.27899
4.87196 2.15486
4.79415 -0.0723381
7.64995 1.13717
7.65875 1.09476
7.65999 1.08787
7.6614 1.08098
6.81036 2.64063
6.78997 2.65893
7.06379 2.37084
7.11064 -1.07961
7.08452 -1.11131
7.41856 1.81081
7.27691 2.07083
7.25958 2.0987
7.26329 2.09301
7.57404 1.42191
7.66528 1.05875
7.68769 0.912895
7.70336 0.747638
6.77445 2.67281
7.26562 2.08939
5.92535 -1.9027
5.9732 -1.89446
5.42182 -1.72664
5.86302 -1.90815
6.12495 -1.85098
5.01333 2.55207
7.07015 -1.12861
7.03959 -1.16462
7.70784 0.647839
