5.87219 2.48247
5.97366 2.49062
6.18459 2.46069
6.23112 2.44443
7.00188 -0.544735
7.01776 -0.520432
7.2429 1.24416
7.24842 1.22698
7.32858 0.819858
7.32521 0.855347
5.16975 1.50312
5.18768 1.58621
5.48725 2.25246
5.5162 2.28237
7.28841 0.129544
7.28354 0.108233
5.17693 0.0279092
5.17078 0.059267
5.10347 0.731261
5.10383 0.709879
5.1382 0.252994
5.1382 0.253007
6.78164 2.06518
6.73792 2.11057
5.76763 2.45438
5.86376 2.48052
6.39993 2.37113
6.43101 2.35253
6.74023 -0.863278
6.72598 -0.876722
6.89972 -0.685622
6.88194 -0.708324
5.11709 1.14038
5.11793 1.15264
7.31216 0.948767
7.3072 0.977944
5.28249 -0.381136
5.27987 -0.372788
5.37099 -0.612294
5.35467 -0.573348
5.4407 -0.753057
5.42292 -0.718241
5.54435 -0.918181
5.54726 -0.922298
5.22195 1.71906
5.2094 1.67484
5.13219 1.27773
5.13439 1.29329
6.29709 -1.15902
6.35075 -1.13539
6.10467 -1.20571
6.11908 -1.20319
5.28998 1.91593
5.28458 1.90146
5.37563 2.09258
5.38543 2.1097
5.63799 2.38707
5.57103 2.33721
6.55604 -1.01666
6.49875 -1.05671
6.99654 1.78417
7.0063 1.76827
7.10337 1.59408
7.14817 1.50095
5.72924 -1.10429
5.68301 -1.06668
5.91473 -1.19189
5.89405 -1.18518
7.11277 -0.352818
7.12826 -0.322461
7.22021 -0.105864
7.21625 -0.117129
5.20968 -0.12621
5.21086 -0.13068
5.11358 0.499185
5.1114 0.530593
7.3278 0.358229
7.32915 0.37029
6.67089 2.17541
6.66184 2.18337
6.81527 2.02787
6.82659 2.0145
7.34051 0.609365
7.34071 0.591504
7.29754 1.02605
7.29437 1.04368
6.5515 2.27266
6.59124 2.24309
7.32172 0.881561
7.31992 0.896618
7.30507 0.990779
5.26269 -0.316867
5.10471 0.926271
5.1043 0.905324
6.59326 2.24151
6.59552 2.23984
7.27802 1.1167
7.28086 1.10564
6.89909 1.92442
6.90527 1.91642
7.3336 0.762895
7.33535 0.741613
6.50931 2.30331
6.45913 2.3346
5.19291 -0.0512944
5.1963 -0.0673569
5.10271 0.818243
5.10307 0.862026
5.10906 1.0172
5.29957 -0.429722
5.30296 -0.439118
5.25213 -0.281862
5.24475 -0.255821
6.06798 2.4849
5.86993 2.4822
6.08529 2.48251
6.29172 2.42315
7.02964 -0.501013
6.95179 -0.616254
5.31728 -0.477963
5.34149 -0.540333
5.49032 -0.836837
5.45796 -0.78513
5.19358 1.61256
5.15738 1.43766
6.20011 -1.18914
6.2423 -1.17607
5.33078 2.00556
5.36548 2.07307
5.55644 2.32375
5.47683 2.24049
6.6434 -0.949924
6.61723 -0.971895
7.08345 1.63271
7.06522 1.66682
5.8213 -1.15814
5.77523 -1.13253
7.18687 -0.19296
7.17507 -0.222524
7.30889 0.228949
7.25825 0.0130012
5.16168 0.106627
5.18354 -0.00404492
5.10482 0.665174
5.10324 0.775045
5.13821 0.252926
5.12418 0.375116
7.33984 0.493958
7.33989 0.494541
5.74386 2.44417
6.07851 2.48398
5.66748 2.40648
6.86679 -0.726649
6.80577 -0.794273
6.69221 -0.90702
7.07751 -0.418578
7.15171 1.49312
7.1847 1.41368
5.39669 -0.666182
5.53989 -0.911507
5.60823 -0.994082
5.63875 -1.02763
5.14917 1.39159
5.22902 1.74105
5.2556 1.82214
5.12364 1.20764
6.39561 -1.11539
6.0758 -1.20658
5.29766 1.93468
5.42842 2.17447
6.461 -1.07872
6.97793 1.81274
6.93696 1.87201
7.05155 1.69099
6.00947 -1.20679
5.94693 -1.19685
7.17289 -0.227457
7.25249 -0.0069607
7.31143 0.243987
5.15701 0.13359
5.10545 0.644688
5.12237 0.3933
5.10635 0.625172
5.12326 0.383658
7.33989 0.494606
6.63206 2.20845
6.68253 2.16548
7.33762 0.688309
7.21902 1.31901
7.21221 1.33802
7.27476 1.13139
7.2609 1.18151
7.28742 1.07413
5.22392 -0.181045
5.23291 -0.215139
6.70748 2.14092
6.91036 1.9096
6.86489 1.96827
7.3362 0.72903
5.10268 0.797011
5.10339 0.883675
6.32196 2.40954
5.28676 -0.394405
6.92688 1.88613
5.11852 1.16173
7.23854 1.25868
6.35343 2.39392
6.37744 2.38272
7.18704 1.40802
5.21118 -0.132049
5.19861 -0.0778752
6.83256 2.0075
5.23756 -0.231894
