4.76255 -1.56985
4.76829 -1.59062
5.28836 -2.67807
5.24797 -2.65058
5.43194 -2.71974
5.46823 -2.72162
5.88462 -2.59232
5.89352 -2.58819
8.022 0.174135
8.02782 0.219098
4.58662 -0.895129
4.59597 -0.933335
4.36926 1.35812
4.36903 1.35526
4.3575 0.923196
4.35771 0.977134
4.35791 0.850134
4.35774 0.840709
4.494 -0.47411
4.50994 -0.551895
4.37314 0.426039
4.37076 0.462564
5.59593 3.73076
5.51046 3.7316
4.43696 2.06135
4.43917 2.08071
5.36127 3.71346
5.3682 3.71466
7.33762 -1.37403
7.34676 -1.36271
6.85752 -1.8886
6.84173 -1.90365
7.01967 -1.73147
7.03303 -1.71842
6.40892 -2.25901
6.43549 -2.23854
5.60402 -2.70168
5.56584 -2.71062
4.81561 -1.74823
4.79642 -1.68375
7.94258 -0.212436
7.95722 -0.159115
7.88504 -0.394495
7.86769 -0.443581
5.16665 3.64759
5.17007 3.64937
4.92848 3.47069
4.93431 3.47635
8.03635 0.307093
8.0327 0.261351
8.00096 0.0386652
7.99617 0.0112209
7.97228 -0.0996719
7.97472 -0.0889018
6.83533 3.14135
6.83916 3.13808
6.6195 3.31217
6.62318 3.30963
4.42351 1.96101
4.42015 1.93409
4.45433 2.17695
4.45761 2.19867
7.67688 -0.861441
7.66237 -0.888115
7.79131 -0.628661
7.77336 -0.668744
6.06092 3.62457
5.96191 3.65962
6.41216 3.44953
6.37151 3.47242
6.18887 3.56921
6.08253 3.6159
7.12704 2.86027
7.09443 2.89562
7.00797 2.98266
7.01494 2.97606
7.42368 -1.26041
7.45348 -1.2199
7.55408 -1.06987
7.54003 -1.09184
6.68131 -2.04294
6.64653 -2.07294
8.03891 0.772036
8.04099 0.746694
6.0389 -2.50716
6.05465 -2.49736
4.71322 -1.38883
4.72833 -1.4439
4.73374 3.18441
4.72694 3.17065
5.43428 3.72534
5.51008 3.73157
4.62743 -1.06079
4.6217 -1.03764
4.36195 0.651108
4.36412 0.592974
4.77116 3.25367
4.80477 3.30888
4.36123 1.16023
4.35969 1.10413
6.22779 -2.38686
6.2408 -2.37836
4.66438 -1.20746
4.66391 -1.20558
5.37029 -2.71075
5.34143 -2.70117
5.21951 -2.62759
5.50656 -2.71865
5.47649 -2.72126
5.01908 -2.31643
5.01203 -2.3025
5.16544 -2.57063
5.16122 -2.5645
5.09576 -2.46962
5.10895 -2.48995
5.07467 -2.43305
5.05175 -2.38507
4.37281 1.42137
4.37194 1.40721
4.3812 1.54166
4.37718 1.48639
5.77499 3.70886
5.7966 3.70401
4.52884 -0.641975
4.47406 -0.369476
4.47151 -0.355872
4.37521 0.39606
4.38022 0.332108
4.47652 2.31593
4.47657 2.31632
4.42615 -0.0770239
4.43647 -0.146217
4.39297 0.194382
4.40406 0.0926558
6.30096 3.5129
6.23399 3.54638
7.69891 2.01544
7.69507 2.02344
7.7868 1.82003
7.78468 1.82515
4.54852 2.65611
4.53975 2.61958
4.50524 2.45832
4.49678 2.41793
4.57811 2.76698
4.56826 2.731
7.21074 2.76612
7.2351 2.73758
8.01557 0.990002
8.01515 0.992927
7.97045 1.23829
7.9639 1.2675
7.44138 2.46352
7.39378 2.53187
7.31431 2.63901
7.25768 2.71013
6.77099 -1.96608
6.93795 -1.8134
7.09663 -1.65209
6.95581 -1.7957
7.52949 2.32589
7.5081 2.36063
7.60921 2.18929
7.60515 2.19664
4.86861 -1.91882
4.85847 -1.88603
4.92208 -2.07455
4.90474 -2.02535
4.95896 -2.17468
4.9555 -2.16506
7.91052 1.4714
7.91646 1.45129
7.85651 1.63876
7.85831 1.63368
6.46186 -2.21787
6.53589 -2.16211
6.37057 -2.28612
5.66877 -2.68418
5.6556 -2.68795
7.92327 -0.276378
7.93979 -0.222471
7.90532 -0.334507
7.8584 -0.46757
7.84039 -0.513893
4.86735 3.3978
4.8208 3.33419
6.73316 3.22621
6.78343 3.18477
6.88238 3.09992
6.88969 3.09331
6.68751 3.2613
6.6774 3.26896
6.52256 3.37975
5.84831 3.69233
5.90259 3.67636
4.41327 1.88064
4.41569 1.90115
4.42829 1.99772
4.47643 2.31547
6.07594 3.61885
6.49821 3.39503
6.45283 3.42393
6.20874 3.55922
7.07411 2.91633
6.9697 3.01966
6.58838 -2.11915
6.74454 -1.98998
6.94085 -1.81048
7.12729 -1.62013
8.04398 0.683065
8.03224 0.85736
6.56274 -2.14021
4.69973 3.11236
4.73828 3.19267
5.0627 3.58603
5.06576 3.58839
8.04638 0.47728
8.04726 0.502552
4.39469 1.69977
4.39873 1.74302
4.38277 1.56085
4.38707 1.6147
4.59622 2.82724
4.60261 2.84935
4.64823 2.98362
4.64307 2.97084
7.24248 -1.49003
7.24702 -1.48482
4.56107 -0.787216
6.13611 -2.4471
6.12786 -2.45256
4.84062 -1.82968
4.83319 -1.8048
4.35995 0.723132
4.35952 0.731518
5.67721 3.72348
5.64074 3.72687
4.53732 -0.681432
4.55879 -0.777596
4.68065 3.06535
4.66695 3.03283
4.69245 3.0947
5.35586 3.71211
5.29129 3.69605
7.17228 2.81023
7.19794 2.78125
7.19089 -1.54914
7.20145 -1.53725
7.15512 -1.58916
8.04576 0.634883
5.70013 -2.67287
5.72214 -2.66393
4.92101 3.46247
4.81159 3.32046
4.99561 3.53244
5.01546 3.55077
6.93953 3.04835
4.36366 1.23113
4.36369 1.23709
4.43362 2.03929
8.03198 0.860308
4.6887 -1.29821
4.66602 -1.21394
4.78876 -1.65926
4.76073 -1.56314
5.85772 -2.60488
5.96913 -2.54676
8.03035 0.241055
8.01683 0.134044
4.36802 1.29462
4.36933 1.36081
4.35779 0.986527
4.35753 0.913635
4.36007 0.786632
4.35767 0.8596
4.37682 1.48162
4.37287 1.42224
4.37511 0.397342
4.37068 0.464099
5.51037 3.73159
5.61941 3.72926
4.40795 0.0596648
4.41912 -0.0274331
7.73739 -0.744394
7.71953 -0.780395
7.74472 1.91756
7.74102 1.92584
4.53607 2.60243
4.5175 2.51923
7.99506 1.11617
7.99287 1.12811
7.37855 2.55339
7.32805 2.62111
7.5042 -1.14538
7.46449 -1.20392
7.38132 -1.31712
7.29448 -1.42814
7.56986 2.25827
7.55792 2.2787
7.88475 1.55496
7.88846 1.54355
5.79647 -2.63373
5.7761 -2.64348
5.56176 -2.71098
5.61084 -2.70063
4.73758 -1.47955
5.21521 3.66906
5.13244 3.62936
5.24487 3.68006
6.01938 -2.51913
5.98923 -2.53624
8.04016 0.352601
7.98742 -0.030202
8.00693 0.0732693
7.97061 -0.107023
7.60986 -0.979787
7.82392 -0.553247
7.60235 -0.992464
7.58519 -1.02059
7.40072 -1.29201
8.04737 0.55857
6.0875 -2.47756
4.69597 -1.32468
5.11497 3.61984
5.11649 3.62083
5.41269 3.72216
4.61375 -1.00563
4.63743 -1.10068
4.38843 1.63012
4.39262 1.67886
4.36436 0.587464
4.36173 0.658163
4.62119 2.90871
4.62706 2.92628
7.29159 -1.43172
7.28757 -1.43654
4.35952 1.09575
4.36146 1.16763
4.64124 -1.11587
5.52057 -2.71763
4.98471 -2.23881
5.04326 -2.3692
5.19791 -2.60559
5.11756 -2.50524
5.08513 -2.45012
4.35839 1.04063
4.38189 1.55054
4.4553 -0.26417
4.48125 -0.408642
4.38061 0.327487
4.36709 0.527775
4.44707 -0.215385
4.39096 0.213849
7.64992 2.11362
7.81874 1.74038
7.64734 2.11865
4.56464 2.71827
4.47699 2.31865
4.58499 2.79019
7.24888 2.72104
8.03188 0.861236
7.94211 1.35671
7.45545 2.44243
7.29198 -1.43123
7.48807 2.3921
7.63316 2.14524
4.84724 -1.85289
4.88118 -1.95565
4.93503 -2.11291
4.9832 -2.23512
4.98339 -2.23565
7.93378 1.38807
7.82612 1.72179
5.64457 -2.69043
6.72936 3.22934
6.9331 3.05448
4.41599 1.90355
4.40862 1.84082
6.33051 -2.31563
6.28208 -2.35019
5.0175 3.55257
4.60617 -0.974591
4.40145 1.76972
4.36002 0.715033
4.61993 2.90446
7.82575 1.72279
4.36333 1.22495
6.1423 -2.44298
5.7208 3.71779
8.04302 0.39385
5.73476 3.71623
5.1734 -2.57956
4.89019 -1.98442
5.74452 -2.65618
6.83157 3.14465
8.04705 0.593345
6.18475 -2.41554
5.13583 -2.52911
4.92942 -2.09514
6.34549 -2.30516
6.62632 3.30741
4.40528 1.80685
4.40815 1.83629
6.9364 3.05133
6.73122 3.22781
