6.43565 1.08137
6.47868 1.01591
5.98389 0.255629
5.98298 0.257486
6.55579 0.814209
6.57032 0.754801
6.51517 0.330037
6.47254 0.25294
6.39354 1.13426
6.31635 1.18419
5.96094 1.04273
5.92602 0.961851
6.13038 1.21494
6.13632 1.21799
5.88377 0.643401
5.88244 0.676278
6.13867 0.112353
6.07944 0.143977
6.27166 0.0928651
6.2898 0.0948069
6.57772 0.596183
6.56554 0.478714
6.53206 0.917123
6.41451 1.10973
6.01943 1.14031
6.01471 1.13607
5.8897 0.81079
5.88726 0.787798
6.5742 0.709436
6.53258 0.915721
6.40714 0.164747
6.45228 0.21903
6.53013 0.359502
6.53244 0.916163
6.2628 1.21379
5.9171 0.938736
6.06685 1.17244
6.14689 1.21804
5.90254 0.88748
5.89068 0.827121
6.56396 0.473085
6.579 0.610444
5.90007 0.509681
5.91008 0.446395
5.94472 0.34978
5.98476 0.253995
6.04924 0.176901
6.18133 0.0926137
6.39722 0.156485
5.91495 0.431497
5.88252 0.707512
5.88753 0.582142
5.89115 0.550869
6.40182 0.159463
