4.68233 -1.19479
4.68799 -1.21555
5.32161 -2.6328
5.2793 -2.60399
5.42696 -2.66532
5.44439 -2.66622
5.8623 -2.56691
5.92231 -2.53901
5.23126 -2.56853
5.19367 -2.53219
5.09988 -2.39873
5.10422 -2.4051
8.00399 0.167378
8.00675 0.188709
4.60372 -0.883057
4.61958 -0.947821
4.51139 -0.464261
4.54291 -0.617999
5.61291 3.69975
5.60716 3.69981
4.45642 2.06155
4.45732 2.0694
4.55387 2.58164
4.55999 2.60696
7.33448 2.58271
7.3076 2.61869
7.44175 -1.20607
7.4435 -1.20359
7.31127 -1.37791
7.33486 -1.34868
6.99708 -1.72698
7.02778 -1.69698
6.40952 -2.23135
6.4218 -2.22189
5.57006 -2.66302
5.56166 -2.66498
4.78191 -1.55618
4.7668 -1.50519
4.83586 -1.73395
4.82435 -1.69531
7.86535 -0.398423
7.85394 -0.43071
4.87289 3.35096
4.84037 3.30762
5.1652 3.60757
5.19092 3.62086
4.94846 3.44337
4.97132 3.46557
6.00601 -2.49379
6.03928 -2.47508
8.01879 0.300506
8.01685 0.276188
7.98247 0.0317284
7.98132 0.0251214
6.82256 3.12633
6.8164 3.13162
6.59301 3.30465
6.60936 3.29337
4.44176 1.94963
4.43985 1.9343
4.4767 2.19084
4.47604 2.18719
7.65513 -0.865779
7.65056 -0.874193
7.77075 -0.632762
7.7611 -0.654308
5.95859 3.63311
6.04286 3.60328
6.40915 3.42551
6.34232 3.46314
6.13769 3.5659
6.18581 3.54477
7.14312 2.81509
7.08769 2.87518
6.98628 2.97651
7.00823 2.95573
7.39921 -1.264
7.4374 -1.21209
7.54199 -1.05562
7.51663 -1.09528
6.65659 -2.03803
6.64123 -2.05127
6.83486 -1.8841
6.83658 -1.88261
8.03008 0.569969
8.03011 0.58699
8.02275 0.765973
8.02343 0.757734
4.73143 -1.37597
4.75285 -1.45405
4.90803 -1.95465
4.90905 -1.9573
4.75653 3.16576
4.72442 3.10073
5.4513 3.69426
5.50765 3.69889
5.73427 -2.62032
5.74106 -2.61841
4.64452 -1.04873
4.64161 -1.03698
7.72939 1.91018
7.7253 1.91939
4.79419 3.23482
4.81867 3.27504
6.12095 -2.42567
6.15594 -2.40458
6.20778 -2.37063
6.2686 -2.33087
5.40591 -2.66225
5.33572 -2.63894
5.25025 -2.58574
5.00066 -2.19273
4.98638 -2.161
5.0794 -2.36101
5.04603 -2.29502
5.1446 -2.46843
5.16849 -2.49845
4.37549 0.912725
4.37565 0.850113
4.37648 1.03915
4.37576 0.977113
4.39117 1.41068
4.38795 1.35818
4.39958 1.53096
4.39635 1.48648
4.48627 -0.333805
4.49284 -0.368957
4.55076 -0.65543
4.39495 0.383934
4.39904 0.331802
4.38605 0.519914
4.38948 0.462259
4.44678 -0.0896962
4.45376 -0.136434
4.41305 0.182044
4.42172 0.102649
6.29791 3.48862
6.20245 3.53635
4.53059 2.47409
4.51629 2.40578
4.59917 2.75386
4.59272 2.7303
7.20396 2.74556
7.23674 2.70716
8.00023 0.974831
7.99594 1.00501
7.95606 1.22405
7.94344 1.28036
7.4345 2.44266
7.37306 2.53087
6.74743 -1.9614
6.82057 -1.89686
7.07495 -1.64779
6.93266 -1.79177
7.51823 2.31075
7.4881 2.35967
7.59766 2.17374
7.5855 2.19569
4.88608 -1.89045
4.88543 -1.88837
7.89211 1.47313
7.90261 1.43759
7.83749 1.64055
7.84471 1.62023
6.43399 -2.21233
6.53647 -2.13513
6.35641 -2.2689
5.69029 -2.63571
5.65182 -2.64671
7.94113 -0.15157
7.95318 -0.104675
7.90411 -0.280201
7.91809 -0.234579
7.89137 -0.32145
7.82957 -0.493631
7.82012 -0.517938
4.90018 3.38825
6.91761 3.04213
6.87342 3.08169
6.77757 3.16389
6.76309 3.1756
6.70849 3.21921
6.66384 3.253
6.51957 3.35585
5.84386 3.66563
5.85685 3.66181
4.4293 1.84942
4.43405 1.8897
4.44805 1.99792
4.47281 2.16777
4.49605 2.30418
6.0727 3.59298
6.47095 3.38636
6.43836 3.40712
6.19314 3.54108
7.05315 2.91038
6.92774 3.03312
6.56233 -2.11398
6.73934 -1.96872
6.91755 -1.80586
7.12205 -1.59869
8.02723 0.676781
8.02058 0.793712
6.5497 -2.12435
4.72152 3.09452
4.77798 3.20476
8.02837 0.451302
8.02993 0.49605
4.41527 1.71255
4.41812 1.7431
4.40306 1.57346
4.40636 1.61479
4.37978 0.661442
4.37782 0.723052
4.38526 0.534533
4.38247 0.592675
4.62697 2.84637
4.62762 2.84864
7.7786 1.7949
7.76763 1.82183
7.68795 1.99884
7.67909 2.01731
4.68567 3.00692
4.6703 2.96886
7.21464 -1.49412
7.23171 -1.47451
4.58443 -0.801551
4.37982 1.17101
4.3819 1.23111
4.37654 1.04211
4.37788 1.10411
4.86289 -1.82114
4.86152 -1.81652
5.67234 3.69425
5.61591 3.69949
4.55429 -0.671825
4.56321 -0.711785
4.71949 3.08952
4.69476 3.03081
4.72075 3.09265
5.30796 3.6656
5.31825 3.66816
7.16566 2.79016
7.17844 2.77572
7.16273 -1.55328
7.18613 -1.52693
7.13985 -1.57888
4.93043 -2.01724
4.93367 -2.02546
8.02838 0.645811
4.91916 3.41112
5.11642 3.58002
5.08607 3.56062
5.78705 3.67734
5.74881 3.68391
4.45507 2.05261
8.01527 0.854037
4.7068 -1.28544
4.66452 -1.12832
4.80869 -1.6452
4.78752 -1.57424
4.95296 -2.07958
4.9587 -2.09352
5.03746 -2.27506
5.01527 -2.22822
5.05659 3.53879
5.01825 3.50851
5.80484 -2.59372
5.94932 -2.52421
8.01199 0.234168
8.00154 0.148358
4.38647 1.2946
4.3874 1.3503
4.37575 0.976075
4.37549 0.913613
4.37835 0.78661
4.37565 0.849132
4.39517 1.47094
4.39194 1.42233
4.39015 0.452142
4.39392 0.397036
5.52759 3.70014
5.61448 3.69965
4.42825 0.0471971
4.43655 -0.0175621
7.71627 -0.748607
7.70752 -0.766243
4.56331 2.61938
4.5372 2.50695
7.9802 1.10148
7.97305 1.14057
7.30652 2.62008
7.37173 2.53274
7.49241 -1.13148
7.4408 -1.2074
7.35596 -1.32085
7.2795 -1.41774
7.55845 2.24293
7.53811 2.27774
7.86604 1.55672
7.87474 1.52998
5.69593 -2.63408
5.5242 -2.66821
5.60688 -2.65736
4.75608 -1.4665
5.21384 3.63087
5.13713 3.5926
5.30181 3.66348
5.9889 -2.5035
6.04805 -2.47016
5.77198 -2.60584
8.02082 0.324699
7.96811 -0.0374458
7.98391 0.0400591
7.95601 -0.0933544
7.61434 -0.937423
7.81147 -0.538588
7.5905 -0.978501
7.38895 -1.27813
7.58724 -0.983931
8.02993 0.595648
6.08818 -2.44597
4.72035 -1.33477
5.40978 3.68814
5.69656 -2.63394
4.63082 -0.993576
4.65737 -1.10002
4.40883 1.64279
4.41194 1.67894
4.38225 0.597834
4.3799 0.657868
4.64798 2.90772
4.62994 2.85601
4.37794 1.10642
4.3797 1.16761
4.65832 -1.10381
5.50596 -2.67025
5.51615 -2.66951
4.96699 -2.11273
5.07952 -2.36123
5.12672 -2.44098
4.37649 1.04061
4.40112 1.55063
4.47226 -0.254569
4.40041 0.315322
4.38555 0.527474
4.4678 -0.228116
4.40874 0.223915
4.58558 2.70522
4.50137 2.33099
4.60973 2.78948
7.24213 2.70056
8.01313 0.873023
7.92816 1.34291
7.4353 2.44146
7.2647 -1.43524
7.63582 2.10315
7.63039 2.11352
7.47697 2.37717
4.86412 -1.82545
4.89537 -1.91769
7.91572 1.38977
7.81264 1.70846
5.6137 -2.65529
7.93818 -0.162913
6.7264 3.20572
4.42685 1.82946
4.43748 1.9169
6.29927 -2.30943
6.28271 -2.32125
4.62603 -0.973932
4.42214 1.78257
4.37774 0.725307
4.655 2.92628
4.49825 2.31534
7.80664 1.72459
7.73366 1.90058
7.64169 2.09182
4.38205 1.2358
5.69658 3.69109
5.37806 3.68279
8.02667 0.409154
5.82631 3.6696
5.72996 3.68736
5.47175 -2.66958
6.71791 3.21215
6.82864 3.12124
6.1854 -2.38554
5.18387 -2.51855
6.34611 -2.27671
6.62332 3.28351
4.42466 1.80705
7.92549 -0.209085
