7.63965 -0.230101
7.64227 -0.22195
7.55965 -0.443821
7.55236 -0.460868
5.31664 3.09729
5.31671 3.09733
7.7459 0.245512
7.74805 0.26273
4.66316 1.14476
4.65928 1.06505
5.13115 -1.45568
5.09691 -1.37884
5.0454 -1.25524
5.02514 -1.20061
4.73347 1.83729
4.73947 1.87284
6.06525 -1.97428
6.00775 -1.99541
5.37643 -1.8428
5.33306 -1.79137
4.66213 0.629984
4.6656 0.543993
7.07921 -1.21556
7.1106 -1.17895
6.65774 2.85755
6.71316 2.81391
6.42732 -1.79223
6.40885 -1.80466
6.81015 -1.49518
6.81001 -1.49532
7.35626 -0.836782
7.32352 -0.889103
7.42153 1.93675
7.41524 1.94848
7.70258 -0.000406003
7.70528 0.0116013
5.51548 3.19272
5.56257 3.20512
5.12329 2.91186
5.14761 2.94137
5.14304 -1.48207
5.17902 -1.55176
4.67005 1.27895
4.67102 1.29535
4.70021 1.60631
4.70145 1.61615
5.85854 -2.02349
5.80857 -2.02982
5.53954 -1.96964
5.61867 -2.00497
4.89629 -0.80666
4.89043 -0.786558
4.84632 -0.622418
4.83544 -0.57922
5.45087 -1.91258
5.52005 -1.95935
4.65764 0.757471
4.65707 0.783659
4.90894 2.51714
4.93849 2.59065
4.97947 2.67945
4.9412 2.59733
4.88104 2.43997
4.87106 2.41299
4.77612 2.06488
4.77621 2.06528
7.43671 -0.699407
7.48301 -0.609538
6.38918 3.03582
6.41795 3.02037
5.89894 3.21556
5.93655 3.20871
6.59595 2.90496
6.78817 2.75009
6.74179 2.79094
6.60772 -1.66506
6.67119 -1.61413
6.52295 -1.72742
6.53887 -1.71601
7.25626 -0.987514
7.2998 -0.925209
7.76511 0.487578
7.76504 0.484889
5.30451 -1.7569
5.27139 -1.7079
6.97995 -1.32708
6.93846 -1.36975
4.79367 2.1381
4.81454 2.21987
7.76068 0.752831
7.76451 0.669097
4.7217 -0.00752494
4.71852 0.0134584
5.39605 -1.86129
5.43967 -1.90239
7.67326 -0.117265
7.60764 -0.322726
7.54157 -0.485436
7.6013 -0.340613
5.96766 -2.00417
6.11028 -1.95937
5.71229 -2.0259
5.68183 -2.01955
7.06791 2.46451
7.05406 2.48075
7.1194 -1.16821
7.1549 -1.12403
7.02013 -1.28399
7.03743 -1.26489
6.25014 3.10739
6.28261 3.0911
7.34337 2.07546
7.37752 2.01703
7.26023 2.20748
7.27778 2.18089
7.15737 2.35219
7.16903 2.3371
7.60927 1.49974
7.63303 1.42786
7.661 1.33259
7.6372 1.41499
7.70145 1.16651
7.68832 1.22566
7.75281 0.846454
7.7601 0.762582
7.60189 -0.339058
6.5485 2.9374
6.50766 2.96469
4.68106 1.42971
4.68056 1.42366
5.90716 -2.019
5.73141 -2.02627
5.52808 -1.96468
5.52421 -1.9622
4.90425 2.50634
6.16288 3.14372
6.19908 3.12909
6.32768 3.06908
6.82403 2.71881
6.36137 -1.83257
6.31069 -1.86321
6.91277 -1.39621
4.65755 0.939058
4.65721 0.913283
4.66485 1.18881
4.66396 1.16728
4.96735 -1.0375
4.99245 -1.10985
5.23533 -1.65345
5.25426 -1.68182
5.32171 -1.7781
4.67701 0.378434
4.67487 0.40778
4.66003 0.677931
4.66103 0.653293
4.85522 2.36378
4.85552 2.36485
6.87096 2.67507
6.92717 2.61932
7.73358 0.994322
7.72994 1.01962
6.1562 -1.93829
4.65923 1.04028
4.68672 1.48782
4.66725 0.52289
4.98569 2.69256
5.02813 2.77113
7.0111 -1.29403
7.4647 1.85033
7.50406 1.76643
5.77125 3.22636
5.79536 3.22509
6.85335 -1.45363
7.5714 1.60504
7.54643 1.66793
6.57278 2.92139
4.67197 1.30983
4.67561 1.3595
6.30152 -1.86783
6.21127 -1.91482
4.93088 -0.9234
4.91935 -0.885205
4.95033 -0.987219
4.66796 0.503278
4.68673 0.269981
4.69463 0.193518
4.69389 0.200327
4.65808 1.01482
4.65699 0.887186
4.65679 0.810434
6.08564 3.17044
6.06942 3.17524
6.86013 2.6854
4.7753 -0.314857
4.78979 -0.384057
4.72355 1.77247
4.71914 1.74449
4.75975 -0.232534
4.77008 -0.288183
4.77609 2.06477
4.76297 2.00115
5.66781 3.22265
5.64349 3.21948
4.96053 -1.01821
5.4155 3.15417
5.22516 3.02375
7.75879 0.375611
7.72879 0.127927
5.0686 -1.31134
5.1358 -1.46641
4.74302 1.89432
4.72903 1.80867
4.87224 -0.723711
4.87355 -0.728333
4.83304 2.28752
4.83797 2.30568
6.76437 -1.53516
6.81026 -1.49508
7.30747 -0.913575
7.3704 -0.813858
7.38315 2.00705
7.42251 1.93486
7.217 2.27124
7.22303 2.26259
7.57959 1.58367
7.6825 1.24943
7.66409 1.32163
7.76581 0.578715
7.76533 0.502637
7.72748 0.120588
7.67669 -0.104592
5.21914 3.01821
5.42681 3.15928
5.61637 3.21619
5.08027 2.8526
7.76022 0.394871
5.21213 -1.61149
5.05962 -1.29044
5.22512 -1.63562
4.70754 1.66463
4.6937 1.55198
4.71259 1.69991
4.76152 1.99332
4.86988 -0.715191
4.90816 -0.847597
4.82125 -0.52069
4.70146 0.132434
4.70174 0.130246
4.94088 2.5965
5.03054 2.77526
4.98223 2.68576
4.78929 2.1214
4.77611 2.06483
7.43042 -0.710817
7.49652 -0.582499
6.1339 3.15447
6.03284 3.18628
5.95205 3.20506
5.86727 3.2196
6.70842 -1.58408
6.57339 -1.69028
6.50784 -1.73873
7.22109 -1.03775
7.20447 -1.06077
7.40315 -0.757751
7.76586 0.593186
7.51026 1.75248
7.54134 1.68003
4.80071 -0.43244
6.97162 2.57317
6.99095 2.55232
7.76564 0.615212
7.76041 0.758432
4.73692 -0.104738
4.74416 -0.146814
7.01627 2.52374
7.11631 2.40473
7.17562 -1.09797
7.70998 1.12713
7.72362 1.05499
7.4581 1.86402
7.32932 2.09904
7.30242 2.1423
7.19713 2.29911
7.63689 1.416
7.60735 1.50542
7.74281 0.933573
7.74254 0.935494
7.74301 0.931913
6.47337 2.98719
6.42221 3.01781
4.8566 2.36846
5.38039 -1.84656
4.69981 0.146553
5.82323 3.22378
5.72146 3.22647
6.2051 -1.91747
4.68815 0.254806
4.68815 1.50194
5.7149 3.22634
5.7194 3.22652
5.00533 -1.14707
4.67999 1.41664
7.60512 1.51196
4.68752 0.261956
6.36226 3.0513
5.44457 -1.90708
7.51422 -0.54559
6.48621 2.97883
