7.26975 1.50458
7.27123 1.50084
7.44865 0.663401
7.45108 0.595571
7.40927 1.03017
7.41621 0.9955
5.10074 -0.191409
5.10046 -0.1902
5.16862 -0.444015
5.1817 -0.487127
5.40321 -0.996114
5.35937 -0.919753
5.51452 -1.15701
5.52979 -1.17608
5.01447 1.30929
5.01923 1.35072
5.16675 1.99554
5.18621 2.04826
7.2031 1.65197
7.20679 1.64472
7.26345 -0.309536
7.21656 -0.407954
5.02817 0.203063
5.02968 0.19133
6.47138 -1.25398
6.49756 -1.23677
6.17113 2.64244
6.17017 2.64266
6.39814 2.54505
6.40946 2.53881
7.12142 -0.580495
7.10603 -0.605892
5.55377 2.56472
5.62779 2.60712
7.4463 0.740774
7.44683 0.73426
5.23531 -0.639258
5.21396 -0.580217
5.31261 -0.823788
5.35098 -0.904732
5.05545 1.57697
5.04242 1.50328
5.10374 1.79543
5.10563 1.80186
5.00385 1.19986
4.99566 1.08284
5.46817 2.49502
5.51621 2.53451
5.34169 2.34603
5.36393 2.37764
6.08215 -1.40398
6.03531 -1.40672
6.27505 -1.35314
6.28001 -1.35088
5.89532 -1.40146
5.9191 -1.40418
5.24388 2.1777
5.21793 2.12131
6.8712 -0.914897
6.83973 -0.949604
6.68699 -1.09648
6.685 -1.09823
5.71348 -1.33331
5.66398 -1.29937
7.28541 -0.256718
7.26396 -0.308431
7.35266 -0.0668767
7.37692 0.0178249
7.41069 0.165536
7.42713 0.259726
5.06854 -0.0357793
5.07463 -0.0666009
4.98794 0.867855
4.98862 0.90806
4.99016 0.670712
4.98897 0.712595
5.00659 0.399531
5.00215 0.451675
5.92155 2.6787
5.96014 2.6787
5.65522 2.62247
5.75411 2.65747
6.97521 -0.792211
6.9458 -0.829309
7.39061 1.12085
7.38742 1.13658
7.44921 0.485165
7.44375 0.401463
5.14012 -0.343715
5.11883 -0.264095
7.42496 0.933825
7.41959 0.97481
6.58169 2.42662
6.59451 2.41661
6.7557 2.27798
6.74445 2.28844
6.8845 2.13967
6.87704 2.1487
7.03309 1.94601
6.98383 2.01432
6.29734 2.59472
6.34352 2.5734
6.44103 2.52082
6.46115 2.50853
5.16116 -0.418621
4.98937 0.948981
4.99047 0.99681
4.98743 0.817781
7.36204 1.2333
7.37509 1.1843
7.33396 1.32686
7.32992 1.33888
5.11332 -0.242477
5.11552 -0.251141
6.8311 2.20013
6.8191 2.21295
7.03607 1.94165
7.08005 1.87312
7.28926 -0.247037
7.30914 -0.195745
5.00651 1.2341
5.00532 1.2196
7.4446 0.762958
7.43927 0.823143
5.0089 0.374659
5.01415 0.321087
4.99194 0.625207
4.99376 0.582178
7.15852 1.73717
7.14766 1.75745
5.05842 0.0187942
5.05069 0.0600132
4.98748 0.777783
7.08497 -0.638946
7.04138 -0.702997
7.23527 1.58542
7.30312 1.41984
7.45073 0.581477
7.44811 0.692381
7.41829 0.982039
7.40623 1.04788
5.08926 -0.139726
5.10225 -0.198154
5.35476 -0.911691
5.43933 -1.05583
5.58278 -1.23049
5.48591 -1.11897
5.07794 1.68727
5.10004 1.78123
6.66832 2.35738
6.67445 2.352
5.40102 2.42298
5.45777 2.48545
6.17787 -1.38502
6.2392 -1.36511
5.80458 -1.37664
5.86878 -1.3941
5.20283 2.08823
5.15447 1.95913
6.69038 -1.09339
6.76516 -1.02414
7.22937 1.59821
7.17765 1.70122
7.20333 -0.433831
7.26391 -0.308538
7.38519 0.0503638
7.40491 0.135988
4.98811 0.737236
5.02997 0.189317
5.01502 0.31309
5.77362 2.66187
5.85666 2.6756
6.57041 -1.18773
6.38392 -1.30326
6.96315 2.04151
6.93169 2.08231
6.06494 2.66719
6.01024 2.67328
6.17491 2.64111
6.27836 2.60363
6.99829 -0.761881
7.16561 -0.503881
7.23373 1.58887
7.23449 1.58718
7.30381 1.41807
5.65265 2.62137
5.54693 2.55977
7.44606 0.744919
5.26507 -0.71773
5.20056 -0.542412
5.27237 -0.734833
5.27875 -0.749094
5.4554 -1.07848
5.6222 -1.26811
5.03587 1.46479
5.07029 1.65044
5.13492 1.90012
5.02055 1.35955
5.3126 2.30035
5.98792 -1.40988
6.16676 -1.38715
6.37362 -1.30896
5.767 -1.35986
5.27299 2.23532
5.28962 2.26415
6.81168 -0.979254
6.90936 -0.872061
6.60122 -1.16419
7.13218 1.78513
7.09177 1.85397
7.18221 -0.47406
7.28722 -0.252252
7.31255 -0.186349
7.3439 -0.0954635
7.42982 0.278834
5.08395 -0.114598
5.06242 -0.00329235
4.99095 0.647396
4.99483 0.561806
5.00085 0.468334
5.00774 0.38639
5.04869 0.0720396
7.44289 0.392051
7.38013 1.16338
7.39343 1.10931
7.44997 0.498612
7.35404 1.26075
7.39936 1.07826
7.43045 0.899779
6.71155 2.31842
6.50948 2.47794
6.80344 2.22947
6.8624 2.16578
7.03385 1.94496
6.49567 2.48757
7.43539 0.861023
6.28762 2.59945
7.30383 1.41802
5.18444 -0.495222
6.38656 2.55167
