7.71467 -0.300336
7.74662 -0.201132
6.18719 -2.08651
6.18732 -2.08645
5.50459 3.37126
5.50115 3.37021
5.04575 3.0708
5.06519 3.09403
7.82932 0.167412
7.83381 0.203344
4.58495 1.48913
4.59141 1.55151
4.65368 2.01173
4.65173 2.00001
4.63209 -0.0779976
4.62621 -0.038805
7.55518 -0.675771
7.52763 -0.729349
6.37879 3.1832
6.31171 3.21804
7.56195 1.86235
7.57235 1.84021
4.70799 2.27217
4.70251 2.24987
6.6954 2.97166
6.70319 2.96552
7.48343 2.02004
7.48234 2.02207
7.32129 2.28963
7.28068 2.3497
7.75767 1.3235
7.76379 1.3003
7.78113 -0.0739363
7.80484 0.0314634
7.66308 -0.438779
7.64612 -0.480436
5.78338 -2.22721
5.80888 -2.22254
5.58999 3.38447
5.51369 3.37271
5.30454 3.29571
5.36864 3.32681
5.10912 3.14434
5.1618 3.19454
7.85512 0.427591
7.84553 0.299299
4.95353 -1.35718
4.98332 -1.43723
5.05621 -1.61995
5.05426 -1.61588
6.57114 3.06203
6.58344 3.05387
4.57969 1.42319
4.57939 1.41993
4.6174 1.77231
4.62221 1.80817
5.53597 -2.20528
5.53942 -2.20662
4.80519 -0.877553
4.78352 -0.798273
5.13051 -1.77791
5.13204 -1.78063
4.59094 0.245806
4.59571 0.201221
5.92472 3.36282
5.97987 3.34788
6.13523 3.29916
6.15414 3.29206
6.89014 2.80212
6.86079 2.83023
6.68834 2.97707
6.3905 -1.96618
6.37415 -1.97612
6.79174 -1.65623
6.77051 -1.67466
6.99736 -1.45716
6.9456 -1.50986
7.31468 -1.07448
7.32182 -1.06476
7.42191 -0.914137
7.42662 -0.906567
7.85786 0.522373
7.85579 0.445296
4.55952 0.913398
4.55913 0.893953
4.56362 1.12073
4.56519 1.16739
4.88924 -1.1629
4.90326 -1.20851
4.70553 -0.47028
4.7128 -0.503952
5.26699 -1.99675
5.21842 -1.92726
4.57466 0.449191
4.58268 0.333891
4.5659 0.60523
4.56367 0.654877
4.74563 2.42052
4.73176 2.36836
7.18448 -1.24508
7.15941 -1.27623
7.83446 0.930912
7.84118 0.879604
4.66403 -0.261924
4.6561 -0.218229
7.85778 0.554913
7.85677 0.644858
7.75014 -0.189232
7.70812 -0.319303
6.18778 -2.08618
6.08647 -2.13546
7.06044 -1.38857
7.09821 -1.34713
6.44563 3.14294
6.26696 3.24162
4.80999 2.62245
4.80401 2.60497
7.13578 2.53895
7.15634 2.51414
7.81142 1.08099
7.80296 1.1263
7.40463 2.15789
7.38752 2.18617
7.2331 2.41485
7.2695 2.36546
7.70915 1.49034
7.71019 1.48718
7.67529 -0.407769
6.59368 3.04691
6.52685 3.09177
4.61037 1.72119
4.60538 1.67983
4.58462 1.48584
4.58294 1.46569
5.58505 -2.21993
5.64868 -2.2286
4.82498 -0.949181
4.89211 2.8186
4.90544 2.84812
5.85894 3.37603
5.86917 3.3741
6.01841 3.33807
6.16248 3.28827
6.04003 3.33221
6.46934 3.12896
5.70943 3.39004
5.7628 3.3862
5.6517 3.38971
5.65759 3.39021
6.83865 2.84952
6.35348 -1.98906
6.48017 -1.90498
6.91042 -1.54547
7.02808 -1.42437
5.96141 -2.18354
5.93505 -2.19302
6.00862 -2.1664
6.06835 -2.14358
4.56042 0.995588
4.56028 0.976897
4.56312 1.10389
4.85452 -1.052
4.86018 -1.07028
4.90415 -1.21128
4.90366 -1.20979
4.57317 0.470244
4.57395 0.459257
4.5831 0.328807
4.61008 0.0806781
4.60793 0.0974263
4.5666 0.589678
4.76484 2.48675
4.75467 2.45367
7.61159 1.75168
7.61549 1.74258
6.97431 2.7178
7.02023 2.67076
7.26942 -1.1373
7.26137 -1.14795
7.84731 0.814022
7.84354 0.856354
5.88452 -2.20749
5.85585 -2.21467
4.56245 1.04039
4.56254 1.08643
4.927 -1.27996
4.94829 -1.34196
4.58477 1.48735
4.68336 -0.366908
4.68193 -0.359546
4.76639 -0.732937
4.77773 -0.777174
5.35823 -2.09555
5.3752 -2.10962
4.57122 0.524452
4.56726 0.574989
4.66441 2.06977
4.67544 2.12734
4.8646 2.75957
4.83371 2.68673
7.64426 1.67078
7.64918 1.65827
7.60987 -0.563647
7.60804 -0.567687
5.6925 -2.23181
5.76146 -2.22996
4.62736 1.84425
4.63129 1.87235
5.4323 -2.15354
5.41487 -2.14276
5.29658 -2.03117
5.26859 -1.99859
7.27416 -1.13093
6.26812 -2.04101
6.48969 -1.89855
6.581 -1.83068
4.96699 2.95793
4.98114 2.98031
4.5742 1.35095
4.57141 1.30578
4.61346 1.744
4.5835 0.32423
4.58912 0.263558
4.55891 0.830326
4.55915 0.805145
5.67474 -2.23214
5.40409 3.34129
5.50613 3.37157
5.08135 3.11398
5.01381 3.02922
7.84508 0.294826
7.82905 0.16554
5.05162 -1.60998
5.01806 -1.52693
5.17329 -1.85439
5.13333 -1.78293
4.64354 1.95332
4.66336 2.06367
7.49273 -0.793206
7.58309 -0.619632
7.52547 1.93819
7.60739 1.76147
4.69057 2.19887
4.71677 2.30913
4.82688 2.66903
4.8251 2.66403
7.09783 2.58459
7.09919 2.58303
6.85993 -1.59341
6.89396 -1.56186
7.37244 -0.990119
7.41116 -0.931217
7.44463 2.08977
7.49058 2.00633
7.27808 2.35342
7.33562 2.26801
7.68074 1.57416
7.69485 1.53282
7.7782 1.24043
7.73821 1.39494
7.85429 0.697913
7.85167 0.756878
7.8077 0.0454949
7.77856 -0.0842696
5.20613 3.23143
5.25606 3.26642
5.60599 3.38641
7.85529 0.430536
4.94998 -1.3468
4.99997 -1.47954
5.09443 -1.7028
4.72838 -0.573267
4.74634 -0.649995
5.49306 -2.18856
5.4549 -2.16654
5.19733 -1.89638
5.1059 -1.72657
4.64089 1.93636
4.68731 2.18496
4.67598 2.13007
7.46888 -0.835199
6.69021 -1.74446
6.67813 -1.75412
6.66713 -1.76297
7.35362 -1.01827
7.29086 -1.10793
7.85805 0.535239
5.98554 -2.17588
4.68733 -0.3865
5.26794 -1.99786
4.72622 2.34598
4.74745 2.42758
7.84192 0.871816
7.83013 0.966331
4.64541 -0.156546
4.83366 -0.980063
4.76816 2.497
4.79347 2.57564
7.17348 2.49252
7.09533 2.58746
7.82635 0.990422
7.78686 1.20316
7.22085 2.43115
7.52049 1.94797
7.43641 2.10419
7.3635 2.22449
7.7347 1.4068
7.67974 1.57702
4.5753 1.3661
5.91279 -2.19907
4.83004 -0.967156
4.55894 0.869454
4.56683 1.21592
4.56804 1.24515
4.5616 0.701796
4.56036 0.739148
7.1224 -1.31963
7.84954 0.791866
4.5994 1.62962
4.5966 1.60403
5.39343 -2.12549
5.33947 -2.07907
5.81355 3.38259
5.79805 3.38394
7.67859 1.5802
7.6118 -0.559499
5.01192 3.02652
4.63799 1.91661
5.31691 -2.05384
4.59638 0.194958
5.00837 3.02115
4.95197 2.9331
6.29204 -2.02741
5.32562 -2.06428
4.6221 -0.00884335
5.63434 3.38855
5.01105 3.02514
4.57083 1.29489
4.57009 1.28264
4.58921 0.262496
4.55954 0.785246
4.5598 0.765797
4.9215 2.87879
5.67003 3.39053
6.58962 -1.82445
4.56009 0.958009
4.56553 1.18312
4.88117 -1.13818
4.56274 0.672427
7.03849 2.65091
6.48958 3.1166
4.60313 1.66282
4.5921 1.55933
7.63268 -0.51219
