7.5449 0.0348485
7.5509 0.0600893
7.51821 1.2543
7.51138 1.2813
5.38547 -1.40297
5.40756 -1.43429
5.67301 -1.65764
5.70912 -1.67222
5.13564 -0.921509
5.14978 -0.958775
4.82638 0.780903
4.82436 0.83803
5.14046 2.4723
5.15235 2.49421
7.16769 -0.817455
7.1323 -0.869796
6.15416 2.89681
6.16156 2.89399
5.91127 2.94635
5.94397 2.94373
6.3662 2.80401
6.34013 2.81837
7.5647 0.128675
7.5781 0.207208
7.52217 -0.0553958
7.50831 -0.107146
7.43805 -0.310471
7.45768 -0.258777
7.35304 -0.500634
7.34034 -0.527113
7.38452 1.63858
7.36707 1.67789
7.45234 1.46507
7.43633 1.50878
5.53453 2.88028
5.61216 2.91194
5.33834 2.74143
5.39159 2.78828
5.3275 -1.31954
5.30096 -1.27396
4.83151 1.11619
4.83705 1.21375
4.85293 1.39251
4.85926 1.45116
4.89124 1.67933
4.89175 1.68258
5.85932 -1.70539
5.78102 -1.69292
4.99878 -0.497964
5.01313 -0.549416
5.06754 -0.7319
5.06818 -0.733738
5.50827 -1.54566
5.53845 -1.57063
5.21211 -1.10164
5.19224 -1.05685
4.93708 1.90311
4.95591 1.97889
4.87633 0.103713
4.86892 0.158084
4.84374 0.389716
4.84177 0.408898
4.8263 0.706321
4.82789 0.650577
4.82452 0.854208
4.82573 0.967705
5.24419 2.63556
5.245 2.6365
6.24367 -1.62942
6.26607 -1.61851
6.04946 -1.69188
6.04154 -1.69286
4.99237 2.10821
4.98024 2.069
6.85355 -1.198
6.85842 -1.19322
6.99963 -1.0395
6.99396 -1.04621
5.73674 2.94223
5.70982 2.93624
6.63917 -1.38803
6.68444 -1.35068
6.44038 -1.52695
6.4828 -1.49929
7.60195 0.426371
7.59828 0.372078
7.60713 0.61006
7.60735 0.584003
6.6452 2.62361
6.64191 2.62613
7.58838 0.891389
7.58312 0.93601
4.95694 -0.328833
4.97847 -0.421276
4.91263 -0.121225
4.91346 -0.125491
7.08203 -0.934958
7.12319 -0.882413
7.20981 -0.754335
7.23688 -0.711733
7.26165 1.88867
7.25554 1.89988
7.56655 1.03596
7.55857 1.08385
6.73572 2.54781
6.76155 2.5244
6.91144 2.37622
6.90416 2.38403
7.16034 2.05509
7.12598 2.10605
7.02377 2.24506
7.02468 2.24396
7.49767 -0.14031
7.48577 -0.17782
7.41091 -0.376729
7.41612 -0.364357
7.37413 -0.457769
7.31534 -0.575862
7.32256 -0.561961
7.41959 1.55318
7.46678 1.42407
4.82998 1.0927
4.83998 1.25296
4.82601 0.715759
4.8261 0.985216
6.56178 2.68598
6.56252 2.6855
7.54862 1.12668
7.55845 1.08441
7.59974 0.781943
7.59689 0.815606
4.944 -0.272056
4.98095 -0.43161
7.40341 1.5934
7.48369 1.37532
7.47968 1.38729
4.82923 1.04008
5.71861 -1.67579
5.7508 -1.6857
5.03117 2.22499
5.05787 2.29577
7.21898 1.96381
7.21937 1.9632
6.42226 2.77425
6.44781 2.75893
4.84357 1.29614
4.82572 0.724817
4.98632 -0.452877
4.83682 0.471076
4.83453 0.505497
7.5575 0.092607
7.53907 0.00836742
5.43574 2.82226
5.49105 2.8569
5.42354 -1.45515
5.3514 -1.35559
4.84685 1.33321
4.93406 -0.22543
4.93812 -0.244718
5.06662 -0.729159
5.03727 -0.63258
5.17256 -1.0123
5.12586 -0.895044
4.91303 1.79382
4.92035 1.82734
6.51721 2.71532
6.56103 2.6865
6.83481 2.45547
6.87823 2.41098
5.18989 2.55546
5.12935 2.44984
6.15964 -1.66104
6.1459 -1.66651
7.12582 -0.878695
7.18132 -0.797855
6.92573 -1.12201
6.99099 -1.04969
6.14085 2.90076
6.26032 2.85584
5.97862 2.93783
5.83999 2.94905
6.53924 -1.46224
6.58699 -1.42704
7.02657 2.24157
7.07632 2.17564
7.60574 0.518666
7.60457 0.476934
6.31044 2.83213
6.39447 2.78953
7.58502 0.253958
7.34719 1.72134
5.63447 2.91948
5.30787 2.70978
7.59448 0.332696
5.4721 -1.50867
5.27728 -1.23025
4.86984 1.53453
4.87421 1.56762
4.87216 1.5528
4.89368 1.69354
5.90194 -1.70495
5.76483 -1.69007
5.58409 -1.60664
5.62876 -1.63299
5.02062 -0.575679
4.99614 -0.488404
5.1018 -0.829021
5.2548 -1.18925
5.23523 -1.1519
4.96376 2.0107
4.88955 0.0148978
4.86059 0.22468
5.24382 2.63508
5.09733 2.38519
5.06396 2.31061
6.34256 -1.58249
5.95439 -1.7052
6.07854 -1.68449
5.00017 2.13165
6.84622 -1.20499
7.0385 -0.991909
6.28218 2.84603
6.04874 2.92554
5.74543 2.94321
6.74026 -1.30371
6.37051 -1.56661
6.77614 -1.2708
7.28962 -0.62397
7.28931 -0.624501
7.60602 0.693651
6.60324 2.65463
6.6488 2.62092
4.9105 -0.109744
6.47684 2.74178
7.0601 -0.96394
4.89442 -0.0155729
7.53635 1.18411
7.54229 1.15821
7.50331 1.30942
7.55851 1.08413
7.57145 1.0104
6.82321 2.46703
6.6845 2.59087
6.96939 2.30992
7.09543 2.14904
7.17364 2.03516
7.60411 0.724871
7.60579 0.700426
7.47244 -0.217868
7.43254 -0.324823
7.41004 -0.378772
7.28974 -0.623754
4.84722 0.347017
4.85187 0.299068
4.83939 0.437249
4.82959 0.596972
4.83066 0.573129
7.59234 0.85969
7.58173 0.94608
7.29098 1.83455
7.31668 1.785
7.21955 1.96288
4.85655 0.259205
5.02304 2.20345
7.33413 1.74909
7.52397 1.23317
5.65381 -1.64781
4.85331 0.285501
4.84527 0.36838
4.82809 0.639968
7.32324 1.77208
7.27029 1.87328
7.38837 -0.427777
7.38296 -0.43942
4.83379 0.520179
4.83281 0.533798
