6.18771 -0.539134
6.2589 -0.528736
5.98855 -0.495445
5.94934 -0.470938
5.89156 1.7799
5.82653 1.7343
6.649 -0.276993
6.6992 -0.211998
5.52 1.03553
5.51417 0.98769
6.82084 -0.00808191
6.81561 -0.0197514
5.51375 0.477938
5.518 0.439474
6.94538 0.442145
6.95077 0.501096
6.40681 -0.476976
6.3123 -0.516549
6.02595 1.83626
6.04664 1.8381
6.58614 -0.342306
6.54477 -0.381872
5.5009 0.803536
5.49962 0.71862
5.79135 -0.326702
5.80326 -0.34284
6.9094 0.992299
6.89432 1.05361
5.63079 1.45491
5.63775 1.47049
5.7305 1.63131
5.7298 1.6302
6.71001 1.44964
6.73995 1.40231
6.83164 1.22652
6.81741 1.26023
5.68535 -0.153953
5.65489 -0.0894102
5.63073 -0.0329587
5.60711 0.0366877
5.55046 0.239603
5.5468 0.257232
6.25413 1.82331
6.23333 1.83004
6.50153 1.68514
6.54247 1.64866
6.95183 0.732555
6.95104 0.743355
6.89581 0.194667
6.9099 0.246888
6.89156 1.06304
6.86421 1.14437
6.4739 1.70629
6.42613 1.74133
6.64789 1.53727
6.6401 1.54656
6.93643 0.860143
6.92969 0.903014
6.57692 1.61487
6.59753 1.59379
6.92194 0.939196
6.92577 0.921593
5.59117 1.35227
5.56172 1.25355
5.50894 0.528697
5.50538 0.570077
6.36252 1.77939
6.30297 1.80651
6.29447 -0.522879
6.12637 -0.534838
5.89617 -0.435422
6.06424 -0.52333
5.8019 1.71042
5.92502 1.80011
6.74581 -0.143588
6.627 -0.301797
5.5075 0.921352
5.53407 1.12943
5.73458 -0.242918
5.7712 -0.297845
6.81382 1.26775
6.78745 1.32022
6.85916 0.0833401
6.79573 -0.0583366
5.55776 0.206657
5.57654 0.13687
5.52214 0.407494
5.51106 0.504791
6.95496 0.581024
6.93621 0.375721
6.08565 -0.530469
6.44088 -0.456529
6.52527 -0.398554
5.86179 -0.402432
6.12918 1.84439
6.23136 1.8303
6.01312 1.83242
5.73103 1.63205
6.76412 -0.115159
5.53712 1.14685
5.50267 0.850741
5.50003 0.682181
5.54719 1.19384
5.71178 -0.20675
5.67944 1.5483
5.62609 1.44272
6.65719 1.52541
6.76646 1.35814
6.86105 1.15376
6.87008 0.114078
5.64229 -0.0608683
5.58953 0.0915454
5.53132 0.346278
5.50402 0.590947
6.30023 1.80771
6.92514 0.313882
6.95528 0.623513
6.94825 0.770966
6.89258 1.05958
6.3663 1.77727
6.65078 1.53394
6.93977 0.839183
5.59249 1.35644
5.59862 1.37244
6.38539 1.76588
