8.02046 -0.321066
8.04134 -0.252822
4.67166 -1.75943
4.69167 -1.83478
4.25666 1.35825
4.25228 1.30194
4.2462 0.850265
4.24525 0.798028
6.84933 3.28634
6.80917 3.31955
4.36848 -0.429245
4.37515 -0.465226
4.31373 2.06009
4.31737 2.0919
4.88053 -2.55476
4.87965 -2.5507
4.30015 0.000365155
4.29626 0.031626
7.81144 -0.834593
7.84919 -0.758102
7.81951 2.00409
7.85641 1.92166
5.03341 3.8218
5.05651 3.83441
5.19443 3.88785
5.18728 3.88601
4.85454 -2.46194
4.86096 -2.48203
7.13437 3.01667
7.19683 2.95114
8.10605 1.07949
8.08607 1.19071
7.43938 2.65406
7.45922 2.62742
4.64705 3.4048
4.66521 3.44028
8.15166 0.608024
8.14963 0.678409
4.93903 -2.74612
4.92413 -2.69533
5.17595 -3.09185
5.22947 -3.10201
5.00418 -2.90624
5.03174 -2.95464
4.97556 -2.8396
4.99055 -2.87343
5.08329 -3.02804
5.08637 -3.03199
4.71543 -1.92543
4.72615 -1.97172
5.68053 -2.93642
5.66388 -2.94525
4.66245 -1.72034
4.63781 -1.61808
6.64419 3.44999
6.59491 3.48535
5.98794 3.81761
5.98963 3.81694
5.69861 3.90167
5.76332 3.88782
6.24194 3.70252
6.26378 3.69164
6.4822 3.56278
6.48566 3.56064
7.06841 3.08491
7.25695 2.8831
7.213 2.93362
7.6265 -1.1552
7.66494 -1.09555
7.52563 -1.30491
7.53273 -1.29487
6.9958 -1.91604
7.06464 -1.84771
6.82987 -2.07242
6.87347 -2.03348
4.75012 3.57055
4.7409 3.5579
6.65944 -2.22228
6.64196 -2.23658
7.94945 -0.526091
7.93344 -0.566976
8.15063 0.435275
8.14973 0.413416
4.27068 1.62276
4.26999 1.61416
5.57786 3.91922
5.62175 3.91382
7.68032 -1.0707
7.73622 -0.975124
4.54358 3.16926
4.55117 3.19037
6.95089 3.19646
6.97272 3.17597
4.33664 2.22866
4.34272 2.27029
7.15844 -1.74755
7.19999 -1.70248
5.93719 -2.7745
5.97643 -2.74758
6.03456 -2.70746
6.05935 -2.68937
4.62314 -1.56032
4.58331 -1.39469
4.24487 0.988752
4.24479 0.977267
4.26164 1.48607
4.26163 1.48586
5.87561 3.85642
5.81279 3.87361
4.41015 -0.637502
4.39364 -0.559001
4.25714 0.468578
4.25739 0.464409
4.35088 2.31464
4.35763 2.36649
4.34124 -0.275899
4.32989 -0.206557
7.90323 1.80908
7.93951 1.7146
7.72292 2.20032
7.76519 2.11779
4.37124 2.45702
4.37702 2.49258
4.40523 2.64594
4.41494 2.69737
5.3297 3.91635
5.33729 3.9171
8.06614 1.28364
8.05723 1.32411
7.35575 2.7646
7.39291 2.71664
7.48394 2.5925
7.52143 2.53801
6.91429 -1.99452
6.96954 -1.94258
7.67846 2.28247
7.68471 2.27116
7.59839 2.41861
7.63016 2.3665
4.59237 3.29218
4.59472 3.29821
5.42515 -3.06254
5.37974 -3.07889
4.73958 -2.02782
4.75488 -2.08002
4.79613 -2.23793
4.80977 -2.28774
4.76784 -2.13136
4.77247 -2.1492
7.96971 1.62811
7.95281 1.67675
8.02143 1.46096
8.00032 1.53423
5.86231 -2.82308
5.89148 -2.80427
5.65563 -2.94932
5.74466 -2.89686
6.51861 -2.33964
6.53227 -2.32895
8.0589 -0.18967
7.9906 -0.414342
7.96329 -0.489374
6.65614 3.44078
6.70369 3.40439
6.87273 3.26581
6.91186 3.23143
5.98044 3.82046
5.98676 3.81811
6.04177 3.79558
6.06654 3.78494
5.78188 3.88247
5.64953 3.91024
4.29575 1.91118
4.29823 1.93284
4.32529 2.15169
6.20778 3.72011
6.14 3.75185
6.43047 3.59569
6.41589 3.60422
7.28998 2.84558
6.74277 -2.14979
6.77656 -2.12094
7.07473 -1.83705
4.76044 3.58326
8.14704 0.721726
8.14196 0.792048
6.31702 -2.49869
6.3417 -2.48011
6.44344 -2.39995
6.46873 -2.38004
6.5659 -2.30043
6.59585 -2.27581
6.703 -2.18427
4.66615 -1.73564
4.93164 3.75751
4.93832 3.76266
8.14862 0.393331
8.15294 0.542194
4.52161 -1.13549
4.52933 -1.16783
4.49542 -1.02432
4.49946 -1.0417
4.25144 0.58705
4.25111 0.594813
4.45199 2.86151
4.45084 2.85737
4.49256 3.00987
4.48417 2.9824
7.40366 -1.46634
7.42558 -1.43882
7.3067 -1.58365
7.33845 -1.54637
4.44495 -0.800653
4.4425 -0.78934
4.46494 -0.892186
4.47036 -0.91554
4.24631 1.09362
4.24651 1.10426
6.18212 -2.60075
6.17851 -2.6035
4.57867 -1.37587
4.57276 -1.35171
4.58038 -1.38265
8.00532 -0.370499
4.89129 3.72516
4.85854 3.6945
8.12598 0.14935
8.12251 0.124267
4.48255 -0.968579
4.48492 -0.978618
4.24829 0.723263
4.24562 0.775717
7.0518 3.10134
7.01147 3.13968
6.74705 3.37052
6.76701 3.35403
5.49673 3.92451
5.4896 3.92497
4.3095 2.03207
4.30561 1.99646
4.28766 1.82386
4.28584 1.80563
4.27178 0.268815
4.27126 0.274693
5.32699 -3.09163
5.36717 -3.08305
4.84072 -2.4065
4.83384 -2.38205
8.13348 0.871083
8.13945 0.819617
8.12464 0.951422
8.12851 0.921678
4.52665 3.12193
4.52201 3.1071
5.44776 -3.05443
5.51433 -3.02415
5.633 -2.96159
5.59549 -2.98197
5.81878 -2.85106
8.07565 -0.124683
7.92575 -0.585708
7.91878 -0.603228
6.5561 3.51295
6.54061 3.52382
8.1528 0.567603
4.28417 1.78893
4.28023 1.74203
7.25503 -1.64277
7.2415 -1.65795
8.12904 0.171162
8.13402 0.216157
4.70342 -1.8823
4.25141 1.23126
4.25172 1.28725
6.31955 3.66129
6.35144 3.64257
7.30533 2.82647
7.3228 2.80567
4.79807 3.63119
4.83287 3.66917
6.18872 -2.59581
6.26247 -2.54046
8.14055 0.282392
8.13876 0.263409
4.25211 1.29476
4.25835 1.4181
4.24557 0.786766
4.24488 0.902289
4.2653 1.54653
4.26185 1.4897
4.38862 -0.533769
4.36614 -0.416663
4.90843 -2.65199
4.8997 -2.61846
4.87752 -2.54249
4.86528 -2.49621
4.28482 0.135292
4.31198 -0.0880877
4.26174 0.395209
4.26483 0.355225
7.86766 -0.718402
7.79412 -0.868276
5.29796 -3.09852
7.86293 1.90644
7.81175 2.021
4.37931 2.50489
4.39521 2.59546
4.51555 3.08573
4.50229 3.04481
5.17527 3.88187
5.2571 3.90371
8.11013 1.05441
8.0835 1.20364
5.23952 -3.10288
7.29347 -1.59919
4.67906 3.46252
4.62843 3.3705
4.5696 3.23727
4.58516 3.27516
5.58207 -2.98982
5.53619 -3.01414
4.953 -2.78006
5.12627 -3.06725
5.15966 -3.08537
5.0895 -3.03438
5.04127 -2.97413
5.00119 -2.89801
4.97074 -2.8303
8.14229 0.300915
8.10512 0.0139486
8.11096 0.0459198
8.0969 -0.0283802
7.74901 -0.952025
7.90095 -0.644021
7.67551 -1.07867
7.60879 -1.18271
7.57653 -1.23059
7.51248 -1.32341
6.38087 -2.44945
6.4052 -2.43076
4.50842 -1.07997
4.51427 -1.10477
4.26582 1.55399
4.27487 1.67831
4.47142 2.93516
4.46698 2.91992
7.35617 -1.52485
7.38248 -1.49291
5.9344 -2.77622
5.98586 -2.74151
6.01796 -2.71853
6.08326 -2.67298
4.53496 -1.19088
4.5528 -1.2654
4.24496 0.925198
4.24529 1.04077
4.25874 1.42518
4.26553 1.55001
4.34985 -0.32387
4.42328 -0.702655
4.26133 0.400747
4.25387 0.529617
5.43316 3.92418
5.485 3.92495
5.40525 3.92359
4.31899 -0.136722
4.28298 0.15272
7.7729 2.10205
7.89904 1.81959
7.94046 1.712
7.7168 2.21211
4.36083 2.38846
4.43458 2.78912
4.94521 3.76731
4.99547 3.80066
5.09605 3.85213
5.12047 3.8628
5.32208 3.91505
8.05556 1.33107
8.0271 1.44076
7.54622 2.50092
7.57986 2.44841
7.42051 2.68056
7.44935 -1.4081
7.47311 -1.3773
7.67736 2.28444
7.63907 2.3514
4.61847 3.34811
4.70556 3.50714
4.56372 3.2237
4.81471 -2.30841
4.79143 -2.2185
4.82821 -2.357
7.97078 1.62496
7.99716 1.54439
5.89996 -2.79893
5.82835 -2.84461
6.09668 3.77246
6.28475 3.6802
6.53819 3.52543
4.44467 2.83267
4.43668 2.79922
6.27821 -2.52898
6.50557 -2.35037
6.62591 -2.25042
4.27604 1.69185
4.24942 0.65092
4.43253 -0.744594
4.45614 -0.85245
4.4571 -0.856897
4.24815 1.15818
6.10043 -2.65996
4.24854 1.17711
4.24875 0.668995
5.37516 -3.08065
5.44569 -3.0552
4.42869 -0.726237
6.36415 3.63506
4.77714 -2.16812
5.82464 -2.84705
8.08753 -0.0743118
6.11547 3.76353
4.30114 1.95703
4.43574 2.79474
