6.80303 -0.529832
6.755 -0.585424
6.55603 -0.770558
6.58906 -0.744148
7.08475 1.23833
7.07297 1.27484
6.8859 1.65499
6.94212 1.56414
5.75023 -0.799237
5.7585 -0.805965
6.20274 2.21552
6.22179 2.20902
6.41828 2.12332
6.43671 2.11164
6.32732 -0.899002
6.38194 -0.874375
5.93373 2.22607
5.9932 2.23532
5.69666 2.11782
5.79009 2.17831
6.85491 -0.460865
6.89555 -0.402103
5.26274 0.95059
5.25811 0.841515
5.28455 1.18091
5.27645 1.11275
7.14157 1.03818
7.15505 0.972337
5.52058 -0.481732
5.56486 -0.565133
5.62298 -0.652403
5.57107 -0.576299
5.3818 1.61578
5.41764 1.71691
5.32229 1.40457
5.32139 1.40003
5.5603 1.97327
5.59698 2.02097
5.45965 1.8063
5.41796 1.71765
6.64822 1.94784
6.61975 1.97387
6.94318 1.56219
6.99265 1.46482
5.93399 -0.91216
5.97228 -0.923099
6.12341 -0.942684
6.09556 -0.940931
7.11617 0.0788464
7.09239 0.00278943
7.02678 -0.162798
7.0072 -0.205253
5.405 -0.203423
5.4387 -0.294104
5.37672 -0.106933
5.36607 -0.0684118
5.32308 0.110402
5.31754 0.138275
5.28599 0.33697
5.27499 0.429584
5.26251 0.583808
5.25792 0.701156
7.1875 0.49791
7.18984 0.571465
7.1542 0.234238
7.16977 0.32338
7.11875 1.12896
7.11238 1.15352
7.16848 0.896017
7.13478 1.06851
6.57481 2.0125
6.69301 1.902
6.73998 1.84994
6.4528 2.10077
6.48854 2.07835
6.79493 1.78489
6.79778 1.78123
5.3882 -0.146472
5.40234 -0.195103
7.03949 1.3621
7.03739 1.36706
7.18205 0.788451
7.18425 0.764942
5.79721 2.18151
5.89079 2.21729
6.67846 -0.667535
6.82868 -0.497063
6.67575 -0.670285
6.49423 -0.812034
5.27171 1.06694
5.26431 0.975438
5.48358 -0.407356
5.4762 -0.390206
5.34986 1.51158
5.36289 1.55497
5.50481 1.89312
5.50527 1.89391
6.78476 1.79804
6.7545 1.8334
6.85386 1.70311
6.94244 1.56359
5.8413 -0.867435
5.68458 -0.731035
6.21997 -0.931122
6.16714 -0.938001
7.07685 -0.0403941
7.0524 -0.103754
5.3462 0.00598568
5.35348 -0.0228258
5.27206 0.459144
5.26345 0.567227
7.17513 0.361816
7.18413 0.448695
6.15753 2.22423
6.30985 2.17838
6.4411 -0.845407
6.2407 -0.925184
6.09716 2.23452
6.06125 2.23496
5.69148 2.114
6.67673 -0.669333
6.94167 -0.329071
6.9574 -0.302292
5.25787 0.831702
5.29508 1.25377
7.1783 0.823924
7.17163 0.876029
5.47015 -0.375254
5.474 -0.384914
5.56827 -0.571435
5.66099 -0.704522
5.41782 1.71734
5.32502 1.41639
5.30137 1.29326
5.62303 2.04874
5.50432 1.8922
7.00808 1.432
6.82609 1.74257
7.0256 1.39307
5.85009 -0.87213
6.02807 -0.93655
6.96468 -0.288743
7.12656 0.114964
7.14597 0.195283
5.4029 -0.196898
5.33438 0.0553376
5.38378 -0.131755
5.30396 0.217088
5.25725 0.771402
5.29279 0.288072
5.25776 0.711204
7.18994 0.6439
7.18881 0.682824
7.0687 1.28621
6.54583 2.03661
6.52799 2.05104
6.32833 2.16986
7.18785 0.709444
7.10361 1.18426
6.3471 2.16008
6.38346 2.14242
6.50195 2.06916
