7.51096 -0.39824
7.4778 -0.475743
5.32476 2.9642
5.40443 3.01744
4.73969 1.333
4.74184 1.35981
5.81098 -1.90326
5.82824 -1.90412
4.83581 -0.280598
4.8185 -0.192439
4.74925 0.290226
4.75218 0.260904
4.72064 0.782624
4.72025 0.793764
7.21408 -0.937808
7.21408 -0.937809
6.61957 -1.56068
6.60325 -1.57272
7.70281 0.464209
7.70499 0.522628
7.69104 0.857839
7.69458 0.824609
7.58929 -0.182961
7.57186 -0.235997
5.30855 2.94952
5.23791 2.88471
5.52264 3.07522
5.42366 3.03022
7.6902 0.297655
7.68319 0.2384
5.29547 -1.55788
5.26326 -1.50846
5.1393 -1.26888
5.17296 -1.33975
4.76362 1.56941
4.76956 1.61646
4.78551 1.72919
4.78768 1.74315
4.81575 1.89548
4.83054 1.96854
6.02621 -1.87736
5.9787 -1.88831
5.6766 -1.88097
5.6399 -1.86928
4.90773 -0.588079
4.91996 -0.633704
4.96374 -0.78934
4.96371 -0.789212
5.47337 -1.76876
5.51753 -1.80122
5.36802 -1.65824
5.34906 -1.63422
5.00456 -0.916671
5.02667 -0.981684
5.10999 2.71977
5.13353 2.75586
6.38891 2.94397
6.4013 2.9376
6.09756 3.07109
6.15783 3.05034
5.93389 3.10903
6.0079 3.09397
5.6899 3.11555
5.74391 3.1193
6.42086 -1.69884
6.39202 -1.71549
6.82228 -1.3873
6.79107 -1.41567
7.31299 -0.785794
7.35593 -0.715012
7.47731 1.67444
7.45856 1.71811
6.55071 2.84485
6.54436 2.84903
7.51162 1.59007
7.52801 1.54691
4.72076 0.924151
4.72157 1.0288
5.1285 -1.24316
5.09589 -1.16424
4.79371 -0.0517535
4.77868 0.0475133
4.7381 0.413849
4.73111 0.503757
4.81544 -0.176206
4.80685 -0.12982
7.46667 -0.50108
7.52835 -0.355169
6.89851 2.55087
6.86051 2.58826
6.99777 2.44443
7.02507 2.41243
6.99259 -1.21255
7.02165 -1.18048
7.3802 1.88114
7.39652 1.84928
7.30324 2.02146
7.30779 2.01368
7.19289 2.1932
7.21391 2.16279
7.08949 2.33432
7.11452 2.30193
7.59653 1.33866
7.58841 1.36674
7.63975 1.17231
7.63878 1.17666
7.6728 0.998182
7.6832 0.926063
7.55203 -0.292378
7.60864 -0.11817
7.42103 -0.594402
7.41932 -0.597902
4.72933 1.18425
4.72769 1.15223
5.58751 -1.84418
5.56484 -1.8334
4.74201 0.366544
4.73987 0.391406
4.72475 0.638176
4.72429 0.652263
4.72053 0.901801
4.97759 2.46032
4.95555 2.40524
4.93431 2.34452
4.94203 2.36845
4.72221 1.04021
4.72238 1.05209
4.73499 1.27315
5.97596 -1.8889
5.97277 -1.88941
5.73279 -1.89487
4.87666 -0.466943
4.84748 -0.335687
6.71062 2.72393
6.72345 2.71359
6.63675 2.78374
6.6998 2.73278
4.75573 0.228939
4.75937 0.195636
4.72908 0.53871
4.72996 0.521869
4.72392 0.665807
4.72051 0.7713
7.12139 -1.06129
7.12773 -1.05353
6.95182 -1.2579
7.70263 0.711481
7.70149 0.736329
7.38913 -0.653694
7.36409 -0.700778
5.34084 -1.62418
5.32784 -1.60775
4.99607 2.50208
6.09157 3.07322
6.08113 3.07631
6.30408 2.98816
6.28179 2.99856
7.62753 -0.0496729
7.65096 0.0479181
4.75928 1.53163
4.75427 1.48813
5.87696 -1.90235
5.88994 -1.90126
4.91066 2.27397
4.88721 2.19487
6.13518 -1.842
6.22364 -1.80584
7.5452 1.49872
7.55953 1.45812
7.62254 -0.0697767
6.07687 -1.86249
6.09262 -1.85723
4.99513 -0.887922
4.98914 -0.869327
5.39933 -1.69643
5.39351 -1.68926
7.66307 0.11367
7.65419 0.0639473
5.42308 3.02991
5.3227 2.96254
5.20002 -1.39308
5.21594 -1.42522
4.74461 1.39272
4.73668 1.29565
4.80789 1.85656
4.79915 1.80899
4.93526 -0.688909
4.9637 -0.789175
5.06019 -1.07435
5.04571 -1.03619
6.63041 2.78836
6.98699 2.45669
6.93062 2.5173
5.06056 2.63661
5.04288 2.60372
6.28387 -1.77505
6.24596 -1.7946
7.17086 -0.995542
7.21408 -0.937805
6.25073 3.01313
6.17683 3.04271
5.85623 3.11831
5.82954 3.12043
6.51973 -1.63402
6.69972 -1.49575
7.26392 -0.862252
7.28768 -0.826018
7.34244 1.95227
7.35379 1.93156
7.12471 2.28816
7.16512 2.23294
7.61952 1.25535
7.615 1.27308
7.70521 0.555978
7.7006 0.416578
6.45341 2.90778
6.45916 2.90462
7.67322 0.171386
5.22791 2.87429
5.54749 3.08356
5.62322 3.1039
5.16555 2.79908
7.69724 0.371246
5.23637 -1.4637
5.31534 -1.58925
5.13248 -1.253
4.75139 1.46097
4.77097 1.62771
4.76157 1.55229
4.78835 1.74695
4.84818 2.04713
4.88433 -0.499783
4.98337 -0.85032
4.88117 -0.486765
5.44826 -1.74485
5.54995 -1.82487
5.07116 -1.10206
4.76261 0.167881
4.77308 0.0864278
5.08213 2.67277
6.32286 -1.75605
4.85563 2.08005
4.85226 2.06561
7.41702 -0.602344
6.34206 2.96913
6.09399 3.07242
5.79093 3.1198
6.03886 3.08764
5.66568 3.11179
6.72038 -1.47878
6.50114 -1.64623
6.87796 -1.33287
7.36036 -0.707326
7.70544 0.631163
7.4399 1.7591
7.49439 1.63361
4.87983 -0.480998
6.46504 2.90112
7.15282 -1.02046
6.9373 -1.27331
4.87267 2.14498
4.79671 -0.0708901
7.64466 1.14964
7.6557 1.09642
7.65726 1.08777
7.65903 1.07912
6.81069 2.63611
6.78724 2.65717
7.0613 2.36923
7.10462 -1.08247
7.08336 -1.10828
7.41676 1.8084
7.2813 2.05828
7.25536 2.1
7.26091 2.09147
7.57123 1.42218
7.6639 1.05123
7.68515 0.911942
7.7002 0.754355
6.76938 2.67314
7.2644 2.08605
5.92618 -1.89743
5.42664 -1.72417
5.85741 -1.90299
6.12551 -1.84612
6.07437 -1.86319
5.01661 2.55001
7.07165 -1.12236
7.03841 -1.16154
7.70528 0.646879
