6.43425 1.08199
6.47795 1.0155
5.9845 0.255988
5.98407 0.256861
6.55519 0.813862
6.56951 0.755261
6.51382 0.329265
6.47184 0.253342
6.39361 1.13303
6.31538 1.18364
5.96173 1.04238
5.92727 0.962559
6.13152 1.21444
6.13638 1.21694
5.88443 0.644515
5.88312 0.676668
6.13977 0.113005
6.07959 0.145144
6.26974 0.093961
6.28996 0.0961259
6.57687 0.595695
6.56478 0.479148
6.5316 0.916211
6.41384 1.10935
6.02066 1.13978
6.0148 1.13451
5.89038 0.811176
5.88804 0.789122
6.57347 0.709019
6.532 0.915253
6.40743 0.166493
6.45188 0.219949
6.52939 0.359928
6.26286 1.21265
6.53179 0.915794
5.91793 0.938373
6.07953 1.17967
6.14503 1.21698
5.90269 0.88474
5.89131 0.826841
6.56291 0.472485
6.57823 0.610885
5.90092 0.509197
5.91079 0.446798
5.94539 0.350177
5.98491 0.255221
6.05003 0.177365
6.18147 0.0937153
6.39615 0.157096
5.91598 0.430909
5.8832 0.707214
5.88828 0.581817
5.89181 0.551246
6.40137 0.160483
