5.87562 2.25697
5.78645 2.22267
6.79201 -0.588329
6.77652 -0.606259
6.54719 -0.817499
6.61161 -0.765982
7.11072 1.23929
7.10131 1.26844
5.2375 0.966172
5.24018 1.00546
6.92079 1.65026
6.90446 1.67666
5.93087 -0.957423
5.91592 -0.951076
6.1205 -0.984883
6.15061 -0.980984
5.23812 0.569955
5.24702 0.446851
6.19983 2.25488
6.26586 2.23234
6.41527 2.16404
6.45279 2.14027
6.31912 -0.942502
6.41572 -0.898953
5.9898 2.27677
5.90923 2.26423
6.90617 -0.436556
6.91618 -0.422082
5.25972 1.19624
5.24785 1.09642
7.17346 1.00644
7.18025 0.973266
5.49275 -0.497101
5.50877 -0.527277
5.59241 -0.669283
5.56722 -0.63234
5.35598 1.63246
5.37811 1.69491
5.29833 1.42005
5.29087 1.38261
5.52981 1.99297
5.58363 2.06294
5.43167 1.82438
5.41224 1.78305
5.66191 2.13961
5.59262 2.07409
6.78041 1.84664
6.78387 1.84238
7.01046 1.48561
6.97582 1.5538
5.74687 -0.848174
5.7218 -0.824185
7.14589 0.0875942
7.1131 -0.0172651
7.0596 -0.153137
7.02682 -0.224242
5.39726 -0.266412
5.41298 -0.308716
5.34209 -0.0835586
5.33785 -0.0682365
5.29996 0.0972632
5.28782 0.158337
5.23263 0.782031
5.23316 0.837124
5.24861 0.431817
5.26154 0.323073
7.21133 0.47419
7.21465 0.578768
7.1761 0.212434
7.19688 0.331358
7.14775 1.11316
7.13704 1.15442
7.09142 1.29639
7.07067 1.35013
7.19269 0.902521
7.15934 1.06941
7.19639 0.876942
6.71176 1.92389
6.64674 1.99044
6.53249 2.08611
6.53911 2.08088
6.76885 1.86061
6.63844 1.99855
6.63316 2.00339
6.48558 2.11812
6.50429 2.10638
6.81249 1.80539
6.82483 1.7895
5.3643 -0.160055
5.37444 -0.194929
7.20427 0.805881
7.21053 0.738772
7.19782 0.86681
5.32171 -0.00793032
5.32101 -0.00489915
5.23267 0.761997
5.23308 0.706822
5.75417 2.20439
5.88723 2.26072
6.75184 -0.632741
6.84846 -0.516215
6.66654 -0.719181
6.51924 -0.836254
5.24642 1.08256
5.23716 0.959937
5.47936 -0.47019
5.45094 -0.404151
5.6503 -0.748493
5.6376 -0.731243
5.32369 1.52849
5.32518 1.53345
5.47721 1.91095
5.5006 1.95083
6.8953 1.6904
6.95966 1.5837
5.83811 -0.913887
5.96166 -0.964856
6.21713 -0.972321
6.07562 -0.983427
7.10809 -0.0311992
7.07256 -0.123273
5.31995 -0.000195066
5.23734 0.583346
5.24719 0.445014
7.19795 0.33909
7.2101 0.45634
6.0594 2.2764
6.09398 2.2751
6.11981 2.27029
6.30691 2.21806
6.43257 -0.890699
6.28053 -0.954167
5.6876 2.16129
6.6973 -0.68925
6.92754 -0.404092
6.97648 -0.320763
5.23331 0.846869
5.2656 1.23694
5.42766 -0.346574
5.44247 -0.383773
5.54085 -0.586575
5.65735 -0.75744
5.39225 1.73385
5.32085 1.51762
5.27706 1.30896
5.58946 2.07043
5.45235 1.86414
7.04032 1.42212
6.84394 1.76341
7.05002 1.40055
5.80757 -0.893234
6.02507 -0.980145
6.99913 -0.278603
7.14784 0.0943627
7.17423 0.203603
5.37922 -0.210353
5.32494 -0.0214876
5.35575 -0.13158
5.28004 0.203493
5.23261 0.771985
5.26392 0.305898
5.23331 0.697311
7.21471 0.619241
7.21283 0.683709
7.05777 1.38344
6.57253 2.05385
6.52494 2.09224
6.34544 2.20029
7.21125 0.7278
7.1223 1.20609
6.38456 2.1799
6.40024 2.17229
