5.9114 1.31076
5.8808 1.27174
6.48788 1.28956
6.48738 1.29023
6.65308 1.0093
6.61349 1.0927
5.82563 1.16541
5.82391 1.16154
5.94674 -0.000712059
5.93688 0.0133365
6.12943 -0.127539
6.05031 -0.0932922
6.20415 -0.139072
6.2611 -0.138908
6.47539 -0.0233084
6.49384 -0.00575366
5.84429 0.173391
5.86173 0.133187
6.67246 0.943902
6.66338 0.980539
6.60557 0.151017
6.62099 0.18128
5.77779 0.368774
5.77618 0.376103
6.13067 1.44586
6.10255 1.44449
6.34269 1.40497
6.27276 1.43257
6.69325 0.396346
6.69925 0.427062
5.98674 1.38755
6.70741 0.785317
6.70205 0.819086
6.48672 1.29096
6.55705 1.19434
6.65923 0.993834
6.66089 0.989331
6.58987 1.13707
5.77139 1.00414
5.77092 1.0027
5.99591 1.39696
5.77242 1.00774
6.02343 1.41049
6.2165 1.44879
6.39346 1.37019
5.74358 0.775586
5.75113 0.862193
5.74628 0.598662
5.74981 0.54415
6.71739 0.678326
6.71803 0.668504
5.75356 0.891314
5.75978 0.932322
5.7415 0.654978
5.74137 0.661054
6.37389 -0.101207
6.37432 -0.100947
6.02439 -0.0721928
5.95253 -0.00841735
5.80872 0.269661
5.82945 0.209812
6.66168 0.279364
6.66715 0.296524
6.37695 -0.098954
6.37203 -0.101854
5.89134 0.0838807
6.15319 -0.136572
6.55197 0.0682442
5.78089 0.355959
6.57829 0.103762
6.63759 0.219068
5.75967 0.476028
6.71447 0.523633
6.71675 0.553302
6.71816 0.576979
5.84909 1.21485
5.77004 0.998103
5.99899 1.39935
6.00228 1.40124
5.75606 0.498996
6.71645 0.693055
5.74192 0.726556
5.75148 0.526924
5.75057 0.535922
5.80492 1.111
5.74125 0.667704
