4.73246 -1.15941
4.75537 -1.24344
5.4128 -2.51093
5.41146 -2.51049
5.02439 -2.03624
5.01275 -2.00807
5.07853 3.43436
5.11212 3.46077
4.65736 -0.874416
4.65127 -0.849502
4.57625 -0.517386
4.55975 -0.436886
5.94924 3.55851
5.92236 3.56496
6.17689 3.47359
6.25564 3.43558
4.60543 2.52066
4.61761 2.57105
4.65849 2.71688
4.66224 2.72833
7.06879 2.81792
7.01956 2.86871
7.18503 2.68819
7.18211 2.69166
7.28803 2.55938
7.31153 2.52791
7.40754 -1.16576
7.45039 -1.10502
6.58095 -2.02302
6.62589 -1.98855
6.93427 -1.71452
7.01321 -1.63738
7.48662 2.26822
7.50585 2.23606
4.83654 -1.51762
4.82678 -1.48466
7.81492 -0.394187
7.80931 -0.409605
4.85167 3.16849
4.82195 3.1169
5.00399 3.36743
5.0135 3.37667
5.3064 3.5641
5.30703 3.56434
5.79567 -2.49105
5.77508 -2.49859
4.9105 -1.74021
4.89521 -1.69764
6.78608 3.0834
6.76929 3.09781
6.51938 3.28376
6.57097 3.24818
4.60355 -0.643932
4.64486 -0.822423
4.94855 -1.84978
4.9566 -1.86971
4.54387 2.23255
4.52957 2.15382
4.50193 1.97686
4.50518 1.99851
7.71159 -0.644565
7.73986 -0.580876
7.5903 -0.878714
7.6158 -0.83324
6.44496 3.33103
6.40074 3.35839
6.92601 2.95941
6.98958 2.89921
7.50838 -1.01602
7.4766 -1.06573
6.76495 -1.87023
6.82158 -1.82124
7.0899 -1.5561
7.02101 -1.62925
7.98196 0.568927
7.98195 0.562086
6.34682 -2.19504
6.41125 -2.15183
6.28451 -2.23851
6.23592 -2.26799
5.4986 3.60786
5.49987 3.60796
4.70213 2.84652
4.72241 2.90225
7.6961 1.86539
7.67826 1.90555
7.97222 0.789923
7.97554 0.74826
4.78307 -1.33952
4.76268 -1.27018
5.41423 -2.51125
7.85225 -0.284821
7.8503 -0.290936
5.07187 -2.13554
5.07459 -2.14161
5.19194 -2.33467
5.14902 -2.27238
6.12591 -2.33716
6.08875 -2.35745
5.24488 -2.39719
5.22432 -2.37445
5.30598 -2.45119
5.27264 -2.42469
4.42779 0.882286
4.42787 0.850052
4.42862 1.0088
4.42825 0.977052
4.44219 1.38099
4.44081 1.35842
4.45068 1.50121
4.44963 1.48673
4.54188 -0.342509
4.55381 -0.406377
4.44982 0.350231
4.45133 0.330951
4.44032 0.486582
4.44182 0.461408
4.46889 0.14775
4.47078 0.130426
5.98734 3.54651
5.83366 3.58694
6.10171 3.50431
6.28927 3.41962
7.9576 0.932665
7.94252 1.03858
7.90409 1.2379
7.91606 1.18449
7.23684 -1.38885
7.18926 -1.44568
7.32745 -1.27455
7.30122 -1.30905
6.67505 -1.94704
6.52663 -2.0664
7.0147 -1.63583
6.91782 -1.73106
7.56553 2.13051
7.53089 2.19307
7.40251 2.39892
7.43049 2.3569
7.84096 1.47794
7.86412 1.39952
7.78462 1.64552
7.8069 1.58283
7.88722 1.31131
7.875 1.35873
5.55851 -2.53503
5.54981 -2.53577
5.65218 -2.52686
5.64106 -2.52939
7.80197 -0.42906
4.95839 3.31698
4.96262 3.32219
6.8546 3.02425
6.83756 3.0395
6.63847 3.19934
6.62617 3.20866
6.51124 3.28944
4.47293 1.74836
4.47191 1.73919
4.55032 2.27035
4.5194 2.09256
5.68635 3.60759
5.70863 3.60646
5.78885 3.59494
5.77544 3.59773
6.06358 3.5202
6.39418 3.36195
6.9949 2.89385
6.90888 2.97597
6.48265 -2.09816
6.85161 -1.79277
6.72416 -1.90665
7.1072 -1.53798
6.31437 -2.21777
4.78373 3.0436
4.81234 3.09951
6.0211 -2.39327
6.03836 -2.385
5.93427 -2.43619
5.93752 -2.43492
4.69365 -1.01406
4.69921 -1.03506
4.45947 1.60849
4.45999 1.61503
4.48748 -0.00751685
4.50232 -0.108939
4.43098 0.691124
4.42999 0.722203
4.43613 0.56402
4.4348 0.591824
4.72438 2.90699
4.7487 2.96452
4.5708 2.37294
4.56936 2.36629
7.96734 0.847391
7.96515 0.868958
4.64935 -0.841393
4.43355 1.20216
4.43454 1.23104
4.42984 1.07301
4.43051 1.10405
6.18725 -2.3002
5.37164 -2.49259
5.36646 -2.48984
7.8847 -0.173584
4.87228 3.20028
4.91374 3.26077
4.67925 -0.959394
4.68263 -0.972052
6.71807 3.13921
6.69556 3.15644
4.51671 -0.199187
4.5212 -0.226861
7.63236 2.00195
7.62223 2.02265
7.8853 -0.171462
7.89987 -0.115313
7.97573 0.375371
7.97178 0.318378
4.48998 1.8871
4.48777 1.87124
5.33405 -2.47166
7.94417 0.0984486
7.93871 0.0650065
4.5144 2.06215
4.99723 3.35999
4.75712 -1.24992
4.72303 -1.12423
4.86407 -1.60611
4.86401 -1.6059
5.08438 -2.16075
5.1098 -2.20743
4.99964 -1.97871
5.04271 -2.07505
4.92344 3.27397
5.17765 3.50354
5.30795 3.56459
5.4036 3.59175
5.88942 -2.45601
5.88398 -2.45853
7.96097 0.215025
7.95798 0.189134
4.43774 1.29454
4.43818 1.32074
4.42794 0.945696
4.42781 0.913552
4.42916 0.78655
4.42777 0.818799
4.44618 1.44125
4.44494 1.42257
4.44466 0.418661
4.4462 0.396185
5.57546 3.61271
5.59999 3.6126
4.51027 2.03639
4.48467 0.0125426
4.48502 0.00987453
7.65417 -0.760997
7.67253 -0.725013
4.59334 2.47196
4.64348 2.66778
4.67375 2.76448
4.64389 2.66918
7.14657 2.7323
7.19067 2.68148
7.93892 1.06064
7.91796 1.1752
7.24291 2.61702
7.35191 2.47266
7.45905 -1.09218
7.37048 -1.21774
7.28306 -1.33157
7.24591 -1.37816
7.52676 2.20028
7.48244 2.27507
7.81402 1.56162
7.83659 1.49225
7.9817 0.581485
7.97905 0.676814
5.60678 -2.53258
5.5956 -2.53436
4.80953 -1.42877
4.86425 -1.60668
7.91488 -0.0548508
7.91436 -0.0571765
5.2099 3.52176
5.1947 3.51389
5.49478 3.60729
5.69559 -2.51887
7.91852 -0.0368022
7.9642 0.243041
4.92707 -1.78882
4.96541 -1.8915
4.49624 1.93487
7.6886 -0.69282
7.76205 -0.529523
7.55599 -0.937841
7.35538 -1.23859
7.52265 -0.993427
7.98109 0.477728
4.79038 -1.36377
5.97805 -2.41514
5.98795 -2.41082
5.68626 -2.52158
4.46553 1.678
4.46563 1.67919
4.43327 0.627408
4.43211 0.657018
4.6954 2.8265
4.72376 2.90557
4.43145 1.13744
4.43232 1.16755
4.52773 -0.264909
4.70811 -1.06867
5.50105 -2.53272
5.50364 -2.53299
5.12328 -2.2287
5.19297 -2.33628
5.21816 -2.36828
5.26001 -2.41167
4.42885 1.04055
4.45456 1.55088
4.45546 0.28151
4.43768 0.526626
4.45816 0.251893
4.57114 2.37441
4.64381 2.66893
7.22284 2.64211
7.12241 2.75982
7.961 0.905784
7.889 1.30418
7.37563 2.43859
7.18861 -1.44642
7.60322 2.05929
7.57619 2.11091
7.44508 2.33425
7.8655 1.39449
7.77516 1.67139
5.50631 -2.53301
6.75062 3.11295
4.47836 1.79802
4.46692 1.69221
6.06355 -2.37072
5.90878 -2.44756
4.42885 0.754931
4.7612 2.99236
4.68173 2.78744
4.55886 2.31362
7.72345 1.80226
7.753 1.72964
7.66948 1.92464
4.7754 3.02494
7.14316 -1.498
7.96853 0.836505
4.43566 1.26688
5.40348 -2.50682
5.62431 3.61141
4.98462 -1.94069
7.98024 0.452624
4.48114 1.81921
4.47963 1.80752
7.97775 0.706595
6.68036 3.16795
6.82031 3.05474
7.08316 2.80261
7.71321 1.82695
5.19518 -2.33917
7.76467 1.69959
7.77412 -0.500295
6.615 3.21707
5.7169 3.60602
7.91382 -0.0594105
5.73682 3.60368
