7.2739 1.50943
7.27897 1.49662
7.4544 0.667914
7.45699 0.595789
7.41493 1.03037
7.42332 0.988422
5.09523 -0.194449
5.09419 -0.189973
5.1629 -0.447175
5.1774 -0.494967
5.39608 -1.00005
5.34995 -0.919715
5.50661 -1.16138
5.52889 -1.18921
5.09753 1.79944
5.09692 1.79689
5.01278 1.35041
5.01326 1.35457
5.16048 1.9996
5.18479 2.06548
7.2112 1.64949
7.2127 1.64653
7.25552 -0.340573
7.22125 -0.412493
6.47025 -1.26387
6.50478 -1.24117
6.17045 2.6516
6.1803 2.64802
6.4019 2.55175
6.41758 2.5431
7.13121 -0.575852
7.11043 -0.610151
5.55308 2.57617
5.64536 2.62904
7.45182 0.740977
7.45285 0.728264
5.22922 -0.642623
5.20429 -0.573689
5.30607 -0.827402
5.34586 -0.911353
5.0495 1.58082
5.03505 1.49908
4.99686 1.18645
4.98936 1.07925
5.45933 2.50057
5.47077 2.50997
5.33435 2.35063
5.36295 2.39128
6.08096 -1.41447
6.04598 -1.41651
6.27393 -1.36299
6.28681 -1.35713
5.89406 -1.41258
5.90066 -1.41333
5.23716 2.18205
5.20631 2.11504
6.88671 -0.907543
6.84542 -0.953074
6.69306 -1.10018
6.68224 -1.10971
5.71265 -1.34531
5.65335 -1.30465
7.28984 -0.26101
7.2696 -0.309803
7.35925 -0.0649374
7.38164 0.0132517
7.41681 0.167337
7.4321 0.254917
5.06131 -0.0308992
5.06835 -0.0665619
4.98204 0.871497
4.98266 0.908201
4.98415 0.674421
4.98306 0.712735
5.00041 0.403347
4.99629 0.451813
5.02806 0.161782
5.02415 0.188185
5.90902 2.68827
5.95955 2.68827
5.75345 2.66823
5.69747 2.64842
6.98058 -0.795484
6.94234 -0.843718
7.31092 1.41423
7.33167 1.35249
7.39627 1.12106
7.39202 1.14195
7.45541 0.494961
7.44933 0.401669
7.45562 0.501765
7.45617 0.523176
5.1343 -0.346929
5.11067 -0.258593
7.43075 0.934039
7.42486 0.97895
6.75494 2.28824
6.75525 2.28794
6.58099 2.43601
6.60072 2.42062
6.89545 2.13632
6.88238 2.15214
7.02847 1.96339
6.98922 2.0178
6.30615 2.59938
6.34742 2.58033
6.44034 2.53014
6.46895 2.51266
5.15286 -0.413022
4.98335 0.945558
4.98461 1.00043
4.98145 0.814388
7.36659 1.23861
7.38206 1.1805
7.33842 1.33207
7.33752 1.33474
5.1074 -0.245746
5.10871 -0.250895
5.17798 -0.496863
5.1805 -0.505083
6.83373 2.2073
6.82493 2.21671
7.04211 1.94325
7.08505 1.87635
7.29622 -0.24499
7.31477 -0.197114
7.30958 1.41828
5.00085 1.23776
4.99907 1.21604
7.44851 0.784277
7.44468 0.827395
5.00336 0.371515
5.0083 0.321225
4.9862 0.621949
4.98788 0.582317
7.16274 1.7421
7.15355 1.75925
5.0527 0.0155424
5.04435 0.0600526
4.98151 0.777924
7.08198 -0.65479
7.04608 -0.707548
7.24338 1.581
7.308 1.42289
7.45675 0.5862
7.45395 0.692596
7.42427 0.982259
7.41124 1.05181
5.08373 -0.142783
5.10082 -0.219405
5.34785 -0.915508
5.43836 -1.06995
5.57388 -1.23541
5.46486 -1.10588
5.07203 1.69109
5.09906 1.80511
6.66761 2.36694
6.68031 2.35578
5.393 2.42801
5.45685 2.49829
6.17669 -1.39543
6.18084 -1.39408
5.8033 -1.38786
5.88668 -1.41053
5.19608 2.0926
5.14512 1.95408
6.71147 -1.08339
6.77137 -1.02792
7.22191 1.62758
7.18353 1.70302
7.21158 -0.431402
7.2683 -0.312781
7.39155 0.0522362
7.40975 0.131293
4.98208 0.74096
5.00951 0.309963
5.02346 0.193341
5.76261 2.67029
5.85605 2.68574
6.56927 -1.19775
6.39181 -1.30807
6.97364 2.03829
6.93704 2.08577
6.06423 2.67683
6.02516 2.68117
6.14169 2.65877
6.27769 2.61274
7.01059 -0.75605
7.17018 -0.5083
7.23776 1.59358
7.24051 1.5874
5.65198 2.63227
5.53809 2.56532
7.45135 0.749068
5.26396 -0.734244
5.19441 -0.54581
5.26577 -0.738476
5.26735 -0.742005
5.4475 -1.08284
5.62134 -1.28069
5.02988 1.46867
5.06269 1.6461
5.1286 1.9042
5.01339 1.35546
5.29696 2.2919
5.98672 -1.42046
6.17593 -1.39558
6.37251 -1.31875
5.75449 -1.36607
5.27174 2.25051
5.28233 2.26886
6.80863 -0.991972
6.91517 -0.875599
6.60789 -1.16825
7.13636 1.79
7.10036 1.85134
7.18839 -0.475564
7.29285 -0.253619
7.31941 -0.184329
7.34852 -0.0999391
7.43571 0.280567
5.07673 -0.10973
5.05611 -0.00325308
4.98506 0.647536
4.98913 0.558567
4.9947 0.472133
5.00188 0.386529
5.0429 0.0687517
7.44799 0.386973
7.38613 1.1636
7.40001 1.10573
7.45559 0.498818
7.36129 1.25681
7.40521 1.07848
7.43562 0.903837
6.75646 2.28672
6.51604 2.48218
6.81344 2.22883
6.8567 2.1821
7.03891 1.94822
6.49498 2.49686
7.44191 0.854534
6.29157 2.60648
6.38588 2.56091
