6.37493 2.70874
6.35464 2.71868
5.54178 2.76142
5.48806 2.72774
5.00394 -0.244861
5.00109 -0.232625
5.00003 1.86244
4.99294 1.83279
6.74322 2.44656
6.69966 2.48446
4.88664 0.779923
4.88593 0.800218
6.93683 -1.00879
6.89008 -1.06136
7.06326 2.08486
7.07287 2.07177
7.12737 1.99115
7.16625 1.92875
7.51305 0.177031
7.51608 0.194834
5.5163 -1.40412
5.5002 -1.38667
4.89696 1.15683
4.89817 1.17817
5.6922 -1.53495
5.67023 -1.52189
7.54337 0.744351
7.54387 0.73811
5.16177 -0.784287
5.13139 -0.696646
5.28354 -1.0622
5.32357 -1.13852
5.20239 -0.88465
5.1683 -0.800921
5.38049 -1.23102
5.3336 -1.15726
4.95447 1.64222
4.97002 1.72445
4.92014 1.41474
4.92282 1.43501
4.90573 0.388707
4.90487 0.397036
4.88933 0.667613
4.88984 0.649569
4.8868 0.890311
4.88722 0.929938
5.32798 2.58299
5.34753 2.60569
5.21641 2.42464
5.17495 2.35024
5.12877 2.25128
5.16416 2.32998
6.06194 -1.582
6.03763 -1.58498
6.25566 -1.52388
6.18867 -1.54747
5.87405 -1.58875
5.93001 -1.5905
5.05849 2.06549
5.04724 2.02915
6.83464 -1.11774
6.79145 -1.16015
7.25506 1.77118
7.26944 1.74353
7.26805 -0.530435
7.25573 -0.553767
7.36335 -0.332185
7.3632 -0.332556
4.93445 0.13722
4.93762 0.115823
6.07089 2.82434
6.16007 2.79989
5.95011 2.84309
6.04117 2.83029
5.72342 2.83014
5.74331 2.83456
6.45213 -1.42346
6.4034 -1.4509
6.65107 -1.28331
6.61682 -1.30946
6.57903 2.58092
6.56973 2.58804
7.4289 1.34996
7.43325 1.33701
7.52991 0.889234
7.52937 0.893834
7.54211 0.408648
7.54187 0.40508
7.54717 0.57359
7.54783 0.599137
4.97222 -0.0883236
4.98939 -0.176738
7.05481 -0.864361
7.06734 -0.848369
7.18368 -0.679305
7.17461 -0.693569
7.46471 1.22682
7.45207 1.27234
7.50749 1.03379
7.50602 1.04262
6.84622 2.34664
6.89583 2.29345
6.92404 2.26218
6.96895 2.208
6.44119 2.67084
6.46214 2.65892
7.42996 -0.153817
7.42402 -0.172545
7.40468 -0.226587
7.40957 -0.213131
7.37612 1.50243
7.40271 1.42922
4.89047 1.05749
4.90687 1.2945
4.91203 0.319543
4.91121 0.327882
4.90105 0.443266
4.89932 0.465702
4.89293 0.568648
4.89145 0.601049
4.88786 0.714752
4.88918 1.02178
6.49155 2.64066
6.49976 2.63525
7.48959 1.1245
7.49028 1.12154
5.04171 -0.398057
5.02315 -0.325477
7.20963 1.8551
7.22753 1.82347
6.32073 2.73601
6.29931 2.74576
4.89022 1.04001
5.0832 -0.549199
5.08405 -0.551984
7.47166 -0.0115414
7.45864 -0.0606473
7.30529 -0.457653
7.3122 -0.443826
7.40526 1.42181
5.01602 -0.296209
5.00444 -0.247119
5.06332 -0.478547
7.28014 1.72176
7.30338 1.67427
6.40904 2.68996
4.90704 1.29644
4.88641 0.759997
7.49365 0.079868
7.48871 0.0555114
7.37295 1.51042
5.44347 2.69546
5.59889 2.78923
4.90718 1.2981
7.54611 0.656313
7.54551 0.695971
7.51541 0.985618
7.51076 1.01674
4.99275 -0.193022
5.24051 -0.974782
5.23562 -0.963309
5.43649 -1.31128
5.42292 -1.29425
4.97561 1.75339
5.00335 1.87472
6.65618 2.5213
6.77486 2.41679
5.26833 2.50624
5.29336 2.53839
6.15814 -1.55873
6.07101 -1.57969
5.78254 -1.57071
5.81181 -1.57725
5.09145 2.16019
5.07788 2.12379
7.09759 -0.805474
7.12718 -0.764856
6.98287 -0.954693
6.86648 -1.0859
7.33559 -0.3949
7.34099 -0.383162
5.84626 2.84617
5.79444 2.84037
6.551 -1.35864
6.51446 -1.38283
7.09914 2.03394
7.02193 2.14054
6.26673 2.76068
6.2131 2.78062
7.18816 -0.671849
7.24224 -0.57807
7.53215 0.303451
7.30461 1.67163
7.34049 1.59108
5.64135 2.80663
5.39648 2.65418
7.53289 0.309592
5.5744 -1.45609
5.46891 -1.34943
4.90915 1.31735
5.73502 -1.55175
5.60383 -1.48043
7.5428 0.754088
5.09882 -0.598594
5.11131 -0.636892
5.07951 -0.537126
5.06675 -0.490961
5.16546 -0.793864
5.32875 -1.14841
5.24649 -0.988314
4.93594 1.52936
4.94379 1.57823
5.02892 1.9686
4.91841 0.256897
4.91826 0.258109
5.2545 2.48656
5.16926 2.34005
5.10232 2.18681
5.96723 -1.59213
6.29541 -1.50522
6.3544 -1.47826
6.76135 -1.18889
7.00386 -0.92966
6.71203 -1.23173
7.28471 -0.498978
7.36524 -0.327557
4.96175 -0.0321231
4.95659 -0.00263471
4.95326 0.0178164
6.05467 2.82832
5.87226 2.84627
7.53829 0.365539
6.53545 2.61089
6.58774 2.57442
7.02651 -0.901769
7.47888 1.16702
7.48878 1.12857
7.54625 0.50216
7.4722 1.19639
7.43811 1.32211
7.49758 1.08188
7.51841 0.968791
6.83095 2.36252
6.62011 2.54932
6.91372 2.274
7.12099 2.00119
6.98999 2.18137
7.38697 -0.272886
7.38434 -0.2797
4.91824 0.258309
4.90626 0.381242
4.89638 0.505603
4.89465 0.533826
4.89016 0.632083
6.48394 2.6459
7.53704 0.816303
7.52709 0.910261
4.91825 0.258201
7.43678 -0.132592
7.27547 1.73114
7.23473 1.81013
7.34164 1.58851
7.19127 1.88656
7.5309 0.881307
4.89571 0.519172
