7.70227 -0.288728
7.72937 -0.204573
5.50636 3.34213
5.42773 3.3182
5.06811 3.05678
5.09967 3.09449
7.81554 0.18032
7.82966 0.293345
4.60292 1.50029
4.60823 1.55159
4.92462 2.83531
4.92492 2.8359
4.66942 2.00192
4.66913 2.00019
4.65016 -0.0890991
4.64133 -0.0302429
7.53623 -0.679551
7.51704 -0.716872
6.37615 3.16215
6.28493 3.20952
4.73069 2.2863
4.7216 2.24933
6.68917 2.9528
6.71494 2.9325
6.88872 -1.54307
6.88271 -1.54885
7.41141 -0.901755
7.40655 -0.909519
7.4732 2.00627
7.46517 2.02124
7.31166 2.27667
7.28863 2.31074
7.63808 1.64573
7.63268 1.65982
7.74185 1.32499
7.75156 1.2882
7.76814 -0.0617835
7.78838 0.0281807
7.64509 -0.442369
7.62108 -0.501329
5.78306 -2.19573
5.78502 -2.19537
5.30647 3.26407
5.39792 3.30844
5.11134 3.10786
5.18622 3.17921
4.97601 -1.3592
5.00156 -1.42785
5.09208 -1.64226
5.07447 -1.6055
6.54727 3.05526
6.57115 3.03942
4.63605 1.78389
4.63932 1.80825
6.09212 -2.10644
6.19172 -2.05815
5.52485 -2.16116
5.56583 -2.17712
4.8206 -0.868827
4.8049 -0.811398
5.13686 -1.73731
5.16211 -1.78224
4.61084 0.209988
4.6061 0.254247
4.69211 2.11724
4.69438 2.12753
5.92178 3.33936
5.93868 3.33478
6.20173 3.24833
6.15133 3.26963
6.90297 2.76606
6.85483 2.81216
6.66585 2.97069
6.3935 -1.93982
6.35398 -1.96383
6.7947 -1.63015
6.75459 -1.66496
7.00041 -1.43029
6.93101 -1.50096
7.29273 -1.07771
7.31132 -1.05239
7.84253 0.516622
7.84041 0.437516
4.57516 0.913379
4.57495 0.903126
4.57906 1.11174
4.58093 1.16737
4.90592 -1.15433
4.91635 -1.18827
4.72063 -0.461729
4.73234 -0.515946
5.27323 -1.95683
5.24353 -1.91435
4.59145 0.430757
4.58957 0.457834
4.58189 0.595404
4.57924 0.654624
4.7511 2.36781
4.75877 2.39665
7.16157 -1.24845
7.14904 -1.26402
7.8185 0.940949
7.82419 0.897494
4.67866 -0.253643
4.67425 -0.229371
7.84235 0.587719
7.8416 0.654393
7.73743 -0.177338
7.69049 -0.32282
6.08316 -2.11018
6.0869 -2.10882
5.65252 -2.19278
5.68533 -2.19824
7.05391 -1.37164
7.0841 -1.33853
6.42103 3.13512
6.2643 3.22039
4.82795 2.61125
4.82559 2.60435
7.12991 2.52115
7.13965 2.5094
7.79865 1.06837
7.78582 1.13707
7.39471 2.14454
7.37003 2.18533
7.22313 2.40143
7.26193 2.34879
7.69264 1.4919
7.69814 1.47526
7.66317 -0.396429
7.61977 -0.504252
7.59335 -0.563181
6.59104 3.02588
6.51452 3.07725
4.62617 1.71199
4.62229 1.67991
4.60056 1.47656
4.59612 1.42327
6.05293 -2.12181
5.77128 -2.19621
5.59061 -2.18435
5.50821 -2.15529
4.84644 -0.962354
4.92528 2.83651
4.97237 2.9203
6.00177 3.31872
6.03713 3.30914
6.12844 3.27744
6.14246 3.27276
6.45659 3.11415
5.71101 3.36413
5.71989 3.3635
5.63784 3.36121
5.65925 3.36304
6.81852 2.8438
6.30406 -1.99509
6.46135 -1.89351
6.89697 -1.53542
7.014 -1.41579
5.94207 -2.16152
5.93475 -2.16415
5.99043 -2.14569
4.57601 0.986516
4.57594 0.976878
4.57883 1.10387
4.85338 -0.986481
4.87667 -1.0618
4.58939 0.460281
4.58948 0.459004
4.59856 0.33296
4.62517 0.0892174
4.62106 0.121142
4.58217 0.589425
4.7706 2.43605
4.78599 2.48615
6.95626 2.71268
7.01441 2.65311
7.25186 -1.1342
7.25902 -1.12505
7.83146 0.82399
7.82697 0.874271
5.88422 -2.17809
5.87607 -2.18013
4.57845 1.04038
4.57856 1.09572
4.95245 -1.29573
4.93967 -1.25848
4.60162 1.48742
4.77004 -0.678429
4.79312 -0.768458
5.39045 -2.07899
5.4209 -2.10422
4.58709 0.524194
4.58242 0.583778
7.55521 1.84182
7.5571 1.83779
4.88373 2.74757
4.85199 2.67272
5.78137 -2.19594
4.59074 1.35711
4.59089 1.35911
4.64613 1.85591
4.64844 1.87243
5.46969 -2.13432
5.43489 -2.1128
5.32493 -2.0166
5.31143 -2.00088
4.5994 0.323621
5.86741 3.34932
5.85648 3.35074
4.6983 -0.358448
4.70098 -0.371235
6.2513 -2.02558
6.23193 -2.03647
4.84529 2.65751
4.83729 2.63695
6.49267 -1.87234
6.56326 -1.81986
4.97735 2.92811
5.00206 2.96719
4.58869 1.32603
4.58688 1.29677
4.63052 1.74408
4.5746 0.839423
4.57503 0.795393
5.40589 3.3117
5.54173 3.34924
5.10396 3.09979
5.04414 3.02558
7.83105 0.30796
7.81248 0.159324
5.05061 -1.55215
5.03657 -1.51742
5.19606 -1.84269
5.18343 -1.8201
4.6592 1.94356
4.67272 2.01961
7.47319 -0.797104
7.57233 -0.606951
4.71306 2.21287
4.73598 2.30858
6.84467 -1.5841
7.3618 -0.977588
7.42258 -0.883629
7.43455 2.07621
7.50832 1.93899
7.26815 2.34006
7.31797 2.26716
7.66439 1.57569
7.60311 1.73374
7.7627 1.24188
7.72607 1.38293
7.83794 0.732673
7.83644 0.766451
7.79444 0.0579059
7.76172 -0.0876284
5.2082 3.1975
5.2827 3.24971
5.60765 3.3592
7.83972 0.424695
5.02901 -1.4976
4.96777 -1.33766
5.11511 -1.69217
4.74332 -0.564806
4.7661 -0.662126
5.20366 -1.85596
5.13238 -1.72798
4.6581 1.93653
4.70408 2.17451
4.68141 2.06386
7.4585 -0.822967
6.69317 -1.71835
6.66129 -1.74386
6.63224 -1.76723
7.33254 -1.02137
7.84295 0.544733
5.98526 -2.14781
7.59869 1.74416
7.60092 1.73896
5.29582 -1.98353
4.74924 2.3603
4.76769 2.42701
7.04484 2.61934
7.08177 2.57808
7.82601 0.881817
7.81604 0.961043
4.66018 -0.148182
4.69153 -0.323857
4.84848 -0.969601
4.7949 2.51364
4.81128 2.56454
7.16746 2.4743
7.11069 2.5443
7.80978 1.00083
7.77454 1.19097
7.20149 2.43022
7.51054 1.93458
7.41908 2.10336
7.35373 2.21134
7.71855 1.40832
7.66793 1.56533
5.89226 -2.17569
4.84763 -0.966572
4.57462 0.860328
4.58311 1.22536
4.58356 1.23612
4.9282 -1.22402
4.57694 0.710692
4.57632 0.729341
7.13054 -1.28571
7.83522 0.786494
4.61738 1.64078
4.61236 1.59486
5.42708 -2.10819
5.36473 -2.05639
5.81513 3.35672
5.78605 3.35926
4.6569 1.92836
5.49892 -2.15113
5.34563 -2.03967
4.61357 0.184402
5.90154 3.34347
5.01629 2.98854
5.3556 -2.04887
6.29507 -2.0007
4.59107 1.36142
4.63516 0.0147512
4.58678 1.29496
4.58666 1.29292
4.6053 0.263294
4.57523 0.784991
4.57537 0.774823
5.70446 3.36422
6.59254 -1.79872
7.21909 -1.17579
4.57584 0.96714
4.58108 1.17407
4.89371 -1.11691
4.57882 0.662552
7.021 2.64595
6.48695 3.09561
4.61883 1.65368
4.6099 1.57038
