7.70403 -0.290369
7.73181 -0.204086
5.50611 3.34625
5.43811 3.32556
5.06495 3.05876
5.09479 3.09443
7.81749 0.178495
7.83195 0.294202
4.60038 1.49872
4.60585 1.55157
4.6672 2.0033
4.66667 2.00016
4.64761 -0.0875292
4.63919 -0.0314537
7.53891 -0.679017
7.51854 -0.718636
6.37652 3.16513
6.28872 3.21073
4.72748 2.2843
4.7189 2.2494
6.69005 2.95547
6.71328 2.93717
6.89092 -1.54441
6.88682 -1.54835
7.41295 -0.903574
7.4095 -0.909084
7.47464 2.00822
7.4676 2.02136
7.31302 2.27851
7.28584 2.3187
7.63898 1.64937
7.63506 1.65959
7.74409 1.32478
7.75329 1.28991
7.76998 -0.0635021
7.79071 0.0286449
7.64763 -0.441861
7.62366 -0.500738
5.7831 -2.20018
5.78839 -2.19921
5.3062 3.26855
5.39378 3.31104
5.11103 3.11302
5.18277 3.18138
4.97201 -1.35671
4.99898 -1.42918
5.08701 -1.63911
5.07161 -1.60697
6.55064 3.05621
6.57289 3.04146
4.63341 1.78226
4.6369 1.80824
6.08627 -2.11298
6.19109 -2.06216
5.51624 -2.16344
5.5621 -2.18129
4.81842 -0.870061
4.80188 -0.809542
5.13596 -1.74306
5.15786 -1.78201
4.6087 0.208748
4.60367 0.255741
4.68975 2.11871
4.6917 2.12751
5.92219 3.34268
5.94451 3.33664
6.19176 3.25595
6.15173 3.27286
6.90116 2.77116
6.85567 2.81472
6.66903 2.97159
6.39307 -1.94354
6.35683 -1.96557
6.79428 -1.63383
6.75684 -1.66633
6.99998 -1.43409
6.93307 -1.50222
7.29584 -1.07725
7.3128 -1.05414
7.8447 0.517435
7.84252 0.43619
4.57295 0.913382
4.57271 0.901829
4.57688 1.11301
4.5787 1.16738
4.90356 -1.15554
4.91455 -1.19131
4.71849 -0.462938
4.72958 -0.51425
5.27235 -1.96248
5.23998 -1.91617
4.59137 0.400422
4.58746 0.456612
4.57963 0.596793
4.57704 0.65466
4.74837 2.36789
4.75819 2.40481
7.16481 -1.24797
7.15051 -1.26575
7.82075 0.93953
7.82706 0.891389
4.67659 -0.254814
4.67168 -0.227796
7.84453 0.58308
7.84375 0.653045
7.73923 -0.17902
7.69298 -0.322322
6.08623 -2.113
6.08625 -2.11299
5.6591 -2.19882
5.68458 -2.20306
7.05484 -1.37403
7.08609 -1.33974
6.4245 3.13622
6.26468 3.2234
4.82541 2.61284
4.82254 2.60444
7.13074 2.52367
7.14201 2.51007
7.80046 1.07015
7.78824 1.13555
7.39611 2.14643
7.3725 2.18545
7.22454 2.40333
7.26464 2.34892
7.69497 1.49168
7.69984 1.47695
7.66489 -0.398033
7.59598 -0.562655
7.62062 -0.507711
6.59141 3.02886
6.51626 3.0793
4.62393 1.71329
4.6199 1.6799
4.59831 1.47787
4.59375 1.42326
6.0861 -2.11304
5.75133 -2.20148
5.58983 -2.18938
5.50459 -2.15933
4.84341 -0.960491
4.96944 2.92214
4.96481 2.91389
4.92048 2.83391
4.92216 2.83763
6.00412 3.32146
6.03754 3.3124
6.13356 3.27907
6.14469 3.27535
6.4584 3.11624
5.71079 3.3678
5.72596 3.36671
5.6398 3.36524
5.65901 3.36688
6.82137 2.84461
6.31105 -1.99424
6.46401 -1.89513
6.89654 -1.5392
7.01599 -1.417
5.9448 -2.16463
5.93479 -2.16823
5.993 -2.14862
4.57381 0.987799
4.57372 0.976881
4.57661 1.10388
4.85354 -0.995746
4.87433 -1.063
4.5871 0.46169
4.58729 0.45904
4.59636 0.331687
4.62303 0.0880098
4.6192 0.117788
4.57997 0.589461
4.76687 2.43373
4.783 2.48624
6.95881 2.7134
7.01523 2.65561
7.25514 -1.13372
7.26053 -1.12683
7.8337 0.82258
7.82902 0.87504
5.88427 -2.18225
5.87321 -2.18501
4.57618 1.04038
4.5763 1.09441
4.95261 -1.30442
4.93787 -1.26152
4.59924 1.48741
4.76953 -0.686137
4.79095 -0.769691
5.38589 -2.08133
5.42005 -2.10964
4.58485 0.524231
4.58027 0.582535
7.55774 1.84158
7.55858 1.83979
4.88102 2.74927
4.84755 2.67032
5.77856 -2.20075
4.58847 1.35843
4.58852 1.3591
4.64347 1.85426
4.64601 1.87241
5.46441 -2.13703
5.42429 -2.11224
5.32092 -2.01866
5.30537 -2.00055
4.59695 0.325123
5.86719 3.35295
5.85813 3.35413
4.69614 -0.359669
4.69821 -0.369536
6.25368 -2.02776
6.22558 -2.04356
4.84264 2.65918
4.83678 2.64411
6.49225 -1.87604
6.56577 -1.82139
4.96987 2.92281
4.9991 2.96905
4.58778 1.34805
4.58469 1.29805
4.6281 1.74407
4.57238 0.838137
4.57279 0.796772
5.40564 3.31588
5.53669 3.35239
5.10077 3.1018
5.03941 3.02551
7.83307 0.306066
7.81482 0.160203
5.05075 -1.56033
5.03395 -1.51876
5.19284 -1.84434
5.17634 -1.81484
4.65698 1.94494
4.67319 2.03546
7.47595 -0.796553
7.57385 -0.608744
4.70988 2.21089
4.73327 2.30866
6.84683 -1.58542
7.36331 -0.97936
7.42088 -0.890709
7.43598 2.07813
7.51072 1.9391
7.26958 2.34199
7.32046 2.26728
7.66673 1.57547
7.60399 1.73728
7.76489 1.24168
7.72778 1.38463
7.84025 0.727758
7.83859 0.765098
7.79631 0.0561508
7.7641 -0.0871534
5.20791 3.20229
5.27893 3.25207
5.60741 3.36308
7.84195 0.42553
5.0249 -1.49504
4.96523 -1.33896
5.11218 -1.69367
4.74121 -0.566002
4.76331 -0.66041
5.20276 -1.86168
5.12864 -1.72778
4.65567 1.93651
4.70171 2.17598
4.67876 2.06383
7.45997 -0.824697
6.69275 -1.72204
6.66367 -1.74531
6.63718 -1.76663
7.33552 -1.02093
7.84508 0.54339
5.9853 -2.15178
7.60116 1.74392
7.60258 1.74061
5.29188 -1.98556
4.74599 2.35828
4.76473 2.42709
7.05327 2.61339
7.08425 2.57879
7.82834 0.880352
7.81803 0.961791
4.65809 -0.149365
4.69092 -0.332974
4.84638 -0.97108
4.79112 2.51129
4.80877 2.56611
7.16831 2.47687
7.1085 2.55045
7.81213 0.99936
7.77628 1.19269
7.20423 2.43035
7.51201 1.93655
7.42153 2.10348
7.35511 2.2132
7.72083 1.4081
7.66962 1.56701
5.89516 -2.179
4.84514 -0.966655
4.5724 0.861618
4.58081 1.22402
4.58136 1.2374
4.92467 -1.22183
4.57477 0.709434
4.57407 0.730728
7.12939 -1.29051
7.83724 0.787253
4.61484 1.63921
4.61013 1.59616
5.42192 -2.11084
5.35704 -2.05598
5.8149 3.36037
5.78775 3.36275
4.65423 1.92669
5.49809 -2.15642
5.34477 -2.04523
4.61114 0.185894
5.89548 3.34811
5.01594 2.9943
5.35117 -2.05114
6.29465 -2.00448
4.58858 1.35987
4.63331 0.0114146
4.58453 1.29495
4.58432 1.29147
4.603 0.263332
4.57301 0.785027
4.57317 0.773547
4.92418 2.84149
5.69959 3.36794
6.59212 -1.80236
7.23047 -1.16503
4.57361 0.965848
4.57888 1.17535
4.89193 -1.11992
4.57654 0.663948
7.02347 2.64665
6.48733 3.09858
4.61661 1.65497
4.60738 1.56882
7.62275 -0.50289
