6.25803 2.49038
6.18038 2.51751
6.98402 -0.639566
7.04478 -0.546587
7.37466 0.605353
7.37511 0.592772
5.13388 1.5263
5.14106 1.55959
6.59114 2.29901
6.5921 2.29822
6.29016 -1.22003
6.29 -1.22008
7.11934 1.64376
7.13069 1.62144
5.72434 -1.1755
5.81371 -1.22505
7.16158 -0.338453
7.15628 -0.349583
7.32622 0.140675
7.31242 0.0802692
5.13279 0.0577045
5.13243 0.0595053
5.06739 0.753542
5.06811 0.710724
5.10549 0.234403
5.10005 0.276564
5.79135 2.52545
5.76294 2.51772
5.96928 2.54972
5.99099 2.54785
6.39571 2.4282
6.34631 2.45286
6.9773 -0.648832
6.90969 -0.735189
7.21232 1.43753
7.18651 1.49958
5.07563 1.06006
5.08047 1.13126
5.24768 -0.400358
5.22807 -0.337826
5.31765 -0.59379
5.3506 -0.672434
5.40069 -0.775151
5.36474 -0.704784
5.50042 -0.942437
5.54185 -1.00093
5.62641 -1.09522
5.60675 -1.07361
5.18545 1.74264
5.20401 1.80585
6.09774 -1.26674
6.17383 -1.25344
5.25218 1.94035
5.22582 1.86973
5.33494 2.11887
5.37844 2.19487
5.44188 2.28177
5.39341 2.21607
5.58386 2.42204
5.56521 2.40815
6.76029 -0.901182
6.72371 -0.937035
6.59559 -1.04559
6.59927 -1.04301
7.02116 1.81291
7.05839 1.7523
5.91026 -1.25684
5.82424 -1.22894
7.26121 -0.0937941
7.24367 -0.143685
5.07965 0.479906
5.07455 0.553344
7.3582 0.327964
7.36408 0.380573
6.48652 -1.12066
6.39377 -1.1735
6.81607 2.08661
6.85927 2.03558
7.24528 1.34967
7.22933 1.39368
7.27533 1.25841
7.28209 1.23496
7.33203 1.02732
7.32481 1.06756
7.35552 0.882806
7.35095 0.920964
5.27967 -0.498605
5.25966 -0.43755
5.22117 -0.315363
5.18511 -0.182876
5.17287 -0.130444
5.06916 0.948222
5.06833 0.906175
6.70657 2.19843
6.72667 2.17921
7.31248 1.11797
7.32131 1.08361
6.92089 1.95903
6.89925 1.98705
6.80339 2.10117
7.36773 0.767019
7.36362 0.817103
5.18946 -0.200435
5.19853 -0.23626
5.14905 -0.0216928
5.15864 -0.0671229
6.79729 2.10787
6.78136 2.12489
6.34152 2.45527
6.29022 2.47858
5.07143 0.995716
5.18769 -0.193358
5.08837 1.22376
5.09708 1.30042
6.505 2.36147
6.45757 2.3914
5.21693 -0.301302
5.20361 -0.254331
5.94789 2.54875
5.86549 2.54209
6.15993 2.52201
6.28753 2.4798
7.0902 -0.472292
6.98073 -0.64427
7.37331 0.520737
7.37334 0.676886
7.34137 0.979204
7.33891 0.995071
5.44685 -0.860842
5.45211 -0.870056
5.15805 1.63552
5.1147 1.42487
6.50884 2.35874
6.59652 2.29451
6.19319 -1.25008
6.29019 -1.22002
5.28977 2.03206
5.28986 2.03223
5.50778 2.35519
5.47056 2.31691
6.68216 -0.973551
6.60034 -1.04223
7.10115 1.67781
7.13253 1.61766
5.81659 -1.22649
5.71011 -1.16485
7.2021 -0.248691
7.13737 -0.386551
7.3385 0.200277
7.29764 0.0245944
5.13101 0.0669264
5.1455 -0.00380857
5.06862 0.687525
5.06727 0.775896
5.12002 0.133716
5.0909 0.35621
5.67586 2.48032
6.07432 2.54058
5.66198 2.47347
6.85205 -0.804895
6.83559 -0.823141
6.80812 -0.852058
7.1056 -0.445779
7.17678 1.52239
7.22113 1.41502
5.27976 -0.498863
5.2797 -0.498711
5.35722 -0.687975
5.44094 -0.849969
5.55908 -1.02122
5.6336 -1.10258
5.11301 1.41495
5.17737 1.71157
5.21744 1.8468
5.1126 1.41209
6.00384 -1.26972
6.03755 -1.26857
6.38869 -1.17632
5.95931 -1.26441
5.28968 2.03188
5.38397 2.20319
6.50715 -1.10685
6.9701 1.89128
7.07693 1.72062
7.20877 -0.23318
7.28065 -0.0342303
7.21616 -0.214721
7.34769 0.25466
5.06991 0.645529
5.08492 0.416425
5.07177 0.605521
5.08788 0.384495
5.12312 0.114329
7.37124 0.46339
6.66977 2.23278
6.67806 2.2258
7.30291 1.16054
7.30352 1.15829
7.37308 0.495778
7.37288 0.689608
7.25731 1.31345
7.30221 1.16345
7.32301 1.07545
7.34674 0.949291
6.94677 1.92437
6.96424 1.90004
6.74257 2.16356
6.66314 2.23847
6.88047 2.01076
7.37277 0.692619
7.36055 0.844942
5.27969 -0.498671
5.06703 0.863012
5.06667 0.819242
5.08395 1.18407
5.11187 1.40723
5.06671 0.797785
6.40634 2.42191
6.40123 2.42504
5.16518 -0.096872
5.20266 -0.251163
5.0674 0.88405
6.45408 2.39355
