4.76006 -1.57161
4.7685 -1.60213
5.28391 -2.68413
5.24886 -2.66027
5.43261 -2.72702
5.4631 -2.72861
5.88761 -2.59573
5.88966 -2.59477
8.02442 0.175039
8.03064 0.223166
4.58433 -0.896745
4.59281 -0.931396
4.36687 1.35812
4.36654 1.35381
4.3551 0.924592
4.35531 0.977137
4.35554 0.850137
4.35535 0.839325
4.3704 1.42277
4.37094 1.4316
4.49167 -0.475428
4.50553 -0.543047
4.37259 0.397666
4.36836 0.462603
5.59366 3.73492
5.51114 3.73572
4.43435 2.06133
4.43674 2.08222
5.35904 3.71753
5.37408 3.72014
7.34115 -1.37351
7.34835 -1.36459
6.86052 -1.88919
6.84241 -1.90646
7.0227 -1.73207
7.03373 -1.72129
6.40884 -2.26272
6.43732 -2.24077
5.60857 -2.70686
5.57133 -2.71558
4.81291 -1.75014
4.79268 -1.6822
7.94574 -0.209586
7.95973 -0.158615
7.88768 -0.393969
7.86953 -0.445304
5.16684 3.65295
5.16728 3.65318
4.9258 3.47435
4.92935 3.4778
8.0387 0.307975
8.03482 0.259365
8.00344 0.0395938
7.99815 0.00936022
7.97482 -0.0987187
7.97817 -0.0839213
6.83696 3.14328
6.84209 3.13891
6.62304 3.31318
6.62503 3.31181
4.42106 1.96253
4.41752 1.93407
4.45137 2.17511
4.45517 2.2002
7.67979 -0.86086
7.66395 -0.889978
7.79406 -0.628112
7.775 -0.670676
6.05189 3.63147
5.96235 3.66317
6.41256 3.45275
6.37542 3.47367
6.18928 3.57248
6.08709 3.61735
7.12489 2.86632
7.09533 2.89835
7.01087 2.98348
7.01584 2.97878
7.42695 -1.25993
7.45505 -1.22174
7.5557 -1.07177
7.54316 -1.09138
6.68462 -2.04359
6.64724 -2.07584
8.04108 0.772847
8.04334 0.745216
6.0388 -2.51145
6.0576 -2.49975
4.71078 -1.39055
4.72505 -1.44254
4.73069 3.18691
4.72728 3.18001
5.432 3.7295
5.49844 3.73496
4.62514 -1.06241
4.61903 -1.03773
4.3596 0.649747
4.36172 0.593013
4.76808 3.25619
4.7991 3.30715
4.5583 -0.786826
4.55804 -0.785655
4.35878 1.15881
4.35728 1.10413
6.23047 -2.38903
6.23708 -2.38471
4.6621 -1.20907
4.6609 -1.20433
5.36552 -2.71724
5.34219 -2.70949
5.21537 -2.63323
5.5192 -2.72434
5.47711 -2.728
5.01099 -2.31043
5.00748 -2.3035
5.16153 -2.57595
5.15097 -2.56058
5.09226 -2.4744
5.10317 -2.49122
5.07129 -2.43765
5.04493 -2.38246
4.37873 1.54309
4.37461 1.48638
5.76815 3.71409
5.79939 3.70709
4.5259 -0.640174
4.47181 -0.370746
4.46871 -0.354152
4.37305 0.391503
4.3777 0.332149
4.47386 2.3159
4.47411 2.31785
4.42339 -0.0753276
4.43416 -0.147527
4.39028 0.196033
4.4017 0.0913181
6.30136 3.51615
6.23822 3.54772
7.70149 2.0152
7.69657 2.02545
7.78928 1.8198
7.78621 1.82721
4.54781 2.66594
4.53708 2.62124
4.50184 2.45621
4.49417 2.41956
4.57529 2.76874
4.56499 2.73109
7.21165 2.76887
7.23277 2.74412
8.0176 0.992008
8.0177 0.99133
7.97238 1.24019
7.96664 1.26578
7.44231 2.46632
7.39655 2.532
7.3152 2.64172
7.26062 2.71027
6.77414 -1.9667
6.93863 -1.81617
7.09953 -1.65266
6.96995 -1.78512
7.531 2.32792
7.51077 2.36076
7.61076 2.19137
7.60778 2.19676
4.86628 -1.92262
4.85486 -1.88572
4.91634 -2.06908
4.90081 -2.02501
4.95636 -2.17892
4.95124 -2.16469
7.91298 1.47117
7.91831 1.45312
7.85905 1.63852
7.86013 1.63548
6.4656 -2.21861
6.53581 -2.16572
6.37246 -2.28843
5.66495 -2.69094
5.6561 -2.69347
5.56672 -2.71662
5.56601 -2.71682
7.92583 -0.275867
7.94166 -0.224223
7.90719 -0.336255
7.86225 -0.464082
7.8431 -0.513352
4.86296 3.39908
4.82108 3.34185
6.67826 3.27171
6.68011 3.27026
6.73617 3.22706
6.7851 3.18673
6.88277 3.10299
6.89257 3.09413
6.52296 3.38295
5.8489 3.6959
5.90871 3.67831
4.42564 1.99769
4.47344 2.31361
6.07636 3.62216
6.50186 3.39619
6.45476 3.42618
6.21083 3.56164
7.07692 2.91712
6.9836 3.00985
6.59187 -2.11984
6.74523 -1.99283
6.9437 -1.81105
7.12799 -1.623
8.04622 0.683906
8.03429 0.859723
6.56448 -2.14234
4.69682 3.11475
4.73296 3.19105
5.05723 3.58763
5.06304 3.5921
8.04879 0.480758
8.04958 0.503422
4.39194 1.69806
4.39613 1.743
4.38005 1.55917
4.38449 1.61469
4.5921 2.82468
4.59926 2.84944
4.64322 2.98051
4.63943 2.97111
7.24621 -1.48948
7.24907 -1.4862
4.55796 -0.785308
4.558 -0.785504
6.13602 -2.45118
6.12403 -2.4591
4.83764 -1.83083
4.8294 -1.80323
4.35759 0.723134
4.35709 0.732934
5.67786 3.72739
5.64406 3.73053
4.53505 -0.682718
4.67545 3.06211
4.66322 3.0331
4.68867 3.09498
5.34728 3.71461
5.28906 3.70013
7.17317 2.81292
7.20055 2.78199
8.03416 0.860767
7.19466 -1.54859
7.2035 -1.53863
7.15716 -1.59054
8.04809 0.63342
5.70061 -2.67807
5.72564 -2.66791
4.92126 3.46934
4.80845 3.32303
4.96668 3.51194
5.01034 3.55226
6.94229 3.04913
4.36129 1.23113
4.36133 1.23847
4.43075 2.03751
4.68628 -1.29992
4.66622 -1.2254
4.7861 -1.66115
4.75739 -1.56176
5.88141 -2.59862
5.97178 -2.54978
8.03281 0.241977
8.01887 0.132128
4.36555 1.29463
4.36699 1.36217
4.3554 0.98792
4.35514 0.913637
4.35762 0.786634
4.35527 0.860995
4.37436 1.48305
4.37037 1.42223
4.36819 0.465627
4.37261 0.397383
5.50813 3.73568
5.62007 3.73322
4.40524 0.0613338
4.41678 -0.0287544
7.74021 -0.74383
7.72114 -0.78229
7.74724 1.91732
7.74253 1.92787
4.53258 2.60026
4.51487 2.52087
7.99705 1.11813
7.99553 1.12644
7.37946 2.55615
7.33092 2.62125
7.50578 -1.14724
7.46765 -1.20346
7.38472 -1.31662
7.30713 -1.41617
7.57138 2.26033
7.56058 2.27882
7.88726 1.55473
7.8903 1.54537
5.79952 -2.6372
5.77228 -2.65023
5.61137 -2.70643
4.7351 -1.4813
5.2154 3.67417
5.16241 3.65059
5.23725 3.68228
6.01552 -2.52573
5.98928 -2.54062
8.04275 0.356336
7.99001 -0.0292324
8.01002 0.0777147
7.97253 -0.108818
7.61285 -0.97919
7.82558 -0.555209
7.60391 -0.994295
7.58346 -1.0278
7.40229 -1.29386
8.04968 0.553662
6.0874 -2.48179
4.6927 -1.32333
5.10911 3.62154
5.11375 3.62458
5.41308 3.72671
4.61146 -1.00724
4.63476 -1.10077
4.3857 1.62843
4.39003 1.67884
4.36203 0.586108
4.35934 0.658202
4.61783 2.90895
4.62765 2.93834
7.29354 -1.43303
7.27463 -1.45577
4.35709 1.09433
4.35906 1.16763
4.63895 -1.11749
5.52115 -2.72405
4.9939 -2.27183
5.03841 -2.37027
5.18995 -2.60734
5.11388 -2.51025
5.07968 -2.45132
4.35598 1.04064
4.37932 1.55053
4.45303 -0.265456
4.48059 -0.418517
4.37795 0.329115
4.36468 0.527814
4.44429 -0.21368
4.38858 0.212502
7.65255 2.11337
7.8278 1.72373
7.82824 1.72256
7.64882 2.12064
4.56184 2.72002
4.47621 2.32947
4.58168 2.79028
7.24977 2.72373
8.01597 1.00207
8.03406 0.861834
7.94398 1.35855
7.45815 2.44256
7.29539 -1.43073
7.48956 2.3941
7.62833 2.15904
4.84498 -1.85656
4.87744 -1.95533
4.93252 -2.11699
4.97874 -2.23473
4.98065 -2.2401
7.83611 1.70123
7.9362 1.38784
5.6487 -2.69514
6.65953 3.28591
6.72974 3.23236
6.93348 3.05753
4.41313 1.90178
4.40619 1.84234
6.33469 -2.31646
6.282 -2.35407
5.01482 3.55624
4.60352 -0.97468
4.39868 1.768
4.35767 0.713671
4.61573 2.90184
4.36089 1.22354
6.14501 -2.44519
5.72404 3.72136
8.04521 0.391801
5.73541 3.7201
5.18148 -2.59834
4.88778 -1.98835
5.74498 -2.66121
6.83195 3.14768
4.41324 1.90268
8.04931 0.594191
6.18467 -2.41956
5.1294 -2.53052
4.92551 -2.09481
6.34541 -2.30897
6.62672 3.31061
4.40268 1.80683
4.40539 1.83457
6.938 3.05322
6.73288 3.22977
