7.6925 -0.279582
7.71578 -0.207284
5.50776 3.31918
5.42226 3.29316
5.08572 3.04572
5.11313 3.07848
7.80467 0.19049
7.81693 0.288569
4.61708 1.50909
4.62149 1.55165
4.59448 0.59077
4.59461 0.587596
4.92723 2.7991
4.94085 2.8259
4.6644 -0.0978457
4.65324 -0.0234969
7.5213 -0.68253
7.5087 -0.707041
6.37407 3.14556
6.26383 3.20281
4.74857 2.29742
4.73664 2.2489
5.73271 3.34262
5.7123 3.34299
6.68427 2.93794
6.7242 2.90649
6.87647 -1.5356
6.85976 -1.55165
7.4028 -0.891619
7.39009 -0.911938
7.46514 1.99542
7.45164 2.02059
7.63309 1.62547
7.61943 1.66106
7.72939 1.32616
7.74192 1.27866
7.75792 -0.0522086
7.77542 0.0255943
7.63091 -0.445197
7.61165 -0.492501
5.30799 3.23914
5.33377 3.25165
5.17942 3.14231
5.20547 3.16713
4.99829 -1.37305
5.01593 -1.42046
5.12035 -1.65984
5.09039 -1.59731
6.52846 3.04992
6.56147 3.02802
4.59615 1.23306
4.5998 1.29502
4.65075 1.79302
4.6528 1.80831
6.12473 -2.07001
6.19521 -2.03584
5.75764 -2.1698
5.78665 -2.17001
5.57281 -2.14849
5.58664 -2.15388
4.77946 -0.66027
4.77299 -0.634562
4.83274 -0.861951
4.82175 -0.821739
5.16659 -1.74931
5.18581 -1.7835
4.62275 0.216895
4.61964 0.245928
4.70521 2.10907
4.70933 2.12769
6.25728 3.20587
6.14907 3.25159
6.91309 2.73765
6.85013 2.79793
6.64814 2.96567
6.39586 -1.91904
6.33809 -1.95414
6.79703 -1.60959
6.74206 -1.65732
7.00282 -1.40912
6.9195 -1.49395
7.27545 -1.08025
7.30305 -1.04264
7.83045 0.512091
7.82865 0.444907
4.58748 0.913365
4.58742 0.910352
4.59123 1.10466
4.5926 1.14561
4.91906 -1.14757
4.92635 -1.1713
4.73253 -0.454992
4.74774 -0.525395
5.27815 -1.92539
5.26332 -1.90417
4.59203 0.642609
4.5915 0.654424
7.01435 2.63407
7.00701 2.64198
7.14353 -1.2511
7.14087 -1.2544
7.80591 0.948857
7.80819 0.931513
4.69018 -0.247119
4.68856 -0.23815
7.83019 0.613566
7.82965 0.661905
7.72742 -0.167966
7.6766 -0.325591
6.06606 -2.09449
6.09053 -2.08562
5.61588 -2.15916
5.68953 -2.17142
7.04877 -1.35829
7.07297 -1.33175
6.40164 3.12895
6.26221 3.20367
7.12528 2.50713
7.12649 2.50567
7.78859 1.05842
7.77232 1.14556
7.38689 2.13403
7.35625 2.18467
7.30407 2.26646
7.30414 2.26636
7.21527 2.39086
7.24681 2.34807
7.67963 1.49312
7.68864 1.46587
7.65363 -0.387494
7.59729 -0.524577
7.57867 -0.56611
6.58897 3.00932
6.5048 3.06581
4.63862 1.70475
4.63562 1.67997
4.61312 1.46925
4.60929 1.42333
5.98752 -2.1247
5.89777 -2.15113
5.93659 -2.14059
5.87258 -2.15583
5.88604 -2.15405
5.595 -2.15631
5.52834 -2.13279
4.8547 -0.941413
4.95696 2.85362
4.98869 2.91006
5.93648 3.31676
5.98865 3.30348
6.03486 3.29096
6.09992 3.26837
6.13004 3.25832
6.44655 3.10248
5.62693 3.33876
5.66055 3.34164
6.80266 2.8393
6.29747 -1.97958
6.44652 -1.88447
6.89936 -1.51435
7.00291 -1.40903
4.58829 0.979368
4.58827 0.976864
4.59121 1.10386
4.59591 1.22893
4.59337 1.16736
4.86441 -0.973475
4.88966 -1.05512
4.6108 0.340054
4.60265 0.452141
4.63705 0.0959454
4.6314 0.139827
4.79138 2.44899
4.80266 2.48568
4.76676 2.36737
4.76207 2.35085
6.94204 2.70864
6.99461 2.65479
7.23359 -1.13689
7.25061 -1.11513
7.81896 0.831843
7.81556 0.86999
4.59105 1.04036
4.59118 1.10303
4.95161 -1.24727
4.94964 -1.24155
4.6295 1.63086
4.63124 1.64646
4.6149 1.48749
4.80525 -0.761591
4.79065 -0.704608
5.41584 -2.06594
5.42562 -2.07404
4.5996 0.523991
7.54109 1.84315
7.54882 1.82666
4.8988 2.73811
4.87674 2.68608
4.60342 1.34973
4.60411 1.35917
4.66091 1.86509
4.66195 1.87249
5.49916 -2.11917
5.49395 -2.11596
4.86092 -0.962031
5.34727 -2.00512
5.34518 -2.00268
5.15095 -1.72178
5.14184 -1.70544
4.60173 0.464883
4.61302 0.315253
5.86864 3.32909
5.8473 3.33187
4.71031 -0.351648
4.7164 -0.380697
5.01931 2.95783
5.01872 2.95706
5.21462 -1.83314
5.21795 -1.83789
4.68525 2.00836
4.6836 2.00034
4.86005 2.64825
4.84367 2.60612
6.49501 -1.85168
6.54928 -1.81134
4.64395 1.74414
6.2475 -2.00771
6.28495 -1.98635
4.58697 0.846591
4.58754 0.78771
5.40736 3.28761
5.56977 3.33164
5.12237 3.08824
5.07051 3.02593
7.81978 0.318514
7.79942 0.154426
5.04981 -1.50655
5.05125 -1.50987
4.67163 1.93587
4.67057 1.92945
7.45779 -0.800176
7.56385 -0.596959
4.73079 2.2239
4.75112 2.30815
6.83265 -1.57678
7.35342 -0.967715
7.43205 -0.84418
7.42661 2.06553
7.49494 1.93835
7.26017 2.32933
7.30405 2.26649
7.65132 1.57692
7.59825 1.71401
7.75049 1.24303
7.7165 1.37347
7.82506 0.760061
7.82444 0.773994
7.78399 0.0676843
7.74846 -0.0902748
5.20983 3.17076
5.30369 3.23654
5.60897 3.33756
7.82732 0.420043
4.98196 -1.33036
5.05226 -1.51206
5.1314 -1.6838
4.67197 1.93771
4.7551 -0.558139
4.78248 -0.672179
5.20864 -1.82407
5.15516 -1.7292
4.7173 2.16627
4.69618 2.06401
7.45032 -0.813329
5.91653 3.32088
6.69551 -1.69778
6.64802 -1.73577
6.60475 -1.77058
7.31593 -1.02381
7.83105 0.552213
7.58489 1.74545
7.59162 1.72977
5.22899 -1.85391
5.31779 -1.97224
4.76817 2.37208
4.78417 2.42654
7.06797 2.57417
7.81303 0.889979
7.80493 0.956877
4.67182 -0.141592
4.69494 -0.273064
4.81597 2.52675
4.82532 2.55579
4.84016 2.59709
7.16273 2.45994
7.1229 2.51
7.79673 1.00903
7.76482 1.18137
7.18624 2.42948
7.50236 1.92357
7.40543 2.1027
7.34603 2.20097
7.70582 1.40952
7.65848 1.55599
4.58697 0.853137
4.94788 -1.23626
4.58903 0.717701
4.5889 0.721615
7.13696 -1.25899
7.82393 0.782261
4.63161 1.64962
4.62478 1.58763
5.45579 -2.09343
5.40757 -2.05868
5.81637 3.33633
5.77659 3.33982
5.50352 -2.12169
5.35048 -2.0087
4.62711 0.176085
5.01825 2.95641
5.38027 -2.03619
5.67951 3.34213
6.23759 -2.01299
4.60494 1.37003
4.64545 0.0333408
4.61812 0.263086
4.5876 0.784789
4.58764 0.781935
6.59484 -1.77845
7.1557 -1.23573
4.58825 0.974333
4.90358 -1.10016
4.59148 0.654772
6.48488 3.07908
4.62392 1.57909
5.97334 -2.12884
