6.05183 -2.74601
6.00492 -2.7813
4.5755 -1.50787
4.55034 -1.39587
8.06068 -0.284708
8.07233 -0.24664
8.17801 0.424024
8.17838 0.436259
4.22627 1.35829
4.2232 1.31886
4.21605 0.850301
4.21542 0.815393
6.8539 3.32282
6.82926 3.3432
4.34131 -0.444628
4.35852 -0.53745
4.28048 2.05975
4.28161 2.0697
4.25959 1.8645
4.25447 1.80745
4.86575 -2.72245
4.85511 -2.67875
4.84499 -2.64162
4.83212 -2.58258
4.24542 0.233859
4.24305 0.258724
7.84589 -0.82772
7.86883 -0.781241
5.3897 -3.17527
5.3989 -3.16921
6.43521 3.63349
6.39652 3.6569
7.85027 2.0012
7.8748 1.9464
4.36068 2.60383
4.34577 2.51206
4.79592 -2.42487
4.79764 -2.4354
7.14494 3.04869
7.21491 2.97527
8.12925 1.10244
8.11687 1.17135
5.18416 -3.24949
5.24966 -3.2351
5.18134 -3.25019
5.11255 -3.24456
7.46153 2.6715
7.49315 2.62905
7.64618 -1.17721
7.64483 -1.17928
7.65719 2.37578
7.668 2.35669
4.67865 3.55836
4.74424 3.65067
5.53317 -3.09368
5.59263 -3.05758
8.01648 1.57184
7.99192 1.64587
5.88461 -2.86527
5.84868 -2.89017
8.18073 0.565649
8.178 0.660579
5.0537 -3.21117
5.08016 -3.2264
4.95711 -3.04152
4.9423 -2.99518
4.89649 -2.84447
4.90379 -2.86575
4.67248 -1.91244
4.68946 -1.98579
5.63944 -3.02829
5.60841 -3.04872
4.9901 -3.11486
4.97491 -3.07711
4.607 -1.63765
4.59835 -1.60174
6.64876 3.48651
6.61592 3.51007
6.01582 3.84835
6.04812 3.83554
5.77062 3.9317
5.69282 3.94836
6.26703 3.73166
6.26869 3.73083
4.4309 2.93607
4.42791 2.92276
7.10099 3.09416
7.2883 2.892
7.24646 2.94009
7.54405 -1.32661
7.5704 -1.28933
7.03043 -1.92291
7.07275 -1.88091
6.8677 -2.07993
6.88176 -2.06738
6.65852 -2.26489
6.6624 -2.26143
6.41481 -2.46649
6.40423 -2.47537
4.64517 -1.79887
4.64954 -1.81734
7.9698 -0.550075
7.95155 -0.59669
7.7166 -1.06347
7.75519 -0.997479
4.51203 3.20665
4.49974 3.17245
6.13243 -2.68592
6.12837 -2.68915
6.9555 3.23322
7.00633 3.18551
4.3002 2.20604
4.31235 2.28922
7.16662 -1.78101
7.22407 -1.71869
4.5328 -1.31937
4.54419 -1.36767
4.5932 -1.58146
4.46706 -1.04127
4.46739 -1.04276
4.21544 1.00588
4.21526 0.977301
4.23277 1.50288
4.23183 1.48572
4.38234 -0.653247
4.36733 -0.581882
4.22666 0.487297
4.228 0.464887
5.49609 3.97376
5.46184 3.97566
5.38681 3.97417
5.40402 3.97457
4.31697 2.3143
4.32078 2.34362
4.26704 0.0207016
4.26767 0.0154364
4.30717 -0.254972
4.30184 -0.222436
5.45522 -3.13871
5.42657 -3.15507
5.35759 -3.19031
7.93294 1.80628
7.95838 1.74001
7.7549 2.19731
7.78321 2.14204
4.36362 2.62005
4.38208 2.71785
4.94049 3.83305
4.9095 3.81246
5.02885 3.88491
5.07745 3.90641
5.09955 3.91548
5.15983 3.93615
5.35025 3.97122
5.30226 3.96647
4.81329 -2.49705
4.78045 -2.35783
8.07937 1.34601
8.05159 1.45474
7.36661 2.79751
7.42795 2.71832
7.4951 2.62631
7.55475 2.53961
6.95056 -2.00172
6.97775 -1.97615
7.61658 2.44309
7.63542 2.4122
4.58431 3.38569
4.56168 3.33597
4.64325 3.4996
4.62664 3.47186
4.53764 3.27552
4.55815 3.32815
4.71074 -2.07468
4.7112 -2.07623
4.71158 -2.07776
4.72917 -2.14545
4.76429 -2.28968
4.76303 -2.28369
5.76342 -2.94783
5.78379 -2.93412
5.75886 -2.95128
5.75061 -2.9572
8.08212 -0.211412
8.01259 -0.434927
7.99508 -0.483031
8.16131 0.212034
8.16289 0.226987
8.13616 0.0255952
8.13668 0.0289986
6.69414 3.45156
6.72421 3.42854
6.9076 3.27571
6.93158 3.25464
5.99338 3.85789
5.88746 3.89735
6.04913 3.83511
6.0484 3.83542
5.8738 3.90204
5.81494 3.91892
5.6572 3.95637
4.26564 1.92994
4.26594 1.93251
4.29498 2.17058
6.21273 3.75962
6.19319 3.76877
6.5042 3.58835
6.49033 3.59798
4.40665 2.8333
4.4176 2.8809
4.44362 2.98535
7.22871 2.96019
7.30066 2.87795
6.78218 -2.15761
6.78495 -2.15525
7.10802 -1.84366
4.66571 3.53976
8.17374 0.731743
8.17069 0.773989
6.72396 -2.20797
6.72215 -2.20956
6.601 -2.3133
6.48644 -2.40849
6.46778 -2.42399
6.36281 -2.50778
6.34071 -2.52558
4.65123 -1.82545
4.62674 -1.71932
4.49383 -1.15509
4.49712 -1.1689
4.23885 1.603
4.23957 1.61402
4.22267 0.570368
4.22159 0.595293
7.44504 -1.46026
7.44937 -1.45483
7.34946 -1.57736
7.36222 -1.56238
4.41839 -0.819398
4.41211 -0.79035
4.44289 -0.931751
4.43964 -0.91656
4.21641 1.07629
4.21693 1.1043
6.13927 -2.68071
6.21215 -2.62511
8.03629 -0.36432
4.85765 3.77116
4.83581 3.75072
8.17042 0.309077
8.17737 0.410242
4.21815 0.723298
4.21635 0.758748
7.05642 3.13824
7.03087 3.16252
6.75164 3.40712
6.8034 3.36435
4.27915 2.05099
4.27316 1.99613
5.31631 -3.2105
5.31575 -3.21083
6.33222 3.6953
6.32806 3.69785
8.16086 0.873927
8.16431 0.844205
8.14863 0.975145
8.158 0.903146
4.49185 3.15041
4.47928 3.11021
5.67945 -3.00269
8.10756 -0.11271
6.54523 3.56066
6.57823 3.53688
5.64112 3.95911
7.29858 -1.63637
7.24964 -1.69126
5.94476 -2.82346
5.93153 -2.83231
8.13568 0.0227807
8.13196 0.00439592
4.66788 -1.89592
4.65594 -1.84762
4.22112 1.23129
4.22133 1.26964
4.24944 1.74585
4.24913 1.74171
4.77946 -2.35277
7.3278 2.84416
7.35868 2.80739
4.52169 3.23458
4.52806 3.25289
4.75599 3.66564
4.77153 3.6826
6.54725 -2.35864
6.53964 -2.36522
6.10317 3.81141
6.12207 3.80261
4.22264 1.29479
4.22745 1.40019
4.21622 0.7868
4.21517 0.885066
4.36083 -0.549501
4.33223 -0.395852
5.55023 3.9706
5.54969 3.97066
4.87026 -2.74525
4.84838 -2.65289
4.82025 -2.53667
4.81582 -2.5123
4.27264 -0.0227648
4.28353 -0.104195
4.23609 0.348869
4.25455 0.13662
7.90118 -0.711716
7.81336 -0.890953
5.31526 -3.21114
7.89314 1.9036
7.82994 2.04548
4.34129 2.48123
4.36276 2.61569
4.46177 3.05227
4.46034 3.04786
5.22961 3.95392
5.25802 3.95891
8.14011 1.03557
8.10605 1.22594
5.18267 -3.24999
5.31304 -3.21217
5.09856 -3.24047
7.31725 -1.6152
4.61215 3.44215
4.59088 3.40124
5.59946 -3.05396
5.49682 -3.1134
4.88733 -2.80399
5.03811 -3.19463
4.92117 -2.92897
4.9167 -2.9116
4.92411 -2.94119
4.96565 -3.06
5.65107 -3.02039
5.01163 -3.15104
5.01808 -3.16751
7.78426 -0.944992
7.92094 -0.667566
7.69416 -1.10064
7.59532 -1.25275
7.49521 -1.39532
8.18101 0.552726
6.2772 -2.5755
6.28863 -2.56611
6.25347 -2.59418
4.48059 -1.09961
4.48206 -1.10584
4.24359 1.6717
4.24447 1.68422
7.39822 -1.51867
7.40626 -1.50891
5.98468 -2.79575
5.97041 -2.80543
6.08215 -2.72415
4.50728 -1.21042
4.51688 -1.25053
4.46969 -1.05304
4.45349 -0.979662
4.21537 0.942422
4.21573 1.0408
4.22975 1.44205
4.23544 1.54987
4.32233 -0.339451
4.38792 -0.680955
4.23081 0.419492
4.22437 0.530097
5.44168 3.97537
5.55099 3.9705
5.37776 3.9738
4.28523 -0.115984
5.4634 -3.13462
5.41066 -3.16316
7.80424 2.0991
7.91766 1.84464
7.96972 1.70925
7.7347 2.2362
4.33012 2.4076
4.39161 2.76239
4.87745 3.78704
4.96779 3.85122
5.01287 3.87634
5.0929 3.91316
5.20755 3.9484
8.0876 1.31093
8.04938 1.4628
7.55758 2.53537
7.6123 2.44997
7.43146 2.71374
7.49016 -1.4021
7.49206 -1.39963
7.7077 2.2859
4.55903 3.33001
4.74631 -2.21459
4.72932 -2.14605
4.74688 -2.21729
8.0262 1.54166
5.90849 -2.8491
8.16788 0.276962
8.15562 0.160471
5.88273 3.89917
4.40475 2.82536
4.42362 2.90541
6.7443 -2.19045
6.66594 -2.25837
6.53133 -2.3724
6.42519 -2.45825
6.30012 -2.55726
4.22042 0.634109
4.45417 3.02572
4.40607 -0.763267
4.42575 -0.853459
4.43055 -0.875636
4.21804 1.14073
8.18101 0.549003
4.21915 1.19422
4.21846 0.686622
5.4792 -3.12451
6.45918 3.61799
7.94038 -0.62309
4.25431 1.80531
4.39854 -0.727238
5.88466 3.89843
8.02187 1.55554
5.83365 -2.90005
8.15407 0.14773
8.11136 -0.0966197
6.14223 3.79303
4.26628 1.93538
6.32441 3.70003
4.80778 3.72313
4.39887 2.79742
6.38757 3.66227
6.28489 3.722
