6.22296 1.96762
6.23672 1.96291
5.9764 1.96909
6.01428 1.97844
6.8955 1.29866
6.89991 1.28922
6.90837 -0.0338964
6.88471 -0.0866579
5.60648 -0.230355
5.59545 -0.205039
5.52256 -0.0113514
5.5184 0.00270962
6.37813 -0.629209
6.42949 -0.601818
6.16079 -0.682045
6.11227 -0.67815
5.96156 -0.638782
6.03062 -0.663216
5.78021 -0.500509
5.8259 -0.543656
5.76026 1.84971
5.81338 1.89458
6.79546 -0.243047
6.77064 -0.281166
6.61318 -0.46714
6.62297 -0.457587
5.43528 1.08783
5.444 1.14618
5.41609 0.855904
5.42036 0.934139
5.47755 1.30552
5.45684 1.21573
5.69123 -0.385683
5.69349 -0.388753
5.5414 1.51266
5.54917 1.53006
5.63187 1.69503
5.62466 1.68368
6.64544 1.68906
6.68525 1.6429
6.74542 1.56557
6.77376 1.52407
6.93292 0.0249067
6.96708 0.124114
5.45967 0.241723
5.46966 0.193687
5.41502 0.670472
5.41763 0.602541
5.43307 0.420541
5.44586 0.324078
6.41719 1.88151
6.40518 1.88993
7.02151 0.366348
7.00527 0.27496
7.04043 0.644337
7.03769 0.52668
7.03967 0.662752
7.03208 0.767208
6.95657 1.13894
6.95363 1.14766
6.50051 1.82338
6.56778 1.76793
6.99943 0.979382
7.00768 0.94074
6.85501 1.38282
6.8446 1.40311
6.4718 1.84655
6.26708 -0.668297
6.29686 -0.658888
5.86856 -0.581975
5.91498 -0.61126
6.18841 1.97352
6.32995 1.92982
6.06839 1.98147
5.91276 1.94956
6.74145 -0.321484
6.70011 -0.372577
5.42335 0.973309
5.43336 1.07194
5.50634 1.41048
5.53203 1.48835
5.68915 1.77403
5.64364 1.71159
6.92435 1.23386
6.87312 1.34643
6.87846 -0.0987872
6.92937 0.015361
5.58452 -0.178758
5.64133 -0.296517
5.52859 -0.0308675
5.49496 0.0905149
5.42808 0.465573
5.42412 0.506847
7.03613 0.500208
7.02641 0.402272
6.49431 -0.562952
6.21312 -0.675785
6.05894 -0.672289
5.75295 -0.466553
6.35921 1.91425
6.34486 1.92262
6.11775 1.98366
5.85212 1.91802
5.71661 1.80774
6.63935 -0.440076
6.83311 -0.181952
6.53503 -0.532148
5.45319 1.19867
5.41428 0.800288
5.41383 0.735406
5.49406 1.36736
5.69002 -0.383951
7.02827 0.80486
7.01921 0.870411
5.58559 1.60894
6.60415 1.734
6.71247 1.60992
6.78943 1.49905
6.82915 1.43133
6.92605 1.22966
6.97297 0.144362
5.5574 -0.109108
5.47518 0.168723
5.44962 0.299853
5.42136 0.543978
6.46608 1.85111
6.99801 0.241335
7.04037 0.648559
6.9792 1.06277
6.99142 1.01554
7.01392 0.907196
6.5816 1.75619
6.98291 1.04998
