7.06122 -0.609037
7.07985 -0.58054
7.41612 0.637878
7.41768 0.59434
5.44356 -0.973836
5.44202 -0.971154
5.04787 1.28437
5.05298 1.32891
6.28167 -1.2948
6.23514 -1.3097
6.64856 -1.07305
6.7016 -1.02911
7.1573 1.66602
7.17333 1.63449
5.71817 -1.26519
5.7251 -1.26903
7.21899 -0.321554
7.19006 -0.38229
7.37531 0.155123
7.34992 0.0439688
5.06301 0.210268
5.05053 0.307144
6.01707 2.61849
5.96385 2.62309
6.39054 2.49803
6.37583 2.50537
6.17517 2.58788
6.09994 2.6055
6.96379 -0.746967
6.94571 -0.770063
7.24457 1.47519
7.2337 1.50131
5.03185 1.1035
5.02694 1.03133
5.26978 -0.620227
5.26866 -0.617132
5.18878 -0.381597
5.20249 -0.425312
5.34963 -0.803348
5.3569 -0.8187
5.56257 -1.13048
5.53502 -1.10019
5.0891 1.55523
5.08412 1.52709
5.13966 1.77222
5.15698 1.83118
5.51818 2.46364
5.55855 2.49683
6.08889 -1.34469
6.03227 -1.34801
5.90246 -1.3386
5.96942 -1.34626
5.20311 1.97206
5.19438 1.94868
5.28212 2.153
5.28459 2.15731
5.38452 2.31884
5.3699 2.29902
6.77272 -0.961596
6.80596 -0.929018
7.07654 1.81209
7.05312 1.85022
7.31444 -0.0781256
7.27928 -0.178159
5.10943 -0.0633775
5.11011 -0.0668214
5.02131 0.847255
5.02232 0.907263
5.02413 0.649735
5.02237 0.711805
5.02912 0.548276
5.0356 0.454878
5.71082 2.57998
5.75782 2.59662
7.39766 0.288675
7.40943 0.393922
6.47791 -1.19648
6.45391 -1.21016
5.17304 -0.325538
5.16493 -0.295209
7.33222 1.21736
7.33554 1.20584
7.3768 1.02897
7.37555 1.03598
7.39221 0.932618
7.38974 0.951396
6.70705 2.26905
6.68187 2.29246
6.58575 2.37178
6.52828 2.41268
6.97568 1.96362
6.95331 1.99463
7.39939 0.884423
7.3977 0.898554
5.21134 -0.452488
5.2058 -0.4356
5.12689 -0.14358
5.12375 -0.130139
5.02344 0.968339
5.02363 0.976339
5.0212 0.836971
6.7515 2.22743
6.76005 2.21925
7.35721 1.11962
7.36083 1.10554
6.89614 2.06923
6.84499 2.12801
7.30872 1.29739
7.28695 1.36229
5.1468 -0.223992
5.15403 -0.252536
6.81624 2.15956
6.78616 2.1917
6.33634 2.52526
6.3205 2.53245
7.40862 0.799098
7.41122 0.769709
5.02437 0.643634
5.027 0.581391
5.1387 -0.191584
7.13465 1.7093
7.11432 1.74725
5.09079 0.037184
5.08655 0.0597905
5.02128 0.776983
6.28234 2.54987
6.24077 2.56478
7.0148 -0.677261
7.10314 -0.542436
7.41669 0.554771
7.41513 0.691166
7.38447 0.980792
7.37757 1.0254
5.39525 -0.889334
5.44483 -0.975934
5.11192 1.66532
5.10591 1.63848
6.67249 2.301
6.60999 2.35225
5.44637 2.39452
5.463 2.41283
6.18456 -1.32612
6.34229 -1.26783
5.24105 2.06354
5.21012 1.98918
6.57977 -1.12788
6.73007 -1.00275
7.19007 1.60001
7.14436 1.69103
5.81072 -1.31177
5.63434 -1.20246
7.23674 -0.282233
7.15667 -0.447565
7.37695 0.163058
7.34877 0.039644
5.02222 0.716173
5.06957 0.16487
5.04771 0.331666
5.83593 2.61425
5.86016 2.61825
6.90383 2.0597
6.90144 2.0628
5.91083 2.62067
6.06897 2.61272
6.92292 -0.797621
7.1398 -0.478891
7.20878 1.55974
7.26746 1.41673
5.65659 2.55668
5.60185 2.52531
7.41425 0.719965
5.27134 -0.62434
5.23536 -0.523198
5.30968 -0.71423
5.3432 -0.789182
5.50007 -1.05381
5.62713 -1.19659
5.06979 1.44288
5.11456 1.67571
5.17065 1.87703
5.06102 1.38265
5.41421 2.35522
5.99481 -1.34928
6.11486 -1.33953
6.38021 -1.25101
5.84304 -1.32211
5.28007 2.14906
5.33084 2.23752
6.87653 -0.852051
6.82957 -0.90477
6.56193 -1.14024
7.04042 1.86972
7.10856 1.75755
7.14722 -0.465555
7.25319 -0.243979
7.31722 -0.0696299
7.27142 -0.198456
7.39477 0.268516
5.11285 -0.0809138
5.09816 -0.0035144
5.02424 0.646609
5.0363 0.446444
5.02707 0.580123
5.04194 0.385582
5.08141 0.0906334
7.41194 0.422874
7.34618 1.16213
7.35483 1.13034
7.41617 0.497366
7.33627 1.20321
7.31307 1.28307
7.36627 1.07704
6.74549 2.23319
6.49971 2.433
7.00324 1.92521
7.27837 1.38831
7.404 0.844246
7.40047 0.87626
5.22632 -0.496739
5.03996 1.21249
6.46596 2.45346
6.42968 2.47567
5.03274 1.11696
5.12178 -0.121532
6.4823 2.44376
