6.24923 -2.40425
6.20923 -2.43229
4.74174 -1.58454
4.76564 -1.671
8.04214 0.18169
8.05031 0.244858
4.5675 -0.908627
4.56958 -0.917138
4.34937 1.35814
4.34821 1.34318
4.33747 0.934857
4.33763 0.977158
4.33818 0.850157
4.3378 0.829151
4.35312 1.43283
4.35641 1.4863
5.74002 3.74785
5.75857 3.74346
4.3542 0.408962
4.35069 0.462891
5.57695 3.76544
5.51619 3.76603
4.41519 2.06113
4.41888 2.09335
5.41334 3.75974
5.34263 3.74751
6.88259 -1.89357
6.84745 -1.92707
5.47969 -2.77771
5.48115 -2.77757
5.25349 -2.73071
5.2579 -2.73271
5.04231 -2.46176
5.04912 -2.47711
6.40825 -2.28994
6.4508 -2.25716
5.76161 -2.69155
5.75094 -2.69671
4.79298 -1.76421
4.76998 -1.68694
7.96892 -0.188626
7.97817 -0.154935
7.90706 -0.390103
7.88966 -0.439308
5.90742 -2.61828
5.86055 -2.6445
8.05598 0.314459
8.05104 0.252595
8.02164 0.0464214
8.01277 -0.00432135
7.9935 -0.0917098
8.00356 -0.0473002
6.63776 3.3268
6.64704 3.31999
6.84901 3.15745
6.86358 3.14501
4.40309 1.97373
4.39813 1.93387
4.42963 2.16161
4.43716 2.21142
7.70119 -0.856591
7.67558 -0.903681
7.81429 -0.624076
7.78705 -0.684885
5.98548 3.68224
5.96562 3.68927
6.41553 3.4764
6.40415 3.4828
6.19229 3.59653
6.12061 3.62801
7.10906 2.91078
7.10197 2.91847
7.45103 -1.25639
7.46655 -1.23529
7.5676 -1.0858
7.56619 -1.088
6.70896 -2.04842
6.65245 -2.09717
7.06889 -1.71111
7.0388 -1.74203
8.05699 0.778815
8.06063 0.73435
6.03812 -2.54298
6.07931 -2.51736
4.69286 -1.4032
4.70091 -1.43255
4.90651 3.50074
4.89535 3.4877
8.06393 0.442022
8.0614 0.380278
4.60833 -1.07428
4.59944 -1.03838
4.34234 0.639739
4.34407 0.5933
4.60946 2.9595
4.61366 2.97298
7.27214 -1.48567
7.26358 -1.49597
5.98952 -2.57283
5.98707 -2.57433
4.74542 3.27474
4.75742 3.29446
4.5611 -0.881629
4.54195 -0.797009
4.34078 1.14838
4.33958 1.10416
4.64529 -1.22093
4.63877 -1.19517
5.15787 -2.64622
5.16846 -2.65713
5.1148 -2.58888
5.1328 -2.61506
5.81991 3.72971
4.47575 -0.49068
4.50432 -0.62693
4.45532 -0.380083
4.44811 -0.341511
4.45433 2.3157
4.45607 2.3291
4.40308 -0.062855
4.41715 -0.157156
4.3766 0.152298
4.38433 0.0814822
6.30436 3.54005
6.26926 3.55759
7.72044 2.01341
7.70756 2.04025
7.80749 1.81808
7.79746 1.84234
4.5407 2.73023
4.51747 2.63346
4.47689 2.44068
4.47498 2.43152
4.55457 2.78166
4.54263 2.73801
7.98651 1.25417
7.98673 1.25315
8.03178 1.00604
8.03545 0.980173
7.44908 2.48685
7.41695 2.53298
7.32178 2.66165
7.28224 2.71131
7.36623 -1.36983
7.35987 -1.37816
6.79732 -1.9713
6.94361 -1.83652
7.12087 -1.6569
7.54208 2.34283
7.53045 2.36171
7.62172 2.20612
7.6264 2.19766
4.84909 -1.95055
4.82957 -1.88748
4.87417 -2.0289
4.87192 -2.02251
4.9372 -2.21004
4.91993 -2.16198
4.98492 -2.33384
4.97262 -2.30186
7.87683 1.63685
7.87292 1.64812
7.93109 1.46946
7.93194 1.4666
5.35501 -2.77104
5.32724 -2.76516
6.49303 -2.22405
6.53523 -2.19226
6.3864 -2.30539
5.6375 -2.7398
5.65976 -2.73335
5.59795 -2.75218
5.53639 -2.76916
7.94469 -0.272104
7.95542 -0.237103
7.92091 -0.349106
4.83065 3.40849
4.82311 3.39818
6.62953 3.33304
6.52841 3.40454
6.68107 3.29417
6.70335 3.27686
6.75829 3.23334
6.79735 3.20114
6.88559 3.12557
6.91374 3.10013
5.85327 3.72217
5.95373 3.69262
4.40619 1.99749
4.45143 2.29994
6.07941 3.64649
6.50215 3.42163
6.46901 3.44273
6.22619 3.57949
7.09755 2.92298
7.07631 2.94442
6.61752 -2.12493
6.75035 -2.01376
6.96472 -1.81522
7.13315 -1.6441
8.06271 0.690091
8.05151 0.848899
6.29707 -2.37091
6.34481 -2.33674
6.57732 -2.15795
4.67537 3.13231
4.69779 3.18034
5.1214 3.66698
5.14697 3.68096
5.017 3.59934
5.04308 3.61941
8.06652 0.506326
8.06664 0.509822
8.06121 0.376826
4.37169 1.68549
4.37705 1.74292
4.3655 1.6146
4.36412 1.59736
4.56184 2.80585
4.57464 2.85014
4.53616 -0.771928
4.53948 -0.78612
6.13538 -2.48113
6.09585 -2.50724
5.24174 -2.72094
5.25051 -2.72864
5.42288 -2.7803
4.81572 -1.83923
4.80152 -1.79169
4.34023 0.723155
4.3392 0.743347
5.68265 3.75616
5.66851 3.75748
4.51834 -0.692173
5.01217 -2.39849
5.0067 -2.38426
4.37078 0.208009
4.36043 0.325174
4.63721 3.03832
4.63585 3.03509
4.66081 3.09701
5.2842 3.73297
5.27264 3.7301
7.17969 2.83267
7.21576 2.79193
8.04994 0.862406
7.17219 -1.60065
4.72964 3.24547
4.7088 3.20483
4.82836 -1.88356
4.82831 -1.88339
8.0652 0.622664
5.70412 -2.71636
5.74404 -2.70014
7.86234 -0.51099
7.86164 -0.512746
4.84493 3.4257
4.78535 3.34194
4.97269 3.56322
4.92299 3.51733
6.96257 3.05488
7.02223 2.99816
5.08854 -2.5497
4.34384 1.23115
4.34393 1.24859
4.40964 2.0244
4.66846 -1.3125
4.6677 -1.30965
4.76664 -1.67488
4.7328 -1.55158
8.05067 0.248678
8.03392 0.118039
4.34739 1.29465
4.34977 1.3722
4.33781 0.998157
4.33754 0.913658
4.33963 0.786656
4.33764 0.871254
4.35683 1.49325
4.35258 1.42215
4.47463 -0.485074
4.47422 -0.482994
4.34991 0.476856
4.35493 0.397671
5.49167 3.76575
5.62492 3.76236
4.38526 0.0736052
4.39962 -0.0384699
7.761 -0.739683
7.73296 -0.796219
7.76579 1.91558
7.75363 1.9428
4.50694 2.5843
4.49548 2.53296
8.01107 1.132
8.01421 1.1147
7.38616 2.57647
7.35202 2.62227
7.51739 -1.16092
7.49085 -1.20005
7.40969 -1.31295
7.39294 -1.33504
7.58261 2.27543
7.58008 2.27976
7.21836 -1.54863
7.19204 -1.57845
5.48612 -2.77675
5.43346 -2.78039
5.82192 -2.6627
5.61521 -2.74827
4.71689 -1.49416
8.00902 -0.0221026
8.03268 0.110402
7.98663 -0.122021
7.63484 -0.974802
7.83783 -0.569638
7.61533 -1.00776
7.57072 -1.08086
7.41388 -1.30752
8.06666 0.517571
6.08673 -2.51289
5.99148 -2.57159
4.66871 -1.31339
5.06604 3.63408
5.0936 3.65212
5.41594 3.76013
4.59465 -1.01911
4.61513 -1.10142
4.36562 1.61596
4.37102 1.67876
4.34483 0.576138
4.34175 0.658489
4.6319 3.0247
4.59318 2.91074
7.22183 -1.5446
7.30788 -1.44268
4.33917 1.08395
4.34139 1.16765
4.62214 -1.12935
5.52545 -2.77093
5.18429 -2.67554
5.13641 -2.61912
4.33828 1.04066
4.36068 1.55045
4.43634 -0.274906
4.35919 0.340638
4.34702 0.528101
4.42389 -0.201149
4.37129 0.202713
7.67187 2.11156
7.83918 1.73905
7.84609 1.72088
7.65968 2.13525
4.5413 2.73282
4.47049 2.40901
4.55733 2.79097
5.18479 3.69755
5.20583 3.7069
5.25353 3.72351
7.25629 2.74348
7.21967 2.78742
7.98531 1.25917
8.04858 0.876199
7.95771 1.37214
7.47799 2.44351
7.32044 -1.42704
7.50048 2.40881
7.59557 2.2528
4.8499 -1.95294
4.91405 -2.147
4.94597 -2.23189
4.96051 -2.27284
5.00183 -2.37204
7.9035 1.55843
7.90527 1.55303
7.92262 1.49718
7.95398 1.38617
5.67619 -2.72643
6.73252 3.25458
6.93629 3.07996
4.39248 1.88895
4.38834 1.85346
6.52589 3.40632
6.28139 -2.38239
6.36413 -2.3223
4.99514 3.58315
4.58397 -0.975329
4.37831 1.75536
4.34039 0.703656
4.58485 2.88263
4.34288 1.2131
6.16499 -2.46139
5.08433 -2.54171
5.07939 -2.53229
5.71943 3.75136
7.863 -0.509382
5.41527 3.76006
4.87003 -2.01719
5.06263 -2.50199
6.83475 3.16998
4.39539 1.9138
8.06589 0.600413
6.18403 -2.44909
4.89677 -2.09232
4.3836 1.80663
4.3851 1.82197
6.94979 3.06709
6.74513 3.24418
7.88286 -0.457782
6.52706 3.40549
