6.05969 0.0658259
6.06881 0.0573614
6.35587 0.0448466
6.27967 0.0122871
5.93684 0.227914
5.89858 0.305612
6.6027 0.84093
6.61915 0.773642
6.52687 0.221959
6.52758 0.223241
6.53553 1.03767
6.53156 1.04603
5.90019 1.06931
5.89317 1.05305
6.0427 1.25331
6.13174 1.29897
5.85592 0.921917
5.84159 0.849073
5.86571 0.420461
5.88668 0.336391
6.62686 0.696737
6.62628 0.722889
6.38745 1.22894
6.39029 1.22647
6.52396 1.0603
6.46547 1.13876
5.96011 1.16627
6.00935 1.23099
5.83748 0.781044
5.83202 0.729609
6.62477 0.738244
6.59355 0.880954
6.5673 0.305529
6.57411 0.939898
6.39342 1.22302
5.90722 1.08152
6.21898 1.29935
5.84149 0.848365
5.83243 0.667842
5.83224 0.712869
5.84125 0.540805
5.83655 0.584951
6.62146 0.50584
6.6239 0.527251
6.2548 1.29817
6.27293 1.29105
6.4918 0.172258
6.48039 0.153968
6.62697 0.583091
6.57718 0.332677
6.59222 0.373926
6.16585 0.0111377
6.03109 0.094833
6.3946 0.0671255
6.18231 0.00860144
5.89292 0.319265
5.97317 0.159599
5.98858 0.141167
6.17106 0.00896162
6.45338 0.124461
5.85522 0.465556
6.60062 0.404765
5.86517 0.961459
5.83274 0.64797
5.83456 0.60532
5.84312 0.523508
6.5264 0.221177
5.84152 0.84863
