6.0919 0.985426
6.14656 1.03696
6.00022 0.779191
5.99649 0.741243
6.46594 0.53251
6.46676 0.535043
6.40616 0.911199
6.37127 0.95473
6.10131 0.324796
6.1016 0.324391
6.45664 0.757726
6.44178 0.828095
6.00715 0.518326
6.00962 0.503095
6.35514 0.319889
6.33988 0.3028
6.30815 1.01399
6.28325 1.03496
6.24165 1.04308
6.02797 0.901691
5.99433 0.658588
6.02267 0.886529
6.47274 0.651638
6.4264 0.418658
6.04965 0.410636
6.01674 0.479884
6.2725 1.04233
6.43015 0.857894
6.02419 0.89188
5.9973 0.611336
6.47324 0.670754
6.39792 0.378503
6.10079 0.325524
6.29817 0.28267
6.27824 0.269105
6.19413 0.262254
6.20168 0.258274
6.21653 0.259521
