6.2278 -2.51592
6.14773 -2.57286
4.67872 -1.62902
4.68059 -1.63579
7.97746 -0.359936
8.00822 -0.259431
4.91675 3.66567
4.84869 3.59933
4.72897 -1.81993
4.73801 -1.85397
4.28915 1.35821
4.28514 1.30662
4.2768 0.970168
4.27683 0.977229
4.27843 0.850227
4.27742 0.794149
4.29369 1.46742
4.29483 1.48601
5.78992 3.83182
5.75536 3.84
4.29094 0.447817
4.28989 0.46388
4.34929 2.06045
4.3556 2.11564
4.94241 -2.54278
4.93578 -2.52327
4.3358 -0.0215304
4.32703 0.0490418
7.77461 -0.841941
7.8282 -0.733363
4.54854 3.0447
4.56907 3.10368
5.02708 3.74768
5.03691 3.75305
5.21696 3.8318
5.25662 3.84199
4.89132 -2.38976
4.91022 -2.44898
7.12308 2.98244
7.16226 2.94134
7.41569 2.6354
7.42294 2.62568
6.95849 -1.90864
6.94519 -1.92132
7.25994 -1.59052
7.22139 -1.63378
4.65712 3.3119
4.6343 3.26581
5.49262 -2.94407
5.4917 -2.94433
5.55385 -2.92008
5.49269 -2.94404
4.80952 -2.11551
4.83378 -2.1942
8.11994 0.675464
8.1193 0.697472
5.28561 -2.97137
5.3461 -2.9756
4.98037 -2.64511
5.00402 -2.6972
5.05362 -2.79708
5.0618 -2.80817
5.25418 -2.96889
5.25711 -2.96991
5.18274 -2.93719
5.14195 -2.90928
4.76135 -1.93932
4.76537 -1.95668
5.68323 -2.86077
5.64629 -2.88036
5.77655 -2.81023
5.75206 -2.82504
8.08425 0.0699082
8.08406 0.0688013
8.05778 -0.0675991
8.06173 -0.0501552
6.68101 3.3777
6.69065 3.37062
6.89043 3.20621
6.89519 3.20214
5.97929 3.77322
5.91671 3.79375
4.37258 2.23243
4.37524 2.25002
7.71559 -0.950818
7.76201 -0.865437
6.21513 3.67136
6.23142 3.66324
6.45721 3.53375
6.48048 3.51935
7.06054 3.04714
7.22344 2.87359
7.20151 2.89879
7.60589 -1.13092
7.6406 -1.07706
6.78941 -2.06439
6.86461 -1.99724
7.08424 -1.78177
7.05569 -1.81111
4.79408 3.53457
4.75936 3.48697
8.11171 0.799343
8.11507 0.758351
6.39531 -2.3904
6.34277 -2.43076
6.66044 -2.1764
6.61981 -2.20964
7.92769 -0.500449
7.92581 -0.505231
4.84046 3.59105
4.8296 3.57835
8.12128 0.462756
8.11878 0.401802
4.30583 1.64459
4.30343 1.61431
4.28295 0.605311
4.28336 0.594288
7.31291 -1.52918
7.3318 -1.50646
5.98713 -2.68297
5.97971 -2.68751
4.48661 -0.836067
4.49454 -0.871085
4.27888 1.1125
4.27866 1.10423
7.1497 -1.71178
7.17425 -1.68515
6.23015 -2.51424
6.23118 -2.51352
4.58749 -1.26173
4.56997 -1.19259
4.65515 -1.53773
4.6417 -1.48176
5.7236 3.84524
5.74497 3.84177
5.86797 3.81047
4.39859 -0.412202
4.38396 -0.333929
4.43988 -0.620669
4.43184 -0.582448
4.38713 2.31502
4.394 2.36779
4.37767 -0.298273
4.35988 -0.18958
7.78566 2.00728
7.7454 2.09116
7.87015 1.81219
7.83616 1.89441
4.39833 2.3918
4.41127 2.47124
4.44972 2.67362
4.45007 2.67547
5.10062 3.78642
5.0863 3.77999
5.31144 3.85378
5.35954 3.86185
8.03245 1.2996
8.05165 1.21235
8.08058 1.0543
8.0965 0.941796
7.34414 2.72942
7.35544 2.71483
7.47201 2.55635
7.48581 2.53629
7.44947 -1.35759
7.43606 -1.37517
6.87552 -1.98682
6.96073 -1.90655
7.65858 2.25571
7.68898 2.20067
7.57894 2.39243
7.59576 2.36485
4.72051 3.42716
4.70686 3.40619
4.60647 3.20052
4.61724 3.22589
4.77041 -1.97773
4.80159 -2.08407
4.87028 -2.31878
4.86294 -2.29235
7.93716 1.63117
7.91635 1.69108
7.98984 1.46394
7.9764 1.51057
5.35931 -2.97541
5.26097 -2.97024
5.72858 -2.83754
5.71688 -2.8432
5.62702 -2.88986
5.59061 -2.90436
5.56246 -2.91747
6.49533 -2.31133
6.52073 -2.29146
8.03407 -0.166426
7.96709 -0.392334
7.92931 -0.496154
6.63911 3.40948
6.6124 3.42837
6.83439 3.25493
6.83948 3.25074
6.0817 3.73331
6.02114 3.75688
5.64111 3.85964
4.32793 1.89112
4.33275 1.9332
4.37571 2.25293
4.3577 2.13149
6.0899 3.73019
6.11061 3.7209
6.20248 3.67787
6.25848 3.64933
6.30085 3.62648
6.42526 3.55407
6.36643 3.58849
7.27856 2.81097
6.70064 -2.14143
6.76759 -2.08425
7.03701 -1.82956
4.7483 3.47216
8.11849 0.711017
8.11075 0.811665
6.68145 -2.15806
4.92875 3.67717
4.97484 3.71272
8.11566 0.345798
8.12275 0.530868
4.55131 -1.11452
4.56375 -1.16669
4.52519 -1.00331
4.53386 -1.04056
4.50422 2.89401
4.4932 2.85429
4.52802 2.97921
4.54322 3.02895
7.35942 -1.47284
7.40016 -1.4217
4.46116 -0.725901
4.47576 -0.788236
4.50458 -0.914403
5.99643 -2.67707
6.03579 -2.65068
4.61013 -1.35367
4.59257 -1.28187
4.6218 -1.3998
7.9722 -0.377106
4.92725 3.67598
4.92604 3.67485
8.09358 0.137196
8.0844 0.0707839
4.51223 -0.947637
4.51925 -0.977478
4.28051 0.723225
4.27766 0.779165
4.46089 -0.724698
5.51976 3.86989
5.55481 3.86762
4.34194 2.01185
4.3403 1.99682
4.32378 1.84629
4.31975 1.80598
4.30647 0.247505
4.30251 0.292384
4.88765 -2.37502
4.88393 -2.36183
8.1042 0.868042
7.45821 -1.34588
7.5053 -1.28096
5.79514 -2.7994
5.83497 -2.77639
5.19635 -2.94663
5.24176 -2.96375
8.04153 -0.137483
7.90353 -0.559523
7.88332 -0.610303
6.53547 3.48277
6.55284 3.47057
7.03233 3.07468
7.04386 3.06371
8.12245 0.58668
4.31606 1.76906
4.31381 1.74237
8.1019 0.196561
8.10278 0.204436
4.74141 -1.86773
4.2838 1.23122
4.28409 1.28342
6.74206 3.33066
6.78104 3.2989
7.28131 2.80755
7.28444 2.80382
6.9459 3.1566
6.9846 3.12024
6.11163 -2.59901
4.70241 -1.72021
4.67292 -1.60765
8.10905 0.270577
8.10361 0.212705
4.28494 1.29472
4.29052 1.40668
4.2773 1.03338
4.27699 0.913729
4.27774 0.786728
4.27701 0.906546
4.29738 1.52786
4.29137 1.42187
4.41876 -0.516704
4.40363 -0.439672
4.28701 0.515486
4.29412 0.39866
5.43505 3.86916
5.4725 3.86959
4.94699 -2.55776
4.92476 -2.49062
4.31988 0.113757
4.3424 -0.0708675
7.83183 -0.725551
7.77354 -0.844031
7.8296 1.90957
7.79181 1.99418
4.42252 2.53177
4.4299 2.57383
4.577 3.12397
4.54735 3.04153
5.19357 3.82373
5.28674 3.84959
8.05839 1.1788
8.07722 1.0751
7.2072 -1.6498
7.26764 -1.5818
4.63015 3.25571
4.66897 3.33732
5.49263 -2.94406
5.42112 -2.96454
4.96958 -2.6153
5.01613 -2.72664
5.09434 -2.85694
5.03009 -2.75197
5.10403 -2.86671
4.71193 -1.75459
8.11438 0.327047
8.07175 0.0014295
8.05198 -0.0931638
7.7105 -0.959708
7.87959 -0.618848
7.65463 -1.05406
7.56877 -1.18859
7.55643 -1.20691
7.53176 -1.24311
6.40625 -2.38221
6.33083 -2.43952
6.08446 -2.61743
6.06443 -2.63076
5.4252 3.86843
4.53817 -1.05897
4.5487 -1.10362
4.30075 1.57568
4.30839 1.67847
4.28567 0.541843
4.28126 0.659473
4.52516 2.9686
4.51007 2.91679
7.31092 -1.5315
7.35706 -1.47579
4.27754 1.04822
4.28063 1.16772
5.92096 -2.72522
5.8929 -2.74256
4.56456 -1.16999
4.27738 1.04073
4.29888 1.55016
4.37927 -0.307212
4.46025 -0.721697
4.29554 0.379736
4.28625 0.52909
4.35509 -0.158894
4.31393 0.17024
7.73832 2.1053
7.87835 1.79175
7.9075 1.7151
7.69705 2.18554
4.45101 2.67985
4.47303 2.77537
4.47761 2.79324
5.02244 3.74482
5.02508 3.74657
5.15015 3.80859
5.40733 3.8667
8.01942 1.35378
8.09855 0.925615
8.00303 1.41695
7.53406 2.46409
7.54518 2.44674
7.4088 2.64508
7.40572 -1.41451
7.45275 -1.35331
7.64339 2.28281
7.61935 2.32486
4.68692 3.36895
4.60252 3.19193
4.84975 -2.25148
4.84192 -2.22287
7.9472 1.60164
7.96496 1.54742
5.89063 -2.74406
5.88536 -2.74738
6.72673 3.3426
6.93599 3.16555
6.31431 3.61943
6.4929 3.51103
6.27931 -2.47826
6.45852 -2.34103
6.58182 -2.24167
6.5333 -2.28162
4.31143 1.71383
4.28096 0.669205
4.48472 2.82033
4.28094 1.17719
4.95885 -2.58742
5.60815 3.86389
4.91603 -2.46803
6.33843 3.60518
4.59264 3.16569
5.93849 -2.71434
6.84436 3.24668
4.33841 1.98017
6.59686 -2.22944
6.46976 -2.33237
6.99032 3.11479
6.78726 3.29377
6.57126 3.45751
