5.44886 -2.41984
5.47207 -2.42796
4.96885 3.22984
5.00136 3.26922
5.36316 3.50914
5.30433 3.48968
5.37857 -2.3856
5.33301 -2.3548
6.60906 3.1697
6.64591 3.14235
4.66397 -0.734722
4.68699 -0.828544
5.83288 3.53026
5.94241 3.50398
6.1706 3.42339
6.18915 3.41443
4.70102 2.69037
4.71298 2.72688
7.01205 2.82148
7.05526 2.77691
7.17118 2.64623
7.14242 2.6804
7.88671 1.15546
7.90385 1.06288
7.38369 -1.13767
7.40167 -1.11218
6.52634 -2.01218
6.61504 -1.94415
7.46348 2.23708
7.49095 2.19115
7.80405 1.48142
7.78006 1.55629
7.94503 0.640571
7.94669 0.588342
7.78649 -0.36757
7.7682 -0.417807
4.8893 3.11705
4.87955 3.10012
5.16 3.41064
5.10895 3.37285
5.42881 3.52846
5.49737 3.54133
5.6543 -2.44286
5.63533 -2.44543
7.90779 0.0939546
7.90288 0.0656577
7.93925 0.348835
7.93814 0.33404
4.88296 -1.5122
4.87604 -1.49237
4.96013 -1.73372
4.93908 -1.67509
4.50297 1.65853
4.50515 1.67937
4.48212 1.42274
4.48192 1.42045
4.63839 -0.624209
5.00494 -1.84486
4.9815 -1.78685
4.5752 2.1764
4.56688 2.13056
4.53906 1.95371
4.54584 1.99893
7.54451 -0.887849
7.59131 -0.804387
5.81971 3.53232
5.7434 3.54213
6.39456 3.30906
6.46361 3.26634
6.8179 3.00512
6.89551 2.93546
7.48438 -0.987734
7.50222 -0.959057
6.71623 -1.86056
6.74459 -1.83602
6.8189 -1.77084
6.81102 -1.77805
7.04584 -1.54735
7.00246 -1.59342
6.30754 -2.16596
6.41247 -2.09559
6.26638 -2.19225
6.19554 -2.23524
5.98088 -2.34748
5.93683 -2.3671
5.74176 -2.42966
5.82866 -2.40707
5.54124 -2.4423
5.52437 -2.43875
4.48264 0.395848
4.48267 0.395313
4.52612 -0.0129154
4.5206 0.0300224
7.6729 1.83417
7.67124 1.83791
7.93618 0.812574
7.93787 0.791389
4.76781 -1.13446
4.75981 -1.10651
4.82037 -1.3132
4.80602 -1.26441
7.82316 -0.257591
7.80999 -0.298978
5.22825 -2.25158
5.23029 -2.2545
5.12955 -2.10497
5.14235 -2.12671
6.17977 -2.24516
6.08811 -2.29522
4.46424 0.861073
4.46426 0.850009
4.46495 0.987657
4.46483 0.977009
4.47775 1.36029
4.47764 1.35859
4.60487 -0.468806
4.47815 0.463352
4.4783 0.460814
6.0219 3.47893
5.82671 3.5315
6.12292 3.44287
6.28304 3.3699
4.66077 2.5551
4.65803 2.54585
4.73338 2.78597
4.73119 2.78019
7.09429 2.73453
7.11588 2.71067
7.27425 2.51761
7.26793 2.52582
7.18173 -1.39695
7.16493 -1.41702
6.62369 -1.93685
6.51549 -2.02084
6.96861 -1.62668
6.90722 -1.68769
7.5427 2.0998
7.57392 2.04132
7.38003 2.36866
7.38918 2.35491
7.85056 1.31476
7.8359 1.37161
7.74676 -0.474675
7.74386 -0.481598
7.72032 -0.537848
6.81022 3.01166
6.76044 3.05322
6.543 3.21526
6.5572 3.206
4.51528 1.77466
4.5089 1.71766
4.49885 1.61521
4.49183 1.53985
4.48737 1.4869
4.69767 -0.871052
4.56531 2.12107
4.58863 2.24647
5.63104 3.55023
5.65902 3.54881
6.05706 3.46815
6.33293 3.34247
6.50516 3.24089
6.9516 2.88157
6.42442 -2.08661
6.80473 -1.78347
6.71349 -1.863
7.09652 -1.4943
6.28577 -2.18039
6.05473 -2.31279
6.0377 -2.32093
5.88976 -2.38551
5.92809 -2.37054
4.72857 -0.989412
4.74029 -1.0337
4.48807 0.330353
4.50349 0.172523
4.5089 0.123176
4.53728 -0.0891491
4.46666 0.711809
4.46635 0.721612
4.47158 0.584569
4.47126 0.59123
4.80378 2.9564
4.80652 2.96288
4.73432 2.78825
4.75645 2.84498
4.60775 2.33472
4.61577 2.37166
7.33124 -1.21014
7.31987 -1.22518
7.93018 0.870754
7.92604 0.911437
4.47098 1.22386
4.47123 1.231
4.46699 1.09454
4.46719 1.10401
6.18856 -2.23986
7.84538 -0.181428
5.09753 -2.04455
5.0719 -1.99506
4.7141 -0.934803
4.72365 -0.97069
6.71218 3.09222
6.70264 3.09934
4.59416 -0.417402
4.58585 -0.374382
4.5463 -0.145743
4.55625 -0.207022
7.62559 1.93676
7.58168 2.02647
4.5921 2.26252
4.60273 2.31237
4.59005 2.25307
7.71575 1.73098
7.74752 1.64901
7.856 -0.144032
7.86146 -0.122974
7.67469 -0.640024
7.66875 -0.653113
4.90969 3.14851
4.92455 3.17064
4.53381 1.91432
4.52787 1.87165
7.35036 -1.18443
7.9403 0.755577
7.94181 0.735609
5.28773 -2.31544
5.32693 -2.35077
5.26431 -2.29486
4.49413 1.56425
4.4929 1.55106
4.59735 -0.433098
4.55569 2.06257
4.85404 3.05396
4.83639 3.02281
4.4932 0.271884
4.49383 0.265109
4.79384 -1.224
4.77056 -1.14391
5.49453 -2.43368
5.41886 -2.40686
5.15044 -2.13882
5.18353 -2.19122
4.96188 3.22141
5.00997 3.27864
5.27318 3.47573
5.40109 3.52221
5.84211 -2.40214
5.88636 -2.38703
7.92648 0.218625
7.92434 0.201287
4.47347 1.2945
4.47356 1.30014
4.46432 0.924525
4.46427 0.913509
4.46457 0.786509
4.46409 0.79766
4.92934 -1.64649
4.90716 -1.58394
5.02638 -1.89787
5.03852 -1.92366
4.54774 2.01303
7.60964 -0.76988
7.64755 -0.695584
4.65346 2.52893
4.63315 2.44714
4.71647 2.73785
4.6941 2.66776
7.133 2.69117
7.20022 2.61169
7.87738 1.20071
7.90904 1.0311
7.4346 -1.06337
7.23009 -1.33935
7.2218 -1.34975
7.50364 2.16918
7.44149 2.2731
7.33664 2.43222
7.34683 2.41764
7.77706 1.56509
7.80913 1.46508
7.94642 0.502039
7.9434 0.699222
5.5518 -2.44395
5.58749 -2.44591
4.84711 -1.40224
4.86148 -1.4488
7.88437 -0.0262812
7.87561 -0.064906
5.07018 3.33875
5.20701 3.44142
5.54797 3.54551
5.63106 -2.4454
5.72793 -2.43319
7.9459 0.464529
4.97269 -1.76537
5.05489 -1.9579
4.53656 1.93529
7.68052 -0.627495
7.53195 -0.909505
7.47652 -1.00021
7.94642 0.479697
4.84209 -1.38517
5.93608 -2.36736
5.98727 -2.34497
4.46883 0.648019
4.4685 0.656426
4.7676 2.87142
4.78081 2.90395
4.46874 1.15906
4.46898 1.1675
4.57069 -0.291277
4.74303 -1.04403
5.23269 -2.25752
5.10559 -2.06122
4.46533 1.04051
4.47949 1.38666
4.48222 0.401695
4.474 0.526035
4.6241 2.40736
4.68615 2.64254
7.20915 2.60062
7.08204 2.74837
7.92362 0.92928
7.86029 1.27578
7.33354 2.43657
7.13164 -1.4548
7.27142 -1.28812
7.58051 2.02873
7.53765 2.10906
7.42226 2.30355
7.82852 1.39797
7.74884 1.64536
4.51547 1.77642
4.50746 1.70404
4.82927 3.0101
4.81284 2.97695
5.596 3.55018
6.02479 -2.32659
4.49447 0.257551
4.51613 0.0634921
4.46446 0.775576
7.62961 1.92839
7.11204 -1.47705
7.93527 0.824028
4.47302 1.28854
5.39084 -2.39434
5.40266 -2.40037
6.58745 3.18487
7.71486 1.73323
4.52463 1.84622
4.51966 1.8077
4.93335 3.1825
4.48233 1.42541
7.70447 1.75833
7.67449 1.8306
7.27726 -1.28082
6.65366 3.13652
5.7094 3.54612
7.8667 -0.102009
