7.61348 0.0485301
7.62018 0.0767327
7.48324 -0.372281
7.46123 -0.423711
7.58289 1.25669
7.58013 1.26757
4.77634 1.31167
4.78023 1.35998
4.97169 -0.670958
5.00188 -0.768161
4.87115 -0.260591
4.86315 -0.21984
5.06589 -0.960027
5.07494 -0.983893
6.6322 2.73142
6.62388 2.73765
6.90308 2.48907
6.96397 2.42262
4.78445 0.310628
4.78947 0.260297
4.75954 0.781991
4.75834 0.815848
5.06106 2.52212
5.07262 2.54342
4.96398 2.28809
4.98373 2.34229
6.18881 -1.75791
6.23086 -1.74224
7.19701 -0.893533
7.18079 -0.917521
6.21854 2.97127
6.14798 2.99818
5.93748 3.05023
5.92684 3.05108
6.62662 -1.49855
6.561 -1.54696
7.13024 2.21773
7.08202 2.28096
7.66721 0.450854
7.67037 0.5354
7.65325 0.881592
7.65703 0.846127
7.56028 -0.1558
7.53126 -0.244097
7.43412 -0.484458
7.42684 -0.499631
5.32964 2.88413
5.29276 2.85029
5.52691 3.00527
5.4901 2.98853
7.65783 0.32796
7.64557 0.224286
5.33081 -1.50818
5.31399 -1.48238
5.20631 -1.29155
5.21817 -1.31651
4.81183 1.63002
4.82596 1.72087
4.86456 1.92579
4.86871 1.94632
5.73351 -1.81739
5.71329 -1.81095
5.8396 -1.8315
5.87534 -1.83137
5.56996 -1.74867
5.61717 -1.77494
4.94404 -0.568029
4.97087 -0.668062
4.80883 0.0994492
4.81324 0.0671398
5.15809 2.68958
5.14021 2.66303
4.92191 2.15003
4.90079 2.07799
6.03611 -1.80949
6.07915 -1.79748
7.02324 -1.11971
7.02258 -1.12048
6.33723 2.91663
6.38032 2.89447
5.76597 3.0574
5.72986 3.05513
6.42789 -1.63698
6.34331 -1.68579
6.82949 -1.32376
6.75355 -1.3928
7.28763 -0.755916
7.30819 -0.722029
7.66988 0.633599
7.67061 0.544239
7.43732 1.6782
7.43162 1.69147
6.55499 2.78719
6.50226 2.82187
6.86428 -1.28918
6.91623 -1.23621
7.31667 1.92417
7.31082 1.9349
7.47237 1.59376
7.5005 1.51969
4.75921 0.946439
4.75967 1.00662
5.1371 -1.14367
5.1369 -1.14317
4.77381 0.43455
4.7703 0.479685
4.85112 -0.15601
4.83669 -0.0781406
7.4868 -0.363459
7.60995 1.14369
7.59852 1.19256
7.56058 1.33874
7.55897 1.34409
6.8257 2.56579
6.87116 2.52107
6.97691 -1.17187
6.9878 -1.15985
7.3566 1.84938
7.35761 1.84741
7.13518 2.2109
7.18246 2.14249
7.66328 0.772255
7.66031 0.811754
7.52363 -0.265792
7.56917 -0.126045
7.43879 -0.474975
4.76903 1.2089
4.76502 1.13051
5.67268 -1.79914
5.56556 -1.74639
4.78144 0.342328
4.77726 0.390798
4.76327 0.614517
4.76204 0.651649
4.75851 0.878476
5.02063 2.43331
4.99911 2.37951
6.71222 2.66686
6.72784 2.65424
7.63982 0.980488
7.63565 1.00777
4.89335 -0.365272
4.91767 -0.466554
7.2849 1.97997
7.25819 2.02508
4.76158 1.04016
4.76208 1.0751
4.77175 1.25175
5.9868 -1.81962
5.95903 -1.82409
5.74449 -1.82011
5.77009 -1.82285
4.89298 -0.363609
6.67243 2.69928
6.69928 2.67763
4.7907 0.24921
4.79662 0.19503
4.76565 0.559908
4.76766 0.521255
4.76108 0.687349
4.75914 0.747575
7.08762 -1.04071
7.11152 -1.01148
6.9561 -1.19502
7.6668 0.723314
7.66849 0.686177
7.36384 -0.623893
7.35633 -0.638011
5.52883 -1.71967
5.49644 -1.69476
5.39769 -1.59495
5.38876 -1.58367
5.05031 2.50038
6.3075 2.93211
6.26021 2.95418
4.79281 1.4883
4.79473 1.50499
5.88813 -1.83095
5.90732 -1.82934
5.4585 -1.65976
5.48618 -1.68688
4.9508 2.24878
4.94389 2.22548
7.52999 1.43701
7.53211 1.43101
7.57833 -0.0941479
4.92251 -0.485738
7.62544 0.106162
7.60759 0.0218209
5.42764 2.95504
5.38263 2.92494
5.29633 -1.45297
5.26406 -1.40049
4.7812 1.37143
4.77507 1.29583
4.84609 1.83433
4.84147 1.80918
5.02089 -0.827778
4.97116 -0.669089
5.41239 -1.61291
5.43818 -1.63898
5.10077 -1.05194
5.05329 -0.925953
6.59006 2.76232
6.6411 2.72493
6.99183 2.39126
6.89682 2.49549
5.10705 2.60744
6.24191 -1.73654
6.13945 -1.77806
7.15438 -0.952802
7.23907 -0.833058
6.11255 3.0087
6.25415 2.95702
5.94755 3.04851
5.83331 3.0585
6.52676 -1.57209
6.65998 -1.47153
7.13387 2.21277
7.06055 2.30783
7.67058 0.542989
7.66661 0.437939
6.40334 2.88129
6.43598 2.86338
7.64204 0.200575
5.23316 2.78816
5.6216 3.03705
5.62721 3.03856
5.21598 2.76744
7.66066 0.357522
5.23435 -1.3484
5.37046 -1.56092
5.17662 -1.23031
4.79263 1.48658
4.80818 1.60605
4.80078 1.55247
4.83576 1.77639
4.88102 2.00116
4.92983 -0.514404
5.02867 -0.85196
5.03321 -0.866895
5.13678 -1.14287
4.89443 2.05549
4.81412 0.0612266
4.79744 0.188069
5.18833 2.73011
6.32994 -1.69363
7.02132 -1.12196
7.06724 -1.06646
6.32081 2.92544
6.0694 3.02187
5.6419 3.04094
6.04243 3.0291
5.63035 3.03914
6.7275 -1.41606
6.45587 -1.61864
6.84237 -1.31117
7.33433 -0.676661
7.23932 -0.832679
7.66961 0.653679
7.39909 1.76293
7.46723 1.60674
6.46931 2.8435
7.11993 -1.00041
4.83204 -0.0508869
7.61518 1.1185
7.58666 1.24285
7.55076 1.37112
7.62094 1.08643
7.62752 1.05439
6.81515 2.57593
6.75083 2.63367
7.02822 2.34788
7.39285 1.77622
7.34972 1.86252
7.19913 2.11724
7.22922 2.07102
7.53384 1.4257
7.64478 0.946828
7.65133 0.899254
7.39002 -0.57363
7.37293 -0.607156
7.321 1.91644
7.24812 2.04164
5.93716 -1.82724
6.01936 -1.81271
5.49131 -1.69093
5.56252 -1.74456
7.59239 -0.0415569
6.13294 -1.78069
6.1139 -1.78676
5.65207 -1.7915
