7.2835 1.52064
7.29686 1.48688
7.46769 0.678341
7.47046 0.601156
7.42799 1.03086
7.43653 0.988107
5.08252 -0.201471
5.07972 -0.189449
5.14968 -0.454475
5.16179 -0.494402
5.3796 -1.00915
5.34763 -0.953474
5.48832 -1.17148
5.5268 -1.21955
5.08395 1.80822
5.07876 1.78652
5.44053 2.51236
5.40718 2.47564
5.89123 -1.43747
5.86458 -1.43124
5.14599 2.00896
5.17987 2.10076
7.23718 -0.412277
7.23208 -0.422978
5.752 2.6921
5.79305 2.69899
6.46766 -1.2867
6.52146 -1.25133
6.16889 2.67268
6.20327 2.66018
6.4106 2.56722
6.43634 2.55303
7.15383 -0.565125
7.12059 -0.61999
5.55146 2.60262
5.62256 2.64335
7.46457 0.741447
7.46677 0.714411
5.21514 -0.650398
5.18195 -0.558608
5.29095 -0.835752
5.31881 -0.894526
5.03575 1.5897
5.01802 1.48935
5.00025 1.36298
5.00941 1.43225
4.98073 1.15547
4.97481 1.07094
5.3174 2.36127
5.36068 2.42278
6.07821 -1.43869
6.07062 -1.43913
6.27135 -1.38574
6.30253 -1.37156
5.22162 2.19209
5.18155 2.10503
6.92254 -0.890553
6.85857 -0.961092
6.70708 -1.10872
6.67588 -1.13624
5.71074 -1.37303
5.62879 -1.31684
7.30008 -0.270924
7.28264 -0.312972
7.37447 -0.0604568
7.39256 0.00268592
7.43095 0.171499
7.44357 0.243809
5.04461 -0.0196243
5.05385 -0.0664718
4.96841 0.879913
4.9689 0.908527
4.97027 0.682991
4.96942 0.713058
4.98613 0.412161
4.98274 0.452134
5.02781 0.0719759
5.01165 0.181086
5.88009 2.71039
5.9582 2.71038
6.99299 -0.803045
6.93434 -0.877008
7.32735 1.40528
7.35132 1.33399
7.40932 1.12154
7.40265 1.15437
7.46749 0.482938
7.46222 0.402144
7.46838 0.51177
7.47054 0.596289
5.0976 -0.267418
5.12085 -0.354355
7.44414 0.934532
7.43913 0.972674
6.75328 2.31075
6.76809 2.29623
6.57938 2.45771
6.61506 2.42987
6.92075 2.12856
6.8947 2.16009
7.0113 2.01252
7.00169 2.02584
6.3265 2.61015
6.35642 2.59634
6.43874 2.55166
6.48698 2.5222
5.1337 -0.400087
4.96943 0.937649
4.97106 1.00879
4.96766 0.806548
7.38104 1.23604
7.39817 1.17172
5.16478 -0.504153
5.17772 -0.546432
6.83981 2.22387
6.83838 2.22539
7.06245 1.93701
7.0966 1.8838
7.31229 -0.240259
7.32778 -0.200278
7.32291 1.41877
4.98778 1.24621
4.98462 1.20779
7.45753 0.833529
7.45721 0.837219
5.09411 -0.253088
5.09346 -0.250343
4.99058 0.364251
4.99477 0.321545
4.97296 0.614421
4.9743 0.582638
7.22324 1.65533
7.22561 1.65048
7.17249 1.75349
7.16717 1.76342
5.03948 0.00802946
5.0297 0.0601437
4.9677 0.778251
7.07509 -0.691396
7.05694 -0.718062
7.26211 1.5708
7.31763 1.43413
7.47052 0.597007
7.46742 0.693093
7.43734 0.982741
7.42282 1.0609
5.07094 -0.149845
5.33281 -0.923814
5.42196 -1.0792
5.55331 -1.24677
5.43614 -1.10211
5.05838 1.69991
5.09695 1.85642
6.66598 2.38901
6.69386 2.36453
5.37447 2.43964
5.45482 2.52649
6.17407 -1.41842
6.09951 -1.43445
5.80036 -1.41378
5.91821 -1.43946
5.18056 2.10262
5.12355 1.94243
6.7602 -1.06028
6.78571 -1.03666
7.20606 1.68989
7.19713 1.70718
7.23064 -0.425791
7.27842 -0.322585
7.40625 0.0565621
7.42096 0.120447
4.96814 0.749565
4.9968 0.302739
5.0088 0.202392
5.73895 2.68838
5.85462 2.70917
6.56664 -1.22092
6.41003 -1.31917
6.99787 2.03086
6.94939 2.09374
6.06258 2.69908
6.05962 2.69941
6.06844 2.69771
6.27613 2.63379
7.039 -0.742577
7.18072 -0.518509
7.24707 1.60445
7.25444 1.58791
5.65048 2.65697
5.51765 2.57815
7.46356 0.758653
5.24397 -0.726427
5.18019 -0.55366
5.25164 -0.746279
5.43001 -1.0925
5.26146 -0.770727
5.61934 -1.30977
5.01602 1.47762
5.04512 1.63607
5.11401 1.91363
4.99844 1.34693
5.26898 2.28522
5.26578 2.27948
5.2627 2.27341
5.98395 -1.44491
6.19353 -1.41173
6.36994 -1.34137
5.72561 -1.38041
6.80157 -1.02135
6.92858 -0.883774
6.62329 -1.17764
7.14601 1.80127
7.12019 1.84526
7.20269 -0.479039
7.30584 -0.256778
7.33527 -0.179662
7.3592 -0.110279
7.44931 0.28457
5.06007 -0.0984829
5.04151 -0.00316236
4.97146 0.647857
4.97596 0.551084
4.98048 0.480911
4.98835 0.386849
5.02954 0.0611555
7.45978 0.375241
7.4 1.16412
7.4152 1.09745
7.46821 0.499284
7.37702 1.25079
7.37784 1.24779
7.41873 1.07897
7.44757 0.913213
6.82731 2.23672
6.5312 2.49196
6.83652 2.22735
6.84352 2.21979
7.05043 1.95566
6.49339 2.51831
7.45697 0.839541
6.30069 2.62271
6.3843 2.58226
7.354 1.32577
