6.09148 1.48802
6.05894 1.47725
6.5449 1.26461
6.51293 1.30701
6.48441 -0.0649538
6.50609 -0.0432486
6.2543 -0.185622
6.27323 -0.180963
6.64819 1.0958
6.64196 1.10892
5.71603 0.618855
5.7133 0.672389
5.91719 -0.0181174
5.86725 0.0530407
6.08132 -0.155884
6.04457 -0.13998
5.81785 0.157814
5.8544 0.0735329
6.73506 0.804875
6.69615 0.961852
5.75342 0.354923
5.74399 0.39783
6.32913 1.45828
6.31837 1.46253
6.7164 0.373291
6.7286 0.435701
6.64037 0.152164
6.64835 0.169901
5.8679 1.31986
5.81697 1.2289
6.47068 1.35402
6.58339 1.21163
6.67683 1.02378
6.68454 1.0028
6.63825 1.1159
5.95448 1.41509
5.89401 1.35314
5.87212 1.32794
5.79547 1.17672
5.81529 1.22471
6.20468 1.4953
6.14973 1.49343
6.42628 1.39174
6.73578 0.801084
6.73562 0.802156
5.74595 1.0179
5.76479 1.09089
5.71651 0.792302
5.7211 0.845055
5.71906 0.583125
5.7215 0.545435
6.74191 0.707344
6.74628 0.640374
6.7361 0.798926
5.72638 0.908099
5.72723 0.913744
6.36487 -0.149099
6.40625 -0.124181
5.98779 -0.093752
5.94655 -0.0571458
5.78026 0.252895
5.78675 0.234165
6.68342 0.257714
6.69877 0.305831
6.53831 -0.00390007
6.23055 -0.185196
5.85946 0.0651025
6.14771 -0.181131
6.58167 0.0513056
5.77155 0.279902
6.61993 0.112905
6.59385 0.0677411
5.73352 0.461171
6.73866 0.499546
6.74339 0.561144
6.74632 0.610303
5.78129 1.14015
5.98829 1.44143
6.02445 1.46216
5.72747 0.499672
5.71374 0.710468
5.87723 1.3349
5.73977 0.986095
5.72401 0.520811
5.77521 1.12399
5.72882 0.923916
