6.22383 -2.51783
6.14714 -2.57238
4.6793 -1.6286
4.68138 -1.63612
7.97672 -0.360606
8.00764 -0.259545
4.92208 3.66945
4.84981 3.599
4.73015 -1.8217
4.73881 -1.8543
4.28971 1.35821
4.28572 1.30696
4.27736 0.969839
4.27739 0.977229
4.27899 0.850227
4.27798 0.794475
4.29424 1.4671
4.29541 1.48602
5.79161 3.83053
5.75522 3.83914
4.29153 0.447456
4.29046 0.463871
4.3499 2.06046
4.35626 2.11605
4.9435 -2.54268
4.93753 -2.52508
4.33641 -0.0219079
4.32756 0.0493421
7.77398 -0.842068
7.82784 -0.732936
4.54963 3.04538
4.56991 3.10362
5.02697 3.74641
5.03374 3.75011
5.21747 3.83086
5.25503 3.84052
4.89195 -2.38852
4.91107 -2.44841
7.12288 2.98185
7.16166 2.94117
7.41529 2.63508
7.42231 2.62565
6.95779 -1.9085
6.94123 -1.92428
7.2591 -1.59064
7.22094 -1.63347
4.65825 3.31225
4.63499 3.26525
5.55149 -2.91939
5.49222 -2.9426
4.81008 -2.1146
4.83497 -2.19533
8.11939 0.676626
8.11878 0.697801
5.27339 -2.96858
5.34538 -2.97361
4.98105 -2.64344
5.00583 -2.69802
5.05442 -2.79533
5.06344 -2.80757
5.2565 -2.96725
5.25807 -2.96779
5.18149 -2.93373
5.14285 -2.9073
4.76215 -1.93956
4.76605 -1.95643
5.68006 -2.86117
5.64599 -2.87924
5.77567 -2.80962
5.75326 -2.82318
8.08367 0.0696898
8.08333 0.0677516
8.05718 -0.0678234
8.06128 -0.0497326
6.68061 3.37722
6.69056 3.36991
6.89004 3.20575
6.8951 3.20143
5.97916 3.77245
5.91544 3.79335
4.37243 2.22726
4.37582 2.24966
7.71522 -0.95038
7.76466 -0.859439
6.21467 3.67082
6.23048 3.66294
6.45678 3.53325
6.48039 3.51864
7.06098 3.04589
7.22286 2.87343
7.20131 2.89819
7.60554 -1.1305
7.63991 -1.07716
6.78872 -2.06425
6.86445 -1.99662
7.08487 -1.78032
7.05553 -1.81047
4.79484 3.53395
4.76092 3.48745
8.1112 0.799152
8.11471 0.756373
6.39443 -2.39023
6.34279 -2.42989
6.66046 -2.17561
6.61943 -2.20917
7.92731 -0.500007
7.92568 -0.504167
4.84108 3.59021
4.82954 3.57672
8.12077 0.463229
8.11824 0.401602
4.30643 1.64497
4.304 1.61432
4.2835 0.605631
4.28392 0.594279
7.31245 -1.52887
7.33485 -1.50194
5.98715 -2.68195
5.979 -2.68694
4.48713 -0.835704
4.49523 -0.87151
4.27946 1.11283
4.27922 1.10423
7.14955 -1.71116
7.17381 -1.68485
6.22956 -2.51376
6.23208 -2.512
4.58802 -1.26135
4.56993 -1.1899
4.65571 -1.53734
4.6427 -1.48327
5.72178 3.84466
5.74427 3.84101
5.86783 3.80967
4.39911 -0.411903
4.38412 -0.331631
4.4404 -0.620379
4.4325 -0.582852
4.38776 2.31502
4.39458 2.36743
4.3783 -0.298659
4.3604 -0.189287
7.78505 2.00734
7.74505 2.09069
7.86957 1.81224
7.8358 1.89392
4.39906 2.39225
4.41186 2.47087
4.45049 2.6741
4.45068 2.6751
5.10221 3.78596
5.08681 3.77905
5.31368 3.85313
5.36005 3.86091
8.03202 1.29918
8.05105 1.21273
8.08013 1.05385
8.09594 0.942153
7.34394 2.72881
7.35479 2.7148
7.47181 2.55573
7.4852 2.53627
7.44869 -1.3577
7.4336 -1.3775
6.87485 -1.98669
6.96057 -1.90589
7.65824 2.25525
7.6884 2.20064
7.57861 2.39198
7.59517 2.36482
4.72189 3.42758
4.70759 3.4056
4.60754 3.20084
4.6194 3.2288
4.77094 -1.97686
4.8024 -2.08414
4.87091 -2.31775
4.86388 -2.29243
7.9366 1.63123
7.91595 1.69068
7.9893 1.46399
7.97599 1.51017
5.3611 -2.97339
5.26014 -2.96797
5.72829 -2.83646
5.71585 -2.84249
5.62821 -2.888
5.58934 -2.90349
5.56211 -2.91617
6.49493 -2.31084
6.51991 -2.2913
8.03364 -0.166025
7.96668 -0.391954
7.92872 -0.496271
6.63902 3.40877
6.61162 3.42814
6.83368 3.25473
6.83909 3.25028
6.08053 3.73294
6.02059 3.75627
5.64096 3.85877
4.32849 1.89077
4.33334 1.9332
4.37641 2.25336
4.35826 2.13114
6.0898 3.72942
6.11321 3.71891
6.20239 3.67714
6.25839 3.6486
6.29994 3.62619
6.42517 3.55335
6.36558 3.58822
7.27836 2.81038
6.69992 -2.14128
6.76743 -2.08362
7.03633 -1.82943
4.74904 3.47155
8.118 0.710832
8.11019 0.812012
6.68108 -2.15761
4.9287 3.67579
4.97547 3.71186
8.11509 0.344979
8.12222 0.530673
4.55182 -1.11416
4.56435 -1.16667
4.5257 -1.00295
4.53445 -1.04054
4.50512 2.89458
4.49393 2.85424
4.52878 2.97916
4.54307 3.02593
7.35865 -1.47296
7.39972 -1.42141
4.46186 -0.726329
4.47635 -0.788216
4.50517 -0.914383
5.99737 -2.67546
6.03581 -2.64969
4.61067 -1.35329
4.59328 -1.28216
4.62251 -1.40009
7.97163 -0.37722
4.92787 3.67513
4.92721 3.67451
8.09302 0.136987
8.08393 0.0712229
4.51274 -0.947276
4.51985 -0.977458
4.28107 0.723224
4.27823 0.778832
4.46143 -0.724396
5.52028 3.86894
5.5536 3.86678
4.3425 2.0115
4.3409 1.99683
4.3244 1.84668
4.32033 1.80598
4.30707 0.247138
4.30305 0.292689
4.88845 -2.37448
4.88492 -2.36191
8.1037 0.86799
7.45854 -1.34452
7.50495 -1.28054
5.79268 -2.79971
5.8341 -2.77579
5.19724 -2.94466
5.24982 -2.96448
8.04094 -0.137703
7.90315 -0.559072
7.88271 -0.610425
6.53538 3.48206
6.55206 3.47035
7.03168 3.07449
7.04366 3.0631
8.12193 0.587009
4.31661 1.76871
4.31439 1.74238
8.10144 0.196999
8.10224 0.204234
4.74206 -1.86748
4.28436 1.23122
4.28465 1.2831
6.74197 3.32995
6.78033 3.2987
7.28089 2.80722
7.28378 2.80379
6.94581 3.15589
6.98395 3.12006
6.11256 -2.59742
4.70301 -1.71979
4.67287 -1.6049
8.10851 0.270373
8.103 0.211831
4.28552 1.29472
4.29107 1.40636
4.27786 1.03305
4.27755 0.913728
4.27831 0.786727
4.27757 0.906218
4.29793 1.52754
4.29194 1.42187
4.41928 -0.516409
4.40429 -0.440075
4.2876 0.515126
4.29469 0.398651
5.43557 3.8682
5.47536 3.86866
4.94764 -2.55619
4.92586 -2.49051
4.32049 0.113386
4.34292 -0.0705706
7.83121 -0.725674
7.77318 -0.843613
7.829 1.90963
7.79146 1.9937
4.42326 2.53224
4.4305 2.57346
4.57814 3.12468
4.54817 3.04147
5.19531 3.82322
5.28725 3.84864
8.05795 1.17837
8.07663 1.07547
7.20636 -1.64993
7.26718 -1.5815
4.6312 3.25603
4.66967 3.33674
5.48961 -2.94317
5.42068 -2.96291
4.97112 -2.616
5.01687 -2.72484
5.09517 -2.85512
5.03153 -2.75145
5.10693 -2.86698
4.71274 -1.75493
8.1139 0.327498
8.07117 0.00121365
8.05117 -0.0943361
7.70979 -0.959849
7.87922 -0.618414
7.65427 -1.05363
7.56808 -1.1887
7.55608 -1.2065
7.5321 -1.2417
6.40627 -2.38136
6.32992 -2.43934
6.08448 -2.61646
6.06378 -2.63023
5.42511 3.86742
4.53868 -1.05861
4.5493 -1.1036
4.30135 1.57605
4.30896 1.67847
4.28622 0.542162
4.28182 0.659464
4.52608 2.96917
4.51081 2.91673
7.31009 -1.53162
7.35662 -1.4755
4.27811 1.04855
4.28119 1.16772
5.91338 -2.72888
5.89219 -2.74198
4.56507 -1.16963
4.27795 1.04073
4.29945 1.55017
4.37978 -0.306925
4.46039 -0.719571
4.29613 0.379372
4.28681 0.529081
4.35571 -0.159276
4.31446 0.170542
7.7377 2.10536
7.87798 1.79126
7.90692 1.71516
7.6967 2.18507
4.45118 2.67745
4.47367 2.77498
4.47834 2.79322
5.02377 3.74443
5.02559 3.74564
5.15067 3.80765
5.40614 3.86559
8.01879 1.35418
8.09808 0.925155
8.00261 1.41654
7.53385 2.46345
7.54458 2.44672
7.4086 2.64447
7.40497 -1.41462
7.45239 -1.35289
7.64281 2.28278
7.61901 2.3244
4.68817 3.36933
4.60319 3.19139
4.85035 -2.25051
4.84281 -2.22295
7.9468 1.60124
7.9644 1.54747
5.89047 -2.74311
5.88649 -2.74562
6.726 3.34239
6.93532 3.16536
6.31421 3.61871
6.49212 3.51078
6.27933 -2.47738
6.45768 -2.34087
6.58104 -2.24152
6.53331 -2.2808
4.31204 1.7142
4.28152 0.669526
4.4856 2.82087
4.28151 1.17752
4.95997 -2.58702
5.60867 3.86294
4.91661 -2.4666
6.33799 3.60467
4.59349 3.16563
5.93852 -2.71328
6.84427 3.24596
4.33906 1.98057
6.59687 -2.22863
6.46978 -2.33153
6.98994 3.11434
6.78687 3.29331
6.57085 3.45703
