6.34312 -0.815122
6.31373 -0.824746
6.74227 -0.514273
6.7146 -0.546306
5.43116 1.58389
5.42397 1.56302
6.70691 1.80412
6.74116 1.76391
6.85106 1.61431
6.86805 1.58685
5.75685 -0.703152
5.83597 -0.767516
6.44073 2.03233
6.45957 2.02146
6.20906 2.137
6.13038 2.15127
6.06494 2.15631
5.99982 2.15471
5.77587 2.07571
5.79737 2.08963
6.82568 -0.409598
6.85681 -0.364593
6.57345 -0.67808
6.54361 -0.700151
5.31123 0.92065
5.3091 0.870627
5.33117 1.15212
5.33014 1.1434
7.13036 0.818593
7.13473 0.77775
7.10058 1.00558
7.10774 0.970594
5.57863 -0.463788
5.57284 -0.452877
5.37186 1.37254
5.38812 1.43813
5.51219 1.77236
5.50977 1.76722
5.61948 1.93503
5.60542 1.91808
6.58131 1.92899
6.63133 1.88325
6.97518 1.38614
6.95163 1.43585
5.68296 -0.620217
5.73382 -0.677712
5.93995 -0.8255
5.92865 -0.819476
6.12906 -0.860578
6.10171 -0.858856
7.06037 0.062422
7.0535 0.0404427
6.96273 -0.181652
6.96938 -0.168628
5.48698 -0.266669
5.4786 -0.244115
5.36946 0.136754
5.37781 0.097597
5.42077 -0.0749684
5.41905 -0.0687411
5.33191 0.363062
5.32789 0.39692
5.31082 0.611263
5.30853 0.669906
7.14277 0.542446
7.14326 0.557754
7.11308 0.275176
7.11889 0.308402
7.06734 1.14193
7.08587 1.06671
7.06138 1.16021
7.03547 1.23651
7.09014 1.05055
7.11075 0.953492
6.54709 1.9584
6.65652 1.8594
7.00388 1.32138
7.00402 1.32107
7.06432 1.15174
6.51428 1.98356
6.67563 1.84004
6.37005 2.07423
6.35259 2.08272
6.23321 -0.848078
6.44419 -0.766095
6.31596 2.10035
6.27274 2.11566
5.89089 2.1317
5.8976 2.13426
6.7887 -0.458348
6.69517 -0.567145
5.31919 1.03762
5.31658 1.00527
5.399 1.47983
5.43628 1.59687
5.56285 1.85562
5.51483 1.77745
6.76935 1.72902
6.69693 1.81578
6.81939 1.66188
6.90633 1.52144
5.84759 -0.776143
5.75164 -0.697747
7.0182 -0.0576581
7.01455 -0.0671071
5.49658 -0.291442
5.52831 -0.360739
5.39334 0.032771
5.41849 -0.0666987
5.31907 0.485859
5.31513 0.535313
7.13227 0.404486
7.13537 0.434341
6.45737 -0.759031
6.14898 -0.858444
6.48976 1.99998
6.40696 2.05395
6.10362 2.15583
5.91255 2.13732
5.69926 2.01917
6.88172 -0.325148
6.91814 -0.264283
6.63243 -0.626446
5.30747 0.801082
5.33592 1.18492
5.34894 1.26304
5.35372 1.28724
7.14197 0.691658
7.12324 0.874246
5.56661 -0.440358
5.62605 -0.539533
5.66805 -0.601984
5.47122 1.68284
5.68695 2.00744
5.65537 1.97376
6.79091 1.7015
6.94347 1.45181
6.97866 1.37872
5.9424 -0.82631
6.03387 -0.852214
7.08661 0.153643
6.9944 -0.113548
7.0929 0.179662
5.45223 -0.168867
5.35384 0.21383
5.43944 -0.1321
5.34888 0.242613
5.30715 0.770222
5.347 0.254605
5.30741 0.739414
7.14335 0.628309
7.14262 0.678655
7.00413 1.32081
