4.70906 -1.6076
4.72153 -1.65274
4.90684 3.58239
4.926 3.60107
8.07377 0.193554
8.07716 0.219729
4.31814 1.35818
4.3155 1.32422
4.306 0.953169
4.3061 0.977195
4.30719 0.850194
4.30648 0.810999
4.3223 1.45077
4.32448 1.48615
5.74798 3.79564
5.84815 3.77195
4.32139 0.429112
4.31916 0.463404
5.54713 3.81989
5.52519 3.8201
4.38102 2.06078
4.38701 2.11322
4.3676 -0.0410665
4.35447 0.0645809
4.60543 3.0801
4.61253 3.10052
7.113 2.9519
7.13141 2.93258
6.92195 -1.90138
6.85644 -1.96384
7.21649 -1.59691
7.19779 -1.61789
4.83855 -2.06835
4.80855 -1.96636
4.90096 -2.25822
4.91352 -2.29673
5.30752 -2.86937
5.33836 -2.87584
5.2335 -2.84376
5.25075 -2.85161
4.98165 -2.48387
4.984 -2.48917
5.0581 -2.64651
5.06559 -2.65871
5.18597 -2.81208
5.16172 -2.78747
5.57585 -2.83962
5.62954 -2.81856
5.79134 -2.74272
5.80911 -2.73413
8.01029 -0.151233
8.01107 -0.148371
7.94163 -0.383206
7.93689 -0.396615
8.08682 0.326025
8.08485 0.301352
8.05411 0.0586018
8.04639 0.0144815
8.02684 -0.0792059
8.03837 -0.0282868
6.66019 3.35319
6.68609 3.33419
6.87049 3.18274
6.89061 3.16556
5.87881 3.76382
5.97261 3.73306
4.37103 1.99371
4.36383 1.93587
4.39084 2.13753
4.40505 2.23144
7.73937 -0.848974
7.69633 -0.928127
7.85038 -0.616876
7.80857 -0.710233
6.19767 3.63945
6.18041 3.64702
6.43491 3.50784
6.4512 3.49776
7.08361 2.9823
7.19353 2.86511
7.19125 2.86772
7.58751 -1.10925
7.60487 -1.08231
6.75238 -2.05704
6.6781 -2.12111
7.11687 -1.70663
7.04756 -1.77786
8.08537 0.789461
8.09147 0.714964
6.34972 -2.38136
6.34374 -2.38595
6.66133 -2.13547
6.60005 -2.1856
6.0369 -2.59924
6.04491 -2.59426
5.04161 3.69022
5.00759 3.66793
4.87226 3.54757
4.83585 3.50502
8.09509 0.487275
8.09115 0.391441
4.57832 -1.09545
4.56594 -1.04545
4.33719 1.66407
4.33325 1.61445
4.31154 0.621885
4.31259 0.593812
4.55258 2.92411
4.56883 2.97624
7.3176 -1.47899
7.28916 -1.51319
5.98828 -2.62995
5.94296 -2.6577
4.51325 -0.817265
4.53042 -0.893104
4.30868 1.12977
4.30798 1.10419
7.14189 -1.67987
7.15128 -1.66968
6.19941 -2.48931
6.27727 -2.4348
4.61531 -1.24209
4.59929 -1.17882
5.6377 3.81388
5.70913 3.80226
5.85652 3.77007
4.4259 -0.39674
4.41137 -0.318958
4.46641 -0.60565
4.46593 -0.603369
4.41948 2.31535
4.42388 2.34916
4.38279 -0.147407
4.38681 -0.174335
7.75426 2.01023
7.72719 2.06665
7.83999 1.81503
7.81753 1.86934
4.49343 2.70082
4.48249 2.65526
4.43578 2.4151
4.44182 2.45219
5.11294 3.73134
5.1609 3.75288
5.18352 3.76229
5.24368 3.78301
8.01033 1.27773
8.0204 1.23199
8.05709 1.03107
8.06711 0.960271
7.46117 2.52349
7.45334 2.53473
7.33351 2.6972
7.3208 2.71317
7.4094 -1.36348
7.38007 -1.40195
6.83868 -1.97951
6.95249 -1.87284
7.64084 2.23184
7.65885 2.19922
7.56159 2.36908
7.56507 2.36337
4.71946 3.33088
4.74443 3.37544
4.66188 3.21739
4.67002 3.23657
4.88077 -2.20107
4.85256 -2.1102
7.90812 1.63391
7.89544 1.6704
7.96166 1.46659
7.95507 1.48947
5.39332 -2.87655
5.71352 -2.78199
5.68851 -2.79411
5.66135 -2.80481
5.54381 -2.84867
6.47456 -2.28607
6.4784 -2.28306
7.97834 -0.265392
7.97996 -0.260081
7.9454 -0.372033
6.6345 3.37268
6.57197 3.41689
6.79776 3.24454
6.8192 3.22686
6.02126 3.7141
5.99249 3.72529
5.86107 3.76904
4.37148 1.99714
4.35665 1.87322
4.36355 1.93351
4.41216 2.27556
6.08485 3.6899
6.25465 3.6108
6.2536 3.61134
6.42061 3.51694
6.32231 3.57446
6.47582 3.48213
6.51193 3.45823
7.2015 2.85605
6.66305 -2.13396
6.75948 -2.05109
7.00221 -1.82266
8.09212 0.701125
8.08223 0.82959
6.66223 -2.13468
8.0889 0.3509
8.09581 0.520763
4.55175 -0.984563
4.56455 -1.03954
4.53099 2.85154
4.53524 2.86686
4.49726 -0.748058
4.50643 -0.787217
4.53512 -0.913389
6.13422 -2.53456
6.11564 -2.54683
4.63819 -1.33386
4.62919 -1.29703
4.67038 -1.46303
4.65875 -1.41509
5.08146 -2.68563
5.09347 -2.70658
4.99939 -2.52503
5.01453 -2.56165
8.06467 0.126352
8.06013 0.0935035
4.77661 -1.85423
4.76511 -1.81571
4.5387 -0.928952
4.54989 -0.976461
4.30926 0.723191
4.30729 0.761922
4.48855 -0.709041
4.35601 1.8663
4.35 1.80629
4.97927 -2.47888
4.95597 -2.41829
4.33743 0.228492
4.33039 0.308169
8.07808 0.865329
7.47513 -1.27543
7.48687 -1.25924
5.49462 -2.8606
4.79811 -1.93272
4.78083 -1.86903
8.09422 0.644515
5.41647 -2.87648
5.03731 -2.60646
5.01981 -2.57168
7.8837 -0.53616
7.86908 -0.572913
6.99875 3.06515
7.03345 3.03215
4.82654 3.49357
8.09537 0.603701
4.34451 1.75132
4.34378 1.74268
4.3127 1.23119
4.3129 1.26666
6.73748 3.29415
6.74441 3.28851
4.37198 2.00102
6.94129 3.11984
6.95101 3.11071
6.15905 -2.51801
4.73333 -1.69839
4.68892 -1.53341
8.08095 0.260035
8.06998 0.164203
4.315 1.29468
4.31904 1.39008
4.30643 1.01642
4.30614 0.913695
4.30753 0.786693
4.3062 0.889557
4.326 1.5112
4.32084 1.422
4.44566 -0.501477
4.43761 -0.460527
4.31729 0.49689
4.3234 0.398184
5.46231 3.81938
5.63357 3.81434
4.35117 0.094543
4.36954 -0.0555028
7.79808 -0.732284
7.75405 -0.82107
7.79888 1.91246
7.77343 1.96945
4.46118 2.55583
4.46089 2.55452
4.63607 3.16072
4.58985 3.03844
5.29152 3.79521
5.31348 3.80075
8.03561 1.15627
8.04689 1.09416
7.39812 2.61272
7.38966 2.62408
7.5381 -1.18532
7.53223 -1.19396
7.16388 -1.65617
7.24392 -1.56583
4.6891 3.27366
4.70552 3.3074
5.45073 -2.87208
5.1365 -2.76387
5.10696 -2.72396
5.20881 -2.82661
5.76459 -2.75602
5.85943 -2.70541
4.6844 -1.51709
4.75368 -1.77188
5.9355 -2.66243
8.04197 -0.0097406
8.01179 -0.145574
7.67408 -0.966974
7.85967 -0.595379
7.63571 -1.03177
7.54985 -1.16776
7.51368 -1.22088
6.4072 -2.33831
6.28354 -2.43014
6.08555 -2.56723
6.03045 -2.6032
4.99176 3.65571
5.05778 3.70112
5.42074 3.81629
4.56471 -1.04024
4.58011 -1.10258
4.33191 1.59503
4.33829 1.67861
4.31415 0.558353
4.31038 0.658999
4.57765 3.00126
4.54919 2.91394
7.26803 -1.5378
7.33346 -1.45991
4.30721 1.06542
4.30988 1.16769
4.59214 -1.15053
4.3067 1.04069
4.32863 1.5503
4.40656 -0.291765
4.46763 -0.611679
4.32618 0.360915
4.3155 0.528614
4.38749 -0.178794
4.34154 0.185872
7.70633 2.10831
7.85949 1.76638
7.87794 1.71788
7.67906 2.16133
4.5059 2.75489
4.46025 2.55135
4.51543 2.79216
5.09755 3.72295
5.17679 3.75994
5.34162 3.80552
7.26791 2.77871
7.25282 2.79683
7.98717 1.37405
8.0745 0.901826
7.98155 1.39571
7.51338 2.44522
7.36512 -1.42048
7.43409 -1.33132
7.51998 2.43503
7.54637 2.39356
7.61309 2.28135
7.60175 2.30118
4.75375 3.3893
4.78692 3.44054
4.63715 3.16359
4.8031 -1.94889
4.89006 -2.22704
4.92452 -2.33132
4.93791 -2.3665
7.92617 1.58084
7.93622 1.55012
6.68903 3.3319
6.90152 3.15577
6.30961 3.58199
6.53086 3.44602
6.2803 -2.43258
6.41477 -2.33235
6.54118 -2.23361
6.53421 -2.23934
4.95996 3.63125
4.34301 1.73344
4.30957 0.68579
4.53028 2.84867
4.31075 1.19447
5.01695 -2.56626
5.72606 -2.77532
5.05251 -2.63773
7.89752 -0.502496
6.31549 3.57852
4.63673 3.16248
5.3863 3.81296
4.94818 -2.3987
5.47188 -2.86754
5.93967 -2.65984
6.83973 3.20975
6.59776 -2.18757
4.8455 -2.08787
5.67175 -2.80107
6.4707 -2.28925
6.9708 3.09182
6.76698 3.2699
7.90628 -0.479715
6.54998 3.43247
