7.64196 0.0542121
7.64237 0.05596
7.50302 -0.390806
7.46564 -0.478169
4.75018 1.32689
4.75284 1.35986
5.82876 -1.8834
5.83146 -1.88353
4.96602 -0.75544
4.97464 -0.783201
4.84593 -0.274868
4.83129 -0.200286
4.75933 0.296069
4.76286 0.26073
4.73178 0.782443
4.73116 0.800089
6.22264 -1.78896
6.22569 -1.78782
7.20919 -0.925128
7.20455 -0.931999
6.62159 -1.54289
6.59115 -1.56534
7.69262 0.460384
7.69517 0.528802
7.68022 0.864642
7.68487 0.820966
7.58099 -0.175182
7.56024 -0.238317
5.32615 2.94139
5.25362 2.87485
5.52386 3.05518
5.44269 3.01828
7.68093 0.306334
7.67242 0.234358
5.3281 -1.57817
5.27779 -1.50099
5.14935 -1.25612
5.18591 -1.3331
4.77396 1.56339
4.78067 1.61651
4.78801 1.66839
4.79865 1.73677
4.82973 1.90416
4.84147 1.96218
6.02926 -1.85786
5.9999 -1.86463
5.6929 -1.86276
5.64339 -1.84699
4.91812 -0.582337
4.93454 -0.643544
5.3845 -1.64976
5.37325 -1.63551
5.00676 -0.884754
5.03766 -0.975616
5.12337 2.71138
5.1354 2.72983
6.37411 2.93614
6.39529 2.92525
6.11657 3.04922
6.15144 3.03721
5.93491 3.09229
5.98534 3.08203
5.71081 3.09957
5.73514 3.10126
6.42287 -1.68112
6.37807 -1.70698
6.82434 -1.3691
6.78033 -1.40912
7.30573 -0.777237
7.34226 -0.717021
7.46586 1.67551
7.45084 1.71048
6.55194 2.82834
6.5323 2.84125
6.94165 -1.25249
6.94214 -1.252
7.50038 1.59112
7.52013 1.53911
4.73177 0.930534
4.73248 1.02245
5.13868 -1.23332
5.10763 -1.15821
4.80546 -0.0589673
4.78849 0.0530677
4.74833 0.419778
4.74233 0.496863
4.82566 -0.170422
4.80985 -0.0850842
7.45881 -0.493721
7.51645 -0.357543
7.6306 1.1678
7.62865 1.17615
6.89981 2.53335
6.85054 2.58182
6.98859 2.43851
6.98929 2.43769
6.9881 -1.2009
7.01196 -1.17457
7.37344 1.87204
7.38538 1.84875
7.17636 2.19827
7.20491 2.15697
7.10049 2.30285
7.10563 2.2962
7.58601 1.33965
7.58046 1.35887
7.66333 0.994628
7.6688 0.956684
7.5439 -0.284764
7.59734 -0.120425
4.7407 1.19131
4.73838 1.14601
5.61974 -1.83566
5.57982 -1.81667
4.7533 0.359609
4.75058 0.391232
4.73579 0.631401
4.7351 0.652087
4.73141 0.895121
4.98991 2.45259
4.9579 2.37257
4.9513 2.35369
4.9537 2.36113
4.88685 -0.462176
4.89139 -0.481066
7.29679 2.01241
7.29619 2.01343
4.73349 1.04019
4.73375 1.05868
4.74552 1.26703
5.97906 -1.86906
5.95484 -1.87295
5.73614 -1.87346
4.86051 -0.343683
6.69969 2.71687
6.7247 2.6967
6.63799 2.76695
6.67858 2.73415
4.76575 0.234745
4.77004 0.195463
4.73956 0.544781
4.74076 0.521693
4.73457 0.671976
4.73157 0.764506
7.11172 -1.0554
7.12309 -1.04149
6.94251 -1.25161
7.69453 0.667311
7.69156 0.732602
7.38189 -0.645159
7.36186 -0.682803
5.47775 -1.74593
5.47703 -1.74537
5.35712 -1.61581
5.33162 -1.58359
5.01676 2.51326
6.30506 2.97211
6.27561 2.98585
7.61561 -0.0557809
7.61418 -0.0617339
4.77116 1.53901
4.76531 1.48818
5.88016 -1.8819
5.90947 -1.87944
5.41341 -1.68294
5.42138 -1.69075
4.92215 2.26675
4.90344 2.20364
7.54085 1.48105
7.55168 1.45036
7.61414 -0.061914
6.07903 -1.84347
6.11587 -1.83118
4.89229 -0.484644
5.00585 -0.882001
5.00528 -0.88022
7.65229 0.11152
7.64159 0.0525568
5.42439 3.00847
5.33973 2.95185
5.22387 -1.40791
5.2291 -1.41846
4.75509 1.38662
4.74767 1.2957
4.81883 1.85019
4.81127 1.80904
4.98007 -0.800227
4.94554 -0.683233
5.07181 -1.06794
5.04786 -1.00484
6.61885 2.7809
6.98831 2.43882
6.92106 2.51113
5.07388 2.62825
5.04498 2.57452
6.27185 -1.76402
6.21906 -1.79042
7.16614 -0.983302
7.22131 -0.907708
6.25171 2.99706
6.15996 3.03379
5.882 3.09862
5.83062 3.1027
6.52174 -1.61629
6.68834 -1.48882
7.25681 -0.853881
7.27374 -0.828067
7.3358 1.94334
7.34255 1.93102
7.10772 2.29337
7.15617 2.22716
7.60924 1.25632
7.60699 1.26516
7.69532 0.55227
7.69086 0.422695
6.43907 2.90019
6.45252 2.89281
7.66429 0.179745
5.22942 2.84962
5.56871 3.07024
5.62436 3.08519
5.17999 2.79002
7.68676 0.367316
5.2358 -1.43108
5.33026 -1.58158
5.14477 -1.24668
4.7632 1.46831
4.78132 1.62169
4.77264 1.55234
4.80193 1.75539
4.86255 2.05605
4.89365 -0.48999
4.99634 -0.85079
5.55358 -1.80168
5.47848 -1.74646
5.08995 -1.11375
4.77258 0.173662
4.78472 0.079281
5.10912 2.68734
6.32489 -1.73817
4.86645 2.0733
4.86468 2.06574
6.33597 2.95662
6.08708 3.05822
5.75631 3.10148
6.03988 3.07087
5.65556 3.09098
6.72242 -1.46082
6.48817 -1.63833
6.86777 -1.32666
7.35291 -0.698544
7.69558 0.637357
7.42821 1.76019
7.48662 1.62591
6.46626 2.88462
7.1434 -1.01472
4.87538 2.10733
4.80646 -0.0653694
7.6441 1.10274
7.62266 1.20154
7.64686 1.08738
7.65001 1.07204
6.81197 2.61887
6.77681 2.65044
7.05183 2.36312
7.08166 -1.09335
7.0789 -1.09671
7.40991 1.79918
7.29816 2.01003
7.23926 2.10494
7.25184 2.08561
7.56052 1.42319
7.65865 1.02254
7.67546 0.908308
7.68815 0.779967
7.41021 -0.592527
7.40613 -0.600533
6.75005 2.67438
7.25974 2.07333
5.92932 -1.87735
5.44499 -1.71473
5.83602 -1.88336
5.40309 -1.67239
6.12763 -1.82743
6.05902 -1.84911
5.02915 2.54214
7.42636 -0.560068
5.55527 -1.80262
7.07737 -1.09854
7.03388 -1.14979
7.69552 0.643218
