4.69937 -1.18276
4.7109 -1.22503
5.42219 -2.61331
5.40382 -2.60725
5.05032 -2.22958
5.0795 -2.28766
5.86893 -2.53
5.84121 -2.54289
5.17808 -2.44494
5.22059 -2.49554
5.12359 -2.36645
5.16605 -2.4287
4.61989 -0.87165
4.64188 -0.961509
4.56747 -0.648304
4.52783 -0.454955
6.2192 3.50359
6.18284 3.52114
4.55904 2.50979
4.57958 2.59475
7.30095 2.59853
7.35223 2.52987
7.43012 -1.19237
7.45449 -1.15782
7.28637 -1.38157
7.32361 -1.33543
6.63268 -2.03328
6.63618 -2.03061
6.97573 -1.72275
7.02283 -1.67672
5.62514 -2.6109
5.6482 -2.60727
4.80048 -1.54307
4.77707 -1.46408
4.85498 -1.72045
4.85075 -1.70624
7.84675 -0.402135
7.84095 -0.418548
4.87041 3.29887
4.91737 3.36146
5.16384 3.56974
5.21061 3.59393
4.96734 3.41756
5.0063 3.45539
5.22209 3.59832
5.30946 3.63181
6.01107 -2.46035
6.03897 -2.44466
8.0022 0.294282
8.00187 0.290207
6.81016 3.11173
6.7943 3.12535
6.56798 3.29755
6.59631 3.27801
5.7254 3.65999
5.68728 3.66434
4.57056 -0.662614
4.57523 -0.682798
4.45901 1.93887
4.45847 1.93449
4.49953 2.20502
4.49423 2.17585
7.75133 -0.636636
7.74953 -0.640667
7.63367 -0.870061
7.63899 -0.860567
5.95545 3.60806
6.00393 3.5909
6.4063 3.4028
6.31474 3.45437
7.15831 2.77241
7.08131 2.85587
6.9658 2.9707
7.00189 2.93651
7.53057 -1.04216
7.49453 -1.09853
6.8111 -1.87938
6.83148 -1.86175
8.01374 0.58085
8.01357 0.494866
6.40722 -2.20702
6.41009 -2.20509
6.28331 -2.29347
6.27417 -2.29901
4.74863 -1.36383
4.76539 -1.4249
4.92304 -1.92222
4.9344 -1.95173
4.77806 3.14813
4.75522 3.10187
5.46738 3.66488
5.50501 3.66798
5.70818 -2.59062
5.73775 -2.58232
4.66066 -1.03734
4.66042 -1.03635
4.65965 2.86671
4.65281 2.84792
7.71807 1.89495
7.70643 1.92116
8.00635 0.768469
8.00702 0.760071
4.81594 3.21701
4.81662 3.21812
6.10037 -2.40897
6.18226 -2.35962
6.20985 -2.34158
6.18887 -2.35529
5.43906 -2.61711
5.33025 -2.57927
5.35252 -2.59073
5.27876 -2.54692
5.48802 -2.62258
5.46726 -2.62059
5.03297 -2.19413
5.01521 -2.15466
5.23503 -2.5073
5.16964 -2.43433
4.39327 0.902377
4.39341 0.850092
4.3942 1.02883
4.3936 0.977092
4.40851 1.40059
4.40592 1.35826
4.41695 1.52085
4.41446 1.48656
4.49112 -0.261524
4.51356 -0.381678
4.4136 0.372477
4.41681 0.331513
4.4045 0.508583
4.40727 0.46197
4.46628 -0.10167
4.47008 -0.12719
4.43204 0.170386
4.43839 0.112092
5.87835 3.62981
5.84021 3.63926
6.1705 3.52619
6.29504 3.46567
4.55454 2.489
4.53471 2.39429
4.61906 2.74146
4.61583 2.72964
7.19755 2.72614
7.21823 2.70191
7.98574 0.960497
7.97778 1.01642
7.94247 1.21061
7.9241 1.29251
7.37584 -1.26744
7.36809 -1.27763
6.72369 -1.95669
6.55129 -2.0983
7.05447 -1.64372
6.92762 -1.77113
7.50759 2.29643
7.46921 2.35876
7.58674 2.15904
7.56693 2.1948
7.42381 2.42758
7.45561 2.37983
7.87473 1.47477
7.88953 1.42465
7.81952 1.64224
7.83185 1.60751
6.50775 -2.1317
6.53702 -2.10965
5.53449 -2.62354
5.55768 -2.62155
7.92728 -0.138612
7.93508 -0.108286
7.88601 -0.283813
7.89458 -0.255831
7.87819 -0.309112
7.80233 -0.518256
7.80096 -0.521759
4.92607 3.37218
6.89619 3.03605
6.86123 3.06735
6.77478 3.14158
6.74058 3.16921
6.68469 3.21246
6.65104 3.23793
6.51674 3.33328
4.4494 1.8619
4.4514 1.87889
4.46673 1.99811
4.5145 2.29268
4.47593 2.06557
5.82875 3.64131
5.80675 3.64588
6.0696 3.56824
6.4452 3.37817
6.42468 3.39123
7.03335 2.90476
6.92133 3.01369
6.53771 -2.10909
6.89513 -1.80141
6.73427 -1.94799
7.11709 -1.57843
8.0114 0.670844
8.00868 0.728751
6.53737 -2.10936
6.34271 -2.25223
4.74262 3.07725
4.81549 3.21618
8.01135 0.426756
8.0122 0.451021
4.43471 1.72462
4.43644 1.74319
4.42224 1.58536
4.4246 1.61487
4.39718 0.671532
4.39556 0.722764
4.40255 0.544557
4.40026 0.592386
7.77501 1.76032
7.74924 1.82356
7.68469 1.96742
7.65988 2.01911
4.69603 2.96699
4.72099 3.02879
7.18833 -1.49799
7.21724 -1.46477
4.60649 -0.815095
4.39809 1.1816
4.3998 1.23108
4.39466 1.05261
4.39577 1.10409
5.66775 3.66663
5.65269 3.66803
7.1594 2.7712
7.16002 2.7705
7.13612 -1.55719
7.17165 -1.51718
7.12542 -1.56917
4.94587 -1.98388
4.95996 -2.01967
8.01195 0.656137
5.115 3.54061
5.10525 3.53439
5.94933 -2.49284
5.93817 -2.49825
5.75765 3.65493
5.78261 3.65064
7.98675 0.159865
7.96695 0.038574
4.4753 2.06175
4.93223 3.37891
7.99947 0.848111
8.00512 0.783981
4.72391 -1.27336
4.67877 -1.1059
4.82752 -1.63191
4.81352 -1.585
4.96898 -2.04496
4.98648 -2.08741
5.09871 -2.3205
5.0459 -2.22148
5.09579 3.52738
5.01668 3.46489
5.83211 -2.54714
5.92975 -2.50193
7.99465 0.227661
7.98706 0.161906
4.4039 1.29458
4.40466 1.34025
4.39349 0.965748
4.39328 0.913593
4.39562 0.78659
4.39337 0.83882
4.41251 1.46085
4.40996 1.42241
4.40868 0.44076
4.41169 0.396747
5.54386 3.67042
5.60957 3.67014
4.47478 2.05851
4.44743 0.0354165
4.45303 -0.00823521
7.69631 -0.752588
7.69617 -0.75287
4.59072 2.63644
4.55582 2.49535
7.96617 1.0876
7.95432 1.15234
7.28489 2.61904
7.36501 2.51238
7.48126 -1.11835
7.41689 -1.21092
7.33199 -1.32437
7.26817 -1.40439
7.54768 2.22843
7.51939 2.27684
7.84835 1.55839
7.86177 1.51715
5.66749 -2.60171
5.60308 -2.61601
4.77393 -1.4539
4.86691 -1.75885
5.21254 3.59477
5.15665 3.56591
5.36196 3.64596
6.0747 -2.42464
5.98858 -2.47215
5.74775 -2.57826
8.00254 0.298335
7.94987 -0.0442904
7.96056 0.00638296
7.94207 -0.0803049
4.88458 -1.81066
4.89452 -1.8389
4.46813 2.00904
7.69442 -0.756195
7.79972 -0.524736
7.57877 -0.964679
7.37776 -1.26496
7.56528 -0.987159
8.01269 0.632316
8.01351 0.489892
6.08883 -2.41612
4.74338 -1.34431
5.40703 3.656
5.69309 -2.59607
4.64696 -0.982186
4.66238 -1.04417
4.4281 1.65476
4.43019 1.67903
4.3996 0.607887
4.39765 0.657579
4.63445 2.79327
4.6737 2.90699
4.39613 1.11697
4.39759 1.16759
4.67504 -1.09201
5.51192 -2.62333
5.0117 -2.14591
5.11636 -2.35312
5.16805 -2.43189
4.39429 1.04059
4.41929 1.55072
4.48829 -0.245497
4.41913 0.303828
4.40327 0.527186
4.48738 -0.240146
4.42554 0.233426
4.60537 2.69288
4.52503 2.34571
4.6331 2.78882
7.23557 2.68069
7.99541 0.88416
7.91498 1.32987
7.41507 2.44049
7.23886 -1.43904
7.62474 2.08824
7.61196 2.11263
7.46648 2.36305
7.89864 1.39138
7.7999 1.69586
5.5809 -2.61794
7.92005 -0.166531
6.72358 3.18317
4.4441 1.81871
4.45779 1.92951
4.6448 -0.973309
4.44169 1.79471
4.39512 0.735378
4.68901 2.94744
4.51886 2.31475
7.78858 1.72629
7.73024 1.86762
7.63856 2.06161
4.72103 3.0289
4.40027 1.24637
5.67369 3.66586
5.39394 3.65379
8.01123 0.423614
6.70515 3.19712
6.82581 3.09863
4.9098 -1.88357
6.18602 -2.35719
6.62049 3.26092
4.44298 1.80724
7.91186 -0.196321
