6.37583 2.69661
6.34949 2.70952
5.5427 2.74624
5.50063 2.71986
5.01172 -0.240564
5.00306 -0.203322
5.00834 1.85707
4.99434 1.79859
6.74418 2.43367
6.69171 2.47933
4.89413 0.779801
4.89357 0.79552
6.06351 -1.56818
6.07816 -1.56487
6.92952 -1.00433
6.89425 -1.044
7.04991 2.08895
7.06585 2.06725
7.11591 1.99466
7.15964 1.92448
7.1799 -0.670262
7.17717 -0.674767
7.50663 0.183039
7.50838 0.193297
5.51597 -1.38506
5.5119 -1.38066
4.9051 1.16188
4.90577 1.17375
5.6946 -1.5196
5.68977 -1.51673
7.53556 0.744064
7.53652 0.732337
5.1633 -0.761445
5.13932 -0.692266
5.29272 -1.05713
5.33495 -1.13765
5.21087 -0.87997
5.1822 -0.809568
5.3906 -1.22543
5.34306 -1.15065
4.96228 1.63717
4.97985 1.73006
4.92807 1.40961
4.93213 1.44032
4.91343 0.388582
4.91307 0.391994
4.89716 0.662804
4.89754 0.649444
4.89453 0.894796
4.89486 0.925246
5.33839 2.57646
5.34876 2.5885
5.22598 2.41864
5.19342 2.36021
5.13763 2.24572
5.16573 2.30821
6.25717 -1.5106
6.17863 -1.53826
5.87571 -1.57413
5.91346 -1.57531
5.0667 2.06019
5.05908 2.03554
6.81046 -1.1292
6.78373 -1.15545
7.2496 1.76481
7.25901 1.74673
7.2621 -0.524669
7.24775 -0.551827
7.35709 -0.326118
7.35522 -0.330616
4.9421 0.141564
4.94674 0.11019
6.09515 2.8058
6.16081 2.7878
5.95088 2.8304
6.02238 2.82035
5.73716 2.81964
5.74412 2.82118
6.45363 -1.41026
6.39286 -1.44447
6.6526 -1.26982
6.60784 -1.30398
6.57081 2.57561
6.57064 2.57574
7.41884 1.35544
7.42514 1.33671
7.482 1.12422
7.48158 1.12628
7.53472 0.416005
7.53398 0.404789
7.53937 0.567468
7.54017 0.598855
4.97962 -0.0842358
4.99883 -0.183104
7.05143 -0.85559
7.0604 -0.844139
7.45874 1.21985
7.44275 1.27742
7.50015 1.03352
7.49949 1.0375
6.83903 2.342
6.8621 2.31726
6.93179 2.24001
6.96202 2.20353
6.43065 2.66526
6.45721 2.65015
7.42155 -0.155495
7.41795 -0.166858
7.39864 -0.220938
7.40085 -0.214871
7.3704 1.49574
7.39255 1.43475
4.89798 1.05312
4.91176 1.25391
4.90849 0.447577
4.90747 0.460692
4.90051 0.573041
4.89946 0.596133
4.89554 0.714627
4.89702 1.02632
7.52265 0.888565
7.52252 0.889652
5.04932 -0.393852
5.03365 -0.332565
7.20306 1.85086
7.22401 1.81385
6.32164 2.72375
6.29401 2.73633
4.89779 1.04
5.09128 -0.544738
5.09361 -0.55233
7.46138 -0.020836
7.45238 -0.0547847
7.2948 -0.460739
7.30423 -0.441888
7.3971 1.42151
4.91499 1.29323
5.02375 -0.291939
5.01326 -0.247439
5.074 -0.485754
4.91942 0.323814
4.91946 0.323326
7.2745 1.71518
7.29568 1.67192
6.40405 2.68108
4.89395 0.764368
7.48571 0.0782853
7.48231 0.0615002
7.36227 1.51624
5.44447 2.6792
5.61292 2.78043
7.53863 0.65044
7.53794 0.695692
7.50768 0.985333
7.50162 1.02583
5.00004 -0.188996
5.24906 -0.970058
5.25023 -0.972392
5.44775 -1.30506
5.42421 -1.27551
4.98338 1.74836
5.01488 1.88131
6.65712 2.50863
6.7673 2.41191
5.27871 2.49972
5.32001 2.55279
6.15967 -1.54525
6.05891 -1.56859
5.78429 -1.55533
5.83373 -1.56637
5.10028 2.15449
5.07985 2.09972
7.09409 -0.796377
7.12016 -0.760578
6.96427 -0.963517
6.85859 -1.08109
7.32523 -0.397948
7.33479 -0.377163
4.92603 0.262524
4.92719 0.25278
5.84708 2.83274
5.76202 2.82322
6.55251 -1.34533
6.50477 -1.37692
7.10944 2.00447
7.01496 2.13605
6.26764 2.7484
6.19985 2.77361
7.17507 -0.678054
7.23635 -0.572368
7.52202 0.285504
7.29891 1.66498
7.33197 1.59077
5.64222 2.79244
5.40786 2.64704
5.58772 -1.44925
5.504 -1.37125
5.70402 -1.5233
5.60631 -1.46462
7.53449 0.762357
5.10685 -0.594157
5.12347 -0.645099
5.0812 -0.511825
5.07553 -0.491279
5.174 -0.789152
5.33828 -1.14315
5.24791 -0.967647
4.9438 1.52428
4.95336 1.58369
5.03721 1.96325
4.91568 1.29968
5.25589 2.46726
5.17882 2.33405
5.11663 2.19453
5.96886 -1.57774
6.28635 -1.49691
6.35589 -1.46512
6.7651 -1.17323
6.99644 -0.925136
6.70365 -1.22662
7.27673 -0.497037
7.37817 -0.27436
7.52502 0.306856
4.97109 -0.0384256
4.96484 -0.00268595
4.9608 0.0221007
6.05545 2.81553
5.88976 2.8329
7.52538 0.309928
6.52654 2.60514
6.57097 2.57549
7.03117 -0.882374
7.47118 1.16674
7.48268 1.12145
7.53852 0.501875
7.46332 1.20122
7.43216 1.31517
7.49001 1.0816
7.51158 0.963435
6.83192 2.34938
6.61171 2.54391
6.90628 2.2692
7.11445 1.99696
6.97619 2.18561
7.38012 -0.269352
4.91862 0.331917
4.91365 0.385523
4.90385 0.509933
4.90269 0.528889
4.89777 0.636496
6.48485 2.6336
7.53001 0.810787
7.52282 0.886953
7.42569 -0.142618
7.26774 1.72878
7.22428 1.81334
7.33595 1.58188
7.18778 1.87703
6.48247 2.63506
4.9034 0.519047
