7.56551 0.0389605
7.57591 0.0826964
7.53765 1.25502
7.52717 1.29643
5.32852 -1.3774
5.379 -1.44897
5.6667 -1.69796
5.68094 -1.70371
5.04775 -0.742831
5.03876 -0.713878
5.11468 -0.933085
5.14588 -1.01536
6.58299 2.69967
6.5602 2.71673
6.90889 2.41068
6.92248 2.39585
4.80629 0.78123
4.80413 0.84239
5.11659 2.48727
5.14861 2.54625
7.1765 -0.84032
7.14079 -0.893138
6.1523 2.92728
6.19424 2.91129
5.86474 2.98191
5.94202 2.97574
7.05752 2.23472
7.04196 2.25511
6.39455 2.81902
6.35327 2.84175
7.58192 0.112556
7.59878 0.211332
7.54898 -0.0311643
7.52455 -0.122352
7.4701 -0.2815
7.48045 -0.254234
7.37741 -0.495773
7.35554 -0.541348
7.39876 1.6552
7.38834 1.67868
7.46688 1.48204
7.4568 1.50954
5.53219 2.9186
5.57423 2.93574
5.33566 2.7854
5.36085 2.80757
5.31929 -1.36181
5.2757 -1.28694
4.81062 1.11885
4.81667 1.22561
4.83017 1.37838
4.83929 1.46278
4.86738 1.66451
4.87198 1.69409
5.80542 -1.73582
5.85337 -1.74346
4.98179 -0.520408
4.98964 -0.548565
5.50159 -1.5884
5.50247 -1.58913
5.1895 -1.11413
5.15338 -1.03268
4.91629 1.91654
4.92779 1.96284
4.85737 0.0927212
4.84659 0.171799
4.82308 0.390052
4.8223 0.397616
5.21829 2.65181
5.18682 2.60508
4.96847 2.11453
4.97489 2.13641
6.23981 -1.66346
6.28897 -1.63952
7.04548 -1.01776
7.00256 -1.06854
5.73465 2.97649
5.79279 2.98014
6.63531 -1.42205
6.70593 -1.36377
6.43657 -1.56053
6.50744 -1.51432
7.6219 0.433857
7.61693 0.360352
7.62599 0.617135
7.62636 0.572052
7.60787 0.892107
7.60414 0.923763
4.93774 -0.339433
4.95276 -0.403928
7.0911 -0.958491
7.1198 -0.921858
7.24502 -0.737637
7.25461 -0.722542
6.8726 -1.20961
6.84861 -1.23408
7.27819 1.89934
7.26453 1.92439
4.80542 0.973227
4.80547 0.979961
4.89399 -0.131737
4.89014 -0.110942
7.41189 -0.423628
7.43346 -0.374101
7.52648 1.29893
7.50397 1.37405
7.58623 1.03669
7.58218 1.061
6.73332 2.58027
6.78107 2.537
7.18892 2.04983
7.14343 2.1173
7.61816 0.795941
7.61841 0.792652
7.52023 -0.135808
7.51541 -0.151027
7.40377 -0.442191
7.33042 -0.589981
7.34757 -0.55697
7.434 1.57
7.48703 1.42482
4.81768 1.23911
4.80988 1.1044
4.80957 0.586081
4.80742 0.65091
4.80415 0.850443
6.66555 2.63674
6.68185 2.62357
7.56829 1.1274
7.57421 1.10197
7.59554 0.980997
7.60035 0.949521
4.91846 -0.254819
4.96193 -0.442112
7.30872 1.84344
7.33497 1.79254
7.42428 1.59417
4.8089 1.0401
4.80979 1.10276
5.7124 -1.71553
5.73994 -1.72401
4.8096 0.585386
4.81014 0.575058
4.80575 0.71324
4.80556 0.719061
5.01675 2.26065
5.03533 2.30991
7.22805 1.98689
7.19176 2.04545
6.11213 -1.70921
6.04539 -1.72774
6.41994 2.80554
6.46038 2.78129
4.82241 1.29605
4.97341 -0.487581
4.81718 0.459691
4.81325 0.518561
7.57878 0.0968533
7.5554 -0.00692449
5.43324 2.86327
5.45709 2.87821
5.32382 -1.36977
5.42447 -1.50832
4.82674 1.34492
4.9145 -0.236232
4.91612 -0.243921
5.06258 -0.789348
5.01739 -0.643561
5.53157 -1.61208
5.57487 -1.64628
5.1499 -1.02481
5.09308 -0.874656
4.89217 1.8073
4.89316 1.81182
6.53999 2.73002
6.60489 2.68369
6.96086 2.35265
6.85345 2.4675
5.16415 2.57161
5.0867 2.4268
6.18482 -1.68415
6.14196 -1.70125
7.13458 -0.901433
7.19868 -0.808435
6.94501 -1.13377
6.98015 -1.09483
6.07684 2.94969
6.25845 2.88649
6.02389 2.96179
5.83792 2.98293
6.53541 -1.49595
6.60993 -1.44102
7.00619 2.2999
7.09365 2.18682
7.62523 0.525976
7.62352 0.465024
6.34013 2.84784
6.40735 2.81246
7.60264 0.237461
7.36129 1.7378
5.63228 2.95537
5.27981 2.72739
7.61501 0.340397
5.43984 -1.52526
5.23186 -1.20604
5.23026 -1.20274
4.84655 1.52007
4.85437 1.57917
4.85071 1.5527
4.88956 1.79375
5.9429 -1.74254
5.7587 -1.72927
4.99183 -0.55625
5.08069 -0.840674
5.22915 -1.20032
4.94292 2.02417
4.86688 0.0288218
4.84137 0.213537
5.24047 2.68154
5.07349 2.40014
5.05973 2.36938
6.33875 -1.61608
5.95015 -1.74257
5.96608 -1.74031
6.90324 -1.17795
7.04751 -1.01528
6.29408 2.8705
6.04678 2.95778
5.70761 2.97212
6.73634 -1.33818
6.3972 -1.58288
6.79637 -1.28313
7.30306 -0.639806
7.27319 -0.691633
7.62513 0.681637
6.62484 2.66857
6.64645 2.65263
4.90508 -0.190522
6.47453 2.77293
7.07849 -0.975151
4.87567 -0.0261864
7.55171 1.20205
7.56454 1.14608
7.49837 1.39247
7.57729 1.08482
7.58868 1.02392
6.82076 2.50007
6.70499 2.60409
6.98781 2.32181
7.19113 2.04644
7.12796 2.13906
7.61781 0.799635
7.62424 0.707351
7.48824 -0.232657
7.44794 -0.339238
7.31507 -0.6187
4.82787 0.335798
4.83014 0.312419
4.81788 0.450461
7.61017 0.873678
7.34278 1.777
7.30024 1.8598
7.24743 1.95434
4.83599 0.25954
5.00098 2.21729
5.57617 -1.64731
5.57757 -1.64835
7.35323 1.75493
7.54703 1.22062
5.58436 -1.6524
5.62708 -1.67767
4.83415 0.274398
4.82369 0.381638
7.29749 1.86494
4.81316 0.520515
4.81303 0.522327
