6.73552 -0.271472
6.74626 -0.257564
5.46526 1.06933
5.45371 0.974546
6.85474 1.31116
6.86938 1.27988
6.89311 0.0131909
6.85935 -0.0621005
6.45179 1.81183
6.43569 1.82283
6.99901 0.418411
7.00812 0.517975
6.38796 -0.577059
6.39229 -0.574749
6.17044 -0.630827
6.09577 -0.624834
5.97099 -0.588687
6.00666 -0.601306
5.79013 -0.447855
5.86634 -0.519831
6.22703 1.91797
6.18003 1.92569
6.04845 1.93078
6.01841 1.92811
5.80374 1.8266
5.81797 1.83862
6.62559 -0.401281
6.59501 -0.430521
5.44528 0.83788
5.45151 0.95192
5.50776 1.28687
5.49659 1.23842
5.72798 -0.364035
5.78457 -0.440687
5.57421 1.49146
5.60591 1.56245
5.66807 1.67164
5.6305 1.61249
6.62324 1.66314
6.62467 1.66148
6.76984 1.46956
6.75167 1.49828
5.61491 -0.161746
5.62691 -0.187163
5.55273 0.00578956
5.56427 -0.0282497
5.49932 0.21054
5.48027 0.302135
5.44446 0.6872
5.44845 0.583515
5.46829 0.379858
5.4608 0.436298
6.99627 0.391479
6.97393 0.265734
7.0083 0.67633
7.00234 0.758453
6.94232 0.148365
6.97302 0.262144
6.93271 1.11108
6.92081 1.14645
6.47316 1.79672
6.53455 1.74611
6.40379 1.8433
6.37958 1.85681
6.83276 1.35685
6.81386 1.39371
6.97354 0.959073
6.96919 0.979063
6.27679 -0.616711
6.24589 -0.621801
5.87825 -0.530529
5.96216 -0.583466
5.91704 1.89743
5.96092 1.9109
5.72537 1.75111
5.74171 1.76695
6.67409 -0.347391
6.75625 -0.24291
5.4518 0.955745
5.46867 1.0921
5.53572 1.3915
5.53598 1.3923
6.88426 1.24615
6.8426 1.33709
6.90423 0.0397066
6.83366 -0.111977
5.67394 -0.277986
5.64218 -0.217673
5.53853 0.0501095
5.52343 0.106689
5.45972 0.446037
5.45395 0.506141
6.99654 0.393479
7.00862 0.527597
6.50479 -0.507291
6.36889 -0.584021
6.06843 -0.6219
5.78838 -0.445677
6.3179 1.88713
6.12182 1.93404
5.90379 1.89055
5.7216 1.74694
6.51486 -0.499106
6.80849 -0.158118
6.50736 -0.50535
5.48399 1.17965
5.44462 0.817606
5.44392 0.716828
5.53559 1.39106
5.69778 -0.320784
6.99421 0.838773
6.98999 0.869334
5.61777 1.58815
6.62175 1.66475
6.68943 1.58301
6.74072 1.51399
6.80726 1.40577
6.90219 1.2018
6.93773 0.133989
5.58771 -0.0918856
5.51444 0.142228
5.47787 0.315907
5.44993 0.560213
6.3279 1.88374
6.97385 0.265382
7.00947 0.639463
6.9474 1.0616
6.337 1.87976
6.97757 0.939964
6.98752 0.886484
6.56768 1.71796
6.95674 1.02945
