5.64932 1.2603
5.63345 1.20926
5.88117 -0.273791
5.82015 -0.205308
5.62024 0.279251
5.63981 0.194456
6.87694 0.764847
6.8728 0.81124
6.83635 0.253871
6.82708 0.222511
6.2102 -0.419724
6.17692 -0.418043
6.43175 -0.344569
6.46574 -0.321045
6.01111 -0.375709
6.07176 -0.398822
6.02242 1.71033
6.03589 1.71515
5.82486 1.58107
5.8379 1.59572
6.68429 -0.089608
6.63816 -0.152898
5.57088 0.76033
5.57086 0.759289
5.76213 -0.109462
5.8051 -0.181958
6.76292 1.1966
6.7751 1.16772
6.71513 -0.0391979
6.75569 0.038259
5.6529 0.147626
5.67794 0.0769353
6.54156 1.5277
6.48889 1.5745
6.26601 1.70651
6.26046 1.70777
6.61732 1.442
6.60912 1.45225
6.88042 0.506818
6.87802 0.479684
6.84887 0.936157
6.84502 0.954325
6.39625 1.64674
6.38917 1.65065
6.71453 1.29775
6.71413 1.29843
6.5762 1.49019
6.56479 1.50381
6.19409 1.72218
6.8682 0.840061
6.86599 0.854146
6.62278 1.43449
6.66684 1.3719
6.88212 0.702329
6.88432 0.671314
5.66726 1.31027
5.68217 1.34435
5.60582 1.09332
5.58923 0.992782
5.5898 0.44455
5.59067 0.437756
5.57669 0.567196
5.57659 0.568393
5.70873 1.40656
5.72244 1.43253
6.14574 1.72707
6.12058 1.72635
6.31789 -0.39853
6.25395 -0.411572
5.90809 1.65397
5.93544 1.67317
6.57901 -0.22268
6.56344 -0.240251
5.81403 -0.196117
5.91551 -0.309838
5.60371 0.355667
5.64486 0.17569
6.79952 0.142121
6.85984 0.353242
6.10809 -0.411323
6.34555 -0.387169
6.55317 -0.250425
5.96221 -0.343275
6.06094 1.71839
5.79607 1.54447
6.70481 -0.0577392
5.57225 0.637594
5.57121 0.769247
5.73064 -0.0532005
6.7156 1.29568
6.80539 1.08878
6.77721 0.0867404
5.71563 -0.0191975
5.70088 0.0163962
5.59877 0.384604
5.57258 0.629906
5.7609 1.49979
6.86396 0.374796
6.88398 0.602525
6.88534 0.650336
6.81576 1.05675
5.74325 1.47164
6.83394 0.998348
6.71475 1.29737
5.5803 0.916505
5.60758 1.10334
5.58299 0.50309
5.57641 0.878805
5.57865 0.545169
5.58263 0.505523
5.57818 0.893848
5.6274 1.18271
5.61027 1.1147
6.82972 1.01334
6.85881 0.891042
