6.73014 -0.274021
6.74431 -0.255677
5.46752 1.06793
5.45448 0.960882
6.85183 1.31205
6.8672 1.27921
6.89012 0.0123098
6.85754 -0.0603464
6.45073 1.80893
6.43298 1.82106
6.99441 0.393329
7.00574 0.517276
6.38866 -0.573334
6.38963 -0.572816
6.17113 -0.627169
6.10132 -0.621565
5.97167 -0.585108
5.99645 -0.593877
5.86923 -0.518129
5.79164 -0.444849
6.22733 1.91433
6.17565 1.92281
6.05462 1.9275
6.01873 1.92431
5.80684 1.82494
5.8183 1.83462
6.62651 -0.396395
6.59293 -0.428506
5.44736 0.836593
5.45373 0.95319
5.50992 1.28553
5.49943 1.24004
5.7306 -0.362488
5.79083 -0.444069
5.57655 1.48995
5.60996 1.56477
5.67066 1.66997
5.63092 1.60741
6.77185 1.46163
6.74994 1.49626
5.61554 -0.156584
5.62933 -0.185787
5.55498 0.00706937
5.56776 -0.030601
5.50143 0.211744
5.48302 0.300275
5.44657 0.688395
5.45065 0.582156
5.46833 0.395593
5.46278 0.437424
7.00596 0.678659
7.00021 0.757828
6.94039 0.150283
6.97134 0.26497
6.931 1.10909
6.91847 1.14637
6.47429 1.79227
6.53217 1.74456
6.40486 1.83911
6.37661 1.85486
6.83117 1.35499
6.81167 1.39304
6.62191 1.66079
6.61917 1.66359
6.97157 0.957521
6.96623 0.982009
6.27753 -0.612825
6.24167 -0.618729
5.87894 -0.526854
5.96553 -0.581481
5.91734 1.89371
5.95 1.90373
5.72854 1.74943
5.75692 1.77694
6.67224 -0.345592
6.75748 -0.236348
5.45383 0.95449
5.47138 1.09364
6.8814 1.24703
6.84042 1.33642
6.90236 0.0415139
6.83046 -0.112919
5.67627 -0.276662
5.64687 -0.220842
5.53927 0.0561171
5.52546 0.107845
5.46198 0.444642
5.45608 0.506091
7.0064 0.529809
6.99434 0.392832
6.48586 -0.515112
6.38438 -0.574896
6.06914 -0.618113
6.50533 -0.503429
6.50554 -0.503283
5.79093 -0.444173
6.31434 1.88479
6.12211 1.9305
5.90748 1.88858
5.72199 1.74218
6.80673 -0.156416
5.48619 1.17829
5.44679 0.818843
5.44607 0.715501
5.5364 1.38466
5.69833 -0.316272
6.99178 0.841195
6.9879 0.869257
5.62007 1.58666
5.53923 1.39314
6.6231 1.65947
6.68778 1.58109
6.73674 1.51521
6.80569 1.40394
6.90049 1.19981
6.93492 0.133164
5.58987 -0.0906554
5.51724 0.140336
5.48009 0.317165
5.45197 0.561373
6.32676 1.88059
6.97188 0.26735
7.00722 0.638802
6.94513 1.06152
6.33804 1.87566
6.9765 0.934111
6.98563 0.885005
6.56669 1.71523
6.95487 1.02798
5.53803 1.39007
