7.59511 0.0448667
7.60588 0.0901256
7.56557 1.25605
7.55986 1.27862
5.32994 -1.45867
5.33798 -1.47006
4.79321 1.30185
4.7979 1.36006
5.01944 -0.758464
4.99679 -0.685556
4.88741 -0.251385
4.88369 -0.232447
5.4614 -1.61831
5.42918 -1.58583
5.08457 -0.949713
5.1045 -1.00228
6.61337 2.71927
6.58552 2.74011
6.90531 2.45906
6.94809 2.41237
4.80064 0.320014
4.80663 0.260018
4.77744 0.7817
4.77587 0.826009
5.08232 2.50878
5.11293 2.56519
4.97504 2.25272
5.00323 2.33006
6.167 -1.73789
6.20519 -1.72366
7.18916 -0.873162
7.16548 -0.908187
6.14963 2.97104
6.24119 2.93613
5.93922 3.02171
5.88025 3.02642
6.62987 -1.46997
6.54156 -1.53511
7.10567 2.21995
7.06668 2.27106
7.63586 0.89252
7.63605 0.890721
7.54693 -0.143303
7.51258 -0.247824
7.41241 -0.488789
7.39217 -0.530972
7.41922 1.67909
7.4189 1.6798
7.48776 1.50642
7.48622 1.51062
5.33189 2.8472
5.318 2.83446
5.52887 2.97308
5.52067 2.96935
7.64293 0.341904
7.62826 0.217792
5.24537 -1.31584
5.23941 -1.3056
4.79987 1.38016
4.8106 1.47948
4.8331 1.64323
4.84358 1.71062
5.84485 -1.79792
5.87297 -1.79781
5.61919 -1.73567
5.64131 -1.74798
4.97552 -0.613873
4.96074 -0.558803
5.15703 -1.13206
5.14043 -1.09463
4.88642 1.93584
4.8874 1.93979
4.83013 0.0769327
4.81451 0.191499
5.18114 2.67512
5.14337 2.61905
4.9267 2.09198
4.96796 2.23274
6.23426 -1.71237
6.32186 -1.66971
6.03962 -1.77854
6.05411 -1.7745
7.03295 -1.07927
7.01492 -1.1006
6.31345 2.90404
6.37066 2.87462
5.80251 3.02948
5.73169 3.02503
6.43112 -1.60852
6.40624 -1.62288
6.77532 -1.34679
6.73629 -1.38228
7.27597 -0.742169
7.28623 -0.725257
7.65057 0.444609
7.64871 0.417179
7.65308 0.627296
7.65367 0.554886
4.91017 -0.354658
4.91584 -0.379008
6.55695 2.76065
6.48289 2.80937
6.89953 -1.22603
6.83466 -1.29217
7.30194 1.91466
7.28691 1.94223
4.7769 0.956694
4.77721 0.996414
4.79024 0.444075
4.78833 0.46861
4.86753 -0.146718
4.85715 -0.0906975
7.46233 -0.37804
7.46695 -0.367419
7.59615 1.13022
7.5791 1.20314
7.54752 1.3235
7.53792 1.35556
6.80911 2.55509
6.76038 2.59926
6.9697 -1.15315
6.97223 -1.15035
7.15142 2.15713
7.16799 2.13315
7.64418 0.805701
7.65023 0.724999
7.51056 -0.25356
7.551 -0.129669
7.49248 -0.301503
7.42538 -0.462425
7.35208 -0.61026
7.35435 -0.605896
7.45471 1.59418
7.51612 1.42589
4.78729 1.22024
4.78219 1.12051
5.72034 -1.77719
5.69811 -1.77073
5.58908 -1.72012
4.79958 0.331186
4.79447 0.390518
4.781 0.603631
4.77941 0.651366
4.77598 0.867745
5.04044 2.42088
5.03071 2.39657
6.69436 2.65533
6.72989 2.62662
7.59655 1.12844
7.59662 1.12814
7.62471 0.968634
7.6157 1.02763
4.89773 -0.300063
4.93461 -0.457197
7.34808 1.82829
7.33513 1.85339
7.25546 1.99584
7.27724 1.95906
7.45426 1.59528
4.77969 1.04014
4.78034 1.08569
4.78867 1.24191
5.99178 -1.78775
5.99151 -1.7878
6.65486 2.68794
6.66491 2.67984
4.80679 0.258537
4.80921 0.236426
4.78248 0.569662
4.78501 0.520973
4.77818 0.697261
4.77691 0.73666
7.07209 -1.03124
7.10407 -0.992139
6.96486 -1.15853
7.24053 2.02093
7.2332 2.03275
5.56177 -1.70274
5.55548 -1.69791
5.05385 2.45119
6.30907 2.90632
6.29481 2.91298
5.48758 -1.64481
5.49207 -1.64922
7.5552 -0.115052
4.94199 -0.486444
7.60812 0.102707
7.58567 0.00200433
5.42974 2.92059
5.41029 2.90758
5.28694 -1.38873
5.35088 -1.4869
4.79803 1.36163
4.79273 1.29591
4.86366 1.8241
4.86094 1.80927
5.04721 -0.84554
4.98882 -0.659333
5.41836 -1.57475
5.48428 -1.64144
5.11944 -1.04163
5.05682 -0.874668
6.57149 2.75034
6.64313 2.69755
6.99411 2.36058
6.88022 2.48478
5.12844 2.59402
6.221 -1.71735
6.13638 -1.75039
7.1468 -0.933137
7.22361 -0.823632
6.08029 2.99163
6.25577 2.9305
5.99507 3.01219
5.83505 3.03001
6.53 -1.5436
6.6417 -1.46039
7.02978 2.31727
7.11854 2.20289
7.65322 0.536476
7.65074 0.447917
6.38031 2.8691
6.42531 2.8444
7.62769 0.214005
7.38154 1.76145
5.62914 3.00692
5.55471 2.98176
5.25702 2.77089
5.2395 2.75268
7.64382 0.351208
5.23341 -1.29453
5.39648 -1.54755
5.19715 -1.21976
4.81311 1.4993
4.82586 1.59576
4.81989 1.55256
4.85757 1.78994
4.88414 1.92549
5.7499 -1.78549
5.78896 -1.79096
4.95315 -0.530144
5.04952 -0.852715
5.05086 -0.857146
5.17211 -1.16484
4.91299 2.0435
4.83431 0.0488216
4.81376 0.197531
5.23568 2.74823
6.33327 -1.66433
6.98002 -1.14155
7.05969 -1.04689
6.31103 2.90534
6.058 2.99843
5.65466 3.01259
6.04407 3.00217
6.73078 -1.3872
6.43505 -1.60595
6.82542 -1.30085
7.32236 -0.662553
7.25186 -0.780479
7.65259 0.664382
6.47127 2.817
7.10479 -0.991182
4.84874 -0.0414313
7.57339 1.22736
7.59651 1.12867
7.51928 1.41687
7.60423 1.08581
7.61301 1.04301
6.81725 2.54752
6.73408 2.62287
7.01299 2.33806
7.17326 2.12518
7.21464 2.06161
7.63543 0.89583
7.63577 0.893417
7.65076 0.717297
7.47005 -0.359942
7.37701 -0.561446
7.35145 -0.611442
7.37952 1.76573
7.31307 1.89481
5.94222 -1.79489
5.99209 -1.78769
4.96937 2.23712
6.07499 -1.76805
5.5238 -1.67423
5.5683 -1.70757
7.38066 1.76332
7.57837 -0.0284301
5.90569 -1.79747
5.65766 -1.75574
