6.20131 -0.466951
6.23698 -0.461741
5.61884 1.27145
5.60497 1.22684
5.84537 -0.294881
5.81354 -0.259159
5.59264 0.263566
5.60282 0.219418
5.56045 0.449103
5.56162 0.438443
6.90755 0.479812
6.90835 0.488611
6.42175 -0.397612
6.49824 -0.34469
6.00202 -0.423935
6.01848 -0.430206
5.96804 1.73924
6.03203 1.76215
5.78855 1.60038
5.83339 1.65076
6.669 -0.170804
6.66389 -0.177812
5.54399 0.776931
5.54349 0.743663
5.64435 1.34815
5.67781 1.42565
5.73006 -0.128352
5.73975 -0.144691
6.87177 0.968285
6.8729 0.963668
6.78386 1.22105
6.81101 1.15671
6.75706 -0.0268567
6.77923 0.0154747
5.64375 0.0730728
5.64834 0.0601157
6.52475 1.59383
6.52202 1.59625
6.22956 1.7583
6.20958 1.76476
6.86141 0.228913
6.8625 0.232936
6.4225 1.67254
6.40561 1.68492
6.60375 1.50828
6.57772 1.53935
6.51624 1.60076
6.89442 0.847777
6.88911 0.881508
6.6806 1.40971
6.66914 1.42599
6.38309 1.69849
6.30215 1.73515
6.91024 0.701983
6.90475 0.779424
5.56297 1.02308
5.56086 1.0103
5.55066 0.552403
5.54923 0.56904
6.30874 -0.447103
6.16434 -0.464362
5.86491 1.67692
5.93131 1.72355
6.65734 -0.18554
6.58786 -0.263899
5.54903 0.895711
5.55864 0.991371
5.7835 -0.2141
5.90913 -0.361802
6.75259 1.28653
6.74255 1.30649
5.57484 0.345793
5.61861 0.160774
5.56942 0.378302
5.55498 0.503752
6.91161 0.550716
6.89136 0.362519
6.82386 0.117885
6.85443 0.20703
6.0993 -0.458012
6.38492 -0.415816
6.54209 -0.309271
5.9189 -0.368792
6.13488 1.77485
6.14483 1.77348
6.12309 1.77395
5.73881 1.53716
6.7276 -0.0798018
5.54771 0.876455
5.5445 0.654726
5.72297 -0.115673
5.72683 1.51768
5.71336 1.49254
6.69053 1.39429
6.73457 1.32091
6.82727 1.11432
6.8159 0.0981308
5.68745 -0.035209
5.65254 0.0490192
5.57086 0.368741
5.54624 0.614936
6.27787 1.74625
6.91386 0.61132
6.88908 0.349787
6.91415 0.621651
6.84556 1.05785
6.6303 1.47767
6.90277 0.795402
5.57976 1.12052
6.87418 0.958284
5.63699 1.32896
5.59006 1.16139
6.8538 1.03223
