4.71272 -1.17334
4.72884 -1.23246
5.4184 -2.572
5.37643 -2.55817
5.00575 -2.07652
4.98892 -2.03579
5.09823 -2.26513
5.10656 -2.28171
5.035 3.44704
5.11386 3.50904
5.24197 -2.46644
5.23113 -2.45355
4.63255 -0.862715
4.65935 -0.972231
4.57101 -0.595487
4.54071 -0.447665
6.29144 3.44838
6.18044 3.50196
4.5747 2.50154
4.59492 2.58519
7.29574 2.58273
7.33581 2.52908
7.42101 -1.18163
7.4631 -1.12198
7.26687 -1.38443
7.30468 -1.33758
6.61181 -2.02914
6.63203 -2.01364
6.959 -1.71943
7.01895 -1.66085
5.6009 -2.5833
5.63791 -2.57748
4.81503 -1.53281
4.79712 -1.47238
7.83218 -0.405042
7.83077 -0.409021
4.83041 3.19756
4.81491 3.17064
4.89394 3.29202
4.91592 3.32132
4.98212 3.39734
5.01541 3.42966
5.24755 3.58123
5.30848 3.60459
6.03198 -2.42463
6.03872 -2.42084
5.82313 -2.52231
5.74429 -2.5512
4.87269 -1.71669
4.87042 -1.71038
6.80045 3.1003
6.77699 3.12044
6.54837 3.29199
6.58609 3.26598
5.68593 3.6426
5.72183 3.63851
4.58387 -0.655077
4.60332 -0.739128
4.51742 2.21613
4.50849 2.16696
4.48095 1.98993
4.4822 1.99827
7.73546 -0.639802
7.7446 -0.619217
7.61617 -0.873552
7.62964 -0.849542
5.95299 3.58844
5.97343 3.5812
6.40408 3.38502
6.29314 3.4475
7.07632 2.84074
7.10831 2.80606
6.94975 2.96614
6.99693 2.92147
7.52162 -1.03161
7.47721 -1.10108
6.79248 -1.87569
6.82748 -1.84541
8.00092 0.57604
8.00081 0.521985
6.38285 -2.20219
6.41056 -2.1836
6.2838 -2.27129
6.25874 -2.2865
4.76211 -1.35432
4.76429 -1.36226
4.9348 -1.89681
4.95426 -1.94736
4.79493 3.13433
4.7831 3.11036
5.47998 3.64188
5.50294 3.64376
4.68563 2.88288
4.67271 2.84736
7.70921 1.88303
7.69165 1.92255
7.99258 0.777124
7.99432 0.755306
5.46294 -2.58205
5.32593 -2.53211
5.36647 -2.55297
5.3011 -2.51651
5.01312 -2.09195
5.03891 -2.14945
6.09548 -2.38914
6.08911 -2.39262
5.28001 -2.49741
5.18926 -2.40762
5.15216 -2.35458
4.4072 0.894272
4.40731 0.850076
4.40809 1.02075
4.40758 0.977076
4.4221 1.39268
4.41999 1.35833
4.43056 1.51293
4.42865 1.48663
4.50789 -0.274363
4.5298 -0.391642
4.42822 0.363502
4.43074 0.331286
4.41895 0.499707
4.42121 0.461743
4.48155 -0.111049
4.48288 -0.119949
4.4469 0.161254
4.45146 0.119488
5.92048 3.59761
5.83757 3.61815
6.14275 3.51736
6.29279 3.4477
4.56317 2.4523
4.54915 2.38529
4.63465 2.73174
4.63393 2.72913
7.19253 2.71093
7.20374 2.6978
7.97439 0.949269
7.96355 1.02536
7.93181 1.20007
7.90896 1.30203
7.35632 -1.27031
7.31474 -1.32498
6.70406 -1.9528
6.53293 -2.09215
7.03843 -1.64054
6.92367 -1.75496
7.49926 2.28522
7.47478 2.32498
7.57818 2.14753
7.55239 2.1941
7.41522 2.41602
7.45383 2.35802
7.8611 1.47605
7.87928 1.41451
7.80544 1.64357
7.82178 1.59755
5.55455 -2.58742
5.56854 -2.58624
5.68726 -2.5668
5.64536 -2.5763
7.91644 -0.128463
7.9209 -0.111115
7.87182 -0.286642
7.87616 -0.272479
7.86787 -0.299448
4.86783 3.25282
4.94082 3.35202
6.87941 3.03129
6.85168 3.05611
6.77259 3.1241
6.72294 3.16421
6.66604 3.20717
6.641 3.22612
6.51452 3.31559
4.52895 2.28367
4.49347 2.07646
5.81266 3.6226
5.77942 3.62952
6.06717 3.54886
6.42502 3.37175
6.41397 3.37879
7.01784 2.90036
6.91631 2.99847
6.51556 -2.10469
6.87757 -1.79792
6.73019 -1.93131
7.11321 -1.56256
7.99901 0.666193
7.99864 0.673938
6.33128 -2.23833
4.75921 3.06368
4.67392 -1.02798
4.676 -1.03583
4.44994 1.73408
4.45079 1.74325
4.43726 1.59469
4.43888 1.61494
4.41082 0.679436
4.40945 0.722538
4.4161 0.552409
4.41419 0.592159
7.7722 1.73323
7.73484 1.82492
7.68213 1.9428
7.64483 2.02053
4.71619 2.96552
4.71811 2.97028
7.16772 -1.50102
7.20591 -1.45714
4.62378 -0.825704
4.41239 1.18989
4.41381 1.23107
4.40885 1.06084
4.40979 1.10407
6.18652 -2.33429
4.83855 3.21011
4.5 -0.229385
4.5014 -0.23807
7.11528 -1.56026
7.16031 -1.50955
7.11412 -1.56156
4.95796 -1.95775
4.98056 -2.01514
7.99908 0.664225
5.97029 -2.45704
5.93791 -2.47273
7.99705 0.406122
7.9898 0.301507
4.46521 1.87172
4.46511 1.87101
7.96958 0.135088
7.95556 0.0492377
4.49108 2.06191
4.95845 3.37128
7.9871 0.843469
7.98939 0.817426
4.7373 -1.26391
4.69663 -1.1133
4.84226 -1.6215
4.83389 -1.59343
4.98152 -2.01785
5.00859 -2.08255
5.12844 -2.31912
5.07135 -2.21589
5.12772 3.51808
5.39879 3.62893
5.405 3.6307
5.91348 -2.48341
5.8531 -2.51127
7.98106 0.222563
7.97533 0.17289
4.41755 1.29456
4.41818 1.33238
4.40739 0.957658
4.40721 0.913576
4.40915 0.786574
4.40725 0.830743
4.4261 1.45294
4.42407 1.42248
4.42319 0.431845
4.42561 0.39652
5.55661 3.64714
5.60571 3.64693
4.4891 2.04959
4.46246 0.0261884
4.46593 -0.000929136
7.67933 -0.755977
7.68664 -0.741641
4.57084 2.48599
4.6122 2.6498
4.64961 2.77952
4.63805 2.74322
7.15424 2.75554
7.17123 2.73611
7.95518 1.07672
7.93965 1.16156
7.26796 2.61822
7.35973 2.49636
7.47253 -1.10806
7.39817 -1.21367
7.31298 -1.32717
7.25929 -1.39393
7.53924 2.21707
7.50473 2.27614
7.8345 1.55969
7.85161 1.5071
5.64519 -2.57632
5.6001 -2.58348
4.78829 -1.44376
4.86583 -1.69689
5.21148 3.56541
5.17198 3.54495
5.41093 3.63171
6.06442 -2.40644
5.98832 -2.44753
5.7277 -2.55543
7.98727 0.27631
7.93558 -0.049652
7.94164 -0.0209051
7.93115 -0.0700829
4.90172 -1.80185
4.92194 -1.85924
4.47345 1.93464
7.69304 -0.728816
7.78536 -0.524872
7.56958 -0.953852
7.36873 -1.25432
7.54808 -0.989688
7.99918 0.661039
8.00043 0.484985
4.76143 -1.35178
5.69036 -2.56631
4.6596 -0.973264
4.66037 -0.976365
4.4432 1.66414
4.44449 1.67909
4.41318 0.615763
4.41155 0.657353
4.65785 2.80313
4.69384 2.90642
4.41038 1.12523
4.4116 1.16757
4.50345 -0.25001
4.68838 -1.0826
5.46453 -2.58244
5.50858 -2.58694
5.05263 -2.17628
5.14607 -2.34659
5.20387 -2.42401
4.40823 1.04058
4.43352 1.55078
4.43379 0.294824
4.41715 0.52696
4.49088 -0.172245
4.4387 0.240876
4.62087 2.68322
4.54355 2.35724
7.23043 2.66513
7.14488 2.7662
7.98153 0.892884
7.90465 1.31966
7.39915 2.43972
7.21862 -1.44201
7.61606 2.07656
7.59753 2.11194
7.45797 2.3516
7.88527 1.39263
7.78992 1.68598
5.55406 -2.58739
7.90584 -0.169366
6.72136 3.16551
4.46374 1.86027
4.45761 1.81029
6.08478 -2.39489
4.65949 -0.97282
4.457 1.80422
4.40872 0.743266
4.71565 2.96402
4.65265 2.78826
4.535 2.31429
7.77443 1.72762
7.72756 1.8418
7.6361 2.03793
4.74297 3.0273
4.41455 1.25464
5.65436 3.64455
7.99875 0.435293
5.76316 3.63202
6.69515 3.18535
6.82359 3.08092
4.92883 -1.87938
5.37256 -2.55639
7.81889 -0.439685
7.78955 -0.514737
6.61828 3.24323
4.45733 1.80739
7.90118 -0.186323
