5.64791 1.28517
5.62578 1.21399
5.87153 -0.279469
5.81837 -0.219807
5.61281 0.275028
5.62985 0.201177
6.88418 0.773409
6.88158 0.802496
6.84325 0.247002
6.83686 0.225389
6.20764 -0.433353
6.19724 -0.432828
6.42906 -0.35885
6.47449 -0.327411
6.00866 -0.388693
6.05741 -0.407271
6.00778 1.71811
6.03485 1.7278
5.81509 1.58627
5.83669 1.61054
6.68017 -0.111468
6.64508 -0.159606
5.56364 0.764799
5.56349 0.755082
5.7535 -0.114548
5.78751 -0.171924
6.76855 1.20318
6.78477 1.16475
6.72642 -0.0358753
6.76203 0.0321248
5.65044 0.127554
5.66997 0.0724069
6.53703 1.5455
6.49781 1.58035
6.8881 0.499178
6.8866 0.482207
6.85538 0.943857
6.85268 0.956581
6.39906 1.65714
6.39625 1.6592
6.58362 1.49506
6.56827 1.51338
6.41464 1.64522
6.22242 1.72932
6.19857 1.7345
6.87526 0.842138
6.87221 0.861513
6.67054 1.38208
6.62651 1.44464
6.39251 1.66146
6.27262 1.71575
6.88743 0.734213
6.8913 0.679571
5.6588 1.3155
5.66785 1.33618
5.59655 1.08813
5.58159 0.997498
5.5818 0.440008
5.58207 0.437959
5.56968 0.563213
5.56922 0.568567
5.70017 1.41185
5.70618 1.42325
6.14241 1.74018
6.12544 1.7397
6.31543 -0.411608
6.2213 -0.430807
5.89647 1.66015
5.93433 1.68674
6.6001 -0.212681
6.57001 -0.246618
5.80581 -0.200958
5.9138 -0.323828
6.72466 1.29509
6.72208 1.30022
5.59393 0.362263
5.63779 0.171675
5.57844 0.468953
5.575 0.503278
6.80608 0.135596
6.869 0.355938
6.10572 -0.423893
6.35615 -0.394881
6.55019 -0.266268
5.95055 -0.350145
6.08521 1.73433
5.76738 1.52563
6.71095 -0.0636791
5.56477 0.642206
5.56675 0.848078
5.72857 -0.07002
6.70871 1.3228
6.72003 1.30393
6.81128 1.09566
6.78762 0.089807
5.70804 -0.0235083
5.68786 0.0251793
5.59089 0.380124
5.56549 0.625875
5.75059 1.5043
6.26761 1.71804
6.87122 0.367564
6.89202 0.604893
6.8931 0.642613
6.82379 1.05705
5.74217 1.49086
6.84492 0.987411
6.62097 1.45202
5.59998 1.10803
5.56971 0.89599
5.56844 0.883724
5.56902 0.888619
5.61735 1.17697
6.8362 1.01843
6.86234 0.912262
