7.63777 -0.228342
7.63966 -0.222471
7.5577 -0.441993
7.54937 -0.461465
5.31697 3.09195
5.321 3.09464
7.74381 0.247468
7.7456 0.261812
4.66573 1.14625
4.66171 1.06364
5.13618 -1.45881
5.09987 -1.37732
5.04524 -1.2461
5.02785 -1.19921
4.736 1.83582
4.74225 1.87286
6.06181 -1.97112
6.00848 -1.99072
5.37735 -1.83693
5.33921 -1.79169
4.66453 0.631378
4.66812 0.542444
7.07699 -1.21421
7.10955 -1.17623
6.6568 2.85469
6.7098 2.81295
6.42035 -1.79308
6.40932 -1.8005
7.35461 -0.834833
7.32531 -0.881651
7.70061 0.00143532
7.70279 0.0111039
5.51576 3.18806
5.56789 3.20179
5.12367 2.9057
5.1512 2.93912
5.14289 -1.47371
5.18232 -1.55006
4.67268 1.28058
4.67355 1.29536
4.70275 1.60483
4.70418 1.61616
5.85384 -2.01918
5.80936 -2.02481
5.61952 -1.99956
5.52989 -1.95955
4.89991 -0.809104
4.89337 -0.786665
4.8487 -0.621073
4.83866 -0.581191
5.5166 -1.95073
5.45176 -1.90689
4.66008 0.758888
4.65954 0.783619
4.91374 2.51974
4.94418 2.59546
5.03128 2.76916
5.03165 2.76973
4.9845 2.68216
4.97228 2.65596
4.88539 2.44232
4.87388 2.41122
7.43363 -0.700021
7.48248 -0.60521
6.38707 3.03337
6.41753 3.01701
5.90544 3.2106
5.93486 3.20524
6.5977 2.90004
6.78497 2.74918
6.74084 2.78806
6.60819 -1.66092
6.66852 -1.6125
6.5202 -1.72574
6.53274 -1.71676
7.25457 -0.98552
7.29636 -0.925715
7.76279 0.486706
7.76277 0.486311
5.30544 -1.75094
5.27508 -1.70601
6.97318 -1.33029
6.93617 -1.36835
4.79737 2.1404
4.81723 2.2182
7.75878 0.742471
7.76218 0.668222
4.72459 -0.00929882
4.72093 0.0148242
5.42971 -1.88626
5.44726 -1.9028
7.67134 -0.115462
7.61471 -0.295059
7.53704 -0.489527
7.59838 -0.341197
5.96368 -2.00052
6.11098 -1.95484
5.7131 -2.02072
5.69314 -2.01656
7.06825 2.46002
7.0518 2.4793
7.11403 -1.17075
7.15383 -1.12124
7.01903 -1.28112
7.03877 -1.25933
6.24971 3.10396
6.27817 3.08969
7.41997 1.93466
7.42028 1.93406
7.34176 2.07329
7.37472 2.0169
7.25867 2.20538
7.27493 2.18076
7.15307 2.35351
7.16684 2.33569
7.60676 1.49998
7.62203 1.4538
7.65841 1.33284
7.63524 1.41306
7.69898 1.16674
7.68634 1.22369
7.75053 0.845598
7.75721 0.768719
7.59989 -0.337186
6.54465 2.9363
6.50567 2.96235
4.68348 1.4283
4.68309 1.42367
5.90791 -2.01418
5.72563 -2.02097
5.52895 -1.95911
4.90714 2.50452
6.17276 3.13617
6.1968 3.12645
6.32551 3.06656
6.82308 2.71594
6.35813 -1.8306
6.31117 -1.859
6.91326 -1.39195
4.66002 0.937622
4.6597 0.91328
4.6673 1.18738
4.66647 1.16727
4.97136 -1.03999
4.99512 -1.10848
5.23627 -1.64746
5.25937 -1.6821
5.32578 -1.77601
4.67936 0.379799
4.67744 0.406204
4.66256 0.676375
4.6635 0.653252
6.87302 2.66927
6.92422 2.61849
7.73099 0.995951
7.7277 1.01878
6.15315 -1.93549
4.66166 1.04028
4.6889 1.48392
4.66966 0.52285
4.98618 2.68571
5.02179 2.75162
7.00872 -1.29259
7.46198 1.85059
7.50247 1.76429
5.7715 3.22225
5.79342 3.22109
6.85095 -1.45217
7.57043 1.60109
7.54379 1.66818
6.57179 2.9184
4.67441 1.30841
4.67815 1.35951
6.29548 -1.86689
6.21176 -1.91048
4.93337 -0.922027
4.923 -0.887664
4.95087 -0.979443
4.67031 0.504643
4.68935 0.268372
4.69696 0.194871
4.69655 0.198695
4.66057 1.01626
4.65949 0.888635
4.65928 0.808904
6.08588 3.16654
6.06779 3.17189
6.85703 2.68452
4.77761 -0.313549
4.79042 -0.374714
4.68936 1.48821
4.68931 1.48783
4.7266 1.77436
4.72189 1.7445
4.76387 -0.240785
4.773 -0.289972
4.76579 2.00118
4.77574 2.04938
5.66807 3.21831
5.64121 3.2148
4.96315 -1.01676
5.4158 3.14918
5.22907 3.02129
7.75662 0.37764
7.72628 0.126986
5.07346 -1.31437
5.13881 -1.46487
4.74555 1.89284
4.7318 1.80868
4.87477 -0.722316
4.87716 -0.730773
4.83682 2.28988
4.84109 2.30559
6.76185 -1.53362
6.80531 -1.49569
7.30573 -0.911517
7.36726 -0.81432
7.38152 2.00485
7.41993 1.93474
7.21546 2.26917
7.22015 2.26245
7.57701 1.58391
7.67998 1.24967
7.66212 1.31969
7.76338 0.577803
7.76282 0.488923
7.72547 0.122468
7.67414 -0.105101
5.21949 3.01247
5.43156 3.1563
5.61664 3.21181
5.08359 2.85051
7.75783 0.393976
5.2186 -1.61551
5.06255 -1.28894
5.22849 -1.63389
4.71008 1.66315
4.69642 1.55199
4.71562 1.70179
4.7647 1.99529
4.87044 -0.706723
4.9111 -0.847703
4.82365 -0.519329
4.70391 0.133855
4.7046 0.128488
4.94606 2.5993
5.03101 2.7687
4.98524 2.68387
4.79195 2.11974
4.77915 2.06486
7.42992 -0.70675
7.49352 -0.583097
6.1323 3.15118
6.03308 3.18237
5.94698 3.20238
5.86538 3.21571
5.7201 3.22236
5.71945 3.22233
6.70889 -1.57992
6.57057 -1.68856
6.5083 -1.73464
7.21765 -1.03826
7.20281 -1.05881
7.40145 -0.755747
7.76344 0.594709
7.50761 1.75272
7.53955 1.67827
4.80388 -0.434387
6.97382 2.567
6.98816 2.55152
7.76318 0.620441
7.75806 0.757549
4.73932 -0.103381
4.7471 -0.14862
7.00694 2.53032
7.11414 2.40333
7.17705 -1.09203
7.70799 1.12515
7.72093 1.05668
7.45653 1.86191
7.3265 2.09891
7.30084 2.14018
7.20002 2.29084
7.63425 1.41625
7.60554 1.50363
7.7405 0.932707
7.73907 0.942865
7.74155 0.923934
6.47295 2.98384
6.41828 3.01656
4.85722 2.35991
5.38791 -1.84696
4.69987 0.168492
5.82348 3.21968
6.19805 -1.91637
4.69049 0.256164
5.00731 -1.14371
4.68265 1.41829
6.81049 -1.49109
7.6041 1.50782
4.68998 0.261916
6.36183 3.04789
5.44923 -1.90468
7.51235 -0.54384
6.48234 2.97773
4.85923 2.36608
