4.75064 -1.14658
4.76119 -1.18527
5.13989 -2.18601
5.10946 -2.13394
4.96184 3.26927
4.98278 3.29464
5.36803 3.54615
5.30563 3.5255
5.31917 -2.39866
5.30085 -2.38628
4.58108 -0.445466
4.57728 -0.426959
4.65972 -0.798039
4.66962 -0.838378
5.94568 3.53014
5.86998 3.5483
6.17361 3.44747
6.22105 3.42458
4.63373 2.53827
4.6385 2.55802
4.68062 2.70309
4.68864 2.72757
6.99722 2.86315
7.06175 2.79658
7.17782 2.66635
7.16146 2.6858
7.90095 1.16954
7.92291 1.05091
7.28093 2.53787
7.28917 2.52684
7.39513 -1.15114
7.42504 -1.10875
6.55253 -2.01738
6.62025 -1.96545
7.47458 2.25202
7.51042 2.19208
7.82232 1.4797
7.81804 1.49306
7.96289 0.602602
7.96368 0.57766
5.56852 -2.4889
5.54538 -2.48748
4.85635 -1.50364
4.85408 -1.49597
7.80013 -0.380337
7.78792 -0.413872
4.87125 3.14172
4.85192 3.10817
5.11939 3.42246
5.1105 3.41589
5.43765 3.56191
5.49852 3.57335
7.92292 0.0797874
7.9217 0.0727174
4.94531 -1.76186
4.91803 -1.6859
6.77286 3.06783
6.76625 3.07351
4.48506 1.66895
4.48615 1.67929
4.62168 -0.63367
4.95702 -1.79559
4.98175 -1.85678
4.56822 2.24768
4.54899 2.14172
4.52125 1.96482
4.52633 1.99873
7.68961 -0.648951
7.7355 -0.545569
7.56648 -0.883467
7.60306 -0.818227
5.78604 3.56606
5.76619 3.56861
6.39752 3.33272
6.49082 3.275
6.90416 2.95321
6.91679 2.94125
7.4962 -1.00166
7.48946 -1.01221
6.7396 -1.86519
6.81614 -1.79899
7.06697 -1.55155
7.00763 -1.61456
6.31364 -2.18845
6.41188 -2.12256
6.28516 -2.20832
6.21491 -2.25095
5.76826 -2.45983
5.80307 -2.45078
4.50617 -0.000662629
4.50348 0.0203256
7.68403 1.84915
7.67461 1.87035
7.95346 0.801709
7.95764 0.749358
4.80248 -1.32583
4.78142 -1.25423
7.83711 -0.270652
7.82933 -0.295121
5.16258 -2.22369
5.19022 -2.26332
6.15393 -2.28929
6.08841 -2.32507
4.44675 0.871248
4.44681 0.85003
4.44752 0.997801
4.44728 0.977029
4.46069 1.37022
4.45997 1.35851
4.46921 1.49043
4.46895 1.48681
4.57317 -0.405262
4.57592 -0.419945
4.46972 0.33801
4.4703 0.330642
4.46 0.474495
4.4608 0.461099
6.05299 3.49632
5.83006 3.5582
6.06392 3.49229
6.28603 3.39375
7.20816 -1.39306
7.1766 -1.43077
7.30087 -1.27846
7.28877 -1.29438
6.64833 -1.94173
6.52084 -2.04269
6.99082 -1.63109
6.91242 -1.70899
7.55388 2.11484
7.53853 2.14256
7.39081 2.38318
7.409 2.35587
7.76545 1.64733
7.79318 1.56927
7.86815 1.3131
7.84957 1.38513
7.77196 -0.45619
6.83175 3.01776
6.82456 3.0242
6.61308 3.19214
6.61251 3.19258
6.55676 3.23146
6.56011 3.22927
4.49497 1.76204
4.49116 1.72799
4.47995 1.61513
4.47394 1.55026
4.47315 1.54085
4.67421 -0.856654
4.57 2.25808
4.54329 2.1074
5.60147 3.5806
5.68282 3.57646
6.06028 3.49381
6.36231 3.35181
6.50811 3.26441
6.97268 2.88754
6.90204 2.95525
6.45235 -2.09215
6.8277 -1.78802
6.71861 -1.88394
7.10165 -1.51525
6.29881 -2.19884
4.80632 3.02512
4.80991 3.03215
6.0005 -2.36982
6.03802 -2.35185
5.91111 -2.40982
5.93716 -2.39964
4.71182 -1.00123
4.72059 -1.03435
4.48827 0.145042
4.48936 0.13518
4.52051 -0.0986416
4.44955 0.701887
4.44891 0.721895
4.45457 0.574712
4.45377 0.591515
4.76569 2.9327
4.77879 2.96367
4.72945 2.84574
4.72694 2.83931
4.58267 2.31911
4.5942 2.37228
7.948 0.859547
7.94212 0.917468
4.45303 1.21345
4.45363 1.23102
4.44917 1.08421
4.4496 1.10403
6.18794 -2.2688
5.40242 -2.45069
5.37974 -2.43864
7.86424 -0.177665
5.04467 -2.00533
5.04268 -2.00149
4.90335 3.19124
4.91167 3.20338
4.69738 -0.946599
4.70397 -0.971343
6.71503 3.11499
6.67026 3.14926
4.53211 -0.171379
4.53944 -0.216538
7.62884 1.96803
7.60113 2.02464
4.58129 2.31298
4.57523 2.2846
6.90474 -1.71622
5.61102 -2.48829
5.63707 -2.48587
7.87006 -0.157189
7.87988 -0.119299
7.9561 0.347054
7.95519 0.333913
4.51278 1.90126
4.50863 1.87146
7.95797 0.744472
7.95817 0.741747
5.46403 -2.47251
5.44313 -2.46736
4.47409 1.5518
4.47401 1.55097
4.53589 2.06237
4.77609 -1.23653
4.74735 -1.13429
5.49891 -2.48138
5.08868 -2.093
5.14709 -2.19923
5.01629 -1.94274
5.03602 -1.98694
5.01169 3.32626
4.94344 3.24663
5.40231 3.55589
5.22548 3.48962
5.86494 -2.42814
5.88671 -2.4207
7.94246 0.208084
7.942 0.204092
4.45633 1.29452
4.45659 1.31002
4.44687 0.93468
4.44678 0.91353
4.44758 0.786529
4.44667 0.807799
4.89798 -1.62698
4.88648 -1.59456
4.46468 1.43048
4.46416 1.42266
4.46442 0.406521
4.46515 0.395877
5.59282 3.581
5.59473 3.58099
4.52976 2.02424
7.631 -0.765619
7.65953 -0.7097
4.61405 2.45905
4.64864 2.59594
4.69598 2.75062
4.67002 2.66844
7.13951 2.7109
7.20943 2.62877
7.89707 1.18833
7.92377 1.04566
7.21985 2.61591
7.34471 2.45084
7.44633 -1.07719
7.34498 -1.22149
7.2555 -1.33562
7.23337 -1.36338
7.5149 2.18433
7.46113 2.27404
7.79516 1.56339
7.82269 1.4785
7.96338 0.481478
7.9605 0.688473
5.52784 -2.4863
5.5914 -2.48854
4.82908 -1.41497
4.8628 -1.52437
7.899 -0.0399853
7.8942 -0.0611984
5.03458 3.34911
5.20843 3.48077
5.58645 3.5806
5.66303 -2.4818
5.70251 -2.47662
7.93494 0.157737
7.94296 0.212404
4.95041 -1.77682
5.00882 -1.92371
4.51722 1.93509
7.6845 -0.659672
7.74058 -0.533806
7.54348 -0.923097
7.34309 -1.2241
7.49922 -0.99687
7.96328 0.471046
4.81729 -1.3749
5.95625 -2.39033
5.9876 -2.37665
4.45177 0.638132
4.45104 0.65671
4.73055 2.84837
4.75344 2.90472
4.45085 1.14869
4.45139 1.16752
4.55008 -0.278629
4.72628 -1.05585
5.21946 -2.30007
5.07496 -2.06796
5.23929 -2.32609
5.2444 -2.33256
5.26293 -2.35114
4.44783 1.04053
4.47542 0.269249
4.45658 0.526318
4.48338 0.191199
4.47608 0.262039
4.5987 2.39155
4.66584 2.65519
7.21585 2.62092
7.10172 2.75395
7.94209 0.917671
7.87406 1.2894
7.35396 2.43755
7.15897 -1.45078
7.59141 2.04339
7.55653 2.10997
7.43321 2.31828
7.84645 1.39629
7.76157 1.65795
6.72616 3.10601
4.49767 1.78678
4.48729 1.69151
6.044 -2.34846
4.50129 0.0366857
4.44738 0.765673
4.80348 3.01867
4.70851 2.78667
7.71958 1.76494
7.73318 1.7315
7.64873 1.92659
4.80527 3.02277
7.12697 -1.4871
7.95123 0.830013
4.4551 1.27815
5.36415 -2.43068
5.40749 -2.45295
5.59663 3.5809
5.01301 -1.93444
7.96319 0.468582
4.50377 1.83326
4.50046 1.80761
5.27579 -2.36313
6.66674 3.15192
6.81728 3.03063
7.09969 2.75616
7.69306 1.82885
7.75726 1.66953
7.75992 -0.486997
6.61198 3.19297
5.713 3.57485
7.8893 -0.0815754
6.60434 3.19837
