5.88183 1.3237
5.87813 1.31897
6.09445 1.47637
6.07538 1.47006
6.5289 1.27162
6.50576 1.3023
6.48734 -0.0494226
6.4988 -0.0379448
6.25654 -0.173693
6.26154 -0.172462
6.64956 1.07152
6.63397 1.10437
5.72291 0.632182
5.72111 0.667571
5.92548 -0.0132317
5.88679 0.0418957
6.09482 -0.147928
6.04618 -0.126875
5.82527 0.162187
5.85646 0.0902778
6.71992 0.834062
6.68695 0.967097
5.76026 0.358811
5.75303 0.391731
6.33294 1.44331
6.30557 1.45412
6.7099 0.379762
6.72036 0.433276
6.63458 0.157931
6.63868 0.167056
5.89095 1.33299
6.72807 0.797085
6.72682 0.804959
6.47518 1.33632
6.57599 1.20678
6.67189 1.01537
6.6779 0.999021
6.62467 1.12184
5.96611 1.41
5.8037 1.17312
5.8209 1.21478
6.20799 1.48224
6.12858 1.47954
6.41707 1.38569
5.75289 1.01362
5.76624 1.06534
5.72411 0.78761
5.72953 0.849866
5.7267 0.587486
5.72976 0.540339
6.73503 0.699199
6.73835 0.64827
5.73401 0.903388
5.73637 0.918959
6.3674 -0.135656
6.39729 -0.117659
5.99807 -0.0877003
5.94823 -0.0434676
5.78825 0.257602
5.79873 0.227329
6.67732 0.263791
6.68989 0.303218
6.51584 -0.0171371
6.25027 -0.17358
5.86841 0.0703735
6.14925 -0.168623
6.57333 0.0560603
5.77417 0.301251
6.62406 0.137735
6.58948 0.0778522
5.74086 0.465342
6.73187 0.506307
6.73591 0.558943
6.73842 0.600949
5.82578 1.22505
5.79364 1.14719
5.99129 1.42962
6.01822 1.44506
5.7355 0.499482
6.73018 0.775573
5.72165 0.714984
5.74851 0.991081
5.73132 0.524965
5.78355 1.12035
5.74075 0.947019
