6.23985 -2.39665
6.22331 -2.40824
4.75097 -1.57802
4.76923 -1.64407
5.26767 -2.70623
5.2521 -2.69563
5.43505 -2.75359
5.44439 -2.75408
8.03321 0.178338
8.04093 0.238002
4.57598 -0.902638
4.58129 -0.924324
4.35819 1.35813
4.35745 1.34854
4.34635 0.929684
4.34654 0.977147
4.34693 0.850147
4.34664 0.834279
4.36183 1.42776
4.36543 1.48634
4.48318 -0.480236
4.48944 -0.510776
4.36347 0.403269
4.3596 0.462746
5.58537 3.75005
5.51364 3.75075
4.42485 2.06123
4.42788 2.08774
5.3509 3.7324
5.39555 3.74013
7.35401 -1.37162
7.35417 -1.37143
6.87146 -1.89136
6.84491 -1.91668
7.03373 -1.73426
7.03629 -1.73176
6.40855 -2.27622
6.44401 -2.2489
4.80302 -1.75712
4.77904 -1.67655
7.95724 -0.19919
7.96888 -0.156789
7.89729 -0.392052
7.87632 -0.451369
5.89748 -2.60697
5.87524 -2.61941
8.04727 0.311191
8.04256 0.252121
8.01247 0.0429803
8.0054 0.00257416
7.98409 -0.0952423
7.99076 -0.0657572
6.63143 3.31934
6.63515 3.31661
6.84294 3.15031
6.85275 3.14193
4.41215 1.96809
4.4079 1.93397
4.44059 2.16842
4.44624 2.20576
7.6904 -0.858743
7.66972 -0.896775
7.80409 -0.62611
7.78098 -0.677724
6.01895 3.65665
5.96398 3.67611
6.41403 3.46448
6.38967 3.4782
6.19077 3.58441
6.10372 3.62263
7.11704 2.88837
7.09862 2.90833
7.4389 -1.25817
7.46075 -1.22846
7.5616 -1.07873
7.55459 -1.08971
6.69669 -2.04599
6.64982 -2.08642
8.04897 0.775807
8.05192 0.739826
6.03847 -2.52709
6.06837 -2.50849
4.70189 -1.39682
4.71308 -1.43759
5.42369 3.74468
5.45597 3.74733
4.91618 3.48751
4.91216 3.4828
4.6168 -1.0683
4.60931 -1.03805
4.35104 0.644783
4.35297 0.593155
4.62553 2.9695
4.62633 2.97206
7.25929 -1.48756
7.25635 -1.4911
4.75684 3.26539
4.77843 3.30086
4.55969 -0.833848
4.55006 -0.791287
4.34985 1.15364
4.3485 1.10415
4.65376 -1.21495
4.64992 -1.19978
5.34812 -2.74092
5.34498 -2.73987
5.21417 -2.665
5.49978 -2.75078
5.47936 -2.75255
5.17301 -2.62561
5.19744 -2.65076
5.14728 -2.59535
5.11357 -2.5463
5.07946 -2.49182
5.08208 -2.49586
5.03853 -2.41161
5.05898 -2.45441
4.36976 1.54831
4.36745 1.5165
5.74318 3.7332
5.80957 3.71831
4.5152 -0.633605
4.46363 -0.375377
4.4585 -0.347882
4.46417 2.3158
4.46516 2.32343
4.41331 -0.0691412
4.42573 -0.152303
4.38047 0.202057
4.39308 0.0864395
6.30285 3.528
6.25362 3.55262
7.71089 2.01431
7.70202 2.03279
7.79831 1.81895
7.79179 1.83472
4.54523 2.70178
4.52735 2.6273
4.48947 2.44851
4.48465 2.42549
4.56501 2.77515
4.55305 2.73143
7.21496 2.77891
7.22428 2.76799
8.02464 0.998967
8.0265 0.985796
7.9794 1.24714
7.97663 1.2595
7.44567 2.4765
7.40667 2.53249
7.31846 2.65161
7.27134 2.71079
6.78564 -1.96899
6.9411 -1.82626
7.11012 -1.65476
7.0215 -1.74656
7.53649 2.33532
7.52054 2.36123
7.61632 2.19886
7.61723 2.19722
4.85775 -1.93647
4.84169 -1.88458
4.89542 -2.04915
4.88648 -2.02377
4.94686 -2.19435
4.93571 -2.16335
4.99544 -2.31674
4.9903 -2.30339
7.86799 1.63768
7.86655 1.64183
7.92196 1.47032
7.92507 1.4598
6.4792 -2.22131
6.53552 -2.17888
6.37938 -2.29684
5.62316 -2.72347
5.65793 -2.71339
5.58221 -2.73426
5.55132 -2.74278
7.93519 -0.274
7.94848 -0.230611
7.914 -0.342629
7.853 -0.511378
7.87595 -0.45234
4.84693 3.40375
4.82208 3.36979
6.57991 3.35593
6.62813 3.32184
6.67965 3.28285
6.69164 3.27353
6.74714 3.23018
6.79117 3.19388
6.88417 3.11419
6.90307 3.09711
6.52442 3.39461
5.85107 3.70893
5.93104 3.68541
4.41599 1.99759
4.46252 2.30683
6.07787 3.63423
6.51517 3.40042
6.46183 3.43439
6.21845 3.5705
7.08715 2.92003
7.03203 2.97567
6.60459 -2.12236
6.74777 -2.00321
6.95413 -1.81312
7.13055 -1.63346
8.0544 0.686974
8.04283 0.854355
6.28206 -2.36793
6.34511 -2.32281
6.57085 -2.15008
4.68618 3.12346
4.71521 3.18565
5.14479 3.66018
5.1572 3.66696
5.03728 3.59344
5.05314 3.60565
8.05759 0.49344
8.05805 0.506597
4.38189 1.69182
4.38666 1.74296
4.37015 1.55302
4.37507 1.61464
4.57709 2.81534
4.58705 2.84979
4.54715 -0.778671
4.54882 -0.785809
6.1357 -2.46603
6.11005 -2.48298
4.82677 -1.835
4.81557 -1.7975
4.34898 0.723145
4.34822 0.738099
5.68023 3.74166
5.65619 3.7439
4.52676 -0.687407
5.02146 -2.37579
5.02103 -2.37465
4.37416 0.2706
4.36891 0.329978
4.65648 3.05031
4.64965 3.03409
4.67485 3.09598
5.31599 3.72372
5.28092 3.71499
7.1764 2.82272
7.21007 2.78469
8.04199 0.86158
7.20841 -1.54657
7.21099 -1.54367
7.16462 -1.59555
4.72846 3.21274
4.71979 3.19583
8.05658 0.628085
5.70235 -2.69706
5.73839 -2.68243
4.89397 3.46044
4.79699 3.33241
4.99167 3.55769
4.92213 3.49349
6.95235 3.05198
7.01906 2.98855
4.35263 1.23114
4.3527 1.24349
4.42028 2.03101
4.67744 -1.30616
4.66695 -1.26718
4.77637 -1.66801
4.74519 -1.55671
5.94126 -2.58281
5.98145 -2.56079
8.04177 0.245339
8.02634 0.12514
4.35655 1.29464
4.35845 1.36715
4.34667 0.992998
4.34641 0.913648
4.3487 0.786645
4.34653 0.866083
4.36554 1.48818
4.36154 1.42219
4.35912 0.471196
4.36384 0.397526
5.49997 3.75059
5.62247 3.74767
4.39533 0.0674204
4.40827 -0.0335733
7.75052 -0.741773
7.727 -0.789199
7.75644 1.91646
7.74804 1.93527
4.51986 2.59234
4.50525 2.52687
8.00414 1.12515
8.00498 1.1205
7.38278 2.56623
7.34138 2.62175
7.51154 -1.15402
7.47916 -1.20177
7.3971 -1.3148
7.3533 -1.37252
7.57695 2.26782
7.57025 2.27929
7.89639 1.55387
7.897 1.552
5.81063 -2.64985
5.75834 -2.67486
5.61328 -2.72722
4.72607 -1.48768
6.00143 -2.54981
5.98944 -2.55661
8.05219 0.369957
7.99944 -0.025696
8.02126 0.0939276
7.97953 -0.115367
7.62376 -0.977013
7.83165 -0.562366
7.60957 -1.00097
7.57714 -1.05412
7.40804 -1.30064
8.0581 0.535761
6.08707 -2.49722
4.6808 -1.3184
5.08775 3.62776
5.10376 3.63824
5.4145 3.74332
4.60312 -1.01313
4.62502 -1.10109
4.37574 1.62224
4.3806 1.6788
4.3535 0.581163
4.35062 0.658344
4.62979 2.98188
4.6056 2.90984
7.23085 -1.52081
7.30065 -1.43782
4.3482 1.08918
4.35029 1.16764
4.63061 -1.12337
5.52329 -2.7473
5.20016 -2.65393
5.1632 -2.61322
5.10046 -2.52852
5.05977 -2.4557
4.3472 1.04065
4.36993 1.55049
4.44475 -0.270143
4.47817 -0.454533
4.36852 0.33491
4.35592 0.527956
4.43417 -0.207465
4.3799 0.207588
7.66213 2.11247
7.83345 1.73133
7.8371 1.72173
7.6542 2.12789
4.55162 2.72639
4.47337 2.36892
4.5696 2.79062
5.21012 3.69017
5.21404 3.69191
5.22291 3.69501
7.253 2.73352
7.99713 1.16001
8.04126 0.868959
7.95079 1.36529
7.46799 2.44303
7.30781 -1.4289
7.49498 2.4014
7.61126 2.20789
4.83674 -1.86995
4.86378 -1.95415
4.92336 -2.13187
4.96249 -2.23332
4.97066 -2.25634
5.02064 -2.37367
7.88803 1.57877
7.94502 1.38701
5.66289 -2.7113
6.73112 3.24338
6.93488 3.06866
4.40289 1.89542
4.39734 1.84786
6.28169 -2.3682
6.34963 -2.31942
5.00506 3.56959
4.59382 -0.975002
4.38858 1.76173
4.3491 0.708704
4.60041 2.89231
4.35195 1.21836
6.15492 -2.45322
5.73587 3.7344
8.05319 0.38433
5.73775 3.73419
4.87898 -2.00265
5.74666 -2.67956
6.83334 3.15874
4.40439 1.90819
8.05753 0.597277
6.18435 -2.4342
5.10594 -2.53568
4.91125 -2.09357
4.39322 1.80673
4.39533 1.82832
6.94385 3.0601
6.73896 3.23692
7.87624 -0.451586
