6.18922 -2.47356
6.26725 -2.41887
4.724 -1.59705
4.74171 -1.66109
8.0593 0.188128
8.06488 0.231223
4.33242 1.35816
4.33046 1.3329
4.32039 0.944793
4.32052 0.977178
4.32137 0.850177
4.32081 0.819301
4.3364 1.44256
4.33908 1.48622
5.74434 3.77378
5.80718 3.75892
4.3364 0.419895
4.33358 0.463169
5.56077 3.79498
5.52107 3.79537
4.39665 2.06094
4.40159 2.10413
4.3803 -0.0267229
4.368 0.0722378
4.63346 3.09754
4.63395 3.09896
5.34492 3.77966
5.32674 3.77652
7.10803 2.93685
7.11621 2.92827
6.90395 -1.89781
6.85233 -1.94702
7.19508 -1.60006
7.18616 -1.61006
4.85294 -2.04496
4.8381 -1.99453
4.9372 -2.29276
4.93923 -2.29896
5.43247 -2.83109
5.47239 -2.82708
5.32153 -2.8193
5.28669 -2.81199
5.24264 -2.79205
5.286 -2.81177
5.0094 -2.47376
5.02432 -2.5074
5.09324 -2.63371
5.11127 -2.66309
5.60539 -2.79364
5.62111 -2.78746
6.40768 -2.3163
6.46384 -2.27303
5.77286 -2.72168
5.83246 -2.69286
4.7737 -1.77782
4.77144 -1.77024
7.99137 -0.168337
7.99602 -0.151373
7.92582 -0.38636
7.91529 -0.416143
5.86348 -2.67527
5.92651 -2.64002
8.07271 0.320735
8.06939 0.27905
8.03926 0.0530305
8.02784 -0.0122848
8.01159 -0.0849251
8.02686 -0.017511
6.64993 3.34112
6.66989 3.32647
6.86066 3.17117
6.88439 3.15091
5.92657 3.72729
5.96931 3.71327
4.3857 1.98457
4.37936 1.93368
4.40858 2.14854
4.41974 2.22228
7.7219 -0.852458
7.68684 -0.916945
7.83387 -0.620169
7.79873 -0.698639
6.19521 3.61982
6.15306 3.63832
6.42392 3.49507
6.43031 3.49112
7.09498 2.95036
7.57845 -1.09858
7.58726 -1.0849
7.47434 -1.25296
7.47769 -1.24842
6.73252 -2.0531
6.6575 -2.11781
7.13294 -1.6696
7.04355 -1.76147
8.07238 0.784592
8.07737 0.723831
6.03746 -2.57351
6.06828 -2.55433
4.67551 -1.41544
4.67755 -1.42288
4.88792 3.52615
4.86307 3.4971
8.08218 0.499357
8.07754 0.386335
4.59205 -1.08577
4.58047 -1.03901
4.35265 1.67366
4.34795 1.61452
4.32563 0.630051
4.32699 0.593578
4.5786 2.9403
4.58934 2.97475
7.2968 -1.48205
7.27746 -1.50531
5.98885 -2.60382
5.95917 -2.622
4.52638 -0.808
4.5481 -0.903954
4.32337 1.13829
4.32243 1.10418
7.13805 -1.66414
7.13996 -1.66206
6.18427 -2.47702
4.62903 -1.23241
4.61735 -1.1863
5.6748 3.78551
5.69147 3.78279
5.83977 3.75161
4.47134 -0.556418
4.48344 -0.614111
4.43936 -0.389121
4.42818 -0.329274
4.43542 2.31551
4.4386 2.33998
4.38342 -0.0507814
4.40069 -0.166477
6.30726 3.56318
6.29932 3.56715
7.73879 2.01169
7.71821 2.05458
7.82512 1.81642
7.80835 1.85699
4.51505 2.71427
4.49849 2.64529
4.45423 2.42658
4.45687 2.44281
5.2287 3.74913
5.2569 3.75885
7.99944 1.26695
8.005 1.24167
8.04552 1.01962
8.05263 0.969374
7.45564 2.50673
7.43669 2.53393
7.32814 2.68094
7.30316 2.71232
7.38965 -1.36638
7.37083 -1.39107
6.81977 -1.97576
6.94842 -1.85623
7.5528 2.35727
7.54951 2.36262
7.63209 2.22008
7.64401 2.19851
4.75233 3.34089
4.76312 3.36014
4.89604 -2.17625
4.88519 -2.1413
4.96472 -2.36666
4.95808 -2.34939
7.89381 1.63525
7.88514 1.66021
7.94777 1.46789
7.94455 1.47907
5.37679 -2.83101
5.63043 -2.78344
5.53434 -2.81371
6.51959 -2.22932
6.53468 -2.21796
6.3999 -2.3218
7.96295 -0.268462
7.96874 -0.249571
7.9342 -0.361546
6.63223 3.35455
6.55204 3.41124
6.6838 3.31592
6.72585 3.28324
6.7797 3.23942
6.8092 3.2151
6.88833 3.14743
6.93423 3.10595
5.99148 3.70463
5.97837 3.70973
5.8575 3.7476
4.38735 1.9973
4.43012 2.28671
6.08236 3.67005
6.34611 3.54089
6.24106 3.59677
6.41831 3.49864
6.4735 3.46368
6.49154 3.45175
7.14801 2.89381
6.64234 -2.12986
6.7553 -2.03401
6.98506 -1.81925
8.07867 0.696078
8.06818 0.838422
6.3259 -2.37663
6.34423 -2.36351
6.58974 -2.17306
4.65461 3.1493
4.66435 3.17016
5.07649 3.68006
5.12731 3.70784
4.97807 3.61068
5.02375 3.64584
8.07623 0.362759
8.08253 0.515783
4.35857 1.74283
4.35827 1.73959
4.55081 2.85082
4.53776 2.80567
4.51505 -0.758976
4.52155 -0.786715
4.55017 -0.912889
6.13475 -2.51012
6.09927 -2.53355
4.65202 -1.3241
4.64723 -1.3045
5.17747 -2.74034
5.21276 -2.7713
5.37788 -2.83116
5.0275 -2.51479
5.03061 -2.52234
8.05043 0.121009
8.04817 0.104699
4.7945 -1.84737
4.77454 -1.78051
4.55174 -0.919744
4.56373 -0.970632
4.32343 0.723175
4.32188 0.753426
4.50218 -0.701325
4.99432 -2.44211
4.97917 -2.40272
4.35268 0.219123
4.34413 0.315947
4.63579 3.10365
7.186 2.85179
7.20014 2.83582
8.06521 0.863992
4.69764 3.24151
4.68769 3.22211
5.49364 -2.82357
4.81195 -1.91024
4.80255 -1.8756
8.08177 0.612252
5.06879 -2.59499
5.06803 -2.59348
5.70752 -2.75342
5.7158 -2.75005
7.87393 -0.524647
7.86568 -0.545393
4.93625 3.57383
4.92464 3.56311
6.9822 3.06045
7.02832 3.0166
4.82498 3.45027
8.0822 0.578937
4.32694 1.23117
4.32709 1.25839
4.3892 2.01171
6.18217 -2.47851
4.74857 -1.68763
4.70899 -1.54172
8.0671 0.25484
8.05306 0.139803
4.32982 1.29467
4.33309 1.3819
4.32078 1.00807
4.3205 0.913678
4.32221 0.786676
4.32058 0.881185
4.3401 1.50299
4.33535 1.42207
4.45891 -0.493975
4.45436 -0.470803
4.33221 0.487726
4.33782 0.397949
5.47574 3.79485
5.62961 3.79057
4.38301 -0.0478746
4.36658 0.085075
7.78112 -0.735668
7.74441 -0.809703
7.78374 1.91389
7.76438 1.95726
4.48211 2.56885
4.47671 2.54466
4.61079 3.03692
8.02439 1.14517
8.03194 1.10355
7.39265 2.59614
7.37244 2.62325
7.52863 -1.17416
7.5133 -1.19675
7.14253 -1.65931
7.23223 -1.55796
4.71884 3.28271
4.72364 3.29257
5.42441 -2.83156
5.15618 -2.72041
5.1478 -2.70908
5.84308 -2.6868
4.69926 -1.5066
8.0273 -0.0152447
8.00029 -0.134801
7.65613 -0.970555
7.84968 -0.583605
7.62639 -1.02079
7.55933 -1.12828
7.46248 -1.26929
6.08609 -2.54249
6.01262 -2.58874
4.66914 -1.39173
5.02435 3.64622
5.0741 3.67879
5.41854 3.7906
4.57838 -1.03059
4.59613 -1.10205
4.34726 1.60456
4.35302 1.67867
4.32818 0.566488
4.32473 0.658766
4.6046 3.01803
4.56931 2.91248
7.2469 -1.54091
7.32176 -1.45203
4.32183 1.07389
4.32429 1.16767
4.60586 -1.14084
4.32114 1.04068
4.34329 1.55037
4.42018 -0.284054
4.34128 0.35164
4.32992 0.528379
4.40414 -0.189019
4.35515 0.193575
7.69057 2.1098
7.8502 1.75388
7.86337 1.71926
7.6702 2.1494
4.52209 2.7448
4.46494 2.4862
4.53407 2.79163
5.13614 3.71172
5.19007 3.73568
5.30453 3.771
7.2626 2.7626
7.23766 2.79252
7.97128 1.38404
8.06264 0.890104
7.97097 1.38525
7.49719 2.44444
7.34468 -1.42348
7.42489 -1.32049
7.51106 2.42304
7.56769 2.33256
7.59816 2.28063
7.59308 2.28952
4.79016 3.40039
4.80603 3.4249
4.82446 -1.95074
4.91497 -2.2292
4.941 -2.30454
4.96572 -2.36891
7.9158 1.57059
7.92207 1.55145
5.70172 -2.75551
5.67302 -2.76759
6.73522 3.27608
6.93901 3.10167
4.3725 1.87654
4.37106 1.86424
6.52859 3.42786
6.2808 -2.40966
6.39196 -2.32782
4.97608 3.60921
4.56505 -0.975957
4.3586 1.74312
4.32367 0.693962
4.55496 2.86403
4.32545 1.20299
5.13201 -2.68873
5.04777 -2.55503
5.06945 -2.59635
7.88173 -0.505645
5.39955 3.78877
5.11841 -2.67216
6.83745 3.19156
4.37812 1.92457
8.08195 0.606435
4.86895 -2.0899
5.66372 -2.77145
4.36513 1.80644
4.36546 1.80977
6.96119 3.08051
6.75699 3.25814
7.89557 -0.469683
6.5395 3.42013
