7.52785 0.0314468
7.53021 0.0413872
7.50213 1.25371
7.49885 1.26668
5.67822 -1.62428
5.68833 -1.62837
5.15299 -0.911932
5.153 -0.911963
4.843 0.780633
4.84134 0.827603
7.1604 -0.798539
7.14336 -0.823741
6.95738 -1.05953
6.97942 -1.03475
7.19415 1.97067
7.20478 1.95361
6.34274 2.7916
6.32926 2.79903
7.55046 0.142009
7.561 0.203796
7.5 -0.0754419
7.49487 -0.0945678
7.33288 -0.504656
7.32776 -0.515337
7.37274 1.62482
7.34947 1.67725
7.44032 1.45103
7.41939 1.50816
5.53646 2.84858
5.60929 2.87828
5.34056 2.70505
5.41702 2.77233
5.45402 -1.44561
5.43199 -1.42173
5.32666 -1.27145
5.32187 -1.26321
4.84956 1.1274
4.8539 1.20394
4.87175 1.4042
4.87579 1.44154
5.86425 -1.6739
5.85724 -1.67278
5.02248 -0.513956
5.03256 -0.550119
5.08515 -0.722179
5.09556 -0.752217
5.5138 -1.5103
5.56822 -1.55533
5.23081 -1.09131
5.2244 -1.07684
4.95428 1.892
4.97917 1.99217
4.90894 1.67163
4.91274 1.69175
4.89201 0.112807
4.88739 0.146739
4.86084 0.389437
4.85787 0.418232
4.84368 0.695647
4.84498 0.650299
4.84169 0.864164
4.84269 0.957291
5.2673 2.62106
5.31155 2.67243
5.16063 2.45964
5.1555 2.45044
5.07712 2.28369
5.08528 2.30182
6.24687 -1.60125
6.24713 -1.60113
6.0529 -1.66158
6.01282 -1.6665
5.01061 2.09643
4.98482 2.01312
6.83642 -1.18756
6.86698 -1.15755
7.30277 -0.564047
7.30223 -0.565071
6.15577 2.87039
6.13021 2.8774
5.95048 2.91638
5.9456 2.91707
5.64332 2.89136
5.73855 2.91254
6.64237 -1.35989
6.66666 -1.33984
6.44353 -1.49917
6.46241 -1.48686
7.58544 0.420178
7.58284 0.381778
7.59153 0.604208
7.59162 0.59389
6.62695 2.61184
6.6052 2.62848
7.57225 0.890794
7.5683 0.92438
4.99022 -0.394764
4.97282 -0.320064
4.92906 -0.112152
4.9344 -0.139623
7.07452 -0.915491
7.10779 -0.873025
7.18068 -0.768148
7.22221 -0.702791
7.55026 1.03536
7.54407 1.07248
6.73771 2.52095
6.7454 2.51398
6.91365 2.34641
6.88818 2.37372
7.13424 2.06309
7.11155 2.09674
6.99215 2.25476
7.00931 2.23405
7.479 -0.144035
7.46125 -0.199984
7.43986 -0.259518
7.45022 -0.23099
7.39781 -0.364459
7.41548 -0.322442
7.34139 -0.487366
7.40766 1.53925
7.45003 1.42346
4.84666 1.08299
4.85843 1.26441
4.86409 0.347495
4.86929 0.294768
4.84306 0.715481
4.8435 0.995299
6.54241 2.67348
6.56448 2.65893
7.53234 1.12608
7.53965 1.09465
7.58449 0.769975
7.57912 0.833296
4.96513 -0.286316
4.99733 -0.422567
7.24796 1.87983
7.2481 1.87957
7.38614 1.59277
7.47136 1.36093
7.4587 1.39871
4.84604 1.04006
5.00108 -0.436535
6.42418 2.74836
6.43741 2.74043
4.86107 1.29622
4.84245 0.734518
4.85307 0.480495
4.85212 0.494689
7.53989 0.0890941
7.52555 0.021018
5.43781 2.78833
5.51915 2.83927
5.42276 -1.41075
5.37455 -1.34369
4.86349 1.32353
7.58975 0.690551
7.58964 0.697597
4.95024 -0.216493
4.95633 -0.245377
5.0701 -0.677374
5.05372 -0.623496
5.19129 -1.00196
5.15298 -0.91191
4.93029 1.78267
4.94284 1.84018
6.49836 2.70315
6.51964 2.68916
6.81893 2.44523
6.7866 2.47565
5.21119 2.54209
5.16715 2.47024
6.14922 -1.63728
6.13696 -1.64023
7.11803 -0.858504
7.16696 -0.789102
7.00054 -1.00994
6.90977 -1.11228
6.20307 2.8532
6.26186 2.83049
5.8417 2.92103
5.93982 2.9173
6.54241 -1.43434
6.56801 -1.41547
7.04497 2.18893
7.06198 2.16639
7.58962 0.512618
7.5889 0.486786
6.28588 2.81913
6.3838 2.77056
7.26179 -0.636934
7.27657 -0.611309
7.57044 0.267606
7.33552 1.70772
5.6363 2.88935
5.33109 2.69521
7.57749 0.326325
5.4988 -1.49495
5.31759 -1.25532
4.8891 1.54649
4.89063 1.55807
4.88991 1.55288
4.89742 1.60261
5.86806 -1.67386
5.76993 -1.65743
5.58949 -1.57212
5.67292 -1.62133
7.58925 0.70784
5.04443 -0.591753
5.01561 -0.489109
5.11926 -0.81938
5.27519 -1.17798
5.23828 -1.10755
4.98099 1.99957
4.9083 0.0033789
4.87649 0.233898
5.24673 2.59457
5.11704 2.37281
5.06757 2.26039
6.34572 -1.5547
6.24429 -1.60223
5.9579 -1.67428
5.02717 2.14623
6.79047 -1.23143
7.03105 -0.972579
7.30662 -0.556775
6.27234 2.82579
6.05037 2.89888
5.77948 2.91719
6.7435 -1.27519
6.34844 -1.55316
6.7594 -1.2606
7.59089 0.652672
6.58537 2.6431
6.65079 2.59404
4.91529 -0.0382282
6.47875 2.716
7.04488 -0.954665
4.90993 -0.00679267
7.52364 1.16927
7.52388 1.16824
7.48348 1.32022
7.54171 1.08351
7.55719 0.999217
6.82528 2.43909
6.66755 2.57994
6.95414 2.30008
7.06851 2.15729
7.15912 2.02579
7.45937 -0.205633
7.43869 -0.262567
7.41943 -0.312549
7.38998 -0.382774
4.86998 0.287944
4.86323 0.356299
4.85719 0.426319
4.84615 0.606574
4.84814 0.562394
7.57759 0.848118
7.56265 0.965075
7.28333 1.81366
7.29469 1.79175
5.73275 -1.64583
4.87357 0.258929
5.04167 2.19176
7.31833 1.74425
7.5049 1.24356
5.67592 -1.62311
7.21162 1.94208
4.86313 0.357411
4.84536 0.629361
7.31159 1.75848
7.24903 1.87786
7.37544 -0.415669
7.3625 -0.443502
4.85087 0.519901
4.84918 0.543287
