4.7211 -1.16742
4.7401 -1.23712
5.41602 -2.54608
5.3913 -2.53793
5.01366 -2.05942
4.99414 -2.01216
5.05347 3.44166
5.11312 3.48855
4.6591 -0.933125
4.64049 -0.857107
4.57324 -0.562336
4.54879 -0.44309
6.17893 3.48992
6.27726 3.44245
4.58774 2.50966
4.60455 2.57918
4.64466 2.7255
4.64574 2.72879
7.29247 2.57282
7.32551 2.52859
7.41529 -1.17489
7.46623 -1.10269
7.25462 -1.38623
7.25913 -1.38065
6.59872 -2.02654
6.62942 -2.00299
6.9485 -1.71734
7.01651 -1.65089
4.82416 -1.52636
4.80971 -1.47759
7.82417 -0.402843
7.82268 -0.406937
4.83944 3.18522
4.81383 3.14077
4.90871 3.28772
4.91501 3.29613
4.99141 3.38464
5.0146 3.40717
5.27253 3.57396
5.30786 3.5875
5.81148 -2.50904
5.75736 -2.52887
4.88874 -1.72667
4.88094 -1.70497
6.79435 3.09313
6.7712 3.113
6.53607 3.2885
6.57967 3.25842
5.70704 3.62646
5.71958 3.62502
4.59222 -0.650347
4.62095 -0.774483
4.52865 2.2231
4.51744 2.16138
4.48985 1.98438
4.49195 1.99837
7.72533 -0.641824
7.74259 -0.602943
7.60519 -0.875743
7.62376 -0.842622
5.95145 3.57612
5.95429 3.57512
6.35044 3.40328
6.40268 3.37386
7.07319 2.83125
7.07422 2.83013
6.93967 2.96328
6.99381 2.91202
7.516 -1.025
7.46857 -1.09919
6.78079 -1.87337
6.82498 -1.83515
7.10422 -1.55894
7.07854 -1.58621
7.99287 0.573021
7.9928 0.539006
6.36756 -2.19915
6.41085 -2.17012
6.2841 -2.25738
6.24906 -2.27864
4.94218 -1.88087
4.95532 -1.91501
4.80552 3.12566
4.80059 3.11569
5.48788 3.62744
5.50164 3.62857
4.70195 2.89303
4.6852 2.847
7.70364 1.87554
7.68237 1.92343
7.98394 0.782557
7.98634 0.752315
4.77094 -1.34809
4.7636 -1.32314
5.44226 -2.552
5.32321 -2.50251
5.33643 -2.50931
5.31512 -2.49743
5.03806 -2.11045
5.05405 -2.14612
5.13313 -2.29103
5.12406 -2.27786
6.1084 -2.36707
6.08895 -2.37769
5.30824 -2.4912
5.25509 -2.44858
5.28923 -2.47572
5.20158 -2.39085
5.18497 -2.3671
4.41594 0.889184
4.41604 0.850066
4.4168 1.01568
4.41635 0.977066
4.43063 1.38772
4.42883 1.35837
4.4391 1.50795
4.43755 1.48667
4.52232 -0.303288
4.53999 -0.397896
4.43739 0.357869
4.43948 0.331144
4.42803 0.494136
4.42996 0.461601
4.45624 0.155522
4.45966 0.124131
5.94692 3.5774
5.83591 3.6049
6.12533 3.51182
6.29129 3.43579
4.56579 2.41588
4.55821 2.37965
7.18938 2.70138
7.19464 2.69521
7.96726 0.942221
7.95462 1.03097
7.92513 1.19346
7.89945 1.30801
7.34406 -1.27211
7.309 -1.31822
6.69175 -1.95035
6.53026 -2.08122
7.02836 -1.63854
6.92118 -1.74482
7.49403 2.27818
7.48733 2.28906
7.57281 2.14031
7.54326 2.19366
7.40983 2.40876
7.44393 2.35755
7.85255 1.47685
7.87284 1.40815
7.7966 1.6444
7.81546 1.5913
5.583 -2.56292
5.55254 -2.56549
5.67237 -2.54985
5.64354 -2.55639
7.90964 -0.122092
7.912 -0.112891
7.86292 -0.288418
7.8646 -0.282928
7.86139 -0.293382
7.84051 -0.355153
7.82073 -0.412104
4.90121 3.27647
4.95007 3.33936
6.86888 3.0283
6.84569 3.04906
6.65434 3.20385
6.63471 3.21871
6.51313 3.30449
4.53802 2.27801
4.50448 2.08329
5.80255 3.61086
5.77773 3.61603
6.06565 3.5367
6.41236 3.36773
6.40725 3.37098
7.0081 2.8976
6.91316 2.98892
6.50159 -2.10192
6.86655 -1.79574
6.72763 -1.92084
7.11068 -1.55219
6.3241 -2.2296
4.76962 3.05516
6.03397 -2.40793
6.03857 -2.40573
4.6823 -1.02207
4.68585 -1.03551
4.45949 1.74001
4.4598 1.7433
4.44669 1.60055
4.44784 1.61498
4.4895 -0.105459
4.49096 -0.115374
4.41938 0.684397
4.41817 0.722396
4.4246 0.557337
4.42294 0.592016
4.7299 2.96506
4.71964 2.94079
7.68053 1.92735
7.63539 2.02142
7.15478 -1.50292
7.19879 -1.45235
4.63463 -0.832363
4.42137 1.1951
4.42261 1.23106
4.41776 1.066
4.41858 1.10406
6.18683 -2.31982
4.85287 3.20594
4.66792 -0.967391
4.66928 -0.972495
6.71996 3.15435
6.71138 3.16093
4.50709 -0.216568
4.50981 -0.233312
7.15319 -1.50476
7.14148 -1.51794
5.98345 -2.43456
5.93775 -2.45671
7.988 0.393069
7.98215 0.308668
4.47572 1.87824
4.47473 1.87111
7.95879 0.119536
7.94841 0.055931
4.50098 2.06201
4.97491 3.36649
7.97933 0.840556
7.97952 0.838417
4.74571 -1.25797
4.70784 -1.11794
4.85152 -1.61497
4.84667 -1.59873
4.98924 -2.00119
5.02307 -2.07937
5.11061 -2.25505
5.08732 -2.21237
5.14891 3.51191
5.36023 3.60162
5.40441 3.61417
5.90327 -2.47178
5.86621 -2.48888
7.97253 0.219364
7.96797 0.179785
4.42612 1.29455
4.42667 1.32744
4.41612 0.952581
4.41595 0.913566
4.41764 0.786564
4.41596 0.825673
4.43462 1.44798
4.43293 1.42252
4.43231 0.426249
4.43435 0.396378
5.56461 3.63252
5.60328 3.63236
4.49808 2.04398
4.47189 0.0203963
4.47403 0.00365659
7.66865 -0.758108
7.68065 -0.734583
4.58039 2.48003
4.62568 2.65819
4.65985 2.77314
4.64034 2.71139
7.15098 2.74567
7.17938 2.71319
7.94828 1.0699
7.93044 1.16735
7.25733 2.61771
7.35641 2.4863
7.467 -1.10155
7.38641 -1.2154
7.30028 -1.32903
7.25372 -1.38736
7.53394 2.20995
7.49553 2.2757
7.82581 1.56051
7.84524 1.5008
7.99159 0.635461
7.99064 0.669527
5.62889 -2.55775
5.59819 -2.56265
4.7973 -1.4374
4.86516 -1.6586
5.21081 3.54688
5.18162 3.53176
5.44652 3.62134
6.00925 -2.42101
5.98817 -2.43207
5.71407 -2.53991
7.97748 0.262189
7.92661 -0.0530172
7.92977 -0.0380328
7.9243 -0.0636669
4.91248 -1.79632
4.93914 -1.87201
4.48312 1.93474
7.69116 -0.713537
7.77547 -0.526846
7.56381 -0.947056
7.36307 -1.24764
7.53729 -0.991275
7.99222 0.481904
4.77357 -1.35681
5.68862 -2.54733
4.45268 1.67002
4.45346 1.67914
4.42171 0.620706
4.42028 0.657211
4.67379 2.81305
4.70649 2.90606
4.41933 1.13041
4.42039 1.16756
4.51376 -0.256334
4.69676 -1.07669
5.48003 -2.56134
5.50648 -2.56404
5.07978 -2.19643
5.16598 -2.34221
5.22667 -2.419
4.41698 1.04056
4.44245 1.55082
4.44299 0.289172
4.42586 0.526818
4.44696 0.245553
4.6306 2.67716
4.55518 2.36447
7.22721 2.65536
7.13534 2.76349
7.97282 0.898359
7.89817 1.31325
7.38917 2.43924
7.20591 -1.44388
7.61061 2.06923
7.58847 2.1115
7.4525 2.34424
7.87688 1.39342
7.78365 1.67979
5.53379 -2.56431
7.89692 -0.171145
6.76591 3.11729
4.46338 1.7784
4.46629 1.80505
6.07577 -2.38463
4.41727 0.748218
4.73477 2.97592
4.66499 2.78791
4.54513 2.31401
7.72587 1.82559
7.76538 1.72847
7.63455 2.02308
4.75674 3.0263
4.42351 1.25984
5.6416 3.63048
4.96687 -1.94459
7.9909 0.442649
4.46699 1.81043
4.46661 1.80746
5.73403 3.62276
7.99018 0.680169
5.23202 -2.4248
6.68887 3.17796
6.82219 3.06981
4.94077 -1.87676
7.7258 1.82577
5.36997 -2.52814
7.7693 1.71839
7.783 -0.508607
6.61689 3.23212
7.89447 -0.180047
