6.37957 2.64605
6.32801 2.67131
7.46736 1.03231
7.47082 1.015
5.04418 -0.222642
5.03609 -0.187869
5.10982 -0.476484
5.11474 -0.492699
5.43318 -1.20192
5.44078 -1.21142
5.043 1.83467
5.02399 1.75526
5.38464 2.54743
5.35413 2.51384
6.07023 -1.50894
6.13156 -1.49506
5.88276 -1.51206
5.83147 -1.50007
5.10231 2.03718
5.11231 2.06428
5.80062 2.77113
5.74772 2.76226
6.99423 2.10602
7.03658 2.04836
6.2659 2.69926
6.16418 2.73625
7.19846 -0.57169
7.15123 -0.649655
5.5466 2.68237
5.5538 2.6865
7.50302 0.742864
7.50583 0.708258
5.16973 -0.665641
5.17269 -0.673838
5.33102 -1.03598
5.34068 -1.05439
5.24622 -0.860449
5.24018 -0.845629
5.56458 -1.35172
5.52061 -1.30959
4.99486 1.61612
5.0006 1.64647
4.96116 1.38823
4.97098 1.4625
4.93208 1.06207
4.93094 1.0459
5.2663 2.39333
5.27337 2.40339
6.26356 -1.45432
6.34993 -1.41505
5.70236 -1.4529
5.76513 -1.48061
5.17478 2.22235
5.17235 2.21708
6.89823 -0.985264
6.91199 -0.970087
6.69123 -1.18574
6.74935 -1.13449
7.23726 -0.500621
7.21448 -0.543739
7.33095 -0.300815
7.32195 -0.322527
7.42037 -0.0469482
7.42546 -0.029169
7.47358 0.184047
7.47817 0.210317
4.92732 0.905286
4.92739 0.909508
4.92842 0.70883
4.92827 0.714031
4.94309 0.438736
4.94187 0.4531
4.97398 0.159683
4.98479 0.0866964
5.95414 2.77705
5.94056 2.77705
6.45988 -1.35523
6.43366 -1.36999
6.65899 -1.21352
6.57038 -1.28115
7.01315 -0.847588
7.03039 -0.825843
7.3769 1.37829
7.39129 1.33546
7.44868 1.12299
7.44384 1.14684
7.5039 0.44669
7.50108 0.403576
7.50682 0.541934
7.50825 0.597679
5.01176 -0.0736837
5.01049 -0.067187
6.74825 2.37863
6.80682 2.32122
6.65829 2.45777
6.61345 2.49276
6.96564 2.14315
6.93184 2.18405
6.38667 2.64199
6.43665 2.61356
7.34652 1.46787
7.35016 1.45784
4.92747 0.913806
4.93023 1.03401
4.92606 0.782912
6.53286 2.55112
6.57455 2.52299
7.49268 0.865051
7.48523 0.926774
5.08108 -0.376316
5.07745 -0.362128
7.17563 1.83316
7.179 1.82722
6.32543 2.67263
6.2719 2.69699
5.12498 -0.526132
5.13344 -0.553772
7.12376 1.91821
7.13142 1.90627
7.36075 -0.225996
7.36702 -0.209815
7.25108 -0.473609
7.27098 -0.433805
7.36309 1.42025
4.94836 1.27167
4.94107 1.18293
5.056 -0.274128
5.05003 -0.24877
5.08845 -0.403768
4.95204 0.342352
4.95399 0.32251
4.93301 0.591724
4.93336 0.583606
7.251 1.68774
7.26356 1.66209
6.38323 2.64404
4.92606 0.779235
7.20084 1.78658
7.21474 1.76031
7.31772 1.54051
7.5074 0.625944
7.50636 0.694528
7.47543 0.984145
7.46162 1.06566
5.03238 -0.171138
5.28745 -0.948858
5.3213 -1.0166
5.49471 -1.27912
5.4296 -1.19717
5.01723 1.7265
5.06299 1.90877
6.66105 2.45555
6.73471 2.39088
5.322 2.47256
5.44876 2.61083
6.16622 -1.48761
6.00069 -1.51516
5.79157 -1.49116
5.93535 -1.51593
5.13709 2.13071
5.08837 1.99588
7.07946 -0.758434
7.0909 -0.742738
6.88182 -1.00261
6.82567 -1.06102
7.28204 -0.410662
7.30895 -0.352142
7.45056 0.0696044
7.45473 0.0877452
4.92612 0.775508
4.95847 0.28096
4.9646 0.22968
5.67097 2.74033
5.8505 2.77672
6.55882 -1.2898
6.46438 -1.3523
7.0625 2.01104
6.98588 2.11728
6.14042 2.74217
6.27143 2.6972
7.11497 -0.706554
7.21179 -0.548587
7.27515 1.63723
7.29642 1.58946
5.64593 2.73145
5.45603 2.61681
7.5004 0.787551
5.17497 -0.679858
5.14037 -0.575651
5.20959 -0.769497
5.38033 -1.11993
5.25402 -0.878907
5.61346 -1.39513
4.97662 1.50307
4.99325 1.60646
5.07175 1.94093
4.95362 1.32134
5.26172 2.38614
5.21869 2.30904
5.17727 2.22728
5.97568 -1.5177
6.24625 -1.46011
6.3622 -1.40956
5.64812 -1.41887
6.78143 -1.10524
6.96549 -0.906271
6.66869 -1.20531
7.24344 -0.488946
7.34501 -0.2663
7.38308 -0.16559
7.3914 -0.141455
7.49031 0.296639
5.01003 -0.0647121
4.99923 -0.00289964
4.93046 0.648827
4.93626 0.528523
4.93762 0.507375
4.94756 0.387814
4.99225 0.0399692
6.05871 2.76219
5.96426 2.77595
7.4953 0.339871
6.48939 2.58117
6.49012 2.58068
7.05136 -0.798286
7.43902 1.16555
7.45652 1.09091
7.50629 0.500687
7.40718 1.286
7.42467 1.22228
7.45844 1.08044
7.48311 0.941096
6.83619 2.29169
6.5767 2.52132
6.87527 2.24919
6.91423 2.20461
7.08519 1.97808
6.4887 2.58164
7.49963 0.797066
7.16018 1.85929
7.23551 1.71892
7.22637 1.73769
7.31223 1.55418
7.17322 1.83731
7.4032 1.29896
7.4334 1.19026
6.43909 2.6121
