5.32785 -2.16327
5.32597 -2.16162
6.14243 -2.16299
6.18785 -2.13826
5.64344 -2.3019
5.71969 -2.30132
4.99332 -1.58084
5.01486 -1.63614
4.74661 -0.794791
4.72643 -0.712565
5.11718 -1.8631
5.088 -1.80217
4.62093 2.03214
4.61551 1.99964
7.59461 -0.667905
7.54966 -0.755312
6.38428 3.22701
6.36743 3.23576
7.56803 1.92088
7.60746 1.8369
7.83786 1.10715
7.83844 1.104
7.34133 2.3166
7.31775 2.35148
7.74133 1.48732
7.73387 1.5106
7.73968 -0.323749
7.70051 -0.431311
7.7862 -0.174772
7.80692 -0.0980799
5.78405 -2.29271
5.8133 -2.28735
5.5814 -2.29587
5.62915 -2.30144
5.51462 3.43176
5.50103 3.42966
5.30052 3.36156
5.30771 3.36505
5.10449 3.22026
5.11097 3.22643
4.91514 2.96915
4.93792 3.00743
7.85585 0.142579
7.83829 0.0414274
7.88348 0.401038
7.87676 0.311012
4.95576 -1.48443
4.94598 -1.45642
4.56442 1.62276
4.5704 1.67967
4.54679 1.42304
4.54456 1.3983
4.57858 1.74821
4.5866 1.80801
4.77311 -0.89571
4.75894 -0.843878
5.25382 -2.08092
5.26574 -2.09506
5.16804 -1.95315
5.14113 -1.9053
4.90455 2.94953
4.87031 2.88413
6.01951 3.38761
5.93083 3.41163
6.15973 3.33666
6.06107 3.3737
5.67825 3.44429
5.65426 3.44478
6.86422 2.87495
6.87296 2.86711
6.99101 -1.51307
6.97598 -1.52838
7.44297 -0.938951
7.4668 -0.900662
6.42365 -1.9918
6.39512 -2.01234
6.66627 -1.81134
6.59614 -1.86687
6.88495 -1.61874
6.79269 -1.70309
6.00008 -2.22757
6.03659 -2.21282
4.52699 0.913436
4.52648 0.888346
4.53149 1.13943
4.53243 1.16743
4.54363 0.431206
4.54896 0.3546
4.59459 -0.0549695
4.57939 0.063304
4.53261 0.625676
4.53127 0.655404
4.69704 2.39028
4.69151 2.36951
7.23213 -1.23808
7.21099 -1.26436
7.86769 0.910028
7.87025 0.890507
4.6336 -0.279155
4.61832 -0.195045
7.88836 0.623069
7.88834 0.625018
4.82869 -1.09149
4.81917 -1.0582
7.77527 -0.212761
7.74363 -0.312217
6.26922 -2.09235
6.08703 -2.18991
7.07402 -1.4238
7.10574 -1.38901
5.81454 3.43441
5.85589 3.42614
6.48366 3.16715
6.2725 3.28579
4.74646 2.56785
4.72715 2.50277
4.77261 2.64575
4.7591 2.60624
4.82372 2.78142
4.82447 2.78338
7.148 2.57597
7.17572 2.54254
7.0713 2.66486
7.07465 2.66117
7.2506 2.44594
7.19198 2.52216
6.52767 -1.91779
6.49621 -1.94197
6.89241 -1.61156
6.88935 -1.6146
7.50348 2.04702
7.51593 2.02369
7.42528 2.18567
7.42391 2.18792
7.7902 1.32044
7.78897 1.3252
7.70049 -0.431363
6.73028 2.98897
6.71599 3.0009
6.49577 3.15968
6.49665 3.1591
4.56373 1.61551
4.5775 1.74032
4.57313 1.70418
4.55324 1.50411
4.55181 1.4872
4.78031 -0.92177
4.64721 2.17193
4.65372 2.2059
5.77674 3.43886
5.90584 3.41671
6.04595 3.3795
6.2235 3.30767
6.49504 3.16017
5.70615 3.44394
6.87927 2.86104
6.96576 -1.53872
7.05737 -1.44222
6.31276 -2.06445
6.71917 -1.76649
6.69505 -1.78756
6.90852 -1.59572
6.28792 -2.0809
5.32465 -2.16019
5.31779 -2.15297
5.91486 -2.25983
5.93566 -2.25253
4.52799 1.01447
4.5277 0.976935
4.52647 0.875021
4.52643 0.824872
4.53569 1.26137
4.53327 1.20189
4.53043 1.10393
4.8778 -1.25367
4.89584 -1.30933
4.53942 0.490975
4.54162 0.459783
4.55106 0.329328
4.59483 -0.0565688
4.52769 0.747184
4.52946 0.692866
4.53422 0.590205
7.63232 1.77957
7.64953 1.73937
7.01186 2.72846
7.03234 2.70747
7.17353 -1.31021
7.12371 -1.36845
7.29026 -1.16186
7.24303 -1.22431
7.78065 -0.194343
5.44451 -2.247
5.40057 -2.22244
5.88515 -2.26868
5.85586 -2.27602
4.52916 1.04043
4.52922 1.06712
6.70214 3.0121
6.61766 3.07523
6.54705 3.12502
6.55797 3.1174
4.65328 -0.383932
4.64408 -0.336314
4.5382 0.52499
4.53571 0.556701
4.6314 2.09035
4.63841 2.12696
4.59502 -0.0577561
4.59626 -0.065403
4.66343 2.25098
6.91077 2.82973
7.65673 1.7214
7.68283 1.6551
7.63173 -0.589397
7.61521 -0.625769
5.55483 -2.29102
5.53061 -2.28447
4.98101 3.07283
4.9997 3.0997
4.58831 1.82001
4.59562 1.87218
7.31805 -1.12447
7.87966 0.793694
7.88093 0.776854
4.56294 1.60698
4.55773 1.55135
4.67906 -0.509808
4.67264 -0.479304
4.53953 1.32941
4.53922 1.32451
4.57797 1.74384
5.28984 -2.12352
5.29435 -2.12838
4.55306 0.306581
4.55699 0.264081
4.85478 -1.18099
4.85404 -1.17847
5.74978 -2.29702
5.6338 -2.30208
5.40033 3.40287
5.43824 3.41417
5.0343 3.14351
5.00876 3.11198
7.87252 0.269135
7.86125 0.17762
5.05032 -1.72173
4.97954 -1.54673
5.05293 -1.72819
5.12592 -1.87874
4.61095 1.97363
4.62674 2.0633
7.53339 -0.785094
7.60549 -0.646019
7.56133 1.93481
7.61375 1.82277
4.6768 2.31026
4.67096 2.28568
4.78934 2.69242
4.77973 2.66532
7.10977 2.62078
7.13395 2.59289
7.8333 1.12921
7.85851 0.981117
7.39434 -1.01593
7.38886 -1.02406
7.465 2.11718
7.43169 2.17483
7.29782 2.37999
7.37236 2.26977
7.71322 1.5711
7.76256 1.41903
7.81045 1.23739
7.79777 1.29009
7.88831 0.625582
7.88336 0.736959
7.83412 0.020754
7.81183 -0.0776315
5.188 3.29052
5.20035 3.30085
5.20199 3.30206
5.21716 3.31118
5.59915 3.44203
7.88584 0.441997
4.94157 -1.44322
4.91476 -1.3649
5.05155 -1.72484
4.69727 -0.590875
4.7052 -0.624752
5.48073 -2.26737
5.18408 -1.9811
4.60507 1.93599
7.49049 -0.860653
7.39703 -1.01189
7.88835 0.516192
6.04558 -2.20848
5.98614 -2.2338
5.21452 -2.02532
4.67831 2.31617
4.70692 2.42873
7.87394 0.85169
7.86264 0.951317
4.61466 -0.173951
4.80281 -1.00183
4.85691 -1.18807
4.71701 2.46517
4.75641 2.59874
7.18584 2.52998
7.06542 2.67151
7.86023 0.969126
7.81251 1.22853
7.26005 2.43303
7.54076 1.97524
7.47139 2.10587
7.38384 2.25185
7.76697 1.40376
7.70304 1.60006
4.54352 1.3846
5.48962 -2.27061
4.90982 2.95955
5.60258 3.44244
5.60334 3.44247
5.95348 -2.2454
4.79345 -0.968372
4.52638 0.811472
4.53577 1.26393
4.53306 1.19634
4.9007 -1.32458
4.56812 0.157395
4.56159 0.216329
4.52723 0.759495
4.52979 0.683361
4.82642 2.78813
7.18086 -1.30151
7.87903 0.802929
6.59899 3.08933
7.69143 1.63228
7.64911 -0.552055
4.9679 3.05414
4.59864 1.89218
5.23162 -2.04928
5.83462 -2.28223
7.34316 -1.0899
4.94929 3.02432
4.53765 1.29474
4.57059 1.68175
4.5502 1.46756
4.55864 0.244772
4.52688 0.785778
7.70036 -0.431685
4.52731 0.93901
4.57698 0.0813623
6.60788 3.08265
4.86507 2.87345
4.86064 2.86371
7.65676 -0.53473
