5.87646 2.48019
5.97385 2.48801
6.18477 2.45822
6.22838 2.44298
7.00266 -0.540612
7.01659 -0.519295
7.24127 1.2441
7.24721 1.22558
7.32715 0.818733
7.32351 0.857041
5.17131 1.50211
5.18971 1.58736
5.48938 2.25109
5.52346 2.28629
7.28677 0.12906
7.28229 0.109448
5.17885 0.0266137
5.17245 0.0592567
5.10504 0.730292
5.10539 0.709842
6.78093 2.06325
6.73429 2.11169
5.76784 2.45162
5.85283 2.47474
6.40012 2.36861
6.43 2.35072
6.74084 -0.86001
6.72458 -0.875362
6.89634 -0.687222
6.88073 -0.707156
5.11889 1.14387
5.11955 1.15357
7.31133 0.94423
7.3056 0.977886
5.284 -0.3803
5.28212 -0.374308
5.37126 -0.608216
5.35628 -0.572459
5.44244 -0.752096
5.42619 -0.720274
5.54625 -0.917127
5.5475 -0.918879
5.22362 1.71798
5.20965 1.66875
5.13379 1.2767
5.13629 1.29437
6.29739 -1.15637
6.34889 -1.13369
6.10497 -1.20305
6.11669 -1.201
5.29162 1.91487
5.28713 1.90284
5.3774 2.09144
5.38574 2.106
5.64034 2.38554
5.57128 2.33412
6.55416 -1.01551
6.49946 -1.05375
6.99547 1.78292
7.00404 1.76897
7.10223 1.59275
7.14608 1.50159
5.72946 -1.10116
5.68553 -1.06543
5.91493 -1.18906
5.89756 -1.18343
7.11057 -0.353467
7.12701 -0.321248
7.21842 -0.106389
7.21505 -0.115974
5.21026 -0.121542
5.21267 -0.130691
5.11505 0.500023
5.113 0.529604
5.13977 0.253884
5.14006 0.251861
7.32648 0.359545
7.32763 0.369843
6.66921 2.17433
6.65871 2.18357
6.81681 2.02345
6.82517 2.01358
7.33892 0.610951
7.33914 0.591446
7.29604 1.02599
7.29305 1.04264
6.54975 2.27154
6.58767 2.24332
7.32025 0.881507
7.31857 0.89556
7.30315 0.99269
5.26449 -0.316932
5.10626 0.925317
5.10586 0.905287
6.59147 2.24036
6.59571 2.23721
7.27652 1.11665
7.2791 1.1066
6.90083 1.91943
6.90459 1.91456
7.33257 0.757244
7.33394 0.740508
6.5095 2.30078
6.45703 2.33349
5.19481 -0.0525814
5.19794 -0.0673671
5.1043 0.819147
5.10465 0.861054
5.1107 1.01813
5.30121 -0.428817
5.30496 -0.43919
5.25366 -0.281017
5.24654 -0.255885
6.07348 2.48197
5.87013 2.47944
6.08204 2.48079
6.29191 2.42067
7.027 -0.502261
6.95053 -0.615036
5.31891 -0.47706
5.34418 -0.542148
5.49224 -0.835777
5.45821 -0.781411
5.19512 1.61156
5.15934 1.43878
6.20041 -1.18649
6.24022 -1.17416
5.33256 2.00441
5.36877 2.07484
5.55856 2.32239
5.47712 2.237
6.64172 -0.948896
6.61796 -0.968837
7.08128 1.63337
7.06366 1.66635
5.8215 -1.15517
5.77816 -1.13107
7.19006 -0.1805
7.17378 -0.221276
7.3076 0.230196
7.25654 0.0124972
5.16359 0.105335
5.18519 -0.0040552
5.10639 0.664202
5.1048 0.775008
5.13825 0.266011
5.12562 0.375939
7.33676 0.475434
7.33824 0.494056
5.74681 2.4426
6.07869 2.48152
5.66772 2.40357
6.86743 -0.723247
6.80447 -0.793018
6.68601 -0.909958
7.07628 -0.417395
7.15053 1.49174
7.18297 1.41361
5.39845 -0.665212
5.54436 -0.914286
5.61037 -0.992902
5.63898 -1.02435
5.15075 1.39057
5.23149 1.74246
5.25726 1.82107
5.12407 1.19707
6.39591 -1.11273
6.08148 -1.20377
5.29801 1.93046
5.43036 2.17322
6.45887 -1.07742
6.97913 1.80799
6.93581 1.87067
7.05045 1.6897
6.00966 -1.20399
5.94195 -1.19323
7.17078 -0.22808
7.25126 -0.00577507
7.30986 0.243523
5.15855 0.134464
5.10699 0.644652
5.124 0.392295
5.10786 0.626027
5.1248 0.383622
7.33833 0.49616
6.63042 2.2074
6.68273 2.1628
7.33609 0.688252
7.21784 1.31763
7.21012 1.33915
7.27356 1.12999
7.25903 1.18253
7.28588 1.07408
5.22546 -0.180171
5.23507 -0.216591
6.70595 2.13994
6.90769 1.91042
6.8642 1.96639
7.33461 0.730614
5.10427 0.796031
5.105 0.884586
6.32089 2.40763
5.28707 -0.389824
6.92516 1.8856
5.12003 1.16076
7.23656 1.25976
6.35105 2.39265
6.37638 2.38084
7.18586 1.40665
5.21332 -0.133494
5.20006 -0.0770492
6.82957 2.00842
5.23907 -0.231056
