6.19804 -0.484275
6.25626 -0.475772
5.99854 -0.442426
5.99815 -0.442182
6.66391 -0.197822
6.67274 -0.186385
5.55077 1.01653
5.54973 1.00799
5.8316 -0.302992
5.811 -0.27987
5.58202 0.257534
5.5886 0.229018
5.54924 0.456024
5.55115 0.43869
6.91663 0.470772
6.91853 0.491607
6.41791 -0.418013
6.51074 -0.353784
5.94712 1.75036
6.03055 1.78022
5.77458 1.60781
5.83165 1.67193
5.53365 0.783316
5.53296 0.737652
5.64265 1.37816
5.66624 1.43279
6.87623 0.992631
6.88166 0.97054
6.68659 1.42229
6.68943 1.41781
6.79191 1.23045
6.82481 1.15247
6.77318 -0.0221101
6.78828 0.00671157
5.71821 -0.135284
5.71603 -0.130675
5.64042 0.0459613
5.63767 0.0540565
6.24743 1.77004
6.21528 1.78043
6.51907 1.61614
6.5278 1.60836
6.86967 0.220694
6.87388 0.236284
6.43483 1.68064
6.41054 1.69846
6.61434 1.51524
6.58269 1.55301
6.9045 0.850745
6.89801 0.892031
6.37813 1.71799
6.3177 1.74536
6.92021 0.713778
6.91638 0.767849
5.59732 1.24369
5.59426 1.23345
5.54065 0.546714
5.5387 0.569289
6.30522 -0.465785
6.13771 -0.480049
5.90643 -0.38092
6.00022 -0.443045
5.84831 1.68575
5.92972 1.74293
6.68095 -0.174346
6.59725 -0.272995
5.53906 0.901865
5.55545 1.04778
5.77176 -0.221016
5.89272 -0.367141
6.76728 1.28202
6.75333 1.30978
5.57053 0.310644
5.60851 0.155037
5.55808 0.385308
5.54444 0.504001
6.92479 0.611057
6.90212 0.365687
6.83323 0.108564
6.84259 0.135875
6.09592 -0.475969
6.40007 -0.426834
6.53782 -0.331904
5.90334 -0.377955
6.13351 1.79154
6.1656 1.78712
6.09546 1.78864
5.73694 1.55997
6.73637 -0.0882875
5.5369 0.870283
5.53383 0.661315
5.72009 -0.139055
5.71546 1.52503
5.6913 1.47995
6.68158 1.42948
6.74223 1.32985
6.83568 1.12415
6.83079 0.102512
5.67661 -0.0413672
5.63563 0.0604328
5.56137 0.36335
5.5361 0.609179
6.28327 1.76109
6.89773 0.341169
6.92482 0.614547
6.92441 0.627637
6.85702 1.05827
6.63522 1.49118
6.5511 1.58551
6.91165 0.805909
5.56912 1.12709
6.88775 0.944772
5.58984 1.21527
5.62631 1.33556
5.5757 1.1532
6.86306 1.0395
