6.06081 -2.77963
6.07766 -2.76696
4.5282 -1.41149
4.56491 -1.57488
8.09237 -0.256058
8.09675 -0.241768
8.1995 0.432085
8.20059 0.468292
4.20232 1.35832
4.20029 1.3322
4.19229 0.850328
4.19191 0.829077
6.8575 3.35157
6.84509 3.36183
4.3199 -0.45675
4.33182 -0.521064
4.24058 1.91942
4.23181 1.82157
4.81519 -2.71444
4.82397 -2.75048
4.79467 -2.60771
4.79699 -2.61835
4.22557 0.198004
4.22098 0.246228
7.87304 -0.822304
7.88431 -0.799475
5.36444 -3.27103
5.33076 -3.2927
5.48817 -3.186
5.5177 -3.16606
6.43888 3.66279
6.43067 3.66776
7.87451 1.99892
7.88929 1.9659
4.33339 2.60123
4.32138 2.52727
5.25001 4.0004
5.28072 4.0058
4.75915 -2.42169
4.76498 -2.45731
7.15326 3.07392
7.19562 3.02948
8.14753 1.12052
8.14114 1.1561
4.94604 -3.31366
4.95059 -3.3259
5.30574 -3.30982
5.26495 -3.33457
7.47899 2.68525
7.50363 2.65217
7.67431 -1.17308
7.63012 -1.24055
7.67099 2.39435
7.70605 2.33242
8.02585 1.60988
8.00848 1.66225
5.00412 -3.41386
5.02202 -3.42151
4.86409 -2.9556
4.85246 -2.89263
4.88068 -3.03387
4.86887 -2.97488
4.66475 -2.01152
4.66164 -1.99646
5.6519 -3.07423
5.63637 -3.08446
4.90313 -3.13151
4.91433 -3.18313
5.18233 -3.3786
5.14629 -3.40066
5.98732 -2.83483
5.95925 -2.85479
6.65237 3.51529
6.63248 3.52956
6.21709 3.78979
6.16392 3.81591
6.0378 3.87258
6.05355 3.86633
5.77637 3.96628
5.76012 3.96976
4.24934 2.00483
4.24844 1.99588
4.40513 2.95716
4.39791 2.92495
4.44817 3.12011
4.4462 3.11262
7.12666 3.10144
7.55856 -1.34371
7.60008 -1.28497
7.05773 -1.92833
7.07915 -1.90707
6.89645 -2.08563
6.88815 -2.09352
4.75248 3.72478
4.77416 3.75065
8.20004 0.650737
8.20019 0.646629
6.65781 -2.29748
6.67756 -2.27988
6.43134 -2.48659
6.40348 -2.50999
6.22762 -2.65018
6.23532 -2.6439
4.60216 -1.73442
4.61876 -1.80459
7.98584 -0.568975
7.97698 -0.591618
7.74519 -1.05776
7.77014 -1.0151
4.46636 3.17824
4.46519 3.17496
6.15603 -2.70506
6.0868 -2.76017
6.95912 3.26218
7.03282 3.19303
4.2715 2.18821
4.28842 2.30413
4.24173 1.93227
4.24282 1.94417
7.30902 2.90329
7.31375 2.89764
7.17307 -1.80737
7.24304 -1.73146
5.99696 -2.82697
4.49372 -1.2611
4.51613 -1.35605
4.56808 -1.58921
4.64028 -1.9065
4.63934 -1.90169
4.47158 -1.16874
4.47181 -1.16974
4.43895 -1.02402
4.44327 -1.04356
4.19226 1.01937
4.19198 0.977329
4.21002 1.51612
4.20835 1.48562
4.20264 0.502048
4.20484 0.465264
5.50247 4.01211
5.46169 4.01437
5.39351 4.01439
5.44005 4.01547
4.29024 2.31402
4.29175 2.32559
4.24199 0.0360861
4.24592 0.00312681
4.28032 -0.238481
4.27974 -0.23495
5.47313 -3.19797
5.44352 -3.21736
7.95635 1.80408
7.97326 1.76003
7.78011 2.19494
7.79741 2.16115
4.35266 2.7153
4.35619 2.73399
5.03223 3.93508
5.0074 3.92409
5.13824 3.97558
5.15666 3.98015
4.77421 -2.49367
4.74924 -2.37876
8.09666 1.36311
8.07739 1.43853
4.94029 -3.30338
4.9303 -3.25059
4.955 -3.34014
4.9683 -3.36592
7.62742 2.4667
7.57978 2.54081
6.97914 -2.00739
6.98421 -2.00261
7.45967 -1.47701
7.46752 -1.46705
7.37914 -1.57694
7.38084 -1.57491
4.53892 3.37187
4.52964 3.35148
4.70604 -2.18299
4.69685 -2.14265
4.739 -2.33078
4.72853 -2.2807
5.80624 -2.96355
5.84052 -2.94048
5.7661 -2.99393
5.69356 -3.04604
4.64131 -1.91172
4.683 -2.08641
8.10042 -0.228545
8.02991 -0.451148
8.02013 -0.478034
8.18087 0.193722
8.18529 0.235388
8.15921 0.0342397
8.16447 0.0690787
4.83861 3.81341
4.82995 3.80623
6.72408 3.46005
6.74038 3.44757
6.93509 3.28351
6.94712 3.27293
5.83232 3.94937
5.85208 3.94255
5.9986 3.88924
5.93568 3.91268
5.66307 3.99159
4.27109 2.18547
6.28549 3.75311
6.27241 3.76051
6.52129 3.60821
6.49399 3.62716
4.41299 2.98758
7.25276 2.96701
7.13426 -1.84886
6.94902 -2.03613
6.81061 -2.16325
8.19479 0.739637
8.19333 0.759757
6.75322 -2.21377
6.72145 -2.24185
6.61655 -2.33221
6.51905 -2.41496
6.46704 -2.45815
6.3975 -2.51467
6.33994 -2.56104
4.62518 -1.83544
4.59568 -1.70646
4.21437 1.5878
4.21608 1.61391
4.19999 0.557223
4.19833 0.595672
4.39746 -0.834169
4.38816 -0.791145
4.42187 -0.946591
4.41562 -0.917358
4.19285 1.06263
4.19363 1.10433
5.9215 -2.88258
5.91505 -2.88769
4.5699 -1.5979
4.57767 -1.63195
8.0607 -0.35945
8.19432 0.343551
8.1976 0.391302
4.1944 0.723326
4.19328 0.745377
7.06006 3.16731
7.04617 3.18052
6.75525 3.43596
6.83207 3.37248
5.41187 -3.23866
5.40081 -3.24758
5.5262 -3.15963
5.55514 -3.14078
4.26847 2.16568
6.36643 3.70618
6.34602 3.71872
4.8254 3.80168
8.18244 0.876169
8.1839 0.863581
8.16753 0.993839
8.18123 0.888543
4.92145 -3.22818
4.46443 3.17285
4.46085 3.1614
4.70137 3.66123
4.72358 3.69217
5.69155 -3.04733
8.11807 -0.160082
4.88729 3.85197
6.54886 3.58961
6.60965 3.5458
5.61925 3.99907
4.25573 2.06558
7.33289 -1.63133
7.25606 -1.7175
8.15421 0.00542839
8.13219 -0.103472
4.19725 1.23132
4.19738 1.25575
4.22684 1.75993
4.22548 1.74147
4.42371 3.02858
4.42885 3.05015
4.74354 -2.34966
7.34551 2.85811
7.37501 2.82297
4.59027 3.48346
4.59647 3.49655
4.48674 3.23712
4.49355 3.2567
6.57799 -2.36474
6.55533 -2.3843
6.15892 3.81832
6.10825 3.84192
6.79868 -2.1741
4.19941 1.29482
4.20311 1.38607
4.19309 0.786827
4.19176 0.871493
4.33956 -0.561539
4.30551 -0.379453
5.55635 4.00735
5.5278 4.01064
4.83777 -2.82029
4.80918 -2.67918
4.79332 -2.60247
4.78117 -2.53555
4.21587 0.312352
4.2325 0.124139
4.2766 -0.21485
4.26166 -0.116573
7.92759 -0.706447
7.82853 -0.908824
5.32813 -3.29485
5.36844 -3.26769
7.91695 1.90136
7.84428 2.06477
4.33783 2.63122
4.31204 2.46303
4.43285 3.06659
5.31146 4.00867
5.20819 3.99305
8.16374 1.02071
8.12382 1.24351
5.24783 -3.3424
4.8384 -2.82422
4.83806 -2.82194
7.33599 -1.62782
4.56239 3.427
4.5615 3.42529
5.61241 -3.10176
5.56488 -3.13346
5.05527 -3.43228
4.99532 -3.39863
5.08546 -3.42524
4.86613 -2.96353
4.88974 -3.08718
4.89446 -3.1047
5.69075 -3.04783
4.89837 -3.11568
5.20544 -3.36958
5.1084 -3.41248
4.25509 2.05949
7.81203 -0.939451
7.93668 -0.68612
7.70885 -1.11795
7.61014 -1.2702
7.5202 -1.39768
4.63462 3.56521
4.65426 3.5948
4.81619 3.79216
8.20206 0.560623
8.19917 0.666308
6.27642 -2.61155
6.30599 -2.58723
6.21475 -2.66033
4.21905 1.65646
4.22198 1.69824
4.62169 3.54101
7.5095 -1.41221
6.08128 -2.76435
4.48546 -1.22582
4.48857 -1.23881
4.63704 -1.89122
4.47333 -1.17622
4.45737 -1.10666
4.45507 -1.09626
4.42936 -0.980464
4.19205 0.955994
4.19243 1.04083
4.20691 1.45535
4.21193 1.54976
4.30064 -0.351728
4.36011 -0.663887
4.20676 0.434264
4.20112 0.530476
5.44832 4.01524
5.59654 4.00194
5.35636 4.01288
4.25935 -0.100092
7.82894 2.09678
7.93233 1.86438
7.99277 1.70708
7.74881 2.25519
4.30592 2.42269
4.35776 2.74132
4.94599 3.89103
4.91362 3.86949
4.95162 3.89418
5.07147 3.95231
5.12736 3.97174
8.11259 1.29522
8.06618 1.47942
4.97112 -3.37532
7.63703 2.45116
7.5662 2.56148
7.43987 2.73923
7.38616 2.80872
7.51883 2.63029
7.7315 2.28704
7.49954 -1.42541
7.42463 -1.52128
7.41954 -1.52753
7.36185 -1.59744
4.51669 3.31712
4.56557 3.43352
4.50017 3.27572
4.68854 -2.11076
4.71316 -2.21171
4.72268 -2.25662
8.04851 1.53956
5.89697 -2.90066
8.18759 0.258507
8.17813 0.168916
5.79798 3.96005
5.88802 3.93098
6.09141 3.84931
4.3882 2.88338
4.37971 2.84586
6.78508 -2.18633
6.69564 -2.26426
6.53061 -2.40567
6.45866 -2.46489
6.33574 -2.56432
4.19757 0.620862
4.38522 -0.777982
4.4018 -0.854254
4.40963 -0.890404
4.19432 1.12698
8.20201 0.529339
4.19599 1.2077
4.1946 0.700512
6.49202 3.62843
7.94563 -0.665643
6.23284 3.78138
4.23054 1.80506
8.12981 -0.113891
4.37478 -0.728027
4.3605 -0.665784
5.90745 3.92355
7.45453 2.7196
8.03842 1.57191
5.86593 -2.92194
8.17334 0.129685
6.32809 3.72944
4.39216 2.90172
4.36982 2.79954
6.16328 3.81623
6.40536 3.68295
4.37245 2.81202
5.92865 -2.87734
