6.25909 -2.41225
6.19444 -2.45756
4.73204 -1.59138
4.75255 -1.66558
8.05153 0.185211
8.05828 0.2374
4.3401 1.35815
4.3385 1.33756
4.32813 0.940292
4.32827 0.977169
4.32898 0.850168
4.3285 0.823763
4.34397 1.43815
4.34693 1.48625
5.74238 3.76203
5.78516 3.75192
4.34446 0.414942
4.34133 0.463043
5.5681 3.7816
5.51886 3.78208
4.40505 2.06103
4.40942 2.09925
4.37875 0.0483344
4.37527 0.0763525
5.37591 3.77064
5.33394 3.76338
7.10537 2.92876
7.10805 2.92595
6.89427 -1.89589
6.85012 -1.93798
7.18357 -1.60175
7.17991 -1.60585
4.86067 -2.03239
4.85398 -2.00966
5.45386 -2.80691
5.47636 -2.80465
5.24756 -2.76426
5.27367 -2.77614
5.02431 -2.46832
5.03909 -2.50163
5.11212 -2.62683
5.12051 -2.6405
6.40794 -2.30436
6.45793 -2.26584
5.81607 -2.68468
5.76293 -2.71037
4.78243 -1.77165
4.77078 -1.7325
7.9812 -0.177528
7.98794 -0.152987
7.91732 -0.388056
7.90368 -0.426637
5.91786 -2.63017
5.84512 -2.67086
8.06514 0.317892
8.06108 0.267066
8.03128 0.0500365
8.02051 -0.0115657
8.0034 -0.0879986
8.017 -0.0279095
6.64442 3.33463
6.65954 3.32353
6.85538 3.16496
6.87496 3.14824
5.95224 3.70765
5.96754 3.70263
4.39358 1.97966
4.38786 1.93376
4.41812 2.15446
4.42763 2.21736
7.71252 -0.85433
7.68174 -0.910937
7.825 -0.621939
7.79344 -0.692408
6.19389 3.60927
6.13836 3.63365
6.41802 3.48821
6.41909 3.48755
7.10109 2.93319
7.57358 -1.09284
7.5778 -1.08629
7.46378 -1.25451
7.47264 -1.24247
6.72185 -2.05098
6.65521 -2.10846
7.11645 -1.67553
7.0414 -1.75267
8.06541 0.781975
8.06979 0.728596
6.03776 -2.55968
6.08084 -2.53288
4.68337 -1.40989
4.68814 -1.42726
4.89634 3.51464
4.87769 3.49284
8.07524 0.505849
8.07023 0.383591
4.59942 -1.08056
4.58906 -1.03872
4.35585 1.61456
4.36083 1.67731
4.3332 0.63444
4.33473 0.593452
4.59258 2.949
4.60036 2.97395
7.28563 -1.48369
7.27117 -1.50108
5.98915 -2.58979
5.97181 -2.6004
4.73342 3.28456
4.73535 3.28774
4.53343 -0.803021
4.5576 -0.909784
4.33126 1.14286
4.3302 1.10417
4.63639 -1.22721
4.62705 -1.19032
5.83077 3.74169
4.47333 -0.526639
4.4929 -0.619918
4.44659 -0.385027
4.43721 -0.334817
4.44398 2.3156
4.44652 2.33505
4.39233 -0.0562508
4.40815 -0.162255
6.30594 3.5527
6.2857 3.56282
7.73048 2.01247
7.71339 2.04809
7.81714 1.81718
7.80342 1.85036
4.52667 2.7215
4.50709 2.63993
4.54359 2.7885
4.53995 2.77518
4.46414 2.43275
4.46496 2.43777
5.25298 3.74207
5.26401 3.74587
7.99358 1.26116
7.99673 1.24687
8.0393 1.01347
8.04484 0.974266
7.45267 2.49773
7.42775 2.5335
7.32526 2.6722
7.29368 2.71186
7.37904 -1.36794
7.36587 -1.38522
6.8096 -1.97374
6.94624 -1.8473
7.13217 -1.65914
7.54794 2.35073
7.54088 2.36221
7.6274 2.21376
7.63603 2.19812
4.76999 3.34627
4.77316 3.35192
4.90425 -2.16291
4.90273 -2.15801
4.92706 -2.22652
4.91304 -2.1875
4.97387 -2.35179
4.95405 -2.30025
7.88612 1.63598
7.8796 1.65473
7.94031 1.4686
7.9389 1.47348
5.36692 -2.80385
5.30468 -2.79065
5.58797 -2.77833
5.52924 -2.79491
6.50756 -2.22694
6.53493 -2.20632
6.39379 -2.31436
5.65257 -2.75696
5.66168 -2.75432
5.61449 -2.77101
7.95468 -0.270112
7.9627 -0.243923
7.92818 -0.355911
6.63101 3.34481
6.54134 3.4082
6.68256 3.30607
6.71566 3.28035
6.77 3.23666
6.80383 3.20878
6.88709 3.13753
6.92495 3.10331
5.97548 3.69954
5.97079 3.70137
5.85559 3.73608
4.39588 1.99739
4.43977 2.29271
6.08102 3.65938
6.40501 3.49588
6.23433 3.58894
6.41708 3.48881
6.47226 3.45377
6.48058 3.44826
7.11846 2.91466
6.6311 -2.12762
6.75306 -2.02484
6.97585 -1.81743
7.13588 -1.65527
8.07144 0.693366
8.06062 0.843168
6.31284 -2.37404
6.34449 -2.35139
6.58411 -2.16622
4.66401 3.1416
4.6795 3.17477
5.09683 3.67414
5.13621 3.69567
4.99571 3.60554
5.0325 3.63387
8.06943 0.369131
8.0754 0.513107
4.36096 1.67883
4.36694 1.74287
4.54581 2.79588
4.5616 2.85051
4.52461 -0.764843
4.52967 -0.786445
4.55825 -0.912621
6.13503 -2.49698
6.09048 -2.52642
4.65945 -1.31885
4.65693 -1.30851
5.17787 -2.70636
5.22986 -2.75197
5.39827 -2.80812
8.04277 0.118137
8.04175 0.110715
4.80411 -1.84368
4.78676 -1.78557
4.55876 -0.914796
4.56256 -0.930948
4.33104 0.723166
4.32973 0.74886
5.68518 3.7714
5.68145 3.77175
4.5095 -0.697179
5.00241 -2.42235
4.99164 -2.39436
4.36088 0.214089
4.35151 0.320127
4.64607 3.09808
7.18314 2.84313
7.20721 2.81594
8.05829 0.863273
7.15359 -1.63556
4.73087 3.27984
4.69725 3.21428
5.51619 -2.79808
4.81938 -1.89815
4.81422 -1.87913
8.07426 0.616968
5.70598 -2.73663
5.72859 -2.72744
7.86868 -0.518461
7.86385 -0.530604
4.95276 3.56902
4.92389 3.54237
6.97331 3.05793
7.02556 3.00825
4.82414 3.427
8.07525 0.541012
5.07812 -2.57517
5.10012 -2.60799
4.3346 1.23116
4.33472 1.25395
4.39846 2.01746
4.75676 -1.68186
4.71977 -1.54619
8.05966 0.252049
8.04397 0.12669
4.33778 1.29466
4.34065 1.37751
4.3285 1.00358
4.32822 0.913669
4.3301 0.786667
4.32831 0.876686
4.34768 1.49858
4.34316 1.4221
4.46603 -0.489943
4.46336 -0.476326
4.34023 0.482802
4.34557 0.397823
5.48295 3.78166
5.62748 3.77779
4.39054 -0.0436142
4.37486 0.0799871
7.77201 -0.737487
7.73922 -0.803595
7.77561 1.91465
7.75951 1.95071
4.49336 2.57585
4.48521 2.53936
4.62205 3.0361
4.63404 3.06817
8.01835 1.13921
8.02391 1.1086
7.38971 2.58723
7.36319 2.6228
7.52354 -1.16816
7.50313 -1.19824
7.22594 -1.55374
5.42851 -2.80838
5.83378 -2.6762
5.61724 -2.77039
4.70725 -1.50096
8.01908 -0.0183275
7.9941 -0.129011
7.64649 -0.972479
7.84431 -0.577278
7.62138 -1.01488
7.56443 -1.10706
7.43234 -1.29778
6.08638 -2.5292
6.00305 -2.58097
4.66848 -1.35454
5.04323 3.64072
5.08294 3.66671
5.41736 3.7768
4.58575 -1.02539
4.60474 -1.10176
4.35551 1.60969
4.36095 1.67871
4.33572 0.57086
4.33244 0.65864
4.61908 3.02704
4.58012 2.91169
7.23554 -1.54258
7.31547 -1.4478
4.32968 1.07845
4.33204 1.16766
4.61323 -1.13564
5.16761 -2.69825
5.15609 -2.68485
4.32891 1.04067
4.35117 1.5504
4.4275 -0.27991
4.34939 0.346656
4.33766 0.528253
4.41309 -0.194514
4.36246 0.197715
7.6821 2.11059
7.84521 1.74716
7.85554 1.71999
7.66543 2.14299
4.53079 2.73937
4.46745 2.45118
4.54444 2.79134
5.15818 3.7053
5.19721 3.72264
5.28265 3.75062
7.25974 2.75393
7.22951 2.79021
7.97669 1.33138
8.05627 0.883805
7.96498 1.37933
7.48849 2.44402
7.3337 -1.4251
7.41995 -1.31467
7.50627 2.41659
7.57984 2.29778
7.59013 2.28025
7.58842 2.28325
4.80973 3.40635
4.8163 3.4165
4.74768 3.30869
4.83594 -1.95173
4.92861 -2.23039
4.94984 -2.29017
4.98208 -2.37033
7.91023 1.56508
7.91446 1.55217
7.95121 1.42976
7.9634 1.38528
5.69015 -2.74234
6.734 3.26634
6.93778 3.09183
4.38155 1.88217
4.37889 1.85936
6.52737 3.41811
6.28106 -2.39731
6.37935 -2.32532
4.98472 3.5974
4.57362 -0.975673
4.36753 1.74866
4.33125 0.698353
4.5685 2.87246
4.33334 1.20757
6.17557 -2.46997
5.06433 -2.54899
5.04816 -2.51817
5.6949 3.77013
7.87325 -0.507338
5.40667 3.77576
5.04314 -2.50909
5.1394 -2.66452
6.83623 3.18178
4.38594 1.91969
8.07468 0.603707
6.18369 -2.46472
4.88155 -2.091
4.3735 1.80653
4.37436 1.8153
6.95602 3.07443
6.75162 3.25181
7.88981 -0.464292
6.53387 3.4135
