6.36204 -0.714669
6.33706 -0.722849
6.21668 2.04412
6.31115 2.01179
6.00769 2.05883
5.97873 2.05168
7.05546 0.939788
7.06601 0.882663
5.49241 1.54431
5.47243 1.48626
5.57866 1.72941
5.61582 1.79134
5.54715 -0.232483
5.58291 -0.314518
5.47727 -0.0370858
5.4523 0.0473253
6.14573 -0.762012
6.21732 -0.754589
5.87865 2.02106
5.80611 1.98316
6.85629 -0.247054
6.80954 -0.318836
6.59479 -0.564802
6.66396 -0.497279
6.52975 -0.61505
6.48778 -0.646095
5.38934 1.1162
5.3993 1.18288
5.36783 0.8857
5.36887 0.904747
7.07123 0.845345
7.07868 0.775684
5.4283 1.33608
5.4326 1.35339
5.693 1.88754
5.6609 1.84883
6.71191 1.69738
6.68213 1.7319
6.80848 1.5646
6.77348 1.61585
6.89786 1.40985
6.8939 1.41819
5.76478 -0.587852
5.75971 -0.58212
5.94712 -0.721392
5.93833 -0.716709
6.88004 -0.20599
6.92236 -0.12311
6.99041 0.0418301
7.00583 0.0865973
5.5934 -0.336897
5.63888 -0.415462
5.44111 0.0906409
5.42459 0.168082
5.36636 0.642819
5.3667 0.633992
5.38723 0.394493
5.39217 0.35723
6.47457 1.91918
6.42776 1.95198
7.06324 0.324803
7.05709 0.290212
7.08606 0.598913
7.08469 0.540516
7.02159 1.08851
7.02749 1.06455
6.98458 1.20205
6.97365 1.23423
7.03762 1.0263
6.57745 1.83898
6.61146 1.80679
6.92801 1.34464
6.94631 1.30341
7.0028 1.14948
7.04374 0.998207
7.04082 1.01186
6.52488 1.8814
6.62446 1.79361
6.25172 -0.749815
6.36892 -0.711328
6.1747 2.05128
6.32359 2.00738
6.02602 2.05986
5.90589 2.03324
6.71952 -0.43789
6.74093 -0.412099
5.37633 1.00234
5.38032 1.04166
5.45778 1.44186
5.5262 1.62992
5.63072 1.81178
5.53836 1.65475
6.6516 1.76513
5.85509 -0.667168
5.83925 -0.654266
6.94189 -0.0801178
6.96705 -0.0211135
5.5137 -0.152047
5.58843 -0.326574
5.50429 -0.124607
5.4479 0.0637774
5.37578 0.497868
5.3748 0.508013
7.07976 0.456769
7.0758 0.416807
6.4773 -0.653253
6.07655 -0.756237
6.0438 -0.752638
5.97192 -0.729609
5.69437 -0.501061
5.74572 -0.565017
6.42161 1.95523
6.37354 1.98326
6.11139 2.06118
5.7741 1.9595
5.70867 1.90446
6.76485 -0.380565
6.87246 -0.220048
6.58079 -0.576446
5.40672 1.22736
5.36413 0.771659
5.36409 0.766117
5.42679 1.32895
5.67823 -0.479944
7.06752 0.872192
7.08061 0.752752
5.53239 1.64331
6.74796 1.65135
6.86377 1.47625
6.86534 1.47358
6.86893 1.46702
6.92081 1.36102
7.02729 0.16035
5.50841 -0.136943
5.41643 0.208377
5.50687 -0.132519
5.405 0.2745
5.37413 0.51714
6.48785 1.91092
7.03793 0.201582
7.08514 0.661736
6.96043 1.26979
