7.54696 0.0352597
7.5534 0.06235
7.52016 1.25438
7.51289 1.28307
5.37853 -1.39866
5.4047 -1.43576
5.67237 -1.66167
5.70631 -1.67537
5.06549 -0.733035
5.06505 -0.731625
5.13355 -0.922666
5.14939 -0.964434
6.56396 2.68739
6.56228 2.68864
4.82437 0.780936
4.82231 0.839291
5.13807 2.4738
5.15198 2.49941
7.16857 -0.819741
7.13096 -0.875363
6.15397 2.89986
6.16483 2.89572
5.90662 2.9499
5.94378 2.94694
7.02734 2.24397
7.02647 2.24512
6.36903 2.80552
6.34144 2.82071
7.56642 0.127063
7.58017 0.20762
7.52485 -0.0529727
7.50994 -0.108667
7.44125 -0.307574
7.45996 -0.258323
7.35548 -0.500148
7.34186 -0.528537
7.38594 1.64024
7.36919 1.67797
7.45379 1.46677
7.43838 1.50886
5.5343 2.88412
5.60837 2.91432
5.33807 2.74582
5.38851 2.79021
5.32761 -1.32535
5.29844 -1.27526
4.82933 1.11483
4.83501 1.21494
4.85065 1.3911
4.85727 1.45232
4.88885 1.67785
4.88977 1.68373
5.85873 -1.7092
5.7718 -1.69535
4.99592 -0.496031
5.01078 -0.549331
5.5076 -1.54993
5.53485 -1.57248
5.20985 -1.10289
5.18836 -1.05443
4.935 1.90445
4.9531 1.97729
4.87443 0.102614
4.86668 0.159456
4.84168 0.389749
4.83982 0.40777
4.8242 0.707611
4.82583 0.650611
4.82244 0.853005
4.82368 0.968964
5.24157 2.6372
5.23887 2.63319
6.24329 -1.63282
6.26836 -1.62061
6.04905 -1.69555
6.04501 -1.69604
4.99017 2.10963
4.97969 2.07575
6.85562 -1.19926
6.85738 -1.19753
7.00422 -1.03732
6.99482 -1.04845
5.73652 2.94581
5.72168 2.94251
6.63879 -1.39143
6.68659 -1.35199
6.44 -1.53031
6.48526 -1.50079
7.60394 0.427119
7.60014 0.370905
7.60902 0.610768
7.60925 0.582808
6.6474 2.62503
6.64634 2.62584
7.59033 0.891461
7.58492 0.937416
4.95502 -0.329893
4.9759 -0.419542
4.91065 -0.122322
4.91093 -0.123783
7.08293 -0.937312
7.12506 -0.883547
7.21333 -0.752665
7.23865 -0.712814
7.26331 1.88973
7.25644 1.90233
7.56852 1.03604
7.56081 1.08228
6.73548 2.55105
6.7635 2.52566
6.91117 2.37982
6.90609 2.38527
7.1635 2.05412
7.12773 2.10717
7.49992 -0.13986
7.48873 -0.17514
7.4125 -0.378212
7.41269 -0.377749
7.37809 -0.454191
7.31684 -0.577274
7.32506 -0.561462
7.42103 1.55486
7.4688 1.42415
4.82796 1.09387
4.83775 1.25157
4.82395 0.715792
4.824 0.983997
7.55058 1.12675
7.56017 1.08557
7.60159 0.78339
7.59904 0.813467
4.94144 -0.270333
4.97905 -0.43266
7.4055 1.59348
7.48518 1.37706
7.48221 1.38591
4.82719 1.04008
5.71799 -1.67976
5.75763 -1.69196
5.02088 2.20511
5.05562 2.29718
7.21596 1.97246
7.22023 1.96557
6.42203 2.77738
6.44907 2.76116
4.84145 1.29613
4.8237 0.723645
4.98586 -0.459659
4.83486 0.469938
4.8324 0.506803
7.55963 0.0930316
7.5407 0.00683823
5.43549 2.82636
5.48766 2.85903
5.42363 -1.46047
5.3486 -1.35703
4.84484 1.33438
4.9321 -0.22651
4.93592 -0.244638
5.06621 -0.735302
5.03528 -0.633678
5.17029 -1.01356
5.12258 -0.893005
4.91094 1.79517
4.91763 1.82579
6.51949 2.71679
6.56557 2.68621
6.83667 2.45668
6.88798 2.40409
5.18732 2.55707
5.12509 2.44753
6.16216 -1.66335
6.14551 -1.66999
7.12676 -0.881136
7.18306 -0.798913
6.92765 -1.12318
6.98991 -1.05421
6.13445 2.90566
6.26013 2.85891
5.98314 2.94023
5.83978 2.95244
6.53886 -1.46561
6.58928 -1.42844
7.02446 2.24764
7.07805 2.17676
7.60769 0.519397
7.60647 0.475743
6.31341 2.8337
6.39575 2.79182
7.58678 0.252308
7.3486 1.72299
5.63425 2.92307
5.30507 2.71154
7.59653 0.333466
5.46888 -1.51033
5.27241 -1.22722
4.86751 1.53308
4.87223 1.56878
4.87002 1.55279
4.89327 1.70356
5.90604 -1.70871
5.76421 -1.69402
5.58344 -1.61081
5.62343 -1.6344
5.01774 -0.573736
4.99379 -0.488319
5.09969 -0.830186
5.25233 -1.19061
5.23486 -1.15726
4.96167 2.01205
4.88728 0.0162902
4.85867 0.223565
5.24348 2.63976
5.09494 2.38668
5.06353 2.31648
6.34218 -1.58585
5.95396 -1.70894
6.06386 -1.69178
4.99691 2.12989
6.85296 -1.2018
7.0394 -0.994246
6.28337 2.84848
6.04855 2.92877
5.74131 2.94636
6.73987 -1.30715
6.37318 -1.56824
6.77816 -1.27204
7.29096 -0.625554
7.2877 -0.631214
7.60793 0.692449
6.6054 2.65603
6.64856 2.62417
4.90992 -0.118388
6.47661 2.74489
7.06194 -0.965061
4.89254 -0.0166343
7.53788 1.1859
7.54451 1.15699
7.5057 1.30812
7.56041 1.0842
7.57317 1.01175
6.82297 2.47034
6.68655 2.5922
6.97123 2.31111
7.09868 2.14804
7.17539 2.03629
7.60549 0.732396
7.60763 0.701119
7.47402 -0.219347
7.43408 -0.326264
7.41247 -0.378289
7.29227 -0.623248
4.84529 0.345895
4.8497 0.300403
4.83724 0.43857
4.82759 0.595812
4.82855 0.574426
7.59413 0.861089
7.58403 0.943783
7.29191 1.83707
7.31933 1.78419
7.22234 1.96203
4.8545 0.259239
5.02079 2.20486
7.33604 1.74967
7.52628 1.23192
5.65114 -1.65079
4.85139 0.28439
4.84311 0.369706
4.826 0.64125
7.32465 1.77373
7.27301 1.87244
7.38993 -0.429241
7.38543 -0.438927
4.83173 0.520213
4.83084 0.532651
