6.35967 -0.727225
6.29201 -0.749389
6.32003 2.02069
6.21567 2.05639
7.06194 0.944875
7.07511 0.873605
5.48475 1.54926
5.46078 1.47961
5.5703 1.73481
5.61443 1.80836
5.5394 -0.236888
5.56921 -0.305268
5.47 -0.041216
5.44169 0.0544858
6.14338 -0.77448
6.23202 -0.76529
6.37924 1.99195
6.4314 1.96188
5.86521 2.02821
5.80499 1.99674
6.00664 2.0716
6.00915 2.07166
6.85215 -0.269049
6.81579 -0.324881
6.59183 -0.580476
6.67054 -0.503649
6.57463 -0.593767
6.49476 -0.652852
5.38197 1.12075
5.3905 1.17786
5.36009 0.890482
5.36061 0.900029
7.07567 0.869586
7.08569 0.775943
5.42125 1.34063
5.43143 1.38171
5.68381 1.89347
5.63534 1.83503
6.70697 1.71681
6.68802 1.73877
6.81405 1.5711
6.78614 1.61197
6.90752 1.40688
6.90112 1.4204
5.76379 -0.602333
5.75012 -0.586882
5.94622 -0.734406
5.92522 -0.723215
6.89038 -0.202948
6.92824 -0.128799
6.99964 0.0445462
7.01205 0.080576
5.59145 -0.352745
5.63051 -0.420217
5.43829 0.067651
5.4177 0.164166
5.35862 0.63842
5.35859 0.638996
5.37987 0.390313
5.38355 0.362551
6.48377 1.92523
6.43306 1.96076
7.06993 0.318136
7.06541 0.29266
7.09338 0.591623
7.09224 0.542737
7.02731 1.09519
7.03479 1.06482
6.99418 1.19682
6.98138 1.23452
7.04744 1.01705
6.57346 1.85466
6.61709 1.81336
6.9375 1.34174
6.95352 1.30562
7.01049 1.14976
6.5334 1.887
6.63377 1.79646
6.37668 1.99347
6.32278 2.01968
6.24926 -0.762898
6.37833 -0.718174
6.18933 2.06088
6.32257 2.01978
6.00466 2.07121
5.90485 2.04593
6.71636 -0.454673
6.7469 -0.41788
5.36878 1.007
5.3718 1.0368
5.44999 1.44689
5.52311 1.64644
5.62134 1.81784
5.52519 1.65123
6.6686 1.75992
6.86191 1.49463
6.87062 1.47975
5.85414 -0.680912
5.82817 -0.659761
6.95166 -0.0772428
6.97309 -0.0269674
5.51152 -0.16984
5.58092 -0.330845
5.49349 -0.117323
5.44035 0.0594862
5.36738 0.503051
5.36689 0.5082
7.08676 0.449797
7.08372 0.41914
6.47481 -0.666475
6.05772 -0.76733
6.04137 -0.765533
6.0055 -0.754039
5.68496 -0.5066
5.71241 -0.540775
6.43156 1.96176
6.37802 1.99274
6.1104 2.07323
5.76276 1.96553
5.70748 1.91902
6.78102 -0.372895
6.87817 -0.225578
6.58813 -0.583556
5.35652 0.770794
5.35735 0.806091
5.3995 1.23182
5.41765 1.32374
5.67634 -0.495316
7.07527 0.872478
7.08828 0.745116
5.52404 1.64871
6.75333 1.65762
6.87419 1.47306
6.92804 1.36323
7.03601 0.162916
5.50139 -0.140934
5.40753 0.214385
5.49844 -0.132467
5.39784 0.270431
5.3565 0.769055
5.35907 0.630465
5.35652 0.767318
5.36655 0.512833
6.49134 1.92052
7.04434 0.195202
7.09232 0.663851
7.0476 1.01637
6.96589 1.27617
