7.09139 -0.594732
7.0926 -0.592887
7.4312 0.649706
7.43316 0.594911
7.39212 1.02953
7.39463 1.01698
5.42486 -0.98416
5.40372 -0.947334
5.02632 1.24299
5.03734 1.33902
6.27859 -1.32199
6.2563 -1.32913
5.18578 1.98325
5.19049 1.99601
6.66645 -1.08396
6.69389 -1.06122
7.17852 1.65951
7.18883 1.63923
7.23987 -0.315408
7.20234 -0.394183
5.04757 0.201492
5.03252 0.318263
6.47478 -1.22399
6.47566 -1.22342
6.38865 2.52343
6.38657 2.52447
6.1733 2.61317
6.13249 2.62272
7.2563 1.48888
7.25086 1.50195
5.25381 -0.629046
5.24331 -0.600025
5.18538 -0.432242
5.18606 -0.434386
5.33247 -0.81282
5.35416 -0.858568
5.53935 -1.1433
5.53256 -1.13583
5.0735 1.56531
5.0648 1.51606
5.12302 1.78298
5.13318 1.81759
5.01477 1.09375
5.02017 1.17085
5.49501 2.47818
5.55627 2.52855
5.36395 2.33206
5.3669 2.33627
6.08577 -1.37217
6.00294 -1.37702
5.89915 -1.36773
5.97505 -1.37641
5.26429 2.16452
5.25316 2.14034
6.82414 -0.937213
6.82245 -0.939073
5.71598 -1.2969
5.69623 -1.28336
7.29816 -0.173816
7.29223 -0.190695
7.33267 -0.0727617
7.36259 0.0317023
7.41056 0.265682
7.39212 0.160069
5.09048 -0.0505881
5.09367 -0.0667192
5.00584 0.856801
5.0067 0.907632
5.00839 0.659456
5.00689 0.712171
5.02534 0.387954
5.01996 0.451254
5.95955 2.64966
5.96191 2.64965
5.68505 2.59967
5.7561 2.62482
7.41201 0.274389
7.42592 0.398776
6.95892 -0.78228
6.9563 -0.785585
7.37347 1.12022
7.37346 1.12028
5.15778 -0.333961
5.14356 -0.28079
7.40739 0.933178
7.40357 0.962246
6.75802 2.24676
6.71087 2.2906
6.58384 2.39759
6.56603 2.41026
7.00228 1.95546
6.96745 2.00375
5.18649 -0.435719
5.18622 -0.43489
5.00766 0.959368
5.00826 0.985825
5.00555 0.828078
7.34824 1.21719
7.35393 1.19582
6.88029 2.11458
6.86011 2.13777
7.32042 1.31104
7.30687 1.35144
5.13128 -0.232558
5.13618 -0.25189
6.82313 2.17836
6.80143 2.20154
7.06172 1.86825
7.06487 1.86333
6.33446 2.55071
6.33152 2.55204
7.42282 0.810241
7.42789 0.753119
5.02569 0.384199
5.02859 0.354647
5.00934 0.635095
5.0116 0.581756
5.10662 -0.132965
5.12088 -0.190939
7.14571 1.72222
7.12977 1.75197
5.07579 0.0286619
5.06993 0.0598937
5.00562 0.777354
6.28045 2.57535
6.2687 2.57956
7.02712 -0.689187
7.09411 -0.590419
7.43246 0.567147
7.43042 0.691729
7.40014 0.98137
7.39102 1.03595
5.10606 -0.13045
5.37649 -0.899695
5.44228 -1.01296
5.6098 -1.21557
5.5615 -1.16598
5.09587 1.67569
5.10312 1.70649
6.67054 2.32734
6.64273 2.35015
5.42535 2.40771
5.46058 2.44648
6.18146 -1.35341
6.36123 -1.28522
5.80844 -1.3426
5.81444 -1.34422
5.22334 2.07498
5.18281 1.97443
6.60209 -1.13526
6.74633 -1.01266
7.211 1.59359
7.15979 1.69575
7.24934 -0.29443
7.17829 -0.4412
7.36588 0.044682
7.39019 0.150234
5.00641 0.725934
5.05122 0.176199
5.032 0.322741
5.80706 2.63632
5.85854 2.64483
6.57386 -1.15731
6.46964 -1.22689
6.93132 2.05127
6.91546 2.07184
6.0671 2.63796
5.96497 2.64932
6.96097 -0.779577
7.15176 -0.490472
7.22041 1.57333
7.2843 1.41735
5.65476 2.58666
5.576 2.54153
7.42919 0.731687
5.26843 -0.667618
5.21923 -0.532102
5.29239 -0.723778
5.31333 -0.770605
5.47937 -1.06524
5.62483 -1.22992
5.05407 1.45303
5.09336 1.66361
5.15409 1.88773
5.04226 1.37194
5.36008 2.32599
5.99157 -1.37778
6.13891 -1.3616
6.37712 -1.27817
5.80494 -1.34103
5.27677 2.18923
5.31174 2.24986
6.82095 -0.940663
6.89175 -0.861323
6.581 -1.15186
7.11951 1.77033
7.06571 1.86196
7.16343 -0.469497
7.26935 -0.247906
7.29151 -0.192541
7.32987 -0.0818822
7.41189 0.273555
5.10583 -0.12937
5.0816 -0.0034115
5.00881 0.646974
5.01213 0.571635
5.01952 0.456805
5.02551 0.38597
5.06625 0.0820168
7.42673 0.408141
7.36191 1.16271
7.37348 1.12018
7.43183 0.497943
7.33206 1.27273
7.3816 1.07761
7.41475 0.887465
6.77312 2.23142
6.4978 2.45877
7.01743 1.93436
7.41561 0.880715
7.29017 1.40208
5.20691 -0.496036
5.02409 1.22275
6.48764 2.46493
6.44003 2.49408
6.49256 2.46201
