5.97355 2.4921
5.86991 2.48378
6.18448 2.4621
6.23268 2.44526
7.00144 -0.547091
7.01843 -0.521082
7.24384 1.24419
7.2491 1.22779
7.3294 0.820501
7.32618 0.854379
5.16886 1.5037
5.18653 1.58555
5.48603 2.25325
5.51206 2.28013
7.28935 0.129821
7.28426 0.107538
5.17584 0.0286494
5.16983 0.0592729
5.10258 0.731814
5.10295 0.7099
5.13739 0.252533
5.13725 0.253593
6.78204 2.06627
6.73999 2.10994
5.86975 2.48376
5.76751 2.45595
6.39983 2.37257
6.43159 2.35356
6.73987 -0.865146
6.72679 -0.877499
6.90164 -0.684708
6.88263 -0.708991
5.11606 1.13838
5.11699 1.15211
7.31263 0.95136
7.30811 0.977978
5.28162 -0.381613
5.27858 -0.371919
5.37083 -0.614625
5.35375 -0.573856
5.43971 -0.753606
5.42105 -0.717079
5.54325 -0.918784
5.54713 -0.924251
5.22099 1.71968
5.20926 1.67832
5.13128 1.27832
5.13331 1.29267
6.29692 -1.16054
6.35181 -1.13636
6.1045 -1.20722
6.12044 -1.20444
5.28904 1.91654
5.28312 1.90068
5.37462 2.09324
5.38526 2.11182
5.63664 2.38793
5.57088 2.33897
6.55711 -1.01731
6.49834 -1.0584
6.99715 1.78488
7.0076 1.76787
7.10402 1.59484
7.14937 1.50058
5.72912 -1.10608
5.68157 -1.0674
5.91462 -1.1935
5.89204 -1.18617
7.11403 -0.352448
7.12898 -0.323155
7.22122 -0.105564
7.21693 -0.117788
5.20936 -0.128877
5.20983 -0.130674
5.11273 0.498706
5.11048 0.531158
7.32855 0.357477
7.33001 0.370546
6.67184 2.17603
6.66363 2.18326
6.81439 2.03039
6.8274 2.01502
7.34142 0.608459
7.34161 0.591537
7.29839 1.02608
7.29513 1.04427
6.5525 2.27331
6.59329 2.24296
7.32256 0.881592
7.32069 0.897223
7.30616 0.989687
5.26166 -0.316829
5.10383 0.926817
5.10341 0.905345
6.59429 2.24218
6.59541 2.24135
7.27887 1.11674
7.28187 1.10509
6.89809 1.92728
6.90566 1.91747
7.33419 0.766124
7.33615 0.742244
6.5092 2.30476
6.46032 2.33524
5.19182 -0.0505589
5.19536 -0.0673511
5.1018 0.817726
5.10217 0.862582
5.10813 1.01666
5.29863 -0.43024
5.30182 -0.439076
5.25126 -0.282345
5.24373 -0.255784
6.06484 2.48657
5.86981 2.48377
6.08714 2.48349
6.29162 2.42456
7.03114 -0.500299
6.95251 -0.61695
7.34072 0.495171
7.34083 0.499412
5.31634 -0.478478
5.33996 -0.539296
5.48922 -0.837442
5.45781 -0.787254
5.1927 1.61313
5.15625 1.43702
6.19994 -1.19066
6.24349 -1.17716
5.32976 2.00622
5.3636 2.07205
5.55523 2.32453
5.47667 2.24249
6.64437 -0.950511
6.61681 -0.973642
7.08469 1.63233
7.06612 1.6671
5.82118 -1.15985
5.77355 -1.13336
7.18505 -0.20008
7.17581 -0.223237
7.30963 0.228237
7.25923 0.0132892
5.16058 0.107365
5.18259 -0.00403905
5.10392 0.665729
5.10234 0.775066
5.1382 0.246948
5.12335 0.374647
5.74217 2.44507
6.0784 2.48539
5.66734 2.40815
6.86642 -0.728593
6.80651 -0.794991
6.69575 -0.905341
7.0782 -0.419253
7.15239 1.49391
7.18568 1.41371
5.39569 -0.666736
5.53734 -0.909919
5.60701 -0.994757
5.63863 -1.0295
5.14826 1.39218
5.2276 1.74024
5.25466 1.82276
5.12339 1.21367
6.39543 -1.11691
6.07256 -1.20819
5.29746 1.9371
5.42732 2.17519
6.46222 -1.07946
6.97724 1.81545
6.93762 1.87278
7.05218 1.69173
6.00936 -1.20839
5.94977 -1.19892
7.1741 -0.227101
7.25319 -0.00763821
7.31233 0.244252
5.15613 0.13309
5.10457 0.644709
5.12144 0.393875
5.10549 0.624684
5.12238 0.383679
7.34067 0.493825
6.633 2.20906
6.68242 2.16701
7.34072 0.494585
7.3385 0.688341
7.2197 1.3198
7.2134 1.33737
7.27544 1.13219
7.26197 1.18093
7.28831 1.07417
5.22304 -0.181544
5.23169 -0.21431
6.70835 2.14148
6.91189 1.90913
6.86528 1.96934
7.33711 0.728126
5.10177 0.797572
5.10248 0.883154
6.32258 2.41063
5.28659 -0.397022
6.92787 1.88643
5.11767 1.16229
7.23967 1.25807
6.35479 2.39464
6.37804 2.3838
7.18772 1.40881
5.20996 -0.131224
5.19778 -0.0783471
6.83427 2.00698
5.23669 -0.232373
