6.47903 1.06239
6.50116 1.02872
6.31042 0.0707647
6.28554 0.0601351
5.96495 0.244471
5.949 0.276862
6.57468 0.824967
6.59531 0.740546
6.49441 0.240467
6.54595 0.333674
6.39137 1.17247
6.34661 1.20143
5.93648 1.05343
5.89817 0.964691
6.09508 1.23039
6.13448 1.25059
5.88937 0.92984
5.89183 0.942374
5.86349 0.608879
5.86124 0.664203
6.10435 0.092138
6.075 0.10781
5.89075 0.435214
5.89616 0.413549
6.52862 0.977906
6.43502 1.12142
5.99435 1.15129
6.0125 1.17515
5.86868 0.798814
5.86315 0.746768
6.59687 0.72235
6.55713 0.901724
6.45734 0.181836
6.46458 0.190549
6.5508 0.343717
6.54921 0.925718
6.26082 1.24884
5.97486 1.12004
6.20458 1.2509
5.87088 0.835783
6.58818 0.486881
6.59925 0.584283
6.59997 0.658383
5.87379 0.52467
5.88002 0.485309
6.60003 0.598452
6.55201 0.34703
6.55384 0.352064
6.40148 0.12315
6.24651 0.0586575
5.92387 0.337495
5.98009 0.215992
6.02482 0.162514
6.17714 0.0584644
6.42148 0.142655
5.88805 0.446836
6.58074 0.450787
5.8934 0.949103
5.86138 0.716763
5.86451 0.592216
5.87064 0.539188
