7.55183 0.0362316
7.55931 0.0676935
7.52475 1.25455
7.51647 1.28725
5.36215 -1.38847
5.39795 -1.43923
5.67088 -1.6712
5.69964 -1.68281
5.06083 -0.735608
5.05814 -0.726964
5.12859 -0.925403
5.14847 -0.977809
6.56896 2.69061
6.56174 2.69602
6.91055 2.38832
6.91065 2.38821
4.81962 0.781013
4.81746 0.84227
5.13243 2.47733
5.15109 2.51171
7.17065 -0.825146
7.12938 -0.886185
6.15353 2.90706
6.17255 2.89981
5.89562 2.95831
5.94332 2.9545
7.03527 2.24154
7.03054 2.24774
6.37574 2.80906
6.34455 2.82623
7.57049 0.123253
7.58506 0.208595
7.53119 -0.0472452
7.51377 -0.112261
7.44883 -0.300726
7.46534 -0.257249
7.36124 -0.498999
7.34545 -0.531901
7.38931 1.64417
7.37422 1.67816
7.45723 1.47078
7.44322 1.50904
5.53374 2.89317
5.5994 2.91995
5.33744 2.75622
5.38125 2.79477
5.32785 -1.33909
5.29247 -1.27833
4.82418 1.11163
4.83019 1.21774
4.84527 1.38776
4.85254 1.45507
4.88321 1.67435
4.8851 1.68645
5.77128 -1.70449
5.85732 -1.7182
4.98915 -0.491462
5.00523 -0.54913
5.50602 -1.56003
5.52635 -1.57685
5.2045 -1.10584
5.17917 -1.04872
4.93009 1.90763
4.94645 1.97349
4.86995 0.100016
4.8614 0.162698
4.83679 0.389829
4.83522 0.405104
4.81924 0.710661
4.82095 0.65069
4.81753 0.85016
4.81884 0.97194
5.23546 2.64104
5.2252 2.62581
6.24237 -1.64087
6.27378 -1.62558
4.98496 2.113
4.97838 2.09172
7.01506 -1.03218
6.99685 -1.05372
5.73602 2.95406
5.74451 2.95459
6.63787 -1.39947
6.69167 -1.35508
6.4391 -1.53824
6.49109 -1.50435
7.60866 0.428889
7.60455 0.368134
7.61348 0.61244
7.61374 0.579983
7.59493 0.89163
7.58943 0.938413
4.95048 -0.332398
4.96982 -0.415441
7.08508 -0.942874
7.12787 -0.888261
7.22165 -0.748718
7.24284 -0.715369
6.86016 -1.20203
6.85505 -1.20724
7.26721 1.89226
7.25857 1.90813
4.90622 -0.124815
4.90538 -0.120296
7.41798 -0.377188
7.40551 -0.405832
7.57317 1.03621
7.56642 1.07669
6.73491 2.55873
6.76812 2.52864
7.17096 2.05183
7.13185 2.10983
7.50526 -0.138796
7.49574 -0.168808
7.38744 -0.445735
7.32041 -0.580611
7.33097 -0.560282
7.42444 1.55884
7.47359 1.42432
4.8232 1.09665
4.83248 1.2483
4.81908 0.715871
4.81903 0.981116
6.65224 2.62815
6.65585 2.62523
7.55523 1.12692
7.56385 1.08988
7.60595 0.786809
7.60411 0.808413
7.58867 0.943474
7.58909 0.940691
4.93541 -0.266258
4.97455 -0.435142
7.41043 1.59366
7.4887 1.38117
7.48821 1.38264
4.82239 1.04009
5.71652 -1.68915
5.75934 -1.70234
5.01971 2.21947
5.05029 2.30053
7.20882 1.99291
7.22229 1.97117
6.05918 -1.70099
6.04808 -1.70407
6.42148 2.78477
6.45204 2.76645
4.83645 1.29611
4.81892 0.720873
4.98479 -0.47569
4.83021 0.467247
4.82737 0.509891
7.56466 0.0940353
7.54456 0.00322378
5.4349 2.83606
5.47963 2.86407
5.42385 -1.47303
5.34199 -1.36043
4.84009 1.33715
4.92748 -0.229063
4.93072 -0.24445
5.06526 -0.749496
5.03058 -0.636274
5.16494 -1.01651
5.11483 -0.888186
4.90601 1.79835
4.9112 1.82212
6.52487 2.72026
6.5759 2.68555
6.91093 2.38789
6.84108 2.45952
5.18123 2.56089
5.11501 2.44209
6.16811 -1.66881
6.14458 -1.6782
7.12893 -0.886784
7.18716 -0.801414
6.93221 -1.12596
6.98735 -1.06488
6.11932 2.91722
6.25969 2.86615
5.99384 2.94589
5.83929 2.96045
6.53795 -1.47358
6.5947 -1.43174
7.01966 2.26136
7.08215 2.1794
7.6123 0.521125
7.61095 0.472928
6.32042 2.83741
6.3988 2.79724
7.59095 0.248409
7.35193 1.72688
5.63373 2.93156
5.29843 2.7157
7.60138 0.335286
5.46125 -1.51425
5.26089 -1.22006
4.86201 1.52966
4.86754 1.57151
4.86495 1.55277
4.89229 1.72725
5.91572 -1.71759
5.76276 -1.70329
5.58189 -1.62068
5.61081 -1.63774
5.01093 -0.569144
4.98822 -0.488118
5.0947 -0.83294
5.24651 -1.19382
5.23399 -1.16993
4.95675 2.01523
4.88192 0.0195813
4.85413 0.220931
5.24269 2.65073
5.08931 2.39022
5.06253 2.33038
6.34128 -1.59379
5.95296 -1.71777
6.03488 -1.70617
4.98919 2.12572
6.86668 -1.19529
7.04153 -0.999769
6.28619 2.85426
6.04808 2.93639
5.73207 2.95342
6.73894 -1.3153
6.37949 -1.57209
6.78294 -1.27495
7.29414 -0.629297
7.28389 -0.647082
7.61245 0.68961
6.6105 2.65932
6.64801 2.63167
4.90863 -0.13759
6.47607 2.75226
7.06628 -0.967711
4.88811 -0.0191429
7.54151 1.19014
7.54977 1.15413
7.51137 1.30503
7.56485 1.08436
7.57724 1.01495
6.82239 2.47814
6.69139 2.59532
6.97558 2.31392
7.10637 2.14569
7.17954 2.03897
7.60875 0.750182
7.61199 0.702755
7.47775 -0.222843
7.43772 -0.329672
7.29826 -0.622054
4.84071 0.343244
4.84456 0.303559
4.83216 0.441693
4.82285 0.593068
4.82355 0.577493
7.59834 0.864395
7.2941 1.84304
7.32562 1.78226
7.22893 1.96001
4.84963 0.259318
5.01559 2.20812
7.34055 1.75105
7.53173 1.22895
5.64482 -1.65785
4.84686 0.281766
4.83801 0.372839
4.82106 0.644281
5.00423 2.17293
7.32798 1.77761
7.27944 1.87047
7.39363 -0.432701
7.39128 -0.437761
4.82685 0.520292
4.82616 0.52994
