7.20087 1.24261
7.21191 1.20819
5.15132 1.01939
5.15288 1.04221
7.28882 0.821359
7.29171 0.790928
5.37828 -0.503656
5.39834 -0.549232
5.4882 -0.726828
5.5205 -0.778931
5.20986 1.47721
5.2163 1.50706
5.42456 2.06097
5.39369 2.00912
5.54202 2.21707
5.57785 2.25409
7.16976 -0.120712
7.18311 -0.0850463
5.2252 0.000141936
5.21366 0.0590006
5.15287 0.521514
5.15412 0.504211
7.29066 0.395208
7.28658 0.357762
6.70179 2.07979
6.7635 2.01571
5.98333 2.42338
5.97863 2.42354
6.18941 2.3956
6.15299 2.40309
6.40473 2.30635
6.40497 2.3062
5.70571 2.3473
5.77349 2.38071
6.7977 -0.733994
6.84834 -0.675789
6.51652 -0.980325
6.50834 -0.985396
6.75605 -0.779246
6.68985 -0.841741
7.0243 -0.425694
6.9852 -0.488901
7.27901 0.901347
7.26624 0.976435
5.31639 -0.334458
5.31091 -0.318613
5.59907 -0.887961
5.55358 -0.83051
5.26496 1.69127
5.24432 1.61854
5.17328 1.25118
5.18316 1.32113
5.33536 1.88661
5.36115 1.94281
6.84488 1.92191
6.85483 1.90967
6.96701 1.74969
6.94166 1.78809
7.074 1.5598
7.09438 1.51745
5.91991 -1.11667
6.00011 -1.13253
5.73484 -1.02297
5.75017 -1.03334
6.11018 -1.13485
6.02838 -1.13476
6.30474 -1.09072
6.30238 -1.09142
7.05611 -0.369498
7.09603 -0.291253
7.24338 0.11629
7.24944 0.141248
5.24567 -0.0869071
5.25727 -0.130968
5.14389 0.836823
5.14391 0.839235
5.17849 0.275883
5.18597 0.223515
6.62776 2.14758
6.60058 2.17152
7.29955 0.650144
7.30024 0.590012
7.17745 1.31471
7.18751 1.28648
7.21711 1.19044
7.23299 1.13172
7.25961 1.0164
7.28208 0.8801
5.27755 -0.209347
5.26662 -0.169466
5.24088 -0.0676339
6.54713 2.21175
6.57814 2.18874
6.83628 1.93232
6.78739 1.98921
6.41008 2.30301
6.40519 2.30606
6.67707 2.10395
6.66596 2.11413
5.34173 -0.406438
5.35421 -0.440973
6.35048 2.33427
6.35026 2.33437
7.28375 0.868236
5.23799 -0.0555019
5.2262 -0.00431004
5.14417 0.711709
5.14419 0.708924
5.29149 -0.260128
5.29074 -0.257486
5.87518 2.41132
5.9725 2.42282
6.63402 -0.891831
6.60227 -0.916643
6.95265 -0.537521
6.91944 -0.584932
5.15999 1.13592
5.14509 0.907384
5.41851 -0.592314
5.35929 -0.454762
5.53968 -0.809579
5.46473 -0.686669
5.23526 1.58563
5.20783 1.46646
5.37663 1.97594
5.46936 2.12916
5.61543 2.28564
5.4842 2.15065
7.02756 1.64984
7.02506 1.65454
5.82665 -1.08035
5.85562 -1.09263
6.20697 -1.12003
6.18042 -1.12404
7.14193 -0.190436
7.21109 -0.000882011
5.21089 0.0734133
5.14597 0.639765
5.16379 0.397623
7.27333 0.26404
7.29757 0.482086
5.82915 2.39882
6.08346 2.41709
6.29122 2.361
6.29646 2.35915
5.67382 2.32923
6.77244 -0.761998
6.88479 -0.63109
6.43055 -1.0311
7.0461 -0.388166
7.12137 1.45769
7.14033 1.41204
5.14489 0.901463
5.1645 1.17922
5.29499 -0.271737
5.33207 -0.379775
5.44185 -0.641245
5.64466 -0.941766
5.18981 1.36533
5.29263 1.77736
5.29827 1.79457
6.40339 -1.04687
6.34628 -1.07233
5.30716 1.81891
5.47812 2.14236
6.40618 -1.0453
7.0128 1.67558
6.90746 1.83757
7.02318 1.65786
5.66692 -0.963044
6.01442 -1.13481
7.11847 -0.243475
7.21915 0.0253173
7.2676 0.231085
5.19659 0.156078
5.14379 0.774086
5.16724 0.365593
5.14569 0.647526
7.29977 0.534553
6.58881 2.18055
6.64957 2.12898
7.29821 0.686856
7.18858 1.28347
7.15863 1.3672
7.2431 1.09443
7.24764 1.07267
7.25493 1.04069
5.28949 -0.253324
5.2637 -0.158439
6.51419 2.23744
7.29341 0.771635
6.8825 1.87255
6.37507 2.32163
6.50473 2.24349
7.1567 1.37259
7.29734 0.711791
6.87686 1.88055
6.50924 2.24068
