7.67021 -0.258711
7.68478 -0.21347
5.51096 3.26681
5.47952 3.25724
7.77988 0.213698
7.78788 0.27767
4.6215 1.12061
4.61991 1.08797
5.04932 -1.40479
5.04878 -1.40358
4.99727 -1.26698
4.98106 -1.22327
4.6494 1.52916
4.65174 1.55179
4.69227 1.86127
4.69419 1.87264
5.69077 -2.10843
5.60498 -2.09254
4.62301 0.60731
4.62455 0.569205
4.93599 2.72202
4.9772 2.8031
7.11539 -1.23762
7.12768 -1.22328
4.6969 -0.117806
4.68044 -0.00810235
5.71528 3.29415
5.72153 3.29404
6.67308 2.90403
6.74532 2.84714
6.8485 -1.51855
6.80739 -1.55804
7.38317 -0.868489
7.35253 -0.917459
7.44674 1.97067
7.42078 2.01911
7.61873 1.58698
7.5892 1.66391
7.70094 1.32884
7.71992 1.2569
7.73458 -0.0303582
7.74584 0.0196921
7.59856 -0.451651
7.59013 -0.472354
5.31163 3.17948
5.25219 3.13782
5.14541 -1.61763
5.12673 -1.57863
6.48554 3.03774
6.53938 3.00203
4.62732 1.25242
4.62984 1.29516
6.19915 -1.98688
6.20317 -1.98493
5.92948 -2.08859
5.96059 -2.08096
5.79586 -2.11108
5.71661 -2.11051
4.80766 -0.644304
4.7832 -0.54716
4.86046 -0.846262
4.8602 -0.845338
4.61788 0.734421
4.61678 0.784314
4.89775 2.63532
4.89388 2.62702
4.73512 2.09043
4.74343 2.12804
7.48683 -0.689407
7.49171 -0.679937
6.14391 3.21044
6.2057 3.18433
6.42349 3.07569
6.4248 3.07499
5.94085 3.26945
5.96404 3.26523
6.83942 2.76545
6.84386 2.76119
6.60771 2.95419
6.40124 -1.87164
6.31123 -1.92633
6.56772 -1.7547
6.60018 -1.73145
6.80236 -1.56268
6.71344 -1.63988
7.23599 -1.08605
7.25313 -1.0627
7.28378 -1.01994
7.29646 -1.0018
7.80289 0.501751
7.80182 0.461771
4.94905 -1.13216
4.94918 -1.13258
4.75969 -0.439617
4.77982 -0.532784
6.97573 -1.39246
7.01699 -1.35002
4.76982 2.24304
4.77086 2.2471
7.03035 2.57169
6.97389 2.63258
7.80245 0.672551
7.80237 0.679049
7.70458 -0.14658
7.64491 -0.331914
6.02705 -2.05868
6.09881 -2.03266
5.52615 -2.06068
5.57418 -2.08159
5.69911 -2.11017
7.03704 -1.32785
7.04759 -1.31627
6.25712 3.16311
6.35485 3.11407
7.75197 1.10893
7.76564 1.03572
7.36906 2.11002
7.34473 2.15023
7.28558 2.24158
7.32417 2.18313
7.19734 2.36673
7.21232 2.34641
7.64995 1.49591
7.66697 1.44444
7.74171 1.16272
7.7376 1.18121
7.63185 -0.367105
7.54598 -0.570961
7.54516 -0.572796
6.58423 2.97151
6.48261 3.0397
4.66702 1.68822
4.66604 1.68011
4.64178 1.45257
4.63935 1.42347
5.99598 -2.07063
5.81956 -2.10717
5.89493 -2.09717
5.5139 -2.05537
4.85944 -0.842541
4.8399 -0.770148
4.86096 -0.848089
5.43768 -2.00668
5.3752 -1.95162
5.40224 -1.97686
6.02966 3.24948
6.03484 3.24768
6.10168 3.22537
6.23606 3.17207
6.36299 3.1101
6.76646 2.82903
6.41267 -1.86384
6.90492 -1.46539
4.61739 0.962431
4.61674 0.91333
4.62499 1.21201
4.62314 1.16732
4.90695 -0.999931
4.9193 -1.03989
5.21997 -1.75166
5.24338 -1.78658
4.63873 0.356243
4.63311 0.433429
4.66417 0.111299
4.6583 0.15693
4.61881 0.703245
4.62081 0.653947
4.83881 2.4785
4.84069 2.4846
4.79237 2.32468
4.8042 2.3663
7.04053 2.5605
7.0951 2.49676
7.19189 -1.14302
7.2314 -1.0925
7.77575 0.967817
7.76898 1.01486
7.79045 0.849766
7.78951 0.86022
4.61981 1.04033
4.65661 1.59939
4.66 1.62972
4.64519 1.48762
4.62814 0.523526
7.50887 1.84618
7.52994 1.80125
5.76717 3.29325
5.79954 3.29154
6.89243 -1.47745
4.63233 1.3329
4.63427 1.35931
4.89043 -0.945737
5.28936 -1.85377
5.32507 -1.89627
5.19125 -1.70107
5.17826 -1.67777
4.62966 0.481078
4.64411 0.296157
4.65669 0.171522
4.65066 0.22688
4.6176 0.991346
4.61634 0.863617
4.61626 0.835327
5.87146 3.28291
5.82635 3.28879
4.73772 -0.336129
4.75158 -0.402292
5.07741 2.95784
5.11732 3.00978
4.70299 -0.153121
4.72265 -0.259075
5.25902 -1.81032
5.28072 -1.84124
4.72357 2.03215
4.71708 2.00068
5.71129 3.29405
5.66357 3.29223
6.50037 -1.80455
6.51738 -1.7919
4.67462 1.74428
6.25311 -1.95831
6.2539 -1.95786
5.41078 3.2316
5.57359 3.27939
5.16553 3.06116
5.13296 3.02676
7.79405 0.342597
7.76963 0.143249
5.04797 -1.40165
5.08691 -1.49154
4.70174 1.91834
4.68409 1.80846
7.5445 -0.574158
7.53229 -0.598724
4.77143 2.24918
4.78716 2.30713
6.80521 -1.56005
6.88338 -1.48616
7.3343 -0.945185
7.42149 -0.806348
7.4085 2.04115
7.46439 1.93688
7.24196 2.30483
7.26988 2.26485
7.58716 1.669
7.62151 1.57973
7.72262 1.24565
7.69466 1.35187
7.76016 0.0899991
7.71819 -0.0963139
5.21373 3.10685
5.35499 3.20434
5.61204 3.2873
5.03367 2.89694
5.02614 2.88656
7.79901 0.409425
5.01434 -1.31372
5.11418 -1.55057
5.17027 -1.66382
4.70974 1.96117
4.78215 -0.542823
4.82069 -0.695629
5.20884 -1.73207
4.8666 2.55639
4.85802 2.53535
5.0229 2.88152
4.9332 2.71652
4.74745 2.14748
4.7299 2.06435
7.4386 -0.776978
6.02169 3.25164
5.89602 3.2787
6.70084 -1.65083
6.61774 -1.71731
6.53515 -1.77907
7.27708 -1.02952
7.43083 -0.790356
7.80389 0.569283
7.55341 1.74842
7.57041 1.70879
4.81458 2.40096
4.82178 2.42547
6.93686 2.67083
7.03636 2.5652
7.80141 0.699591
7.79737 0.772297
7.78339 0.908607
7.7789 0.947112
4.69838 -0.126553
7.15161 2.42751
7.15028 2.42915
7.15294 -1.19244
7.76695 1.02775
7.74246 1.15925
7.48369 1.89845
7.37427 2.1012
7.32814 2.17691
7.15277 2.42602
7.67678 1.41225
7.63691 1.53466
7.7925 0.829276
4.84688 2.50369
6.90838 2.69909
4.65344 1.57095
4.66473 1.67019
4.98404 2.81486
5.81921 3.28982
5.75396 3.29328
6.30095 -1.93235
6.30295 -1.9313
5.36139 -1.93895
4.65004 0.232715
4.67737 1.76409
5.63198 3.28972
6.2754 -1.94624
6.20559 -1.98362
4.9731 -1.20176
4.63659 1.38969
7.07967 -1.2798
4.66894 0.0757632
7.62169 1.57921
4.64739 0.262609
6.36922 3.1069
4.92612 -1.06192
5.36879 -1.94603
6.48015 3.04134
4.8333 -0.745713
5.4363 -2.00573
6.4423 3.06445
4.94962 -1.13391
