6.25162 -2.40619
6.20565 -2.4384
4.73939 -1.58619
4.76248 -1.66969
8.04441 0.182541
8.05224 0.243055
4.56534 -0.910148
4.56661 -0.915313
4.34713 1.35815
4.34586 1.34182
4.33521 0.936171
4.33537 0.977161
4.33595 0.85016
4.33555 0.827848
4.35091 1.43412
4.35412 1.48629
5.74059 3.75128
5.765 3.74551
4.35185 0.410407
4.34843 0.462927
5.57481 3.76934
5.51683 3.76991
4.41274 2.0611
4.41659 2.09478
5.40429 3.76238
5.34053 3.75134
6.88541 -1.89413
6.8481 -1.92971
5.47344 -2.78477
5.47999 -2.78411
5.25206 -2.73882
5.26171 -2.74321
5.03796 -2.46335
5.0467 -2.48304
6.40818 -2.29343
6.45252 -2.25926
5.77478 -2.68989
5.75384 -2.70001
4.79043 -1.76601
4.77017 -1.69795
7.97189 -0.185943
7.98053 -0.154464
7.90954 -0.389608
7.89305 -0.436245
5.90995 -2.62116
5.85682 -2.65087
8.0582 0.315289
8.05347 0.256093
8.02397 0.0472953
8.01464 -0.00607259
7.9959 -0.0908126
8.00681 -0.0426127
6.63937 3.32869
6.65006 3.32084
6.85055 3.15927
6.86633 3.14579
4.40079 1.97517
4.39565 1.93384
4.42684 2.15988
4.43486 2.21285
7.70393 -0.856044
7.67707 -0.905435
7.81688 -0.62356
7.7886 -0.686703
5.97697 3.68874
5.96604 3.69261
6.41591 3.47942
6.40783 3.48397
6.19268 3.59961
6.1249 3.62937
7.10704 2.91647
7.10282 2.92105
7.56912 -1.08759
7.56914 -1.08757
7.45412 -1.25593
7.46802 -1.23703
6.71208 -2.04904
6.65312 -2.0999
7.08039 -1.70251
7.03943 -1.7446
8.05902 0.779579
8.06285 0.732959
6.03803 -2.54702
6.08209 -2.51961
4.69057 -1.40481
4.69783 -1.43127
4.90405 3.5041
4.89108 3.48894
8.06802 0.490431
8.06353 0.381079
4.60617 -1.0758
4.59693 -1.03846
4.36308 1.61459
4.3633 1.61731
4.34013 0.638458
4.34181 0.593337
4.60538 2.95696
4.61045 2.97321
7.2754 -1.48519
7.26541 -1.4972
5.98943 -2.57693
5.98338 -2.58063
4.74252 3.27712
4.75209 3.29284
4.56146 -0.893764
4.53989 -0.798462
4.33848 1.14705
4.33731 1.10416
4.64314 -1.22245
4.63593 -1.19399
5.15402 -2.65146
5.16111 -2.65875
5.12671 -2.61657
5.12912 -2.62007
5.82254 3.73261
4.47516 -0.499373
4.50156 -0.625235
4.45321 -0.381278
4.44548 -0.339893
4.45183 2.31568
4.45376 2.33054
4.40048 -0.0612585
4.41498 -0.158389
4.37715 0.125599
4.3821 0.0802232
6.30474 3.54311
6.27324 3.55886
7.72287 2.01319
7.70897 2.04215
7.80982 1.81786
7.7989 1.84428
4.53731 2.72812
4.51496 2.63503
4.4737 2.4387
4.47252 2.43306
4.55192 2.78331
4.54198 2.747
7.98822 1.25586
7.98915 1.25163
8.0336 1.00783
8.03772 0.978745
7.44995 2.48948
7.41956 2.53311
7.32262 2.6642
7.28501 2.71145
7.36933 -1.36937
7.36132 -1.37987
6.80029 -1.97189
6.94424 -1.83913
7.1236 -1.65744
7.5435 2.34474
7.53297 2.36183
7.6231 2.20797
7.62873 2.19777
4.86877 -2.02375
4.86822 -2.02219
4.93475 -2.21402
4.91592 -2.16163
4.98225 -2.33818
4.96813 -2.30147
7.87908 1.63664
7.87453 1.64972
7.93341 1.46924
7.93368 1.46832
5.35789 -2.77897
5.32179 -2.77132
6.49654 -2.22475
6.53516 -2.19566
6.38819 -2.30756
5.64114 -2.74395
5.66022 -2.73842
5.60195 -2.75673
5.5326 -2.77586
7.94711 -0.271623
7.95718 -0.238751
7.92267 -0.350751
4.82651 3.40969
4.82337 3.40539
6.62989 3.33589
6.53153 3.40542
6.68143 3.29705
6.70633 3.2777
6.76112 3.23414
6.79891 3.20299
6.88596 3.12846
6.91645 3.1009
5.85383 3.72553
5.95949 3.69445
4.40369 1.99747
4.44861 2.2982
6.0798 3.64961
6.47643 3.44128
6.47083 3.44485
6.22816 3.58178
7.10019 2.92373
7.08756 2.93648
6.6208 -2.12558
6.75101 -2.01643
6.96741 -1.81575
7.13381 -1.6468
8.06482 0.690883
8.05371 0.847514
6.30088 -2.37166
6.34473 -2.34028
6.57896 -2.15995
4.67262 3.13455
4.69337 3.179
5.11546 3.66871
5.14437 3.68451
5.01186 3.60084
5.04052 3.6229
8.06879 0.509599
8.06883 0.510641
8.06319 0.374966
4.36909 1.68388
4.3746 1.7429
4.55796 2.80344
4.57149 2.85023
4.53337 -0.770215
4.53711 -0.786198
6.13529 -2.48496
6.09224 -2.5134
4.66626 -1.31405
4.6658 -1.31219
5.2263 -2.71742
5.24551 -2.73428
5.41693 -2.78702
4.81291 -1.84031
4.79795 -1.79021
4.33801 0.723157
4.33691 0.744679
5.68326 3.75985
5.67163 3.76093
4.51621 -0.693383
5.00981 -2.40426
5.00306 -2.3867
4.36839 0.209479
4.35827 0.323954
4.65725 3.09726
5.27613 3.73533
5.27054 3.73394
7.18052 2.8352
7.21369 2.79774
8.05196 0.862616
7.17411 -1.60195
4.72994 3.25378
4.70601 3.20711
4.82619 -1.88709
4.82491 -1.88236
8.06739 0.621287
5.70457 -2.72126
5.7403 -2.70674
7.86388 -0.512796
7.86218 -0.517063
4.83247 3.41688
4.7824 3.34436
4.96787 3.56462
4.9232 3.52338
6.96516 3.05562
7.02304 3.0006
5.08602 -2.55586
4.3416 1.23115
4.34171 1.24989
4.40694 2.02272
4.76425 -1.67656
4.72965 -1.55027
8.05285 0.249493
8.03585 0.116236
4.34507 1.29465
4.34756 1.37348
4.33556 0.999468
4.33528 0.913661
4.33733 0.786658
4.33539 0.872567
4.35462 1.49454
4.3503 1.42214
4.47255 -0.486251
4.47159 -0.481382
4.34757 0.478293
4.35267 0.397707
5.48956 3.76959
5.62554 3.76609
4.3827 0.0751759
4.39743 -0.0397135
7.76366 -0.739152
7.73448 -0.798002
7.76816 1.91535
7.75505 1.94471
4.50365 2.58226
4.493 2.5345
4.63235 3.03535
4.63244 3.03557
8.01283 1.13374
8.01656 1.11322
7.38702 2.57907
7.35472 2.6224
7.51888 -1.16267
7.49382 -1.19961
7.41288 -1.31248
7.40297 -1.32556
7.58404 2.27736
7.58257 2.27988
7.22019 -1.54986
7.18264 -1.59241
5.50228 -2.78044
5.43226 -2.78715
5.82478 -2.66597
5.6157 -2.75362
4.71456 -1.4958
8.01145 -0.02119
8.03558 0.114586
7.98844 -0.123711
7.63766 -0.97424
7.83939 -0.571485
7.61679 -1.00948
7.56909 -1.08764
7.41537 -1.30926
8.06883 0.512951
6.08664 -2.51687
5.99428 -2.57386
4.66789 -1.32048
5.06053 3.63569
5.09102 3.65565
5.41628 3.76416
4.5925 -1.02063
4.61262 -1.1015
4.36307 1.61438
4.36859 1.67875
4.34263 0.574862
4.3395 0.658525
4.63233 3.03529
4.59002 2.91097
7.22515 -1.54411
7.30972 -1.44392
4.33688 1.08262
4.33913 1.16766
4.61999 -1.13087
5.526 -2.77693
5.18026 -2.68103
5.1296 -2.62061
4.33601 1.04066
4.35838 1.55044
4.4342 -0.276115
4.35682 0.342093
4.34476 0.528138
4.42128 -0.199545
4.36916 0.201505
7.67434 2.11132
7.84064 1.74101
7.84838 1.72067
7.66107 2.13713
4.53876 2.73441
4.46976 2.41919
4.55421 2.79106
5.17836 3.69942
5.20375 3.71071
5.26131 3.73075
7.25712 2.746
7.22205 2.78809
7.98322 1.27663
8.05044 0.878038
7.95947 1.37387
7.48053 2.44364
7.32364 -1.42657
7.50188 2.41069
7.59158 2.2642
4.84645 -1.95264
4.91168 -2.15084
4.94177 -2.23153
4.95793 -2.27703
4.99706 -2.37163
7.90513 1.56003
7.90749 1.55282
7.93069 1.47816
7.95626 1.38596
5.67956 -2.73028
6.73288 3.25742
6.93665 3.08283
4.38984 1.88731
4.38606 1.85489
6.52625 3.40917
6.28131 -2.386
6.36781 -2.32303
4.99262 3.5866
4.58147 -0.975412
4.37571 1.75374
4.33818 0.702374
4.5809 2.88017
4.34057 1.21176
6.16755 -2.46346
5.07949 -2.54347
5.07184 -2.52888
5.7135 3.7559
7.86548 -0.508888
5.41319 3.76386
4.86776 -2.02088
4.85817 -1.99027
5.05792 -2.5037
6.8351 3.17283
4.39311 1.91522
8.06802 0.601209
6.18395 -2.45287
4.89309 -2.092
4.38116 1.80661
4.3825 1.82036
6.95129 3.06886
6.7467 3.24603
7.88454 -0.459356
6.52871 3.40743
