5.99218 1.27541
5.97074 1.24807
6.02304 0.0442406
6.06268 0.00746019
6.28013 -0.0387658
6.27302 -0.0418018
5.90507 0.209198
5.87785 0.264476
6.57718 1.01944
6.55753 1.06083
6.43935 0.0550332
6.40137 0.0188991
5.8374 0.403783
5.8558 0.330005
6.65736 0.626151
6.65558 0.70618
6.6313 0.396188
6.64713 0.473489
6.12643 1.35058
6.14962 1.35172
6.37213 1.28916
6.42111 1.24672
6.51993 1.13147
6.49988 1.15836
5.9214 1.18321
6.00603 1.28953
5.80222 0.760956
5.80036 0.743462
6.65098 0.753169
6.63437 0.857676
6.58112 0.252346
6.58596 0.262359
6.60225 0.955927
6.47519 1.18725
5.85933 1.05423
5.83336 0.975376
6.11405 1.34526
5.88877 1.13091
5.86768 1.08354
5.82199 0.918761
5.83312 0.974117
5.80358 0.783853
5.80105 0.681574
5.80099 0.695068
5.80871 0.555046
5.80729 0.568288
6.24196 1.34868
6.31623 1.31948
6.63364 0.860756
6.52352 0.154166
6.49799 0.113228
6.65742 0.565728
6.60563 0.316452
6.6208 0.358058
6.11627 -0.0180674
5.96609 0.102004
6.27084 -0.0418844
6.38735 0.00812231
5.86464 0.302604
5.93751 0.148196
5.95397 0.120778
6.16523 -0.0385021
6.48945 0.103894
5.81811 0.486718
6.65518 0.525047
6.544 0.183109
5.81873 0.900737
5.80185 0.630372
5.80232 0.61943
5.8139 0.506866
5.81232 0.861407
