4.73033 -1.16091
4.75251 -1.24226
5.4134 -2.51752
5.40768 -2.51563
5.02238 -2.04059
5.00926 -2.00883
5.07383 3.43573
5.11231 3.46598
4.65769 -0.885424
4.64925 -0.850928
4.57569 -0.525814
4.55769 -0.438049
5.94966 3.56184
5.9285 3.56691
6.17727 3.47665
6.25969 3.43687
4.60211 2.5186
4.61516 2.57257
4.6559 2.7185
4.65914 2.72841
7.06962 2.82042
7.02985 2.86145
7.18587 2.69074
7.18453 2.69234
7.28886 2.5619
7.31415 2.52804
7.40899 -1.16747
7.45336 -1.10458
6.58428 -2.02368
6.62656 -1.99126
6.93694 -1.71505
7.01383 -1.63991
7.48803 2.27012
7.50227 2.24631
4.83422 -1.51926
4.82358 -1.48334
7.81666 -0.39581
7.81182 -0.409104
4.84938 3.17163
4.81844 3.11792
5.00163 3.37066
5.01371 3.38239
5.30005 3.56595
5.30718 3.56868
5.79864 -2.49442
5.77176 -2.50427
4.90642 -1.73767
4.89253 -1.69901
6.78763 3.08522
6.76965 3.10066
6.52251 3.28465
6.5726 3.2501
4.60143 -0.645135
4.64038 -0.813435
4.94755 -1.85614
4.95365 -1.87122
4.54101 2.23078
4.5273 2.15524
4.49966 1.97827
4.5027 1.99848
7.71417 -0.644051
7.74038 -0.585013
7.59309 -0.878157
7.61729 -0.834999
6.4227 3.34804
6.40112 3.3614
6.92857 2.96013
6.99038 2.90161
7.50981 -1.0177
7.4751 -1.07201
6.76792 -1.87081
6.82221 -1.82385
7.09258 -1.55663
7.0318 -1.62118
7.98401 0.569695
7.98398 0.557758
6.35071 -2.19581
6.41117 -2.15526
6.28443 -2.24205
6.23839 -2.26999
5.49659 3.61153
5.5002 3.61182
4.71992 2.90421
4.69895 2.84661
7.69751 1.86729
7.67869 1.90967
7.97441 0.788542
7.97756 0.74902
4.7808 -1.34113
4.76285 -1.28011
5.41948 -2.51889
7.85402 -0.286481
7.85276 -0.290446
5.06553 -2.13083
5.07074 -2.14245
5.18091 -2.32648
5.14434 -2.27341
6.12263 -2.34277
6.08878 -2.36125
5.24168 -2.40154
5.21837 -2.37576
5.31062 -2.46198
5.26935 -2.42917
4.42557 0.883579
4.42565 0.850055
4.4264 1.01009
4.42602 0.977054
4.44002 1.38225
4.43856 1.35841
4.44851 1.50248
4.44736 1.48671
4.53821 -0.335155
4.55122 -0.404786
4.44749 0.351663
4.44911 0.330987
4.43802 0.487998
4.43959 0.461444
4.46652 0.149207
4.46869 0.129245
5.97964 3.55239
5.83408 3.59031
6.10614 3.50572
6.28965 3.42265
4.56868 2.37576
4.56819 2.37342
7.95941 0.934457
7.94479 1.03716
7.90173 1.25769
7.91776 1.18617
7.2402 -1.38835
7.19925 -1.43726
7.33057 -1.2741
7.30268 -1.31077
6.67818 -1.94766
6.52731 -2.06918
7.01726 -1.63634
6.91845 -1.73364
7.5669 2.13235
7.53321 2.19318
7.40389 2.40077
7.43301 2.35702
7.84314 1.47774
7.86576 1.40114
7.78687 1.64531
7.8085 1.58442
7.88946 1.3111
7.88056 1.3456
5.5631 -2.54026
5.55032 -2.54134
5.65597 -2.53117
5.64153 -2.53445
7.90214 -0.115073
7.9022 -0.114847
7.80549 -0.425881
4.94673 3.30871
4.96027 3.32541
6.85728 3.02501
6.83909 3.04129
6.64145 3.20019
6.62777 3.21054
6.5116 3.29226
4.47035 1.74675
4.46965 1.74051
4.54802 2.27179
4.5166 2.09083
5.69629 3.61076
5.71166 3.60997
5.79142 3.59793
5.77587 3.60116
6.06397 3.52329
6.39791 3.36313
6.99737 2.89455
6.90968 2.9784
6.4862 -2.09887
6.85441 -1.79333
6.72481 -1.90931
7.10785 -1.54064
6.3162 -2.21999
4.78109 3.04577
4.81263 3.1074
6.02351 -2.39602
6.0384 -2.38889
5.93699 -2.43928
5.93757 -2.43905
4.69152 -1.01556
4.69671 -1.03515
4.45707 1.607
4.45772 1.61502
4.48786 -0.025881
4.50019 -0.110145
4.4288 0.689863
4.42778 0.722239
4.43397 0.562767
4.43257 0.59186
4.74517 2.96462
4.72189 2.90953
7.19096 -1.44708
7.18315 -1.45605
7.96961 0.845967
7.96786 0.863204
4.64659 -0.8397
4.43126 1.20083
4.43231 1.23105
4.42758 1.07169
4.42828 1.10405
6.18718 -2.30388
5.36803 -2.4975
5.36712 -2.49701
7.88685 -0.173952
4.86864 3.20134
4.91398 3.26749
4.67713 -0.960893
4.68012 -0.972135
6.71842 3.14205
6.69853 3.15728
4.51491 -0.202446
4.51907 -0.22807
7.63277 2.00593
7.6247 2.02242
7.97803 0.37869
7.97373 0.316557
4.4873 1.88544
4.48532 1.87122
5.33051 -2.47648
7.94691 0.102402
7.94053 0.0633048
4.51189 2.06212
4.99304 3.36121
4.75498 -1.25143
4.72018 -1.12305
4.86172 -1.60777
4.86076 -1.60456
5.08949 -2.17912
5.10543 -2.20839
4.99769 -1.98292
5.03902 -2.07586
4.92109 3.27718
5.17227 3.50511
5.31775 3.57153
5.40375 3.59595
5.89202 -2.45897
5.88065 -2.46422
7.96313 0.215839
7.95985 0.187381
4.43556 1.29454
4.43602 1.322
4.42573 0.946987
4.42559 0.913555
4.427 0.786553
4.42555 0.820087
4.44401 1.44251
4.44269 1.42256
4.44234 0.420084
4.44397 0.396222
5.57343 3.61642
5.60061 3.61631
4.50798 2.03781
4.48228 0.0140152
4.48296 0.00870867
7.65688 -0.760455
7.67405 -0.726807
4.59091 2.47348
4.64053 2.66743
4.67114 2.7661
4.64288 2.67599
7.1474 2.73481
7.18847 2.68765
7.94067 1.06238
7.9203 1.17373
7.24562 2.61715
7.35275 2.47522
7.46054 -1.09393
7.37346 -1.2173
7.28629 -1.33109
7.24738 -1.37989
7.5281 2.20209
7.48494 2.27519
7.81623 1.56141
7.83821 1.49385
7.98356 0.591606
7.98122 0.675447
5.61092 -2.5373
5.59609 -2.53967
4.80724 -1.43039
4.86442 -1.61641
7.91674 -0.0565929
7.91672 -0.0567052
5.21007 3.52647
5.19225 3.51724
5.48573 3.60993
5.69905 -2.52281
7.91692 -0.0557212
7.96669 0.246631
4.92433 -1.79023
4.96032 -1.88772
4.49378 1.93485
7.68908 -0.696704
7.76457 -0.529021
7.55746 -0.939569
7.35682 -1.24028
7.52539 -0.993023
7.98318 0.478511
4.78723 -1.36246
5.9806 -2.41805
5.98799 -2.41483
5.68671 -2.52641
4.46312 1.67651
4.46335 1.67918
4.4311 0.626152
4.42989 0.657054
4.69135 2.82398
4.72042 2.90566
4.42918 1.13612
4.43008 1.16755
4.52511 -0.263301
4.70598 -1.07018
5.49711 -2.53809
5.50417 -2.53881
5.11389 -2.22173
5.18791 -2.33739
5.21509 -2.37247
5.25372 -2.41305
4.42662 1.04055
4.45229 1.55087
4.45312 0.282946
4.43546 0.526662
4.45606 0.250705
4.64132 2.67048
4.56799 2.37245
7.22366 2.64459
7.12483 2.76051
7.96322 0.904392
7.89075 1.30591
7.37816 2.43871
7.19192 -1.44594
7.60461 2.06115
7.57849 2.11102
7.44647 2.33613
7.86763 1.39429
7.77675 1.67296
5.51146 -2.53888
7.91211 -0.0751542
7.88709 -0.173106
6.75349 3.11377
4.47609 1.79934
4.46625 1.70847
6.06584 -2.37333
5.93244 -2.44131
4.42668 0.753672
4.75624 2.98928
4.67859 2.78752
4.55629 2.31369
7.72391 1.80664
7.75532 1.72942
7.67191 1.92441
4.7719 3.0252
7.14506 -1.49928
7.97056 0.837266
4.43338 1.26556
5.37366 -2.50001
5.62755 3.61499
4.98129 -1.94142
7.98224 0.450753
4.47848 1.81756
4.47719 1.80751
7.98008 0.70164
6.68195 3.16983
6.82066 3.05756
7.08122 2.80806
7.71557 1.82673
5.20282 -2.35693
7.76554 1.70312
7.77579 -0.501854
6.61535 3.21989
5.71736 3.60967
7.88709 -0.173133
7.91669 -0.0568131
5.73109 3.60806
