6.79351 -0.48998
6.73107 -0.562251
7.05587 1.23726
7.05174 1.25006
6.74706 1.79181
6.76469 1.77111
6.86526 1.63089
6.89824 1.57759
5.75415 -0.742317
5.80439 -0.783188
6.33643 -0.850619
6.34437 -0.847039
6.46607 2.04897
6.47118 2.04602
6.20639 2.16952
6.16862 2.17637
6.00325 2.18911
5.99701 2.18895
5.74358 2.09287
5.79441 2.12578
6.81581 -0.461987
6.8726 -0.379883
6.56593 -0.71803
6.56375 -0.719643
5.29146 0.932854
5.28832 0.85876
5.31217 1.16385
5.30825 1.13091
7.15307 0.795983
7.15494 0.778495
7.10976 1.05566
7.12703 0.971304
5.57554 -0.509849
5.55154 -0.464638
5.65698 -0.63363
5.64412 -0.614781
5.41052 1.59722
5.42131 1.62767
5.35151 1.38569
5.36061 1.42243
5.5942 1.95137
5.60187 1.96135
5.49077 1.7862
5.47235 1.74702
6.66393 1.88607
6.59698 1.94729
6.97513 1.43656
6.97245 1.44222
5.93751 -0.860898
6.01663 -0.883497
6.12676 -0.894045
6.04161 -0.888685
7.08312 0.0691167
7.06935 0.0250949
6.99027 -0.173544
6.98539 -0.184133
5.4673 -0.277852
5.44678 -0.22264
5.34958 0.125458
5.35177 0.11517
5.41414 -0.128952
5.39746 -0.0686069
5.31319 0.352427
5.30633 0.410234
5.29113 0.600073
5.2879 0.682644
7.16101 0.524293
7.16225 0.563343
7.12984 0.258489
7.13963 0.314507
7.10691 1.06748
7.09982 1.0963
7.0865 1.14653
7.08495 1.1525
7.10774 1.06436
7.13428 0.930065
6.53675 1.99904
6.67215 1.87765
6.68078 1.86809
6.52358 2.00914
7.01856 1.33766
7.00146 1.37808
6.36732 2.10751
6.36488 2.1087
6.22669 -0.882738
6.31092 -0.858331
6.31324 2.13355
6.30463 2.1366
5.85271 2.152
5.89483 2.1681
6.80592 -0.475024
6.68724 -0.609268
6.55277 -0.727134
6.46641 -0.785096
5.29984 1.04958
5.29527 0.993113
5.37897 1.49277
5.40483 1.57892
5.53917 1.87093
5.51093 1.82496
6.80397 1.7225
6.7204 1.82296
6.80776 1.71724
6.92105 1.53862
5.84502 -0.813354
5.72431 -0.711316
7.0421 -0.0506211
7.02998 -0.0820448
5.49081 -0.338496
5.50663 -0.373058
5.37412 0.0218531
5.39199 -0.0488157
5.29991 0.47497
5.29407 0.548321
7.14974 0.387093
7.15524 0.440192
6.45059 -0.79503
6.18878 -0.887403
6.51374 2.01573
6.41889 2.07917
6.10099 2.18791
5.98864 2.18729
5.69609 2.05782
6.91805 -0.307922
6.93462 -0.280233
6.65053 -0.643967
5.28725 0.813563
5.32788 1.27249
7.15967 0.722259
7.14297 0.874973
5.52573 -0.412767
5.60232 -0.552632
5.6651 -0.644771
5.44945 1.6969
5.33037 1.28628
5.3284 1.27579
5.6609 2.02427
5.58241 1.93437
6.97202 1.44306
6.80625 1.7194
6.99843 1.38476
5.90447 -0.845134
6.03143 -0.887688
7.10289 0.137877
6.96723 -0.219793
7.11453 0.186029
5.43197 -0.180378
5.34548 0.145708
5.41512 -0.131949
5.33057 0.232209
5.28681 0.770703
5.3249 0.268246
5.28717 0.727915
7.16239 0.671327
7.16209 0.681839
7.03032 1.30712
7.16183 0.689029
7.08282 1.15999
