7.71192 -0.297756
7.74278 -0.201897
5.50498 3.36479
5.48484 3.35866
5.05072 3.06769
5.07285 3.09414
7.82626 0.17028
7.84094 0.287787
4.58894 1.49161
4.59515 1.55153
4.65718 2.00955
4.6556 2.00005
4.6361 -0.0804646
4.62957 -0.0369023
7.55097 -0.676611
7.52528 -0.726576
6.3782 3.17853
6.30576 3.21615
7.5613 1.8561
7.5686 1.84056
4.71304 2.27531
4.70675 2.24975
6.69401 2.96747
6.70581 2.95818
7.48115 2.01698
7.47852 2.02189
7.31915 2.28675
7.27672 2.3495
7.75416 1.32383
7.76107 1.29761
7.77824 -0.0712356
7.80118 0.0307339
7.65908 -0.439577
7.64031 -0.485691
5.78331 -2.22021
5.80358 -2.2165
5.59804 3.37942
5.55838 3.37331
5.30497 3.28868
5.37514 3.32273
5.10961 3.13624
5.16722 3.19113
7.84518 0.337899
7.8422 0.298048
4.95402 -1.34552
4.98737 -1.43514
5.06418 -1.62491
5.05875 -1.61358
6.56584 3.06052
6.58071 3.05066
4.5832 1.42321
4.58311 1.42224
4.62154 1.77488
4.62601 1.80819
6.16163 -2.09309
6.18827 -2.08017
5.51924 -2.18992
5.54529 -2.20007
4.80861 -0.875614
4.78827 -0.80119
5.13192 -1.76889
5.13872 -1.78099
4.59907 0.203169
4.59273 0.26246
4.67917 2.1253
4.67963 2.12738
5.92406 3.35761
5.97072 3.34497
6.14805 3.28936
6.15354 3.2873
6.89299 2.79411
6.85946 2.82621
6.68334 2.97566
6.39117 -1.96032
6.36966 -1.97339
6.7924 -1.65044
6.76697 -1.67251
6.99804 -1.45119
6.94236 -1.50789
7.3098 -1.0752
7.31948 -1.06201
7.41967 -0.911487
7.42233 -0.907198
7.85446 0.521095
7.85201 0.430221
4.563 0.913393
4.56264 0.895992
4.56705 1.11873
4.56868 1.16739
4.89295 -1.16099
4.90648 -1.20502
4.70888 -0.46838
4.71714 -0.506617
5.26838 -1.98788
5.224 -1.92439
4.57797 0.451112
4.58628 0.33168
4.56945 0.603046
4.56713 0.654821
4.75082 2.42375
4.73606 2.36824
7.17939 -1.24583
7.1571 -1.27352
7.83092 0.933143
7.83808 0.878439
4.66728 -0.260084
4.66013 -0.220705
7.85435 0.562204
7.8534 0.646977
7.74732 -0.186589
7.7042 -0.320085
6.08641 -2.12964
7.05899 -1.38481
7.09508 -1.34522
6.44016 3.1412
6.26637 3.2369
4.81398 2.61996
4.8088 2.60483
7.13448 2.53499
7.15263 2.51309
7.80858 1.07819
7.79915 1.1287
7.40243 2.15493
7.38363 2.18598
7.23088 2.41186
7.27348 2.35408
7.70548 1.49069
7.70751 1.48454
7.6726 -0.405249
6.59309 3.04224
6.52411 3.08855
4.61388 1.71914
4.60913 1.67985
4.58816 1.48378
4.58417 1.43586
5.58629 -2.21202
5.66884 -2.22327
4.82975 -0.952108
4.89945 2.82256
4.90977 2.84541
6.01471 3.33377
6.15596 3.2862
6.03938 3.32708
6.46651 3.12567
5.70978 3.38428
5.75326 3.38115
5.64862 3.38337
5.65796 3.38417
6.83418 2.84825
6.3425 -1.9904
6.47599 -1.90243
6.90451 -1.54619
7.02495 -1.42246
5.95711 -2.17864
5.93498 -2.18661
6.00458 -2.1618
6.07298 -2.13566
4.56389 0.993572
4.56376 0.976893
4.56661 1.10389
4.85427 -1.03744
4.86384 -1.06839
4.57678 0.46803
4.5774 0.459201
4.58652 0.328751
4.61343 0.0825757
4.61084 0.102696
4.57006 0.589622
4.76954 2.48662
4.75557 2.44116
7.60938 1.7487
7.61186 1.74292
6.97029 2.71666
7.01894 2.66684
7.2672 -1.13468
7.26333 -1.13979
7.84379 0.816237
7.83943 0.865082
5.88446 -2.20096
5.86034 -2.207
4.566 1.04039
4.5661 1.0885
4.95329 -1.34356
4.92982 -1.27519
4.58851 1.48736
4.68657 -0.36509
4.68597 -0.362027
4.7672 -0.720824
4.78115 -0.775237
5.36539 -2.09187
5.3876 -2.11028
4.57475 0.524395
4.57062 0.576942
4.66793 2.06758
4.67526 2.1058
4.86885 2.7569
4.83449 2.67587
7.64292 1.66537
7.64559 1.6586
7.60754 -0.560897
7.60727 -0.561484
5.68612 -2.22454
5.76588 -2.2224
4.63153 1.84684
4.6351 1.87236
5.44061 -2.14927
5.41621 -2.13418
5.30288 -2.02794
5.27811 -1.9991
5.86619 3.3693
5.86555 3.36938
7.26947 -1.13161
6.26438 -2.03758
6.19703 -2.07545
6.49035 -1.89272
6.57706 -1.82827
4.96756 2.94857
4.98579 2.9774
4.57791 1.35325
4.57485 1.30378
4.61725 1.74402
4.58675 0.326115
4.59104 0.279871
4.5624 0.832348
4.56268 0.802978
5.67912 -2.22467
5.40449 3.33472
5.51404 3.36661
5.08638 3.11083
5.01811 3.02523
7.84215 0.29757
7.82537 0.164159
5.0514 -1.59713
5.02217 -1.52482
5.17835 -1.85179
5.14446 -1.79119
4.64702 1.95115
4.66727 2.06371
7.48838 -0.794072
7.5807 -0.616814
7.52164 1.93855
7.60671 1.75492
4.69557 2.20198
4.72104 2.30901
4.83088 2.66653
4.82995 2.66389
6.85654 -1.59134
6.89462 -1.55604
7.37007 -0.987335
7.41357 -0.921166
7.44239 2.08676
7.49842 1.9839
7.27597 2.35059
7.3317 2.26782
7.67728 1.57448
7.67763 1.57344
7.77475 1.24075
7.73551 1.39227
7.85066 0.705637
7.84828 0.759006
7.80475 0.0482529
7.77482 -0.085016
5.20659 3.22389
5.26198 3.2627
5.60636 3.38043
7.85196 0.429288
5.00643 -1.48355
4.95377 -1.34486
5.09903 -1.70044
4.7317 -0.571387
4.75073 -0.652691
5.49436 -2.18023
5.47224 -2.16747
5.19874 -1.8874
5.11178 -1.72688
4.64471 1.9364
4.69104 2.18264
7.46658 -0.832481
6.69087 -1.73866
6.67439 -1.75184
6.65938 -1.76392
7.34894 -1.01896
7.27749 -1.12057
7.8547 0.537349
5.98548 -2.16964
4.68822 -0.37324
5.27413 -1.99468
4.73134 2.34916
4.75178 2.42746
7.09124 2.58659
7.09539 2.58195
7.83851 0.873965
7.827 0.965156
4.64869 -0.154688
4.83695 -0.977738
4.7741 2.5007
4.79743 2.57317
7.17214 2.48847
7.09864 2.57815
7.82267 0.992735
7.78412 1.20045
7.21654 2.43094
7.51833 1.94506
7.43256 2.10401
7.36133 2.22156
7.73111 1.40714
7.67725 1.57455
4.57869 1.36412
5.90823 -2.19387
4.83395 -0.967026
4.56242 0.867426
4.57045 1.21802
4.57149 1.24315
4.90877 -1.21194
4.56501 0.703773
4.56391 0.736969
7.12421 -1.3121
7.84635 0.790672
4.60339 1.6321
4.60011 1.60199
5.40075 -2.12172
5.34084 -2.0703
5.8139 3.37684
5.79538 3.37846
7.67722 1.57464
7.60782 -0.560294
4.6422 1.91922
5.32658 -2.05435
4.6002 0.192612
5.8682 3.36895
5.01436 3.02024
4.95649 2.93026
6.29271 -2.02148
5.33209 -2.06095
4.625 -0.00360012
5.62109 3.38154
4.57438 1.29491
4.57377 1.28492
4.59264 0.263501
4.56302 0.785189
4.56326 0.767803
4.92219 2.86914
5.67768 3.38469
6.59026 -1.81874
4.56359 0.960038
4.56898 1.18111
4.88396 -1.13345
4.56631 0.670232
7.0346 2.6498
6.489 3.11194
4.60662 1.66079
4.59605 1.56179
7.63011 -0.509783
