7.59043 0.0439322
7.60223 0.0935422
7.56115 1.25589
7.55468 1.28144
5.32972 -1.44581
5.34447 -1.46672
4.79751 1.29935
4.80127 1.34603
5.02392 -0.755991
5.00343 -0.690038
4.89156 -0.249037
4.88893 -0.235663
5.49357 -1.63961
5.44085 -1.58646
5.08933 -0.947082
5.11204 -1.00697
6.60856 2.71616
6.57573 2.74074
6.90587 2.45141
6.94403 2.40976
4.80477 0.322409
4.80932 0.276829
4.782 0.781626
4.78034 0.828601
5.08774 2.50538
5.12322 2.57074
4.9957 2.29264
5.0082 2.32694
6.16143 -1.73279
6.19159 -1.72155
7.18716 -0.867966
7.16157 -0.905806
6.15005 2.96411
6.23376 2.9322
5.93966 3.01444
5.86836 3.02013
6.6307 -1.46268
6.5366 -1.53209
7.09805 2.22229
7.06277 2.26854
7.54353 -0.140116
7.50782 -0.248775
7.62149 0.202959
7.62377 0.216319
7.40687 -0.489894
7.38333 -0.538967
7.41598 1.67531
7.41406 1.67963
7.48445 1.50256
7.48156 1.51045
5.33247 2.83778
5.32444 2.83042
5.52937 2.96487
5.52846 2.96446
7.63913 0.345461
7.62766 0.24838
5.25707 -1.32312
5.24515 -1.30265
4.80266 1.3613
4.81514 1.47684
4.83852 1.64659
4.84807 1.708
5.84619 -1.78935
5.86367 -1.78929
5.63174 -1.73235
5.64747 -1.7411
4.97649 -0.599282
4.965 -0.55645
5.16216 -1.12922
5.14129 -1.08214
4.89115 1.93279
4.89379 1.94344
4.83444 0.0794309
4.81959 0.188382
5.18702 2.67144
5.14418 2.60783
4.93331 2.09555
4.96906 2.2175
6.23513 -1.70463
6.31665 -1.66493
6.04052 -1.77064
6.04772 -1.76863
7.03542 -1.06895
7.01296 -1.09552
6.31752 2.89562
6.3682 2.86956
5.81183 3.02236
5.73216 3.01735
6.43196 -1.60113
6.45813 -1.58406
6.7338 -1.37785
6.73188 -1.37959
7.27299 -0.738662
7.28062 -0.726081
7.64603 0.442908
7.6417 0.378926
7.64879 0.625688
7.64935 0.557602
7.63143 0.892975
7.63095 0.897071
4.91453 -0.352249
4.92168 -0.382951
6.55745 2.75389
6.47795 2.80618
7.10206 -0.986944
7.1051 -0.983068
6.89527 -1.22343
6.83686 -1.28298
7.29818 1.91224
7.28081 1.9441
4.78141 0.95931
4.78168 0.993811
4.79443 0.446505
4.79293 0.465784
4.87172 -0.144347
4.86237 -0.0939008
7.45435 -0.385253
7.46165 -0.368476
7.58651 1.15295
7.57415 1.20584
7.54419 1.31962
7.53255 1.35849
6.73041 2.61953
6.80468 2.55223
6.96786 -1.14837
6.96826 -1.14793
7.15688 2.1415
7.1643 2.13077
7.64006 0.804156
7.6452 0.735704
7.50723 -0.25044
7.54637 -0.130593
7.50198 -0.264356
7.42196 -0.459223
7.34865 -0.607052
7.35928 -0.586592
7.45143 1.59035
7.51151 1.42572
4.79195 1.22313
4.78657 1.11796
5.70577 -1.76382
5.7046 -1.76348
5.59508 -1.71342
4.80421 0.328344
4.79886 0.390446
4.78552 0.600855
4.78384 0.651294
4.78044 0.865007
5.04549 2.41771
5.03877 2.40092
6.6898 2.65239
6.72923 2.62053
7.59208 1.12828
7.59308 1.124
7.62085 0.96561
7.61061 1.0327
4.89884 -0.283412
4.93893 -0.45481
7.346 1.82263
7.3292 1.85521
7.26283 1.97475
7.27528 1.95372
7.44952 1.5951
4.78431 1.04013
4.785 1.08839
4.79298 1.2394
6.65038 2.68505
6.65615 2.6804
4.78677 0.57215
4.78944 0.520901
4.78254 0.699789
4.78144 0.733875
7.06813 -1.02883
7.09726 -0.993206
6.96709 -1.14922
7.23855 2.01554
7.22665 2.03476
5.05475 2.43864
7.5493 -0.120385
4.94696 -0.486624
7.60371 0.101826
7.58008 -0.00305092
5.43028 2.91181
5.41734 2.90315
5.29277 -1.38573
5.36817 -1.49765
4.80243 1.35907
4.79724 1.29593
4.86814 1.82149
4.8659 1.80929
5.05392 -0.850072
4.99334 -0.656838
5.49674 -1.64211
5.41989 -1.56499
5.1242 -1.039
5.05772 -0.861585
6.56676 2.74729
6.64365 2.69056
6.99468 2.35275
6.87598 2.48204
5.1339 2.59059
6.21528 -1.7121
6.13726 -1.74265
7.14487 -0.92812
7.21967 -0.821228
6.07206 2.98728
6.25619 2.92354
6.00719 3.00293
5.83549 3.02274
6.53082 -1.53633
6.63703 -1.45754
7.02193 2.31967
7.1146 2.20034
7.64879 0.534815
7.64643 0.450624
6.37443 2.86599
6.42259 2.83956
7.62395 0.217514
7.37834 1.75771
5.62963 2.99876
5.53223 2.96583
5.28919 2.79368
5.24587 2.74868
7.63953 0.349597
5.23316 -1.28053
5.40311 -1.54414
5.20239 -1.21706
4.8184 1.50259
4.83037 1.59314
4.82477 1.55258
4.86314 1.79339
4.88499 1.90488
5.75129 -1.77659
5.81144 -1.78503
4.9591 -0.53416
5.05484 -0.852908
5.05537 -0.854659
5.18113 -1.17045
4.91773 2.04044
4.83946 0.0456571
4.81813 0.200064
5.23644 2.73768
6.33414 -1.6567
6.96948 -1.14654
7.05777 -1.0419
6.30847 2.90008
6.0551 2.99245
5.66304 3.00619
6.04449 2.9953
6.73161 -1.37983
6.42946 -1.60255
6.82083 -1.29804
7.31931 -0.658954
7.25505 -0.767162
7.64824 0.667112
6.47177 2.81023
7.10073 -0.988707
4.853 -0.0390191
7.57 1.2234
7.59145 1.13143
7.51597 1.41301
7.59997 1.08565
7.60931 1.04011
6.81781 2.54001
6.72976 2.62008
7.00911 2.33555
7.16666 2.1272
7.21092 2.05921
7.63272 0.881013
7.64656 0.715723
7.46656 -0.356666
7.37369 -0.558338
7.34569 -0.612591
7.63173 0.890591
7.37371 1.76752
7.31105 1.8893
5.94351 -1.78664
5.98452 -1.78074
4.81112 0.259945
4.97438 2.23398
6.0581 -1.76543
5.53209 -1.66997
5.56978 -1.69814
7.37632 1.76199
7.57479 -0.0250815
5.91348 -1.78876
4.81099 0.260973
6.01628 -1.77531
5.65909 -1.74661
5.57036 -1.69849
