7.69075 -0.27794
7.71335 -0.20777
5.50802 3.31506
5.42677 3.29034
5.08888 3.04374
5.11346 3.07311
7.80272 0.192315
7.81464 0.287712
4.59349 1.10437
4.59344 1.10337
4.61963 1.51067
4.62387 1.55166
4.59672 0.59207
4.59696 0.58615
4.92769 2.7926
4.94371 2.82411
4.66696 -0.0994156
4.65538 -0.0222861
7.51862 -0.683065
7.5072 -0.705277
6.26881 3.19706
6.3737 3.14259
4.75178 2.29942
4.73934 2.24882
5.73785 3.3387
5.71254 3.33915
6.68339 2.93527
6.72586 2.90182
6.87427 -1.53426
6.85564 -1.55215
7.40126 -0.8898
7.38713 -0.912372
7.46369 1.99348
7.44922 2.02048
7.6322 1.62184
7.61705 1.66129
7.72715 1.32637
7.74019 1.27695
7.75608 -0.05049
7.77309 0.0251301
7.62837 -0.445704
7.60996 -0.490916
5.30826 3.23466
5.31312 3.23702
5.20175 3.15813
5.20892 3.16497
5.00228 -1.37554
5.01851 -1.41914
5.12542 -1.663
5.09325 -1.59584
6.52508 3.04896
6.55973 3.02598
4.5986 1.23459
4.60216 1.29503
4.65339 1.79466
4.65522 1.80833
6.13058 -2.06347
6.19583 -2.03184
5.75255 -2.16513
5.78737 -2.16538
5.58142 -2.14622
5.59037 -2.14971
4.78168 -0.659014
4.77352 -0.626614
4.83492 -0.860717
4.82478 -0.823595
5.17366 -1.75456
5.19006 -1.78373
4.62489 0.218134
4.62207 0.244435
4.70756 2.10761
4.71201 2.12771
6.14866 3.24836
6.25962 3.20147
6.9149 2.73255
6.84929 2.79538
6.64496 2.96476
6.39628 -1.91531
6.33524 -1.9524
6.79745 -1.6059
6.73981 -1.65595
6.99085 -1.41794
6.91744 -1.4927
7.27234 -1.08071
7.30156 -1.04089
7.82829 0.511278
7.82654 0.446233
4.58969 0.913362
4.58965 0.91165
4.92142 -1.14636
4.92815 -1.16825
4.73467 -0.453782
4.7505 -0.527091
5.27904 -1.91975
5.26687 -1.90235
7.00077 -1.40773
7.00391 -1.4045
7.0164 2.62831
7.00441 2.64124
7.14029 -1.25158
7.13941 -1.25267
7.80366 0.950276
7.80531 0.937618
4.69225 -0.245948
4.69112 -0.239725
7.82801 0.618205
7.8275 0.663254
7.72563 -0.166284
7.67411 -0.326088
6.063 -2.09167
6.09118 -2.08145
5.60931 -2.15313
5.69028 -2.1666
7.04785 -1.3559
7.07098 -1.33053
6.39816 3.12785
6.26182 3.20056
7.78679 1.05663
7.7699 1.14708
7.38549 2.13214
7.35377 2.18455
7.30262 2.26451
7.30723 2.25752
7.21386 2.38896
7.2441 2.34794
7.6773 1.49334
7.68694 1.46418
7.65192 -0.385891
7.59325 -0.528225
7.57603 -0.566636
6.58859 3.00634
6.50305 3.06376
4.64085 1.70345
4.63802 1.67998
4.61537 1.46794
4.61166 1.42334
5.98819 -2.12045
5.90272 -2.14561
5.93727 -2.13622
5.86841 -2.15201
5.88674 -2.14957
5.59579 -2.15128
5.53196 -2.12876
4.85519 -0.934073
4.96265 2.85669
4.99162 2.90822
5.94302 3.31176
5.98629 3.30075
6.03445 3.2877
6.0948 3.26675
6.12781 3.25573
6.26092 3.20095
6.44475 3.10038
5.62497 3.33473
5.66079 3.3378
6.79981 2.8385
6.2979 -1.97578
6.44385 -1.88285
6.89979 -1.51056
4.5905 0.978085
4.59049 0.976861
4.5982 1.2276
4.59571 1.16736
4.86776 -0.975555
4.89199 -1.05393
4.613 0.341327
4.60504 0.450669
4.63918 0.097153
4.63326 0.143181
4.59217 0.694036
4.59378 0.654387
4.79511 2.45131
4.80565 2.48559
4.76971 2.36729
4.76267 2.34252
7.12299 2.5063
7.12411 2.50499
6.93949 2.70792
6.98413 2.66219
7.23031 -1.13737
7.2491 -1.11335
7.81672 0.833253
7.81351 0.869222
4.59331 1.04036
4.95145 -1.23857
4.95143 -1.23852
4.63015 1.6151
4.6335 1.64514
4.61728 1.4875
4.80743 -0.760358
4.79578 -0.714894
5.42039 -2.0636
5.42646 -2.06863
4.60184 0.523954
7.53855 1.84338
7.54734 1.82466
4.90151 2.73641
4.88119 2.68848
4.60569 1.34841
4.60648 1.35918
4.66356 1.86673
4.66437 1.8725
4.86324 -0.96075
5.35128 -2.00306
5.35123 -2.003
5.15412 -1.72015
5.14274 -1.69973
4.60392 0.466157
4.61547 0.313751
5.86886 3.32546
5.84565 3.32848
4.71247 -0.350427
4.71916 -0.382396
5.02934 2.96493
5.02333 2.95712
5.21811 -1.83135
5.22289 -1.83815
4.68826 2.01023
4.68623 2.00036
4.86271 2.64658
4.84784 2.60837
6.49544 -1.84798
6.54677 -1.80981
4.64637 1.74415
6.24794 -2.00382
6.28251 -1.98411
4.58918 0.847877
4.58979 0.786331
5.40763 3.2832
5.5748 3.32848
5.12577 3.08611
5.07525 3.02599
7.81775 0.320408
7.79708 0.153547
5.04966 -1.4983
5.05405 -1.50843
4.674 1.93449
4.67109 1.91687
7.45503 -0.800727
7.56233 -0.595166
4.73397 2.22587
4.75384 2.30807
6.83049 -1.57546
7.35192 -0.965943
7.43375 -0.8371
7.42519 2.06361
7.49253 1.93823
7.25874 2.3274
7.30137 2.26636
7.64898 1.57714
7.59738 1.71047
7.7483 1.24324
7.71478 1.37177
7.82274 0.764976
7.82228 0.775348
7.78212 0.0694394
7.74608 -0.0907498
5.21012 3.16596
5.30745 3.23417
5.60921 3.33368
7.82509 0.419208
4.98451 -1.32905
5.05713 -1.51509
5.13433 -1.68229
4.67494 1.93956
4.75721 -0.556942
4.78549 -0.674023
5.20954 -1.81833
5.15938 -1.72942
4.71967 2.16479
4.69884 2.06404
7.44885 -0.811599
5.91492 3.31756
6.69593 -1.69409
6.64564 -1.73432
6.59982 -1.77119
7.31295 -1.02425
7.82891 0.553556
7.58242 1.74569
7.58995 1.72812
5.23872 -1.86113
5.32174 -1.97021
4.77182 2.37435
4.78713 2.42645
7.06549 2.57347
7.8107 0.891444
7.80294 0.95613
4.67391 -0.140409
4.69555 -0.263947
4.81976 2.5291
4.82784 2.55422
4.84067 2.58994
7.16188 2.45736
7.12512 2.50375
7.79439 1.01051
7.76308 1.17964
7.1835 2.42935
7.50089 1.9216
7.40298 2.10258
7.34464 2.19911
7.70354 1.40973
7.65678 1.55431
4.58919 0.851847
4.95142 -1.23846
4.5912 0.71896
4.59116 0.720228
7.13811 -1.25419
7.82191 0.781502
4.63422 1.65124
4.62701 1.58634
5.46095 -2.09078
5.41526 -2.05909
5.81659 3.33267
5.77489 3.33633
5.50435 -2.1164
5.35135 -2.00314
4.62954 0.174592
5.01861 2.95054
5.3847 -2.03391
5.67186 3.33808
6.23507 -2.01068
4.60743 1.37158
4.6473 0.0366774
4.62043 0.263048
4.58982 0.784753
4.58984 0.783211
6.59525 -1.77481
7.14432 -1.24648
4.59047 0.975624
4.90536 -1.09715
6.48451 3.07611
5.5045 -2.11647
4.62643 1.58065
5.96998 -2.12576
