6.41083 2.22395
6.37055 2.24498
5.80009 2.29712
5.78095 2.28976
6.62626 -0.815292
6.64613 -0.799403
7.15047 1.24075
7.15011 1.24186
5.20208 0.988041
5.20792 1.07363
5.45298 -0.519065
5.43453 -0.477167
5.54766 -0.693995
5.56144 -0.716226
5.48443 2.02229
5.4731 2.00326
5.92628 -1.02411
5.84138 -0.988072
6.11617 -1.04789
6.18987 -1.03834
7.10757 -0.139018
7.14249 -0.0457175
5.20309 0.550048
5.20885 0.470424
7.24493 0.440737
7.23422 0.34235
5.98492 2.33856
6.02825 2.33708
6.18249 2.31749
6.19539 2.31483
6.77659 -0.670204
6.80676 -0.63553
6.53421 -0.886427
6.45612 -0.934837
6.97285 -0.404936
6.94499 -0.449971
7.21975 0.960349
7.21732 0.974632
7.24489 0.754194
7.24905 0.700427
5.38756 -0.365319
5.37217 -0.320831
5.31646 1.65799
5.31723 1.66016
5.26166 1.44374
5.24417 1.35595
5.22236 1.21948
5.22683 1.25114
5.39069 1.85086
5.40425 1.8804
5.61052 2.17282
5.58639 2.15001
6.8069 1.87757
6.82522 1.85503
7.03772 1.51744
7.02726 1.53803
6.89107 1.76713
6.93063 1.70721
5.74178 -0.922117
5.66757 -0.851103
6.3106 -1.00565
6.22121 -1.03236
7.07528 -0.213313
7.05684 -0.253306
7.18647 0.0995382
7.20665 0.182675
5.24608 0.170136
5.26457 0.0771526
5.19616 0.804548
5.19648 0.837992
5.2266 0.303222
5.24302 0.188287
7.25155 0.617952
7.25189 0.58823
7.11912 1.32872
7.12133 1.32253
7.19213 1.08899
7.17478 1.15582
7.21157 1.00555
7.19695 1.0708
7.21606 0.982234
7.2316 0.878239
6.74046 1.9574
6.73447 1.96354
5.31187 -0.12792
5.29697 -0.0679825
6.57287 2.11216
6.60697 2.08522
6.74572 1.95157
6.65431 2.04187
6.61287 2.07987
6.83936 1.83676
6.86622 1.80217
5.32771 -0.180844
5.33173 -0.194664
6.35656 2.25217
6.31493 2.27153
7.23806 0.832394
5.2873 -0.0274803
5.28205 -0.00465705
5.1963 0.741331
5.19655 0.707686
6.52039 2.15373
6.48652 2.17623
5.69021 2.2384
5.88206 2.32365
6.84509 -0.588523
6.87874 -0.54553
6.55507 -0.870937
6.65244 -0.794022
5.2103 1.10486
5.19932 0.93834
5.47319 -0.562242
5.41229 -0.425496
5.60402 -0.774049
5.53051 -0.664637
5.28716 1.5521
5.27587 1.5053
5.43497 1.93825
5.49359 2.03623
6.98597 1.61442
6.9517 1.67311
5.83327 -0.984194
5.97161 -1.03505
6.21283 -1.03488
6.07389 -1.04652
7.10235 -0.152109
7.15157 -0.0184006
5.27408 0.0307624
5.19979 0.606532
5.21291 0.425538
7.22934 0.307838
7.24704 0.467211
5.95012 2.3345
6.08956 2.33477
6.20062 2.31305
6.30253 2.27724
6.4203 -0.955884
6.3359 -0.99445
5.68172 2.2329
6.72879 -0.719737
6.90869 -0.50419
7.00568 -0.349036
7.08513 1.41538
7.08733 1.41009
5.19697 0.869305
5.22141 1.21171
5.39421 -0.382025
5.36702 -0.305648
5.49889 -0.609748
5.65201 -0.834995
5.35316 1.75911
5.31524 1.65408
5.23986 1.333
5.54337 2.1002
5.37994 1.82504
7.07102 1.44661
6.87125 1.7953
5.74482 -0.924377
6.02062 -1.04485
7.05186 -0.263083
7.17745 0.0656892
7.2132 0.215073
5.34297 -0.230947
5.31284 -0.131314
5.24386 0.18294
5.19611 0.772848
5.22311 0.331101
5.1973 0.676851
7.25184 0.582267
6.53266 2.14431
6.5438 2.13576
7.2496 0.685065
7.0895 1.40486
7.14263 1.263
7.23875 0.826055
6.43686 2.20758
7.15091 1.23949
6.47664 2.18269
