4.57332 -1.38335
4.5726 -1.38016
8.0288 -0.313526
8.04777 -0.25154
4.66845 -1.77745
4.68268 -1.83106
4.25036 1.35826
4.24625 1.30545
4.23995 0.850272
4.23907 0.801629
6.85028 3.2939
6.81333 3.32445
4.36285 -0.432435
4.3735 -0.489882
4.30684 2.06002
4.30996 2.0873
4.87316 -2.57278
4.86979 -2.55731
4.29323 0.00461213
4.2903 0.0282479
4.26539 0.269924
4.26525 0.271294
7.81859 -0.833168
7.85327 -0.7629
5.34004 -3.11224
5.32136 -3.11759
7.82589 2.00349
7.86022 1.92679
5.03464 3.83617
5.05073 3.84496
4.84741 -2.47594
4.8514 -2.48844
7.13657 3.02331
7.20353 2.95305
8.11086 1.08425
8.09245 1.1867
5.27656 -3.12415
5.23354 -3.13017
7.44397 2.65767
7.46626 2.62776
4.63353 3.40068
4.65717 3.44686
4.74159 3.57752
4.7416 3.57754
5.51838 -3.03909
5.52213 -3.03681
7.97527 1.6294
7.98382 1.60363
8.15781 0.594943
8.15552 0.674712
4.93082 -2.76618
4.9114 -2.69997
5.15156 -3.11566
5.13172 -3.10251
5.06777 -3.05127
5.09068 -3.0752
4.99361 -2.92958
5.01197 -2.96184
4.95977 -2.84535
4.95546 -2.83277
4.70653 -1.92274
4.71854 -1.97464
4.65095 -1.70319
4.62963 -1.61469
6.64513 3.45756
6.59927 3.49048
5.99372 3.82398
6.00176 3.8208
5.68151 3.91476
5.76483 3.89692
6.24715 3.70856
6.2648 3.69976
7.07516 3.08683
7.26345 2.88495
7.21523 2.94037
7.6305 -1.15991
7.66076 -1.11294
7.52945 -1.30941
7.54054 -1.29372
7.00298 -1.91746
7.06632 -1.8546
6.83771 -2.07397
6.87519 -2.04051
6.65925 -2.23117
6.64626 -2.2418
7.95367 -0.531065
7.93492 -0.578953
8.15632 0.429945
8.15574 0.415668
4.26386 1.61853
4.26351 1.61413
5.57201 3.92989
5.63399 3.92227
7.68784 -1.0692
7.74015 -0.97976
4.53449 3.16992
4.55265 3.22044
6.95184 3.20408
6.97969 3.17795
4.32908 2.22397
4.33642 2.27421
7.16014 -1.75449
7.20499 -1.70584
5.97474 -2.76023
5.9841 -2.7538
6.03432 -2.7184
6.06635 -2.69505
4.5721 -1.37798
4.57242 -1.37935
4.61693 -1.56471
4.23877 0.992304
4.23867 0.977274
4.25565 1.48956
4.25545 1.48583
5.8771 3.86533
5.82854 3.87861
4.40438 -0.640767
4.38623 -0.554453
4.25082 0.47246
4.25129 0.464508
5.48967 3.93519
5.48383 3.93552
4.34384 2.31457
4.34999 2.36175
4.33417 -0.271559
4.32408 -0.20985
7.90939 1.8085
7.94342 1.71987
7.72955 2.1997
7.76893 2.12282
4.36899 2.48818
4.37038 2.49672
4.39661 2.64057
4.40813 2.70162
4.93141 3.77244
4.93891 3.77743
5.1739 3.89383
5.18156 3.89645
5.32401 3.92674
5.35046 3.92936
8.05968 1.33781
8.06198 1.32881
7.358 2.77143
7.40017 2.71699
7.48626 2.59951
7.52834 2.53834
6.92181 -1.99601
6.97124 -1.94954
7.60216 2.42368
7.63683 2.36682
4.58102 3.28873
4.58713 3.30442
5.41006 -3.08783
5.42202 -3.08352
4.7336 -2.03754
4.74582 -2.07923
4.78954 -2.24865
4.8 -2.2869
4.75617 -2.12025
4.76349 -2.14842
8.02755 1.46039
8.00495 1.53881
5.86415 -2.83386
5.89948 -2.81107
5.66835 -2.95712
5.74772 -2.90815
6.52312 -2.34513
6.53207 -2.33813
8.06371 -0.194179
7.99516 -0.418611
7.96988 -0.488058
6.66402 3.44301
6.70794 3.40939
6.87996 3.26786
6.91595 3.23625
5.95812 3.83754
5.98813 3.82636
6.04315 3.80384
6.07838 3.78871
5.78874 3.89003
5.65116 3.92006
4.2895 1.91507
4.29153 1.93278
4.31901 2.15561
6.2088 3.7283
6.15103 3.75536
6.43149 3.60376
6.42548 3.60727
6.48701 3.56837
6.48665 3.56862
4.44219 2.85542
4.44323 2.85992
7.29219 2.85229
6.75095 -2.15141
6.7783 -2.12805
7.08163 -1.83842
4.74149 3.57738
8.15258 0.723803
8.14791 0.788303
6.32687 -2.50065
6.34149 -2.48964
6.45262 -2.40178
6.46853 -2.38925
6.57451 -2.30214
6.59566 -2.28475
6.70718 -2.18935
4.65797 -1.73225
8.15501 0.402551
8.15879 0.54439
4.51585 -1.13955
4.52265 -1.16805
4.48964 -1.0284
4.49279 -1.04192
4.24548 0.58359
4.24499 0.594913
4.48183 3.00319
4.47566 2.98302
7.41224 -1.46508
7.43052 -1.44214
7.31557 -1.58235
7.34338 -1.54969
4.43944 -0.80454
4.4362 -0.78955
4.46404 -0.916825
4.46381 -0.915757
4.24011 1.09002
4.24037 1.10427
6.18834 -2.6058
6.16814 -2.62121
8.01174 -0.369218
4.88431 3.7347
4.84544 3.69831
8.13226 0.151707
8.12995 0.135
4.4768 -0.972642
4.47826 -0.97884
4.24204 0.72327
4.23955 0.772198
7.05275 3.10899
7.01549 3.14442
6.748 3.37811
6.77456 3.35617
4.3032 2.03599
4.29888 1.99639
4.28066 1.81951
4.27926 1.80556
4.83162 -2.4126
4.82687 -2.39573
8.13916 0.871673
8.14461 0.824716
8.12962 0.956341
8.13463 0.917835
4.51943 3.12783
4.51315 3.10775
5.66728 -2.9578
5.60756 -2.99031
5.66648 -2.9583
5.80474 -2.87291
8.08227 -0.1222
7.93007 -0.590787
7.92566 -0.601856
6.54158 3.53155
6.54662 3.52791
8.15869 0.563903
4.27799 1.79279
4.27371 1.74196
7.26406 -1.64144
7.24319 -1.66486
5.93824 -2.78509
5.90265 -2.80888
8.1343 0.166236
8.14008 0.21843
4.69605 -1.88512
4.24513 1.23127
4.24542 1.2836
6.32057 3.6694
6.36106 3.64563
7.30999 2.83014
7.33024 2.80603
4.78935 3.63833
4.8335 3.68652
6.22534 -2.57811
6.26874 -2.54554
8.14665 0.284684
8.14558 0.273244
4.246 1.29477
4.25194 1.41438
4.23948 0.786773
4.23872 0.898718
4.38277 -0.537079
4.35911 -0.412348
4.90079 -2.67067
4.88906 -2.6256
4.86171 -2.52605
4.85409 -2.49726
4.27802 0.139469
4.30608 -0.0914279
4.25642 0.385599
4.26693 0.253429
7.87461 -0.717016
7.79811 -0.872979
5.30161 -3.12228
5.34434 -3.11035
7.86919 1.90585
7.81552 2.02608
4.37093 2.49967
4.38848 2.59965
4.5044 3.07879
4.49359 3.04544
5.25138 3.91417
5.1945 3.89977
8.11634 1.0505
8.08818 1.20827
5.21178 -3.12996
7.2984 -1.60251
4.66407 3.45796
4.62062 3.3769
4.55785 3.23369
4.56225 3.2444
5.58568 -3.00312
5.51019 -3.04353
4.93868 -2.78528
5.105 -3.08801
5.16404 -3.11996
5.05534 -3.03127
5.03007 -2.99885
4.98437 -2.90414
4.96137 -2.851
8.14771 0.295847
8.11159 0.0163769
8.11611 0.0410997
8.10523 -0.0163553
7.75632 -0.950566
7.9051 -0.648903
7.67938 -1.08322
7.61655 -1.18157
7.58042 -1.23519
7.5089 -1.33833
6.39042 -2.45135
6.405 -2.44014
4.50264 -1.08405
4.50759 -1.10499
4.25925 1.55271
4.26837 1.67828
4.46099 2.92867
4.45862 2.92053
7.36489 -1.52357
7.38741 -1.49623
5.94204 -2.78242
5.98561 -2.75283
6.02525 -2.72445
6.08303 -2.68361
4.52922 -1.19494
4.54535 -1.26232
4.23882 0.92877
4.23916 1.04077
4.25273 1.42868
4.25908 1.54998
4.34414 -0.327101
4.41595 -0.698155
4.255 0.404634
4.24775 0.529717
5.43493 3.9348
5.49906 3.93465
5.39952 3.93404
4.31199 -0.132421
4.27698 0.149321
7.7794 2.10144
7.9029 1.82479
7.94653 1.71143
7.72051 2.21711
4.35446 2.39243
4.42567 2.78358
4.93038 3.77163
4.98972 3.81115
5.07828 3.8573
5.11475 3.87325
5.29748 3.92221
8.06247 1.32673
8.03177 1.44538
7.54857 2.50806
7.58659 2.44874
7.42278 2.68744
7.45781 -1.40685
7.47704 -1.38193
7.68375 2.28475
7.64289 2.35655
4.60615 3.34436
4.69731 3.5139
4.55619 3.22986
4.80783 -2.3196
4.78204 -2.21768
4.81797 -2.35611
8.00341 1.5438
5.90176 -2.80953
5.84028 -2.84899
6.09803 3.78057
6.2948 3.6834
4.43006 2.80464
4.44672 2.87413
6.278 -2.53879
6.51458 -2.35216
6.63433 -2.25209
4.26917 1.68758
4.24341 0.647434
4.42704 -0.748466
4.44984 -0.852659
4.4516 -0.860783
4.46592 -0.925339
4.2419 1.15456
6.10709 -2.66536
4.24245 1.18066
4.24247 0.672651
5.37815 -3.1001
5.45015 -3.07164
4.42244 -0.726444
5.3514 -3.10811
6.36914 3.64086
7.67369 2.30269
4.77087 -2.17831
5.82651 -2.85804
8.09247 -0.0789378
6.12102 3.76965
4.29392 1.95254
6.47974 3.57306
4.4281 2.7953
