6.40626 2.28568
6.39634 2.29085
7.18826 1.24214
7.19645 1.21662
5.16407 1.01151
5.1667 1.0501
5.38053 -0.47004
5.41207 -0.541656
5.50313 -0.718582
5.55313 -0.799222
5.43959 2.05126
5.39621 1.97838
5.55845 2.20646
5.57994 2.22865
7.15414 -0.12531
7.17291 -0.0751684
5.23015 0.0404272
5.22652 0.0589207
5.16549 0.528681
5.16787 0.495725
7.27917 0.406643
7.27343 0.353891
6.71303 2.04763
6.75806 2.00087
6.02612 2.40063
5.98021 2.40219
6.19091 2.37531
6.12581 2.38871
5.72859 2.33513
5.77534 2.35817
6.76496 -0.749523
6.83789 -0.665677
6.52096 -0.956742
6.49523 -0.972697
6.7608 -0.754036
6.67902 -0.831246
7.03137 -0.388172
6.9751 -0.479123
7.26412 0.916166
7.25395 0.975982
7.28087 0.777997
7.28055 0.782174
5.33621 -0.347834
5.3263 -0.31917
5.61561 -0.878827
5.55548 -0.80289
5.2223 1.46917
5.21862 1.45073
5.27786 1.68293
5.26254 1.62894
5.18561 1.24322
5.1978 1.32948
5.34926 1.87763
5.3851 1.95574
6.83534 1.91077
6.8633 1.87637
6.95787 1.73902
6.92137 1.79431
7.06519 1.54951
7.07824 1.52239
5.92148 -1.09385
5.99107 -1.10762
5.73658 -0.99769
5.77273 -1.02215
6.11166 -1.11339
6.03884 -1.11331
6.30621 -1.06935
6.282 -1.07659
7.03911 -0.374502
7.08636 -0.281891
7.22909 0.112083
7.23869 0.151653
5.26257 -0.0983144
5.27119 -0.131055
5.15702 0.828717
5.15712 0.838923
5.19057 0.282749
5.2003 0.214667
6.61482 2.13923
6.60214 2.1504
7.28726 0.662378
7.2881 0.589565
7.14733 1.36166
7.17088 1.29553
7.20742 1.17913
7.21804 1.13986
7.24867 1.00782
7.2694 0.879632
5.28966 -0.202463
5.2838 -0.181061
5.25497 -0.0677215
6.53329 2.20282
6.54981 2.19056
6.81116 1.94002
6.77549 1.98153
6.67135 2.08835
6.65263 2.10553
5.35438 -0.399453
5.36959 -0.44153
6.35201 2.31365
6.34139 2.31859
7.27227 0.859234
5.25037 -0.0484639
5.24023 -0.00439719
5.15727 0.719149
5.15734 0.708613
5.87675 2.39006
5.92031 2.39521
6.6386 -0.867502
6.59042 -0.905163
6.92826 -0.549084
6.90973 -0.575535
5.17263 1.12812
5.15871 0.915159
5.44375 -0.609351
5.3719 -0.447801
5.55449 -0.801401
5.46682 -0.656427
5.24829 1.57721
5.22377 1.47556
5.39039 1.96705
5.4865 2.12264
5.63373 2.27382
5.51051 2.15138
7.01421 1.6474
7.00956 1.65536
5.8283 -1.0563
5.88251 -1.07928
6.20844 -1.09864
6.15634 -1.10651
7.13199 -0.18081
7.19614 -0.00528203
5.22565 0.0634492
5.15949 0.631418
5.17613 0.404634
7.26228 0.27504
7.28488 0.47835
5.85615 2.38446
6.08495 2.39693
6.26847 2.34895
6.29799 2.33858
6.40741 -1.02428
6.38867 -1.03285
5.67579 2.30521
6.76244 -0.752316
6.8904 -0.601287
7.03667 -0.379043
7.11227 1.44707
7.12702 1.41155
5.15797 0.893386
5.17879 1.18738
5.30823 -0.265973
5.34745 -0.380332
5.4554 -0.633764
5.64649 -0.915264
5.3112 1.78622
5.30995 1.78277
5.202 1.35746
5.49391 2.13216
5.31209 1.7884
7.02508 1.62729
6.89861 1.82724
5.68637 -0.95339
6.01595 -1.11259
7.10215 -0.24828
7.20868 0.0354572
7.25394 0.227063
5.30407 -0.253051
5.20846 0.162825
5.15693 0.773775
5.18127 0.35693
5.15865 0.654891
7.28773 0.546537
6.57471 2.17145
6.625 2.13055
7.28638 0.68642
7.14156 1.3765
7.17914 1.27245
7.23343 1.08314
7.2357 1.07223
7.23936 1.0562
5.29865 -0.23556
5.27597 -0.151468
6.51574 2.2165
6.86918 1.86848
7.28034 0.784647
6.48769 2.23447
7.28581 0.70275
6.86798 1.87018
6.50105 2.22611
