6.37804 2.66675
6.3368 2.68695
5.54499 2.70885
5.53158 2.70044
7.481 1.03281
7.4827 1.02432
5.03089 -0.229978
5.02097 -0.187321
5.09601 -0.484111
5.09843 -0.492108
5.02882 1.84384
5.00502 1.74443
6.74653 2.40192
6.67211 2.46668
4.91257 0.779501
4.91242 0.783947
5.36527 2.55958
5.3519 2.54486
6.06748 -1.53319
6.15222 -1.51402
5.87983 -1.5379
5.87026 -1.53567
5.08717 2.04696
5.0889 2.05164
6.91152 -0.993364
6.90451 -1.00124
5.77427 2.79127
5.74623 2.78657
7.01702 2.09904
7.04857 2.05609
7.13814 1.92235
7.14336 1.91398
7.19086 -0.612041
7.16185 -0.659934
7.51634 0.743355
7.51839 0.718115
5.16707 -0.705176
5.15886 -0.681477
5.31535 -1.04463
5.33834 -1.08847
5.23175 -0.86844
5.21645 -0.830867
5.41552 -1.21168
5.39873 -1.18527
5.54287 -1.36371
5.51849 -1.34034
4.98152 1.62474
4.99793 1.71146
4.94762 1.39698
4.95508 1.45342
4.91644 0.650957
4.9165 0.649135
4.9136 0.905846
4.91368 0.913687
5.24955 2.40385
5.23893 2.38479
5.15945 2.23203
5.16959 2.25456
6.26088 -1.4779
6.23501 -1.48701
5.69925 -1.48028
5.73446 -1.49583
6.74484 -1.16032
6.764 -1.14342
7.24743 -0.510466
7.2281 -0.54705
7.34165 -0.311173
7.33557 -0.325839
7.43627 -0.042267
7.43686 -0.0402079
7.48835 0.188396
7.49015 0.198711
4.92818 0.447945
4.92771 0.453435
4.96093 0.152266
4.96922 0.0963135
6.15491 2.76012
6.16262 2.75801
5.95279 2.79914
5.97611 2.79586
6.45732 -1.37776
6.36691 -1.42866
6.65637 -1.23657
6.58572 -1.2905
7.39407 1.36893
7.40515 1.33597
7.46232 1.1235
7.45929 1.13843
7.51651 0.434129
7.51455 0.404073
7.52014 0.552386
7.52132 0.59816
5.00816 -0.12723
4.99786 -0.074166
7.0431 -0.833983
7.04331 -0.83372
7.42902 1.25673
7.4198 1.28992
6.82024 2.32988
6.75854 2.39036
6.95118 2.18454
6.94471 2.19236
6.40468 2.65151
6.44507 2.62854
7.35629 1.47928
7.36751 1.44839
4.91893 1.07963
4.91649 1.04234
4.91918 0.583862
4.91917 0.584023
4.91447 0.714319
4.91632 1.03751
6.5484 2.56115
6.57295 2.54458
7.50495 0.874677
7.5005 0.911578
5.06808 -0.383495
5.05952 -0.350026
7.18686 1.84041
7.19754 1.82154
6.32388 2.69356
6.28095 2.71309
4.91646 1.03998
5.11118 -0.533749
5.11713 -0.553182
7.37754 -0.221054
7.38061 -0.21312
7.26898 -0.46834
7.28459 -0.437114
7.37701 1.42076
4.9347 1.2805
4.92598 1.17432
5.0428 -0.281419
5.03498 -0.248225
5.08547 -0.448248
4.93869 0.334764
4.93986 0.322844
7.26062 1.69897
7.27671 1.66611
6.39175 2.6592
4.91252 0.775135
7.21036 1.79769
7.23311 1.75467
7.33596 1.53057
5.44691 2.63914
5.6274 2.74898
7.52019 0.635972
7.51929 0.695004
7.48863 0.984631
7.47819 1.04917
5.01902 -0.178517
5.27174 -0.957536
5.29221 -0.998501
5.47549 -1.28974
5.42738 -1.22936
5.00297 1.73571
5.04329 1.89753
6.65943 2.47742
6.74868 2.3999
5.30428 2.48368
5.40458 2.59845
6.16349 -1.51159
6.02452 -1.53703
5.78859 -1.51743
5.88963 -1.53862
5.12202 2.14044
5.08477 2.03983
7.08545 -0.773966
7.10288 -0.750041
6.91842 -0.985255
6.83914 -1.06923
7.29972 -0.405458
7.31953 -0.362384
7.46591 0.074124
7.46644 0.0764129
4.94519 0.273413
4.94929 0.239136
5.64741 2.75834
5.8491 2.79965
6.55624 -1.31253
6.48091 -1.36238
7.08454 2.00428
6.99778 2.12496
6.26988 2.71816
6.16721 2.75634
7.13957 -0.694887
7.22184 -0.558322
7.28488 1.64859
7.31097 1.58999
5.64436 2.75726
5.43588 2.62946
7.51403 0.782728
5.12665 -0.583226
5.15343 -0.665318
5.19502 -0.777543
5.36312 -1.12943
5.25152 -0.915233
5.61144 -1.42458
4.96319 1.51175
4.97692 1.59714
5.05761 1.95007
4.93809 1.31247
5.25931 2.41971
5.20237 2.31928
5.15188 2.21357
5.97289 -1.54228
6.26403 -1.47642
6.35957 -1.43276
5.62201 -1.43182
6.77458 -1.13377
6.97816 -0.913993
6.683 -1.21404
7.25707 -0.492258
7.35858 -0.269599
7.39964 -0.160714
7.40256 -0.152258
7.50452 0.300821
4.99409 -0.0539515
4.98515 -0.00281216
4.9225 0.520704
4.92277 0.516546
4.93342 0.388148
4.97938 0.0326546
6.05737 2.78403
5.93285 2.79996
7.50761 0.327614
6.5046 2.59098
6.52324 2.57856
7.04264 -0.834597
7.45219 1.16604
7.46723 1.10341
7.51948 0.501173
7.41752 1.29807
7.4409 1.21344
7.47137 1.08091
7.49477 0.950241
6.83442 2.31562
6.59103 2.53056
6.88796 2.25738
6.94134 2.19629
7.09723 1.98585
4.9193 0.581349
4.91653 0.647369
6.48713 2.60291
7.51269 0.797199
7.51054 0.819957
7.2487 1.72295
7.23604 1.74898
7.32194 1.56552
7.17918 1.85357
7.44388 1.2025
6.45685 2.6215
