7.72407 -0.30913
7.75968 -0.198526
6.17089 -2.11436
6.18751 -2.10531
5.02882 3.08143
5.03907 3.09369
5.03284 -1.60542
5.03981 -1.62331
5.12566 -1.80891
5.11562 -1.78797
4.64176 2.01916
4.63854 1.99988
4.61839 -0.0695873
4.61475 -0.0452915
7.56953 -0.672907
7.53565 -0.738801
6.38078 3.19915
6.332 3.22449
7.56416 1.88366
7.58513 1.839
4.6908 2.26147
4.68804 2.25028
7.32859 2.29945
7.29418 2.35034
7.72104 1.48922
7.71893 1.49582
7.76966 1.32237
7.77306 1.30947
7.76499 -0.178944
7.79088 -0.083069
7.80172 -0.0353347
7.8173 0.0339503
7.67671 -0.43606
7.66593 -0.462523
5.78363 -2.25106
5.82696 -2.24312
5.5809 -2.2469
5.58127 -2.24694
5.56255 3.40169
5.50329 3.39255
5.30308 3.31969
5.34645 3.34073
5.10743 3.17198
5.14329 3.20615
7.83905 0.158307
7.82146 0.0569861
7.86545 0.417924
7.8569 0.303564
4.95435 -1.4036
4.9695 -1.44433
6.58923 3.06716
6.59274 3.06483
4.56771 1.42314
4.56671 1.41205
4.60327 1.76353
4.60924 1.80811
4.79351 -0.884163
4.76731 -0.78833
5.46148 -2.2013
5.41029 -2.17204
5.92694 3.38059
6.01107 3.3578
6.09151 3.33258
6.15617 3.3083
5.66169 3.41025
5.65636 3.41036
6.88042 2.82944
6.8653 2.84391
6.78949 -1.676
6.78257 -1.68201
6.99505 -1.47751
6.95666 -1.5166
7.42958 -0.923171
7.44125 -0.904417
6.3897 -1.98506
6.38864 -1.98583
6.68618 -1.7655
6.58998 -1.84167
7.86948 0.526729
7.86926 0.51884
4.54768 0.913411
4.54714 0.887005
4.55192 1.12754
4.55326 1.1674
4.87661 -1.16939
4.88517 -1.19726
4.69408 -0.476758
4.698 -0.494866
5.19939 -1.93704
5.21608 -1.96092
4.56336 0.442643
4.5704 0.341431
4.55378 0.612674
4.55187 0.655069
4.72794 2.40951
4.71711 2.36878
7.20183 -1.24253
7.16726 -1.28549
7.84656 0.923309
7.85176 0.883573
4.65295 -0.268197
4.64234 -0.209788
7.86947 0.53006
7.86826 0.637635
4.84839 -1.07759
4.84602 -1.06932
7.75976 -0.198243
7.72147 -0.316639
6.25103 -2.06948
6.08668 -2.15528
7.06539 -1.4014
7.10891 -1.35365
6.46426 3.14887
6.26898 3.2577
4.75163 2.49598
4.74951 2.48883
4.79638 2.63093
4.78766 2.60543
7.14023 2.55243
7.16899 2.51773
7.82109 1.09056
7.81593 1.11814
6.49606 -1.91152
6.48992 -1.91624
7.49079 2.02995
7.49468 2.02266
7.41215 2.16801
7.40077 2.18681
7.24065 2.42501
7.25593 2.40428
7.68446 -0.41636
6.70442 2.98164
6.70161 2.98398
6.64565 3.02597
6.59567 3.06284
6.5362 3.10277
4.5984 1.72815
4.59256 1.67978
4.5731 1.49254
4.57266 1.48729
5.53434 -2.23439
5.4945 -2.21925
4.80872 -0.939201
4.86708 2.80508
4.89069 2.85738
4.67396 2.18854
4.67477 2.19278
5.8276 3.39998
5.88252 3.38961
6.03103 3.35272
6.18469 3.29533
6.04222 3.34969
6.479 3.14018
5.70824 3.40966
5.7953 3.4034
6.85391 2.85384
6.93057 -1.54301
7.03874 -1.43087
6.3781 -1.99249
6.69149 -1.76099
6.68907 -1.76311
5.97606 -2.20022
5.93527 -2.21489
6.0224 -2.18209
6.05255 -2.17057
4.54862 1.00246
4.54842 0.976911
4.55122 1.10391
4.90498 -1.25889
4.89425 -1.22577
4.56088 0.477792
4.56218 0.459449
4.57143 0.328996
4.59865 0.0742088
4.59798 0.0794597
4.55482 0.58987
7.61914 1.76183
7.62788 1.74141
6.98798 2.72168
7.02464 2.68412
7.27701 -1.14624
7.25469 -1.17575
7.85933 0.80647
7.85753 0.826597
5.88475 -2.22977
5.84053 -2.24084
4.55033 1.04041
4.55041 1.0794
4.91741 -1.29624
4.92898 -1.32995
6.69889 2.98618
4.67241 -0.373106
4.66815 -0.351088
4.76362 -0.774231
4.76606 -0.783777
4.5592 0.524648
4.55577 0.568331
4.65239 2.07727
4.66196 2.1272
4.67692 2.20275
4.8501 2.76867
4.83105 2.72373
6.74745 2.94501
7.6488 1.68921
7.66143 1.65711
7.61783 -0.573022
7.61065 -0.588833
5.71427 -2.25659
5.74637 -2.25574
5.58069 -2.24686
5.58013 -2.24671
4.61314 1.83543
4.6183 1.87229
5.2751 -2.04222
5.26222 -2.02723
7.29014 -1.12858
6.28086 -2.0527
4.5787 1.55145
4.5792 1.55672
4.96504 2.98986
4.96529 2.99026
4.56158 1.34311
4.55969 1.3126
4.60054 1.74394
5.33391 -2.10805
5.32971 -2.10353
4.57242 0.317804
4.57742 0.263748
4.54702 0.823434
4.54713 0.812533
5.65984 -2.2576
5.40272 3.36371
5.48133 3.38713
5.06422 3.12473
5.01196 3.05949
7.85507 0.285472
7.84085 0.169965
5.05239 -1.65367
5.00403 -1.53414
5.10233 -1.75993
5.15605 -1.86325
4.63167 1.96072
4.65002 2.06354
7.50753 -0.790252
7.59125 -0.629239
7.53853 1.93696
7.6097 1.78379
4.70222 2.30954
4.81321 2.67755
4.80858 2.6645
7.10218 2.59777
7.11184 2.58662
6.87149 -1.60045
6.89171 -1.58171
7.38049 -0.999613
7.40293 -0.965484
7.45226 2.10004
7.46721 2.0732
7.28526 2.3631
7.349 2.26865
7.69257 1.57304
7.74223 1.42109
7.78994 1.23932
7.74741 1.40404
7.86667 0.671579
7.86321 0.749626
7.7912 -0.0817477
7.81774 0.0360926
5.20457 3.25713
5.23589 3.27908
5.60475 3.40681
7.86641 0.434709
4.93716 -1.35339
4.97798 -1.46586
5.07876 -1.71085
4.71705 -0.579678
4.73136 -0.640804
5.39986 -2.1636
5.48862 -2.21696
5.19254 -1.92701
5.08583 -1.7255
4.62784 1.93622
7.47675 -0.844467
6.71713 -1.73889
7.36959 -1.01592
7.33555 -1.06568
7.86949 0.528046
5.98576 -2.19714
4.6843 -0.431704
5.24843 -2.00789
4.70878 2.33512
4.73269 2.428
7.85358 0.864489
7.84081 0.970336
4.63421 -0.162883
4.82243 -0.987989
4.85539 -1.10163
4.7484 2.4847
4.77998 2.58405
7.17803 2.50632
7.08438 2.61823
7.83889 0.982535
7.7962 1.2124
7.23551 2.43185
7.52787 1.9579
7.44953 2.10482
7.3709 2.23445
7.74693 1.40565
7.68822 1.5854
4.56373 1.37283
5.92834 -2.21678
4.81672 -0.967599
4.54706 0.876368
4.5545 1.20877
4.55629 1.252
4.58521 0.188267
4.5836 0.202808
4.54997 0.695057
4.54826 0.746578
7.11623 -1.34533
7.86039 0.795936
4.58578 1.62116
4.58467 1.61098
5.36848 -2.13831
5.33479 -2.10898
5.81235 3.40219
5.80715 3.40264
7.68326 1.59916
7.62539 -0.556789
4.99589 3.03658
4.62367 1.90772
5.28394 -2.05208
4.96578 2.99098
4.93656 2.94277
6.28974 -2.04765
5.30357 -2.07561
4.6122 -0.026718
7.32972 -1.07407
5.64478 3.40983
4.98857 3.02484
4.55875 1.29483
4.55754 1.27484
4.57216 1.48119
4.57808 0.256043
4.54765 0.78544
4.548 0.758959
4.91913 2.91171
4.54815 0.951092
4.55375 1.18997
4.87168 -1.15429
4.59227 0.127686
4.55056 0.679908
7.05173 2.65467
6.49158 3.1325
4.59123 1.66974
7.64145 -0.520396
