7.56139 0.0381381
7.57091 0.078175
7.53376 1.25488
7.52349 1.29545
5.33001 -1.36848
5.38471 -1.44603
5.66796 -1.6899
5.68657 -1.69741
5.05169 -0.740654
5.0446 -0.717822
5.11887 -0.93077
5.14666 -1.00404
6.57876 2.69694
6.56066 2.71049
6.90939 2.40394
6.91891 2.39355
4.81031 0.781165
4.80807 0.844671
5.12137 2.48428
5.14936 2.53584
7.17474 -0.835747
7.13735 -0.891042
6.15267 2.92118
6.18771 2.90783
5.87405 2.9748
5.94241 2.96934
7.05081 2.23677
7.03852 2.25289
6.38888 2.81602
6.35064 2.83707
7.57847 0.115779
7.59464 0.210507
7.54362 -0.0360106
7.5213 -0.119311
7.46369 -0.287294
7.4759 -0.255143
7.37254 -0.496745
7.3525 -0.538501
7.39591 1.65188
7.38409 1.67852
7.46397 1.47865
7.45271 1.50939
5.53266 2.91094
5.58181 2.93098
5.3362 2.77661
5.367 2.80371
5.32832 -1.36605
5.28075 -1.28435
4.81406 1.10535
4.82075 1.22324
4.83472 1.38121
4.84328 1.46046
4.87215 1.66748
4.87593 1.69179
5.79513 -1.72638
5.85456 -1.73585
4.98269 -0.506964
4.99433 -0.548735
5.50292 -1.57985
5.50967 -1.58543
5.19402 -1.11163
5.16115 -1.03751
4.92045 1.91386
4.93341 1.96605
4.86116 0.0949196
4.85105 0.169056
4.82722 0.389985
4.8262 0.399873
4.81044 0.683662
4.81137 0.650846
5.22347 2.64856
5.19839 2.61133
4.97429 2.11767
4.97585 2.123
6.24058 -1.65666
6.28439 -1.63532
7.03631 -1.0221
7.00084 -1.06407
5.73507 2.96973
5.77824 2.97244
6.63608 -1.41525
6.70163 -1.36115
6.43733 -1.55381
6.50251 -1.51131
7.61791 0.432359
7.6132 0.362697
7.62222 0.61572
7.62256 0.574442
7.60397 0.891963
7.59971 0.928178
4.94158 -0.337313
4.9579 -0.407397
7.08928 -0.953784
7.12223 -0.911733
7.23798 -0.740977
7.25107 -0.72038
6.86885 -1.20733
6.85055 -1.22599
7.27488 1.8972
7.26273 1.91949
4.80939 0.975529
4.80941 0.977671
4.89768 -0.129651
4.89473 -0.113761
7.40487 -0.429976
7.42879 -0.375031
7.51748 1.31576
7.49924 1.37663
7.5823 1.03654
7.57743 1.06573
6.7338 2.57378
6.77717 2.53448
7.18559 2.04735
7.13994 2.11505
7.51572 -0.136708
7.50948 -0.156386
7.40076 -0.439374
7.3274 -0.587157
7.34257 -0.557968
7.43112 1.56664
7.48298 1.42467
4.81385 1.10209
4.82214 1.24188
4.80807 0.848033
6.66154 2.63415
6.67402 2.62407
7.56436 1.12726
7.57109 1.09833
7.6145 0.793516
7.61407 0.798498
7.59347 0.969689
7.59695 0.94686
4.92357 -0.258266
4.96573 -0.440012
7.31796 1.81701
7.33315 1.78756
7.42011 1.59402
4.81296 1.0401
5.71364 -1.70758
5.74578 -1.71748
4.80959 0.715465
4.80955 0.716611
5.01764 2.24824
5.03984 2.30708
7.1948 2.03301
7.22631 1.98215
6.09617 -1.70673
6.0462 -1.7206
6.42041 2.79928
6.45787 2.77682
4.82664 1.29607
4.97778 -0.487739
4.82111 0.461968
4.81751 0.515948
7.57453 0.096004
7.55213 -0.0038661
5.43374 2.85507
5.46388 2.87395
5.42428 -1.49769
5.32902 -1.3671
4.83076 1.34258
4.91841 -0.234072
4.92052 -0.244081
5.06339 -0.777337
5.02136 -0.641365
5.15443 -1.02231
5.09963 -0.878733
4.89634 1.8046
4.8986 1.81493
6.53544 2.72708
6.59615 2.68425
6.94581 2.36327
6.84972 2.4651
5.1693 2.56838
5.09523 2.43141
6.17979 -1.67953
6.14275 -1.6943
7.13288 -0.897018
7.19521 -0.806319
6.94116 -1.13141
6.98232 -1.0858
6.08964 2.9399
6.25882 2.88036
6.01483 2.95699
5.83833 2.97616
6.53618 -1.48921
6.60534 -1.43822
7.01025 2.28829
7.09018 2.18459
7.62133 0.524514
7.61973 0.467406
6.33419 2.8447
6.40478 2.80787
7.59912 0.24076
7.35847 1.73451
5.63272 2.94819
5.28542 2.72387
7.6109 0.338857
5.44629 -1.52194
5.2383 -1.20601
4.85121 1.52296
4.85834 1.57686
4.855 1.55272
4.89038 1.77371
5.93471 -1.73502
5.75992 -1.72144
5.57887 -1.64003
5.58606 -1.64427
4.99759 -0.560136
5.08491 -0.838344
5.23508 -1.20014
5.23228 -1.19479
4.94709 2.02147
4.87141 0.026037
4.84521 0.215765
5.24114 2.67226
5.07826 2.39715
5.06058 2.35763
6.33951 -1.60937
5.95099 -1.7351
5.98682 -1.73002
6.89223 -1.18318
7.04571 -1.0106
6.2917 2.8656
6.04717 2.95133
5.71498 2.96649
6.73713 -1.33129
6.39186 -1.57963
6.79232 -1.28067
7.30037 -0.636639
7.27641 -0.678206
7.62131 0.68404
6.62052 2.66578
6.64692 2.64632
4.90615 -0.17457
6.475 2.7667
7.07481 -0.972909
4.87942 -0.0240637
7.54864 1.19846
7.56009 1.14851
7.49546 1.38907
7.52248 1.29898
7.57354 1.08468
7.58523 1.02122
6.82125 2.49346
6.70089 2.60145
6.98413 2.31943
7.12146 2.14106
7.18768 2.04422
7.61514 0.78507
7.62055 0.705966
7.48508 -0.229699
7.44486 -0.336355
7.31 -0.619711
4.83174 0.338042
4.83448 0.309749
4.82219 0.447818
4.81357 0.587687
4.81376 0.583509
7.60661 0.870881
7.33766 1.77857
7.29839 1.85475
7.24185 1.95605
4.8401 0.259473
5.00538 2.21453
7.34941 1.75376
7.54241 1.22313
5.63242 -1.6717
4.83798 0.276618
4.828 0.378987
4.81139 0.650226
7.29205 1.8666
4.81728 0.520448
4.81698 0.524621
