6.80685 -0.509537
6.74754 -0.578196
6.5591 -0.754272
6.58123 -0.736572
7.07574 1.238
7.06635 1.26711
6.78721 1.7795
6.78823 1.7783
6.87946 1.64747
6.92843 1.56833
5.75146 -0.781482
5.77282 -0.79886
6.20375 2.20186
6.2065 2.20092
6.41933 2.10919
6.43112 2.10171
6.33016 -0.88391
6.37022 -0.865848
5.95492 2.2148
5.99438 2.22094
5.71129 2.11004
5.79144 2.16192
6.83712 -0.469299
6.88839 -0.395172
5.2717 0.945058
5.26753 0.846894
5.29316 1.17559
5.28637 1.11841
7.13051 1.0492
7.14631 0.972015
5.57245 -0.555911
5.53024 -0.4764
5.63358 -0.646547
5.58819 -0.579998
5.39076 1.60999
5.41879 1.68907
5.33115 1.39884
5.33311 1.40672
5.57087 1.96644
5.59851 2.00237
5.46936 1.80003
5.43492 1.72681
6.65312 1.92857
6.61265 1.96558
6.95305 1.5234
6.98648 1.45761
5.93509 -0.89617
5.99313 -0.91275
6.12445 -0.927513
6.07264 -0.924251
7.10586 0.0758115
7.0852 0.00974711
7.01539 -0.16615
7.0004 -0.198665
5.44762 -0.289035
5.41496 -0.201165
5.38874 -0.115043
5.37586 -0.0684727
5.3311 0.114961
5.32785 0.131315
5.29448 0.341791
5.28476 0.423548
5.27143 0.588882
5.26727 0.695381
7.17924 0.506139
7.18123 0.568932
7.1466 0.241803
7.16037 0.320612
7.10869 1.13444
7.10382 1.1532
7.15781 0.906638
7.12625 1.06819
6.54876 2.02048
6.6865 1.8944
6.72151 1.8556
6.44143 2.09475
6.48307 2.06862
5.39649 -0.14176
5.4078 -0.180631
7.03296 1.35447
7.02618 1.3705
7.17435 0.782403
7.17513 0.774022
5.81452 2.1723
5.89205 2.20194
6.67931 -0.651391
6.82182 -0.490418
6.64193 -0.684859
6.48555 -0.803632
5.28048 1.06153
5.27397 0.980951
5.48504 -0.385556
5.48496 -0.385368
5.35894 1.50572
5.37597 1.56244
5.51548 1.88623
5.50703 1.87247
6.7905 1.7755
6.74387 1.83014
6.83948 1.70752
6.93576 1.5558
5.84246 -0.850565
5.69697 -0.724884
6.22095 -0.916829
6.20583 -0.918797
7.06601 -0.0435842
7.04541 -0.0969825
5.35491 0.0109351
5.36549 -0.0309327
5.28075 0.464081
5.273 0.56133
7.16721 0.369701
7.17512 0.446043
6.19723 2.20312
6.31087 2.16462
6.44406 -0.829693
6.22688 -0.915129
6.09836 2.21998
6.03953 2.2207
5.69292 2.09648
6.94658 -0.303043
6.66862 -0.661488
6.95078 -0.295883
5.26704 0.826044
5.30531 1.25961
7.17301 0.795051
7.16269 0.8757
5.48489 -0.385205
5.48493 -0.38531
5.5786 -0.565732
5.66227 -0.685884
5.42768 1.71096
5.32662 1.37751
5.3098 1.28781
5.63484 2.04111
5.52842 1.90522
6.9969 1.43543
6.8199 1.73534
7.01712 1.39048
5.86705 -0.863709
6.02911 -0.921425
6.95273 -0.292261
7.11918 0.122111
7.13616 0.192397
5.41171 -0.191888
5.33773 0.0826518
5.39351 -0.131815
5.31226 0.221805
5.26647 0.771184
5.30281 0.281888
5.26693 0.716416
7.18135 0.652455
7.18047 0.682517
7.05673 1.29273
6.53656 2.03063
6.52905 2.0367
6.3224 2.1593
7.17973 0.703076
7.09712 1.17669
6.3341 2.1532
6.37763 2.13206
6.49086 2.06329
