6.19902 -0.479077
6.25048 -0.471562
6.66532 -0.190321
6.67024 -0.183958
5.55369 1.01473
5.5531 1.00991
5.83573 -0.300559
5.81176 -0.273657
5.5852 0.259344
5.59287 0.226138
5.5526 0.453948
5.55429 0.438616
6.9139 0.473484
6.91548 0.490708
6.41906 -0.411893
6.50699 -0.351056
5.99958 -0.436918
6.00414 -0.438656
5.95339 1.74703
6.03099 1.7748
5.77877 1.60558
5.83217 1.66558
5.53675 0.781401
5.53612 0.739456
5.64316 1.36916
5.66971 1.43065
5.72143 -0.133438
5.72215 -0.134657
6.87489 0.985327
6.87904 0.968478
6.68437 1.4197
6.68464 1.41927
6.78949 1.22763
6.82067 1.15374
6.76835 -0.0235341
6.78556 0.00934052
5.64134 0.0534379
5.64057 0.055702
6.24207 1.76652
6.21357 1.77573
6.52074 1.6096
6.52641 1.60454
6.86719 0.22316
6.87046 0.23528
6.43113 1.67821
6.40906 1.6944
6.61116 1.51315
6.5812 1.54891
6.90148 0.849855
6.89534 0.888874
6.37962 1.71214
6.31303 1.7423
6.91722 0.71024
6.91289 0.771321
5.5979 1.2334
5.59735 1.23155
5.54365 0.548421
5.54186 0.569214
6.30628 -0.46018
6.1457 -0.475343
5.9074 -0.375757
5.91158 -0.378546
5.85329 1.6831
5.93019 1.73712
6.6748 -0.17726
6.59444 -0.270266
5.54205 0.900019
5.55633 1.03235
5.77528 -0.218941
5.90685 -0.375195
6.76287 1.28338
6.7501 1.30879
5.57182 0.321188
5.61154 0.156758
5.56148 0.383206
5.5476 0.503927
6.92185 0.612281
6.89889 0.364737
6.83042 0.11136
6.84614 0.157221
6.09693 -0.470582
6.39552 -0.423528
6.5391 -0.325114
5.90728 -0.375636
6.13392 1.78653
6.15937 1.78303
6.10375 1.78423
5.7375 1.55313
6.73374 -0.0857418
5.54014 0.872135
5.53703 0.659338
5.7209 -0.132492
5.71887 1.52283
5.69792 1.48373
6.68389 1.42039
6.73993 1.32717
6.83316 1.1212
6.82632 0.101197
5.67987 -0.0395197
5.64 0.0574853
5.56421 0.364968
5.53914 0.610906
6.28165 1.75664
6.9219 0.613688
6.89514 0.343755
6.92191 0.613928
6.85358 1.05815
6.63374 1.48713
6.54157 1.58968
6.90898 0.802757
5.57231 1.12512
6.88368 0.948825
5.59655 1.22827
5.62951 1.33358
5.58001 1.15566
6.86028 1.03732
