4.70803 -1.60833
4.72015 -1.65217
4.90488 3.58297
4.9261 3.60365
8.07476 0.193927
8.078 0.21894
4.31716 1.35818
4.31447 1.32363
4.30502 0.953744
4.30511 0.977196
4.30622 0.850195
4.3055 0.810429
4.32133 1.45133
4.32347 1.48615
5.74823 3.79714
5.85096 3.77284
4.32036 0.429745
4.31817 0.46342
5.5462 3.8216
5.52547 3.8218
4.37994 2.06077
4.38601 2.11384
4.36653 -0.0404058
4.35354 0.0640554
4.6035 3.0789
4.61106 3.10062
7.11334 2.95293
7.13245 2.93288
6.92319 -1.90163
6.85672 -1.965
7.21796 -1.59669
7.19859 -1.61843
4.83756 -2.06995
4.80652 -1.96443
4.89848 -2.25585
4.91175 -2.29658
5.30895 -2.8733
5.33565 -2.8789
5.23287 -2.84731
5.24834 -2.85434
4.97975 -2.48456
4.98124 -2.48792
5.05569 -2.64739
5.0615 -2.65686
5.18453 -2.81526
5.15669 -2.78701
5.57383 -2.84278
5.63012 -2.82069
5.79261 -2.74416
5.8075 -2.73696
8.01159 -0.150059
8.01211 -0.148164
7.94271 -0.382989
7.93837 -0.395274
8.08779 0.326389
8.08591 0.302883
8.05513 0.0589841
8.04767 0.0163184
8.02788 -0.0788134
8.03916 -0.0290263
6.66089 3.35402
6.68624 3.33542
6.87116 3.18353
6.89076 3.1668
5.87553 3.76633
5.97283 3.73442
4.37003 1.99434
4.36417 1.94728
4.38962 2.13677
4.40404 2.23206
7.74056 -0.848735
7.69698 -0.928894
7.85151 -0.61665
7.80924 -0.711029
6.19784 3.64079
6.18229 3.64762
6.43567 3.50872
6.45263 3.49822
7.08283 2.9845
7.19454 2.86539
7.1916 2.86877
7.58813 -1.10999
7.60607 -1.08214
6.75374 -2.05731
6.69072 -2.11167
7.11576 -1.70917
7.04783 -1.77898
8.08626 0.789795
8.09244 0.714356
6.35126 -2.38166
6.34371 -2.38747
6.6613 -2.13685
6.60072 -2.18641
6.03686 -2.60101
6.04331 -2.597
5.03924 3.69091
5.00649 3.66944
4.87118 3.54904
4.83399 3.50556
8.09597 0.486446
8.09209 0.391791
4.57738 -1.09612
4.56609 -1.05052
4.33613 1.66341
4.33225 1.61445
4.31057 0.621324
4.3116 0.593828
4.5508 2.923
4.56742 2.97634
7.31902 -1.47878
7.28997 -1.51373
5.98824 -2.63174
5.9442 -2.65871
4.51235 -0.817901
4.5292 -0.892359
4.30767 1.12919
4.30699 1.10419
7.14216 -1.68095
7.15206 -1.67021
6.20045 -2.49015
6.27571 -2.43746
4.61437 -1.24275
4.59805 -1.17831
5.63516 3.81583
5.71034 3.8036
5.85767 3.77134
4.42497 -0.397263
4.41021 -0.31825
4.46552 -0.606158
4.46478 -0.602661
4.41838 2.31534
4.42287 2.34979
4.38296 -0.15544
4.38586 -0.174874
7.75533 2.01013
7.7278 2.06748
7.84101 1.81493
7.81816 1.87019
4.49194 2.6999
4.4814 2.65595
4.43451 2.41431
4.44078 2.45284
5.11204 3.73299
5.16516 3.75684
5.18042 3.76319
5.24277 3.78467
8.01108 1.27847
8.02146 1.23132
8.05789 1.03185
8.0681 0.959646
7.46155 2.52464
7.45448 2.53479
7.33388 2.69832
7.32201 2.71323
7.41075 -1.36328
7.3807 -1.4027
6.83998 -1.97977
6.95276 -1.87398
7.64144 2.23265
7.65987 2.19927
7.56217 2.36987
7.56611 2.36342
4.71721 3.3302
4.74315 3.37649
4.66001 3.21682
4.66881 3.23756
4.87972 -2.20277
4.85032 -2.10806
7.9091 1.63381
7.89615 1.6711
7.96261 1.4665
7.95579 1.49018
5.39446 -2.87967
5.71403 -2.78387
5.68653 -2.79719
5.66347 -2.80628
5.54446 -2.85107
6.47527 -2.28692
6.47983 -2.28335
7.97939 -0.265181
7.98073 -0.260802
7.94617 -0.372753
6.63465 3.37393
6.57333 3.41728
6.799 3.24489
6.81988 3.22767
6.02331 3.71475
5.99346 3.72636
5.86132 3.77051
4.37039 1.99713
4.35567 1.87382
4.3625 1.9335
4.41093 2.27479
6.08502 3.69126
6.25387 3.61258
6.25508 3.61192
6.42076 3.5182
6.3238 3.57493
6.47597 3.48339
6.51332 3.45868
7.20484 2.8537
6.66432 -2.13422
6.75977 -2.05226
7.00338 -1.82289
8.09305 0.701471
8.08319 0.828983
6.66288 -2.13547
8.08977 0.350086
8.09672 0.521104
4.55085 -0.985197
4.56351 -1.03957
4.52972 2.85163
4.53553 2.87257
4.49604 -0.747309
4.5054 -0.787252
4.53409 -0.913423
6.13418 -2.53623
6.11676 -2.54774
4.63724 -1.33453
4.62795 -1.29652
4.67047 -1.46802
4.6575 -1.41458
5.079 -2.68653
5.09223 -2.70961
4.99746 -2.52573
5.01342 -2.56434
8.06565 0.126719
8.06095 0.0927352
4.77538 -1.8547
4.7646 -1.81858
4.5378 -0.929584
4.54885 -0.976495
4.30829 0.723192
4.30629 0.762505
4.48761 -0.70957
4.35492 1.86563
4.34898 1.80628
4.97824 -2.4814
4.95438 -2.41936
4.33638 0.229135
4.32945 0.307635
8.07896 0.865421
7.47455 -1.27781
7.48749 -1.25997
5.49938 -2.862
4.79716 -1.93427
4.77934 -1.86858
8.09499 0.648767
5.41591 -2.8796
5.03515 -2.60725
5.0165 -2.57019
7.88437 -0.53695
7.86931 -0.574802
6.99988 3.06547
7.0338 3.03322
4.82665 3.49654
8.09629 0.603125
4.34355 1.75192
4.34277 1.74267
4.31173 1.23119
4.31192 1.26722
6.73764 3.29538
6.74565 3.28886
4.37079 2.00028
6.94144 3.12108
6.95215 3.11103
6.15747 -2.52072
4.73229 -1.69913
4.68755 -1.53284
8.0819 0.260391
8.07114 0.165878
4.31399 1.29469
4.31808 1.39064
4.30544 1.01699
4.30515 0.913696
4.30652 0.786694
4.30521 0.890131
4.32503 1.51176
4.31984 1.422
4.44475 -0.501992
4.43646 -0.459822
4.31627 0.497518
4.32241 0.3982
5.46138 3.82106
5.63384 3.81598
4.35011 0.0951927
4.36862 -0.0560224
7.79925 -0.732052
7.75471 -0.82185
7.79992 1.91237
7.77405 1.97028
4.45977 2.55495
4.45981 2.55519
4.63407 3.15948
4.58842 3.03854
5.28806 3.79622
5.31257 3.8024
8.03638 1.15704
8.04791 1.09352
7.3985 2.61386
7.39084 2.62413
7.53875 -1.18608
7.53353 -1.19377
7.16534 -1.65596
7.24472 -1.56637
4.68706 3.27304
4.70427 3.30842
5.44768 -2.87552
5.13515 -2.76685
5.10415 -2.72498
5.21074 -2.83194
5.77018 -2.75532
5.86055 -2.70669
4.68338 -1.51781
4.75227 -1.77129
5.93383 -2.66528
8.04298 -0.00936287
8.01258 -0.146313
7.67531 -0.966729
7.86036 -0.596187
7.63635 -1.03253
7.5492 -1.17046
7.51703 -1.21771
6.40717 -2.3398
6.28514 -2.43045
6.08552 -2.56893
6.03167 -2.60419
4.98953 3.65636
5.05666 3.70265
5.42089 3.81806
4.56381 -1.04087
4.57901 -1.10262
4.33085 1.59437
4.33728 1.6786
4.31318 0.557794
4.30939 0.659015
4.5758 3.00011
4.54781 2.91404
7.26948 -1.53759
7.33427 -1.46045
4.3062 1.06484
4.30889 1.16769
4.5912 -1.15119
4.30571 1.0407
4.32762 1.5503
4.40562 -0.292294
4.46738 -0.615399
4.32514 0.361551
4.31451 0.52863
4.38635 -0.178092
4.34061 0.185344
7.70741 2.10821
7.86013 1.76724
7.87894 1.71779
7.67967 2.16215
4.50479 2.75558
4.45993 2.5558
4.51415 2.7922
5.095 3.7237
5.17588 3.76161
5.34399 3.80773
7.26828 2.77982
7.25386 2.79712
7.98826 1.37337
8.07531 0.902631
7.98227 1.39643
7.51449 2.44527
7.36652 -1.42027
7.43472 -1.33207
7.52059 2.43586
7.54498 2.39752
7.61412 2.2814
7.60234 2.30198
4.75125 3.38854
4.78561 3.44161
4.63598 3.16455
4.80164 -1.94876
4.88835 -2.2269
4.92338 -2.33316
4.93602 -2.36634
7.92688 1.58154
7.9372 1.55003
6.69031 3.33226
6.90268 3.1561
6.24916 3.615
6.30977 3.58326
6.53102 3.44727
6.28027 -2.43412
6.41625 -2.33264
6.54255 -2.23388
6.53418 -2.24077
4.95885 3.63277
4.34194 1.73277
4.30861 0.685229
4.52874 2.84771
4.30975 1.19389
5.01483 -2.56703
5.72781 -2.77653
5.05135 -2.64057
7.8986 -0.502279
6.31627 3.57943
4.63524 3.16259
5.38539 3.81462
4.94704 -2.40093
5.47259 -2.87017
5.93963 -2.66168
6.83989 3.211
6.59773 -2.18899
4.84389 -2.08773
5.6723 -2.8031
6.47067 -2.29071
6.97146 3.0926
6.76767 3.27071
7.90702 -0.480404
6.5507 3.43332
