7.515 -0.402019
7.48398 -0.47451
5.32408 2.97523
5.41475 3.03581
4.73435 1.33611
4.73626 1.35978
5.80194 -1.91336
5.8266 -1.91458
4.83067 -0.28351
4.812 -0.188451
4.74413 0.287257
4.74675 0.260992
4.71498 0.782716
4.7147 0.79055
6.63618 2.79221
6.63631 2.7921
6.61854 -1.56972
6.6094 -1.57646
7.708 0.466153
7.70999 0.519491
7.69654 0.854382
7.69952 0.82646
7.59352 -0.186914
7.57777 -0.234818
5.24956 2.90773
5.22993 2.88972
5.52202 3.0854
5.46159 3.05792
7.69491 0.293245
7.68867 0.240454
5.27889 -1.54757
5.25587 -1.51226
5.13961 -1.28678
5.16638 -1.34313
4.75836 1.57247
4.76392 1.61643
4.80864 1.89107
4.82498 1.97178
6.02466 -1.88726
5.98132 -1.89726
5.66831 -1.89023
5.63813 -1.88061
4.90244 -0.590998
4.91256 -0.628704
4.96262 -0.806096
4.95763 -0.788992
5.47151 -1.78064
5.49809 -1.80018
5.35964 -1.66254
5.33677 -1.63356
5.00344 -0.932891
5.02109 -0.984767
5.1032 2.72403
5.13258 2.76909
6.39643 2.94796
6.40435 2.94388
6.10648 3.07581
6.16107 3.05701
5.93337 3.11754
6.01937 3.10004
5.67928 3.12367
5.74837 3.12847
6.63604 2.79232
6.41984 -1.70784
6.3991 -1.71981
6.82123 -1.39655
6.79653 -1.419
7.31668 -0.790142
7.36288 -0.71399
7.21757 -0.941928
7.22118 -0.936766
7.48313 1.67389
7.46248 1.72199
7.51733 1.58953
7.53202 1.55087
4.71517 0.920908
4.71602 1.03203
5.11877 -1.2371
5.08992 -1.16731
4.78774 -0.0480875
4.77369 0.0446905
4.7329 0.410836
4.72541 0.50726
4.81025 -0.179145
4.80532 -0.152554
7.47067 -0.50482
7.53439 -0.353963
6.89785 2.55977
6.86558 2.59152
7.00243 2.44744
7.04326 2.39959
6.99488 -1.21847
7.02657 -1.18348
7.38363 1.88576
7.40218 1.84955
7.30656 2.02594
7.31357 2.01395
7.20129 2.19063
7.21849 2.16574
7.0839 2.35031
7.11904 2.30485
7.60187 1.33816
7.59246 1.37074
7.64486 1.17183
7.64289 1.18072
7.68968 0.916367
7.67762 0.999989
7.55616 -0.296247
7.61438 -0.117024
7.43147 -0.584964
7.42577 -0.596613
4.72355 1.18066
4.72226 1.1554
5.57113 -1.84851
5.55723 -1.8419
4.73628 0.370068
4.73443 0.391495
4.71915 0.64162
4.71879 0.652353
4.715 0.905196
4.97132 2.46425
4.95436 2.42185
4.92567 2.33985
4.9361 2.37218
6.63816 2.79062
4.71649 1.04021
4.71661 1.04874
4.72964 1.27627
5.73109 -1.90575
4.86634 -0.446259
4.84086 -0.331623
6.71618 2.72751
6.72281 2.72217
6.71059 2.73209
4.75065 0.225989
4.75395 0.195724
4.72376 0.535625
4.72447 0.521958
4.71851 0.662672
4.71489 0.774753
7.1263 -1.06429
7.13009 -1.05965
6.95673 -1.2609
7.70674 0.733928
7.70654 0.738223
7.39281 -0.658031
7.36521 -0.709913
6.54064 2.85945
6.55025 2.85312
5.33257 -1.62843
5.32592 -1.62003
4.98555 2.4964
6.09108 3.08128
6.06424 3.08921
6.30358 2.99632
6.28494 3.00502
7.63431 -0.0435435
7.6553 0.0438607
4.75324 1.52788
4.74866 1.4881
4.78205 1.74478
4.78429 1.75894
6.08174 -1.86996
6.06831 -1.87443
5.87534 -1.91274
5.88002 -1.91235
4.90481 2.27763
4.87896 2.19042
6.1506 -1.8444
6.22261 -1.81496
7.54742 1.50771
7.56352 1.46207
7.62681 -0.0737725
4.98968 -0.890931
4.98094 -0.863791
5.3974 -1.70874
5.38105 -1.6886
7.66855 0.114762
7.66049 0.0696413
5.42245 3.04024
5.31461 2.96761
5.1879 -1.38554
5.20925 -1.42866
4.73929 1.39582
4.73109 1.29563
4.80233 1.8598
4.793 1.80896
4.93004 -0.691794
4.95622 -0.784132
5.05428 -1.07761
5.04461 -1.05212
6.98632 2.46578
6.93548 2.52044
5.0538 2.64085
5.04181 2.61856
6.28998 -1.78066
6.25901 -1.79662
7.17325 -1.00176
7.21075 -0.951678
6.25023 3.02129
6.1854 3.04725
5.84314 3.12832
5.82899 3.12944
6.51871 -1.64304
6.7055 -1.49928
7.26753 -0.866506
7.29476 -0.824977
7.34582 1.95681
7.3595 1.93183
7.13334 2.28551
7.16966 2.23587
7.62474 1.25486
7.61906 1.27711
7.71023 0.557863
7.70554 0.413469
6.46069 2.91164
6.46254 2.91062
7.67776 0.167137
5.22715 2.88683
5.5367 3.09032
5.62264 3.11341
5.15821 2.80369
7.70256 0.373244
5.23666 -1.48027
5.30776 -1.59315
5.12644 -1.2561
4.74539 1.45725
4.76572 1.63077
4.75594 1.55226
4.78177 1.74287
4.84088 2.0426
4.8831 -0.518026
4.97678 -0.850081
4.8762 -0.489577
5.43307 -1.74404
5.54811 -1.83667
5.06161 -1.09612
4.75754 0.164943
4.76717 0.0900597
5.06842 2.66536
6.32182 -1.76513
4.85013 2.08347
4.84595 2.06554
7.41814 -0.611399
6.34515 2.97549
6.0973 3.07922
5.80852 3.12911
6.03834 3.09616
5.67082 3.12236
6.71934 -1.48791
6.50772 -1.65025
6.88314 -1.33603
7.36415 -0.711789
7.71045 0.628015
7.44584 1.75854
7.49835 1.63752
4.87327 -0.476973
6.46442 2.9095
7.15761 -1.02338
6.93465 -1.28432
4.8713 2.16412
4.79175 -0.0736957
7.65491 1.12547
7.6616 1.09321
7.66255 1.08796
7.66362 1.08272
6.81004 2.64487
6.79253 2.66058
7.06612 2.37234
7.11628 -1.07693
7.08562 -1.11415
7.42024 1.81308
7.2728 2.08261
7.26354 2.09749
7.26552 2.09445
7.57668 1.42167
7.66657 1.06581
7.69004 0.913778
7.70632 0.74134
6.77921 2.67251
7.26677 2.09251
5.92458 -1.90764
5.96811 -1.90014
5.41731 -1.72896
5.86828 -1.91297
6.12444 -1.85554
5.01025 2.554
7.6904 0.910763
7.06875 -1.13447
7.04071 -1.16751
7.71024 0.648739
