6.08056 1.53099
6.04524 1.51929
6.31692 1.50629
6.35379 1.48578
6.60393 1.23879
6.53938 1.32438
6.47362 -0.122225
6.53297 -0.0628064
6.24601 -0.229608
6.31631 -0.212311
5.69066 0.569713
5.68452 0.690158
5.69217 0.852925
5.69994 0.924423
6.03391 -0.183809
6.03876 -0.187331
5.88661 -0.0361334
5.84773 0.0192555
5.79048 0.141691
5.81633 0.0820745
6.74676 0.875196
6.73007 0.942509
5.72818 0.340587
5.71067 0.420318
6.62275 1.20842
6.65788 1.1411
6.77282 0.630351
6.77359 0.613184
6.74037 0.349427
6.75898 0.444643
6.66173 0.130899
6.684 0.180395
5.81169 1.28784
5.78622 1.24235
6.21493 1.53624
6.45447 1.41778
6.46456 1.40764
6.61065 1.22954
6.69504 1.05477
6.70902 1.01675
5.84 1.342
5.76513 1.18999
5.76845 1.19802
6.45927 1.41341
6.19306 1.54097
6.75963 0.808104
6.75668 0.827075
6.02775 1.51248
6.00493 1.50088
5.92937 1.44694
5.95002 1.4638
5.72038 1.03369
5.74209 1.1178
5.68849 0.809603
5.69003 0.827316
5.69089 0.567043
5.69107 0.564226
6.16478 1.53881
6.77046 0.688863
6.7673 0.73738
6.76523 0.76992
5.7474 1.1389
5.75994 1.17662
6.35553 -0.198672
6.43931 -0.148232
5.94991 -0.116068
5.94035 -0.107584
5.75404 0.237726
5.74809 0.258217
6.70593 0.235304
6.73149 0.315464
6.6051 0.0252936
6.15785 -0.228028
6.61069 0.0333899
6.08085 -0.203984
6.00422 -0.160284
5.83234 0.0491245
6.14205 -0.227253
5.76289 0.209416
6.61369 0.038609
5.70646 0.445793
6.7637 0.474615
6.77097 0.569262
6.77274 0.641557
5.97721 1.48499
6.67758 1.09869
5.91464 1.43252
5.69788 0.500372
5.68457 0.693816
5.87419 1.38857
5.70757 0.967708
5.69705 0.50549
