6.05788 -2.75091
5.99504 -2.79817
4.57601 -1.53683
4.54516 -1.39953
8.06809 -0.278007
8.07804 -0.2455
8.18304 0.425909
8.18357 0.443752
4.22067 1.3583
4.21784 1.32198
4.21049 0.850307
4.20992 0.818594
6.85474 3.32955
6.83296 3.34756
4.3363 -0.447464
4.35228 -0.533617
4.27435 2.05969
4.27502 2.06561
4.25999 1.93148
4.24917 1.81075
4.85598 -2.729
4.83988 -2.66292
4.83843 -2.65763
4.82336 -2.58846
4.24077 0.225472
4.23789 0.255801
7.85224 -0.826453
7.87245 -0.785506
5.39232 -3.19236
5.40973 -3.1809
6.43607 3.64034
6.40451 3.65944
7.85594 2.00067
7.87819 1.95096
4.35628 2.61548
4.34007 2.51562
4.78731 -2.42413
4.79 -2.44052
7.14689 3.05459
7.2104 2.98795
8.13353 1.10667
8.12255 1.16779
5.23404 -3.26322
5.25333 -3.25898
5.14539 -3.28528
5.11847 -3.28308
7.46562 2.67472
7.49712 2.63243
7.65276 -1.17625
7.64139 -1.19361
7.66042 2.38012
7.6769 2.35101
4.66401 3.5539
4.74485 3.66768
5.53661 -3.10638
5.58749 -3.07549
8.01867 1.58074
7.9958 1.6497
5.89444 -2.86888
5.83661 -2.90896
8.18517 0.589873
8.18323 0.657292
4.92759 -3.00441
4.94714 -3.06557
4.88816 -2.86287
4.89077 -2.87049
4.66457 -1.91005
4.6827 -1.98839
5.64236 -3.03904
5.60564 -3.06321
4.97074 -3.12702
4.95187 -3.08013
5.00229 -3.19499
5.02774 -3.23166
4.59678 -1.62241
4.59107 -1.59873
6.64961 3.49324
6.6198 3.51463
6.02096 3.85402
6.04961 3.84266
5.77197 3.93979
5.70856 3.95336
4.42487 2.94101
4.4209 2.92328
7.10699 3.09586
7.29408 2.89364
7.26513 2.92691
7.54744 -1.33061
7.57734 -1.28831
7.03682 -1.92418
7.07425 -1.88703
6.87468 -2.08131
6.88328 -2.07363
6.65835 -2.27251
6.66594 -2.26575
6.41868 -2.47119
6.40406 -2.48347
4.63511 -1.7838
4.64234 -1.81436
7.97356 -0.554496
7.9575 -0.595504
7.72329 -1.06213
7.75869 -1.0016
4.50135 3.2
4.49166 3.17304
6.13795 -2.69039
6.11865 -2.70576
6.95634 3.23999
7.01253 3.18727
4.29349 2.20187
4.30676 2.2927
4.26008 1.93245
4.26016 1.93336
7.16813 -1.78717
7.22851 -1.72168
4.52366 -1.30574
4.53763 -1.36495
4.58768 -1.58536
4.46049 -1.03723
4.46175 -1.04295
4.21002 1.00903
4.20981 0.977308
4.22745 1.50597
4.22634 1.4857
4.37721 -0.656149
4.36594 -0.602562
4.22104 0.490748
4.22258 0.464975
5.49758 3.98273
5.45673 3.985
5.38838 3.98357
5.41807 3.98427
4.31072 2.31423
4.31399 2.3394
4.26118 0.0243003
4.26258 0.012557
4.30089 -0.251114
4.29667 -0.225364
5.36943 -3.20309
7.93841 1.80577
7.96186 1.74469
7.7608 2.19676
7.78653 2.14651
4.35878 2.63024
4.37602 2.72163
4.92721 3.83692
4.9044 3.82176
5.08306 3.92028
5.02383 3.89408
5.15477 3.94538
5.09863 3.92613
5.32529 3.97849
5.2972 3.97571
4.80415 -2.49626
4.77315 -2.36272
8.08341 1.35001
8.05763 1.45095
7.57936 2.511
7.56079 2.5399
7.41878 2.73881
7.36861 2.80358
6.95724 -2.00304
6.97926 -1.98234
7.61994 2.4476
7.62722 2.43566
4.57369 3.38246
4.55147 3.33362
4.63034 3.49567
4.61955 3.47766
4.52755 3.27245
4.54201 3.30955
4.72375 -2.15421
4.72161 -2.14479
4.75837 -2.29929
4.75496 -2.28299
5.77343 -2.9515
5.83098 -2.91278
5.76055 -2.96126
5.73727 -2.97798
4.70441 -2.07821
4.69265 -2.02997
8.0864 -0.215419
8.01664 -0.438721
8.00094 -0.481862
8.16588 0.207751
8.16813 0.228952
8.14155 0.0276173
8.14318 0.0383741
6.70114 3.45355
6.72799 3.43299
6.91403 3.27753
6.93522 3.25892
5.9946 3.86523
5.89874 3.90094
5.8561 3.91558
5.82104 3.92563
5.65857 3.96461
4.28939 2.17407
6.21364 3.7669
6.203 3.77189
6.27146 3.73681
6.26958 3.73788
6.5082 3.593
6.49119 3.6048
4.40045 2.83716
4.41164 2.88578
4.43645 2.98587
7.23433 2.96179
7.30263 2.88392
7.11416 -1.84488
6.81035 -2.13986
6.78909 -2.15898
4.65836 3.54578
8.17867 0.73359
8.17598 0.77066
6.7308 -2.20933
6.72199 -2.21712
6.60464 -2.31773
6.49407 -2.41
6.4676 -2.43198
6.37093 -2.50939
6.34053 -2.53388
4.64513 -1.82779
4.61947 -1.71631
4.48871 -1.15871
4.49119 -1.1691
4.23312 1.59944
4.23407 1.614
4.21736 0.567294
4.21615 0.595382
7.45267 -1.45914
7.45375 -1.45778
7.35734 -1.5762
7.36661 -1.56533
4.41349 -0.822853
4.40651 -0.790536
4.43797 -0.935223
4.43402 -0.916746
4.2109 1.07309
4.21148 1.10431
6.17045 -2.66564
6.21769 -2.6296
8.042 -0.363181
4.85145 3.77964
4.83634 3.7655
8.17601 0.317141
8.1821 0.405812
4.2126 0.723305
4.21095 0.755621
7.05727 3.14504
7.03445 3.16673
6.75248 3.41387
6.8101 3.36625
4.27356 2.05447
4.26718 1.99607
5.33999 -3.21748
5.32834 -3.22442
6.34022 3.69784
6.33226 3.70273
8.16591 0.874451
8.1689 0.848738
8.15305 0.979518
8.16343 0.89973
4.48544 3.15566
4.4714 3.11078
5.68228 -3.01313
4.99487 -3.18208
4.98919 -3.16695
8.11345 -0.110503
6.54608 3.56743
6.58558 3.53897
5.63601 3.96846
7.3066 -1.63519
7.25114 -1.6974
5.94628 -2.83238
5.93825 -2.83775
8.14001 0.0187217
8.12826 -0.0393861
4.66133 -1.89843
4.65294 -1.86448
4.21553 1.2313
4.21573 1.26639
4.24415 1.74915
4.2436 1.74165
4.45227 3.04635
4.45276 3.04841
4.77105 -2.35204
7.33194 2.84742
7.36529 2.80771
4.51352 3.23517
4.52153 3.25823
4.74823 3.67199
4.7527 3.67687
6.55444 -2.36007
6.54331 -2.36968
6.10436 3.81855
6.13189 3.80573
6.78746 -2.16046
4.21721 1.2948
4.22176 1.39688
4.21081 0.786807
4.20969 0.881891
4.35585 -0.552317
4.32598 -0.392016
5.55166 3.9792
5.54457 3.98001
4.8628 -2.76349
4.83892 -2.65924
4.81395 -2.55206
4.80772 -2.51774
4.27367 -0.0726456
4.27828 -0.107164
4.23136 0.340327
4.24939 0.1337
7.90735 -0.710484
7.81691 -0.895133
5.31828 -3.23077
7.89871 1.90307
7.8333 2.05
4.35686 2.61936
4.33445 2.47697
4.45314 3.04998
5.2246 3.96307
5.27131 3.97129
8.14564 1.03209
8.11021 1.23005
5.18711 -3.27892
5.272 -3.25223
5.06956 -3.26878
7.32163 -1.61815
4.60051 3.4386
4.58401 3.40686
5.60257 -3.06543
5.51422 -3.11852
4.87579 -2.80819
5.04514 -3.2501
4.9083 -2.93705
4.8954 -2.88691
4.91678 -2.97232
4.94853 -3.07075
5.66035 -3.02681
4.97896 -3.14084
4.26216 1.95169
7.79075 -0.943696
7.92462 -0.671906
4.45582 3.05923
7.69759 -1.10469
7.59879 -1.25683
7.49739 -1.40103
8.18594 0.554573
6.27702 -2.58393
6.29269 -2.57105
6.24447 -2.60956
4.47546 -1.10323
4.47612 -1.10604
4.23785 1.66813
4.23921 1.6875
7.40597 -1.51753
7.41064 -1.51186
7.4959 -1.40305
5.98447 -2.80572
5.97701 -2.81078
6.08195 -2.73355
4.50217 -1.21403
4.51026 -1.24779
4.47056 -1.08228
4.44784 -0.97985
4.20991 0.945597
4.21028 1.04081
4.22441 1.44516
4.22994 1.54985
4.31726 -0.342323
4.38141 -0.676955
4.22518 0.422948
4.21893 0.530186
5.44325 3.9848
5.56164 3.97785
5.37275 3.98294
4.279 -0.112161
5.43158 -3.16932
5.46569 -3.14953
7.81002 2.09856
7.92109 1.84926
7.97511 1.70874
7.738 2.24064
4.32446 2.41113
4.38369 2.75746
4.86515 3.79062
4.96269 3.86053
4.99855 3.88051
5.08785 3.92238
5.18833 3.95399
8.09345 1.30725
8.05331 1.46669
7.55965 2.54163
7.61828 2.45026
7.43346 2.71982
7.49926 2.62935
7.71326 2.28617
7.49452 -1.40488
7.47009 -1.43666
4.54895 3.32694
4.70553 -2.08315
4.73856 -2.21392
4.74122 -2.22649
8.03142 1.54116
5.91005 -2.85831
8.17249 0.272645
8.16089 0.162446
5.88397 3.90661
6.05826 3.83876
4.41517 2.90016
4.39887 2.83017
6.78561 -2.16212
6.67289 -2.25975
6.53116 -2.38018
6.43302 -2.4598
6.30845 -2.55891
4.21507 0.63101
4.4012 -0.766709
4.42015 -0.853645
4.42566 -0.879091
4.21249 1.13751
8.18592 0.544403
4.21373 1.19737
4.21288 0.689871
5.48862 -3.13468
6.46686 3.62043
7.94161 -0.633044
4.24875 1.80525
4.39298 -0.727423
5.88999 3.90431
5.42901 -3.17097
5.47376 -3.14418
7.43435 2.71863
8.02574 1.55937
5.83531 -2.90982
8.15857 0.143509
8.11575 -0.100732
6.14716 3.79847
6.25194 3.74718
6.32527 3.70691
4.79987 3.7296
4.39208 2.79792
6.39173 3.66711
4.39845 2.8282
