7.72807 -0.312882
7.74101 -0.272697
6.16394 -2.12624
6.18759 -2.11336
5.02159 3.08596
5.02793 3.09354
5.02318 -1.59941
5.03371 -1.62645
4.76118 -0.786541
4.75911 -0.778076
5.12359 -1.82215
5.10888 -1.79144
4.63667 2.02233
4.63292 1.99982
4.61255 -0.065999
4.60986 -0.0480591
7.57566 -0.671685
7.53908 -0.742834
6.38164 3.20596
6.34065 3.22724
7.56511 1.89275
7.59059 1.83849
4.68346 2.25691
4.68187 2.25045
7.3317 2.30364
7.29993 2.35062
7.72599 1.48876
7.72258 1.49943
7.77477 1.32189
7.77702 1.31338
7.76612 -0.192928
7.7948 -0.0867358
7.68252 -0.434899
7.67439 -0.45488
5.78373 -2.26123
5.83398 -2.25202
5.58102 -2.25886
5.59297 -2.26025
5.55084 3.40903
5.50274 3.40162
5.30245 3.32992
5.33699 3.34667
5.10671 3.18378
5.13539 3.2111
4.94981 2.97967
4.95861 2.99445
7.84315 0.154465
7.8225 0.0355044
7.86985 0.413799
7.86175 0.305383
4.95469 -1.4234
4.96361 -1.44736
4.5626 1.42311
4.5613 1.40869
4.59724 1.75979
4.60371 1.80809
4.78853 -0.886984
4.76245 -0.791594
5.40833 -2.18458
5.47036 -2.22003
5.29421 -2.08042
5.28693 -2.07178
5.92789 3.38817
6.02438 3.36204
6.07285 3.34684
6.15704 3.31522
5.66574 3.41856
5.65585 3.41876
6.87627 2.84109
6.86723 2.84975
6.78853 -1.68443
6.78771 -1.68515
6.99406 -1.4862
6.96138 -1.51948
7.43285 -0.927026
7.44749 -0.9035
6.398 -1.98671
6.39022 -1.9923
6.68131 -1.7767
6.59149 -1.84783
4.54263 0.913417
4.54203 0.88404
4.54693 1.13044
4.54817 1.16741
4.87122 -1.17216
4.87746 -1.19246
4.6892 -0.479522
4.69168 -0.490989
5.19127 -1.94121
5.19316 -1.94391
4.55854 0.43985
4.56516 0.344648
4.54861 0.61585
4.54684 0.655151
4.72039 2.40481
4.71085 2.36896
7.20923 -1.24144
7.17061 -1.28943
7.85172 0.920064
7.85628 0.885267
4.64822 -0.270874
4.63647 -0.206187
7.87416 0.545579
7.87317 0.634553
4.84358 -1.08098
4.83946 -1.0666
7.76357 -0.201803
7.72717 -0.315502
6.27801 -2.06235
6.08676 -2.16374
7.0675 -1.40687
7.11347 -1.35643
6.47221 3.15139
6.26984 3.26457
4.75037 2.51353
4.74405 2.49223
4.79057 2.63455
4.78068 2.60563
7.14213 2.55818
7.17439 2.51926
7.82521 1.09464
7.82147 1.11466
6.50378 -1.91305
6.49146 -1.92252
7.49389 2.03412
7.49987 2.02291
7.41536 2.17232
7.40642 2.18708
7.24388 2.42935
7.25014 2.42085
7.68838 -0.420026
6.71074 2.98343
6.70512 2.98811
6.5943 3.07112
6.54019 3.10747
4.5933 1.73112
4.58709 1.67975
4.56825 1.49537
4.56757 1.48727
5.50376 -2.23544
5.53247 -2.24635
4.80178 -0.934943
4.8564 2.79931
4.8844 2.86132
4.66743 2.18448
4.66963 2.19598
5.81423 3.4102
5.88822 3.39623
6.03641 3.35897
6.19417 3.29835
6.04315 3.35715
6.48312 3.14497
5.70773 3.41804
5.80917 3.41074
6.86041 2.85569
6.93917 -1.54196
7.04329 -1.43364
6.3133 -2.04097
6.69825 -1.76233
6.69053 -1.76909
5.98231 -2.20733
5.93537 -2.22423
6.02828 -2.18879
6.0458 -2.18209
4.54358 1.00539
4.54336 0.976917
4.54614 1.10391
4.90534 -1.2792
4.89023 -1.23258
4.55564 0.481012
4.55715 0.459531
4.56646 0.329077
4.59378 0.0714486
4.59373 0.0717939
4.54979 0.589952
7.62236 1.76617
7.63317 1.74091
6.99381 2.72333
7.02652 2.68983
7.28025 -1.15006
7.25185 -1.18761
7.86446 0.803248
7.8635 0.813901
7.76482 -0.1975
5.88485 -2.23928
5.83463 -2.25185
4.54516 1.04041
4.54524 1.0764
4.91332 -1.30318
4.92075 -1.32483
6.69968 2.99251
6.59688 3.06933
4.66774 -0.375751
4.66227 -0.347479
4.55407 0.524732
4.55087 0.56549
4.64726 2.08046
4.65621 2.12714
4.67546 2.22305
4.84392 2.77255
4.82991 2.73951
6.79674 2.91022
7.65073 1.69707
7.66666 1.65662
7.62122 -0.577022
7.61176 -0.597856
5.72356 -2.26717
5.73993 -2.26673
5.57437 -2.25764
5.55675 -2.25288
4.60708 1.83166
4.61276 1.87226
5.26593 -2.04693
5.26019 -2.04024
7.29696 -1.12757
6.28629 -2.05769
4.57358 1.55143
4.57764 1.59472
4.55619 1.33976
4.55469 1.31551
4.59503 1.74392
5.29621 -2.08278
5.32424 -2.11302
4.56769 0.315063
4.57243 0.263829
4.54195 0.820494
4.54199 0.815685
5.65348 -2.26846
5.40214 3.37328
5.4708 3.39374
5.05691 3.12932
5.01118 3.0724
7.85933 0.281482
7.84583 0.171835
5.05271 -1.67231
4.99805 -1.53722
5.08939 -1.75032
5.14869 -1.86703
4.62661 1.96387
4.64434 2.06348
7.51385 -0.788992
7.59473 -0.633338
7.54409 1.93643
7.61069 1.79331
4.69601 2.30972
4.80738 2.68118
4.80153 2.6647
7.10403 2.60339
7.11724 2.58815
6.87642 -1.60346
6.89075 -1.59018
7.38393 -1.00366
7.39942 -0.980105
7.45552 2.10442
7.45761 2.10066
7.28833 2.36722
7.3547 2.26892
7.69761 1.57257
7.75118 1.40777
7.79495 1.23885
7.75767 1.38466
7.87196 0.660343
7.86813 0.746532
7.82184 0.0322515
7.79624 -0.0807422
5.2039 3.2681
5.22728 3.28448
5.60422 3.41552
7.87116 0.436489
4.93168 -1.35621
4.96859 -1.46002
5.07208 -1.71429
4.71222 -0.582413
4.72497 -0.636883
5.38119 -2.1626
5.4867 -2.22922
5.1905 -1.94008
5.07727 -1.72504
4.62228 1.93617
7.4801 -0.848421
6.77991 -1.69192
7.37641 -1.01492
7.35291 -1.04927
7.87416 0.525113
5.98585 -2.20621
4.683 -0.450991
5.24015 -2.01215
4.70133 2.33049
4.7264 2.42818
7.85856 0.861362
7.84537 0.972045
4.62944 -0.165586
4.81764 -0.99137
4.85577 -1.1228
4.74073 2.47993
4.77422 2.58764
7.17998 2.51221
7.07971 2.63135
7.84425 0.97917
7.80018 1.21634
7.24177 2.43215
7.53102 1.96214
7.45513 2.10509
7.37406 2.2387
7.75193 1.40518
7.69184 1.58898
4.55879 1.37571
5.93498 -2.22433
4.81104 -0.967787
4.54199 0.879318
4.54924 1.20572
4.55127 1.25491
4.58104 0.180726
4.57822 0.206111
4.54501 0.692181
4.5431 0.749748
7.11359 -1.3563
7.86501 0.797672
6.59652 3.06961
4.57997 1.61755
4.57957 1.61394
5.35783 -2.14378
5.33276 -2.12196
5.81184 3.41055
5.81103 3.41062
7.68526 1.60725
7.63118 -0.555632
4.98905 3.04087
4.61755 1.90392
5.26988 -2.05133
4.92999 2.9469
6.28876 -2.05629
5.83431 -2.25195
4.60798 -0.0343445
7.33301 -1.07794
5.63437 3.41779
4.97897 3.02471
4.5536 1.29481
4.55218 1.27151
4.56679 1.47786
4.57333 0.25329
4.54257 0.785522
4.54297 0.756041
4.91812 2.92575
4.54306 0.948141
4.54873 1.19289
4.86763 -1.16116
4.59336 0.0749652
4.54536 0.683099
7.05739 2.65627
6.59669 3.06948
6.49243 3.13928
4.58616 1.6727
7.64519 -0.523898
