5.44997 -2.43193
5.46523 -2.43728
5.13784 -2.13475
5.13419 -2.1285
4.96046 3.23105
4.99695 3.27525
5.38541 3.52491
5.30464 3.49818
5.36447 -2.3887
5.32077 -2.35916
6.60976 3.17524
6.6518 3.14402
4.66296 -0.749747
4.68287 -0.830877
5.94318 3.51019
5.83315 3.53659
6.17131 3.42911
6.19672 3.41684
4.69618 2.69339
4.7072 2.72705
7.00853 2.83137
7.0568 2.78157
7.17276 2.651
7.14694 2.68168
7.89009 1.15881
7.90837 1.06004
7.38641 -1.14086
7.40722 -1.11137
6.53255 -2.01341
6.61627 -1.94921
7.46612 2.24062
7.49557 2.19137
7.80838 1.48101
7.78326 1.55945
7.94927 0.631562
7.95072 0.585808
5.58707 -2.45612
5.57688 -2.45549
7.78973 -0.370599
7.77288 -0.416873
4.88501 3.1229
4.87299 3.10203
5.15037 3.41344
5.10932 3.38307
5.41306 3.53304
5.49764 3.54893
7.91138 0.0905929
7.90734 0.0673329
7.9431 0.345226
7.94239 0.335632
4.87568 -1.50767
4.8712 -1.49485
4.96044 -1.75103
4.93408 -1.67766
4.49872 1.66101
4.50064 1.67935
4.63443 -0.626454
4.99944 -1.84768
4.97201 -1.77981
4.57612 2.20749
4.56264 2.13321
4.53483 1.95635
4.54121 1.99888
7.54972 -0.886809
7.5941 -0.807671
5.82132 3.53909
5.7488 3.54841
6.39526 3.31468
6.47006 3.26839
6.89707 2.94019
6.81894 3.01031
7.48724 -0.991106
7.4991 -0.972041
6.72177 -1.86166
6.79501 -1.79831
6.81433 -1.78136
6.81228 -1.78323
7.05086 -1.54835
7.00369 -1.59844
6.29031 -2.18382
6.41233 -2.10199
6.28562 -2.18709
6.20014 -2.23897
5.98588 -2.35317
5.97425 -2.35834
5.74805 -2.43682
5.82259 -2.41744
5.54224 -2.45319
5.53587 -2.45185
4.52139 -0.010008
4.51654 0.0277215
7.67554 1.83773
7.67204 1.84561
7.94028 0.809996
7.94256 0.781415
4.7636 -1.13743
4.76014 -1.12534
4.81612 -1.3162
4.80019 -1.262
7.82647 -0.26069
7.81458 -0.298063
5.20552 -2.23471
5.22078 -2.2566
6.17364 -2.25563
6.08818 -2.3023
4.46009 0.863487
4.46012 0.850014
4.46081 0.990064
4.46066 0.977014
4.4737 1.36265
4.47345 1.35857
4.59702 -0.453081
4.47384 0.465996
4.47414 0.460881
6.03209 3.48217
5.82752 3.53799
6.10604 3.45578
6.28375 3.37556
4.65382 2.55078
4.65325 2.54883
7.09588 2.73935
7.11203 2.72151
7.27588 2.52256
7.27318 2.52607
7.188 -1.39602
7.1677 -1.42028
7.28218 -1.28121
7.28001 -1.28406
6.62954 -1.93801
6.51676 -2.02602
6.97388 -1.62773
6.90845 -1.69275
7.54541 2.10344
7.56508 2.0666
7.38259 2.37211
7.39388 2.35514
7.85473 1.31437
7.83914 1.37482
7.75086 -0.475266
7.72518 -0.536879
7.74721 -0.484235
6.81568 3.01321
6.81542 3.01344
6.79836 3.02774
6.76351 3.05683
6.54626 3.2191
6.55789 3.21152
4.51046 1.77166
4.50469 1.72011
4.49437 1.61519
4.48759 1.54232
4.48292 1.48688
4.69211 -0.867635
4.56008 2.11782
4.58413 2.24928
5.62144 3.55757
5.66466 3.55537
6.05783 3.47428
6.3399 3.34469
6.50586 3.24648
6.9566 2.88298
6.43105 -2.08792
6.81065 -1.78464
6.71471 -1.86797
7.09774 -1.49927
6.28787 -2.18553
6.04871 -2.32309
6.03778 -2.32831
5.89483 -2.39128
5.93691 -2.37484
4.72459 -0.992217
4.73561 -1.03385
4.48208 0.350064
4.48371 0.330424
4.49988 0.166002
4.50426 0.126025
4.5333 -0.0914015
4.4626 0.709455
4.46221 0.721679
4.46754 0.58223
4.46711 0.591298
4.79474 2.95077
4.79994 2.96307
4.75004 2.84516
4.73018 2.79425
4.6018 2.33102
4.61065 2.37181
7.33407 -1.21348
7.3259 -1.22429
7.93441 0.868095
7.92986 0.912868
4.46672 1.22139
4.46705 1.23101
4.46276 1.09209
4.46302 1.10401
6.18841 -2.24673
7.84985 -0.180535
5.08499 -2.03524
5.06497 -1.99658
4.71013 -0.937602
4.71898 -0.970845
6.71287 3.09776
6.70852 3.10101
4.59008 -0.419716
4.58468 -0.391793
4.54294 -0.151826
4.55226 -0.20928
7.62636 1.94418
7.5863 2.02603
4.5862 2.25885
4.59764 2.31251
4.58497 2.25321
7.7506 1.65213
7.75197 1.6486
5.62953 -2.45557
5.63425 -2.45513
7.85934 -0.147154
7.86583 -0.122102
7.67766 -0.643524
7.67376 -0.652112
4.91017 3.1617
4.92018 3.17662
4.52882 1.91122
4.52331 1.87161
7.34782 -1.19499
7.94449 0.752942
7.94569 0.737065
5.27573 -2.31808
5.30431 -2.34384
5.25997 -2.30423
4.48938 1.5613
4.48842 1.55103
4.59214 -0.429904
4.55099 2.06252
4.84154 3.0451
4.82885 3.02271
4.48906 0.269485
4.48946 0.26518
4.78963 -1.22698
4.76479 -1.14152
5.49557 -2.44499
5.43024 -2.4234
5.17473 -2.19315
5.13278 -2.12572
5.01038 3.28994
4.9575 3.2274
5.26186 3.47902
5.40139 3.53041
5.84753 -2.40831
5.88644 -2.39502
7.93021 0.215133
7.9287 0.202923
4.4694 1.2945
4.46954 1.30249
4.46018 0.926934
4.46012 0.913514
4.46054 0.786514
4.45995 0.800066
4.9219 -1.64186
4.90225 -1.58646
4.47769 1.42291
4.47767 1.42272
5.02453 -1.90972
5.03253 -1.92674
4.47832 0.397985
4.47848 0.39566
4.54347 2.01569
7.61471 -0.768869
7.6504 -0.698933
4.65229 2.54527
4.62862 2.44997
4.71161 2.74088
4.68839 2.66792
7.13454 2.69585
7.20473 2.61298
7.88205 1.19777
7.91254 1.03455
7.43738 -1.06665
7.23612 -1.33846
7.22454 -1.35298
7.50631 2.17277
7.44615 2.27332
7.33932 2.43583
7.34162 2.43255
7.78147 1.56468
7.81235 1.46827
7.95043 0.493505
7.94746 0.696671
5.54623 -2.45381
5.58842 -2.4561
4.84283 -1.40526
4.86179 -1.46669
7.88784 -0.0295331
7.88002 -0.0640263
5.06173 3.34121
5.20735 3.45076
5.56007 3.55408
5.63896 -2.45439
5.72189 -2.4435
7.95006 0.466087
4.96723 -1.76818
5.04334 -1.94932
4.53197 1.93524
7.68149 -0.635303
7.53468 -0.91273
7.48201 -0.999399
7.95043 0.477174
4.8362 -1.38274
5.94093 -2.37288
5.98735 -2.35259
4.46478 0.645673
4.46435 0.656493
4.75881 2.86595
4.77431 2.90413
4.4645 1.1566
4.46481 1.16751
4.5658 -0.288275
4.73905 -1.04684
5.23869 -2.27911
5.09832 -2.06282
4.46118 1.04051
4.47789 1.42559
4.46987 0.526102
4.61807 2.40361
4.68133 2.64554
7.21076 2.6055
7.08672 2.7497
7.928 0.926526
7.86355 1.27901
7.33862 2.43681
7.13812 -1.45384
7.29171 -1.26894
7.5831 2.03221
7.54223 2.10928
7.42486 2.30705
7.83277 1.39757
7.752 1.64849
4.51125 1.77888
4.50267 1.70107
4.82373 3.01357
4.81192 2.98974
5.59556 3.55753
6.02949 -2.33194
4.48987 0.260377
4.51261 0.0571313
4.46041 0.773226
4.72734 2.78614
7.71685 1.7387
7.71924 1.73281
7.63414 1.92796
7.11558 -1.47943
7.93906 0.825448
4.46877 1.28607
5.38451 -2.40296
5.40381 -2.41281
6.59356 3.1866
4.51968 1.84314
4.5151 1.80768
4.92611 3.18461
4.94892 3.21572
5.3156 -2.35438
6.81516 3.01367
7.6789 1.83018
7.74993 -0.477646
6.65682 3.14025
5.71025 3.55293
7.87206 -0.0971601
