6.46084 1.07035
6.49173 1.02335
6.29758 0.0780894
6.2872 0.0736573
5.97289 0.24915
5.96325 0.268736
6.56676 0.820455
6.58483 0.746524
6.53956 0.343928
6.48524 0.245698
6.39228 1.15645
6.33392 1.1942
5.94674 1.04894
5.90363 0.949096
6.10989 1.22391
6.13525 1.23692
5.872 0.623356
5.87013 0.669266
6.11874 0.100615
6.07687 0.122977
5.89783 0.439384
5.89884 0.435354
6.53006 0.952417
6.42642 1.11652
6.00403 1.14705
6.0134 1.15936
5.8775 0.803836
5.87326 0.763975
6.58737 0.716934
6.54684 0.907594
6.42866 0.165502
6.45942 0.202493
6.54357 0.351838
6.54218 0.921711
6.26165 1.23414
5.90216 0.945274
5.99397 1.13093
6.18039 1.23712
5.89975 0.936799
5.87918 0.83215
6.57877 0.481523
6.59229 0.600401
6.59241 0.61291
5.88481 0.518384
5.89583 0.448701
6.55581 0.39293
6.59242 0.602793
6.40342 0.138983
6.27093 0.0730412
5.93261 0.342647
5.98205 0.231929
6.03506 0.168547
6.1789 0.0727851
6.41246 0.147797
5.89733 0.441545
6.57512 0.463793
5.87025 0.712883
5.87417 0.587992
5.87924 0.544086
