6.14982 -2.15037
6.18776 -2.12971
5.68991 -2.28962
5.7267 -2.28934
5.00358 -1.58722
5.02133 -1.63281
4.75161 -0.791958
4.73765 -0.735063
5.11938 -1.84904
5.09517 -1.79848
4.62634 2.02877
4.62149 1.9997
4.60068 -0.0587101
4.59993 -0.0536807
7.5881 -0.669203
7.54603 -0.751027
6.38337 3.21978
6.35824 3.23283
7.56702 1.91122
7.60167 1.83745
7.33802 2.31215
7.31163 2.35118
7.73606 1.48781
7.72999 1.50677
7.73575 -0.32007
7.71274 -0.383267
7.77931 -0.181008
7.80275 -0.0941839
7.69434 -0.432543
7.69156 -0.439355
5.78394 -2.2819
5.8204 -2.27522
5.58127 -2.28316
5.61672 -2.2873
5.52706 3.42395
5.50161 3.42003
5.30119 3.35069
5.31776 3.35874
5.10525 3.20773
5.11935 3.22117
4.91757 2.95683
4.94503 3.00297
7.85149 0.146661
7.83286 0.0393932
7.8788 0.405421
7.8716 0.309079
4.9554 -1.46354
4.95186 -1.4534
4.56958 1.61976
4.57463 1.66781
4.55222 1.42307
4.55031 1.40187
4.58499 1.75218
4.59248 1.80804
4.77841 -0.892713
4.76015 -0.825922
5.40434 -2.21004
5.41682 -2.21717
5.25602 -2.0669
5.27552 -2.09003
5.17599 -1.94906
5.15872 -1.91835
6.03639 3.37471
5.92982 3.40357
6.1588 3.3293
6.04995 3.37017
5.67395 3.43545
5.65481 3.43584
6.86811 2.86402
6.87107 2.86137
6.99206 -1.50384
6.97096 -1.52532
7.4395 -0.934855
7.46017 -0.901637
6.41484 -1.99005
6.39344 -2.00546
6.67144 -1.79945
6.59454 -1.86033
6.87103 -1.62377
6.79115 -1.6968
5.9941 -2.22076
6.0365 -2.20364
4.53236 0.913429
4.53178 0.885257
4.53679 1.13634
4.53783 1.16742
4.86027 -1.17779
4.86178 -1.18272
4.54875 0.434175
4.55453 0.351182
4.59531 -0.0193199
4.58433 0.066098
4.5381 0.622301
4.53662 0.655317
4.70506 2.39527
4.69816 2.36932
7.22427 -1.23923
7.18199 -1.29178
7.86221 0.913475
7.86545 0.888707
4.63862 -0.276311
4.62455 -0.198871
7.88348 0.596456
7.88313 0.628292
4.8338 -1.08788
4.82614 -1.06109
7.77125 -0.208998
7.73806 -0.313329
6.27673 -2.07951
6.08694 -2.18092
7.07178 -1.41799
7.10844 -1.37778
5.81352 3.42626
5.83976 3.42101
6.48837 3.15653
6.27158 3.2785
4.7478 2.54919
4.73295 2.49915
4.77878 2.6419
4.76651 2.60603
7.14598 2.56986
7.18104 2.52757
7.83359 1.10293
7.83272 1.10759
7.24862 2.43993
7.1856 2.52186
6.51947 -1.91616
6.49458 -1.93529
7.50019 2.04259
7.51042 2.02342
7.42187 2.18109
7.41791 2.18763
7.78513 1.32091
7.78503 1.3213
7.69633 -0.427471
6.72357 2.98707
6.71226 2.99651
4.56918 1.61554
4.58292 1.73716
4.57598 1.6797
4.55839 1.5011
4.55722 1.48722
4.78769 -0.926294
4.8347 2.7876
4.87162 2.86934
4.65415 2.17624
4.65918 2.20249
5.78953 3.42909
5.89979 3.40967
6.04502 3.37206
6.21343 3.30447
6.49149 3.15469
5.70669 3.43504
6.8732 2.85932
6.95663 -1.53983
7.05253 -1.43928
6.3032 -2.06255
6.71199 -1.76506
6.6935 -1.78122
6.2881 -2.07255
5.92204 -2.24756
5.93556 -2.24281
4.53334 1.01135
4.53308 0.976929
4.53178 0.8781
4.53174 0.821784
4.53582 1.10393
4.88207 -1.24643
4.90412 -1.31449
4.54499 0.487554
4.54695 0.459697
4.55635 0.329242
4.53288 0.750197
4.53487 0.689546
4.53957 0.590118
7.6289 1.77496
7.64391 1.7399
7.00566 2.7267
7.03035 2.70141
7.17628 -1.29876
7.1202 -1.36432
7.28682 -1.15781
7.24606 -1.21171
7.77521 -0.195427
5.88505 -2.25859
5.84857 -2.26772
4.53466 1.04043
4.53472 1.0703
6.7013 3.00537
6.61052 3.0732
6.54619 3.11816
6.55037 3.11524
4.65825 -0.381122
4.65032 -0.340149
4.54365 0.524901
4.54091 0.559719
4.63685 2.08695
4.64453 2.12702
4.66959 2.2508
4.83136 2.78043
4.82761 2.77158
6.88385 2.84873
7.65467 1.71304
7.67728 1.65562
7.62812 -0.585147
7.61403 -0.616183
5.56154 -2.27956
5.53047 -2.27116
5.00181 3.08757
5.00704 3.09509
4.59476 1.82401
4.60151 1.87221
7.31081 -1.12554
7.87456 0.796894
7.87515 0.78914
4.56872 1.61057
4.56318 1.55138
4.68039 -0.489978
4.67896 -0.483183
4.54525 1.33297
4.54454 1.32142
4.58383 1.74387
5.29203 -2.10953
5.30462 -2.1231
4.55808 0.309494
4.56229 0.263994
5.74121 -2.28727
5.64056 -2.29053
5.40095 3.39271
5.44943 3.40715
5.04207 3.13863
5.00958 3.09853
7.86799 0.273375
7.85596 0.175633
5.05338 -1.71015
4.98589 -1.54346
5.06308 -1.7308
5.13374 -1.87472
4.61633 1.97028
4.63278 2.06336
7.52667 -0.786433
7.60179 -0.641664
7.55541 1.93537
7.6127 1.81265
4.68339 2.31008
4.6725 2.26422
4.79554 2.68856
4.78722 2.66511
7.1078 2.61481
7.12822 2.59126
7.84389 1.04047
7.85427 0.976921
6.88644 -1.60957
6.88879 -1.60739
7.39091 -1.01189
7.39229 -1.0098
7.46175 2.11281
7.44052 2.14956
7.29456 2.37561
7.36629 2.26948
7.70786 1.57161
7.75865 1.41516
7.80512 1.23789
7.78574 1.31846
7.88269 0.63752
7.87813 0.740246
7.82991 0.0247026
7.80648 -0.0786998
5.20254 3.29037
5.20979 3.29546
5.60314 3.4332
7.8808 0.440105
4.95026 -1.44862
4.92057 -1.36192
5.0585 -1.72126
4.70241 -0.587969
4.71199 -0.628918
5.34326 -2.16058
5.48278 -2.25427
5.18629 -1.967
5.05988 -1.72411
4.61098 1.93605
7.48692 -0.856452
7.39025 -1.01289
7.38816 -1.01593
7.88348 0.519256
6.03989 -2.202
5.98604 -2.22436
5.22332 -2.0208
4.68622 2.32109
4.71361 2.42854
7.86866 0.855012
7.8558 0.965861
4.61974 -0.171078
4.8079 -0.998239
4.85652 -1.16582
4.72516 2.47024
4.76252 2.59493
7.18388 2.52405
7.07022 2.65802
7.85491 0.972471
7.80827 1.22434
7.25388 2.43274
7.53742 1.97074
7.46583 2.10561
7.38048 2.24734
7.76181 1.40425
7.69919 1.59625
4.54876 1.38154
5.51165 -2.2648
5.94714 -2.23818
4.79949 -0.968171
4.53171 0.814562
4.53855 1.19952
4.54109 1.26084
4.90501 -1.31727
4.57256 0.165408
4.5673 0.21282
4.53266 0.756158
4.53498 0.686366
7.1774 -1.29743
7.87428 0.801146
6.52293 3.1339
6.59814 3.08255
5.33621 -2.1549
5.32864 -2.14831
7.68931 1.62369
7.64296 -0.553284
4.97516 3.04958
4.60514 1.89621
5.24412 -2.04995
4.91663 2.95528
5.83451 -2.27183
4.5994 -0.0498358
7.33967 -1.08579
5.61322 3.43396
4.95948 3.02445
4.54312 1.29476
4.5413 1.26476
4.5559 1.47109
4.56368 0.247697
4.53227 0.78569
4.91607 2.95427
4.53272 0.942146
4.53852 1.19884
4.8594 -1.17512
4.58276 0.0778101
7.06887 2.65953
6.60404 3.07812
6.49415 3.15306
4.57585 1.6787
7.65279 -0.53101
