6.35591 -0.747208
6.25334 -0.780805
6.21982 2.07396
6.21407 2.07593
7.08164 0.902191
7.07226 0.952972
5.47257 1.55713
5.44225 1.46903
5.557 1.74341
5.60077 1.81636
5.52706 -0.243898
5.5474 -0.290547
5.43418 0.0341944
5.45844 -0.0477889
6.13965 -0.794323
6.23199 -0.784749
6.39322 2.00113
6.4378 1.97543
5.84382 2.03958
5.80322 2.01837
6.00509 2.0905
6.03911 2.09133
6.84556 -0.304052
6.82573 -0.334503
6.62217 -0.571226
6.68101 -0.513787
6.58756 -0.603173
6.50587 -0.663605
5.34829 0.897769
5.34808 0.892876
5.37024 1.128
5.37649 1.16986
7.08778 0.860985
7.09684 0.776354
5.41002 1.34789
5.42958 1.42677
5.66918 1.90292
5.6123 1.83432
6.6991 1.74773
6.69739 1.74972
6.82291 1.58145
6.8063 1.60578
6.9229 1.40217
6.9126 1.42391
5.7622 -0.625379
5.73485 -0.594461
5.94479 -0.755116
5.90436 -0.733568
6.90682 -0.198106
6.93759 -0.137854
7.01432 0.0488687
7.02194 0.0709937
5.58836 -0.377965
5.61719 -0.427783
5.40673 0.157934
5.42663 0.0646474
5.34775 0.632246
5.34721 0.646023
5.36816 0.38366
5.36984 0.371018
7.08059 0.307525
7.07864 0.296556
7.10503 0.580021
7.10424 0.54627
7.03641 1.10581
7.0464 1.06525
7.00946 1.1885
6.99368 1.23497
7.05715 1.02467
6.56712 1.87963
6.62606 1.82383
6.95259 1.33711
6.965 1.30913
7.02273 1.15021
6.54695 1.8959
6.49683 1.93561
6.50517 1.92921
6.64859 1.801
6.37517 2.01183
6.32956 2.03401
6.24545 -0.783091
6.3933 -0.729068
6.21262 2.07618
6.32107 2.0381
5.97839 2.08518
5.90319 2.06613
6.71133 -0.481381
6.7564 -0.42708
5.35677 1.01442
5.35826 1.02907
5.43759 1.4549
5.50337 1.63517
5.60726 1.82693
5.52282 1.68009
6.69564 1.75163
6.85141 1.53592
6.87874 1.48923
5.85263 -0.702784
5.81055 -0.668507
6.9672 -0.0726675
6.98271 -0.0362836
5.50804 -0.198157
5.56896 -0.337641
5.47632 -0.105732
5.42936 0.0532418
5.35501 0.506277
5.35464 0.510922
7.09791 0.438702
7.09633 0.422852
6.47084 -0.687517
6.05065 -0.786895
6.44479 1.97045
6.3846 2.00665
6.10882 2.09241
5.74471 1.97512
5.70558 1.9422
6.80677 -0.360689
6.88725 -0.234377
6.5985 -0.593595
5.34537 0.77768
5.35033 0.930139
5.388 1.23892
5.40312 1.31544
7.10049 0.732962
7.08626 0.872883
5.67053 -0.514971
5.66567 -0.507215
5.67371 -0.519707
5.51203 1.65647
6.76187 1.66759
6.88994 1.46823
6.93955 1.36675
6.02939 -0.783133
6.03845 -0.7857
7.04988 0.167
5.49021 -0.147284
5.39336 0.223947
5.48503 -0.132384
5.38644 0.263956
5.34528 0.76932
5.35863 0.469764
5.34535 0.760975
7.05454 0.185049
7.10376 0.667217
7.06252 1.00151
6.97458 1.28632
