7.52034 -0.407015
7.49216 -0.472879
5.32319 2.98982
5.40303 3.04317
4.72729 1.34022
4.72887 1.35975
5.78999 -1.92671
5.82444 -1.92841
4.82386 -0.287361
4.80341 -0.183177
4.73736 0.28333
4.73957 0.261109
4.70749 0.782838
4.70737 0.786299
6.63876 2.80002
6.6455 2.79471
7.71485 0.468723
7.71659 0.515341
7.70381 0.84981
7.70604 0.828908
7.5991 -0.192142
7.58559 -0.233259
5.5212 3.09886
5.51612 3.09655
5.2015 2.87369
5.2199 2.89601
7.70114 0.287411
7.69591 0.243171
5.25696 -1.53393
5.2461 -1.51728
5.14003 -1.31045
5.15767 -1.34761
4.75141 1.57651
4.75645 1.6164
4.79925 1.88524
4.81763 1.97606
6.02261 -1.90037
5.99232 -1.90735
5.65736 -1.90246
5.63578 -1.89559
4.89545 -0.594857
4.90276 -0.62209
4.96113 -0.828256
4.9496 -0.788701
5.46905 -1.79636
5.47238 -1.79881
5.34856 -1.66824
5.32337 -1.63632
5.00197 -0.954344
5.0137 -0.988845
5.09421 2.72967
5.13132 2.78658
6.40638 2.95322
6.40839 2.95219
6.11827 3.08205
6.16536 3.06584
5.93269 3.12879
6.03454 3.10806
5.68874 3.13605
5.75427 3.1406
6.63124 2.80578
6.7238 2.73182
6.72263 2.73286
6.61719 -1.58166
6.6175 -1.5814
6.41849 -1.71975
6.40848 -1.72552
6.81984 -1.40878
6.80375 -1.4234
7.32156 -0.795893
7.36185 -0.729485
7.2222 -0.947377
7.23058 -0.935384
7.49082 1.67316
7.46766 1.72712
4.86817 2.18446
4.86861 2.18617
7.52489 1.58882
7.53732 1.55611
4.70777 0.916617
4.70868 1.0363
5.10589 -1.22909
5.08203 -1.17137
4.77985 -0.0432389
4.76709 0.0409573
4.72603 0.406852
4.71786 0.511894
4.80338 -0.183033
4.80331 -0.182623
7.47595 -0.509766
7.54239 -0.352367
6.89698 2.57155
6.87228 2.59585
7.00861 2.45142
7.06732 2.38261
6.9979 -1.22631
7.03309 -1.18745
7.38818 1.89187
7.40967 1.84991
7.31096 2.03186
7.32121 2.01432
7.2124 2.18722
7.22455 2.16965
7.07651 2.37147
7.12501 2.3087
7.60894 1.33749
7.59781 1.37603
7.65163 1.17119
7.64832 1.18609
7.69343 0.936867
7.68398 1.00238
7.56163 -0.301364
7.62198 -0.115508
7.44527 -0.572481
7.43431 -0.594909
6.47091 2.91538
6.46762 2.91757
4.71591 1.17591
4.71507 1.15958
5.54946 -1.85423
5.54717 -1.85314
4.72869 0.374729
4.72723 0.391612
4.71173 0.646174
4.71152 0.652471
4.70769 0.909686
4.96304 2.46945
4.95278 2.44381
4.91425 2.33369
4.92826 2.3771
6.73372 2.72318
4.70891 1.04022
4.70897 1.04431
4.72256 1.28039
5.72884 -1.92014
4.8527 -0.418901
4.83211 -0.326248
4.74391 0.222087
4.74678 0.195841
4.71672 0.531545
4.71721 0.522077
4.71136 0.658525
4.70745 0.77932
7.1328 -1.06825
7.13321 -1.06774
6.96323 -1.26486
7.39768 -0.663767
7.37184 -0.712349
6.55294 2.86128
4.97164 2.48889
6.09043 3.09193
6.04191 3.10628
6.30292 3.00711
6.28909 3.01357
7.64327 -0.035437
7.66103 0.0384946
4.74526 1.52292
4.74124 1.48807
4.77453 1.74474
4.78273 1.79675
6.09128 -1.87872
6.05312 -1.89139
5.88186 -1.92543
5.86711 -1.92677
4.89709 2.28248
4.86948 2.18935
6.171 -1.84756
6.22124 -1.82703
5.67315 3.13509
5.66562 3.13411
7.55034 1.51959
7.5688 1.46729
7.63245 -0.0790573
4.98247 -0.894911
4.97009 -0.85647
5.39485 -1.72503
5.36457 -1.68772
7.67579 0.116208
7.66882 0.0771721
5.42162 3.05386
5.30392 2.97432
5.17186 -1.37556
5.20041 -1.4332
4.73225 1.39992
4.7237 1.29559
4.79498 1.86408
4.78485 1.80892
4.92313 -0.695609
4.94634 -0.777462
5.04647 -1.08193
5.04316 -1.0732
6.98543 2.47779
6.94191 2.52458
5.04485 2.64647
5.0404 2.63819
6.29805 -1.78807
6.27626 -1.7993
7.17642 -1.00999
7.20634 -0.970025
6.24957 3.03209
6.19673 3.05325
6.51735 -1.65496
6.58833 -1.60286
6.62373 -1.57638
6.71315 -1.50394
7.2723 -0.872133
7.30413 -0.8236
7.35028 1.96282
7.36705 1.9322
7.14476 2.28201
7.17568 2.23975
7.63164 1.25421
7.62445 1.28243
7.71687 0.560355
7.71209 0.409357
7.68376 0.161519
5.22618 2.90276
5.52244 3.09928
5.62187 3.12599
5.14851 2.80978
7.70961 0.375885
5.23705 -1.50219
5.29774 -1.5983
5.11845 -1.26021
4.73745 1.45232
4.75876 1.63482
4.7485 1.55223
4.7735 1.73773
4.83123 2.03661
4.88149 -0.542154
4.96806 -0.849765
4.86963 -0.493296
5.41298 -1.74297
5.54567 -1.85228
5.04898 -1.08827
4.75084 0.161057
4.75935 0.0948633
5.05028 2.65557
6.32046 -1.77715
4.84286 2.08801
4.8376 2.06546
7.41962 -0.623374
6.42857 2.94064
6.34924 2.9839
6.10167 3.08821
5.8309 3.14095
6.03765 3.10743
5.82913 3.14118
5.82608 3.14136
5.67717 3.13541
6.71797 -1.49998
6.51644 -1.65556
6.89 -1.3402
7.36891 -0.717396
7.71707 0.623852
7.45369 1.7578
7.50358 1.64269
4.8646 -0.47165
7.16394 -1.02724
6.93116 -1.29889
7.71301 0.740652
7.71374 0.725555
4.7852 -0.0774063
7.66846 1.09352
7.6694 1.08896
7.66954 1.08822
7.66969 1.08748
6.80918 2.65645
6.79954 2.66511
7.07249 2.37645
7.13171 -1.06962
7.08862 -1.12193
7.42484 1.81927
7.27256 2.09631
7.27059 2.09947
7.26244 2.11224
7.58387 1.42099
7.6701 1.08509
7.69635 0.916144
7.71154 0.76013
6.46487 2.91939
6.7922 2.67167
5.92247 -1.92114
5.95421 -1.91567
5.82827 3.14126
5.40497 -1.7353
5.32098 -1.63272
6.12302 -1.86799
5.00182 2.55929
7.69922 0.892016
7.0649 -1.15048
7.04375 -1.1754
7.7168 0.6512
