6.04564 -2.74099
6.01505 -2.764
4.57498 -1.47819
4.55564 -1.39213
8.05308 -0.291578
8.06647 -0.247808
8.17286 0.422091
8.17305 0.428578
4.23201 1.35828
4.2287 1.31566
4.22175 0.850294
4.22105 0.812112
6.85304 3.31593
6.82546 3.33873
4.34644 -0.441721
4.36492 -0.541379
4.28676 2.05981
4.28837 2.0739
4.87577 -2.71572
4.87072 -2.69498
4.8517 -2.62521
4.8411 -2.57656
4.2731 0.0169755
4.27292 0.018414
4.25018 0.242456
4.24834 0.26172
7.83939 -0.829019
7.86512 -0.776869
5.38701 -3.15775
5.38779 -3.15723
5.34958 -3.17436
5.34422 -3.17589
6.43433 3.62646
6.38833 3.6543
7.84446 2.00175
7.87132 1.94173
4.36265 2.57634
4.35162 2.50841
4.80473 -2.42564
4.80547 -2.43015
7.14294 3.04264
7.21954 2.96227
8.12487 1.0981
8.11105 1.17501
5.21491 -3.21743
5.2459 -3.21062
7.45735 2.66821
7.48674 2.62874
7.65388 2.37133
7.65887 2.36251
4.69365 3.56293
4.74361 3.63324
5.52965 -3.08067
5.57582 -3.05263
8.01423 1.56273
7.98795 1.64195
5.87453 -2.86157
5.86105 -2.87091
8.17572 0.556863
8.17264 0.663948
5.07768 -3.18777
5.10708 -3.20469
4.96479 -3.00891
4.95738 -2.98571
4.90503 -2.82561
4.91714 -2.86088
4.6806 -1.9149
4.69639 -1.98313
5.63646 -3.01728
5.62286 -3.02623
5.00995 -3.1024
5.00335 -3.08599
4.61748 -1.65327
4.6058 -1.60483
6.6479 3.47961
6.61195 3.5054
6.01055 3.84254
6.03707 3.83202
5.76924 3.92341
5.67668 3.94322
6.26229 3.72615
6.26776 3.72343
4.43708 2.93102
4.43511 2.92224
7.09483 3.09241
7.28238 2.89032
7.22732 2.95359
7.64213 -1.17362
7.6486 -1.16358
7.54057 -1.32251
7.56328 -1.29037
7.02389 -1.92161
7.07122 -1.87464
6.86056 -2.07851
6.88019 -2.06097
6.65869 -2.25707
6.65876 -2.25701
6.41085 -2.46167
6.40441 -2.46707
4.65548 -1.81433
4.65692 -1.82039
7.96596 -0.545544
7.94546 -0.597906
5.59091 3.95654
5.55501 3.96095
7.70974 -1.06483
7.7516 -0.993255
4.52298 3.21346
4.50802 3.17185
6.95463 3.22627
6.99998 3.18371
4.30709 2.21031
4.31809 2.28564
7.16508 -1.77468
7.21952 -1.71562
4.54217 -1.33334
4.55092 -1.37045
4.59885 -1.57747
4.221 1.00264
4.22084 0.977295
4.23823 1.4997
4.23746 1.48575
5.88141 3.89127
5.87439 3.8932
4.38759 -0.650272
4.36875 -0.560685
4.23242 0.48376
4.23355 0.464797
5.49456 3.96457
5.46708 3.96609
5.38521 3.96452
5.38962 3.96463
4.32337 2.31436
4.32774 2.34794
4.31361 -0.258926
4.30714 -0.219436
5.43476 -3.13268
5.42407 -3.13879
5.3806 -3.16076
7.92733 1.80681
7.95482 1.73521
7.74886 2.19788
7.77981 2.13746
4.37149 2.62494
4.38829 2.71398
4.95411 3.82908
4.91472 3.80292
5.034 3.87552
5.05357 3.88418
5.11727 3.91032
5.16501 3.92669
5.37584 3.96377
5.30744 3.957
4.82266 -2.49786
4.79044 -2.36369
8.07522 1.34191
8.0454 1.45863
7.36456 2.79129
7.42133 2.718
7.49299 2.61992
7.54846 2.53931
6.94371 -2.00036
6.97619 -1.96981
7.61315 2.43846
7.64382 2.38815
4.59519 3.389
4.58578 3.36832
4.65648 3.50363
4.6339 3.46592
4.54798 3.27867
4.56506 3.32249
4.71619 -2.06583
4.71945 -2.07695
4.77033 -2.27986
4.77158 -2.28443
4.72221 -2.08789
4.73735 -2.14616
5.74654 -2.94725
5.75663 -2.94102
8.07773 -0.207304
8.00843 -0.431038
7.98907 -0.48423
8.15662 0.216425
8.15752 0.224972
6.68696 3.44952
6.72033 3.42398
6.90101 3.27384
6.92786 3.25026
5.89313 3.88726
5.99213 3.85038
6.07317 3.81672
6.04715 3.8279
5.8087 3.91203
5.6558 3.94792
4.27133 1.9264
4.27204 1.93258
4.30071 2.16701
6.21179 3.75215
6.18314 3.76557
6.5001 3.58359
6.48946 3.59098
4.41512 2.83857
4.42371 2.8759
4.45096 2.98482
7.22294 2.95855
7.29864 2.87184
6.77474 -2.15613
6.78336 -2.14877
7.10173 -1.84241
4.67324 3.5336
8.1687 0.729851
8.16526 0.777401
6.59727 -2.30877
6.47862 -2.40694
6.46796 -2.41579
6.35449 -2.50613
6.3409 -2.51708
6.66022 -2.25575
6.71934 -2.20415
4.65747 -1.82306
4.63418 -1.7224
8.17507 0.514912
8.17584 0.550786
4.49908 -1.15139
4.50321 -1.1687
4.47283 -1.04026
4.47337 -1.04256
4.24471 1.60664
4.2452 1.61405
4.22811 0.57352
4.22717 0.595203
7.43722 -1.46141
7.44487 -1.4518
7.34138 -1.57855
7.35773 -1.55935
4.42341 -0.815856
4.41785 -0.790159
4.44793 -0.928193
4.4454 -0.916368
4.22206 1.07956
4.22252 1.10429
6.20648 -2.62051
6.13795 -2.67278
8.03044 -0.365487
4.864 3.76247
4.83526 3.73556
8.16469 0.300811
8.17252 0.414784
4.22385 0.723291
4.22188 0.761954
7.05554 3.13127
7.02721 3.15821
6.75077 3.40021
6.79652 3.3624
4.28488 2.04741
4.2793 1.99619
4.26026 1.80685
4.26012 1.80537
6.32401 3.69269
6.32375 3.69285
8.15569 0.87339
8.15962 0.83956
8.1441 0.970663
8.15242 0.906647
4.49843 3.14503
4.48736 3.10962
5.67655 -2.99199
5.76388 -2.93655
8.10153 -0.114972
6.54436 3.55372
6.57069 3.53474
5.64637 3.94953
8.17583 0.553131
4.25998 1.80401
4.25662 1.7641
7.29035 -1.63758
7.2481 -1.68496
5.9432 -2.81431
5.92464 -2.82672
4.6746 -1.89335
4.65902 -1.83034
4.22684 1.23129
4.22707 1.27296
4.25485 1.74248
4.2548 1.74177
7.32355 2.84082
7.3519 2.80707
4.53007 3.23397
4.53475 3.24741
4.76394 3.65913
4.79083 3.68847
6.53988 -2.35718
6.53587 -2.36064
6.10195 3.8041
6.11202 3.79941
4.22821 1.29479
4.23329 1.40357
4.22176 0.786794
4.22078 0.88832
4.36593 -0.546615
4.33864 -0.399784
4.87791 -2.72655
4.85808 -2.64638
4.8267 -2.5209
4.82413 -2.50673
4.27152 0.0311058
4.2889 -0.101151
4.24093 0.357625
4.25983 0.139612
7.89484 -0.712979
7.80973 -0.886669
5.31202 -3.19005
7.88743 1.90413
7.82651 2.04086
4.34831 2.48559
4.36889 2.61186
4.47193 3.05859
4.46827 3.04728
5.23475 3.94454
5.2444 3.94623
8.13445 1.03913
8.10179 1.22173
5.27654 -3.19953
5.17794 -3.21926
5.12686 -3.21285
7.31275 -1.61218
4.62408 3.44578
4.59793 3.39547
5.59617 -3.04184
5.47899 -3.10814
4.89917 -2.79968
5.05099 -3.15945
5.04054 -3.15093
5.03088 -3.13758
4.94246 -2.94144
4.98328 -3.04893
4.93539 -2.92199
4.93238 -2.91501
5.64155 -3.01381
8.13043 0.0234459
8.1311 0.027068
8.1295 0.0186504
7.7776 -0.946321
7.91716 -0.663117
7.69063 -1.09649
7.63915 -1.17825
7.59177 -1.24856
7.49847 -1.38173
6.27739 -2.56686
6.28446 -2.56104
6.26269 -2.57843
4.48585 -1.0959
4.48814 -1.10564
4.24948 1.67535
4.24986 1.68086
7.39028 -1.51984
7.40176 -1.50589
5.98491 -2.78552
5.96365 -2.79995
6.08236 -2.71451
4.51251 -1.20673
4.52367 -1.25334
4.4688 -1.02269
4.45927 -0.97947
4.22096 0.939167
4.22131 1.04079
4.23523 1.43886
4.24107 1.5499
4.32753 -0.336507
4.3946 -0.685055
4.23657 0.41595
4.22994 0.530006
5.44007 3.9657
5.5387 3.96201
5.38289 3.96443
4.29161 -0.119902
5.46108 -3.11951
5.3888 -3.15671
7.79832 2.09966
7.91414 1.83991
7.96419 1.70977
7.73132 2.23165
4.33592 2.40399
4.39973 2.76744
4.89007 3.78336
4.97302 3.84167
5.02756 3.87207
5.09811 3.90365
5.22726 3.94266
8.08161 1.31469
8.04535 1.45882
7.55544 2.52886
7.60617 2.44968
7.42939 2.70747
7.48245 -1.40323
7.48848 -1.39541
7.70199 2.28562
4.57026 3.33343
4.78778 -2.35217
4.7547 -2.21531
4.78816 -2.35353
8.02085 1.54216
5.90688 -2.83967
8.16315 0.281387
8.15022 0.158446
4.41078 2.82042
4.43228 2.9108
6.65882 -2.25696
6.5315 -2.36442
6.41716 -2.45665
6.29158 -2.55556
4.2259 0.637285
4.45244 2.99046
4.41107 -0.759739
4.43149 -0.853268
4.43557 -0.872096
4.22373 1.14403
6.12647 -2.68108
4.2247 1.19099
4.22418 0.683292
5.46954 -3.1141
6.45131 3.61548
7.93912 -0.612887
4.40424 -0.727049
4.75262 -2.20797
8.0179 1.55162
5.83195 -2.89004
8.14944 0.152057
8.13759 0.0711465
8.10686 -0.0924048
6.13717 3.78746
4.27287 1.93947
6.32352 3.69299
4.81589 3.71649
6.10535 -2.6971
4.40584 2.79692
6.3833 3.65732
6.32103 3.69437
