7.52685 -0.413109
7.50212 -0.470891
5.32211 3.00761
5.38874 3.05213
4.70192 1.08187
4.69995 1.04138
4.71869 1.34522
4.71985 1.35971
4.77602 1.81253
4.78089 1.84142
5.77542 -1.94299
5.8218 -1.94529
4.81557 -0.292058
4.80096 -0.217639
4.72909 0.278541
4.73082 0.261252
6.6419 2.80954
6.6567 2.79789
7.72321 0.471858
7.72464 0.510281
7.71269 0.844235
7.714 0.831893
7.60591 -0.198518
7.59512 -0.231357
5.52025 3.11446
5.55391 3.12332
5.15789 2.8428
5.20793 2.90352
7.70874 0.280297
7.70474 0.246484
5.23189 -1.51834
5.23444 -1.52327
5.14053 -1.33932
5.14706 -1.35306
4.74294 1.58145
4.74734 1.61636
4.78779 1.87812
4.80867 1.98127
6.02011 -1.91634
6.00573 -1.91966
5.644 -1.91739
5.63293 -1.91386
4.88693 -0.599564
4.89081 -0.614025
4.95711 -0.84771
4.9398 -0.788346
5.33505 -1.67518
5.32023 -1.6564
5.00017 -0.980505
5.0047 -0.993819
4.69871 0.781277
4.69867 0.782982
4.98964 2.56072
4.99164 2.56568
5.08324 2.73655
5.12979 2.80792
6.13266 3.08966
6.1706 3.0766
6.01725 3.12513
5.93185 3.14251
5.71983 3.1525
5.76147 3.15539
6.6254 2.8222
6.73446 2.73485
6.7258 2.74247
6.61562 -1.59547
6.62639 -1.58682
6.81814 -1.42369
6.81256 -1.42877
7.32751 -0.802907
7.35516 -0.757334
7.22784 -0.954023
7.24204 -0.9337
7.50021 1.67228
7.47398 1.73337
4.85584 2.17679
4.85966 2.19175
7.5341 1.58795
7.54377 1.56249
5.09018 -1.21932
5.0724 -1.17632
4.77022 -0.037326
4.75905 0.0364045
4.71765 0.401992
4.70866 0.517544
7.48239 -0.515798
7.55215 -0.350421
6.89591 2.58591
6.88045 2.60112
7.0735 2.38904
7.01613 2.45628
7.12934 -1.08641
7.13682 -1.07711
7.00158 -1.23586
7.04104 -1.19229
7.39371 1.89932
7.41881 1.85035
7.31633 2.03908
7.33053 2.01477
7.22595 2.18307
7.23193 2.17441
7.08523 2.37431
7.1323 2.3134
7.61756 1.33668
7.60433 1.38248
7.65988 1.17042
7.65494 1.19264
7.69801 0.961868
7.69175 1.00529
7.56829 -0.307605
7.63125 -0.113659
7.46211 -0.557259
7.44473 -0.592831
6.48375 2.91902
6.47425 2.92537
4.70659 1.17013
4.70631 1.16468
5.58271 -1.8898
5.54275 -1.87095
5.53071 -1.8628
4.71943 0.380413
4.71845 0.391755
4.70269 0.651728
4.70266 0.652615
4.95293 2.47579
4.95085 2.47059
4.90033 2.32617
4.91869 2.3831
6.41079 2.9632
6.4194 2.95807
6.80774 2.67093
4.69902 0.914919
4.699 0.913234
5.03474 -1.07941
5.03731 -1.08679
5.39015 -1.74292
5.38485 -1.73639
4.69995 1.04023
4.71393 1.28541
5.72609 -1.9377
4.83606 -0.385539
4.82142 -0.319693
5.46606 -1.81552
5.44695 -1.79745
4.73571 0.217329
4.73804 0.195983
4.70814 0.526569
4.70836 0.522221
4.70132 0.694148
4.70264 0.653468
6.97116 -1.26969
6.42287 -1.73016
6.41685 -1.73415
7.40362 -0.670762
7.38264 -0.710193
6.55623 2.87123
4.6999 1.03906
4.69899 0.911527
4.69865 0.784725
4.95468 2.47973
6.08964 3.10493
6.04207 3.119
6.30212 3.02027
6.29416 3.02398
7.65421 -0.025551
7.66802 0.0319504
4.73552 1.51688
4.73219 1.48802
4.77475 1.80427
4.76536 1.7447
6.10291 -1.88939
6.03459 -1.91208
5.89768 -1.93995
5.85156 -1.94414
4.88766 2.28839
4.8673 2.2197
6.19587 -1.85143
6.21956 -1.84174
5.67227 3.14959
5.64929 3.14659
7.55391 1.53407
7.57523 1.47366
7.63934 -0.0855022
4.95933 -0.855189
4.97368 -0.899764
5.51873 -1.85395
5.34447 -1.68664
5.02172 -1.04257
7.68463 0.11797
7.67898 0.086356
5.4206 3.07047
5.29088 2.98251
5.15231 -1.3634
5.18963 -1.43875
4.72366 1.40491
4.71469 1.29555
4.78601 1.86929
4.77545 1.80888
4.9147 -0.700262
4.93429 -0.769328
6.98434 2.49244
6.94975 2.52964
6.3079 -1.79711
6.29731 -1.80257
7.18029 -1.02002
7.20097 -0.9924
6.24877 3.04526
6.21056 3.06056
6.72197 -1.50931
6.72658 -1.50529
7.27813 -0.878994
7.31555 -0.821921
7.35572 1.97014
7.37627 1.93264
7.15868 2.27774
7.18301 2.24449
7.64006 1.25342
7.63101 1.28892
7.72498 0.563395
7.72006 0.404342
7.69108 0.154667
5.22501 2.92187
5.5065 3.10927
5.62094 3.14133
5.13667 2.81721
7.71819 0.379107
5.23751 -1.52882
5.28551 -1.60458
5.10871 -1.26521
4.72777 1.44631
4.75028 1.63975
4.73943 1.55219
4.76342 1.73147
4.81945 2.02929
4.87951 -0.571578
4.9576 -0.849387
4.86162 -0.497832
4.74266 0.156318
4.74981 0.100721
5.03039 2.64483
4.9697 2.51477
5.03872 2.66145
5.03423 2.65313
6.3188 -1.7918
4.83399 2.09354
4.82742 2.06535
7.42143 -0.637978
6.36875 2.98636
6.35423 2.99416
6.10701 3.09918
5.8519 3.15206
6.03685 3.12058
5.83544 3.15416
5.80709 3.15588
5.68454 3.15055
6.71635 -1.51422
6.52594 -1.66135
6.39732 -1.74574
6.51577 -1.66894
6.76864 -1.46798
6.89835 -1.3453
7.37458 -0.724077
7.72515 0.618775
7.46327 1.7569
7.50995 1.64899
4.85402 -0.465158
7.17166 -1.03194
6.92689 -1.31665
7.72086 0.743595
7.72264 0.706633
5.04271 -1.10165
4.7772 -0.0819315
4.79359 -0.177152
6.80814 2.67057
6.80809 2.67062
7.07985 2.3812
7.14947 -1.0612
7.09227 -1.13141
7.67644 1.09395
7.67844 1.08339
7.43046 1.82682
7.28195 2.09676
7.27586 2.10657
7.25059 2.14613
7.59265 1.42016
7.68179 1.06466
7.70404 0.919029
7.71725 0.791285
6.46628 2.93063
6.80805 2.67066
5.91989 -1.9376
5.93726 -1.93461
5.39176 -1.74481
5.82743 3.15492
5.30389 -1.63181
6.1213 -1.88318
5.03862 -1.09059
7.70997 0.869153
7.06021 -1.17001
7.04746 -1.18503
7.7248 0.6542
