6.37301 2.73476
6.36569 2.73834
5.53979 2.794
5.4611 2.74466
6.74117 2.47422
6.71674 2.49548
4.87057 0.780184
4.86951 0.810301
6.88563 -1.09355
6.95251 -1.01835
7.15196 1.98361
7.18044 1.9379
7.52682 0.164136
7.53262 0.198134
7.35319 1.602
7.32026 1.67617
7.42036 1.42773
7.39128 1.50712
5.51702 -1.44503
5.47509 -1.39958
4.87951 1.14599
4.88187 1.18766
4.90299 1.4236
4.90321 1.42558
5.68705 -1.56788
5.6283 -1.53297
5.06179 -0.540493
5.0648 -0.551287
5.11436 -0.706047
5.14099 -0.782882
5.26383 -1.07308
5.28585 -1.11506
5.1842 -0.894695
5.15853 -0.831643
5.35878 -1.24301
5.33074 -1.19889
4.98282 1.87356
4.99006 1.90269
4.9377 1.65305
4.94893 1.71241
4.91804 0.127896
4.91804 0.127912
4.8892 0.388976
4.88725 0.407856
4.87252 0.677935
4.87332 0.649838
4.87019 0.880683
4.87082 0.94001
5.30563 2.59701
5.34488 2.64256
5.19587 2.43753
5.16094 2.37484
5.10975 2.26321
5.14053 2.33166
6.05861 -1.6113
5.96518 -1.62278
6.25242 -1.55237
6.21021 -1.56724
5.87049 -1.62014
5.96109 -1.62297
5.04086 2.07688
5.02184 2.01543
6.80801 -1.17024
6.88119 -1.09837
7.26677 1.78485
7.29184 1.73667
7.28084 -0.542811
7.27285 -0.557929
6.15849 2.82585
6.07569 2.84855
6.02477 2.85959
5.94845 2.87033
5.69393 2.85268
5.74156 2.86327
6.44892 -1.45178
6.42601 -1.46468
6.64778 -1.31228
6.63609 -1.3212
7.55805 0.409902
7.55723 0.397874
6.59668 2.5923
6.56778 2.61442
7.45048 1.3382
7.45067 1.33765
7.5455 0.889808
7.5437 0.905081
7.56392 0.586731
7.56425 0.599743
4.95633 -0.0970972
4.96914 -0.163072
7.06207 -0.883187
7.08224 -0.857447
7.19786 -0.687952
7.16266 -0.743353
7.47753 1.24178
7.47207 1.26145
7.52324 1.03437
7.52003 1.05361
6.91731 2.29696
6.86167 2.35661
7.09091 2.07638
7.08761 2.08128
6.93967 2.27085
6.98381 2.21759
6.46382 2.68281
6.47273 2.67775
7.44802 -0.150215
7.43706 -0.184751
7.41763 -0.238712
7.42829 -0.209397
7.37606 -0.344099
7.38239 -0.329044
7.38788 1.51615
7.42223 1.42243
4.87434 1.06688
4.88904 1.28342
4.8963 0.310421
4.8935 0.33876
4.88509 0.434014
4.88181 0.476456
4.87667 0.559219
4.87427 0.611599
4.87136 0.71502
4.87236 1.01203
6.51028 2.65275
6.54082 2.63261
7.50533 1.12508
7.50846 1.11164
7.5573 0.772265
7.55918 0.750117
5.02537 -0.407081
5.00061 -0.310264
7.22374 1.86421
7.23511 1.84413
6.31879 2.76232
6.31069 2.766
7.35749 1.59171
7.44792 1.346
7.4239 1.41767
4.87395 1.04003
7.49373 0.00840796
7.47208 -0.0732304
7.32779 -0.45103
7.32931 -0.447986
4.99942 -0.305375
4.99692 -0.294791
5.0404 -0.463078
7.29223 1.73588
7.29346 1.73337
6.41976 2.70902
4.89011 1.29636
4.87022 0.750616
7.51067 0.0832651
7.50244 0.0426574
5.44135 2.73036
5.56879 2.80812
5.42145 -1.33574
5.41297 -1.32395
4.89109 1.30746
7.56218 0.66892
7.56176 0.69657
7.532 0.98623
7.53036 0.997221
4.9771 -0.201664
4.98654 -0.246471
5.22239 -0.984788
5.20519 -0.944383
4.95892 1.76417
4.98016 1.86149
6.65417 2.54849
6.79109 2.42726
5.24653 2.51992
5.24029 2.50974
6.15486 -1.58765
6.09529 -1.60198
7.10512 -0.825
7.14224 -0.774037
7.0166 -0.943061
6.88329 -1.09615
5.84453 2.87453
5.85802 2.87402
6.54776 -1.38722
6.53525 -1.3955
7.07775 2.09516
7.03689 2.1502
6.26478 2.78703
6.24154 2.79567
7.21527 -0.658993
7.25488 -0.590309
7.54625 0.290253
7.31617 1.68512
5.63949 2.83709
5.37207 2.6695
7.54931 0.315753
5.54582 -1.47079
5.40247 -1.30811
4.90434 1.43448
5.79417 -1.60604
5.77841 -1.60327
5.76276 -1.59759
5.59852 -1.51438
7.5602 0.736759
5.08157 -0.608118
5.08521 -0.619276
5.07594 -0.590328
5.04792 -0.490279
5.14823 -0.803382
5.30903 -1.1593
5.24345 -1.03244
4.91905 1.54027
4.92327 1.56651
5.01115 1.98008
4.91806 0.127814
4.90288 0.249194
5.25156 2.52735
5.14976 2.35228
5.07369 2.17529
5.96372 -1.62299
6.31485 -1.52307
6.3512 -1.50646
5.07197 2.17042
6.75328 -1.22249
7.01869 -0.940502
6.73002 -1.2427
7.30184 -0.503142
4.9417 -0.0185955
4.93889 -0.00252475
4.93708 0.00862085
6.05307 2.85464
5.83598 2.874
7.56265 0.498512
6.55457 2.62323
6.62373 2.57211
7.49543 1.16763
7.50162 1.14357
7.56283 0.502771
7.01963 -0.939275
7.49124 1.18601
7.45087 1.33701
7.51383 1.08248
7.53306 0.980287
6.82886 2.39071
6.63813 2.56095
6.92884 2.28376
7.13503 2.01024
7.01961 2.17229
7.40601 -0.269086
7.39726 -0.291795
7.3567 -0.389414
4.90047 0.269221
4.89041 0.372053
4.88035 0.496308
4.8774 0.544423
4.87381 0.622609
6.48199 2.67221
7.55213 0.828142
7.53613 0.959615
5.7725 -1.60142
4.9018 0.258469
5.07258 2.17236
7.46058 -0.111073
7.34034 -0.424915
7.29206 1.73622
7.25716 1.80325
7.19876 1.907
7.54879 0.863493
7.35397 -0.395576
4.8792 0.51944
