4.67793 -1.19789
4.68208 -1.2131
5.3135 -2.64385
5.24295 -2.59583
5.42817 -2.6786
5.45383 -2.67993
5.86775 -2.57311
5.91528 -2.55101
5.1868 -2.54154
5.24273 -2.59561
8.00839 0.169027
8.01189 0.196127
4.59955 -0.886004
4.61381 -0.944285
4.37104 0.915313
4.37129 0.977118
4.37124 0.850118
4.37122 0.848523
4.50715 -0.466665
4.53486 -0.601863
5.60877 3.70732
5.58346 3.70757
4.45167 2.0615
4.45289 2.07216
4.55254 2.60021
4.55493 2.61011
7.3177 -1.37696
7.33776 -1.35211
6.84057 -1.88523
6.83786 -1.88782
7.00259 -1.72808
7.02906 -1.70221
6.40938 -2.2381
6.42514 -2.22595
5.57835 -2.67245
5.56268 -2.67612
4.77711 -1.55957
4.76716 -1.526
4.83091 -1.73743
4.81754 -1.69249
7.87016 -0.397464
7.85729 -0.433852
4.85271 3.33667
4.83261 3.30988
5.16556 3.61734
5.18583 3.62782
4.94358 3.45004
4.96229 3.46821
6.0325 -2.48679
6.03936 -2.48293
8.02308 0.302114
8.02072 0.272566
7.98699 0.0334216
7.98494 0.0217284
6.82576 3.1301
6.8221 3.13324
6.59947 3.30649
6.61274 3.29734
4.43731 1.95241
4.43505 1.93425
4.47103 2.18732
4.47144 2.19005
7.66044 -0.86472
7.65344 -0.877591
7.77577 -0.631761
7.76409 -0.657831
5.9594 3.63958
6.05291 3.60648
6.40988 3.43137
6.34945 3.46541
6.11834 3.58069
6.18655 3.55073
7.13919 2.82612
7.08933 2.88017
6.99158 2.97801
7.00987 2.96069
7.40518 -1.26313
7.44465 -1.20949
7.54494 -1.0591
7.52235 -1.09444
6.66262 -2.03923
6.64252 -2.05656
8.0267 0.767453
8.02772 0.755039
4.72698 -1.37911
4.74687 -1.45158
4.75096 3.17031
4.72503 3.11779
5.44714 3.70184
5.50833 3.70687
5.741 -2.62799
5.74191 -2.62774
4.64035 -1.05168
4.63675 -1.03714
7.73231 1.91411
7.73017 1.91893
4.78857 3.23942
4.8192 3.28974
4.37329 1.10412
4.37396 1.12862
6.12627 -2.42998
6.14915 -2.4162
6.21266 -2.37459
6.26181 -2.34246
5.39721 -2.67409
5.33711 -2.65413
5.24288 -2.59577
4.98837 -2.18361
4.97893 -2.16264
5.06479 -2.35035
5.03773 -2.29685
5.13813 -2.47723
5.14913 -2.49106
5.09374 -2.4071
5.09023 -2.39976
4.38669 1.41329
4.3833 1.35816
4.39509 1.53357
4.39167 1.48646
4.48502 -0.352477
4.48748 -0.365671
4.54541 -0.652145
4.39013 0.386894
4.39444 0.331877
4.38129 0.522842
4.38488 0.462334
4.44174 -0.0866029
4.44954 -0.138822
4.40815 0.185055
4.41741 0.10021
6.29866 3.49454
6.21015 3.53879
4.5244 2.47024
4.51153 2.40874
4.59403 2.75706
4.58675 2.73047
7.20562 2.75058
7.24152 2.70852
8.00398 0.978534
8.00063 1.00206
7.95958 1.22753
7.94844 1.27722
7.43618 2.44775
7.37811 2.53112
7.27718 2.664
7.30926 2.62371
6.75318 -1.96254
6.85842 -1.86855
7.08025 -1.64884
6.93397 -1.7971
7.52098 2.31444
7.49298 2.3599
7.60048 2.17754
7.59029 2.19592
4.88181 -1.89737
4.87885 -1.8878
7.89661 1.47271
7.90599 1.44093
7.84213 1.64011
7.84803 1.62351
6.44079 -2.21369
6.53633 -2.14172
6.35986 -2.2731
5.69037 -2.64602
5.65274 -2.65678
7.9447 -0.154917
7.95786 -0.103742
7.90879 -0.279268
7.92416 -0.229089
7.89478 -0.324637
7.8366 -0.48727
7.82507 -0.516951
4.89217 3.39058
6.92314 3.0437
6.87657 3.0854
6.77829 3.16966
6.7689 3.17725
6.71464 3.22096
6.66715 3.2569
6.5203 3.36169
5.84495 3.67215
5.86801 3.66536
4.42411 1.84619
4.42957 1.8925
4.44323 1.99787
4.47392 2.20547
4.49129 2.30715
6.0735 3.59937
6.47761 3.38848
6.44189 3.41122
6.19695 3.54551
7.05827 2.91183
6.92939 3.03814
6.56869 -2.11524
6.74061 -1.97391
6.92334 -1.807
7.12332 -1.60392
8.03132 0.678315
8.02343 0.809248
6.55288 -2.12822
4.71621 3.09888
4.76829 3.20181
8.03277 0.457643
8.03416 0.497637
4.41024 1.70943
4.41338 1.74308
4.39811 1.57038
4.40166 1.61477
4.37528 0.658836
4.3739 0.702213
4.38079 0.531944
4.37788 0.59275
4.61946 2.8417
4.62152 2.84881
7.77953 1.80383
7.77238 1.82139
7.68879 2.00695
7.68405 2.01684
4.67653 3.00123
4.66366 2.96934
7.22143 -1.49313
7.23544 -1.47703
4.57872 -0.798052
4.37511 1.16828
4.37728 1.23111
4.85746 -1.82323
4.8546 -1.81366
4.37328 0.723116
4.37326 0.723522
5.67353 3.70139
5.62197 3.70618
4.55014 -0.67417
4.56213 -0.727849
4.71001 3.08362
4.68797 3.0313
4.71384 3.09315
5.30389 3.67303
5.33063 3.67968
7.16728 2.79506
7.1832 2.77707
7.1696 -1.55227
7.18987 -1.52945
7.14357 -1.58139
4.92645 -2.02586
4.92688 -2.02695
8.03262 0.643143
5.69744 -2.64347
5.7024 -2.64145
4.91961 3.42365
5.11678 3.5902
5.08111 3.5674
5.7882 3.68424
5.76329 3.68851
4.44983 2.04936
8.01935 0.855567
4.70238 -1.28855
4.66488 -1.14922
4.80383 -1.64863
4.78081 -1.57146
4.94882 -2.08852
4.95153 -2.0951
5.02414 -2.26517
5.00745 -2.22994
5.04646 3.54174
5.01866 3.51978
5.79779 -2.60576
5.95415 -2.52971
8.01648 0.235849
8.00527 0.144864
4.38196 1.29461
4.38294 1.35289
4.3713 0.978665
4.37105 0.913619
4.37389 0.786615
4.3712 0.85172
4.39069 1.47355
4.38728 1.42231
4.38536 0.455082
4.38932 0.397111
5.52338 3.70782
5.61568 3.70688
4.4233 0.0502404
4.4323 -0.0199716
7.72142 -0.747579
7.71045 -0.769697
4.55623 2.61497
4.53239 2.50995
7.98383 1.10506
7.97789 1.13753
7.3734 2.53778
7.31185 2.62033
7.49529 -1.13487
7.44668 -1.20654
7.36215 -1.31994
7.28243 -1.42119
7.56124 2.24667
7.54295 2.27798
7.87061 1.55629
7.87809 1.53329
5.53337 -2.67865
5.60784 -2.66792
4.75156 -1.46968
5.21417 3.64019
5.13209 3.5995
5.28791 3.66753
5.98898 -2.51149
6.04117 -2.48192
5.77824 -2.61297
8.02554 0.33151
7.97283 -0.0356777
7.98953 0.0481655
7.95961 -0.0967255
7.59803 -0.974316
7.81451 -0.542166
7.59353 -0.982072
7.39182 -1.28152
7.59292 -0.983097
8.03434 0.586288
6.08801 -2.45368
4.7144 -1.33231
5.41049 3.69644
5.73541 -2.63001
4.62666 -0.996519
4.6525 -1.10018
4.40385 1.6397
4.40722 1.67892
4.37777 0.595236
4.37531 0.657942
4.64133 2.90791
4.62879 2.87196
4.37328 1.10372
4.37508 1.16761
4.65415 -1.10676
5.49679 -2.68275
5.51723 -2.68126
4.95544 -2.10416
5.07066 -2.36317
5.24283 -2.59571
5.11604 -2.44333
4.37199 1.04062
4.39642 1.55061
4.46812 -0.256913
4.39558 0.318291
4.38098 0.527549
4.46274 -0.225009
4.4044 0.221458
4.58047 2.7084
4.49526 2.32719
4.60369 2.78965
7.24382 2.7057
8.0177 0.870145
7.93156 1.34628
7.44022 2.4417
7.27138 -1.43426
7.63868 2.107
7.63515 2.11375
7.47968 2.38081
4.86 -1.83215
4.90233 -1.95749
7.92013 1.38935
7.81593 1.71171
5.62124 -2.66387
7.94287 -0.161978
6.72713 3.21155
4.4224 1.83224
4.43224 1.91364
6.30689 -2.31094
6.28256 -2.32831
4.62118 -0.974093
4.41709 1.77944
4.37329 0.722724
4.64622 2.92081
4.49293 2.31549
7.8113 1.72415
7.73455 1.90909
7.6425 2.09963
4.37734 1.23307
5.70249 3.69761
5.37396 3.69028
4.922 -2.01338
8.03066 0.405418
5.81377 3.6792
5.73113 3.69441
5.47292 -2.68227
5.11204 -2.43695
6.72121 3.21603
4.90383 -1.96227
6.82937 3.12708
8.03432 0.588567
6.18525 -2.39286
5.17215 -2.52112
6.34596 -2.28366
6.62406 3.28934
4.41993 1.80701
7.92901 -0.212383
