5.44736 -2.40345
5.48134 -2.41535
4.99945 3.25151
5.00733 3.26106
5.33302 3.4878
5.30392 3.47817
5.88248 -2.37722
5.83575 -2.39338
5.39765 -2.3814
5.3911 -2.37697
6.60812 3.16221
6.63792 3.14008
4.66533 -0.71438
4.69257 -0.825384
5.84938 3.51765
5.94135 3.49558
6.16963 3.41566
6.17891 3.41118
4.70758 2.68628
4.7208 2.72666
7.01681 2.80809
7.05317 2.77058
7.16905 2.63976
7.1363 2.67866
7.88214 1.15094
7.89773 1.06673
7.38002 -1.13334
7.39417 -1.11329
6.51792 -2.01051
6.61337 -1.93731
7.45992 2.23228
7.4847 2.19084
7.79818 1.48197
7.77574 1.55201
7.93929 0.652769
7.94123 0.591774
7.78211 -0.363468
7.76186 -0.419071
4.89509 3.10912
4.88842 3.09754
5.17305 3.40684
5.10845 3.35903
5.45014 3.52225
5.497 3.53105
5.73302 -2.41971
5.64328 -2.43183
7.90293 0.0985062
7.89683 0.0633896
7.93403 0.353721
7.9324 0.331885
4.89283 -1.51834
4.88259 -1.489
4.95972 -1.71028
4.94584 -1.67161
4.50872 1.65518
4.51126 1.6794
4.48818 1.42277
4.48767 1.4171
4.64376 -0.621169
5.01239 -1.84103
4.99435 -1.79639
4.57396 2.13431
4.57263 2.12698
4.54478 1.95015
4.55211 1.99899
7.53745 -0.889257
7.58754 -0.799941
5.79855 3.52559
5.73607 3.53362
6.3936 3.30146
6.45486 3.26356
6.82223 2.99294
6.8934 2.92906
7.4805 -0.983167
7.50644 -0.941477
6.82508 -1.7566
6.8093 -1.77103
7.03905 -1.54601
7.0008 -1.58662
6.38816 -2.10335
6.41265 -2.08692
6.19496 -2.22677
6.18932 -2.23019
5.97412 -2.33979
5.93672 -2.35644
5.53989 -2.42755
5.50879 -2.42101
4.48835 0.399158
4.48888 0.391502
4.53253 -0.0168519
4.52611 0.0331378
7.93062 0.816065
7.93151 0.804892
4.77351 -1.13044
4.75936 -1.08102
4.82612 -1.30914
4.81393 -1.26769
7.81868 -0.253394
7.80378 -0.300217
5.11817 -2.06406
5.15358 -2.12424
6.18806 -2.23098
6.08801 -2.28563
4.46985 0.857804
4.46987 0.850003
4.47055 0.984398
4.47046 0.977002
4.61548 -0.490097
6.0081 3.47454
5.82557 3.52241
6.14578 3.4254
6.28208 3.36223
4.67017 2.56095
4.6645 2.54182
4.74191 2.78572
4.73256 2.7611
7.09214 2.72801
7.1211 2.69601
7.27203 2.5109
7.26082 2.52548
7.17324 -1.39819
7.16118 -1.4126
6.61578 -1.93527
6.51378 -2.01382
6.96148 -1.62527
6.90555 -1.68085
7.53903 2.09485
7.57549 2.02655
7.37656 2.364
7.38282 2.35461
7.84491 1.31529
7.83151 1.36727
7.74242 -0.47062
7.73415 -0.490368
7.71374 -0.539162
6.80274 3.00953
6.75628 3.04832
6.53858 3.21006
6.55626 3.19853
4.51808 1.74544
4.5146 1.71434
4.50493 1.61524
4.49758 1.5365
4.4934 1.48693
4.4836 1.36044
4.48336 1.35703
4.70521 -0.875678
4.81517 2.96186
4.81623 2.96395
4.57238 2.12546
4.59472 2.24268
5.64404 3.5403
5.65137 3.53992
6.05602 3.45986
6.32349 3.33947
6.50421 3.23334
6.94483 2.87964
6.41544 -2.08482
6.79672 -1.78188
6.7118 -1.85609
7.09488 -1.48756
6.28597 -2.17107
5.22438 -2.22765
5.24417 -2.25145
6.06289 -2.29885
6.0376 -2.31095
4.73395 -0.985614
4.74662 -1.03349
4.48245 0.482858
4.48401 0.460721
4.49396 0.330257
4.50838 0.181352
4.51518 0.11932
4.54267 -0.0860993
4.47216 0.714997
4.47196 0.72152
4.47704 0.587735
4.47688 0.591139
4.7459 2.79546
4.76512 2.84473
4.61581 2.33974
4.6227 2.37147
7.66924 1.82926
7.67013 1.8272
7.32741 -1.20562
7.31171 -1.22638
7.92445 0.874354
7.92088 0.909499
4.47675 1.2272
4.47688 1.23099
4.47271 1.09786
4.47285 1.104
6.18876 -2.23056
7.83932 -0.182637
5.11451 -2.05715
5.08129 -1.993
4.71947 -0.931013
4.72998 -0.97048
6.71124 3.08472
6.69469 3.09708
4.5997 -0.414269
4.58743 -0.350809
4.55086 -0.137507
4.56165 -0.203965
4.60009 2.26749
4.60961 2.31217
4.59692 2.25287
6.65475 -1.90323
7.71349 1.72183
7.7415 1.64958
7.85149 -0.139805
7.85555 -0.124155
7.67067 -0.635285
7.66196 -0.654467
4.90905 3.13065
4.93047 3.16255
4.54057 1.91851
4.53405 1.87172
7.35379 -1.17013
7.93462 0.759145
7.93655 0.733636
5.30398 -2.31187
5.33498 -2.33981
5.27018 -2.28216
4.50058 1.56825
4.49897 1.55108
4.6044 -0.437424
4.56206 2.06263
4.87097 3.06595
4.8466 3.02295
4.4988 0.275132
4.49974 0.265012
4.79955 -1.21998
4.77837 -1.14714
5.49313 -2.41835
5.40345 -2.38446
5.17597 -2.15777
5.19544 -2.1886
4.96782 3.21329
5.00942 3.26334
5.28851 3.47127
5.40069 3.51111
5.83465 -2.39365
5.88625 -2.37613
7.92143 0.223353
7.91844 0.199071
4.47898 1.29449
4.47902 1.29697
4.46992 0.921262
4.46989 0.913503
4.47002 0.786503
4.46968 0.794402
4.93942 -1.65275
4.9138 -1.58052
5.02889 -1.88183
5.04662 -1.9195
4.55351 2.00944
7.60278 -0.771249
7.64371 -0.691048
7.62453 1.92658
7.62341 1.92897
4.65505 2.5068
4.63929 2.44332
4.72306 2.73374
4.70184 2.66754
7.13091 2.68483
7.19411 2.60996
7.87105 1.20468
7.90431 1.02642
7.43083 -1.05893
7.22193 -1.34055
7.21809 -1.34537
7.50003 2.16431
7.43518 2.27279
7.333 2.42733
7.35388 2.39746
7.77108 1.56566
7.80477 1.46077
7.94098 0.513594
7.9379 0.702675
5.55936 -2.4306
5.58622 -2.43207
4.8529 -1.39815
4.86105 -1.42456
7.87966 -0.0218785
7.86964 -0.0660972
5.08161 3.33542
5.20655 3.42878
5.53159 3.5339
5.73607 -2.41929
5.61902 -2.4317
7.94028 0.46242
4.98007 -1.76158
5.07054 -1.96951
4.54277 1.93535
7.67922 -0.616924
7.52824 -0.905138
7.46908 -1.0013
7.94098 0.483113
4.85005 -1.38847
5.92889 -2.35918
5.98717 -2.33466
4.47431 0.651195
4.4741 0.656335
4.7795 2.87882
4.7896 2.9037
4.47449 1.16239
4.47463 1.1675
4.57731 -0.29534
4.74841 -1.04023
5.11543 -2.05906
4.47095 1.0405
4.48164 1.3345
4.4796 0.525944
4.63226 2.41244
4.69267 2.63847
7.20696 2.594
7.07571 2.74657
7.91769 0.93301
7.85586 1.2714
7.32666 2.43624
7.12286 -1.45609
7.2411 -1.31679
7.57688 2.02384
7.53145 2.10876
7.41875 2.29882
7.82276 1.39851
7.74455 1.64112
4.51394 1.70806
4.52124 1.77306
4.83677 3.00539
4.81409 2.9596
5.59661 3.54023
6.01843 -2.31934
4.5007 0.253724
4.5209 0.0721044
4.46995 0.778757
7.10724 -1.47382
7.93015 0.822105
4.47878 1.29188
5.39942 -2.38266
5.40112 -2.38353
6.57918 3.18252
7.70877 1.7338
4.53133 1.85038
4.52583 1.80773
4.94315 3.17965
7.66842 1.83117
7.57841 2.02083
4.48868 1.42935
4.52196 1.7788
7.27346 -1.27633
6.64937 3.13148
5.70824 3.53689
7.85943 -0.108573
