6.0926 1.48365
6.0651 1.47455
6.5389 1.26724
6.51024 1.30524
6.48551 -0.0591296
6.50336 -0.0412597
6.25514 -0.181148
6.26885 -0.177775
6.64871 1.0867
6.63896 1.10722
5.71861 0.623853
5.71623 0.670582
5.9203 -0.0162852
5.87458 0.0488613
6.08638 -0.1529
6.04517 -0.135065
5.82063 0.159454
5.85517 0.0798123
6.7315 0.807271
6.6927 0.963819
5.75598 0.356381
5.74738 0.395543
6.33056 1.45267
6.31357 1.45937
6.71397 0.375717
6.72551 0.434792
6.6382 0.154327
6.64472 0.168834
5.87361 1.32312
5.8201 1.22753
6.73311 0.799955
6.73286 0.801513
6.47237 1.34738
6.58062 1.20981
6.67498 1.02062
6.68205 1.00138
6.63316 1.11813
5.95884 1.41318
5.88459 1.33711
5.87539 1.32652
5.79856 1.17537
5.82005 1.22742
6.20592 1.4904
6.1418 1.48822
6.42282 1.38948
5.74855 1.0163
5.76533 1.08131
5.71936 0.790542
5.72426 0.846859
5.72192 0.58476
5.7246 0.543524
6.73933 0.704289
6.74331 0.643335
5.72924 0.906333
5.73066 0.915699
6.36582 -0.144058
6.40289 -0.121736
5.99165 -0.0914826
5.94718 -0.0520165
5.78325 0.25466
5.79124 0.231602
6.68113 0.259993
6.69544 0.304851
6.52988 -0.00886398
6.23795 -0.18084
5.86282 0.0670791
6.14829 -0.17644
6.57854 0.0530886
5.77253 0.287908
6.62148 0.122216
6.59221 0.0715328
5.73628 0.462735
6.73611 0.502082
6.74059 0.560319
6.74336 0.606795
5.78592 1.14279
5.98941 1.437
6.02211 1.45575
5.73048 0.499601
6.73353 0.795699
5.7167 0.712162
5.87754 1.32944
5.74305 0.987965
5.72675 0.522369
5.77834 1.12263
5.73329 0.932579
