7.29869 1.53837
7.32517 1.47146
7.44865 1.03162
7.45452 1.00222
5.0624 -0.21258
5.05682 -0.18862
5.12876 -0.466024
5.1371 -0.493508
5.35352 -1.02355
5.34395 -1.00688
5.45938 -1.18745
5.51603 -1.25822
5.06246 1.8221
5.05002 1.77012
5.4112 2.53076
5.35719 2.47129
6.07401 -1.47569
6.10324 -1.46907
5.88679 -1.47661
5.80955 -1.45856
5.12307 2.02377
5.14442 2.08162
5.83675 2.74351
5.74975 2.72892
6.46356 -1.32283
6.54784 -1.26741
6.98643 2.08368
7.02015 2.03776
6.16642 2.70604
6.23963 2.67942
6.42436 2.5917
6.43626 2.58514
7.18962 -0.548154
7.13667 -0.635556
5.54891 2.64447
5.58648 2.66599
7.48475 0.742191
7.4886 0.694741
5.17351 -0.609187
5.19286 -0.662698
5.26702 -0.848963
5.276 -0.867903
5.59434 -1.33529
5.52351 -1.26742
5.014 1.60375
5.00456 1.5503
4.97974 1.37623
4.99279 1.47495
4.9552 1.10646
4.95179 1.0578
5.29059 2.3781
5.32983 2.43387
6.26726 -1.42173
6.3274 -1.39438
5.70662 -1.41534
5.76929 -1.443
5.19704 2.20797
5.17672 2.16383
6.87938 -0.973776
6.92253 -0.926191
6.72926 -1.12225
6.6658 -1.1782
7.22332 -0.48712
7.21309 -0.506473
7.31628 -0.286609
7.30327 -0.317986
7.39855 -0.0533681
7.40982 -0.01403
7.45332 0.178084
7.46173 0.226234
5.0194 -0.00801132
5.03092 -0.0663293
4.94685 0.893227
4.94712 0.909042
4.94831 0.69655
4.94783 0.713568
4.96355 0.426106
4.96129 0.452641
4.99189 0.169855
5.00615 0.0735072
5.95607 2.74536
5.88069 2.74537
6.9709 -0.867622
7.01261 -0.815008
7.35335 1.39111
7.37229 1.33476
7.42997 1.1223
7.42265 1.15839
7.48659 0.463917
7.48261 0.402896
7.48855 0.527599
7.49033 0.597018
5.0927 -0.340403
5.09958 -0.366103
7.46531 0.935312
7.4636 0.948313
6.75064 2.34637
6.78841 2.30934
6.57684 2.49204
6.63774 2.44451
6.96078 2.11628
6.91419 2.17266
6.3587 2.62718
6.37065 2.62167
5.10337 -0.379622
4.94741 0.925137
4.94963 1.02202
4.94583 0.794145
6.51155 2.53737
6.53324 2.52273
7.46991 0.901108
7.47586 0.851851
5.14389 -0.515687
5.1558 -0.554582
7.09462 1.92714
7.11487 1.89559
7.33772 -0.232775
7.34837 -0.205283
7.22653 -0.480834
7.25231 -0.429267
7.34399 1.41955
4.96709 1.25957
4.96177 1.19475
5.07411 -0.264129
5.07067 -0.249517
4.97036 0.35276
4.97337 0.322051
4.952 0.602511
4.95281 0.583146
7.23781 1.67234
7.24552 1.65657
4.94585 0.778767
7.18779 1.77134
7.18954 1.76804
7.29174 1.55466
7.33286 1.45192
7.48988 0.612192
7.48863 0.693874
7.45733 0.983478
7.44113 1.07527
5.0507 -0.161019
5.30901 -0.936956
5.3662 -1.04452
5.52108 -1.26456
5.43271 -1.15199
5.03679 1.71386
5.08999 1.92419
6.66339 2.42393
6.7153 2.37836
5.34631 2.45731
5.45164 2.57075
6.16995 -1.45473
6.00379 -1.48196
5.7957 -1.45479
5.96496 -1.48237
5.15775 2.11736
5.09332 1.9356
7.07125 -0.737134
7.07446 -0.732722
6.82794 -1.02816
6.80718 -1.04975
7.25779 -0.4178
7.29444 -0.338095
7.4295 0.0634061
7.43868 0.103286
4.94609 0.763179
4.97669 0.291311
4.98561 0.216711
5.70328 2.71564
5.85242 2.74527
6.56248 -1.25756
6.43886 -1.33675
6.96894 2.10636
7.03227 2.02031
6.10233 2.72201
6.27366 2.66709
7.1974 -0.534661
7.08123 -0.722553
7.2618 1.62165
7.27647 1.58872
5.64809 2.69605
5.48532 2.59844
7.48289 0.773817
5.20776 -0.701989
5.15918 -0.565261
5.22957 -0.758463
5.40394 -1.10689
5.25752 -0.828007
5.61624 -1.35474
4.99505 1.49117
5.01733 1.62021
5.09114 1.9284
4.97492 1.3335
5.26517 2.33818
5.24107 2.29499
5.21787 2.2492
5.97956 -1.48358
6.2212 -1.43712
6.36588 -1.37715
5.68392 -1.40109
6.79083 -1.0661
6.94811 -0.895679
6.64765 -1.19249
7.16128 1.8191
7.15158 1.83563
7.22475 -0.484403
7.32639 -0.261774
7.36036 -0.172278
7.3761 -0.126639
7.47083 0.290903
5.01853 -0.0030196
5.03371 -0.0806891
4.94995 0.648366
4.95513 0.539245
4.95799 0.494798
4.96695 0.387355
5.00991 0.0500007
6.06053 2.73225
6.01222 2.73929
7.47842 0.356681
7.06335 -0.748333
7.42097 1.16489
7.43924 1.08436
7.48819 0.50002
7.39285 1.26927
7.40242 1.2344
7.44012 1.07976
7.46648 0.928046
6.83862 2.25888
6.55519 2.50743
6.85786 2.23796
6.87704 2.21601
7.06867 1.96742
6.49092 2.55163
6.46431 2.56783
7.4794 0.81721
6.31512 2.64839
7.21741 1.71338
7.18316 1.77995
7.21311 1.72221
6.3818 2.61604
7.37982 1.3117
7.41902 1.17347
