5.97113 2.52483
5.94325 2.52259
6.18218 2.49316
6.26712 2.46348
6.99168 -0.598924
7.0332 -0.535378
7.36098 0.594615
7.36106 0.592254
5.14925 1.51637
5.16104 1.571
7.31002 0.135904
7.30005 0.0922535
5.15171 0.0449351
5.14887 0.0594032
5.08285 0.743993
5.08342 0.710361
5.11951 0.242371
5.1164 0.266468
6.7909 2.09046
6.78562 2.09595
5.82581 2.50713
5.76495 2.49057
6.39748 2.40425
6.44432 2.3762
6.94405 -0.664599
6.8978 -0.723675
7.20167 1.4251
7.17093 1.499
5.0934 1.09448
5.09652 1.14042
5.2626 -0.39212
5.25027 -0.35281
5.36739 -0.665892
5.33352 -0.585029
5.41784 -0.765682
5.37995 -0.691521
5.51924 -0.932042
5.54417 -0.967231
5.20057 1.73287
5.20622 1.75214
6.29313 -1.19389
6.37513 -1.15777
6.10071 -1.24058
6.15036 -1.2319
5.26838 1.92989
5.251 1.88333
5.35238 2.10761
5.38144 2.15837
5.46082 2.26954
5.43989 2.24116
5.60706 2.40705
5.5677 2.37774
6.74521 -0.891992
6.73123 -0.905691
6.58074 -1.03172
6.48942 -1.09557
7.01061 1.80059
7.03606 1.75914
7.13777 1.5713
7.11838 1.6116
5.72641 -1.14542
5.64984 -1.08314
5.91218 -1.22901
5.84781 -1.20812
7.14174 -0.344294
7.14474 -0.338412
7.24364 -0.098967
7.23192 -0.132304
5.09419 0.488168
5.09034 0.543593
7.34517 0.340935
7.34911 0.376166
6.79497 2.08595
6.84526 2.02655
7.23422 1.33676
7.20971 1.40437
7.2642 1.24541
7.26444 1.24457
7.31725 1.02677
7.31177 1.05732
6.57448 2.28749
6.59301 2.2737
7.34103 0.882273
7.33766 0.91053
5.28274 -0.454374
5.27744 -0.438193
5.23896 -0.316008
5.20224 -0.186864
5.18909 -0.130545
5.0844 0.938815
5.08375 0.90581
6.69173 2.18886
6.70003 2.18092
7.29771 1.11743
7.30398 1.09305
6.87616 1.99003
6.9142 1.94077
7.35385 0.75613
7.34754 0.833116
6.50684 2.33663
6.48669 2.34919
5.16784 -0.0343792
5.17478 -0.0672232
5.08756 1.00492
5.10858 1.26254
5.1118 1.29091
5.23202 -0.292971
5.22124 -0.25497
5.99568 2.52334
5.86739 2.51646
6.12794 2.50508
6.28931 2.45569
7.06425 -0.484601
6.96832 -0.632263
7.35899 0.509501
7.36073 0.608041
7.32714 0.97868
7.32615 0.985059
5.2958 -0.489821
5.30615 -0.516481
5.46509 -0.850769
5.45459 -0.834
5.17327 1.62568
5.13159 1.42294
6.19616 -1.22396
6.26967 -1.20119
5.30735 2.02071
5.32227 2.04973
5.52864 2.34172
5.4732 2.28471
6.66555 -0.963425
6.60757 -1.01209
7.11201 1.62395
7.08575 1.6731
5.8186 -1.19727
5.73662 -1.15169
7.15558 -0.315334
7.19066 -0.237617
7.32581 0.212565
7.28076 0.0196259
5.1374 0.119027
5.1618 -0.00390987
5.08413 0.677946
5.08268 0.775531
5.13668 0.12343
5.10516 0.364313
5.705 2.46483
6.07611 2.51632
5.66434 2.44476
6.85837 -0.771361
6.82281 -0.810769
6.76349 -0.873222
7.09356 -0.434121
7.16622 1.51005
7.20584 1.41446
5.37361 -0.678927
5.48116 -0.874984
5.58015 -1.00959
5.63579 -1.07074
5.1284 1.40501
5.1981 1.7234
5.2338 1.83623
5.11828 1.33775
6.00682 -1.24345
6.01005 -1.24334
6.39163 -1.15041
6.00256 -1.24294
5.2931 1.99022
5.40302 2.19088
6.48902 -1.0958
6.96207 1.8751
6.95204 1.88961
7.06606 1.70792
7.1941 -0.229615
7.26858 -0.0225433
7.19792 -0.220091
7.33215 0.250086
5.08514 0.645168
5.10097 0.406514
5.08659 0.613943
5.10304 0.384136
5.13688 0.122152
7.35781 0.476766
6.65361 2.22236
6.67996 2.20016
7.35886 0.495253
7.35777 0.689051
7.29052 1.1498
7.28545 1.16813
7.23857 1.32366
7.26545 1.24101
7.30776 1.07488
7.3293 0.966653
5.20371 -0.192529
5.20464 -0.196055
6.72753 2.15386
6.63255 2.24044
6.94552 1.89882
6.87392 1.9929
7.3571 0.708224
7.34738 0.834603
5.08239 0.871742
5.08189 0.809846
6.33608 2.43465
6.94957 1.89307
5.09877 1.1745
5.0819 0.806414
6.38475 2.41048
6.39132 2.40742
5.17951 -0.0887305
6.8718 1.99547
5.21761 -0.242905
5.08245 0.874762
