6.40026 1.01539
6.42138 0.983271
6.02453 1.01491
6.03271 1.02262
5.95529 0.79885
5.94684 0.712965
6.14213 1.11529
6.19853 1.11708
6.28202 0.196803
6.3026 0.199006
6.05557 0.297856
6.0922 0.247849
6.50567 0.785657
6.50423 0.792486
6.51008 0.557652
6.50545 0.512983
5.95592 0.54754
5.96708 0.478862
6.41125 0.287893
6.38026 0.253187
6.3392 1.06684
6.4347 0.958611
6.11643 1.09787
6.02177 1.0113
5.94598 0.679747
5.96699 0.854815
6.51642 0.676524
6.50822 0.772303
6.47114 0.39314
6.43246 0.316966
6.26837 1.11537
6.46985 0.880511
5.98268 0.910041
5.9519 0.585474
6.48085 0.425747
6.51794 0.645264
5.99787 0.381088
5.9998 0.376433
6.12841 0.223536
6.19321 0.189353
6.31259 0.204745
5.99643 0.385034
5.98679 0.414557
6.367 0.24003
