5.34986 -2.24236
5.30626 -2.20422
6.11396 -2.21162
6.18818 -2.1712
5.66971 -2.34763
5.69268 -2.34746
4.95717 -1.56492
4.98991 -1.64896
4.72732 -0.805709
4.6832 -0.625879
5.06037 -1.81637
5.08192 -1.86136
4.60011 2.04512
4.59248 1.9994
7.61968 -0.662902
7.56368 -0.771822
7.15576 2.59949
7.15522 2.60014
7.85366 1.12277
7.8596 1.0907
7.43771 2.2024
7.44574 2.18897
7.35407 2.33374
7.34132 2.35261
7.76161 1.48541
7.74881 1.52538
7.90418 0.709409
7.90722 0.613146
7.75482 -0.337923
7.7224 -0.426943
7.81278 -0.150748
7.82295 -0.113091
5.07421 3.23953
5.10525 3.27007
5.25981 3.38158
5.30123 3.40339
5.78448 -2.33437
5.78593 -2.3341
5.5819 -2.34485
5.60704 -2.34778
7.87265 0.126851
7.85918 0.0492648
7.90152 0.384153
7.89661 0.318461
4.95425 -1.55654
4.92336 -1.46805
4.54454 1.63433
4.5493 1.67958
4.52588 1.42294
4.52347 1.39627
5.10863 -1.91774
5.1374 -1.9689
5.95448 3.43732
5.93472 3.44267
6.16328 3.36502
6.10389 3.38732
6.38767 3.25412
6.4004 3.24624
5.69481 3.47833
5.672 3.4788
6.84924 2.91706
6.88025 2.88922
7.45637 -0.95473
7.49234 -0.896907
6.4576 -1.99854
6.4016 -2.03885
6.64637 -1.85718
6.6023 -1.89207
6.86358 -1.66794
6.79862 -1.72734
6.99677 -1.53762
6.99046 -1.54432
6.02312 -2.2538
6.03696 -2.24821
5.53147 -2.33573
5.52903 -2.33522
4.5063 0.91346
4.50603 0.900247
4.51106 1.15132
4.5116 1.16745
4.5239 0.419769
4.52752 0.367769
4.57245 -0.0413668
4.56038 0.0525388
4.51144 0.638678
4.51067 0.65574
4.66613 2.37105
4.66592 2.37024
4.61424 -0.290112
4.59763 -0.198679
4.809 -1.10539
4.79231 -1.04708
7.79076 -0.227262
7.7651 -0.307935
6.24025 -2.14183
6.08739 -2.22453
7.08266 -1.44621
7.09535 -1.43229
5.81848 3.46581
5.91803 3.4459
6.32646 3.2873
6.27602 3.31388
4.72873 2.59739
4.70479 2.5167
4.74884 2.66056
4.74137 2.6387
4.78474 2.75716
4.795 2.78421
7.07874 2.6874
7.09679 2.66745
7.25825 2.46912
7.21655 2.52335
6.55928 -1.92406
6.5025 -1.9677
6.91705 -1.61645
6.89513 -1.63824
7.51617 2.06409
7.53719 2.02471
7.80972 1.3186
7.80415 1.34021
7.71546 -0.445372
7.67374 -0.544985
7.67275 -0.547339
6.75614 2.99631
6.73037 3.01782
6.51105 3.17766
6.52651 3.16758
4.54275 1.61542
4.53338 1.51567
4.53097 1.4871
4.52264 1.38468
4.51922 1.33616
4.75215 -0.904484
4.86121 2.93296
4.86611 2.94262
4.62046 2.15532
4.63266 2.21902
5.72745 3.47653
5.92915 3.4438
6.04955 3.40818
6.2623 3.32001
6.49832 3.18628
5.70406 3.47822
5.63932 3.47895
5.65217 3.47906
6.90267 2.86768
7.02324 -1.50991
7.076 -1.45358
6.34959 -2.07175
6.74685 -1.77198
6.70103 -1.81202
6.28723 -2.11308
5.19308 -2.06043
5.22573 -2.10837
5.27572 -2.17095
5.27206 -2.1671
5.88718 -2.30711
5.93604 -2.28997
4.50737 1.02647
4.50699 0.976959
4.506 0.863158
4.50598 0.836774
4.51451 1.24909
4.51307 1.21365
4.50964 1.10396
4.86135 -1.28158
4.86391 -1.28948
4.51796 0.504158
4.52106 0.460118
4.53068 0.32966
4.57621 -0.0671071
4.50766 0.735576
4.50864 0.705655
4.51363 0.590541
4.81804 2.84034
4.81915 2.84319
7.64549 1.7973
7.66282 1.75684
7.03574 2.73523
7.04005 2.73082
7.16294 -1.35433
7.13723 -1.38438
7.30352 -1.17748
7.26088 -1.23385
7.88878 0.896775
7.88871 0.897432
7.80158 -0.190166
5.41629 -2.28717
5.38 -2.26689
5.88555 -2.3076
5.88394 -2.308
4.7529 -0.907413
4.75505 -0.915467
4.508 1.04046
4.50803 1.05483
6.70539 3.03801
6.64515 3.08303
6.55036 3.15144
6.58724 3.1257
4.63416 -0.394758
4.62 -0.32154
4.51719 0.525332
4.51564 0.545071
4.6104 2.10344
4.61487 2.12672
4.57926 -0.0862161
4.59528 -0.184926
4.64984 2.29845
4.65251 2.31095
4.63969 2.25165
7.01449 2.75653
7.69946 1.66487
7.70402 1.65311
7.64562 -0.605773
7.61978 -0.662705
5.54258 3.47062
5.4988 3.46617
4.9584 3.09878
4.9714 3.11746
4.57293 1.87208
4.56775 1.83506
7.34597 -1.12037
7.89927 0.781365
7.9032 0.729517
4.54069 1.59316
4.53676 1.55126
4.67393 -0.586211
4.64829 -0.464359
4.91019 3.0238
4.91165 3.02637
4.53369 0.295358
4.53656 0.264413
4.83507 -1.19491
4.82704 -1.16729
5.48421 -2.32111
5.45367 -2.30881
5.00584 3.16395
5.00481 3.1627
5.39403 3.44054
5.3982 3.44198
5.78277 -2.33458
7.88998 0.252797
7.88166 0.185275
4.95517 -1.55926
5.00955 -1.69637
5.0444 -1.78269
5.09707 -1.89357
4.59022 1.98655
4.60345 2.06306
7.55924 -0.779935
7.61973 -0.6628
7.61765 1.8603
7.58365 1.93271
4.76548 2.7073
4.75087 2.66614
7.11736 2.64379
7.15604 2.59916
7.83164 1.22945
7.87486 0.997283
7.40737 -1.03127
7.37594 -1.07786
7.4775 2.134
7.40111 2.26234
7.31038 2.39688
7.39572 2.2709
7.73387 1.56916
7.77762 1.43393
7.90351 0.724291
7.90714 0.585552
7.85037 0.00554012
7.83246 -0.0735154
5.15711 3.31344
5.20364 3.34781
5.4035 3.44317
7.90527 0.449285
4.90811 -1.42241
4.89236 -1.37642
5.02604 -1.73795
4.6775 -0.602071
4.67905 -0.608699
5.17558 -2.03543
4.58229 1.93576
7.67109 -0.551091
7.50422 -0.87684
7.42274 -1.00811
7.90714 0.504388
6.0675 -2.23344
5.98651 -2.27017
5.53526 -2.33633
5.18062 -2.04275
4.66511 2.36697
4.68115 2.42947
7.89431 0.838892
7.88892 0.89545
4.7832 -1.01568
4.85839 -1.27227
4.73331 2.61314
4.68563 2.44564
7.19338 2.55283
7.047 2.72326
7.88073 0.956238
7.8283 1.24414
7.28382 2.43418
7.55365 1.99259
7.49282 2.10691
7.39677 2.26926
7.78688 1.40189
7.71785 1.61471
4.55514 1.73365
4.55725 1.7521
4.51766 1.31584
4.88366 2.97596
4.85679 2.92374
5.60043 3.47756
5.97792 -2.27322
4.77018 -0.969144
4.50585 0.799569
4.5154 1.2758
4.51196 1.18411
4.88411 -1.35274
4.55103 0.126523
4.53957 0.22985
4.50629 0.772354
4.50982 0.671785
4.82198 2.8499
7.19419 -1.31721
7.89734 0.809798
6.60226 3.11542
7.67088 1.73736
5.00179 3.15862
4.94016 3.07155
4.57362 1.87664
4.56424 1.80791
5.18345 -2.04671
5.0042 3.16187
5.83503 -2.3223
7.62936 1.83484
7.57177 1.95695
7.3566 -1.10574
4.90915 3.02193
4.51654 1.29464
4.55059 1.6934
4.52825 1.45392
4.56383 1.8048
4.53919 0.233501
4.50611 0.786116
4.50647 0.926929
4.5547 0.0950488
5.23904 -2.12744
7.23189 -1.27072
7.24974 -1.2484
6.62269 3.10007
4.83988 2.88926
5.26633 -2.16029
