7.67772 -0.265746
7.69523 -0.211385
5.50988 3.28446
5.46022 3.26935
5.11236 3.02901
5.11589 3.03322
7.78824 0.205875
7.79767 0.281344
4.61125 1.11467
4.61022 1.0936
4.98049 -1.25655
4.97022 -1.22884
4.63851 1.52239
4.64155 1.55174
4.68214 1.86716
4.68306 1.87258
5.60162 -2.11402
5.6614 -2.12509
5.43271 -2.02871
5.41817 -2.01671
4.61339 0.601735
4.61446 0.575404
4.93117 2.74432
4.96494 2.81078
7.12429 -1.24304
7.13189 -1.23418
4.68595 -0.111078
4.67127 -0.0132915
7.49872 -0.687036
7.49608 -0.692169
6.36494 3.12358
6.37093 3.12047
4.75939 2.24825
4.76717 2.27988
5.71428 3.31061
5.75159 3.30995
6.67685 2.91546
6.7382 2.86714
6.85792 -1.5243
6.82504 -1.55589
7.38979 -0.876286
7.36519 -0.915598
7.45294 1.97902
7.43118 2.01961
7.62554 1.59482
7.59939 1.66295
7.71053 1.32793
7.72733 1.26424
7.74244 -0.0377235
7.75581 0.0216816
7.60947 -0.449475
7.59739 -0.479145
5.3104 3.19969
5.23633 3.14777
5.03199 -1.39401
5.03767 -1.40929
5.14599 -1.6507
5.11448 -1.58493
6.5 3.04184
6.54683 3.01079
4.61682 1.24589
4.61971 1.29511
4.67298 1.80683
4.6732 1.80841
6.17407 -2.0149
6.20049 -2.00209
5.71469 -2.13038
5.79276 -2.13094
4.79816 -0.649686
4.77748 -0.567571
4.85111 -0.851551
4.84724 -0.837383
4.64078 0.227344
4.64013 0.233343
4.6081 0.728753
4.60688 0.784476
4.72504 2.09671
4.73194 2.12792
6.14565 3.22431
6.22543 3.1906
5.96212 3.28071
5.9708 3.27913
6.84303 2.7764
6.90109 2.7208
6.62133 2.95806
6.39942 -1.88762
6.31405 -1.93949
6.57872 -1.76141
6.59837 -1.74733
6.80056 -1.57849
6.72309 -1.64576
7.24929 -1.08409
7.29053 -1.0279
7.81218 0.505237
7.81086 0.456087
4.93894 -1.13735
4.94148 -1.14563
4.75053 -0.444799
4.77103 -0.539691
6.98489 -1.39805
7.0122 -1.36995
7.03162 2.58552
6.98506 2.63575
7.8118 0.652668
7.81157 0.67327
7.71228 -0.153789
7.65559 -0.329782
6.0402 -2.07075
6.09602 -2.05051
5.54227 -2.0916
5.55878 -2.09879
5.69588 -2.13083
7.04099 -1.33811
7.05614 -1.32149
6.37232 3.11963
6.25884 3.17681
7.77338 1.04337
7.7519 1.15839
7.37507 2.11811
7.3354 2.18367
7.29181 2.24997
7.33018 2.19185
7.20338 2.37486
7.22395 2.34697
7.65996 1.49497
7.67427 1.45166
7.63919 -0.373978
7.56327 -0.555326
7.55645 -0.570542
6.58583 2.98426
6.49009 3.0485
4.65744 1.69379
4.65579 1.68007
4.63212 1.45819
4.62922 1.42342
5.99313 -2.08886
5.93949 -2.10454
5.94235 -2.10376
5.83743 -2.12357
5.89193 -2.11634
4.83548 -0.794511
4.82673 -0.762062
4.85885 -0.879546
5.0049 2.8795
5.01337 2.89457
6.03141 3.26346
6.05678 3.25465
6.11124 3.23648
6.24515 3.18263
6.43136 3.08482
6.77867 2.8325
6.3011 -1.9476
6.42408 -1.87079
6.90299 -1.4824
4.60752 0.968179
4.60679 0.913342
4.61519 1.21771
4.61311 1.16733
4.89261 -0.991013
4.90931 -1.04502
5.21618 -1.77587
5.22262 -1.78547
4.62931 0.350786
4.62284 0.439737
4.65503 0.106124
4.64765 0.163471
4.60868 0.70947
4.61092 0.654108
4.82282 2.46855
4.82787 2.48496
4.77692 2.31506
4.79158 2.36666
7.0652 2.54708
7.10571 2.49978
7.20595 -1.14095
7.23787 -1.10013
7.78612 0.9613
7.78257 0.985976
7.80006 0.843725
7.79829 0.863514
4.61011 1.04034
4.64552 1.5925
4.65031 1.63536
4.63498 1.48758
4.61852 0.523683
7.51973 1.84516
7.53631 1.80982
4.92161 2.7238
4.91419 2.7063
5.76616 3.3097
5.7765 3.30915
6.90204 -1.48331
4.62259 1.33858
4.6241 1.35927
4.88048 -0.951229
5.28559 -1.87787
5.29991 -1.89493
5.17766 -1.70805
5.16025 -1.6768
4.62025 0.475619
4.63363 0.302594
4.64535 0.184558
4.64735 0.166113
4.60764 0.985575
4.60634 0.857821
4.6063 0.841449
5.87051 3.29848
5.83341 3.30331
4.72848 -0.34136
4.73972 -0.395013
5.10382 3.01769
5.05763 2.95758
4.70024 -0.19402
4.71099 -0.251918
5.39498 -1.99703
5.38351 -1.98649
5.24406 -1.81801
5.25956 -1.84011
4.71065 2.02413
4.70579 2.00056
4.8824 2.63423
4.87885 2.62511
5.69043 3.30999
5.66255 3.30893
6.49856 -1.82044
6.52814 -1.79846
4.66428 1.74424
6.25122 -1.97496
6.26437 -1.96746
5.40963 3.25048
5.60881 3.30434
5.15098 3.07029
5.11041 3.02646
7.80272 0.334479
7.77967 0.147016
5.04859 -1.43703
5.07489 -1.49772
4.69159 1.92425
4.67502 1.82119
7.46953 -0.740737
7.55102 -0.581844
4.7576 2.24058
4.77467 2.30748
6.81446 -1.56569
6.90136 -1.48397
7.34075 -0.952779
7.43405 -0.804502
7.4146 2.04937
7.47468 1.93737
7.2481 2.31308
7.2814 2.2654
7.63156 1.57878
7.5909 1.68417
7.73201 1.24477
7.70202 1.35915
7.76819 0.0824773
7.72839 -0.0942782
5.21241 3.12851
5.33757 3.21527
5.61097 3.30479
7.80855 0.413004
5.00343 -1.31933
5.09331 -1.53759
5.15678 -1.67075
4.69701 1.95326
4.77291 -0.548053
4.80781 -0.687724
5.19074 -1.7311
4.84834 2.54653
4.84668 2.54246
4.85762 2.57056
4.73729 2.15381
4.71853 2.06424
7.44061 -0.793247
5.99238 3.27404
5.90293 3.29292
6.69904 -1.66666
6.62795 -1.72353
6.55901 -1.77616
7.2908 -1.02751
7.43763 -0.798373
7.81304 0.563529
7.56402 1.74742
7.57756 1.71586
5.35103 -1.95515
5.32673 -1.92643
4.79894 2.39122
4.8091 2.42583
7.04709 2.56824
6.92859 2.69408
7.80852 0.738394
7.80645 0.775701
7.79338 0.902328
7.78777 0.95044
4.68943 -0.131623
7.14749 -1.21512
7.15556 2.43822
7.14264 2.45453
7.77699 1.02144
7.75013 1.16684
7.16316 2.42837
7.48998 1.90692
7.38478 2.10171
7.33438 2.1853
7.68657 1.41133
7.64418 1.54185
7.80395 0.804939
4.84453 2.53634
6.92017 2.70244
4.64374 1.57659
4.65357 1.66326
5.49924 -2.0711
5.48646 -2.06289
5.81825 3.3055
5.76195 3.30971
5.5104 -2.07769
5.3577 -1.96257
5.02127 2.90695
5.61209 3.30492
6.21638 -1.99352
4.96517 -1.21521
4.62592 1.38306
7.10221 -1.26911
4.66102 0.0614635
4.63753 0.26277
4.91852 -1.07481
6.48175 3.05406
4.82377 -0.75111
5.94506 -2.10289
4.95029 -1.1722
