6.33984 -0.832508
6.32919 -0.835996
6.76687 -0.502612
6.72251 -0.553959
7.04553 1.23688
7.04415 1.24119
6.72618 1.79821
6.75246 1.76736
6.85788 1.62227
6.88254 1.5824
5.75555 -0.721951
5.82081 -0.775039
6.45289 2.04031
6.46514 2.03325
6.20778 2.15261
6.14874 2.16332
6.03533 2.17205
5.99847 2.17115
5.76037 2.08395
5.79595 2.10698
6.82094 -0.434745
6.86439 -0.371932
6.56984 -0.697256
6.55328 -0.709507
5.30174 0.926508
5.29913 0.864931
5.32205 1.15775
5.31963 1.1374
7.14126 0.80774
7.14443 0.778108
7.10499 1.02962
7.117 0.970935
5.57715 -0.485897
5.56262 -0.458522
5.4208 1.59058
5.42263 1.59573
5.36209 1.37885
5.37492 1.43059
5.50191 1.779
5.49181 1.75752
5.60676 1.94325
5.60366 1.93952
6.58883 1.93777
6.65709 1.87535
6.98856 1.38203
6.96162 1.43891
5.66968 -0.62681
5.68017 -0.638678
5.93878 -0.842557
5.97432 -0.852709
6.12795 -0.876642
6.07286 -0.873174
7.07129 0.0656355
7.06111 0.0330758
6.97704 -0.177439
6.97751 -0.176506
5.47754 -0.272037
5.46333 -0.233807
5.35992 0.131332
5.36531 0.106032
5.41759 -0.100881
5.40868 -0.0686766
5.32293 0.357957
5.31754 0.403311
5.30137 0.605892
5.29863 0.67602
7.15152 0.533732
7.15237 0.560437
7.12113 0.267166
7.12884 0.311332
7.07526 1.15117
7.09597 1.06708
7.07468 1.15297
7.07019 1.16618
7.09859 1.05718
7.12205 0.942247
6.54213 1.97791
6.66432 1.86851
7.07496 1.15214
6.51874 1.99584
6.98958 1.37972
7.01107 1.32892
6.66981 1.86295
6.36874 2.09021
6.35849 2.09519
6.23008 -0.864714
6.42427 -0.791558
6.31465 2.11629
6.28805 2.12571
5.87256 2.14144
5.89627 2.15051
6.79696 -0.466352
6.69137 -0.587364
6.4699 -0.766429
6.45645 -0.775458
5.3099 1.04336
5.30635 0.999437
5.38939 1.48604
5.41984 1.58748
5.55148 1.86297
5.51296 1.80025
6.78808 1.72328
6.7082 1.81923
6.8119 1.69131
6.9134 1.52969
5.84636 -0.794004
5.73852 -0.70426
7.02967 -0.0542803
7.02196 -0.0742772
5.49381 -0.314028
5.5179 -0.366652
5.38411 0.0275304
5.40577 -0.0581149
5.30988 0.480633
5.30502 0.541557
7.14066 0.396137
7.14491 0.43715
6.45399 -0.777005
6.16809 -0.872344
6.50127 2.00754
6.41268 2.06605
6.10236 2.17123
5.94907 2.1613
5.69774 2.03772
6.89916 -0.316879
6.92605 -0.271939
6.64112 -0.634856
5.29776 0.807073
5.33312 1.23432
5.33894 1.26921
5.34108 1.28002
7.15245 0.68282
7.13271 0.874595
5.54699 -0.427114
5.61466 -0.54582
5.6666 -0.623047
5.46077 1.68959
5.67445 2.01552
5.61466 1.95178
6.79835 1.71017
6.95717 1.44761
6.98868 1.38178
5.92393 -0.835475
6.0327 -0.869242
7.09443 0.146075
6.97931 -0.17256
7.10328 0.182718
5.4425 -0.174392
5.34983 0.181132
5.42777 -0.132028
5.34009 0.237619
5.29739 0.770453
5.33639 0.261153
5.29769 0.733895
7.15254 0.68114
7.15253 0.681487
7.01658 1.3146
7.15252 0.681724
