5.98064 1.28046
5.94272 1.23211
6.01177 0.037599
6.06079 -0.00789402
5.8953 0.203439
5.87533 0.243979
6.59 1.01384
6.56553 1.06538
6.25102 -0.0559114
6.2713 -0.055853
6.48376 0.0811938
6.41195 0.0128694
5.82869 0.398651
5.84415 0.336648
6.66675 0.604432
6.6646 0.701038
6.64244 0.402532
6.6538 0.458041
6.58553 0.238861
6.59125 0.250095
6.12302 1.364
6.17197 1.36639
6.36742 1.30769
6.4306 1.25294
6.5187 1.15337
6.51047 1.1644
5.90949 1.18842
6.00513 1.30543
5.79137 0.754775
5.79062 0.747724
6.65904 0.757762
6.64404 0.852163
6.61091 0.960859
6.50034 1.17624
5.84676 1.04708
5.82444 0.97928
6.0969 1.35277
5.88751 1.1532
5.85832 1.08763
5.81317 0.922621
5.82228 0.967943
5.79192 0.764003
5.79139 0.6858
5.79137 0.689591
5.79869 0.559428
5.79829 0.563161
6.23801 1.36422
6.32955 1.32823
6.63709 0.881481
6.53329 0.148599
6.50341 0.100693
6.66679 0.560385
6.61438 0.31146
6.62654 0.344787
6.10102 -0.0270536
5.96412 0.0859293
6.28646 -0.0507891
6.38543 -0.00750788
5.85665 0.297898
5.91908 0.158702
5.94503 0.115507
6.16344 -0.0531064
6.50055 0.0975653
5.80669 0.493229
6.66516 0.53073
6.59596 0.260797
6.54919 0.171087
5.80812 0.894691
5.79234 0.624957
5.79239 0.623772
5.80491 0.501745
5.80333 0.865339
