6.40727 2.27202
6.39064 2.2807
7.17994 1.24184
7.18625 1.22217
5.17248 1.00632
5.17582 1.05531
5.38202 -0.447868
5.42112 -0.536658
5.51298 -0.713143
5.55679 -0.783806
5.44951 2.04485
5.40185 1.96479
5.56929 2.19945
5.58131 2.21187
7.14384 -0.128342
7.16618 -0.0686532
5.1738 0.533407
5.17693 0.490128
7.2716 0.414185
7.26476 0.351338
6.72044 2.02641
6.75447 1.99108
6.05434 2.38562
5.98125 2.38812
6.1919 2.36193
6.10788 2.37922
5.74369 2.32711
5.77655 2.34331
6.76425 -0.735751
6.83101 -0.659008
6.52389 -0.941187
6.48658 -0.964322
6.73712 -0.762723
6.67187 -0.824324
7.02592 -0.379774
6.96844 -0.472674
7.25431 0.925941
7.24585 0.975683
7.27499 0.74588
7.27266 0.775984
5.34928 -0.356657
5.33645 -0.319537
5.62652 -0.872803
5.58294 -0.817761
5.231 1.46355
5.2203 1.40985
5.28637 1.67744
5.27456 1.6358
5.19374 1.23797
5.20745 1.33499
5.35843 1.87171
5.3979 1.95774
6.82905 1.90343
6.85978 1.8656
6.95185 1.73199
6.90799 1.79842
7.05938 1.54273
7.0676 1.52566
5.92252 -1.0788
5.96228 -1.08667
5.73772 -0.981015
5.78762 -1.01476
6.11263 -1.09923
6.0673 -1.09918
6.30718 -1.05526
6.26855 -1.0668
7.03855 -0.356916
7.07998 -0.275716
7.21966 0.109308
7.23161 0.158516
5.27372 -0.105838
5.28037 -0.131112
5.23351 0.0677643
5.23498 0.0603423
5.16568 0.82337
5.16582 0.838717
5.19854 0.287278
5.20975 0.208831
6.60629 2.13372
6.60317 2.13647
7.27916 0.670447
7.28009 0.589269
7.14109 1.35437
7.15992 1.30151
7.20103 1.17167
7.20818 1.14523
7.24145 1.00216
7.26104 0.879324
5.29766 -0.197922
5.29513 -0.188708
5.26426 -0.0677792
6.52416 2.19693
6.53113 2.19176
6.7946 1.9451
6.76765 1.97646
6.66758 2.07807
6.64383 2.09985
5.36273 -0.394846
5.37973 -0.441897
6.86182 1.86298
6.86908 1.85363
6.35302 2.30005
6.33553 2.30818
7.26471 0.853296
5.25854 -0.0438219
5.24948 -0.00445468
5.1659 0.724056
5.16602 0.708408
5.87779 2.37604
5.88589 2.37699
6.64162 -0.851455
6.5826 -0.897592
6.91218 -0.556711
6.90333 -0.569337
5.18096 1.12297
5.1677 0.920287
5.4604 -0.620588
5.38021 -0.443211
5.56534 -0.795411
5.46819 -0.63648
5.25689 1.57165
5.2353 1.48214
5.39966 1.96106
5.48807 2.10353
5.6458 2.26602
5.54246 2.16863
7.00797 1.6401
6.99676 1.65929
5.8294 -1.04044
5.90025 -1.07048
6.20941 -1.08454
6.14045 -1.09495
7.12543 -0.174461
7.18628 -0.00818414
5.23574 0.0566394
5.1684 0.625913
5.18426 0.409259
7.255 0.282296
7.27651 0.475886
5.87396 2.37499
6.08594 2.38364
6.25346 2.34101
6.29899 2.32501
6.41026 -1.00915
6.37699 -1.02435
5.67709 2.28938
6.8941 -0.58163
6.75511 -0.74522
7.03009 -0.372669
7.10626 1.44006
7.11824 1.41123
5.1666 0.888059
5.18822 1.19277
5.32124 -0.27475
5.3576 -0.3807
5.46433 -0.628829
5.64769 -0.897784
5.32048 1.78022
5.31111 1.75442
5.21004 1.35226
5.50485 2.12509
5.3271 1.79651
7.03413 1.59169
6.89278 1.82043
5.6992 -0.947022
6.01699 -1.0976
7.09138 -0.251449
7.20177 0.0421452
7.24493 0.224411
5.31268 -0.248161
5.2163 0.167275
5.1656 0.77357
5.19053 0.351216
5.1672 0.659749
7.27979 0.554441
6.56541 2.16544
6.60879 2.13159
7.27858 0.686133
7.13004 1.38278
7.17292 1.26519
7.22705 1.07569
7.22783 1.07194
7.22908 1.06643
5.30152 -0.212171
5.28406 -0.146869
6.51676 2.2027
7.27114 0.793807
6.47644 2.22852
7.27821 0.696787
6.49565 2.21651
