6.51541 1.04647
6.52002 1.03946
6.33611 0.0561154
6.28222 0.0330906
5.94906 0.235113
5.9205 0.293112
6.59052 0.833989
6.61353 0.739852
6.51276 0.230006
6.53557 0.271256
6.38956 1.20452
6.37199 1.21589
5.91597 1.06241
5.89535 1.01463
6.06548 1.24334
6.13293 1.27793
5.86227 0.883735
5.87153 0.930811
6.07557 0.0751838
6.07128 0.0774766
5.8766 0.426875
5.8908 0.369938
6.61513 0.723886
6.61501 0.729315
6.52574 1.02889
6.45223 1.13122
5.975 1.15976
6.01072 1.20671
5.85105 0.78877
5.8442 0.724281
6.6147 0.732503
6.57772 0.889985
6.56013 0.322132
6.56328 0.933733
6.25915 1.27824
5.93663 1.09827
6.25297 1.27846
5.85428 0.843047
5.8445 0.66256
5.84426 0.719715
5.85377 0.535328
5.8478 0.59136
6.60699 0.497597
6.61318 0.552048
6.47959 0.179216
6.47362 0.169637
6.61526 0.58977
6.56623 0.338918
6.57553 0.364421
6.39759 0.091484
6.19768 0.0298901
5.90638 0.327191
5.97618 0.184118
6.00434 0.150448
6.17362 0.0298231
6.43951 0.132372
5.86949 0.457417
6.59198 0.424775
5.87744 0.956087
5.84462 0.654738
5.84697 0.599892
5.85435 0.529908
6.49772 0.204837
