5.3423 -2.21519
5.31303 -2.18959
6.12374 -2.19491
6.18807 -2.15989
5.65595 -2.33196
5.70195 -2.33161
4.96738 -1.5647
4.99848 -1.64456
4.73395 -0.801959
4.69805 -0.655657
5.06986 -1.81149
5.10026 -1.87498
4.60726 2.04066
4.60039 1.99948
7.61107 -0.664621
7.55886 -0.766151
7.84823 1.11741
7.85233 1.09527
7.43348 2.1967
7.43831 2.18861
7.3497 2.32785
7.33322 2.35222
7.75464 1.48606
7.74368 1.5203
7.89876 0.679846
7.90074 0.61722
7.74962 -0.333054
7.71488 -0.428443
7.80365 -0.159001
7.81744 -0.107934
5.08727 3.23573
5.10463 3.25281
5.27705 3.37656
5.30071 3.38902
5.78433 -2.32006
5.79534 -2.31804
5.58173 -2.32803
5.61625 -2.33205
4.91285 3.00676
4.91996 3.0187
7.86688 0.132254
7.852 0.0465726
7.89533 0.389953
7.88979 0.315902
4.95669 -1.53727
4.93113 -1.46405
4.55137 1.63036
4.55655 1.67961
4.53306 1.42298
4.53029 1.39229
4.57174 1.80794
4.56954 1.79155
4.75972 -0.90329
4.7559 -0.889295
5.11158 -1.89887
5.14792 -1.96349
4.87262 2.93229
4.86755 2.92259
5.97682 3.42024
5.93339 3.43201
6.16206 3.35528
6.08918 3.38264
6.38654 3.24509
6.39002 3.24294
5.68912 3.46664
5.65289 3.46738
6.85438 2.90259
6.87775 2.88162
7.45176 -0.949309
7.48357 -0.898197
6.44594 -1.99622
6.39938 -2.02974
6.6532 -1.84144
6.60019 -1.88341
6.87092 -1.65104
6.79658 -1.71901
6.98871 -1.53602
6.98849 -1.53625
6.0152 -2.24479
6.03683 -2.23605
4.51341 0.913452
4.51305 0.896159
4.51807 1.14724
4.51875 1.16745
4.53068 0.423698
4.53488 0.363245
4.58005 -0.0460395
4.56691 0.0562368
4.51871 0.634211
4.51775 0.655624
4.67675 2.37766
4.67471 2.36999
7.88156 0.901309
7.88238 0.895059
4.62089 -0.286348
4.60255 -0.185366
4.81576 -1.10061
4.80154 -1.0509
7.78544 -0.222281
7.75772 -0.309406
6.2502 -2.12483
6.08726 -2.21264
7.07969 -1.43851
7.09892 -1.41742
5.81713 3.45503
5.89668 3.43911
6.36981 3.25416
6.27481 3.30423
4.73989 2.60433
4.71247 2.51191
4.75701 2.65547
4.74309 2.61477
4.79813 2.76549
4.80512 2.78393
7.1531 2.59143
7.16224 2.5804
7.07618 2.67966
7.08918 2.66529
7.25562 2.46116
7.20811 2.52294
6.54843 -1.92191
6.50034 -1.95886
6.90859 -1.61477
6.89314 -1.63012
7.51181 2.05822
7.52988 2.02436
7.80301 1.31923
7.79893 1.33505
7.71031 -0.44056
6.74725 2.99379
6.72543 3.01201
6.5058 3.17148
6.51625 3.16467
4.54996 1.61545
4.5402 1.51169
4.53813 1.48713
4.53008 1.3893
4.52605 1.33218
4.76167 -0.910326
4.62965 2.16102
4.6399 2.21452
5.74438 3.46359
5.92115 3.43449
6.04831 3.39833
6.24897 3.31577
6.49719 3.17731
5.70477 3.46644
6.89463 2.8654
6.98965 -1.53503
7.0696 -1.44968
6.33693 -2.06924
6.73734 -1.77009
6.69897 -1.80362
6.28746 -2.10203
5.22631 -2.08509
5.24003 -2.10523
5.29253 -2.16725
5.27871 -2.15273
5.89668 -2.29087
5.93591 -2.27711
4.51445 1.02235
4.5141 0.976951
4.51303 0.867233
4.51301 0.832686
4.52179 1.25331
4.52001 1.20961
4.51678 1.10395
4.867 -1.27199
4.87488 -1.2963
4.52533 0.49963
4.52812 0.460003
4.53768 0.329546
4.58261 -0.0634871
4.51454 0.739563
4.51579 0.701262
4.52071 0.590425
7.64097 1.79121
7.66143 1.74343
7.02754 2.7329
7.0374 2.7228
7.16658 -1.33917
7.13259 -1.37891
7.29897 -1.17211
7.25119 -1.23528
7.79439 -0.191601
5.44096 -2.28175
5.38706 -2.25162
5.88541 -2.29423
5.87429 -2.29701
4.51527 1.04045
4.51531 1.05905
6.70427 3.02911
6.6357 3.08035
6.54923 3.14237
6.57718 3.12285
4.64073 -0.391039
4.62827 -0.326615
4.52441 0.525214
4.52254 0.549066
4.61762 2.09894
4.62296 2.1268
4.58467 -0.0764398
4.59821 -0.159864
4.65933 2.30435
4.66069 2.31072
4.64785 2.25142
6.97886 2.78167
7.69678 1.65402
7.69687 1.65378
7.64085 -0.600148
7.61821 -0.650017
5.53786 -2.32001
5.53095 -2.31814
5.52192 3.45599
5.49956 3.45372
4.95953 3.08032
4.98112 3.11136
4.57201 1.80988
4.58072 1.87211
7.33638 -1.12178
7.89253 0.7856
7.89555 0.745778
4.54833 1.59791
4.54397 1.55129
4.67569 -0.559966
4.65665 -0.469493
4.54035 0.299213
4.54358 0.264299
4.84184 -1.19013
4.83632 -1.17113
5.48251 -2.30251
5.46383 -2.29498
5.77144 -2.32168
5.39876 3.42858
5.40996 3.43192
5.01466 3.15583
5.00669 3.14599
7.88398 0.258409
7.87465 0.182646
5.02356 -1.70508
4.96345 -1.555
5.04733 -1.76396
5.10668 -1.88862
4.59734 1.98211
4.61145 2.06314
7.55036 -0.781707
7.61484 -0.657035
7.61634 1.84767
7.57607 1.93343
4.77368 2.70219
4.76078 2.66586
7.11475 2.63589
7.14847 2.59701
7.82413 1.23417
7.86924 0.99173
7.40289 -1.026
7.38038 -1.05938
7.4732 2.12822
7.41143 2.23281
7.30606 2.39108
7.38769 2.27051
7.72677 1.56983
7.77245 1.42881
7.89659 0.728643
7.90069 0.599268
7.84479 0.0107663
7.82537 -0.0749293
5.04556 3.18963
5.17197 3.30911
5.20307 3.33209
5.3613 3.41328
5.44248 3.43994
7.8986 0.446781
4.9196 -1.42956
4.90006 -1.37246
5.03481 -1.73345
4.68429 -0.598225
4.68803 -0.614213
5.1785 -2.01677
4.59011 1.93584
7.4995 -0.87128
7.41391 -1.00941
7.90068 0.508443
6.05997 -2.22487
5.98638 -2.25768
5.51436 -2.31253
5.19227 -2.03676
4.6671 2.33925
4.69 2.42922
7.88731 0.843288
7.87995 0.914528
4.60183 -0.181216
4.78994 -1.01092
4.85788 -1.24334
4.74105 2.60831
4.69641 2.45235
7.19079 2.54498
7.05333 2.70548
7.87369 0.960665
7.82305 1.23895
7.27565 2.43378
7.54922 1.98663
7.48546 2.10655
7.39233 2.26328
7.78004 1.40253
7.71276 1.60968
4.56302 1.73854
4.56412 1.74811
4.52516 1.32049
4.89265 2.97032
5.60117 3.4655
5.65018 3.46725
5.96952 -2.26366
4.77817 -0.968879
4.5129 0.803658
4.5224 1.27172
4.51921 1.18831
4.88981 -1.34306
4.5569 0.137128
4.54713 0.225205
4.51348 0.767937
4.51668 0.675761
4.8235 2.8287
7.18961 -1.31182
7.89105 0.807439
6.60114 3.10646
7.66366 1.73804
7.66469 -0.548947
4.94966 3.06559
4.58222 1.88198
5.2 -2.04759
5.83489 -2.30854
7.62192 1.83554
7.57051 1.94478
7.35198 -1.1003
4.9235 3.02397
4.52379 1.29467
4.55746 1.6894
4.53579 1.45861
4.54587 0.237373
4.51324 0.785999
7.67891 -0.515544
4.51363 0.931079
4.56235 0.0903473
5.24562 -2.11324
7.23566 -1.25504
7.24523 -1.24307
6.6176 3.09409
4.84853 2.88383
4.83246 2.8485
4.93259 3.03853
7.66681 -0.54414
5.25708 -2.12704
