5.64986 1.25083
5.63637 1.20746
5.88484 -0.271628
5.82083 -0.199785
5.62307 0.28086
5.6436 0.191896
6.87419 0.761585
6.86945 0.814572
6.83372 0.256487
6.82336 0.221415
6.21118 -0.414532
6.16918 -0.412411
6.43277 -0.339129
6.46241 -0.31862
6.01204 -0.370763
6.07722 -0.395603
6.028 1.70736
6.03628 1.71033
5.82859 1.57909
5.83837 1.59007
6.68586 -0.0812803
6.63552 -0.150343
5.76542 -0.107524
5.8118 -0.18578
6.76077 1.19409
6.77142 1.16885
6.71083 -0.0404636
6.75328 0.0405958
5.65384 0.155272
5.68097 0.0786604
6.54329 1.52092
6.48549 1.57226
6.26739 1.70108
6.25466 1.70397
6.61587 1.43801
6.60197 1.45538
6.8775 0.509728
6.87476 0.478723
6.84639 0.933223
6.8421 0.953466
6.3978 1.64065
6.38484 1.64781
6.71157 1.29581
6.70869 1.30081
6.57337 1.48833
6.56346 1.50017
6.19238 1.71749
6.86551 0.83927
6.86362 0.85134
6.62513 1.42528
6.66543 1.36802
6.8801 0.690183
6.88166 0.668168
5.67048 1.30828
5.68762 1.34747
5.60664 1.07885
5.59214 0.990986
5.59284 0.44628
5.59394 0.437678
5.5741 0.764359
5.57389 0.758467
5.712 1.40454
5.72863 1.43607
5.57946 0.568766
5.57953 0.567834
6.14701 1.72208
6.11873 1.72127
6.31883 -0.393549
6.26639 -0.404245
5.91252 1.65161
5.93586 1.66801
6.57098 -0.22649
6.56093 -0.237826
5.81716 -0.194272
5.91617 -0.304509
5.60743 0.353155
5.64755 0.17722
6.79703 0.144606
6.85635 0.352215
6.10899 -0.406534
6.34152 -0.38423
6.55431 -0.244389
5.96665 -0.340658
6.05169 1.71232
5.807 1.55164
6.70248 -0.0554764
5.57509 0.635837
5.57417 0.716957
5.73143 -0.0467931
6.71941 1.28069
6.80314 1.08616
6.77324 0.0855721
5.71852 -0.0175554
5.70584 0.0130502
5.60178 0.386311
5.57528 0.631441
5.76482 1.49807
6.86119 0.377551
6.88091 0.601623
6.88239 0.653278
6.81271 1.05664
5.74367 1.46432
6.82975 1.00251
6.71319 1.29308
5.58433 0.92432
5.6106 1.10148
5.58624 0.503013
5.57944 0.876932
5.57874 0.578415
5.58562 0.507224
5.58167 0.89584
5.63123 1.1849
5.61667 1.12711
6.82725 1.0114
6.85746 0.882957
