7.59755 0.0453527
7.60777 0.088349
7.56787 1.25613
7.56255 1.27715
5.33006 -1.46535
5.3346 -1.47179
4.79097 1.30315
4.79555 1.36005
5.01711 -0.759751
4.99334 -0.683226
4.88525 -0.252606
4.88097 -0.230775
5.43962 -1.60215
5.42311 -1.58551
5.08209 -0.951081
5.10058 -0.999839
6.61586 2.72088
6.59061 2.73979
6.90501 2.46305
6.95019 2.41373
4.79849 0.318769
4.80435 0.260055
4.77506 0.781739
4.77355 0.824661
5.0795 2.51055
5.10759 2.5623
4.9674 2.24047
5.00064 2.33168
6.16989 -1.74055
6.21226 -1.72476
7.1902 -0.875864
7.16751 -0.909425
6.14941 2.97464
6.24505 2.93817
5.93899 3.0255
5.88643 3.02969
6.62944 -1.47376
6.54414 -1.53668
7.10963 2.21873
7.06872 2.27238
7.63817 0.891071
7.63884 0.884805
7.5487 -0.144961
7.51506 -0.24733
7.41529 -0.488215
7.39677 -0.526814
7.48947 1.50842
7.48864 1.51071
5.33159 2.8521
5.31465 2.83656
5.52861 2.97735
5.51661 2.9719
7.64491 0.340054
7.63055 0.218654
5.23929 -1.31206
5.23642 -1.30713
4.79918 1.39698
4.80824 1.48086
4.83028 1.64147
4.84124 1.71198
5.84415 -1.80237
5.8778 -1.80225
5.61266 -1.73739
5.63811 -1.75156
4.97501 -0.621461
4.95853 -0.560027
5.15435 -1.13353
5.13998 -1.10112
4.88397 1.93743
4.88408 1.93789
4.82789 0.0756336
4.81187 0.19312
5.17808 2.67704
5.14295 2.62488
4.96554 2.23434
4.92326 2.09012
6.2338 -1.71639
6.32456 -1.67219
6.03916 -1.78264
6.05743 -1.77754
7.03166 -1.08463
7.01593 -1.10323
6.3166 2.90571
6.37195 2.87725
5.79766 3.03318
5.73145 3.02902
6.43069 -1.6123
6.3856 -1.63832
6.79691 -1.33064
6.73858 -1.38367
7.27751 -0.743993
7.28914 -0.724829
7.65292 0.445494
7.65235 0.437071
7.65531 0.628132
7.65592 0.553474
7.42137 1.6797
7.42088 1.68084
4.9079 -0.355911
4.9128 -0.376958
6.55669 2.76417
6.48546 2.81102
6.90174 -1.22738
6.83351 -1.29695
7.30389 1.91592
7.29008 1.94126
7.4567 1.59523
7.46503 1.5733
4.77455 0.955334
4.77488 0.997768
4.78806 0.442811
4.78594 0.470079
4.86535 -0.14795
4.85444 -0.0890318
7.46647 -0.374289
7.4697 -0.366869
7.5984 1.13021
7.58168 1.20174
7.54925 1.32552
7.54071 1.35404
6.81142 2.55658
6.77824 2.58665
6.97065 -1.15563
6.97429 -1.15161
7.14858 2.16525
7.16991 2.13439
7.64632 0.806504
7.65285 0.719433
7.5123 -0.255183
7.55341 -0.129188
7.48754 -0.32082
7.42716 -0.46409
7.51851 1.42598
4.78487 1.21874
4.77991 1.12184
5.72791 -1.78415
5.69474 -1.7745
5.58596 -1.72361
4.79717 0.332664
4.79218 0.390555
4.77865 0.605075
4.77711 0.651404
4.77366 0.869168
5.03781 2.42253
5.02652 2.39431
6.69673 2.65686
6.72962 2.63028
7.62671 0.970206
7.61834 1.025
4.89715 -0.308721
4.93236 -0.458438
7.34916 1.83123
7.33822 1.85245
7.25163 2.0068
7.27825 1.96183
4.77729 1.04014
4.77792 1.08429
4.78643 1.24321
5.99112 -1.79198
5.9872 -1.79261
6.65719 2.68945
6.66947 2.67954
4.80466 0.2573
4.80915 0.216166
4.78024 0.568368
4.78271 0.521011
4.77591 0.695946
4.77455 0.738108
7.07415 -1.0325
7.10506 -0.994705
6.9637 -1.16337
7.24155 2.02373
7.23661 2.0317
7.35375 -0.612001
7.35324 -0.612964
5.5574 -1.70499
5.54765 -1.69749
5.05338 2.45772
6.30886 2.90975
6.28365 2.92151
5.48372 -1.6468
5.49129 -1.65421
4.96682 2.23872
4.96651 2.23769
7.55827 -0.112279
4.93941 -0.48635
7.61042 0.103165
7.58858 0.00463306
5.42947 2.92516
5.40662 2.90988
5.2839 -1.39029
5.3419 -1.48131
4.7958 1.36293
4.79039 1.2959
4.86133 1.82546
4.85836 1.80926
5.04372 -0.843184
4.98647 -0.660631
5.41757 -1.57983
5.47816 -1.64111
5.11696 -1.043
5.05635 -0.881471
6.57396 2.75193
6.64286 2.70118
6.9938 2.36465
6.88242 2.4862
5.1256 2.5958
6.22398 -1.72009
6.13592 -1.75441
7.14781 -0.935745
7.22566 -0.824883
6.08457 2.99389
6.25554 2.93412
5.98876 3.01701
5.83482 3.03379
6.52957 -1.54738
6.64412 -1.46186
7.03386 2.31602
7.12059 2.20421
7.65552 0.53734
7.65298 0.446509
6.38336 2.87072
6.42673 2.84692
7.6296 0.212224
7.38321 1.7634
7.39991 1.7269
5.62888 3.01116
5.5664 2.99004
5.24029 2.75903
5.23618 2.75476
7.64606 0.352046
5.23353 -1.30181
5.39303 -1.54932
5.19443 -1.22116
4.81036 1.49759
4.82352 1.59713
4.81736 1.55255
4.85468 1.78814
4.8837 1.93621
5.74918 -1.79011
5.77727 -1.79405
4.95005 -0.528056
5.04675 -0.852615
5.04852 -0.858439
5.16741 -1.16192
4.91053 2.04509
4.83163 0.0504672
4.81149 0.196214
5.23528 2.75372
6.33282 -1.6683
6.9855 -1.13895
7.0607 -1.04949
6.31233 2.90801
6.05952 3.00154
5.6503 3.01592
6.04385 3.00574
6.73034 -1.39103
6.43781 -1.60763
6.82781 -1.3023
7.32395 -0.664424
7.25019 -0.787403
7.65484 0.662962
7.45639 1.59602
6.47101 2.82051
7.1068 -0.992406
4.84653 -0.0426856
7.599 1.12731
7.57515 1.22941
7.521 1.41888
7.60645 1.08589
7.61494 1.04452
6.81696 2.55142
6.7363 2.6243
7.01501 2.33936
7.17669 2.12412
7.21657 2.06286
7.63667 0.902595
7.63783 0.894191
7.65294 0.718115
7.47187 -0.361646
7.37874 -0.563062
7.35437 -0.61086
7.38254 1.76481
7.31413 1.89768
5.94155 -1.79918
5.99571 -1.79101
6.08378 -1.76942
5.51949 -1.67644
5.56753 -1.71248
7.38292 1.76401
7.58023 -0.0301714
5.90163 -1.802
5.65692 -1.76048
