5.89265 1.31896
5.87911 1.30169
6.09722 1.46544
6.09079 1.46331
6.51389 1.27818
6.49903 1.29788
6.49008 -0.0348621
6.49197 -0.0329725
6.65085 1.04876
6.62648 1.1001
5.72936 0.644676
5.72842 0.663053
5.93326 -0.00865132
5.90512 0.0314472
6.10749 -0.140469
6.04769 -0.114588
6.24338 -0.161446
6.25833 -0.161403
5.83223 0.166286
5.85838 0.105976
6.70256 0.874247
6.67833 0.972015
5.76667 0.362456
5.7615 0.386014
6.3365 1.42928
6.29357 1.44624
6.70381 0.385829
6.71264 0.431003
6.62915 0.163338
6.62962 0.164388
5.926 1.35295
6.72051 0.79278
6.71776 0.810127
6.4794 1.31973
6.56906 1.20223
6.66726 1.00749
6.67168 0.995476
6.61194 1.12741
5.97701 1.40523
5.81141 1.16974
5.822 1.19538
6.21111 1.47
6.10875 1.46651
6.40843 1.38002
5.75939 1.00961
5.76759 1.04139
5.73123 0.783211
5.73743 0.854376
5.73386 0.591575
5.73749 0.535561
6.72857 0.691562
6.73092 0.655673
5.74116 0.898971
5.74493 0.923848
6.36978 -0.123053
6.38889 -0.111545
6.0077 -0.0820268
5.9498 -0.0306444
5.79574 0.262014
5.80997 0.220921
6.6716 0.269488
6.68157 0.300769
6.49477 -0.0295469
6.28746 -0.151674
5.8768 0.0753152
6.15069 -0.156897
6.56552 0.0605178
5.77663 0.321266
6.62794 0.161013
6.58538 0.0873313
5.74774 0.469251
6.7255 0.512646
6.7289 0.556879
6.73101 0.592179
5.83431 1.22132
5.80522 1.15378
5.99411 1.41855
6.01239 1.42903
5.74302 0.499305
6.72516 0.745383
5.72906 0.719218
5.7567 0.995756
5.73818 0.52886
5.79137 1.11692
5.75193 0.968678
