5.90642 2.46427
5.9752 2.46979
6.18605 2.44092
6.2092 2.43283
7.0081 -0.51175
7.00837 -0.511335
7.22982 1.24368
7.23879 1.21575
7.31711 0.810858
7.3116 0.868902
5.18223 1.49506
5.2039 1.59546
5.39002 2.08329
5.38789 2.07971
5.50429 2.24145
5.57306 2.31249
7.20563 -0.110154
7.20654 -0.107729
7.27526 0.125673
7.2735 0.117959
5.19229 0.0175456
5.18412 0.0591841
5.11603 0.723511
5.11626 0.709585
7.31703 0.368949
7.31678 0.36665
6.77599 2.04979
6.70888 2.11948
5.76926 2.43235
5.77636 2.43428
6.40142 2.35098
6.42291 2.33811
6.74515 -0.837135
6.71474 -0.865839
6.87273 -0.698418
6.87229 -0.69898
7.30551 0.912471
7.29445 0.977475
5.37318 -0.57967
5.36755 -0.566238
5.45462 -0.745372
5.44907 -0.734505
5.56109 -0.908935
5.54921 -0.893935
5.23533 1.71041
5.21141 1.6261
5.14497 1.26947
5.14956 1.30195
6.2995 -1.1378
6.3359 -1.12177
5.30345 1.90723
5.30615 1.91312
5.65681 2.3749
5.5757 2.3145
6.541 -1.00749
6.50443 -1.03306
6.98798 1.77417
6.98819 1.77383
7.09423 1.58342
7.13144 1.50608
5.91631 -1.16906
5.92361 -1.1705
5.73096 -1.07925
5.70319 -1.05666
6.10679 -1.18414
6.09622 -1.18413
7.09514 -0.358008
7.11823 -0.312752
5.21427 -0.0888643
5.2253 -0.13077
5.12538 0.505891
5.12421 0.522679
5.15074 0.260115
5.15306 0.243833
6.65747 2.16675
6.63677 2.18498
7.32777 0.622052
7.32812 0.59104
7.28554 1.02561
7.28379 1.03537
6.53751 2.26364
6.56267 2.24492
7.30997 0.881128
7.30913 0.88815
7.28971 1.00607
5.28928 -0.356923
5.27713 -0.31739
5.24904 -0.22264
5.24973 -0.225154
5.11708 0.918636
5.11681 0.905028
6.57891 2.23225
6.59708 2.21878
7.26603 1.11626
7.26679 1.11331
6.82804 1.99132
6.81471 2.00684
6.51081 2.28304
6.44235 2.32572
5.20816 -0.0615906
5.2094 -0.0674383
5.11544 0.825475
5.11568 0.854243
5.12215 1.02467
5.31269 -0.422478
5.31891 -0.439695
5.26438 -0.275101
5.25906 -0.256339
6.05241 2.46511
5.87156 2.46015
6.12579 2.45416
6.29319 2.40334
7.00857 -0.511002
6.94173 -0.606509
5.13098 1.15383
5.12807 1.11549
5.33035 -0.470745
5.363 -0.554851
5.50568 -0.828356
5.46 -0.755382
5.20594 1.60457
5.17307 1.44662
6.20252 -1.16795
6.22564 -1.16078
5.34505 1.99635
5.39311 2.08799
5.57341 2.31279
5.47913 2.21254
6.62992 -0.941705
6.6231 -0.947429
7.06606 1.63804
7.05273 1.663
5.82293 -1.13433
5.79872 -1.12087
7.16476 -0.212541
7.21578 -0.0799132
7.29859 0.238922
7.24455 0.00896879
5.17699 0.0962939
5.19677 -0.00412713
5.11741 0.6574
5.11575 0.774749
5.1385 0.357738
5.13575 0.381693
7.30616 0.291542
7.32672 0.490666
5.76751 2.43159
6.08003 2.46338
5.66939 2.38318
6.87192 -0.699433
6.7954 -0.784232
6.64263 -0.930529
7.06773 -0.409116
7.14227 1.4821
7.17089 1.41317
5.13167 1.16049
5.29674 -0.378496
5.41074 -0.658424
5.58932 -0.942246
5.62533 -0.984642
5.64056 -1.00139
5.16181 1.38342
5.24881 1.75235
5.26888 1.81357
6.39803 -1.09407
6.12742 -1.18096
5.3005 1.90013
5.44389 2.16448
6.44395 -1.06832
6.98758 1.77478
6.92778 1.8613
7.04272 1.68068
6.01101 -1.1844
5.90072 -1.16323
7.15596 -0.23244
7.24269 0.00252436
7.29882 0.240274
5.16933 0.140586
5.11781 0.644396
5.1354 0.385257
5.11838 0.632008
5.13557 0.383367
7.32741 0.507034
6.61895 2.19999
6.68412 2.14402
7.32536 0.687857
7.20957 1.30797
7.19554 1.3471
7.26516 1.12019
7.24595 1.18965
7.27504 1.07368
5.25017 -0.226787
5.23622 -0.174055
6.69527 2.13305
6.85939 1.95327
6.88815 1.91641
7.32318 0.741994
5.11538 0.789168
5.11622 0.890964
6.31337 2.39426
6.91307 1.8819
7.22272 1.2673
6.33437 2.38383
6.36899 2.36769
7.1776 1.397
7.3238 0.732552
6.89726 1.90436
5.22831 -0.143607
5.21024 -0.0712676
