6.40978 2.23813
6.37648 2.25552
5.78146 2.30703
5.77959 2.30631
7.1593 1.24108
7.16094 1.23596
5.19335 0.993435
5.19845 1.06822
5.44357 -0.524257
5.4179 -0.465943
5.53743 -0.699645
5.56007 -0.736169
5.47413 2.02895
5.45208 1.99191
5.92515 -1.04056
5.86219 -1.01383
6.1151 -1.06343
6.14788 -1.05919
7.11827 -0.135867
7.14948 -0.0524857
5.19445 0.545137
5.19943 0.476238
7.2528 0.432902
7.24323 0.345002
6.73884 1.97377
6.74557 1.96679
5.98384 2.35318
6.05414 2.35079
6.14049 2.33982
6.19436 2.32873
6.77295 -0.689547
6.81391 -0.642458
6.53116 -0.902586
6.46511 -0.943538
6.66492 -0.79696
6.65413 -0.807148
6.98851 -0.397511
6.95191 -0.456671
7.22995 0.950195
7.22574 0.974942
7.25308 0.760624
7.25846 0.69105
5.38172 -0.378549
5.36163 -0.320449
5.25261 1.44959
5.23264 1.34937
5.30749 1.66379
5.30437 1.65282
5.21391 1.22493
5.22475 1.30166
5.38117 1.85701
5.40238 1.90322
5.59784 2.18101
5.58485 2.16873
6.81344 1.8852
6.83542 1.85815
7.04445 1.52529
7.03995 1.53414
6.88413 1.79444
6.93689 1.71452
5.65419 -0.857743
5.67487 -0.877536
5.74057 -0.939635
5.82454 -0.996431
6.30959 -1.02029
6.23518 -1.04253
7.06231 -0.263999
7.06415 -0.260392
7.19626 0.102421
7.21402 0.175546
5.30139 -0.124509
5.30316 -0.131254
5.24237 0.139926
5.25584 0.0721919
5.18717 0.810103
5.18743 0.838206
5.21832 0.298517
5.2332 0.194349
7.25939 0.660713
7.26021 0.588537
7.12561 1.33629
7.13272 1.31633
7.20307 1.08303
7.1841 1.15616
7.21578 1.02851
7.20622 1.07114
7.22355 0.988114
7.24029 0.87856
5.28732 -0.0679225
6.58284 2.11859
6.60584 2.10041
6.7535 1.9577
6.74817 1.9639
6.65823 2.05255
6.62201 2.08577
5.38343 -0.383413
5.38589 -0.390206
6.84598 1.84449
6.87644 1.80529
5.31869 -0.185972
5.32119 -0.194598
6.35552 2.2663
6.32101 2.28235
7.24593 0.838562
5.27881 -0.0323026
5.27244 -0.00459733
5.18733 0.736233
5.18754 0.707899
6.51932 2.16821
6.49805 2.18234
5.75877 2.29452
5.88079 2.33917
6.86597 -0.578623
6.88621 -0.552761
6.64912 -0.811635
6.56319 -0.878802
5.20164 1.11021
5.18999 0.933013
5.4717 -0.58435
5.40276 -0.43076
5.59261 -0.780353
5.50924 -0.651414
5.27823 1.55787
5.26389 1.49846
5.42455 1.94498
5.49196 2.05609
5.67575 2.24667
5.65553 2.22969
6.99246 1.622
6.965 1.66903
5.8321 -1.00108
5.94895 -1.0463
6.21182 -1.04953
6.09629 -1.06282
7.10916 -0.158705
7.16181 -0.0153858
5.26277 0.0383985
5.19053 0.612251
5.20446 0.420734
7.23691 0.3003
7.25573 0.469771
5.92737 2.3466
6.08847 2.34949
6.21621 2.3213
6.30148 2.29134
6.41733 -0.971603
6.34802 -1.00327
5.68031 2.25007
6.73655 -0.727257
6.90423 -0.527894
7.01288 -0.35601
7.09137 1.42266
7.09645 1.41042
5.18801 0.874839
5.21162 1.20612
5.35351 -0.29653
5.38278 -0.381611
5.48854 -0.615465
5.6507 -0.854125
5.34352 1.76534
5.31401 1.68408
5.23069 1.33892
5.53201 2.10755
5.36434 1.81662
7.05876 1.49485
6.87799 1.80316
5.73104 -0.931221
6.01954 -1.06042
7.06466 -0.259314
7.18463 0.0587415
7.22256 0.217829
5.33403 -0.236026
5.23573 0.178317
5.18711 0.773061
5.21349 0.337037
5.18842 0.671804
7.26009 0.574056
6.54232 2.15055
6.56322 2.13452
7.25867 0.685399
7.10146 1.39835
7.15747 1.24715
7.1762 1.18382
5.30879 -0.153016
5.30415 -0.135459
7.24831 0.816539
6.44854 2.21376
6.48225 2.19267
