6.40904 2.2481
6.38065 2.26293
7.16537 1.2413
7.16838 1.2319
5.18721 0.997226
5.19179 1.06442
5.43697 -0.527905
5.40621 -0.458056
5.53024 -0.703616
5.55911 -0.750182
5.46689 2.03362
5.4373 1.98393
5.92435 -1.05212
5.90142 -1.04238
6.11435 -1.07435
6.11837 -1.07383
7.12579 -0.133654
7.15439 -0.0572417
5.18838 0.541687
5.19281 0.480324
7.25833 0.427396
7.24957 0.346866
6.73343 1.98926
6.74819 1.97393
5.98308 2.36346
6.07234 2.36041
6.11098 2.35551
6.19364 2.3385
5.77012 2.31306
5.77869 2.31728
6.77039 -0.703139
6.81894 -0.647327
6.52902 -0.913942
6.47142 -0.949652
6.68616 -0.786889
6.65934 -0.812201
6.99952 -0.392293
6.95677 -0.461379
7.23711 0.94306
7.23165 0.97516
7.26468 0.689626
7.25884 0.765143
5.37218 -0.372109
5.35422 -0.320181
5.64563 -0.862251
5.63705 -0.851419
5.24626 1.45369
5.22455 1.34475
5.30127 1.66781
5.2956 1.64781
5.20798 1.22877
5.22329 1.33716
5.37448 1.86133
5.40106 1.91926
5.58893 2.18677
5.58377 2.18189
6.81803 1.89056
6.84259 1.86034
7.04917 1.53081
7.04887 1.5314
6.94129 1.71966
6.88455 1.80561
5.73973 -0.951808
5.81368 -1.00182
6.30888 -1.03058
6.245 -1.04967
7.05532 -0.291333
7.06881 -0.2649
7.20315 0.104447
7.21919 0.170536
5.29325 -0.119016
5.29646 -0.131212
5.23976 0.118698
5.2497 0.0687061
5.18084 0.814006
5.18108 0.838356
5.2125 0.295211
5.2263 0.198609
7.26496 0.68458
7.26606 0.588752
7.13016 1.34161
7.14072 1.31197
7.18984 1.1586
7.19091 1.15464
7.21076 1.07883
7.19507 1.13932
7.21873 1.04465
7.21274 1.07138
7.22882 0.992246
7.24639 0.878785
5.28053 -0.0678803
6.58984 2.12311
6.60505 2.11108
6.76559 1.95399
6.7539 1.9676
6.66098 2.06006
6.62843 2.08991
5.37734 -0.386776
5.38474 -0.407261
6.85064 1.84993
6.87945 1.81284
5.31234 -0.189575
5.31379 -0.194552
6.35478 2.27623
6.32528 2.28995
7.25145 0.842896
5.27285 -0.0356913
5.26568 -0.00455536
5.18103 0.732651
5.18121 0.708049
6.51856 2.17838
6.50615 2.18662
5.87989 2.35007
5.80789 2.32678
6.88064 -0.571665
6.89146 -0.557842
6.64692 -0.823349
6.5689 -0.88433
5.19556 1.11396
5.18343 0.929269
5.47066 -0.599885
5.39606 -0.43446
5.58459 -0.784783
5.4943 -0.642122
5.27195 1.56192
5.25548 1.49366
5.41723 1.94971
5.49082 2.07005
5.66694 2.25236
5.61184 2.2061
6.99702 1.62732
6.97434 1.66616
5.83131 -1.01266
5.93302 -1.05421
6.21111 -1.05983
6.11204 -1.07428
7.11394 -0.16334
7.16901 -0.0132672
5.25482 0.0437645
5.18402 0.61627
5.19852 0.417358
7.24223 0.295004
7.26184 0.47157
5.91138 2.3551
6.0877 2.35984
6.22717 2.3271
6.30075 2.30125
6.41525 -0.98265
6.35655 -1.00948
5.67936 2.26163
6.74201 -0.732541
6.90109 -0.544551
7.01794 -0.360911
7.09575 1.42778
7.10286 1.41066
5.18171 0.878728
5.20473 1.20219
5.34401 -0.290123
5.37537 -0.381343
5.48126 -0.619481
5.6498 -0.867167
5.33674 1.76972
5.31316 1.70477
5.22424 1.34309
5.52402 2.11271
5.35339 1.8107
7.05014 1.52875
6.88256 1.80849
5.72167 -0.935869
6.01879 -1.07136
7.07252 -0.257
7.18967 0.0538593
7.22914 0.219765
5.32775 -0.239596
5.23001 0.175069
5.18078 0.773211
5.20674 0.341208
5.18218 0.668258
7.26589 0.568286
6.54911 2.15493
6.57686 2.13364
7.26492 0.68563
7.10987 1.39377
7.16202 1.25246
5.30663 -0.170562
5.29824 -0.138815
7.25502 0.809852
6.45675 2.2181
7.2649 0.686342
6.4862 2.19968
