5.87864 2.25536
5.78668 2.21999
6.79269 -0.584748
6.77521 -0.604983
6.54773 -0.814625
6.61023 -0.764645
7.10913 1.23923
7.09936 1.26951
5.23892 0.965297
5.24085 0.993628
6.92216 1.64489
6.90332 1.67533
5.93105 -0.954756
5.9189 -0.949596
6.12068 -0.982363
6.14769 -0.978863
5.23953 0.570751
5.24855 0.445908
6.20001 2.25247
6.26317 2.23091
6.41545 2.16155
6.45181 2.13851
6.31962 -0.939838
6.41365 -0.897448
5.99001 2.27423
5.9041 2.26086
6.90303 -0.438044
6.91492 -0.420858
5.26124 1.1953
5.2496 1.09742
7.1715 1.00838
7.1787 0.973209
5.49446 -0.49616
5.51221 -0.529595
5.59428 -0.668249
5.56745 -0.628909
5.35756 1.63144
5.38055 1.6963
5.2998 1.4191
5.29274 1.38368
5.53168 1.99176
5.58841 2.06552
5.43339 1.82328
5.41257 1.77901
5.66396 2.13829
5.59287 2.07106
6.77935 1.8454
6.78221 1.84187
7.00937 1.48434
6.97376 1.55443
5.74707 -0.845216
5.72397 -0.823108
7.14407 0.0870586
7.11183 -0.0160372
7.05759 -0.153728
7.02562 -0.223079
5.39773 -0.262556
5.41456 -0.307822
5.34421 -0.0849897
5.33958 -0.0682472
5.30138 0.0980677
5.28964 0.157108
5.23409 0.781131
5.23462 0.83709
5.24865 0.444965
5.26303 0.323924
7.20987 0.475642
7.21313 0.578321
7.17476 0.213769
7.19522 0.330869
7.14597 1.11413
7.13553 1.15437
7.09031 1.29508
7.06862 1.35124
7.1919 0.898198
7.15784 1.06936
7.19498 0.87689
6.71061 1.92255
6.64323 1.99151
6.53088 2.08506
6.53592 2.08108
6.76978 1.85697
6.6378 1.99682
6.63435 1.99999
6.48357 2.11706
6.50333 2.10466
6.81141 1.80413
6.82317 1.789
5.36576 -0.159223
5.37615 -0.19494
7.20291 0.804814
7.20892 0.740374
7.19617 0.868449
5.32308 -0.00714832
5.32257 -0.00490883
5.23413 0.762823
5.23454 0.706787
5.75673 2.20303
5.88743 2.2582
6.74734 -0.634872
6.84725 -0.515043
6.6671 -0.716187
6.51771 -0.834771
5.24796 1.0816
5.23867 0.960801
5.47962 -0.466343
5.45249 -0.403297
5.65216 -0.747471
5.64241 -0.734231
5.32529 1.52746
5.32749 1.53476
5.4789 1.90986
5.50089 1.94735
6.89277 1.69118
6.95861 1.58247
5.8383 -0.911075
5.95608 -0.960798
6.2173 -0.969799
6.0804 -0.981056
7.10617 -0.0317621
7.07133 -0.122078
5.32179 -0.00143336
5.23884 0.582418
5.24856 0.445793
7.19656 0.340481
7.20851 0.455872
6.06422 2.27384
6.09415 2.27271
6.11652 2.26855
6.30709 2.21563
6.4331 -0.887926
6.2781 -0.952392
5.68783 2.15843
6.69604 -0.688031
6.92841 -0.399499
6.97531 -0.319632
5.23476 0.845972
5.26741 1.23797
5.43026 -0.34833
5.4444 -0.383842
5.54253 -0.585648
5.65756 -0.754338
5.39382 1.73284
5.32111 1.51142
5.27855 1.308
5.5913 2.06924
5.45553 1.86585
7.03834 1.42272
6.84285 1.76213
7.04853 1.40009
5.81008 -0.891988
6.02525 -0.977476
6.99702 -0.279224
7.14653 0.0956239
7.1725 0.203094
5.38067 -0.209529
5.32547 -0.0171647
5.35746 -0.131591
5.2815 0.204325
5.23407 0.77195
5.26569 0.304806
5.23475 0.698129
7.21319 0.620751
7.21136 0.683655
7.05666 1.38214
6.5709 2.05279
6.52513 2.08973
6.34439 2.19843
7.20981 0.726676
7.12115 1.20475
6.38227 2.17869
6.39922 2.17046
