6.05425 -2.74797
6.00097 -2.78805
4.5757 -1.51946
4.54826 -1.39733
8.06365 -0.282028
8.07461 -0.246184
8.18002 0.424778
8.18046 0.439256
4.22403 1.35829
4.22106 1.32011
4.21383 0.850303
4.21322 0.816674
6.85424 3.32551
6.83074 3.34494
4.33931 -0.445762
4.35602 -0.535917
4.27802 2.05972
4.27898 2.06806
4.26068 1.90172
4.25235 1.80877
4.86184 -2.72507
4.84901 -2.67242
4.84236 -2.64802
4.82862 -2.58493
4.24356 0.230504
4.24099 0.257555
7.84843 -0.827214
7.87028 -0.782947
5.39075 -3.18211
5.40323 -3.17389
6.43555 3.63623
6.39971 3.65792
7.85254 2.00099
7.87615 1.94823
4.35991 2.61456
4.34349 2.51348
4.79248 -2.42457
4.79458 -2.43745
7.14572 3.05105
7.2131 2.98034
8.13096 1.10413
8.11914 1.16993
5.20411 -3.25498
5.25113 -3.24465
5.16696 -3.26423
5.11492 -3.25997
7.46317 2.67279
7.49566 2.62917
7.64882 -1.17683
7.64346 -1.18501
7.65848 2.37752
7.67156 2.35442
4.67279 3.55657
4.74448 3.65748
5.53455 -3.09876
5.59919 -3.05952
8.01735 1.5754
7.99347 1.64741
5.88854 -2.86671
5.84386 -2.89769
8.18251 0.575339
8.18009 0.659264
5.04435 -3.22031
5.05019 -3.22367
4.95412 -3.05425
4.93642 -2.99887
4.89316 -2.85183
4.89858 -2.86764
4.66932 -1.91148
4.68676 -1.98683
5.64061 -3.03259
5.60278 -3.0575
4.98236 -3.11972
4.96382 -3.07364
4.60291 -1.63155
4.59544 -1.60054
6.6491 3.4892
6.61747 3.5119
6.01788 3.85062
6.04888 3.83832
5.77116 3.93494
5.69912 3.95036
6.26888 3.73381
6.26906 3.73372
4.42849 2.93805
4.42511 2.92297
7.10339 3.09484
7.29061 2.89265
7.25392 2.93481
7.54541 -1.32821
7.57317 -1.28892
7.03299 -1.92342
7.07335 -1.88336
6.87049 -2.08048
6.88237 -2.06988
6.65845 -2.26794
6.66381 -2.26316
6.41636 -2.46837
6.40416 -2.47861
4.64115 -1.79284
4.64666 -1.81615
7.9713 -0.551844
7.95393 -0.596215
7.71927 -1.06293
7.75659 -0.999127
4.50776 3.20399
4.4965 3.17268
6.13464 -2.68771
6.12448 -2.69579
6.95584 3.23593
7.00881 3.18621
4.29752 2.20437
4.31011 2.29061
7.16722 -1.78347
7.22585 -1.71988
4.52914 -1.31392
4.54157 -1.36658
4.59099 -1.58302
4.46443 -1.03965
4.46513 -1.04284
4.21328 1.00714
4.21308 0.977304
4.23064 1.50411
4.22963 1.48571
4.38029 -0.654408
4.36677 -0.590154
4.22441 0.488677
4.22583 0.464923
5.49668 3.97735
5.4598 3.9794
5.38744 3.97793
5.40964 3.97845
4.31447 2.31427
4.31807 2.34193
4.26469 0.0221411
4.26563 0.0142846
4.30466 -0.253429
4.29978 -0.223607
5.4632 -3.14107
5.42754 -3.16143
5.36233 -3.19542
7.93513 1.80608
7.95978 1.74188
7.75726 2.19709
7.78454 2.14383
4.36055 2.61814
4.37966 2.71936
4.93518 3.8346
4.90746 3.81618
5.02685 3.88858
5.08677 3.91509
5.09263 3.91749
5.1578 3.93984
5.34026 3.97412
5.30023 3.97016
4.80963 -2.49674
4.77753 -2.35979
8.08099 1.34761
8.054 1.45322
7.36741 2.79994
7.43054 2.71845
7.49592 2.6288
7.55721 2.53973
6.95323 -2.00225
6.97835 -1.97863
7.61793 2.44489
7.63214 2.42158
4.58006 3.3844
4.55546 3.33034
4.63809 3.49803
4.6238 3.47418
4.5336 3.27429
4.5532 3.32458
4.727 -2.14894
4.72614 -2.14518
4.76192 -2.29353
4.75981 -2.28341
5.76742 -2.9493
5.80266 -2.92558
5.75953 -2.95527
5.74527 -2.96552
4.70833 -2.0767
4.70503 -2.06317
8.08383 -0.213015
8.01421 -0.436445
7.99742 -0.482564
8.16314 0.210321
8.16499 0.227773
8.13832 0.0264041
8.13928 0.0327488
6.69694 3.45235
6.72572 3.43032
6.91018 3.27644
6.93304 3.25636
5.99387 3.86083
5.89197 3.89879
5.86672 3.90746
5.81738 3.9216
5.65775 3.95967
4.26342 1.93133
4.26356 1.93249
4.29274 2.17198
6.21309 3.76253
6.19711 3.77002
6.5058 3.59021
6.49068 3.60071
4.40334 2.83124
4.41522 2.88285
4.44075 2.98556
7.23096 2.96083
7.30145 2.88034
6.78509 -2.15818
6.78556 -2.15778
7.11048 -1.84414
4.66277 3.54217
8.17571 0.732482
8.17281 0.772657
6.7267 -2.20851
6.72208 -2.21259
6.60245 -2.31507
6.48949 -2.40909
6.46771 -2.42718
6.36606 -2.50843
6.34064 -2.5289
4.64879 -1.82639
4.62383 -1.71812
4.49178 -1.15654
4.49475 -1.16898
4.23656 1.60157
4.23737 1.61401
4.22055 0.569138
4.21941 0.595329
7.44809 -1.45981
7.45112 -1.45601
7.35261 -1.5769
7.36398 -1.56356
4.41643 -0.82078
4.40987 -0.790424
4.44092 -0.93314
4.4374 -0.916634
4.21421 1.07501
4.21475 1.1043
6.15174 -2.67468
6.21437 -2.62691
8.03857 -0.363864
4.85517 3.77455
4.83602 3.75663
8.17266 0.312302
8.17926 0.40847
4.21593 0.723301
4.21419 0.757497
7.05676 3.14096
7.0323 3.16421
6.75198 3.40982
6.80608 3.36511
4.27691 2.05238
4.27077 1.99611
5.32578 -3.21329
5.32078 -3.21627
6.33542 3.69631
6.32974 3.69981
8.16288 0.874137
8.16615 0.846018
8.1504 0.976894
8.16017 0.90178
4.48929 3.15251
4.47613 3.11044
5.68058 -3.00687
8.10992 -0.111828
6.54557 3.56337
6.58117 3.53771
5.63908 3.96285
7.30179 -1.6359
7.25024 -1.69371
5.94537 -2.82703
5.93422 -2.83448
8.13741 0.0211571
8.13048 -0.0131169
4.66526 -1.89693
4.65474 -1.85436
4.21889 1.2313
4.21909 1.26834
4.24732 1.74717
4.24692 1.74169
4.77609 -2.35248
7.32946 2.84547
7.36133 2.80752
4.51842 3.23482
4.52545 3.25503
4.75289 3.66818
4.764 3.6803
6.55013 -2.35921
6.5411 -2.367
6.10364 3.81427
6.126 3.80385
4.22047 1.2948
4.22517 1.39887
4.21405 0.786803
4.21298 0.883796
4.35884 -0.550628
4.32973 -0.394318
5.5508 3.97404
5.54764 3.9744
4.86728 -2.75255
4.84459 -2.65543
4.81773 -2.54283
4.81258 -2.51448
4.27305 -0.0427171
4.28143 -0.105382
4.23419 0.345452
4.25248 0.135452
7.90365 -0.711223
7.81478 -0.892625
5.31647 -3.21899
7.89537 1.90339
7.83128 2.04729
4.33855 2.47953
4.36036 2.61718
4.4578 3.0498
4.45725 3.04809
5.22761 3.95758
5.26334 3.96386
8.14232 1.03418
8.10771 1.22758
5.18445 -3.26156
5.29662 -3.22819
5.08696 -3.2518
7.319 -1.61638
4.60749 3.44073
4.58813 3.40349
5.60074 -3.05869
5.50378 -3.11545
4.88272 -2.80567
5.0409 -3.21665
4.91602 -2.9322
4.90818 -2.90172
4.92118 -2.95364
4.95877 -3.06432
5.65478 -3.02296
4.99856 -3.14696
5.00887 -3.17329
7.78686 -0.944474
7.92241 -0.669302
7.69553 -1.10226
7.59671 -1.25438
7.49394 -1.40062
8.18298 0.553465
6.27713 -2.57887
6.29025 -2.56808
6.24987 -2.60033
4.47854 -1.10106
4.47968 -1.10592
4.24129 1.67027
4.24236 1.68553
7.40132 -1.51821
7.40801 -1.51009
5.9846 -2.79974
5.97305 -2.80757
6.08207 -2.72791
4.50524 -1.21186
4.51423 -1.24943
4.47004 -1.06474
4.45123 -0.979737
4.21319 0.943692
4.21355 1.0408
4.22761 1.44329
4.23324 1.54986
4.3203 -0.340599
4.38532 -0.679355
4.22856 0.420874
4.22219 0.530133
5.44231 3.97914
5.55525 3.97344
5.37576 3.97745
4.28274 -0.114455
5.4643 -3.14051
5.41919 -3.16567
7.80655 2.09888
7.91903 1.84649
7.97188 1.70905
7.73602 2.23798
4.32785 2.40902
4.38845 2.76042
4.87253 3.78847
4.96575 3.85494
5.00714 3.87801
5.09087 3.91688
5.19986 3.95064
8.08994 1.30946
8.05095 1.46436
7.55842 2.53791
7.6147 2.45009
7.43227 2.71618
7.49317 -1.40165
7.49346 -1.40128
7.70992 2.28601
4.55486 3.32874
4.70865 -2.07809
4.74321 -2.21432
4.74462 -2.22097
8.02829 1.54146
5.90911 -2.85279
8.16973 0.275235
8.15773 0.161261
5.88322 3.90214
6.05219 3.83683
4.40239 2.82729
4.42024 2.90331
6.77857 -2.16383
6.66872 -2.25892
6.53126 -2.37551
6.42832 -2.45887
6.30345 -2.55792
4.21828 0.63287
4.45485 3.03948
4.40412 -0.764644
4.42351 -0.853533
4.42859 -0.877018
4.21582 1.13944
8.18297 0.547163
4.21698 1.19548
4.21623 0.687922
5.48296 -3.12858
6.46225 3.61896
7.94087 -0.627072
4.25208 1.80529
4.39632 -0.727312
5.88679 3.90078
8.02342 1.55708
5.83431 -2.90396
8.15587 0.146042
8.11312 -0.0982645
6.1442 3.79521
4.26371 1.93379
6.32475 3.70279
4.80462 3.72572
4.39616 2.79762
6.38923 3.66421
6.27078 3.73278
