6.40186 0.987183
6.40904 0.976247
6.04743 1.00488
6.11743 1.07088
5.97056 0.792166
5.96372 0.72258
6.1434 1.09287
6.15678 1.0933
6.07112 0.307016
6.0954 0.273873
6.489 0.776161
6.483 0.804593
6.49552 0.54936
6.49252 0.520357
5.97333 0.537607
5.98154 0.487101
6.39217 0.298772
6.35811 0.26062
6.32018 1.056
6.41358 0.967852
6.1373 1.08874
6.02388 0.974034
5.96242 0.672553
5.98592 0.865598
6.50399 0.669442
6.49961 0.720564
6.01443 0.390575
6.00513 0.410136
6.45845 0.400379
6.44044 0.364913
6.26977 1.09054
6.45635 0.872821
5.99679 0.903866
5.96734 0.594267
6.46297 0.41556
6.5048 0.652757
6.02888 0.366532
6.34659 0.255061
6.29846 0.22231
6.15075 0.2367
6.19609 0.212786
6.28536 0.220275
