7.28063 1.51729
7.29152 1.48979
7.46373 0.675228
7.46656 0.596142
7.42409 1.03071
7.43314 0.985443
5.08631 -0.199374
5.08404 -0.189605
5.15362 -0.452296
5.16645 -0.494571
5.38452 -1.00644
5.34832 -0.943397
5.49378 -1.16846
5.52743 -1.2105
5.088 1.8056
5.08418 1.78962
5.44607 2.50889
5.42423 2.48484
5.89207 -1.43009
5.87496 -1.42609
5.15032 2.00616
5.1825 2.09338
7.24265 -0.390873
7.22885 -0.419848
5.75242 2.68516
5.77363 2.68872
6.46844 -1.27988
6.51648 -1.2483
6.16936 2.66639
6.19641 2.65655
6.408 2.5626
6.43074 2.55006
7.14708 -0.568327
7.11756 -0.617053
5.55194 2.59473
5.62937 2.63908
7.46077 0.741307
7.46261 0.718546
5.21934 -0.648077
5.18862 -0.56311
5.29546 -0.833259
5.32688 -0.899549
5.03985 1.58705
5.0231 1.49225
5.00412 1.36048
5.01041 1.40802
4.98554 1.16472
4.97916 1.07342
5.32246 2.3581
5.36136 2.41338
6.07903 -1.43146
6.06326 -1.43238
6.27212 -1.37894
6.29784 -1.36725
5.22626 2.18909
5.1875 2.10488
6.91184 -0.895625
6.85465 -0.958698
6.7029 -1.10617
6.67778 -1.12832
5.71131 -1.36476
5.63612 -1.3132
7.29702 -0.267964
7.27875 -0.312026
7.36993 -0.0617943
7.3893 0.00583987
7.42673 0.170257
7.44015 0.247125
5.04959 -0.02299
5.05818 -0.0664987
4.97248 0.877401
4.97301 0.908429
4.97441 0.680433
4.97349 0.712961
4.9904 0.40953
4.98678 0.452038
5.02788 0.0987837
5.01538 0.183205
5.88873 2.70379
5.95861 2.70378
6.98928 -0.800788
6.93673 -0.86707
7.32244 1.40795
7.34736 1.33384
7.40542 1.1214
7.39948 1.15066
7.46389 0.486527
7.45837 0.402002
7.46457 0.508784
7.46637 0.578812
5.09852 -0.253647
5.12487 -0.352138
7.44014 0.934385
7.43452 0.977271
6.75378 2.30403
6.76426 2.29376
6.57986 2.45123
6.61078 2.42711
6.9132 2.13087
6.89102 2.15771
7.01642 1.99786
6.99797 2.02344
6.32043 2.60693
6.35373 2.59156
6.43922 2.54524
6.4816 2.51936
5.13942 -0.403948
4.97359 0.94001
4.97511 1.0063
4.97178 0.808888
7.37396 1.24721
7.39336 1.17434
5.16872 -0.501977
5.17855 -0.534089
6.83799 2.21892
6.83437 2.2228
7.05638 1.93887
7.09315 1.88158
7.30749 -0.241671
7.3239 -0.199334
7.31893 1.41862
4.99168 1.24369
4.98893 1.21025
7.45484 0.818827
7.45347 0.834286
5.09788 -0.251005
5.09776 -0.250498
4.9944 0.366419
4.99881 0.321449
4.97691 0.616668
4.97836 0.582542
7.22049 1.65212
7.22185 1.64933
7.16958 1.75009
7.16311 1.76217
5.04343 0.0102721
5.03408 0.0601165
4.97182 0.778153
7.07715 -0.680469
7.0537 -0.714923
7.25652 1.57385
7.31475 1.43078
7.4665 0.593853
7.4634 0.692944
7.43356 0.982602
7.41936 1.05818
5.07476 -0.147737
5.3373 -0.921335
5.43248 -1.08574
5.55945 -1.24338
5.43679 -1.0927
5.06246 1.69727
5.09758 1.8411
6.66646 2.38242
6.68982 2.36192
5.38 2.43617
5.45542 2.51814
6.17485 -1.41157
6.12327 -1.42266
5.80124 -1.40604
5.90938 -1.43136
5.18512 2.09967
5.12999 1.94591
6.74565 -1.06718
6.78143 -1.03405
7.21061 1.67199
7.19307 1.70593
7.22495 -0.427466
7.2754 -0.319658
7.40186 0.0552708
7.41761 0.123684
4.9723 0.746996
5.0006 0.304896
5.01317 0.19969
5.74568 2.68323
5.85504 2.70218
6.56743 -1.214
6.40459 -1.31586
6.99064 2.03308
6.9457 2.09136
6.06307 2.69244
6.04934 2.69396
6.09031 2.68609
6.27659 2.6275
7.03052 -0.746599
7.17757 -0.515462
7.24429 1.60121
7.25028 1.58776
5.65093 2.6496
5.52375 2.57432
7.45992 0.755792
5.2508 -0.731037
5.18443 -0.551317
5.2558 -0.74398
5.43493 -1.08978
5.26221 -0.759919
5.61993 -1.30109
5.02015 1.47495
5.05036 1.63907
5.11836 1.91081
5.00288 1.34946
5.2716 2.27821
5.98478 -1.43761
6.18831 -1.40694
6.37071 -1.33462
5.73423 -1.37613
5.26972 2.27513
5.27051 2.2765
6.80368 -1.01258
6.92457 -0.881334
6.61869 -1.17483
7.14313 1.79791
7.11427 1.84707
7.19842 -0.478001
7.30196 -0.255835
7.33054 -0.181055
7.35601 -0.107193
7.44525 0.283375
5.06504 -0.10184
5.04586 -0.00318944
4.97552 0.647761
4.9799 0.553318
4.98472 0.47829
4.99239 0.386753
5.03353 0.063423
7.45626 0.378743
7.39586 1.16396
7.41067 1.09992
7.46444 0.499145
7.37303 1.25041
7.41469 1.07883
7.444 0.910414
6.80616 2.25164
6.52668 2.48904
6.82963 2.22779
6.84746 2.20854
7.04699 1.95344
6.49386 2.51191
7.45247 0.844016
6.29797 2.61786
7.36816 1.26643
6.38477 2.57589
7.34913 1.32842
