7.51792 0.0294656
7.51816 0.0304947
7.49277 1.25337
7.49155 1.25816
6.73889 2.50503
6.73576 2.50775
4.85267 0.780475
4.85123 0.82153
7.15615 -0.787522
7.1498 -0.796917
6.93219 -1.07148
6.96997 -1.02899
7.17934 1.97521
7.19624 1.9481
6.32908 2.78437
6.32292 2.78776
7.54216 0.149776
7.55104 0.201808
7.48708 -0.0871171
7.48705 -0.0872417
7.32114 -0.506999
7.32043 -0.508479
7.36587 1.61681
7.33921 1.67687
7.43331 1.44285
7.40952 1.50779
5.53759 2.83012
5.54633 2.83368
5.3709 2.70942
5.43183 2.76303
5.50634 -1.47815
5.44712 -1.41396
4.86007 1.13392
4.86372 1.19823
4.88272 1.41101
4.88541 1.43594
5.62762 -1.57265
5.68131 -1.60455
5.03628 -0.52327
5.04388 -0.550529
5.0954 -0.716517
5.11151 -0.76298
5.51702 -1.4897
5.58556 -1.54642
5.24188 -1.0852
5.24384 -1.08894
5.16394 -0.905883
5.15494 -0.883772
5.3346 -1.25636
5.32755 -1.24526
4.9643 1.88552
4.98701 1.97693
4.91903 1.66511
4.92545 1.69901
4.90115 0.118103
4.89815 0.14013
4.87079 0.389275
4.86763 0.419905
4.8538 0.68943
4.85492 0.650137
4.85169 0.869962
4.85256 0.951225
5.28075 2.61262
5.34192 2.68363
5.173 2.45188
5.15741 2.4239
5.08858 2.2765
5.10467 2.31229
6.05491 -1.64393
5.9961 -1.65116
6.24882 -1.58411
6.2342 -1.58926
5.86652 -1.65509
5.89462 -1.65597
5.02123 2.08957
4.99355 2.00016
6.82645 -1.18148
6.87197 -1.13678
7.29507 -0.556593
7.29192 -0.562565
6.15672 2.85476
6.11107 2.86728
5.97655 2.89645
5.9466 2.90066
5.66109 2.87779
5.73961 2.89524
6.64423 -1.3435
6.65631 -1.33353
6.44537 -1.48299
6.45053 -1.47963
7.57583 0.416571
7.57385 0.387428
7.58245 0.600799
7.58246 0.599648
6.61632 2.60498
6.58383 2.62985
7.56286 0.890448
7.55967 0.917606
4.99255 -0.359968
4.98207 -0.314957
4.93863 -0.106868
4.9466 -0.147853
7.07015 -0.904152
7.09882 -0.867557
7.16371 -0.776193
7.21366 -0.697582
7.54078 1.03501
7.53563 1.06586
6.91493 2.32905
6.87888 2.36771
7.11903 2.06776
7.10315 2.09131
6.97373 2.26041
7.00036 2.22827
7.46812 -0.146204
7.45158 -0.198345
7.43205 -0.252215
7.44913 -0.205239
7.39017 -0.357313
7.40387 -0.324759
7.32232 -0.504603
7.40072 1.53114
7.44027 1.4231
4.85637 1.07734
4.86917 1.27109
4.87877 0.300262
4.87377 0.350875
4.8644 0.461419
4.86732 0.423711
4.853 0.715319
4.85363 1.00117
6.53113 2.66621
6.56563 2.64346
7.52286 1.12573
7.52871 1.10061
7.56928 0.837647
7.57561 0.763005
4.97743 -0.294621
5.00717 -0.417131
7.23946 1.87435
7.24354 1.86713
7.37608 1.59239
7.46418 1.35255
7.44649 1.40537
4.85584 1.04005
5.01488 -0.445852
6.42529 2.73329
6.43136 2.72965
4.87126 1.29627
4.8522 0.740169
4.86253 0.485981
4.86237 0.488394
7.52964 0.0870482
7.51768 0.0283859
5.43902 2.76857
5.53551 2.829
5.4223 -1.38442
5.38804 -1.33676
4.87318 1.31789
7.58007 0.682958
7.57986 0.697237
4.95967 -0.211288
4.96693 -0.245761
5.07212 -0.647214
5.0633 -0.618205
5.20221 -0.995931
5.1713 -0.923306
4.94034 1.77618
4.95594 1.84766
6.48738 2.69607
6.49554 2.6907
6.70899 2.53043
6.80916 2.43892
5.22359 2.53431
5.19282 2.48411
6.1512 -1.61986
6.12234 -1.6268
7.1135 -0.846744
7.1586 -0.784004
7.00617 -0.986464
6.90048 -1.10662
6.2412 2.82406
6.26276 2.81573
5.84269 2.90471
5.91111 2.90211
6.54425 -1.4181
6.55695 -1.40873
7.05581 2.15792
7.05356 2.16095
7.58023 0.509096
7.57977 0.492525
6.27157 2.81156
6.37759 2.75951
7.24546 -0.644676
7.26896 -0.603938
7.56195 0.275555
7.32873 1.69979
5.63742 2.87101
5.34488 2.68656
7.5676 0.322614
5.51434 -1.48696
5.34559 -1.27273
4.89966 1.54824
5.84285 -1.65072
5.77291 -1.63842
5.70349 -1.61325
5.59264 -1.55201
7.57905 0.71799
5.0583 -0.601114
5.02695 -0.48952
5.12943 -0.813765
5.28707 -1.17143
5.24007 -1.08158
4.90024 1.55243
4.9004 1.55346
4.99135 1.99287
4.91772 0.00675035
4.88576 0.239267
5.24843 2.57098
5.12853 2.36561
5.06972 2.23052
5.95994 -1.65628
6.33651 -1.54295
6.34763 -1.53787
5.04289 2.15472
6.758 -1.24683
7.02671 -0.96132
7.3175 -0.514219
4.91938 -0.0035308
4.91919 -0.00240228
4.91906 -0.00161962
6.26661 2.81401
6.05132 2.88335
5.79931 2.90203
6.41449 -1.50052
6.74538 -1.25858
6.74966 -1.25466
7.58237 0.606206
6.57496 2.63639
6.65195 2.57839
7.51386 1.16831
7.51593 1.16027
6.47986 2.701
7.03602 -0.949263
7.47194 1.32651
7.50115 1.22045
7.51246 1.17446
7.53192 1.08315
7.54889 0.992703
6.82654 2.42211
6.65768 2.57357
6.94526 2.29436
7.15067 2.02033
7.05261 2.16217
7.42722 -0.264855
7.41165 -0.305264
7.3783 -0.385105
4.88068 0.281373
4.87276 0.361821
4.8558 0.612166
4.85832 0.556142
7.56894 0.841327
7.55154 0.976138
7.27887 1.80149
7.28189 1.79567
5.7467 -1.63024
4.88347 0.258767
5.05252 2.18495
7.30913 1.74144
7.49379 1.24962
7.20711 1.92976
4.85541 0.623184
7.30481 1.75056
7.56872 0.843655
7.26975 1.81855
7.3679 -0.408617
7.35059 -0.445879
4.86081 0.51974
4.85872 0.548814
