6.40487 2.30446
6.40419 2.30482
7.1997 1.24257
7.21048 1.20897
5.1525 1.01866
5.15416 1.04294
7.28809 0.817403
7.29068 0.790125
5.37848 -0.500543
5.39961 -0.548531
5.48958 -0.726065
5.52352 -0.78081
5.21097 1.47649
5.21651 1.50212
5.42595 2.06007
5.39392 2.00627
5.54354 2.21609
5.57804 2.25173
7.16832 -0.121138
7.18216 -0.0841317
5.22566 0.00387205
5.21485 0.0589932
5.15404 0.522178
5.1554 0.503425
7.28959 0.396267
7.28536 0.357403
6.70283 2.07681
6.763 2.01433
5.98729 2.42127
5.97877 2.42156
6.18955 2.39372
6.15047 2.40176
5.70783 2.34617
5.77366 2.37862
6.79467 -0.735432
6.84737 -0.674853
6.51693 -0.978142
6.50713 -0.98422
6.75649 -0.776911
6.68885 -0.840769
7.02496 -0.422219
6.98426 -0.487995
7.27763 0.902719
7.2651 0.976393
5.31823 -0.335697
5.31234 -0.318664
5.6006 -0.887115
5.55375 -0.827953
5.26615 1.6905
5.24601 1.6195
5.17442 1.25045
5.18452 1.3219
5.33665 1.88578
5.36337 1.94401
6.844 1.92088
6.85561 1.90658
6.96617 1.7487
6.93978 1.78867
7.07319 1.55884
7.09288 1.5179
5.92006 -1.11455
6.0032 -1.131
5.735 -1.02063
5.75226 -1.03231
6.11032 -1.13286
6.02564 -1.13277
6.30488 -1.08874
6.3005 -1.09005
7.05453 -0.369961
7.09513 -0.290386
7.24206 0.115901
7.24845 0.142212
5.24724 -0.0879633
5.25856 -0.130976
5.14511 0.836072
5.14514 0.839206
5.1796 0.276518
5.18729 0.222696
6.62656 2.14681
6.60072 2.16957
7.29841 0.651277
7.29911 0.589971
7.1697 1.333
7.18597 1.28732
7.21621 1.18939
7.23161 1.13247
7.25859 1.01561
7.2809 0.880056
5.27867 -0.208709
5.26821 -0.170539
5.24219 -0.067642
6.54585 2.21092
6.57551 2.18891
6.83395 1.93303
6.78629 1.98849
6.67654 2.1025
6.66473 2.11334
5.34291 -0.405791
5.35563 -0.441025
6.35063 2.33236
6.34944 2.33291
7.28269 0.867403
5.23913 -0.0548502
5.2275 -0.00431811
5.14539 0.712398
5.14541 0.708895
5.29259 -0.259525
5.29202 -0.257532
5.87532 2.40935
5.96766 2.42026
6.63444 -0.889579
6.60118 -0.91558
6.95039 -0.538591
6.91854 -0.584062
5.16116 1.1352
5.14636 0.908104
5.42085 -0.593892
5.36046 -0.454117
5.54105 -0.808822
5.46493 -0.683869
5.23647 1.58485
5.20923 1.46726
5.3779 1.97512
5.47244 2.13082
5.61713 2.28455
5.48441 2.14816
7.02601 1.65032
7.02394 1.65419
5.8268 -1.07812
5.85811 -1.09139
6.2071 -1.11805
6.17819 -1.12241
7.14101 -0.189545
7.2097 -0.00128942
5.21226 0.0724907
5.14722 0.638992
5.16493 0.398272
7.27231 0.265059
7.2964 0.481741
5.83165 2.39749
6.0836 2.41522
6.28912 2.35988
6.2966 2.35725
5.674 2.32701
6.77151 -0.761102
6.88531 -0.628331
6.41387 -1.03901
7.04522 -0.387322
7.12053 1.45671
7.13909 1.412
5.1461 0.900715
5.16582 1.17998
5.29522 -0.268278
5.33349 -0.379827
5.4431 -0.640552
5.64483 -0.939312
5.19094 1.36461
5.2944 1.77837
5.29946 1.79381
6.4036 -1.04497
6.38202 -1.05459
5.30743 1.81564
5.4795 2.14147
6.40466 -1.04438
7.01382 1.67157
6.90664 1.83661
7.02239 1.65694
5.66872 -0.96215
6.01456 -1.13281
7.11696 -0.243919
7.21818 0.0262562
7.26633 0.230712
5.19769 0.156703
5.14501 0.774057
5.16854 0.364791
5.14689 0.648208
7.29865 0.535663
6.58751 2.1797
6.6473 2.12912
7.29711 0.686816
7.18771 1.28245
7.15714 1.36801
7.24221 1.09339
7.24653 1.07263
7.25349 1.04213
5.29108 -0.254394
5.26484 -0.157794
6.51433 2.2355
7.29221 0.77283
6.88126 1.87217
6.50315 2.24266
7.15585 1.37161
7.29627 0.710954
6.87604 1.87959
6.50848 2.23933
