6.2268 -2.5164
6.14758 -2.57274
4.67886 -1.62891
4.68079 -1.63587
7.97728 -0.360103
8.00807 -0.259459
4.91808 3.66661
4.84897 3.59924
4.72926 -1.82037
4.73821 -1.85405
4.28929 1.35821
4.28528 1.30671
4.27694 0.970086
4.27697 0.977229
4.27857 0.850227
4.27756 0.794231
4.29383 1.46734
4.29498 1.48601
5.79034 3.8315
5.75532 3.83978
4.29109 0.447727
4.29003 0.463878
4.34944 2.06046
4.35577 2.11575
4.94268 -2.54275
4.93622 -2.52372
4.33595 -0.0216247
4.32716 0.0491169
7.77446 -0.841973
7.82811 -0.733256
4.54881 3.04487
4.56928 3.10366
5.02705 3.74736
5.03612 3.75232
5.21709 3.83156
5.25622 3.84163
4.89148 -2.38945
4.91043 -2.44884
7.12303 2.9823
7.16211 2.94129
7.41559 2.63532
7.42278 2.62567
6.95831 -1.9086
6.9442 -1.92206
7.25973 -1.59055
7.22128 -1.6337
4.6574 3.31199
4.63447 3.26567
5.55326 -2.91991
5.49252 -2.9437
4.80966 -2.11528
4.83408 -2.19448
8.1198 0.675754
8.11917 0.697554
5.28255 -2.97067
5.34592 -2.9751
4.98054 -2.64469
5.00447 -2.6974
5.05382 -2.79664
5.06221 -2.80802
5.25476 -2.96848
5.25735 -2.96938
5.18243 -2.93633
5.14217 -2.90879
4.76155 -1.93938
4.76554 -1.95662
5.68244 -2.86087
5.64622 -2.88008
5.77633 -2.81008
5.75236 -2.82457
8.0841 0.0698536
8.08387 0.0685389
8.05763 -0.0676552
8.06161 -0.0500495
6.68091 3.37758
6.69063 3.37044
6.89033 3.20609
6.89517 3.20197
5.97926 3.77303
5.91639 3.79365
4.37254 2.23114
4.37538 2.24993
7.7155 -0.950709
7.76267 -0.863938
6.21501 3.67122
6.23118 3.66317
6.4571 3.53362
6.48046 3.51917
7.06065 3.04683
7.22329 2.87355
7.20146 2.89864
7.60581 -1.13081
7.64042 -1.07709
6.78924 -2.06435
6.86457 -1.99709
7.08439 -1.7814
7.05565 -1.81095
4.79427 3.53441
4.75975 3.48709
8.11158 0.799296
8.11498 0.757856
6.39509 -2.39036
6.34277 -2.43054
6.66044 -2.1762
6.61972 -2.20952
7.92759 -0.500338
7.92578 -0.504965
4.84062 3.59084
4.82958 3.57794
8.12115 0.462874
8.11864 0.401752
4.30598 1.64468
4.30357 1.61432
4.28309 0.605391
4.2835 0.594286
7.3128 -1.5291
7.33256 -1.50533
5.98713 -2.68271
5.97954 -2.68737
4.48674 -0.835976
4.49471 -0.871191
4.27903 1.11258
4.2788 1.10423
7.14966 -1.71163
7.17414 -1.68507
6.23 -2.51412
6.23141 -2.51314
4.58762 -1.26164
4.56996 -1.19192
4.65529 -1.53763
4.64195 -1.48214
5.72315 3.8451
5.74479 3.84158
5.86793 3.81027
4.39872 -0.412127
4.384 -0.333355
4.44001 -0.620596
4.43201 -0.582549
4.38729 2.31502
4.39415 2.3677
4.37783 -0.29837
4.36001 -0.189506
7.7855 2.00729
7.74531 2.09104
7.87 1.8122
7.83607 1.89429
4.39851 2.39191
4.41141 2.47114
4.44991 2.67374
4.45022 2.67538
5.10102 3.78631
5.08643 3.77976
5.312 3.85362
5.35967 3.86161
8.03234 1.2995
8.0515 1.21244
8.08047 1.05419
8.09636 0.941885
7.34409 2.72927
7.35528 2.71483
7.47196 2.55619
7.48566 2.53629
7.44927 -1.35762
7.43545 -1.37576
6.87536 -1.98679
6.96069 -1.90638
7.65849 2.2556
7.68884 2.20066
7.57886 2.39232
7.59561 2.36484
4.72086 3.42727
4.70704 3.40604
4.60674 3.2006
4.61778 3.22662
4.77054 -1.97751
4.80179 -2.08408
4.87044 -2.31853
4.86317 -2.29237
7.93702 1.63119
7.91625 1.69098
7.98971 1.46395
7.9763 1.51047
5.35976 -2.97491
5.26076 -2.96968
5.72851 -2.83727
5.71662 -2.84302
5.62731 -2.88939
5.59029 -2.90415
5.56237 -2.91714
6.49523 -2.3112
6.52053 -2.29142
8.03396 -0.166326
7.96699 -0.392239
7.92916 -0.496183
6.63909 3.4093
6.6122 3.42831
6.83421 3.25488
6.83938 3.25062
6.0814 3.73322
6.02101 3.75673
5.64107 3.85943
4.32807 1.89103
4.33289 1.9332
4.37588 2.25303
4.35784 2.1314
6.08987 3.73
6.11126 3.7204
6.20246 3.67769
6.25846 3.64915
6.30062 3.62641
6.42524 3.55389
6.36622 3.58842
7.27851 2.81082
6.70046 -2.14139
6.76755 -2.0841
7.03684 -1.82953
4.74848 3.47201
8.11837 0.710971
8.11061 0.811752
6.68136 -2.15795
4.92873 3.67683
4.975 3.7125
8.11552 0.345594
8.12262 0.530819
4.55143 -1.11443
4.5639 -1.16668
4.52532 -1.00322
4.53401 -1.04055
4.50445 2.89416
4.49338 2.85428
4.52821 2.9792
4.54318 3.02819
7.35923 -1.47287
7.40005 -1.42163
4.46133 -0.726008
4.4759 -0.788231
4.50473 -0.914398
5.99667 -2.67667
6.03579 -2.65043
4.61026 -1.35358
4.59275 -1.28194
4.62198 -1.39987
7.97206 -0.377134
4.92741 3.67577
4.92633 3.67476
8.09344 0.137144
8.08428 0.0708937
4.51235 -0.947547
4.5194 -0.977473
4.28065 0.723225
4.27781 0.779082
4.46103 -0.724623
5.51989 3.86965
5.55451 3.86741
4.34208 2.01176
4.34045 1.99682
4.32394 1.84639
4.3199 1.80598
4.30662 0.247413
4.30264 0.292461
4.88785 -2.37488
4.88418 -2.36185
8.10408 0.868029
7.45829 -1.34554
7.50522 -1.28085
5.79453 -2.79948
5.83475 -2.77624
5.19657 -2.94613
5.24377 -2.96393
8.04138 -0.137538
7.90344 -0.55941
7.88317 -0.610333
6.53545 3.48259
6.55264 3.47052
7.03217 3.07463
7.04381 3.06356
8.12232 0.586762
4.31619 1.76897
4.31396 1.74238
8.10179 0.196671
8.10264 0.204385
4.74157 -1.86766
4.28394 1.23122
4.28423 1.28334
6.74203 3.33048
6.78086 3.29885
7.28121 2.80747
7.28427 2.80382
6.94587 3.15642
6.98444 3.12019
6.11186 -2.59861
4.70256 -1.72011
4.67291 -1.60696
8.10891 0.270526
8.10345 0.212486
4.28508 1.29472
4.29066 1.4066
4.27744 1.03329
4.27713 0.913729
4.27788 0.786728
4.27715 0.906464
4.29751 1.52778
4.29152 1.42187
4.41889 -0.51663
4.40379 -0.439773
4.28716 0.515396
4.29426 0.398658
5.43518 3.86892
5.47321 3.86936
4.94715 -2.55737
4.92503 -2.49059
4.32003 0.113665
4.34253 -0.0707932
7.83168 -0.725582
7.77345 -0.843926
7.82945 1.90959
7.79172 1.99406
4.42271 2.53189
4.43005 2.57374
4.57729 3.12415
4.54756 3.04152
5.194 3.8236
5.28687 3.84935
8.05828 1.17869
8.07707 1.07519
7.20699 -1.64983
7.26752 -1.58173
4.63041 3.25579
4.66915 3.33717
5.49187 -2.94384
5.42101 -2.96413
4.96996 -2.61548
5.01632 -2.72619
5.09455 -2.85649
5.03045 -2.75184
5.10475 -2.86678
4.71213 -1.75468
8.11426 0.32716
8.0716 0.00137554
8.05178 -0.0934569
7.71032 -0.959744
7.8795 -0.618739
7.65454 -1.05396
7.5686 -1.18862
7.55634 -1.20681
7.53184 -1.24276
6.40626 -2.382
6.3306 -2.43948
6.08447 -2.61719
6.06427 -2.63063
5.42518 3.86818
4.53829 -1.05888
4.54885 -1.10362
4.3009 1.57577
4.30853 1.67847
4.2858 0.541923
4.2814 0.659471
4.52539 2.96874
4.51025 2.91678
7.31071 -1.53153
7.35695 -1.47572
4.27768 1.0483
4.28077 1.16772
5.91906 -2.72613
5.89272 -2.74242
4.56469 -1.1699
4.27752 1.04073
4.29902 1.55016
4.3794 -0.307141
4.46028 -0.721166
4.29568 0.379645
4.28639 0.529088
4.35525 -0.158989
4.31406 0.170315
7.73816 2.10532
7.87826 1.79162
7.90735 1.71512
7.69696 2.18542
4.45105 2.67925
4.47319 2.77527
4.47779 2.79323
5.02278 3.74472
5.02521 3.74634
5.15028 3.80836
5.40703 3.86642
8.01926 1.35388
8.09843 0.9255
8.00292 1.41685
7.53401 2.46393
7.54503 2.44674
7.40875 2.64493
7.40554 -1.41454
7.45266 -1.35321
7.64325 2.2828
7.61926 2.32475
4.68723 3.36905
4.60269 3.1918
4.8499 -2.25124
4.84214 -2.22289
7.9471 1.60154
7.96482 1.54743
5.89059 -2.74382
5.88564 -2.74694
6.72655 3.34255
6.93582 3.1655
6.31428 3.61925
6.49271 3.51096
6.27931 -2.47804
6.45831 -2.34099
6.58163 -2.24163
6.5333 -2.28142
4.31158 1.71392
4.2811 0.669286
4.48494 2.82046
4.28108 1.17727
4.95913 -2.58732
5.60828 3.86365
4.91617 -2.46767
6.33832 3.60506
4.59285 3.16568
5.9385 -2.71407
6.84434 3.2465
4.33857 1.98027
6.59686 -2.22924
6.46977 -2.33216
6.99022 3.11468
6.78716 3.29365
6.57116 3.45739
