7.70991 -0.29588
7.74 -0.202453
5.50527 3.36008
5.47297 3.35025
5.05433 3.06542
5.07843 3.09421
7.82403 0.172367
7.83962 0.29708
4.59185 1.49342
4.59787 1.55154
4.65973 2.00796
4.65841 2.00008
4.63902 -0.0822587
4.63201 -0.0355185
7.5479 -0.677222
7.52357 -0.72456
6.37777 3.17512
6.30143 3.21477
7.56083 1.85155
7.56587 1.84081
4.7167 2.27759
4.70983 2.24966
6.69301 2.96442
6.7077 2.95284
7.4795 2.01475
7.47575 2.02175
7.31759 2.28466
7.2765 2.34544
7.7516 1.32407
7.7591 1.29565
7.77614 -0.0692716
7.79852 0.0302034
7.65617 -0.440157
7.63608 -0.489513
5.78326 -2.21513
5.79972 -2.21211
5.60389 3.37575
5.59087 3.37374
5.30528 3.28357
5.37988 3.31976
5.10997 3.13034
5.17117 3.18865
4.95859 -1.34836
4.99032 -1.43363
5.06998 -1.62852
5.06202 -1.6119
6.56198 3.05943
6.57872 3.04832
4.62456 1.77676
4.62877 1.8082
6.14247 -2.09816
6.18899 -2.0756
5.50707 -2.17875
5.54956 -2.1953
4.8111 -0.874203
4.79172 -0.803311
5.13294 -1.76233
5.14358 -1.78125
4.60152 0.204586
4.59551 0.260753
4.68186 2.12363
4.68269 2.12741
5.92359 3.35382
5.96406 3.34285
6.15828 3.28154
6.15309 3.28373
6.89507 2.78828
6.8585 2.82329
6.67971 2.97462
6.39165 -1.95606
6.3664 -1.9714
6.79287 -1.64622
6.7644 -1.67094
6.99853 -1.44685
6.94 -1.50645
7.30626 -1.07572
7.31779 -1.06001
7.41803 -0.90956
7.41921 -0.907656
7.85198 0.520165
7.8496 0.431737
4.56553 0.913391
4.5652 0.897474
4.56955 1.11728
4.57123 1.16738
4.89565 -1.15961
4.90853 -1.20154
4.71132 -0.466998
4.7203 -0.508556
5.26939 -1.98143
5.22806 -1.9223
4.58038 0.452509
4.5889 0.330071
4.57204 0.601458
4.56964 0.65478
4.7546 2.4261
4.73918 2.36815
7.17568 -1.24637
7.15543 -1.27155
7.82833 0.934765
7.83582 0.877593
4.66965 -0.258745
4.66306 -0.222506
7.85185 0.567506
7.85095 0.648518
7.74526 -0.184667
7.70135 -0.320653
6.08637 -2.12541
5.68117 -2.21908
5.68205 -2.21923
7.05794 -1.38207
7.09279 -1.34383
6.43618 3.13994
6.26594 3.23347
4.81688 2.61815
4.81229 2.60473
7.13353 2.53211
7.14994 2.51232
7.80652 1.07615
7.79638 1.13044
7.40082 2.15277
7.38081 2.18585
7.22927 2.4097
7.27375 2.34936
7.70281 1.49094
7.70557 1.48261
7.67064 -0.403416
7.60483 -0.56089
7.60993 -0.549522
6.59266 3.03884
6.52212 3.0862
4.61643 1.71766
4.61187 1.67986
4.59074 1.48228
4.58582 1.42322
5.68436 -2.21917
5.58719 -2.20627
4.83322 -0.954237
4.90479 2.82544
4.91291 2.84343
6.01202 3.33064
6.03892 3.32335
6.15074 3.28453
6.15218 3.28405
6.46445 3.12327
5.71004 3.3801
5.74633 3.37749
5.64638 3.37877
5.65823 3.37978
6.83093 2.84732
6.33451 -1.99137
6.47295 -1.90058
6.90022 -1.54672
7.02267 -1.42107
5.95399 -2.17508
5.93493 -2.18194
6.00164 -2.15845
6.07635 -2.1299
4.56641 0.992106
4.56629 0.97689
4.56915 1.10389
4.85408 -1.02685
4.86651 -1.06702
4.5794 0.46642
4.57991 0.45916
4.58901 0.32871
4.61587 0.0839558
4.61297 0.106529
4.57258 0.589581
4.77296 2.48652
4.75623 2.43207
7.60777 1.74654
7.60921 1.74317
6.96738 2.71583
7.018 2.66399
7.26558 -1.13277
7.26475 -1.13386
7.84123 0.817848
7.83645 0.87143
5.88441 -2.19621
5.86361 -2.20141
4.56859 1.04039
4.56869 1.09
4.95312 -1.33362
4.93186 -1.27172
4.59124 1.48738
4.76779 -0.712015
4.78364 -0.773828
5.3706 -2.08919
5.39662 -2.11076
4.57731 0.524353
4.57307 0.578362
4.6705 2.06598
4.67474 2.0881
4.87194 2.75496
4.83506 2.66798
7.64195 1.66144
7.64297 1.65885
5.7691 -2.2169
4.63456 1.84873
4.63787 1.87238
5.44665 -2.14616
5.41719 -2.12795
5.30746 -2.02558
5.28503 -1.99947
5.86644 3.36515
5.86366 3.36551
7.26606 -1.13212
4.68891 -0.363766
4.68892 -0.363835
6.26166 -2.03509
6.20428 -2.06735
6.49083 -1.88849
6.57419 -1.82653
4.96798 2.94176
4.98917 2.97528
4.5806 1.35492
4.57735 1.30232
4.62001 1.74403
4.58912 0.327485
4.59111 0.305998
4.56493 0.833818
4.56525 0.801402
5.40478 3.32993
5.5198 3.363
5.09003 3.10854
5.02352 3.0253
7.83987 0.299707
7.82269 0.163154
5.05123 -1.58778
5.02516 -1.52328
5.18203 -1.8499
5.15256 -1.79719
4.64955 1.94957
4.67011 2.06374
7.48523 -0.794702
7.57896 -0.614764
7.51886 1.93881
7.60621 1.75016
4.6992 2.20424
4.72415 2.30892
4.8338 2.66472
4.83347 2.66379
6.85407 -1.58984
6.8951 -1.55181
7.36835 -0.985309
7.41532 -0.913856
7.44076 2.08457
7.50412 1.96759
7.27439 2.34846
7.32884 2.26768
7.65538 1.62592
7.6746 1.57473
7.77225 1.24099
7.73355 1.39033
7.84801 0.711255
7.84582 0.760553
7.80261 0.0502587
7.7721 -0.0855588
5.20693 3.2184
5.26629 3.26
5.60662 3.37608
7.84942 0.428334
5.01112 -1.48647
4.95668 -1.34336
5.10237 -1.69872
4.73411 -0.570019
4.75392 -0.654651
5.49531 -2.17417
5.48485 -2.16814
5.19976 -1.88087
5.11606 -1.72711
4.64749 1.93642
4.69375 2.18095
7.4649 -0.830504
6.69135 -1.73444
6.67167 -1.75018
6.65374 -1.76461
7.34553 -1.01946
7.26778 -1.12976
7.85225 0.538883
5.98543 -2.16511
5.27864 -1.99236
4.73506 2.35148
4.75493 2.42737
7.0816 2.59339
7.09256 2.58115
7.83602 0.875528
7.82472 0.964301
4.65108 -0.153336
4.68887 -0.36358
4.83935 -0.976047
4.77843 2.50339
4.80031 2.57138
7.17117 2.48552
7.10115 2.57112
7.81999 0.994417
7.78213 1.19848
7.21342 2.43079
7.51676 1.94294
7.42976 2.10387
7.35975 2.21944
7.7285 1.40738
7.67532 1.57264
4.58116 1.36269
5.90491 -2.19009
4.8368 -0.966932
4.56495 0.865951
4.57308 1.21954
4.574 1.24169
4.91281 -1.21445
4.56749 0.705211
4.56649 0.735384
7.12552 -1.30661
7.84404 0.789804
4.6063 1.63391
4.60265 1.60051
5.40607 -2.11899
5.34184 -2.06393
5.81415 3.37266
5.79344 3.37447
4.64525 1.92112
5.33362 -2.05473
4.60298 0.190906
5.87513 3.36366
5.01476 3.01365
4.95978 2.9282
6.2932 -2.01716
5.33679 -2.05854
4.62711 0.00021313
5.61146 3.37644
4.57696 1.29492
4.57645 1.28658
4.59527 0.263458
4.56556 0.785148
4.56577 0.769262
4.92269 2.86212
5.68324 3.38043
6.59074 -1.81458
4.56613 0.961514
4.5715 1.17964
4.88598 -1.13001
4.56891 0.668636
7.03177 2.649
6.48858 3.10854
4.60915 1.65931
4.59893 1.56357
7.62824 -0.508032
4.58507 1.41404
