5.44953 -2.42718
5.46792 -2.43362
4.96029 3.22637
4.99868 3.27289
5.37667 3.51872
5.30452 3.49484
5.37001 -2.38748
5.32321 -2.35584
6.60948 3.17307
6.64949 3.14336
4.66336 -0.743844
4.68449 -0.82996
5.94288 3.50775
5.82864 3.53516
6.17103 3.42686
6.19375 3.4159
4.69808 2.6922
4.70947 2.72698
7.00991 2.82748
7.05619 2.77974
7.17214 2.64913
7.14516 2.68118
7.88876 1.15749
7.9066 1.06116
7.38534 -1.13961
7.40504 -1.11169
6.53011 -2.01293
6.61579 -1.94722
7.46508 2.23923
7.49376 2.19128
7.80668 1.48117
7.782 1.55821
7.9476 0.635101
7.94913 0.586803
7.78846 -0.369409
7.77104 -0.41724
4.8867 3.1206
4.87557 3.10128
5.15415 3.41234
5.10918 3.37905
5.41925 3.53124
5.49754 3.54595
7.90997 0.0919136
7.90559 0.0666747
7.94159 0.346643
7.94072 0.335007
4.87854 -1.50945
4.8731 -1.49388
4.96032 -1.74423
4.93604 -1.67665
4.50039 1.66003
4.50242 1.67936
4.47941 1.42273
4.47934 1.42195
4.63599 -0.625572
5.0016 -1.84657
4.97574 -1.78258
4.57576 2.19528
4.5643 2.13217
4.53649 1.95531
4.54303 1.9989
7.54768 -0.887218
7.59301 -0.806381
5.82564 3.5358
5.74668 3.54594
6.39498 3.31247
6.46753 3.26759
6.81595 3.01059
6.89646 2.93833
7.48611 -0.989781
7.50032 -0.96694
6.7196 -1.86122
6.7752 -1.81312
6.81613 -1.77723
6.81179 -1.7812
7.04889 -1.54796
7.00321 -1.59646
6.28746 -2.18325
6.41238 -2.09947
6.28568 -2.1845
6.19833 -2.2375
5.98391 -2.35093
5.9571 -2.36287
5.74558 -2.43401
5.82498 -2.41336
5.54185 -2.44891
5.53135 -2.4467
4.52325 -0.0111502
4.51814 0.0286254
7.6745 1.83633
7.67172 1.84259
7.93867 0.811009
7.94071 0.785333
4.76525 -1.13626
4.76001 -1.11795
4.81779 -1.31502
4.80248 -1.26295
7.82517 -0.259473
7.81278 -0.298422
5.21445 -2.24134
5.22452 -2.25577
5.13466 -2.12331
5.13731 -2.12781
6.17604 -2.25151
6.08815 -2.29952
4.46172 0.862539
4.46175 0.850012
4.46244 0.989118
4.4623 0.977012
4.47529 1.36172
4.4751 1.35858
4.6001 -0.459259
4.47553 0.464958
4.47577 0.460855
6.02809 3.4809
5.82721 3.53552
6.11267 3.45071
6.28347 3.37333
4.65655 2.55247
4.65512 2.54766
7.09525 2.73746
7.11354 2.71725
7.27524 2.52061
7.27112 2.52597
7.18554 -1.39639
7.16661 -1.419
7.2799 -1.28154
7.27894 -1.2828
6.62724 -1.93755
6.51626 -2.02399
6.97181 -1.62732
6.90797 -1.69076
7.54435 2.10201
7.56855 2.05667
7.38158 2.37076
7.39204 2.35505
7.85309 1.31452
7.83787 1.37356
7.7487 -0.476493
7.74821 -0.477665
7.72327 -0.53726
6.81358 3.01261
6.7623 3.05541
6.54498 3.21759
6.55762 3.20935
4.51235 1.77284
4.50634 1.71915
4.49613 1.6152
4.48925 1.54135
4.48467 1.48689
4.69429 -0.868978
4.56213 2.1191
4.58589 2.24818
5.62521 3.55469
5.66245 3.55279
6.05753 3.47188
6.33716 3.34382
6.50558 3.24428
6.95464 2.88243
6.42844 -2.0874
6.80833 -1.78418
6.71423 -1.86602
7.09726 -1.49731
6.28653 -2.1839
6.05107 -2.31904
6.03775 -2.32541
5.89284 -2.38902
5.93688 -2.37181
4.72616 -0.991115
4.73745 -1.03379
4.48214 0.369978
4.48542 0.330396
4.5013 0.168564
4.50608 0.124906
4.53486 -0.0905166
4.4642 0.710379
4.46384 0.721653
4.46913 0.583149
4.46874 0.591271
4.79829 2.95298
4.80253 2.96299
4.75256 2.84509
4.73058 2.78874
4.60414 2.33248
4.61266 2.37175
7.33296 -1.21217
7.32353 -1.22464
7.93274 0.869139
7.92836 0.912306
4.4684 1.22236
4.46869 1.231
4.46442 1.09305
4.46466 1.10401
6.18847 -2.24403
7.8481 -0.180886
5.08991 -2.0389
5.06769 -1.99599
4.71169 -0.936502
4.72082 -0.970784
6.7126 3.09558
6.70621 3.10035
4.59168 -0.418807
4.58514 -0.384953
4.54426 -0.149437
4.55382 -0.208393
7.62606 1.94126
7.58448 2.02621
4.58851 2.26029
4.59964 2.31246
4.58697 2.25315
7.73096 1.69845
7.75022 1.64876
5.63179 -2.45157
5.63391 -2.45137
7.85803 -0.145928
7.86412 -0.122445
7.67649 -0.642149
7.67179 -0.652505
4.90998 3.15652
4.9219 3.17427
4.53078 1.91244
4.5251 1.87163
7.34882 -1.19084
7.94284 0.753978
7.94417 0.736493
5.28044 -2.31705
5.31448 -2.34773
5.26167 -2.30055
4.49125 1.56246
4.49018 1.55104
4.59419 -0.431159
4.55284 2.06254
4.84645 3.04858
4.83181 3.02275
4.49069 0.270427
4.49118 0.265152
4.79128 -1.22581
4.76706 -1.14245
5.49516 -2.44055
5.42577 -2.4169
5.13898 -2.13033
5.17819 -2.19239
5.01022 3.2855
4.95922 3.22505
5.26631 3.47773
5.40127 3.52719
5.8454 -2.40589
5.88641 -2.39188
7.92874 0.216505
7.92699 0.20228
4.471 1.2945
4.47112 1.30157
4.4618 0.925988
4.46175 0.913512
4.46212 0.786512
4.46158 0.79912
4.92482 -1.64368
4.90418 -1.58547
5.02526 -1.90507
5.03488 -1.92553
4.48002 0.396942
4.48011 0.395633
4.54515 2.01465
7.61272 -0.769266
7.64928 -0.697617
4.65275 2.53885
4.6304 2.44886
4.71352 2.73969
4.69063 2.66785
7.13394 2.69401
7.20296 2.61247
7.88021 1.19892
7.91117 1.03319
7.43629 -1.06536
7.23375 -1.33881
7.22347 -1.35171
7.50526 2.17136
7.44432 2.27323
7.33827 2.43441
7.34366 2.42669
7.77974 1.56484
7.81108 1.46702
7.94886 0.496858
7.94586 0.697673
5.54842 -2.44994
5.58806 -2.45211
4.84451 -1.40408
4.86167 -1.45966
7.88647 -0.0282556
7.87829 -0.0643719
5.06505 3.34024
5.20721 3.44709
5.55532 3.55071
5.63601 -2.45104
5.72426 -2.43945
7.94843 0.465475
4.96938 -1.76708
5.04788 -1.95269
4.53377 1.93526
7.68111 -0.632236
7.53361 -0.911463
7.47985 -0.999717
7.94886 0.478165
4.83851 -1.38369
5.93905 -2.37074
5.98732 -2.34959
4.46637 0.646594
4.46598 0.656467
4.76226 2.8681
4.77687 2.90406
4.46616 1.15756
4.46645 1.16751
4.56772 -0.289455
4.74061 -1.04573
5.23633 -2.27063
5.10118 -2.06219
4.46281 1.04051
4.47851 1.41044
4.47149 0.526075
4.62044 2.40508
4.68322 2.64436
7.21013 2.60358
7.08488 2.74918
7.92628 0.927608
7.86227 1.27774
7.33663 2.43672
7.13558 -1.45422
7.28409 -1.27614
7.58208 2.03084
7.54043 2.10919
7.42384 2.30568
7.8311 1.39773
7.75076 1.64726
4.51291 1.77791
4.50455 1.70223
4.8259 3.01221
4.81228 2.98472
5.59573 3.55464
6.02764 -2.32984
4.49168 0.259267
4.51399 0.0596302
4.462 0.774149
4.72964 2.78607
7.71652 1.73549
7.71754 1.73297
7.63236 1.92813
7.11419 -1.4785
7.93757 0.82489
4.47044 1.28704
5.387 -2.39957
5.40336 -2.40792
6.59116 3.18592
4.52162 1.84435
4.51689 1.80769
4.92896 3.18378
4.9561 3.2208
5.32047 -2.35331
5.60523 -2.45191
4.47948 1.42364
7.67717 1.83034
6.65558 3.13879
5.70992 3.55026
7.86995 -0.0990649
