5.86907 2.26045
5.78598 2.22848
6.79055 -0.596089
6.77938 -0.609023
6.54602 -0.823726
6.6146 -0.768879
7.11417 1.23941
7.10554 1.26614
5.23443 0.968067
5.23873 1.03109
6.91783 1.66189
6.90692 1.67953
5.93047 -0.963203
5.90946 -0.954282
6.12013 -0.990344
6.15692 -0.985578
5.23509 0.568229
5.24371 0.448894
6.19944 2.26011
6.27171 2.23543
6.41487 2.16945
6.45493 2.14406
6.31804 -0.948272
6.4202 -0.902213
5.98935 2.28227
5.92034 2.27153
6.91297 -0.433331
6.91892 -0.424732
5.25642 1.19827
5.24406 1.09426
7.17769 1.00223
7.18359 0.973389
5.48906 -0.49914
5.50133 -0.522256
5.58836 -0.671522
5.5667 -0.639774
5.35256 1.63467
5.37284 1.6919
5.29515 1.4221
5.28682 1.3803
5.52577 1.99558
5.57328 2.05735
5.42796 1.82678
5.41152 1.79181
5.65746 2.14249
5.59208 2.08067
6.7827 1.84932
6.78745 1.84347
7.01283 1.48837
6.98028 1.55243
5.74643 -0.854582
5.7171 -0.826518
7.14983 0.0887546
7.11585 -0.0199253
7.06396 -0.151855
7.02942 -0.226761
5.39623 -0.274768
5.40957 -0.310655
5.3375 -0.0804578
5.33411 -0.0682132
5.29689 0.0955203
5.28387 0.160998
5.22947 0.783983
5.22998 0.837199
5.24854 0.403331
5.25829 0.32123
7.21449 0.471043
7.21794 0.579737
7.179 0.209542
7.20047 0.332416
7.15159 1.11107
7.14031 1.15454
7.09384 1.29921
7.07511 1.34771
7.19441 0.911888
7.1626 1.06953
7.19944 0.877054
6.71425 1.9268
6.65435 1.9881
6.53599 2.08837
6.54603 2.08043
6.76685 1.8685
6.63981 2.00231
6.63058 2.01078
6.48993 2.12042
6.50638 2.11009
6.81482 1.80811
6.82842 1.7906
5.36113 -0.161856
5.37074 -0.194906
7.20722 0.808193
7.21402 0.735301
7.20138 0.863257
5.31872 -0.00962465
5.31763 -0.00487816
5.22952 0.760205
5.22991 0.706897
5.74862 2.20734
5.88678 2.26617
6.76157 -0.628126
6.85109 -0.518756
6.66532 -0.725667
6.52256 -0.839466
5.24306 1.08463
5.23388 0.958066
5.4788 -0.478525
5.44759 -0.406001
5.64629 -0.750708
5.62719 -0.724769
5.32023 1.53073
5.3202 1.5306
5.47355 1.91332
5.49998 1.95838
6.9008 1.68871
6.96194 1.58636
5.83769 -0.91998
5.97374 -0.973649
6.21675 -0.977786
6.06527 -0.988564
7.11223 -0.0299794
7.07524 -0.125862
5.31598 0.00248791
5.23409 0.585355
5.24422 0.443326
7.20098 0.336075
7.21355 0.457354
6.04896 2.28195
6.09359 2.28027
6.12694 2.27407
6.30652 2.22332
6.43144 -0.896708
6.28582 -0.958011
5.68709 2.1675
6.70003 -0.691893
6.92567 -0.414044
6.97901 -0.323214
5.23016 0.848814
5.26169 1.23471
5.42202 -0.34277
5.43828 -0.383621
5.53722 -0.588584
5.65689 -0.764161
5.38887 1.73604
5.3203 1.531
5.27384 1.31104
5.58546 2.07301
5.44545 1.86041
7.04459 1.4208
6.84631 1.76617
7.05326 1.40154
5.80213 -0.895933
6.02467 -0.985928
7.0037 -0.277258
7.15066 0.0916299
7.17798 0.204707
5.37608 -0.212137
5.32379 -0.0308539
5.35203 -0.131557
5.27686 0.20169
5.22945 0.77206
5.26009 0.308262
5.23019 0.695537
7.21799 0.61597
7.21601 0.683827
7.06019 1.38626
6.57608 2.05613
6.52454 2.09766
6.34771 2.20433
7.21435 0.730235
7.12478 1.20898
6.38953 2.18253
6.40247 2.17625
