6.17761 -2.59709
6.18558 -2.59142
8.01472 -0.326259
8.03692 -0.253705
4.67387 -1.74702
4.69786 -1.83735
4.261 1.35825
4.25643 1.29952
4.25051 0.85026
4.24951 0.795548
6.84867 3.28113
6.8063 3.31617
4.26591 1.48359
4.26605 1.48588
4.37236 -0.427047
4.37629 -0.448241
4.31849 2.06014
4.32248 2.09508
4.88726 -2.54796
4.88547 -2.54269
4.30491 -0.00256054
4.30037 0.0339531
7.80652 -0.835575
7.84639 -0.754796
7.81512 2.00451
7.85378 1.91812
5.03257 3.81189
5.06048 3.82714
5.2095 3.88346
5.19125 3.87877
4.85946 -2.4523
4.86754 -2.47761
7.13286 3.0121
7.19221 2.94983
8.10274 1.07621
8.08167 1.19348
7.43621 2.65156
7.45437 2.62719
4.65637 3.40763
4.67076 3.43574
4.60028 3.29459
4.59995 3.29393
5.3718 -3.06686
5.38744 -3.06295
8.14742 0.617035
8.14558 0.680956
4.94469 -2.73231
4.9329 -2.69213
5.19248 -3.07572
5.22697 -3.08227
5.04535 -2.94968
5.02402 -2.91221
5.01126 -2.89061
4.98684 -2.83549
5.06498 -2.97762
5.09408 -3.01497
4.72157 -1.92729
4.73139 -1.96972
5.69019 -2.92138
5.66153 -2.93658
5.81536 -2.84409
5.82078 -2.84081
4.67037 -1.73215
4.64345 -1.62041
6.64353 3.44477
6.59191 3.48182
5.98578 3.81222
5.98037 3.814
5.71039 3.89266
5.76227 3.88155
6.23836 3.69835
6.26308 3.68604
6.47886 3.5589
6.48496 3.55513
7.06375 3.08359
7.25247 2.88183
7.21146 2.92896
7.62375 -1.15195
7.66781 -1.08356
7.523 -1.30181
7.52735 -1.29566
6.99085 -1.91506
7.06348 -1.84297
6.82446 -2.07134
6.87228 -2.02864
4.756 3.56574
4.74041 3.54437
6.65958 -2.21615
6.639 -2.23298
7.94654 -0.522665
7.93242 -0.558726
8.14671 0.438947
8.1456 0.411864
4.27537 1.62568
4.27446 1.61418
5.58188 3.91187
5.61332 3.90801
7.67514 -1.07174
7.73351 -0.971931
4.54984 3.1688
4.55015 3.16965
6.95023 3.19121
6.96792 3.17461
4.34184 2.2319
4.34705 2.26759
7.15727 -1.74277
7.19655 -1.70016
5.93736 -2.76647
5.97114 -2.74329
6.03472 -2.69992
6.05454 -2.68547
4.62742 -1.5573
4.59111 -1.40633
4.24907 0.986306
4.24901 0.977262
5.87459 3.85028
5.80194 3.87016
4.41412 -0.635253
4.39874 -0.562134
4.26149 0.465904
4.26159 0.464341
4.35572 2.31469
4.36289 2.36976
4.34611 -0.278889
4.3339 -0.204288
7.89899 1.80948
7.92967 1.72956
7.71835 2.20075
7.76262 2.11433
4.37278 2.43555
4.3816 2.48973
4.41118 2.64964
4.41963 2.69444
5.33365 3.90914
5.32765 3.90813
8.07091 1.24363
8.05392 1.32084
7.3542 2.7599
7.3879 2.7164
7.48235 2.58767
7.51667 2.53778
6.90911 -1.99349
6.96836 -1.93778
7.67581 2.27889
7.69269 2.24832
7.59579 2.41511
7.62556 2.36628
5.34985 -3.07008
4.7437 -2.02113
4.76112 -2.08056
4.80068 -2.23054
4.8165 -2.28833
4.77587 -2.13902
4.77866 -2.14973
7.96536 1.62852
7.93666 1.71116
8.01721 1.46136
7.99712 1.53106
5.86105 -2.81565
5.88334 -2.80128
5.64733 -2.94358
5.74255 -2.88908
6.5155 -2.33586
6.53241 -2.32263
8.05558 -0.186564
7.98746 -0.411401
7.95875 -0.49028
6.65072 3.43924
6.70075 3.40094
6.86775 3.2644
6.90905 3.22812
6.04083 3.78989
6.05838 3.78235
5.77716 3.87726
5.6484 3.90348
4.30005 1.9085
4.30284 1.93289
4.32962 2.14899
6.20707 3.71446
6.1324 3.74944
6.42978 3.59013
6.40928 3.60212
7.28845 2.84096
6.73714 -2.14867
6.77536 -2.11604
7.06997 -1.83611
4.77342 3.58721
8.14323 0.720295
8.13785 0.794628
6.31024 -2.49735
6.34184 -2.47355
6.43711 -2.3987
6.46887 -2.37369
6.55997 -2.29925
6.59599 -2.26965
6.70012 -2.18077
4.67178 -1.73797
4.93125 3.74677
4.9432 3.75598
8.14421 0.38698
8.1489 0.54068
4.52558 -1.13269
4.53393 -1.16768
4.4994 -1.02152
4.50406 -1.04155
4.25556 0.589433
4.25533 0.594744
4.45897 2.86586
4.4565 2.85696
4.49996 3.01447
4.49003 2.98197
7.39775 -1.46721
7.42219 -1.43653
7.30059 -1.58455
7.33505 -1.54408
4.44874 -0.797975
4.44684 -0.789196
4.46427 -0.86941
4.47493 -0.915388
4.25058 1.09609
4.25073 1.10426
4.58287 -1.37291
4.57238 -1.32999
4.58592 -1.38494
8.00089 -0.371382
4.89609 3.71859
4.86756 3.69187
8.12165 0.147726
8.11738 0.116872
4.48652 -0.965781
4.48951 -0.978466
4.2526 0.723258
4.2498 0.778141
7.05113 3.09607
7.0087 3.13642
6.7464 3.36529
6.76182 3.35255
5.52378 3.91566
5.49363 3.91761
4.31383 2.02937
4.31025 1.99651
4.29249 1.82686
4.29037 1.80568
4.27642 0.265967
4.27544 0.277057
5.3141 -3.07772
4.84699 -2.40229
4.83864 -2.37263
8.12957 0.870677
8.1359 0.816104
8.12121 0.948033
8.1243 0.924325
4.53162 3.11786
4.52812 3.10666
5.46515 -3.03478
5.51149 -3.01369
5.60838 -2.9647
5.58717 -2.97622
8.07109 -0.126393
7.92279 -0.582209
7.91404 -0.604174
6.58976 3.48334
6.53993 3.51834
8.14875 0.570152
4.28843 1.78628
4.28471 1.74208
7.24881 -1.64369
7.24034 -1.65319
8.12541 0.174556
8.12985 0.214591
4.70849 -1.88035
4.25574 1.23125
4.25606 1.28977
6.31885 3.6557
6.34481 3.64046
7.30212 2.82394
7.31767 2.80542
4.80409 3.62627
4.83244 3.65722
6.16067 -2.60936
6.25816 -2.53696
8.13634 0.280813
8.13406 0.256634
4.25632 1.29475
4.26276 1.42066
4.24976 0.786761
4.24913 0.90475
4.26958 1.54403
4.2638 1.44214
4.39265 -0.531489
4.37098 -0.419636
4.264 0.425387
4.2657 0.399123
4.91369 -2.63912
4.90704 -2.61354
4.88935 -2.55478
4.87298 -2.49548
4.2895 0.132415
4.31604 -0.0857868
7.86287 -0.719358
7.79137 -0.865036
5.29544 -3.08215
7.85861 1.90684
7.80915 2.01751
4.38509 2.50848
4.39984 2.59257
4.52324 3.09051
4.50829 3.04437
5.16058 3.86819
5.26105 3.8965
8.10584 1.05711
8.08028 1.20046
5.25789 -3.08495
7.29007 -1.59691
4.68938 3.46566
4.63381 3.3661
4.57769 3.23973
4.60136 3.2969
5.57959 -2.98066
5.55365 -2.99441
4.96286 -2.77647
5.14092 -3.05295
5.15663 -3.06148
5.12362 -3.03748
5.04898 -2.9571
5.01325 -2.89362
4.977 -2.81649
8.13856 0.304407
8.10066 0.0122758
8.10741 0.0492403
8.09115 -0.036664
7.74397 -0.953029
7.8981 -0.640657
7.67285 -1.07553
7.60344 -1.1835
7.57384 -1.22743
7.51494 -1.31314
6.3743 -2.44815
6.40534 -2.4243
4.51239 -1.07717
4.51887 -1.10462
4.27049 1.55689
4.27935 1.67834
4.4786 2.93963
4.47274 2.9195
7.35016 -1.52573
7.37909 -1.49062
5.92886 -2.77173
5.98603 -2.73371
6.01293 -2.71445
6.08342 -2.66566
4.53892 -1.18809
4.55794 -1.26753
4.24919 0.922737
4.24951 1.04076
4.26288 1.42277
4.26999 1.55003
4.35378 -0.321644
4.42833 -0.705755
4.25809 0.529548
4.26578 0.398012
5.43195 3.91687
5.4742 3.91749
5.40919 3.91639
4.32382 -0.139685
4.28712 0.155061
7.76842 2.10247
7.89638 1.81602
7.9362 1.7124
7.71424 2.20867
4.36522 2.38573
4.44072 2.79294
4.95553 3.7643
4.99943 3.79343
5.10829 3.84856
5.12441 3.85561
5.34013 3.90979
8.05073 1.3341
8.02388 1.43758
7.54459 2.496
7.57523 2.44819
7.41894 2.67582
7.44352 -1.40895
7.4704 -1.37411
7.67282 2.28422
7.63643 2.34785
4.62696 3.3507
4.71125 3.50248
4.5689 3.21945
4.81946 -2.3007
4.7979 -2.21906
4.83527 -2.35761
7.96763 1.62185
7.99286 1.54479
5.89871 -2.7916
5.8281 -2.83655
5.99688 3.80789
6.09575 3.76687
6.27782 3.678
6.53214 3.5235
4.44326 2.80391
4.44125 2.79549
6.27836 -2.52223
6.49936 -2.34914
6.62012 -2.24927
4.28077 1.69478
4.25356 0.653321
4.43631 -0.741926
4.46048 -0.852305
4.4609 -0.85422
4.25245 1.16068
6.09584 -2.65624
4.25274 1.17467
4.25307 0.666477
5.44247 -3.0433
4.433 -0.726094
6.36071 3.63107
4.78146 -2.1611
8.08413 -0.0711249
6.11165 3.75932
4.30612 1.96012
4.44101 2.79436
