5.35943 -2.27678
5.29768 -2.22275
6.10157 -2.23278
6.18833 -2.18554
5.84604 -2.33573
5.8352 -2.33947
4.95779 -1.59994
4.97905 -1.65454
4.67178 -0.618283
4.71893 -0.810459
5.04835 -1.82255
5.05868 -1.84412
4.59104 2.05077
4.58246 1.9993
5.92737 3.45804
5.93638 3.45588
4.73854 2.66698
4.73919 2.66896
7.03932 2.74485
7.04332 2.74072
7.15897 2.60922
7.14687 2.62359
7.86054 1.12958
7.86881 1.08491
7.44307 2.20961
7.45514 2.18942
7.35962 2.34121
7.35157 2.3531
7.77044 1.48458
7.75531 1.53181
7.91219 0.710395
7.91543 0.607986
7.76141 -0.34409
7.73193 -0.425042
7.82434 -0.140295
7.82993 -0.119622
5.05768 3.24435
5.10604 3.29194
5.23799 3.38793
5.30188 3.42158
5.58212 -2.36616
5.59538 -2.36771
5.68658 -2.36684
5.68088 -2.36761
7.87996 0.120008
7.86827 0.052675
7.90937 0.376806
7.90525 0.321702
4.93942 -1.54732
4.91351 -1.47311
4.53589 1.63937
4.54011 1.67953
4.51677 1.4229
4.51482 1.4013
4.66913 -0.60681
5.10489 -1.94165
5.12407 -1.97575
7.56971 -0.778936
7.56404 -0.789063
6.16483 3.37736
6.12252 3.39324
6.3891 3.26555
6.41355 3.25042
5.70201 3.49315
5.69922 3.4932
6.84272 2.93538
6.88343 2.89884
7.46219 -0.961596
7.50346 -0.895274
6.47238 -2.00147
6.40442 -2.05038
6.63771 -1.87713
6.60499 -1.90304
6.85429 -1.68935
6.8012 -1.73789
7.00698 -1.53964
6.99296 -1.55453
5.27763 -2.20091
5.25559 -2.17537
6.03314 -2.26521
6.03711 -2.26361
5.94219 -2.30343
5.9362 -2.3061
5.5335 -2.3579
5.51804 -2.35465
4.4973 0.913471
4.49713 0.905425
4.50216 1.1565
4.50253 1.16746
4.51532 0.414793
4.51819 0.373499
4.56281 -0.0354481
4.5521 0.0478548
4.50223 0.644335
4.50171 0.655885
4.60582 -0.29488
4.59513 -0.23602
4.80043 -1.11143
4.78063 -1.04225
4.85327 -1.28998
4.85126 -1.28314
7.7975 -0.233571
7.77444 -0.306072
6.22765 -2.16335
6.08754 -2.2396
4.66565 -0.590677
7.08642 -1.45596
7.09082 -1.45112
5.94292 3.45382
5.82019 3.47948
6.27291 3.32823
6.27754 3.32603
4.71459 2.58859
4.69506 2.52277
4.76778 2.74661
4.78218 2.78458
7.08197 2.6972
7.10642 2.67018
7.26158 2.47921
7.22724 2.52386
6.57304 -1.92679
6.50524 -1.9789
6.92778 -1.61858
6.89764 -1.64853
7.52169 2.07152
7.54643 2.02515
7.81822 1.3178
7.81075 1.34674
7.72197 -0.451468
7.68832 -0.531798
7.68265 -0.545365
6.76739 2.9995
6.73662 3.02519
6.51769 3.18548
6.5395 3.17126
4.53362 1.61537
4.52473 1.5207
4.5219 1.48706
4.51321 1.37883
4.51056 1.3412
4.74082 -0.897529
4.85009 2.93994
4.86429 2.96792
4.60882 2.14809
4.6235 2.22473
5.70601 3.49293
6.05111 3.42066
6.27889 3.32529
6.49974 3.19764
5.70315 3.49313
5.62018 3.49358
5.65127 3.49383
6.91285 2.87057
7.06577 -1.47809
7.0841 -1.45852
6.36561 -2.07493
6.75889 -1.77437
6.70363 -1.82266
6.28692 -2.12708
5.18172 -2.07432
5.20763 -2.11235
4.49839 1.03169
4.49797 0.97697
4.4971 0.857996
4.49709 0.841952
4.5053 1.24375
4.50428 1.21877
4.50059 1.10397
4.50862 0.509895
4.51211 0.460264
4.52182 0.329804
4.53768 0.166394
4.53147 0.22306
4.56811 -0.0716925
4.49895 0.730525
4.49958 0.711219
4.50467 0.590686
4.80062 2.82951
4.80611 2.84356
4.65389 2.36343
4.65543 2.37053
7.65123 1.80501
7.66458 1.77383
7.15833 -1.37352
7.14311 -1.39131
7.30929 -1.18427
7.27315 -1.23205
7.89739 0.891362
7.89648 0.900346
7.81069 -0.188348
5.38503 -2.29405
5.37105 -2.28623
4.74483 -0.913111
4.75624 -0.955968
4.49879 1.04047
4.49881 1.04949
6.7068 3.04929
6.65711 3.08642
6.5518 3.16294
6.59997 3.12931
4.62584 -0.399469
4.60953 -0.315112
4.50806 0.52548
4.50692 0.54001
4.60127 2.10913
4.60462 2.12661
4.5724 -0.0985995
4.58716 -0.189523
4.63783 2.29098
4.64215 2.31125
4.62936 2.25195
7.70285 1.67862
7.71307 1.65226
7.65167 -0.612898
7.62989 -0.660865
5.56874 3.48915
5.49784 3.48194
4.95698 3.12216
4.95909 3.12519
4.56325 1.87202
4.56703 1.89917
7.35811 -1.11859
7.90781 0.776
7.91172 0.72432
4.531 1.58715
4.52764 1.55122
4.63769 -0.457856
4.89484 3.02359
4.91017 3.05065
4.52527 0.290475
4.52767 0.264558
4.82649 -1.20096
4.81529 -1.16242
5.48637 -2.34468
5.4408 -2.32632
5.0067 3.188
4.99588 3.17492
5.3681 3.44809
5.3988 3.45867
5.79547 -2.34904
5.88572 -2.32418
5.66721 -2.36754
7.89757 0.245688
7.89054 0.188606
4.94518 -1.56439
4.99181 -1.68534
5.04069 -1.8064
5.08489 -1.89983
4.58121 1.99217
4.59331 2.06295
7.57036 -0.777717
7.62552 -0.669624
7.61931 1.87631
7.59325 1.93181
4.75509 2.71377
4.73839 2.6665
7.12067 2.65381
7.16523 2.60177
7.84116 1.22347
7.88197 1.00432
7.41303 -1.03795
7.37032 -1.10127
7.48294 2.14132
7.40536 2.27136
7.31584 2.40424
7.38908 2.29674
7.74285 1.56831
7.78418 1.44041
7.91531 0.568179
7.91195 0.718989
7.85745 -0.00107965
7.84144 -0.0717244
5.1383 3.31891
5.20435 3.36771
5.43776 3.46744
5.77391 -2.35465
7.91372 0.452456
4.89355 -1.41335
4.88262 -1.38143
5.01494 -1.74365
5.15753 -2.03406
4.57237 1.93565
7.67305 -0.566985
7.5102 -0.883883
7.43393 -1.00647
7.91531 0.499251
6.07704 -2.2443
6.00223 -2.27904
5.89494 -2.32052
5.98667 -2.28594
5.55752 -2.36167
4.66994 2.42979
4.66263 2.40138
7.90317 0.833323
7.89936 0.873245
4.77466 -1.0217
4.85903 -1.30906
5.16525 -2.0481
4.7235 2.61926
4.67197 2.43715
7.19666 2.56277
7.0458 2.73808
7.88965 0.95063
7.83495 1.25073
7.29416 2.43467
7.55926 2.00013
7.50215 2.10735
7.40214 2.27647
7.79554 1.40108
7.7243 1.62109
4.54516 1.72745
4.54856 1.75716
4.50817 1.30994
4.87228 2.9831
4.83729 2.91321
5.5995 3.49284
5.98836 -2.28511
4.76005 -0.969481
4.49692 0.79439
4.50653 1.28096
4.50278 1.17879
4.87689 -1.36499
4.53013 0.235647
4.54359 0.11309
4.49718 0.777949
4.50113 0.666747
4.82005 2.87665
7.19999 -1.32405
7.90531 0.812787
6.60368 3.12677
7.68003 1.7365
4.96401 3.13186
4.92812 3.0791
4.56299 1.87004
4.55497 1.80786
4.98946 3.16616
7.63879 1.83395
7.57337 1.97238
7.36244 -1.11262
4.88389 3.00404
4.50736 1.2946
4.54188 1.69847
4.5187 1.44799
4.55372 1.79852
4.49707 0.786263
4.4974 0.921672
4.545 0.101004
5.23072 -2.14543
7.22712 -1.29059
7.25547 -1.25514
6.62913 3.10766
4.82892 2.89614
