6.46422 -0.172151
6.35303 -0.239028
5.66405 0.798447
5.66181 0.704186
6.07082 1.56928
6.06241 1.56649
6.30639 1.54771
6.3831 1.50503
6.60275 1.28708
6.56295 1.33985
6.47739 -0.159869
6.55692 -0.0802339
6.23863 -0.268804
6.33108 -0.246054
5.82187 1.36882
5.81288 1.35666
5.67064 0.883417
5.67666 0.938798
6.00271 -0.202191
6.03412 -0.225042
5.85936 -0.0521871
5.842 -0.0274538
5.76609 0.127324
5.77566 0.105271
5.68603 0.417356
5.7057 0.327812
5.66941 0.554836
5.67339 0.509885
6.66941 1.17279
6.64416 1.22119
6.78617 0.454446
6.78601 0.4526
6.7943 0.636675
6.79638 0.590495
6.76173 0.328162
6.78483 0.446357
6.68076 0.111949
6.71577 0.189745
5.76161 1.25931
5.75882 1.25434
6.25526 1.56272
6.44248 1.46492
6.63123 1.24305
6.62433 1.25506
6.52632 1.38061
6.71127 1.08239
6.71222 1.07981
5.7945 1.32224
6.48238 1.42858
6.18358 1.57825
6.78089 0.81436
6.77544 0.84928
6.01838 1.54932
5.97269 1.52611
5.91976 1.48472
5.96236 1.51951
5.69759 1.04776
5.71111 1.10011
5.6756 0.493302
5.68298 0.435572
6.75692 0.936289
6.73578 1.00896
6.09088 1.57114
6.7885 0.762461
5.72443 1.15308
5.73257 1.17755
6.34741 -0.241776
6.46796 -0.169084
5.9216 -0.132746
5.93529 -0.148782
5.73294 0.225739
5.71754 0.278839
6.72599 0.215335
6.76065 0.324047
6.13581 -0.264186
6.18148 -0.26778
6.59369 -0.0353311
6.11117 -0.255522
6.62893 0.0157351
5.89293 -0.0968234
5.80947 0.0356537
5.75589 0.152377
6.64781 0.0486535
5.68342 0.432699
6.79554 0.576495
6.78599 0.452427
6.79409 0.666819
5.75595 1.24718
6.7588 0.928947
5.96751 1.52315
6.71052 1.08428
5.88133 1.44709
5.67471 0.50092
5.66505 0.824071
6.79033 0.744931
5.66725 0.578932
5.87149 1.43639
5.67886 0.951324
5.6627 0.681332
5.66325 0.65676
5.81153 1.35446
6.76017 0.923381
6.72963 1.02849
