5.97815 -0.550696
5.89847 -0.500904
5.83808 1.80833
5.82141 1.79664
6.68176 -0.296964
6.72677 -0.238691
5.48793 1.05533
5.47711 0.966535
6.82563 1.32008
6.84756 1.2732
6.86318 0.0043797
6.84123 -0.0445595
5.47676 0.500774
5.48345 0.440292
6.44123 1.78282
6.41453 1.80107
6.97534 0.412313
6.98436 0.510984
6.17733 -0.594243
6.15125 -0.59215
6.3957 -0.53594
6.35968 -0.551023
6.23002 1.88155
6.13626 1.89694
6.1102 1.89795
6.02154 1.89007
6.63479 -0.352425
6.5742 -0.41037
5.46678 0.824607
5.46581 0.760631
5.52934 1.27354
5.52498 1.25462
5.75423 -0.348571
5.79567 -0.404702
5.59764 1.47632
5.63415 1.55806
5.69393 1.65494
5.65129 1.5878
6.79 1.39027
6.73441 1.47813
5.62125 -0.110127
5.65111 -0.173407
5.57525 0.0185876
5.59911 -0.0517627
5.5205 0.222578
5.50782 0.283536
5.46892 0.610003
5.46549 0.699149
6.98491 0.699618
6.98109 0.7522
6.92305 0.167543
6.94744 0.257938
6.91566 1.09118
6.89737 1.14559
6.48446 1.75225
6.51081 1.73053
6.36679 1.82795
6.34995 1.83735
6.81687 1.33829
6.7919 1.38699
6.61243 1.63473
6.55808 1.69032
6.95376 0.943549
6.9396 1.00852
5.4759 0.509921
5.47065 0.570899
6.28411 -0.577846
6.20368 -0.59109
5.88547 -0.492219
6.00253 -0.559681
5.75707 1.73426
5.92028 1.85796
6.65551 -0.329401
6.76861 -0.177289
5.47461 0.94166
5.49576 1.10756
6.85563 1.25493
6.82079 1.33042
6.88556 0.0577796
6.80165 -0.121397
5.69724 -0.264749
5.68914 -0.249366
5.54591 0.110185
5.54376 0.118243
5.4847 0.430614
5.47628 0.505613
6.98639 0.549726
6.97174 0.386178
6.07556 -0.58403
6.48027 -0.48519
6.51322 -0.462555
5.81849 -0.427941
6.28235 1.86379
6.12473 1.8986
5.94679 1.86769
5.7255 1.69935
6.79091 -0.141094
5.506 1.16606
5.46699 0.830376
5.46541 0.703558
5.54035 1.31476
5.70332 -0.275665
6.96988 0.862996
6.96911 0.868565
5.64191 1.57255
5.57301 1.41242
6.63605 1.60853
6.67297 1.5638
6.70091 1.52619
6.79162 1.38751
6.88515 1.1819
6.90971 0.125742
5.60936 -0.0795841
5.54248 0.123304
5.50001 0.328487
5.47058 0.571948
6.31644 1.85225
6.9537 0.285446
6.98702 0.632856
6.9247 1.06077
6.34744 1.8387
6.40825 1.80482
6.96685 0.881436
6.96866 0.87169
6.55775 1.69065
6.93805 1.01478
5.55917 1.37701
