7.51734 -0.404212
7.48757 -0.473794
5.32369 2.98163
5.40961 3.03904
4.73125 1.33791
4.73301 1.35977
5.7967 -1.91922
5.82565 -1.92065
4.82768 -0.285201
4.80823 -0.186135
4.74116 0.285533
4.7436 0.261044
4.71169 0.78277
4.71148 0.788684
6.63731 2.79563
6.64034 2.79325
6.61795 -1.57497
6.61297 -1.57864
7.711 0.467281
7.71288 0.517669
7.69973 0.852375
7.70238 0.827535
7.59597 -0.189209
7.5812 -0.234134
5.52166 3.09131
5.48553 3.07488
5.22156 2.8879
5.2254 2.89256
7.69765 0.290684
7.69185 0.241647
5.26926 -1.54158
5.25158 -1.51446
5.1398 -1.29717
5.16256 -1.3451
4.75531 1.57424
4.76064 1.61642
4.80452 1.88851
4.82176 1.97366
6.02376 -1.89301
5.98615 -1.90169
5.6635 -1.8956
5.6371 -1.88719
4.89937 -0.592692
4.90825 -0.6258
4.96197 -0.815825
4.95411 -0.788864
5.47043 -1.78754
5.48681 -1.79958
5.35478 -1.66504
5.32963 -1.63318
5.0028 -0.942309
5.01784 -0.986557
5.09925 2.72651
5.13203 2.77677
6.4008 2.95027
6.40612 2.94753
6.11166 3.07855
6.16296 3.06089
5.93307 3.12248
6.02603 3.10356
5.67444 3.12848
5.75096 3.1338
6.63393 2.79823
6.41925 -1.71307
6.40322 -1.72232
6.82062 -1.40192
6.7997 -1.42093
7.31882 -0.792667
7.36492 -0.716675
7.21961 -0.944321
7.22531 -0.936159
7.4865 1.67357
7.46475 1.72424
7.52065 1.58922
7.53434 1.55317
4.71192 0.919024
4.7128 1.0339
5.11311 -1.23359
5.08646 -1.16909
4.78428 -0.0459589
4.77079 0.0430515
4.72988 0.409087
4.72209 0.509294
4.80724 -0.180852
4.80444 -0.165755
7.47299 -0.506991
7.53791 -0.353262
6.89747 2.56494
6.86852 2.59342
7.00514 2.44919
7.05382 2.39214
6.9962 -1.22191
7.02943 -1.18522
7.38563 1.88844
7.40547 1.84971
7.3085 2.02854
7.31692 2.01412
7.20617 2.18913
7.22115 2.16745
7.08066 2.3596
7.12166 2.30654
7.60497 1.33786
7.59481 1.37306
7.64783 1.17155
7.64528 1.18308
7.69133 0.925367
7.68041 1.00104
7.55856 -0.298494
7.61772 -0.116358
7.43753 -0.579484
7.42952 -0.595865
6.465 2.9137
6.46458 2.91398
4.72019 1.17858
4.7191 1.15723
5.56162 -1.85102
5.55282 -1.84683
4.73294 0.372114
4.73127 0.391546
4.71589 0.643619
4.7156 0.652404
4.7118 0.907167
4.96768 2.46653
4.95367 2.43149
4.92066 2.33715
4.93266 2.37434
6.68372 2.75846
4.71316 1.04022
4.71325 1.0468
4.72653 1.27808
5.7301 -1.91207
4.86035 -0.434248
4.83702 -0.329263
6.71941 2.7296
6.72244 2.72715
6.71685 2.73169
4.74769 0.224276
4.7508 0.195776
4.72067 0.533834
4.72129 0.52201
4.71537 0.660851
4.71162 0.776758
7.12915 -1.06602
7.13146 -1.0632
6.95959 -1.26264
7.39495 -0.660549
7.36687 -0.713341
6.55143 2.8567
5.32776 -1.6309
5.3248 -1.62716
4.97944 2.4931
6.09079 3.08596
6.05444 3.09671
6.30329 3.00106
6.28676 3.00877
7.63824 -0.0399846
7.65781 0.0415049
4.74974 1.5257
4.7454 1.48809
4.77875 1.74476
4.7836 1.77554
6.08593 -1.87381
6.06164 -1.88187
5.87458 -1.91875
5.87426 -1.91878
4.90142 2.27976
4.87417 2.18783
6.15956 -1.84579
6.222 -1.82026
5.67356 3.12843
5.67313 3.12837
7.5487 1.51292
7.56584 1.46436
7.62928 -0.0760927
4.98652 -0.892678
4.97618 -0.860577
5.39628 -1.71589
5.37381 -1.68821
7.67173 0.115397
7.66415 0.0729475
5.42208 3.04622
5.30992 2.97056
5.18086 -1.38116
5.20537 -1.43065
4.7362 1.39762
4.72785 1.29561
4.7991 1.86167
4.78942 1.80894
4.927 -0.693469
4.95188 -0.781204
5.05085 -1.07951
5.04397 -1.06138
6.98592 2.47105
6.93831 2.52226
5.04987 2.64332
5.04119 2.62718
6.29352 -1.78391
6.26658 -1.7978
7.17465 -1.00537
7.20882 -0.959733
6.24994 3.02603
6.19037 3.04988
5.83553 3.13413
5.82867 3.13468
6.51811 -1.64827
6.70886 -1.50132
7.26962 -0.868976
7.29887 -0.824373
7.34778 1.95945
7.36282 1.93199
7.13835 2.28397
7.1723 2.23758
7.62777 1.25458
7.62143 1.27944
7.71315 0.558957
7.70842 0.411663
7.68039 0.164671
5.22671 2.89397
5.53044 3.09425
5.6223 3.11894
5.15395 2.80636
7.70566 0.374403
5.23683 -1.4899
5.30336 -1.59541
5.12293 -1.2579
4.7419 1.45508
4.76266 1.63255
4.75268 1.55225
4.77814 1.74061
4.83664 2.03997
4.88239 -0.528619
4.97295 -0.849943
4.87332 -0.49121
5.42425 -1.74357
5.54703 -1.84352
5.05607 -1.09267
4.7546 0.163237
4.76374 0.0921686
5.06045 2.66106
6.32123 -1.77041
4.84694 2.08546
4.84228 2.06551
7.41879 -0.616656
6.45958 2.91694
6.34695 2.97918
6.09922 3.08317
5.81874 3.13452
6.03804 3.1011
5.67378 3.12844
6.71874 -1.49321
6.51155 -1.65258
6.88615 -1.33786
7.3663 -0.714323
7.71335 0.626187
7.44929 1.75821
7.50064 1.63979
4.86946 -0.474636
7.16039 -1.02507
6.93312 -1.29072
4.8705 2.17523
7.70941 0.739297
7.70965 0.734259
4.78887 -0.0753247
7.66086 1.11144
7.66503 1.09134
7.66561 1.08807
7.66628 1.08481
6.80967 2.64995
6.79561 2.66257
7.06891 2.37414
7.12306 -1.07372
7.08694 -1.11757
7.42226 1.8158
7.26823 2.09611
7.26817 2.09621
7.26789 2.09665
7.57983 1.42137
7.66812 1.07427
7.69281 0.914816
7.70891 0.745798
6.46422 2.91421
6.78491 2.67214
5.92365 -1.91356
5.96201 -1.90696
5.41189 -1.73175
6.12382 -1.86101
5.00655 2.55632
7.69427 0.902532
7.06706 -1.1415
7.04204 -1.17097
7.71312 0.649819
