7.53908 -0.424565
7.52086 -0.467152
5.32007 3.04106
5.36187 3.06899
4.69015 1.1604
4.68478 1.05021
5.14147 -1.39288
5.12808 -1.36282
4.70251 1.35464
4.70291 1.35963
4.76015 1.82176
4.76879 1.87298
6.02904 -1.94105
6.01547 -1.94604
5.74802 -1.9736
5.81684 -1.97701
4.79997 -0.300888
4.79654 -0.28343
4.71356 0.269537
4.71436 0.26152
4.68745 0.644666
4.69218 0.527668
7.05578 -1.20128
7.05998 -1.19638
6.64781 2.82745
6.67776 2.80386
7.73892 0.477752
7.73977 0.500767
7.61872 -0.210504
7.61304 -0.227783
5.51847 3.14365
5.61854 3.17001
5.12725 2.84703
5.18543 2.91764
7.72303 0.266923
7.72135 0.252713
5.19336 -1.49437
5.21377 -1.5339
4.727 1.59072
4.73023 1.61628
4.77762 1.92092
4.79182 1.99108
5.62758 -1.94801
5.6075 -1.93904
4.93442 -0.832398
4.92139 -0.787679
4.87135 -0.608247
4.86927 -0.59998
4.68339 0.772397
4.68315 0.783234
4.95954 2.54447
4.97282 2.57749
5.06263 2.74949
5.09986 2.80656
4.92681 2.46469
4.9008 2.39433
6.36697 3.01
6.37838 3.00387
6.1597 3.10397
6.18044 3.09683
5.97184 3.15985
5.93028 3.1683
6.61441 2.85307
6.75449 2.74053
6.73177 2.76055
6.61267 -1.62143
6.6431 -1.59701
7.33871 -0.816093
7.34259 -0.809689
7.23844 -0.966515
7.26359 -0.930533
7.51785 1.67062
7.48587 1.74512
5.31434 -1.69406
5.31021 -1.68795
4.83265 2.16236
4.84283 2.20224
7.55143 1.58632
7.55592 1.5745
5.06065 -1.20096
5.05431 -1.18562
4.75212 -0.0262097
4.74393 0.0278452
4.70054 0.410172
4.70189 0.392856
7.49451 -0.527138
7.57048 -0.346763
5.92571 -1.96567
6.11774 -1.91168
7.07142 2.41719
7.03028 2.46541
7.12047 -1.12334
7.14356 -1.09461
7.0085 -1.25381
7.05149 -1.20635
7.40413 1.91334
7.43598 1.85118
7.32641 2.05265
7.34806 2.01561
7.24382 2.18539
7.24774 2.17945
7.11214 2.36606
7.146 2.32224
7.63376 1.33515
7.61659 1.39461
7.67539 1.16896
7.6674 1.20496
7.70662 1.00887
7.70635 1.01077
7.7288 0.837447
7.72969 0.827227
7.58083 -0.319338
7.64867 -0.110184
7.49377 -0.528641
7.46431 -0.588924
6.5079 2.92588
6.48671 2.94004
5.9151 -1.96827
5.85489 -1.97383
5.65237 -1.95373
5.53728 -1.90591
5.49826 -1.87948
4.70203 0.3911
4.70195 0.392023
4.9347 2.48723
4.87414 2.31203
4.88964 2.36004
6.27838 3.05544
6.30482 3.04252
6.41346 2.98455
6.44451 2.96606
6.81405 2.68858
6.32729 -1.8118
6.31573 -1.81879
4.68355 0.923924
4.68341 0.913252
4.69066 1.17379
4.69039 1.16724
5.00961 -1.06378
5.02057 -1.09539
5.3011 -1.67424
5.30807 -1.6847
5.36462 -1.75605
4.68671 0.66154
4.68707 0.652869
6.89272 2.61393
6.89615 2.61052
6.12405 -1.90879
4.68476 1.04025
4.69708 1.28502
4.6977 1.29485
5.72093 -1.97069
4.80478 -0.322817
4.80135 -0.307371
5.45663 -1.84795
5.40062 -1.79497
4.72027 0.208383
4.7216 0.196251
4.69259 0.522477
6.98606 -1.27877
5.77389 3.18305
5.77489 3.183
6.46801 -1.72466
6.41386 -1.7605
6.8952 -1.37331
6.82804 -1.43821
7.41478 -0.683914
7.40296 -0.706141
6.5624 2.88994
6.23794 -1.85796
6.21645 -1.86915
4.69276 0.517654
4.6843 1.03001
4.68332 0.902448
4.68304 0.794315
6.08815 3.12937
6.05227 3.13998
6.82749 2.67614
7.67477 -0.0069652
7.68116 0.0196475
4.71721 1.50551
4.71519 1.48795
4.75565 1.79241
4.74812 1.74462
5.82233 -1.97679
4.86995 2.29951
4.8632 2.27674
5.6706 3.17684
5.61951 3.17018
7.56062 1.56131
7.58733 1.48562
7.65228 -0.0976185
4.95597 -0.905196
4.95716 -0.908889
5.46042 -1.85154
4.98811 -1.00298
7.70123 0.121284
7.69808 0.103622
5.4187 3.10169
5.26636 2.99789
5.16935 -1.44917
5.11986 -1.34322
4.70751 1.41431
4.69775 1.29547
4.76974 1.87876
4.75814 1.8088
4.89886 -0.709009
4.91163 -0.754036
6.9823 2.51999
6.96448 2.53915
7.18756 -1.03888
7.19087 -1.03447
6.24726 3.07002
6.23654 3.07431
6.73779 -1.51895
6.7578 -1.50148
7.28907 -0.891893
7.33702 -0.818764
7.36595 1.98391
7.39358 1.93347
7.18486 2.26971
7.19681 2.25339
7.65589 1.25193
7.64335 1.30112
7.74021 0.56911
7.73506 0.394915
7.70484 0.141785
5.22282 2.95781
5.47678 3.12792
5.61918 3.17014
5.11532 2.8306
7.73434 0.385164
5.23838 -1.57829
5.26252 -1.6164
5.0904 -1.27463
4.70957 1.435
4.73434 1.64903
4.72237 1.55211
4.74446 1.7197
4.79732 2.01555
4.87586 -0.625999
4.93916 -0.848719
4.84656 -0.506358
4.96085 -0.920134
4.72729 0.147409
4.73188 0.111734
4.99694 2.62677
5.03566 2.70399
5.01479 2.66533
4.81731 2.10393
4.80828 2.06516
7.42482 -0.665434
6.11704 3.11981
5.89137 3.17295
6.03536 3.14509
5.84732 3.17857
5.77153 3.18306
5.69838 3.17902
6.71339 -1.54028
6.54364 -1.67214
6.51279 -1.69514
6.91406 -1.35487
7.38524 -0.736638
7.74033 0.60923
7.48128 1.7552
7.52194 1.66085
4.83413 -0.452954
7.18618 -1.04079
6.91887 -1.35004
7.73562 0.74913
7.73937 0.671059
5.04372 -1.15898
4.76218 -0.0904388
4.77515 -0.165835
6.90217 2.60428
7.09345 2.38998
7.18263 -1.04547
7.09914 -1.14924
7.68895 1.10633
7.69529 1.07279
7.44101 1.84102
7.29962 2.09761
7.28577 2.1199
7.22942 2.20673
7.60915 1.41861
7.70591 1.01336
7.7185 0.924454
7.72761 0.84786
6.46893 2.95176
5.38608 -1.78111
5.45963 -1.85079
5.82587 3.18061
6.3431 -1.8025
6.13077 -1.90592
5.27177 -1.63009
5.0262 -1.11166
6.81508 -1.45068
6.35775 3.01531
7.73984 0.659841
4.89851 2.3873
