4.73133 -1.16021
4.75385 -1.24281
5.41312 -2.51444
5.40944 -2.51323
5.02331 -2.03856
5.01089 -2.00848
5.07602 3.43509
5.11222 3.46355
4.65754 -0.880287
4.65019 -0.850263
4.57595 -0.521881
4.55865 -0.437506
5.94946 3.56029
5.92563 3.566
6.17709 3.47523
6.2578 3.43626
4.60366 2.51956
4.6163 2.57186
4.65711 2.71774
4.66059 2.72837
7.06923 2.81925
7.02505 2.86484
7.18548 2.68955
7.1834 2.69202
7.28847 2.56072
7.31293 2.52798
7.40831 -1.16667
7.45197 -1.10479
6.58273 -2.02337
6.62625 -1.99
6.93569 -1.7148
7.01354 -1.63873
7.48738 2.26923
7.50394 2.24153
4.83531 -1.5185
4.82507 -1.48395
7.81585 -0.395052
7.81065 -0.409338
4.85045 3.17017
4.82007 3.11744
5.00273 3.36915
5.01361 3.37972
5.30302 3.56508
5.30711 3.56665
5.79725 -2.49285
5.77331 -2.50162
4.90832 -1.73885
4.89378 -1.69837
6.78691 3.08437
6.76948 3.09933
6.52105 3.28424
6.57184 3.2492
4.60242 -0.644574
4.64247 -0.817629
4.94802 -1.85317
4.95503 -1.87051
4.54235 2.23161
4.52836 2.15458
4.50072 1.97761
4.50385 1.99849
7.71297 -0.644291
7.74014 -0.583082
7.59179 -0.878417
7.6166 -0.834178
6.43309 3.3401
6.40094 3.35999
6.92738 2.95979
6.99001 2.90049
7.50914 -1.01692
7.4758 -1.06908
6.76653 -1.87054
6.82192 -1.82263
7.09133 -1.55638
7.02676 -1.62495
7.98305 0.569337
7.98303 0.559778
6.34889 -2.19545
6.41121 -2.15366
6.28447 -2.2404
6.23724 -2.26906
5.49753 3.60981
5.50005 3.61002
4.72185 2.90542
4.70044 2.84657
7.69685 1.8664
7.67849 1.90774
7.97339 0.789186
7.97662 0.748666
4.78186 -1.34038
4.76277 -1.27547
5.41703 -2.51532
7.85319 -0.285706
7.85161 -0.290675
5.06848 -2.13303
5.07253 -2.14206
5.18606 -2.3303
5.14652 -2.27293
6.12416 -2.34015
6.08877 -2.35948
5.24318 -2.39951
5.22115 -2.37515
5.30846 -2.45695
5.27088 -2.42707
4.4266 0.882975
4.42669 0.850053
4.42744 1.00949
4.42706 0.977053
4.44103 1.38166
4.43961 1.35842
4.44952 1.50189
4.44842 1.48672
4.53992 -0.338587
4.55243 -0.405528
4.44858 0.350995
4.45015 0.33097
4.43909 0.487337
4.44063 0.461427
4.46762 0.148527
4.46967 0.129796
5.98323 3.54964
5.83388 3.58873
6.10407 3.50506
6.28947 3.42124
7.95857 0.933621
7.94373 1.03782
7.90283 1.24845
7.91697 1.18539
7.23863 -1.38858
7.19266 -1.4435
7.32911 -1.27431
7.302 -1.30997
6.67672 -1.94737
6.527 -2.06789
7.01607 -1.6361
6.91816 -1.73244
7.56626 2.13149
7.53213 2.19313
7.40325 2.39991
7.43184 2.35696
7.84212 1.47783
7.86499 1.40039
7.78582 1.64541
7.80775 1.58367
7.88842 1.3112
7.87797 1.35172
5.56096 -2.53782
5.55008 -2.53874
5.6542 -2.52916
5.64131 -2.53209
7.80385 -0.427364
4.95217 3.31257
4.96137 3.32391
6.85603 3.02465
6.83838 3.04045
6.64006 3.19979
6.62702 3.20966
6.51143 3.29094
4.47155 1.7475
4.4707 1.73989
4.54909 2.27112
4.51791 2.09164
5.69165 3.60928
5.71025 3.60833
5.79022 3.59654
5.77567 3.59956
6.06379 3.52185
6.39617 3.36258
6.99622 2.89422
6.90931 2.97727
6.48455 -2.09854
6.8531 -1.79307
6.72451 -1.90807
7.10755 -1.5394
6.31535 -2.21896
4.78232 3.04476
4.81249 3.10372
6.02239 -2.39474
6.03838 -2.38708
5.93572 -2.43784
5.93755 -2.43712
4.69252 -1.01486
4.69788 -1.03511
4.45819 1.60769
4.45878 1.61503
4.48768 -0.017311
4.50119 -0.109582
4.42982 0.690451
4.42881 0.722223
4.43498 0.563352
4.43361 0.591843
4.74682 2.96458
4.72213 2.90617
4.56934 2.37298
4.56899 2.37139
7.19011 -1.44651
7.18772 -1.44926
7.96855 0.846632
7.9666 0.865889
4.64787 -0.84049
4.43233 1.20145
4.43335 1.23105
4.42863 1.07231
4.42932 1.10405
6.18721 -2.30216
5.36972 -2.49521
5.36681 -2.49366
7.88598 -0.173329
4.87034 3.20085
4.91387 3.26435
4.67812 -0.960194
4.68129 -0.972097
6.71826 3.14073
6.69714 3.15689
4.51575 -0.200925
4.52006 -0.227506
7.63258 2.00408
7.62355 2.02253
7.88625 -0.172354
7.90111 -0.115063
7.97696 0.377141
7.97282 0.317407
4.48855 1.88621
4.48646 1.87123
5.33216 -2.47423
7.94564 0.100557
7.93968 0.064099
4.51306 2.06213
4.995 3.36064
4.75598 -1.25073
4.72151 -1.1236
4.86281 -1.607
4.86227 -1.60518
5.08711 -2.17055
5.10747 -2.20794
4.9986 -1.98095
5.04074 -2.07548
4.92219 3.27568
5.17478 3.50438
5.31318 3.56829
5.40368 3.59399
5.89081 -2.45759
5.8822 -2.46156
7.96212 0.215459
7.95898 0.188199
4.43658 1.29454
4.43703 1.32141
4.42676 0.946384
4.42663 0.913553
4.42801 0.786552
4.42659 0.819486
4.44503 1.44192
4.44374 1.42257
4.44342 0.41942
4.44501 0.396205
5.57438 3.61469
5.60032 3.61458
4.50905 2.03715
4.4834 0.013328
4.48392 0.00925274
7.65562 -0.760708
7.67334 -0.72597
4.59204 2.47277
4.64212 2.66842
4.67236 2.76534
4.64316 2.67218
7.14701 2.73364
7.1895 2.68477
7.93986 1.06157
7.9192 1.17441
7.24435 2.61709
7.35236 2.47402
7.45985 -1.09311
7.37207 -1.21751
7.28478 -1.33131
7.24669 -1.37908
7.52748 2.20125
7.48377 2.27513
7.8152 1.56151
7.83746 1.4931
7.98269 0.586883
7.98021 0.676085
5.60899 -2.5351
5.59586 -2.53719
4.8083 -1.42963
4.86434 -1.61187
7.91588 -0.0557799
7.91562 -0.0569251
5.21 3.52428
5.19339 3.51567
5.48996 3.6087
5.69743 -2.52097
7.91767 -0.0468923
7.96553 0.244956
4.92561 -1.78957
4.9627 -1.88949
4.49492 1.93486
7.68885 -0.694891
7.76339 -0.529255
7.55678 -0.938762
7.35615 -1.23949
7.52411 -0.993211
7.9822 0.478146
4.7887 -1.36307
5.97941 -2.41669
5.98797 -2.41296
5.6865 -2.52416
4.46425 1.67721
4.46442 1.67919
4.43212 0.626738
4.43093 0.657037
4.69324 2.82515
4.72192 2.90562
4.43024 1.13674
4.43112 1.16755
4.52633 -0.264052
4.70698 -1.06947
5.49895 -2.53558
5.50392 -2.53609
5.11827 -2.22499
5.19027 -2.33687
5.21652 -2.37051
5.25666 -2.41241
4.42766 1.04055
4.45335 1.55087
4.45422 0.282276
4.4365 0.526645
4.45704 0.251259
4.64247 2.66976
4.56942 2.37333
7.22328 2.64343
7.1237 2.76019
7.96218 0.905042
7.88994 1.30511
7.37698 2.43866
7.19041 -1.44616
7.60396 2.06029
7.57741 2.11097
7.44582 2.33525
7.86664 1.39439
7.77601 1.67223
5.50905 -2.53614
6.75215 3.11339
4.47715 1.79873
4.46656 1.70088
6.06477 -2.37211
5.9214 -2.44422
4.42769 0.75426
4.75856 2.99072
4.68005 2.78748
4.55749 2.31365
7.72369 1.80459
7.75423 1.72952
7.67077 1.92452
4.77354 3.02508
7.14417 -1.49869
7.96961 0.836911
4.43444 1.26618
5.38758 -2.50319
5.62604 3.61332
4.98284 -1.94108
7.98131 0.451626
4.47972 1.81833
4.47833 1.80751
7.97899 0.703952
6.68121 3.16895
6.8205 3.05624
7.08213 2.80552
7.71447 1.82683
5.19925 -2.34864
7.76513 1.70147
7.77501 -0.501126
6.61519 3.21857
5.71715 3.60797
7.91535 -0.0580252
5.73377 3.60602
