6.73321 -0.272564
6.74542 -0.256755
5.46623 1.06873
5.45404 0.96869
6.8535 1.31154
6.86844 1.27959
6.89183 0.0128133
6.85857 -0.0613487
6.45134 1.81059
6.43453 1.82207
6.99682 0.405196
7.0071 0.517676
6.38826 -0.575463
6.39115 -0.573921
6.17074 -0.629259
6.09815 -0.623433
5.97128 -0.587153
6.00228 -0.598122
5.79043 -0.446243
5.86758 -0.519101
6.22716 1.91641
6.17815 1.92445
6.05109 1.92938
6.01855 1.92648
5.80507 1.82589
5.81811 1.83691
6.62598 -0.399187
6.59412 -0.429657
5.44617 0.837328
5.45246 0.952464
5.50868 1.2863
5.49781 1.23911
5.7291 -0.363372
5.78736 -0.442277
5.57521 1.49081
5.60765 1.56344
5.66918 1.67093
5.63068 1.61031
6.62256 1.66235
6.62282 1.66205
6.7707 1.46616
6.75093 1.49741
5.61518 -0.159534
5.62794 -0.186573
5.55369 0.00633805
5.56577 -0.0292574
5.50022 0.211056
5.48145 0.301338
5.44537 0.687713
5.44939 0.582933
5.4683 0.386602
5.46165 0.43678
6.9955 0.392249
6.98237 0.318394
7.0073 0.677328
7.00143 0.758185
6.94149 0.149187
6.97285 0.265417
6.93198 1.11023
6.91981 1.14642
6.47364 1.79481
6.53353 1.74545
6.40425 1.8415
6.37831 1.85598
6.83208 1.35605
6.81292 1.39342
6.9727 0.958408
6.96792 0.980325
6.27711 -0.615046
6.24408 -0.620484
5.87855 -0.528954
5.9636 -0.582615
5.91717 1.89584
5.95624 1.90783
5.72673 1.75039
5.74823 1.77123
6.6733 -0.34662
6.75677 -0.240097
5.45267 0.955207
5.46983 1.09276
6.88304 1.24653
6.84166 1.33681
6.90343 0.0404812
6.83228 -0.11238
5.67494 -0.277418
5.64419 -0.219031
5.53885 0.0526842
5.5243 0.107185
5.46069 0.445439
5.45486 0.50612
6.99563 0.39321
7.00767 0.528545
6.50511 -0.505587
6.37553 -0.58011
6.06873 -0.620277
5.78947 -0.445038
6.31637 1.88613
6.12194 1.93252
5.90538 1.8897
5.72177 1.7449
6.5106 -0.501128
6.80774 -0.157388
6.50651 -0.504529
5.48494 1.17907
5.44555 0.818137
5.44484 0.716259
5.53615 1.3891
5.69801 -0.31885
6.99317 0.839811
6.98909 0.869301
5.61876 1.58751
5.53709 1.39192
6.62229 1.66263
6.68872 1.58219
6.73901 1.51451
6.80659 1.40499
6.90146 1.20095
6.93653 0.133635
5.58864 -0.0913584
5.51564 0.141417
5.47882 0.316446
5.4508 0.56071
6.32741 1.88239
6.97303 0.266201
7.00851 0.639179
6.94643 1.06157
6.33745 1.878
6.97711 0.937456
6.98671 0.88585
6.56726 1.71679
6.95594 1.02882
5.53669 1.3909
