6.04066 0.0546182
6.06563 0.0314511
6.38255 0.0296339
6.27622 -0.0157975
5.92035 0.218196
5.88178 0.296504
6.61915 0.850299
6.62674 0.819258
6.55716 1.02821
6.54504 1.05372
6.01196 1.26676
6.13013 1.32736
5.85101 0.411801
5.874 0.319627
6.6427 0.660086
6.64149 0.714213
6.6139 0.386277
6.6367 0.497627
6.3795 1.2602
6.40629 1.23698
6.52187 1.09725
6.48334 1.14894
5.94001 1.17507
6.00749 1.26377
5.81917 0.770614
5.81558 0.736802
6.63838 0.745993
6.61493 0.868763
6.55493 0.237429
6.57699 0.283114
6.58872 0.948221
6.43588 1.20445
5.87895 1.06541
5.86785 1.03168
6.15472 1.32747
5.89074 1.0961
5.8823 1.07714
5.83578 0.912729
5.8375 0.921313
5.82181 0.814868
5.81613 0.674972
5.81601 0.703626
5.82435 0.548199
5.82136 0.576299
6.24813 1.3244
6.29541 1.30581
6.50827 0.162864
6.48953 0.132815
6.64278 0.574076
6.59195 0.324253
6.61184 0.378796
6.1401 -0.00402646
5.96918 0.12712
6.39056 0.0342414
6.22828 -0.0176124
5.87712 0.309958
5.96629 0.13178
5.96796 0.129014
6.16803 -0.015683
6.47211 0.113782
5.83595 0.476544
6.63959 0.516168
6.53588 0.201895
5.84859 0.968711
5.83532 0.910184
5.8167 0.638832
5.81782 0.612646
5.82795 0.514867
5.82636 0.855264
