4.52302 -1.41515
4.55589 -1.56143
8.09979 -0.249356
8.10246 -0.240629
8.20453 0.433971
8.20578 0.475786
4.19672 1.35832
4.19493 1.33532
4.18674 0.850335
4.18641 0.832278
6.85834 3.35829
6.8488 3.36619
4.31489 -0.459586
4.32558 -0.517231
4.23465 1.91574
4.22651 1.82488
4.80806 -2.73185
4.81419 -2.75703
4.78602 -2.61351
4.78481 -2.60569
4.22092 0.189616
4.21582 0.243304
4.27416 -0.2347
4.27468 -0.237816
7.87939 -0.821038
7.88793 -0.803741
5.36715 -3.28867
5.34201 -3.30484
5.50292 -3.19035
5.52586 -3.17486
6.43974 3.66965
6.43866 3.6703
7.88018 1.99839
7.89268 1.97046
4.3264 2.59688
4.31567 2.53082
5.22853 4.00666
5.27571 4.01496
4.75055 -2.42094
4.75734 -2.46243
7.15521 3.07982
7.19111 3.04216
8.15181 1.12475
8.14682 1.15253
4.91531 -3.32126
4.91546 -3.33091
7.48308 2.68847
7.50562 2.6582
7.68089 -1.17211
7.62668 -1.25488
7.67422 2.39869
7.71495 2.32675
8.02804 1.61878
8.01235 1.66608
5.70093 -3.05194
5.69349 -3.05795
4.95225 -3.47137
4.95246 -3.45286
5.07898 -3.48111
5.0414 -3.49643
4.84104 -2.8998
4.8511 -2.9543
4.85606 -2.98972
4.86667 -3.04267
4.65963 -2.01984
4.6553 -1.99889
5.65481 -3.08498
5.64575 -3.09094
4.89013 -3.17763
4.89007 -3.17555
5.21938 -3.3888
5.26924 -3.3565
5.10147 -3.46479
5.15472 -3.43327
5.98874 -2.84317
5.96539 -2.85977
6.65321 3.52202
6.63635 3.53412
6.21823 3.7966
6.17303 3.81881
6.04294 3.87824
6.05475 3.87356
5.77772 3.97437
5.77587 3.97476
4.24402 2.00815
4.24278 1.99582
4.39911 2.9621
4.39089 2.92546
4.44187 3.12527
4.43869 3.11316
7.13266 3.10315
7.56196 -1.34771
7.60702 -1.28394
7.06411 -1.9296
7.08064 -1.91319
6.9028 -2.08689
6.88959 -2.09943
4.73477 3.71938
4.76634 3.75705
8.20489 0.652556
8.20523 0.643466
6.65765 -2.3051
6.68111 -2.2842
6.43521 -2.4913
6.40549 -2.51625
6.22744 -2.65877
6.24051 -2.64811
4.5921 -1.71934
4.61156 -1.80161
7.9896 -0.573396
7.98293 -0.590431
4.93692 3.89771
4.94055 3.90014
7.75187 -1.05643
7.77364 -1.01922
6.09309 -2.76403
6.16155 -2.70953
6.95997 3.26895
7.03901 3.19478
4.27008 2.22035
4.28283 2.30762
4.23612 1.93221
4.23752 1.94747
7.31094 2.90909
7.32026 2.89795
7.17458 -1.81354
7.24748 -1.73445
6.08108 -2.77367
6.00279 -2.8317
4.48458 -1.24747
4.50956 -1.35333
4.56143 -1.58646
4.63418 -1.90884
4.6322 -1.89874
4.46495 -1.16467
4.46615 -1.16993
4.43238 -1.01998
4.43763 -1.04375
4.18684 1.02253
4.18654 0.977335
4.2047 1.51921
4.20286 1.48559
4.19703 0.505499
4.19942 0.465352
5.50396 4.02107
5.47383 4.02275
5.39507 4.0238
5.43498 4.02473
4.28399 2.31396
4.28496 2.32137
4.23613 0.0396848
4.24084 0.000247373
5.47534 -3.2123
5.45262 -3.22717
7.96182 1.80356
7.97674 1.76471
7.786 2.19439
7.80074 2.16562
5.01671 3.93959
5.00238 3.93326
5.13321 3.98476
5.17194 3.99438
4.76507 -2.49287
4.74194 -2.38366
8.1007 1.3671
8.08342 1.43473
7.62944 2.47285
7.58558 2.54109
7.46119 -1.48321
7.47171 -1.46987
7.38062 -1.583
7.38504 -1.57773
4.5283 3.36864
4.52298 3.35693
4.70063 -2.19178
4.68929 -2.14199
4.73308 -2.34039
4.72046 -2.28
5.81625 -2.96722
5.84211 -2.94982
5.7678 -3.00391
4.63633 -1.91981
4.67647 -2.08892
8.1047 -0.232552
8.03397 -0.454943
8.02599 -0.476865
8.18544 0.189438
8.19052 0.237353
8.1646 0.0362618
8.17097 0.0784542
4.83965 3.8277
4.8226 3.81356
6.73108 3.46204
6.74416 3.45203
6.94152 3.28533
6.95076 3.27721
5.8336 3.95705
5.86433 3.94645
5.99982 3.89658
5.94695 3.91627
5.66444 3.99983
6.28977 3.75809
6.27328 3.76742
6.52529 3.61286
6.49945 3.63079
4.40582 2.9881
7.25838 2.96861
7.14039 -1.85008
6.98623 -2.00829
6.81718 -2.16455
6.98573 -2.0088
8.19971 0.741483
8.19863 0.756428
6.76006 -2.21513
6.72129 -2.2494
6.62018 -2.33664
6.52668 -2.41647
6.46686 -2.46614
4.61909 -1.83778
4.58842 -1.70346
4.20865 1.58424
4.21058 1.61389
4.19469 0.554148
4.19288 0.59576
4.26509 2.18423
4.26563 2.18887
7.33647 -1.63513
7.33993 -1.63122
4.39257 -0.837624
4.38256 -0.791331
4.41695 -0.950062
4.41 -0.917544
4.18734 1.05943
4.18817 1.10433
5.92762 -2.88755
5.91652 -2.89634
4.56461 -1.60163
4.57818 -1.66111
8.06641 -0.358311
8.19991 0.351615
8.20234 0.386871
4.18885 0.723332
4.18789 0.742249
7.06091 3.17411
7.04974 3.18473
6.7561 3.44271
6.83877 3.37439
5.42834 -3.24352
5.40329 -3.26371
5.54044 -3.16383
5.56293 -3.14919
6.37444 3.70872
6.35022 3.72361
6.44945 3.66336
6.49484 3.63393
4.34994 2.73646
4.35018 2.73791
4.81364 3.80462
8.18749 0.876693
8.18849 0.868114
8.17195 0.998212
8.18666 0.885127
4.89988 -3.24206
4.91502 -3.31479
6.98581 -2.00871
4.68613 3.6566
4.71608 3.6983
8.11548 -0.190738
4.88133 3.86072
6.54971 3.59638
6.617 3.54788
5.61413 4.00841
4.25042 2.0689
6.34382 -2.56593
6.33977 -2.56929
7.25756 -1.72364
8.15855 0.00136936
8.13777 -0.101379
4.19166 1.23133
4.19178 1.2525
4.22156 1.76323
4.21995 1.74141
4.41499 3.02316
4.42156 3.05068
4.73513 -2.34893
7.34965 2.86137
7.37695 2.82886
4.57891 3.48001
4.58947 3.50228
4.47856 3.23772
4.48285 3.25005
6.58518 -2.36617
6.559 -2.38877
6.13321 3.83798
6.10943 3.84906
6.8021 -2.17826
4.19398 1.29483
4.19741 1.38277
4.18768 0.786834
4.18628 0.868318
4.33459 -0.564355
4.29926 -0.375617
5.55778 4.01594
5.52268 4.01999
4.82383 -2.80581
4.80012 -2.68526
4.78675 -2.61853
4.77306 -2.54099
4.21114 0.303811
4.22734 0.12122
4.2774 -0.25335
4.25664 -0.119418
7.93376 -0.705215
7.83208 -0.913004
5.33104 -3.31381
5.37884 -3.2789
7.92252 1.90083
7.84763 2.06929
4.33202 2.63484
4.30519 2.45877
4.42665 3.07167
5.32294 4.01935
5.20318 4.0022
8.16927 1.01724
8.12797 1.24762
4.89986 -3.24108
4.93453 -3.41589
4.93375 -3.38962
5.27648 -3.35029
4.83151 -2.85347
4.82733 -2.82579
5.61542 -3.11285
5.5785 -3.13747
4.98522 -3.50995
4.98168 -3.50702
5.09687 -3.46935
4.85356 -2.97142
4.87691 -3.1029
4.87796 -3.11067
5.6792 -3.0684
4.87824 -3.11489
5.21208 -3.39525
5.16141 -3.42706
4.24941 2.05943
7.81853 -0.938155
7.94037 -0.69046
4.45731 3.17554
7.71229 -1.122
7.6136 -1.27428
7.52717 -1.39666
4.6274 3.57112
4.6549 3.61255
4.79551 3.78586
8.20699 0.56247
8.20297 0.687016
6.27624 -2.61998
6.31006 -2.59217
6.20558 -2.67599
4.21331 1.65289
4.21671 1.70152
4.60929 3.53724
7.51365 -1.415
4.48036 -1.22942
4.48195 -1.23607
4.62737 -1.87672
4.47415 -1.20405
4.45171 -1.10685
4.44848 -1.09222
4.42371 -0.980651
4.18659 0.959169
4.18698 1.04083
4.20156 1.45846
4.20643 1.54974
4.29557 -0.3546
4.35379 -0.66001
4.20113 0.437719
4.19568 0.530564
5.44983 4.0243
5.60719 4.00929
5.35135 4.02202
4.25342 -0.0964465
7.83472 2.09623
7.93576 1.869
7.99816 1.70657
7.75211 2.25963
4.30025 2.42622
4.95456 3.90761
5.06646 3.96145
5.11034 3.9767
8.11844 1.29155
8.07011 1.48331
7.64269 2.45143
7.5682 2.56754
7.44183 2.74516
7.39247 2.80902
7.5248 2.63057
7.73707 2.28731
7.50107 -1.43168
7.42882 -1.5241
7.42104 -1.53365
7.34034 -1.63075
4.50684 3.31412
4.54282 3.40297
4.49364 3.28106
4.68335 -2.11919
4.70541 -2.21104
4.71701 -2.26583
8.05372 1.53907
5.8854 -2.91867
8.19221 0.25419
8.1834 0.170891
5.78019 3.97366
5.88926 3.93842
6.10154 3.85252
4.38013 2.87835
4.37386 2.85065
6.78492 -2.19372
6.70258 -2.26564
6.53044 -2.41345
6.46649 -2.46644
6.40331 -2.51806
4.19222 0.617763
4.38035 -0.781424
4.3962 -0.85444
4.40474 -0.893858
4.18877 1.12376
8.20692 0.52474
4.19057 1.21085
4.18901 0.703762
4.55463 3.43091
7.94686 -0.675597
6.24155 3.78415
4.46229 3.1907
4.22498 1.80501
8.13401 -0.117826
4.36922 -0.728212
4.35568 -0.669186
5.91278 3.92943
4.92477 -3.36073
7.4607 2.7199
8.04229 1.57574
5.87551 -2.92545
8.17785 0.125464
6.32895 3.73631
4.38622 2.90659
4.36303 2.80003
4.35143 2.74407
6.16793 3.82136
6.40952 3.68779
4.36451 2.80708
5.93994 -2.87853
