7.56495 0.0388483
7.57523 0.0820798
7.53712 1.255
7.52655 1.29676
5.32849 -1.37586
5.37978 -1.44857
5.66687 -1.69686
5.68171 -1.70285
5.04829 -0.742534
5.03955 -0.714416
5.11525 -0.93277
5.14599 -1.01382
6.58242 2.69929
6.56027 2.71588
6.90896 2.40976
6.92199 2.39553
4.80684 0.781221
4.80467 0.842701
5.11725 2.48686
5.14871 2.54483
7.17626 -0.839696
7.14032 -0.892852
6.15235 2.92645
6.19335 2.91082
5.86601 2.98094
5.94207 2.97487
7.0566 2.235
7.04149 2.25481
6.39378 2.81861
6.35291 2.84111
7.58145 0.112995
7.59821 0.21122
7.54825 -0.0318252
7.52411 -0.121937
7.46922 -0.28229
7.47983 -0.254358
7.37674 -0.495905
7.35513 -0.54096
7.39837 1.65475
7.38776 1.67866
7.46648 1.48158
7.45625 1.50952
5.53226 2.91756
5.57526 2.9351
5.33573 2.7842
5.36169 2.80704
5.32069 -1.36269
5.27639 -1.28659
4.81086 1.11299
4.81723 1.22529
4.83079 1.37877
4.83983 1.46247
4.86803 1.66492
4.87252 1.69378
5.80402 -1.73453
5.85353 -1.74242
4.98191 -0.518575
4.99028 -0.548588
5.50177 -1.58723
5.50345 -1.58862
5.19012 -1.11379
5.15444 -1.03334
4.91685 1.91618
4.92856 1.96328
4.85788 0.093021
4.84719 0.171425
4.82365 0.390043
4.82283 0.397924
5.219 2.65137
5.1884 2.60594
4.96927 2.11496
4.97502 2.13458
6.23991 -1.66254
6.28835 -1.63895
7.04423 -1.01835
7.00232 -1.06793
5.73471 2.97556
5.79081 2.97909
6.63542 -1.42112
6.70534 -1.36342
6.43667 -1.55961
6.50677 -1.51391
7.62136 0.433652
7.61642 0.360672
7.62548 0.616942
7.62584 0.572378
7.60734 0.892087
7.60354 0.924365
4.93826 -0.339144
4.95346 -0.404401
7.09085 -0.957849
7.12013 -0.920477
7.24406 -0.738093
7.25413 -0.722247
6.87209 -1.2093
6.84887 -1.23298
7.27774 1.89905
7.26428 1.92373
4.80596 0.973541
4.80601 0.979649
4.89449 -0.131452
4.89077 -0.111327
7.41094 -0.424494
7.43282 -0.374228
7.52608 1.29847
7.50333 1.3744
7.5857 1.03667
7.58153 1.06165
6.73338 2.57939
6.78054 2.53665
7.18966 2.04773
7.14295 2.117
7.61767 0.795756
7.61781 0.793937
7.51962 -0.135931
7.5146 -0.151758
7.40336 -0.441807
7.33001 -0.589596
7.34689 -0.557106
7.43361 1.56955
7.48648 1.4248
4.81829 1.23949
4.8104 1.10409
4.81011 0.585748
4.80795 0.650902
4.80469 0.850114
6.665 2.63639
6.68078 2.62363
7.56775 1.12738
7.57378 1.10147
7.59526 0.979455
7.59988 0.949158
4.91915 -0.255289
4.96245 -0.441826
7.30998 1.83983
7.33472 1.79186
7.42371 1.59415
4.80945 1.0401
4.81035 1.10308
5.71257 -1.71444
5.74073 -1.72312
4.81012 0.585685
4.81017 0.58474
4.80627 0.713544
4.8061 0.718727
5.01687 2.25896
5.03595 2.30952
7.22781 1.98625
7.19098 2.04569
6.10995 -1.70887
6.0455 -1.72676
6.42001 2.80468
6.46004 2.78068
4.82299 1.29605
4.974 -0.487603
4.81772 0.460002
4.81383 0.518205
7.5782 0.0967375
7.55495 -0.00650743
5.43331 2.86216
5.45802 2.87763
5.32452 -1.36941
5.42444 -1.50687
4.82729 1.3446
4.91503 -0.235938
4.91672 -0.243943
5.06269 -0.78771
5.01793 -0.643261
5.5588 -1.63229
5.57663 -1.64637
5.15052 -1.02447
5.09397 -0.875212
4.89274 1.80693
4.8939 1.81225
6.53937 2.72962
6.6037 2.68376
6.95881 2.3541
6.85294 2.46717
5.16485 2.57117
5.08786 2.42743
6.18414 -1.68352
6.14207 -1.7003
7.13435 -0.900831
7.1982 -0.808147
6.94449 -1.13344
6.98045 -1.0936
6.07859 2.94835
6.2585 2.88565
6.02265 2.96113
5.83798 2.98201
6.53551 -1.49504
6.6093 -1.44064
7.00674 2.29832
7.09318 2.18652
7.6247 0.525777
7.623 0.465349
6.33932 2.84741
6.407 2.81183
7.60216 0.23791
7.3609 1.73735
5.63234 2.95439
5.28057 2.72691
7.61445 0.340187
5.44072 -1.52481
5.23183 -1.20436
5.23088 -1.20242
4.84719 1.52046
4.85491 1.57886
4.85129 1.5527
4.88967 1.79102
5.94178 -1.74151
5.75886 -1.7282
4.99261 -0.55678
5.08127 -0.840357
5.23023 -1.20099
4.94349 2.0238
4.86749 0.028442
4.84189 0.21384
5.24057 2.68028
5.07414 2.39973
5.05984 2.36778
6.33885 -1.61517
5.95026 -1.74155
5.96891 -1.73891
6.90174 -1.17867
7.04726 -1.01464
6.29376 2.86983
6.04683 2.9569
5.70861 2.97135
6.73645 -1.33724
6.39647 -1.58244
6.79581 -1.2828
7.30269 -0.639374
7.27363 -0.689802
7.62461 0.681965
6.62425 2.66819
6.64652 2.65177
4.90522 -0.188347
6.4746 2.77208
7.07799 -0.974845
4.87618 -0.025897
7.55129 1.20156
7.56393 1.14641
7.49798 1.392
7.57678 1.0848
7.58821 1.02355
6.82083 2.49917
6.70443 2.60373
6.98731 2.32149
7.19068 2.04615
7.12708 2.13934
7.61747 0.797799
7.62374 0.707162
7.4878 -0.232254
7.44752 -0.338844
7.31438 -0.618838
4.8284 0.336104
4.83073 0.312055
4.81847 0.4501
7.60969 0.873297
7.34208 1.77721
7.29999 1.85911
7.24667 1.95457
4.83655 0.259531
5.00158 2.21691
5.57717 -1.6468
5.57774 -1.64722
7.35271 1.75477
7.5464 1.22096
5.58054 -1.64889
5.62781 -1.67685
4.83468 0.2747
4.82427 0.381277
7.29675 1.86516
4.81372 0.520506
4.81357 0.52264
