6.18499 -0.55357
6.22721 -0.547404
5.98593 -0.509397
5.93649 -0.478505
5.87806 1.78708
5.82524 1.75005
6.64507 -0.297827
6.70616 -0.218739
5.5119 1.04053
5.50481 0.982348
6.81805 1.27994
6.8245 1.26615
6.83153 -0.00493504
6.82208 -0.0260161
5.50441 0.483705
5.50927 0.439681
6.43008 1.75216
6.42631 1.75473
6.95295 0.434612
6.95925 0.503593
6.404 -0.491866
6.32426 -0.525255
6.20465 1.84773
6.23318 1.84305
6.02484 1.84985
6.07075 1.85393
6.6158 -0.328238
6.5522 -0.389069
5.49228 0.808857
5.49085 0.713612
5.78198 -0.332225
5.80135 -0.358461
6.9167 0.998026
6.90585 1.04212
5.62242 1.46032
5.63684 1.49261
5.72127 1.63728
5.70997 1.61949
6.71617 1.45683
6.75324 1.39824
5.67671 -0.158865
5.6388 -0.0785512
5.62818 -0.0537272
5.59906 0.032117
5.5429 0.235304
5.53696 0.263874
6.49691 1.70329
6.54633 1.65927
6.96018 0.724238
6.95863 0.745589
6.90269 0.187817
6.91938 0.249679
6.89764 1.07014
6.87258 1.14468
6.48418 1.71304
6.4517 1.73687
6.94483 0.862616
6.94011 0.892636
6.57204 1.63404
6.60129 1.60413
6.92572 0.959827
6.93284 0.927137
5.57119 1.3193
5.55315 1.25884
5.50059 0.523956
5.49661 0.570285
6.35871 1.79438
6.31489 1.81434
6.29185 -0.53676
6.14862 -0.551023
5.89346 -0.449765
6.04866 -0.53251
5.79058 1.71644
5.92382 1.81472
6.76288 -0.135493
6.63483 -0.309377
5.4992 0.926481
5.5244 1.12391
5.7248 -0.248682
5.74921 -0.285308
6.79643 1.32297
6.82536 1.26421
6.86583 0.0768854
6.78617 -0.0957204
5.55472 0.181909
5.56813 0.132089
5.51269 0.413332
5.50228 0.504998
6.9629 0.573121
6.94518 0.378362
6.0831 -0.543995
6.45082 -0.463767
6.52223 -0.414715
5.85086 -0.408874
6.24478 1.83911
6.12804 1.8583
5.99637 1.84132
5.72963 1.64904
6.77142 -0.12223
5.52926 1.1517
5.49366 0.845599
5.49114 0.687672
5.54533 1.22669
5.70959 -0.224564
5.66997 1.55443
5.61269 1.43507
6.65127 1.5487
6.65557 1.54348
6.65883 1.5391
6.77284 1.36559
6.86713 1.16087
6.88009 0.117023
5.63326 -0.0660001
5.5774 0.0997329
5.52342 0.341785
5.49557 0.586149
6.30433 1.81895
6.93235 0.306701
6.9633 0.625872
6.95311 0.80017
6.90069 1.05988
6.3769 1.78423
6.94717 0.847939
5.58401 1.36168
