6.04348 0.0562786
6.0661 0.0352897
6.3786 0.0318876
6.27673 -0.0116368
5.92279 0.219636
5.88241 0.301628
6.61672 0.848911
6.62562 0.8125
6.55395 1.02961
6.54305 1.05258
6.01651 1.26477
6.13037 1.32316
5.85319 0.413084
5.87692 0.317966
6.64035 0.665516
6.63924 0.715498
6.61112 0.384691
6.63503 0.501489
6.38067 1.25557
6.40392 1.23543
6.52218 1.09178
6.48069 1.14743
5.94299 1.17376
6.00777 1.25892
5.82189 0.772159
5.81802 0.735736
6.63636 0.744845
6.61176 0.870569
6.55074 0.235042
6.57555 0.286434
6.58655 0.946988
6.42959 1.2072
5.8821 1.0672
5.87365 1.04156
6.16424 1.3233
5.89105 1.09053
5.88464 1.07612
5.83799 0.911764
5.83803 0.911996
5.82472 0.819831
5.81855 0.673916
5.81842 0.704996
5.82686 0.547104
5.82361 0.577581
6.24912 1.32051
6.29208 1.30362
6.50583 0.164256
6.48818 0.135949
6.64044 0.575411
6.58976 0.325501
6.61041 0.382113
6.14392 -0.00177991
5.97256 0.128205
6.39116 0.0391131
6.22147 -0.0137288
5.87912 0.311134
5.9697 0.131403
5.97046 0.130493
6.16848 -0.012032
6.46934 0.115364
5.83881 0.474916
6.6371 0.514748
6.53458 0.204901
5.85105 0.967636
5.83797 0.911695
5.81908 0.640186
5.8203 0.611561
5.8302 0.516147
5.8286 0.854281
