7.50628 -0.393853
7.47063 -0.477175
4.74588 1.3294
4.74833 1.35984
5.82147 -1.89154
5.83014 -1.89197
4.96509 -0.769335
4.97016 -0.785675
4.84178 -0.277217
4.82605 -0.19707
4.7552 0.293674
4.75848 0.260802
4.72721 0.782517
4.72669 0.797497
7.21119 -0.930325
7.20845 -0.93438
6.62076 -1.55018
6.59611 -1.56836
7.6968 0.461952
7.6992 0.526272
7.68465 0.861854
7.68885 0.822459
7.58439 -0.17837
7.565 -0.237366
5.32557 2.95081
5.24718 2.87889
5.52336 3.06339
5.43489 3.02317
7.68473 0.302777
7.67683 0.236015
5.31473 -1.56986
5.27183 -1.50405
5.13998 -1.2503
5.1806 -1.33583
4.76972 1.56585
4.77612 1.61649
4.78699 1.69331
4.79415 1.73939
4.824 1.9006
4.83699 1.96479
6.02801 -1.86585
5.99121 -1.87434
5.68622 -1.87023
5.64196 -1.85613
4.91386 -0.584691
4.92857 -0.639511
5.47553 -1.75496
5.54011 -1.80242
5.37775 -1.65324
5.36334 -1.63498
5.00586 -0.897835
5.03316 -0.978103
5.11788 2.71482
5.13464 2.7405
6.38018 2.93935
6.39775 2.93031
6.10161 3.06065
6.15406 3.04259
5.9345 3.09915
5.99459 3.08692
5.70224 3.10612
5.73873 3.10866
6.42205 -1.68838
6.38378 -1.71047
6.8235 -1.37656
6.78473 -1.4118
7.30871 -0.780744
7.34786 -0.716198
7.47055 1.67507
7.45401 1.71361
6.55144 2.83511
6.53725 2.84444
7.50499 1.59069
7.52336 1.54231
4.72726 0.927918
4.72801 1.02505
5.13893 -1.24807
5.10282 -1.16068
4.80064 -0.0560108
4.78447 0.0507913
4.74414 0.417348
4.73773 0.499688
4.82147 -0.172793
4.80862 -0.103419
7.46203 -0.496737
7.52132 -0.35657
7.63399 1.17177
7.6336 1.17345
6.89927 2.54053
6.85463 2.58446
6.99235 2.44093
7.00395 2.42734
6.98994 -1.20568
7.01593 -1.17699
7.37621 1.87577
7.38994 1.84897
7.29937 2.01626
7.30107 2.01335
7.18314 2.19619
7.2086 2.15936
7.09598 2.31574
7.10927 2.29855
7.59032 1.33924
7.58372 1.3621
7.66721 0.996085
7.6747 0.944134
7.54723 -0.287884
7.60197 -0.119501
4.73604 1.18841
4.734 1.14856
5.60653 -1.83915
5.57368 -1.82353
4.74868 0.362451
4.74619 0.391303
4.73126 0.634177
4.73067 0.652159
4.72695 0.897859
4.98486 2.45576
4.95694 2.38596
4.94434 2.34993
4.94892 2.36413
4.88578 -0.478114
4.88706 -0.483453
4.72887 1.0402
4.72909 1.05598
4.7412 1.26954
5.97779 -1.87719
5.96219 -1.8797
5.73477 -1.88224
4.85517 -0.340406
6.70417 2.71976
6.72418 2.70362
6.63748 2.77383
6.68728 2.73359
4.76164 0.232366
4.76567 0.195534
4.73526 0.542293
4.73633 0.521765
4.7302 0.669448
4.72704 0.76729
7.11568 -1.05781
7.12499 -1.04642
6.94611 -1.25442
7.69785 0.685413
7.69563 0.734129
7.38486 -0.648657
7.36277 -0.69017
5.35045 -1.61924
5.33007 -1.59349
5.00828 2.50868
6.30466 2.97869
6.27815 2.99106
7.61965 -0.0567908
7.64593 0.0526299
4.76629 1.53599
4.76078 1.48816
5.87885 -1.89028
5.90147 -1.88839
5.40599 -1.68675
5.40942 -1.69011
4.91744 2.26971
4.89679 2.20004
6.18322 -1.81226
6.22484 -1.79525
7.54263 1.48829
7.5549 1.45354
7.61758 -0.0651364
6.07814 -1.85126
6.12186 -1.83668
4.88732 -0.484464
5.00146 -0.884427
4.99867 -0.875755
7.65671 0.112401
7.64688 0.0573349
5.42385 3.01725
5.33267 2.95628
5.2141 -1.40183
5.22371 -1.42123
4.7508 1.38912
4.74317 1.29568
4.81434 1.8528
4.80631 1.80902
4.97336 -0.795696
4.94133 -0.68556
5.06705 -1.07057
5.04698 -1.01769
6.62359 2.78396
6.98777 2.44615
6.92498 2.51366
5.06842 2.63168
5.04412 2.58649
6.27678 -1.76854
6.23081 -1.79224
7.16807 -0.988319
7.21835 -0.920043
6.25131 3.00364
6.16688 3.03745
5.87144 3.10669
5.83017 3.10996
6.52092 -1.62356
6.693 -1.49166
7.25972 -0.857312
7.27945 -0.827227
7.33852 1.947
7.34716 1.93124
7.11468 2.29123
7.15983 2.22953
7.61345 1.25593
7.61027 1.26841
7.69937 0.55379
7.69485 0.420188
6.44494 2.9033
6.45524 2.89765
7.66795 0.176319
5.2288 2.85973
5.56001 3.0757
5.62389 3.09286
5.17408 2.79373
7.69106 0.368927
5.23603 -1.44445
5.32415 -1.58472
5.13953 -1.24937
4.75836 1.4653
4.77708 1.62416
4.7681 1.55232
4.79636 1.75193
4.85666 2.0524
4.8877 -0.485975
4.99103 -0.850597
5.46591 -1.74579
5.5521 -1.81117
5.08225 -1.10896
4.7685 0.171293
4.77995 0.08221
5.09806 2.68137
6.32405 -1.7455
4.86201 2.07607
4.85959 2.06568
6.33847 2.96175
6.08999 3.0642
5.7705 3.10899
6.03946 3.07774
5.65971 3.09951
6.72158 -1.46818
6.49348 -1.64157
6.87195 -1.3292
7.35596 -0.702143
7.69962 0.634819
7.433 1.75974
7.4898 1.62907
6.46576 2.89138
7.14726 -1.01707
6.94037 -1.26052
4.87427 2.12276
4.80246 -0.067632
7.64885 1.10015
7.63239 1.17858
7.65112 1.08754
7.65371 1.07494
6.81144 2.62594
6.78108 2.6532
7.05571 2.36562
7.09107 -1.08889
7.08072 -1.10145
7.41272 1.80296
7.29118 2.03002
7.24586 2.10291
7.25556 2.08801
7.56491 1.42277
7.6608 1.03429
7.67943 0.909797
7.69309 0.769471
7.41353 -0.595635
7.41159 -0.599444
6.75797 2.67387
7.26165 2.07854
5.92803 -1.88558
5.43747 -1.7186
5.84478 -1.89141
5.40155 -1.68221
6.12676 -1.83512
6.06531 -1.85488
5.02401 2.54537
7.42121 -0.580193
7.07503 -1.10831
7.03574 -1.1546
7.69952 0.644719
