6.11212 0.976582
6.14806 1.01047
6.0137 0.773293
6.01138 0.749727
6.44008 0.517779
6.44897 0.545187
6.02277 0.510585
6.02314 0.509205
6.40831 0.873168
6.35182 0.943652
6.44193 0.749347
6.42305 0.838777
6.19195 0.292447
6.20564 0.284444
6.3383 0.329488
6.33159 0.321973
6.252 1.01716
6.05929 0.907392
6.00884 0.652241
6.03065 0.854362
6.45388 0.640895
6.40908 0.428531
6.06566 0.419755
6.02219 0.512656
6.41823 0.851109
6.27394 1.01676
6.0432 0.883559
6.01092 0.619094
6.45494 0.68119
6.23352 0.284857
6.35711 0.355261
6.10621 0.35226
6.27617 0.295219
6.26905 0.290376
