7.55951 0.0377643
7.56864 0.0761198
7.532 1.25481
7.52211 1.29384
5.33631 -1.3724
5.3873 -1.4447
5.66853 -1.68623
5.68914 -1.69455
5.05348 -0.739665
5.04725 -0.719615
5.12078 -0.929718
5.14702 -0.9989
6.57684 2.6957
6.56087 2.70765
6.90962 2.40088
6.91729 2.3925
4.81213 0.781135
4.80985 0.845708
5.12354 2.48292
5.1497 2.53111
7.17394 -0.833668
7.13579 -0.89009
6.15284 2.91841
6.18473 2.90626
5.87828 2.97156
5.94259 2.96643
7.04776 2.23771
7.03695 2.25188
6.3863 2.81465
6.34945 2.83495
7.57691 0.117245
7.59276 0.210132
7.54118 -0.0382135
7.51983 -0.117928
7.46077 -0.289928
7.47383 -0.255556
7.37032 -0.497187
7.35112 -0.537207
7.39462 1.65037
7.38215 1.67845
7.46265 1.4771
7.45085 1.50932
5.53287 2.90746
5.58526 2.92882
5.33644 2.77261
5.36979 2.80196
5.32823 -1.36076
5.28305 -1.28317
4.81604 1.10658
4.8226 1.22216
4.83679 1.38249
4.8451 1.4594
4.87432 1.66882
4.87773 1.69074
5.79045 -1.72209
5.8551 -1.73238
4.9831 -0.500853
4.99647 -0.548813
5.50353 -1.57596
5.51294 -1.58375
5.19608 -1.11049
5.16469 -1.03971
4.92234 1.91264
4.93597 1.96751
4.86288 0.0959189
4.85308 0.16781
4.82909 0.389954
4.82796 0.400898
4.81141 0.71547
4.81325 0.650815
5.22582 2.64709
5.20365 2.61417
6.24093 -1.65356
6.28231 -1.63341
4.97675 2.11831
4.97631 2.11689
7.03214 -1.02408
7.00006 -1.06204
5.73525 2.96665
5.77162 2.96894
6.63643 -1.41215
6.69968 -1.35996
6.43768 -1.55076
6.50027 -1.50995
7.6161 0.431679
7.6115 0.363763
7.62051 0.615077
7.62083 0.575529
7.6022 0.891898
7.59769 0.930185
4.94333 -0.336349
4.96024 -0.408974
7.08846 -0.951645
7.12333 -0.90713
7.23478 -0.742495
7.24945 -0.719397
6.86715 -1.20629
6.85143 -1.22231
7.27338 1.89623
7.26192 1.91726
4.8112 0.976575
4.8112 0.976629
4.89935 -0.128702
4.89682 -0.115043
7.40168 -0.432861
7.42667 -0.375454
7.51135 1.33022
7.4971 1.3778
7.58051 1.03648
7.57527 1.06788
6.73402 2.57083
6.77539 2.53333
7.18272 2.04823
7.13835 2.11403
7.51367 -0.137118
7.50678 -0.158821
7.39939 -0.438093
7.32603 -0.585873
7.3403 -0.558422
7.42981 1.56511
7.48114 1.4246
4.81568 1.10102
4.82417 1.24314
4.81139 0.715996
4.80986 0.846938
6.65971 2.63298
6.67045 2.6243
7.56257 1.12719
7.56967 1.09667
7.61282 0.792201
7.61212 0.800442
7.59253 0.964548
7.59541 0.94565
4.92589 -0.259833
4.96746 -0.439057
7.32216 1.80499
7.33232 1.78529
7.41821 1.59395
4.81481 1.0401
5.71421 -1.70397
5.74844 -1.71451
5.01805 2.2426
5.04189 2.3058
7.19755 2.02515
7.22552 1.98
6.08892 -1.70561
6.04657 -1.71736
6.42062 2.79643
6.45673 2.77478
4.82856 1.29607
4.81138 0.716502
4.97977 -0.487811
4.82289 0.463003
4.81944 0.514761
7.57259 0.095618
7.55065 -0.00247593
5.43397 2.85134
5.46697 2.87201
5.4242 -1.49285
5.33156 -1.36579
4.83259 1.34151
4.92019 -0.23309
4.92252 -0.244153
5.06376 -0.771878
5.02317 -0.640366
5.15649 -1.02117
5.10261 -0.880587
4.89824 1.80337
4.90107 1.81634
6.53336 2.72574
6.59218 2.6845
6.93897 2.3681
6.84803 2.464
5.17164 2.56691
5.09911 2.4335
6.1775 -1.67743
6.14311 -1.69114
7.13211 -0.895011
7.19363 -0.805357
6.9394 -1.13035
6.98331 -1.0817
6.09546 2.93545
6.25899 2.87757
6.01072 2.95482
5.83852 2.97308
6.53652 -1.48615
6.60326 -1.43695
7.01209 2.28301
7.08861 2.18357
7.61956 0.523849
7.61801 0.468488
6.33149 2.84327
6.4036 2.80579
7.59751 0.24226
7.35719 1.73301
5.63292 2.94493
5.28797 2.72227
7.60903 0.338157
5.44923 -1.52043
5.24273 -1.20876
4.85333 1.52428
4.86014 1.57581
4.85695 1.55273
4.89076 1.7646
5.93099 -1.7316
5.76048 -1.71788
5.57946 -1.63623
5.59092 -1.64299
5.0002 -0.561902
5.08683 -0.837284
5.23732 -1.1989
5.23261 -1.18992
4.94898 2.02025
4.87347 0.0247712
4.84696 0.216778
5.24145 2.66804
5.08042 2.39579
5.06096 2.35229
6.33986 -1.60631
5.95138 -1.7317
5.99624 -1.72535
4.97703 2.11915
6.88722 -1.18555
7.04489 -1.00848
6.29062 2.86338
6.04735 2.9484
5.71833 2.96392
6.73748 -1.32815
6.38943 -1.57815
6.79048 -1.27955
7.29915 -0.635199
7.27788 -0.672104
7.61957 0.685132
6.61855 2.66452
6.64714 2.64345
4.90663 -0.167319
6.47521 2.76387
7.07314 -0.97189
4.88112 -0.0230989
7.54724 1.19683
7.55807 1.14961
7.49414 1.38752
7.5203 1.30017
7.57184 1.08462
7.58367 1.01999
6.82148 2.49046
6.69903 2.60025
6.98245 2.31835
7.1185 2.14197
7.18608 2.04319
7.61389 0.778229
7.61887 0.705336
7.48364 -0.228355
7.44346 -0.335044
7.3077 -0.62017
4.8335 0.339062
4.83646 0.308535
4.82414 0.446617
4.81539 0.588743
4.81568 0.582329
7.60499 0.869609
7.33534 1.77928
7.29755 1.85245
7.23932 1.95682
4.84197 0.259443
5.00738 2.21327
7.34767 1.75323
7.54032 1.22427
5.63485 -1.66898
4.83972 0.277628
4.82997 0.377781
4.81328 0.64906
4.97803 2.12229
7.28958 1.86736
4.81916 0.520417
4.81878 0.525664
