7.51188 -0.399094
7.4792 -0.475465
5.32461 2.96669
5.42161 3.03151
4.73848 1.3337
4.74058 1.3598
5.80894 -1.90554
5.82787 -1.90648
4.83465 -0.281256
4.81704 -0.191538
4.7481 0.289555
4.75095 0.260924
4.71936 0.782645
4.719 0.793039
6.61934 -1.56272
6.60464 -1.57356
7.70398 0.464648
7.70612 0.52192
7.69228 0.857059
7.6957 0.825027
7.59025 -0.183853
7.5732 -0.235731
5.29523 2.94008
5.23611 2.88584
5.5225 3.07751
5.42966 3.03531
7.69126 0.296659
7.68443 0.238864
5.29173 -1.55555
5.26159 -1.50932
5.13937 -1.27293
5.17147 -1.34052
4.76243 1.5701
4.76829 1.61645
4.78522 1.73616
4.78642 1.74389
4.81414 1.89448
4.82928 1.96927
6.02586 -1.87959
5.97627 -1.89103
5.67473 -1.88306
5.6395 -1.87184
4.90653 -0.588738
4.91829 -0.632575
4.96349 -0.793124
4.96233 -0.789162
5.47295 -1.77144
5.51314 -1.80098
5.36613 -1.65921
5.34629 -1.63407
5.00431 -0.920334
5.02541 -0.98238
5.10846 2.72073
5.13332 2.75885
6.39061 2.94487
6.40199 2.93902
6.09957 3.07216
6.15856 3.05185
5.93378 3.11095
6.01049 3.09534
5.6875 3.11738
5.74492 3.12138
6.42063 -1.70087
6.39362 -1.71646
6.82204 -1.38939
6.7923 -1.41642
7.31382 -0.786776
7.3575 -0.714781
7.21487 -0.938739
7.21568 -0.937574
7.47862 1.67431
7.45944 1.71899
6.55057 2.84675
6.54574 2.84992
7.51291 1.58995
7.52892 1.5478
4.7195 0.923419
4.72031 1.02953
5.12631 -1.24179
5.09454 -1.16494
4.79236 -0.0509257
4.77755 0.0468759
4.73693 0.413169
4.72982 0.504548
4.81427 -0.17687
4.80651 -0.134954
7.46757 -0.501924
7.52971 -0.354897
6.89836 2.55288
6.86166 2.58899
6.99882 2.44511
7.02918 2.40953
6.99311 -1.21389
7.02276 -1.18116
7.38097 1.88218
7.3978 1.84934
7.30399 2.02247
7.30909 2.01374
7.19479 2.19262
7.21495 2.16345
7.08823 2.33793
7.11554 2.30259
7.59773 1.33854
7.58933 1.36765
7.6409 1.1722
7.63971 1.17758
7.67389 0.99859
7.68486 0.922549
7.55296 -0.293251
7.60994 -0.117911
7.42338 -0.59227
7.42077 -0.597611
4.72802 1.18344
4.72646 1.15295
5.58381 -1.84516
5.56313 -1.83532
4.74072 0.367339
4.73864 0.391426
4.72349 0.638954
4.72304 0.652283
4.71928 0.902568
4.97617 2.46121
4.95528 2.40899
4.93236 2.34346
4.94069 2.36929
4.72092 1.04021
4.72108 1.05134
4.73378 1.27386
5.9756 -1.89117
5.97483 -1.8913
5.73241 -1.89733
4.87433 -0.462273
4.84599 -0.334769
6.71188 2.72474
6.7233 2.71553
6.6366 2.78567
6.70224 2.73263
4.75459 0.228273
4.75815 0.195656
4.72788 0.538014
4.72872 0.521889
4.7227 0.665099
4.71924 0.77208
7.1225 -1.06197
7.12826 -1.05491
6.95293 -1.25858
7.70355 0.716549
7.70263 0.736757
7.38996 -0.654673
7.36434 -0.702841
5.33897 -1.62514
5.32741 -1.61053
4.99369 2.5008
6.09146 3.07504
6.07732 3.07922
6.30397 2.99001
6.2825 3.00002
7.62906 -0.0482888
7.65194 0.0470019
4.75792 1.53078
4.753 1.48812
5.87659 -1.9047
5.8877 -1.90376
4.90934 2.27479
4.88535 2.19386
6.13866 -1.84254
6.22341 -1.8079
7.5457 1.50075
7.56043 1.45902
7.6235 -0.070679
6.07662 -1.86467
6.07973 -1.86363
4.9939 -0.888601
4.98729 -0.868077
5.39889 -1.69921
5.39069 -1.68911
7.66431 0.113917
7.65561 0.065233
5.42293 3.03227
5.32087 2.96369
5.19728 -1.39137
5.21443 -1.426
4.74341 1.39342
4.73542 1.29565
4.80663 1.85729
4.79776 1.80898
4.93408 -0.689561
4.96201 -0.788036
5.05886 -1.07509
5.04546 -1.03979
6.63174 2.78922
6.98684 2.45875
6.93172 2.51801
5.05904 2.63757
5.04263 2.60707
6.28525 -1.77632
6.24891 -1.79505
7.1714 -0.996947
7.21333 -0.940938
6.25061 3.01497
6.17876 3.04374
5.85328 3.12057
5.82941 3.12247
6.5195 -1.63606
6.70103 -1.49655
7.26473 -0.863213
7.28928 -0.825783
7.3432 1.9533
7.35508 1.93162
7.12666 2.28756
7.16614 2.2336
7.6207 1.25524
7.61591 1.27399
7.70634 0.556404
7.70171 0.415876
6.45505 2.90865
6.45992 2.90598
7.67425 0.170426
5.22774 2.87712
5.54505 3.08508
5.62309 3.10605
5.1639 2.80012
7.69844 0.371697
5.23644 -1.46744
5.31363 -1.59013
5.13111 -1.2537
4.75003 1.46013
4.76979 1.6284
4.7603 1.55229
4.78679 1.74599
4.84653 2.04611
4.88405 -0.503902
4.98188 -0.850266
4.88005 -0.4874
5.44483 -1.74467
5.54954 -1.82754
5.06901 -1.10072
4.76147 0.167217
4.77175 0.0872479
5.07903 2.6711
6.32262 -1.7581
4.85439 2.08082
4.85084 2.06559
7.41728 -0.604389
6.34276 2.97057
6.09474 3.07395
5.7949 3.1219
6.03874 3.08956
5.66684 3.11417
6.72014 -1.48084
6.50262 -1.64714
6.87913 -1.33358
7.36121 -0.708334
7.70657 0.630452
7.44124 1.75897
7.49529 1.63449
4.87835 -0.480089
6.4649 2.90301
7.1539 -1.02112
6.9367 -1.2758
4.87236 2.1493
4.79559 -0.0715236
7.64698 1.14418
7.65703 1.0957
7.65845 1.08781
7.66007 1.07993
6.81054 2.63809
6.78843 2.65794
7.06239 2.36993
7.10725 -1.08122
7.08387 -1.1096
7.41755 1.80945
7.27938 2.06377
7.25721 2.09943
7.26195 2.09214
7.57246 1.42206
7.6645 1.05452
7.68626 0.912359
7.70158 0.751416
6.7716 2.67299
7.26493 2.08751
5.92582 -1.89974
5.42453 -1.72525
5.85987 -1.90525
6.12527 -1.84825
6.07613 -1.86481
5.01518 2.55091
7.071 -1.1251
7.03893 -1.16288
7.7064 0.647299
