7.66595 -0.254724
7.67885 -0.214651
5.51157 3.2568
5.49045 3.25038
7.77515 0.218131
7.78233 0.275588
4.6273 1.12397
4.62539 1.08477
5.06072 -1.41188
5.05548 -1.40013
5.00678 -1.27289
4.9872 -1.22011
4.65557 1.53299
4.65752 1.55181
4.69801 1.85793
4.7005 1.87267
5.67368 -2.09274
5.60688 -2.08037
4.62846 0.61047
4.63027 0.565692
7.11035 -1.23454
7.1253 -1.2171
4.70311 -0.121619
4.68563 -0.00516182
6.67094 2.89755
6.74936 2.8358
6.84315 -1.5153
6.80341 -1.55348
7.37942 -0.864071
7.34535 -0.918514
7.44323 1.96595
7.41488 2.01883
7.69551 1.32935
7.71571 1.25274
7.73012 -0.0261846
7.74019 0.0185647
7.59238 -0.452884
7.58602 -0.468506
5.31233 3.16803
5.26118 3.13218
5.14508 -1.59888
5.13367 -1.57507
6.48891 3.02774
6.53516 2.99706
4.63328 1.25612
4.63557 1.29519
5.92052 -2.08037
5.97253 -2.06762
5.79763 -2.09982
5.75814 -2.09954
4.81305 -0.641255
4.79048 -0.551627
4.62342 0.737633
4.6224 0.784223
4.90914 2.64147
4.90048 2.62288
6.20441 -1.97517
6.24763 -1.9521
4.74083 2.08687
4.74995 2.1281
7.47984 -0.690801
7.4905 -0.670127
6.14293 3.20258
6.19453 3.18077
6.41871 3.07013
6.42384 3.06738
5.9288 3.26307
5.96021 3.25735
6.59998 2.952
6.83293 2.76279
6.79797 2.79358
6.40227 -1.86258
6.37126 -1.88142
6.56148 -1.7509
6.6012 -1.72244
6.76625 -1.58596
6.70798 -1.63655
7.22846 -1.08716
7.23116 -1.08347
7.27995 -1.01542
7.30012 -0.986556
7.79763 0.499776
7.79669 0.464993
4.76488 -0.43668
4.7812 -0.512221
6.97053 -1.3893
7.0197 -1.33873
4.77137 2.22148
4.77694 2.2433
7.00723 2.58801
6.96757 2.63078
7.79715 0.681341
7.79702 0.684077
7.70021 -0.142495
7.63886 -0.333121
6.0196 -2.05184
6.10039 -2.02255
5.54551 -2.05556
5.5829 -2.07185
5.70095 -2.09843
7.03479 -1.32203
7.04274 -1.31332
6.25615 3.15535
6.34479 3.11087
7.76116 1.03192
7.76126 1.03138
7.36565 2.10544
7.35318 2.12605
7.28205 2.23683
7.31771 2.18281
7.19392 2.36212
7.20573 2.34609
7.64428 1.49645
7.66283 1.44034
7.7361 1.16325
7.72608 1.2084
7.62769 -0.363211
6.58332 2.96429
4.67245 1.68506
4.67185 1.68014
4.64725 1.44939
4.64509 1.42349
5.99759 -2.0603
5.80943 -2.09787
5.89663 -2.08631
5.51587 -2.04274
4.8622 -0.82968
4.84737 -0.77473
5.44974 -2.00048
5.39307 -1.95257
5.41311 -1.97128
6.03951 3.23802
6.09626 3.21907
6.2309 3.16608
6.35807 3.10439
6.75955 2.82707
6.83728 2.75899
6.4062 -1.8599
6.90601 -1.45575
4.62299 0.959174
4.62238 0.913324
4.63054 1.20878
4.62883 1.16732
4.91508 -1.00498
4.92497 -1.03698
4.94924 -1.11226
4.95507 -1.12906
5.22212 -1.73794
5.25515 -1.78721
4.64406 0.359335
4.63893 0.429855
4.66935 0.114232
4.66433 0.153224
4.62456 0.699718
4.62642 0.653856
4.84787 2.48414
4.84795 2.48439
4.80113 2.33013
4.81135 2.3661
7.04585 2.54556
7.08909 2.49506
7.18392 -1.14419
7.22773 -1.08818
7.76987 0.97151
7.76128 1.03123
7.785 0.85319
7.78454 0.858354
6.19893 -1.97751
6.17026 -1.99067
4.6253 1.04032
4.6629 1.6033
4.66549 1.62652
4.65098 1.48765
4.63359 0.523437
4.97879 2.78848
4.98428 2.79865
7.50271 1.84676
7.52634 1.7964
5.76773 3.28393
5.8126 3.28156
6.88699 -1.47413
7.585 1.66025
7.58333 1.66446
4.63786 1.32969
4.64003 1.35934
4.89607 -0.942624
4.86835 -0.85078
5.29571 -1.84512
5.33932 -1.89703
5.19895 -1.69711
5.18847 -1.67831
4.635 0.484172
4.65005 0.29251
4.66197 0.174587
4.65668 0.22318
4.62324 0.994617
4.622 0.866901
4.62191 0.831859
5.872 3.27409
5.82234 3.28056
6.84296 2.75374
4.74296 -0.333165
4.7583 -0.406416
5.08862 2.95799
5.11814 2.9964
4.68088 1.74598
4.68062 1.74431
4.70454 -0.129944
4.72926 -0.263131
5.2675 -1.80596
5.29149 -1.84013
4.73089 2.0367
4.72347 2.00075
5.66414 3.28277
5.70302 3.28425
6.50139 -1.79555
6.51129 -1.78819
4.67872 1.73135
5.41143 3.22091
5.55363 3.26526
5.17377 3.05599
5.14627 3.02693
7.78914 0.347197
7.76394 0.141114
5.04761 -1.38137
5.09373 -1.48804
4.70749 1.91499
4.69036 1.80849
4.78001 2.25452
4.79424 2.30692
6.79971 -1.5567
6.87319 -1.48741
7.33065 -0.940881
7.41437 -0.807395
7.40504 2.0365
7.45855 1.9366
7.23848 2.30014
7.26335 2.26453
7.61567 1.58028
7.7173 1.24616
7.69049 1.34775
7.7556 0.0942615
7.71241 -0.0974674
5.21448 3.09457
5.36486 3.19815
5.61264 3.27739
5.05628 2.91295
5.03368 2.88183
7.79361 0.407397
5.02053 -1.31054
5.12601 -1.55792
5.17791 -1.65989
4.71696 1.96565
4.86696 -0.846105
4.7876 -0.539739
4.82799 -0.700108
5.21909 -1.73261
4.87695 2.56198
4.86444 2.53132
5.02396 2.86672
4.94003 2.71224
4.75321 2.14389
4.73633 2.06442
7.43746 -0.767759
7.53846 -0.574131
6.0295 3.24104
6.02293 3.24257
5.8921 3.27065
6.70186 -1.64186
6.61196 -1.71379
6.52163 -1.78072
7.26927 -1.03067
7.42697 -0.785812
7.7987 0.572544
7.5474 1.74898
7.56636 1.70478
4.82344 2.40647
4.82896 2.42527
6.94155 2.65766
7.03003 2.56341
7.79724 0.676838
7.79223 0.770367
7.77773 0.912165
7.77388 0.945227
4.70346 -0.123681
7.14669 2.42433
7.13281 2.44148
7.15602 -1.17959
7.76127 1.03133
7.73793 1.15477
7.48013 1.89366
7.36832 2.10092
7.32456 2.17209
7.15876 2.40889
7.67123 1.41277
7.63279 1.53059
7.78601 0.843067
6.47924 3.03403
6.47715 3.03528
4.84821 2.48518
6.9017 2.6972
4.65893 1.56775
4.67105 1.67412
5.81975 3.28093
5.74943 3.28397
6.28773 -1.93029
6.30403 -1.92182
5.3635 -1.92545
5.29297 -1.84189
4.65535 0.235793
5.64325 3.28111
5.71585 3.28476
4.97759 -1.19414
4.64264 1.39344
7.06689 -1.28586
4.67343 0.0838664
7.61938 1.56984
4.65298 0.262518
6.36825 3.09915
4.93042 -1.05462
5.37935 -1.9406
7.5495 -0.550078
7.54039 -0.570097
4.8387 -0.742655
5.43835 -1.99266
