7.69551 -0.282396
7.71996 -0.20645
5.50733 3.32624
5.41454 3.29801
5.0803 3.04913
5.11257 3.08769
7.80802 0.187361
7.82085 0.290039
4.61273 1.50638
4.61741 1.55163
4.92643 2.81024
4.93595 2.82898
4.66002 -0.0951544
4.64958 -0.0255726
7.52589 -0.681613
7.51126 -0.710066
6.37471 3.15067
6.27032 3.20488
4.74307 2.294
4.73201 2.24903
5.7239 3.34936
5.7119 3.34957
6.68578 2.94251
6.72135 2.9145
6.88024 -1.5379
6.86682 -1.55079
7.40545 -0.894738
7.39515 -0.911193
7.46762 1.99876
7.4558 2.02079
7.30641 2.26961
7.29936 2.28003
7.63463 1.63171
7.62351 1.66068
7.73322 1.3258
7.74488 1.28159
7.76106 -0.0551547
7.77941 0.0263901
7.63527 -0.444327
7.61455 -0.495217
5.30752 3.24681
5.36916 3.27672
5.14114 3.1152
5.19955 3.17085
4.99143 -1.36879
5.01151 -1.42274
5.11165 -1.65443
5.0855 -1.59983
6.53425 3.05156
6.56445 3.03153
4.59575 1.295
4.59234 1.23715
4.64623 1.79021
4.64865 1.8083
6.1147 -2.08122
6.19413 -2.04271
5.76638 -2.17782
5.7854 -2.17796
5.55806 -2.15239
5.58024 -2.16103
4.77566 -0.662423
4.77207 -0.648187
4.82901 -0.864067
4.81657 -0.818557
5.15445 -1.74031
5.17852 -1.78311
4.61908 0.214769
4.61548 0.248488
4.70118 2.11159
4.70473 2.12764
6.24019 3.21893
6.14976 3.25714
6.90997 2.74639
6.85158 2.80231
6.65359 2.96721
6.39513 -1.92543
6.34298 -1.95712
6.79632 -1.61591
6.74591 -1.65967
7.00208 -1.41564
6.92304 -1.49611
7.28077 -1.07947
7.30559 -1.04564
7.83417 0.513485
7.83227 0.442633
4.58369 0.913369
4.58358 0.908129
4.58749 1.10684
4.58952 1.16736
4.91502 -1.14965
4.92327 -1.17652
4.72887 -0.457065
4.743 -0.522488
5.27664 -1.93507
5.25723 -1.9073
4.59062 0.590044
4.58773 0.654486
7.14908 -1.25029
7.14339 -1.25736
7.80979 0.946424
7.81311 0.921045
4.68664 -0.249126
4.68415 -0.235449
7.83393 0.605613
7.83333 0.659594
7.7305 -0.17085
7.68088 -0.324738
6.07133 -2.09932
6.08941 -2.09276
5.62716 -2.16951
5.68824 -2.17967
7.05035 -1.3624
7.07639 -1.33383
6.40761 3.13085
6.26285 3.20882
4.83775 2.60515
4.83736 2.60402
7.12671 2.51144
7.13054 2.50682
7.79169 1.06148
7.77648 1.14295
7.3893 2.13726
7.36049 2.18487
7.21769 2.39411
7.25146 2.34829
7.68364 1.49274
7.69156 1.46876
7.65657 -0.390244
7.60421 -0.518323
7.58318 -0.565209
6.5896 3.01441
6.50779 3.06933
4.63479 1.70698
4.63152 1.67995
4.60926 1.4715
4.60524 1.42331
5.98638 -2.13199
5.88929 -2.16061
5.93542 -2.14808
5.87973 -2.16239
5.88484 -2.16172
5.59365 -2.16494
5.52215 -2.13972
4.85386 -0.953996
4.94721 2.84835
4.98367 2.91321
5.92527 3.32534
5.99269 3.30817
6.03556 3.29655
6.10869 3.27116
6.13386 3.26276
6.44964 3.10607
5.63029 3.34567
5.66015 3.34822
6.80754 2.84069
6.29673 -1.98608
6.45108 -1.88725
6.89862 -1.52083
7.00632 -1.41111
4.58451 0.981567
4.58448 0.976868
4.5874 1.10386
4.85867 -0.969907
4.88566 -1.05718
4.60703 0.337871
4.59854 0.454663
4.63339 0.0938753
4.62822 0.134078
4.59066 0.589287
4.78499 2.44501
4.79753 2.48582
4.76171 2.36751
4.76104 2.36514
6.94641 2.70989
7.01123 2.64349
7.23921 -1.13606
7.2532 -1.11818
7.8228 0.829427
7.81907 0.871308
4.58717 1.04037
4.5873 1.10078
4.95187 -1.26218
4.94657 -1.24676
4.61081 1.48747
4.80152 -0.763704
4.78185 -0.686974
5.40802 -2.06995
5.42416 -2.08333
4.59575 0.524053
4.59069 0.588572
7.54543 1.84274
7.55137 1.83008
4.89416 2.74102
4.86913 2.68197
4.59952 1.352
4.60004 1.35915
4.65636 1.86226
4.65779 1.87247
5.49009 -2.12383
5.47578 -2.11499
4.85694 -0.964229
5.3404 -2.00865
5.33479 -2.00213
5.14551 -1.72457
5.14031 -1.71524
4.59796 0.4627
4.60883 0.317828
5.86826 3.33531
5.85012 3.33768
4.70661 -0.35374
4.71165 -0.377786
5.20864 -1.83622
5.20949 -1.83743
4.68008 2.00515
4.67908 2.00029
4.85551 2.6511
4.83928 2.60935
6.49429 -1.85804
6.55358 -1.81397
5.00621 2.94855
5.01346 2.96003
4.63982 1.74412
6.24674 -2.01437
6.28913 -1.99019
4.58316 0.844385
4.58369 0.790074
5.4069 3.29516
5.56114 3.33705
5.11655 3.09189
5.0624 3.02582
7.82325 0.315266
7.80344 0.155933
5.05005 -1.5206
5.04667 -1.51223
4.66774 1.93823
4.67084 1.95588
7.46253 -0.799231
7.56646 -0.600033
4.72533 2.2205
4.74646 2.30828
6.83635 -1.57903
7.356 -0.970753
7.42914 -0.856318
7.42906 2.06882
7.49905 1.93854
7.26262 2.33263
7.30834 2.26669
7.65534 1.57655
7.59975 1.72008
7.75424 1.24268
7.71944 1.37638
7.82902 0.751634
7.82813 0.771673
7.78721 0.0646756
7.75254 -0.0894605
5.20933 3.17899
5.29723 3.24059
5.60857 3.34422
7.83113 0.421474
5.04485 -1.50745
4.9776 -1.33261
5.12639 -1.68637
4.75147 -0.56019
4.77733 -0.669017
5.20711 -1.8339
5.14792 -1.72881
4.66749 1.93663
4.71323 2.1688
4.69164 2.06396
7.45284 -0.816294
5.9193 3.32657
6.69479 -1.70411
6.65211 -1.73826
6.61321 -1.76955
7.32104 -1.02306
7.83471 0.549911
7.58914 1.74505
7.59448 1.73259
5.21231 -1.84153
5.31103 -1.97571
4.76192 2.36819
4.7791 2.42668
7.01229 2.64231
7.07221 2.57537
7.81702 0.887468
7.80835 0.958159
4.66824 -0.14362
4.69389 -0.288693
4.80949 2.52272
4.821 2.55848
7.16418 2.46436
7.11914 2.52056
7.80075 1.00651
7.76781 1.18432
7.19093 2.42971
7.50488 1.92696
7.40963 2.1029
7.3484 2.20416
7.70974 1.40915
7.66138 1.55886
4.58317 0.85535
4.59199 1.2305
4.59202 1.2312
4.94183 -1.2325
4.58531 0.715545
4.58503 0.723992
7.13499 -1.26721
7.82741 0.783564
4.62719 1.64687
4.62096 1.58986
5.44696 -2.09797
5.39439 -2.05797
5.81599 3.3426
5.7795 3.3458
4.66722 1.93476
5.50211 -2.13075
5.34899 -2.01823
4.62294 0.178644
5.01765 2.9663
5.37268 -2.04009
5.69262 3.34907
6.2419 -2.01695
4.60067 1.36738
4.64229 0.0276209
4.61418 0.26315
4.58379 0.784851
4.58386 0.779747
6.59413 -1.78469
7.1752 -1.21728
4.58443 0.97212
4.58955 1.16913
4.90054 -1.10531
4.58759 0.657166
7.01146 2.64324
6.48552 3.08416
4.62739 1.6487
4.6196 1.57641
5.97909 -2.13412
