6.20316 -0.457134
6.22605 -0.45379
5.63745 1.30749
5.61118 1.22301
5.85317 -0.290285
5.81498 -0.247422
5.59865 0.266985
5.61089 0.213978
5.5668 0.445182
5.56756 0.438302
6.9024 0.484934
6.90258 0.486913
6.85639 0.23392
6.85549 0.230871
6.42393 -0.386052
6.49116 -0.339537
6.004 -0.413424
6.03009 -0.423366
5.97989 1.73294
6.03287 1.7519
5.79646 1.59617
5.83437 1.63876
6.67233 -0.153107
6.65828 -0.172382
5.54985 0.773313
5.54945 0.747068
5.64531 1.33114
5.68437 1.4216
5.73705 -0.124235
5.75399 -0.152813
6.77929 1.21572
6.80318 1.15911
6.74792 -0.0295465
6.7741 0.0204405
5.64574 0.0893215
5.65479 0.0637815
6.52841 1.57942
6.5148 1.59151
6.21944 1.75165
6.20635 1.75588
6.86778 0.958525
6.86728 0.960878
6.41551 1.66795
6.40282 1.67725
6.59774 1.50434
6.5749 1.5316
6.48594 1.61402
6.88871 0.846096
6.88407 0.875544
6.6776 1.40147
6.65643 1.43155
6.3859 1.68745
6.29334 1.72937
6.90459 0.695298
6.89817 0.785983
5.57299 1.04248
5.56704 1.00648
5.55633 0.555627
5.55519 0.568899
6.13606 1.76516
6.13468 1.76512
6.31073 -0.436517
6.17943 -0.455472
5.87432 1.67192
5.93221 1.71257
6.64027 -0.193635
6.58254 -0.258745
5.55468 0.892224
5.5608 0.953189
5.79015 -0.21018
5.91052 -0.350476
6.74426 1.28908
6.73645 1.30462
5.57729 0.365711
5.62433 0.164025
5.57585 0.374332
5.56095 0.503611
6.90332 0.500878
6.88526 0.360723
6.81856 0.123167
6.86488 0.269826
6.10121 -0.447836
6.37634 -0.409572
6.5445 -0.296445
5.92834 -0.363231
6.13143 1.76468
5.73987 1.52424
6.72264 -0.0749933
5.55384 0.879952
5.55055 0.650992
5.72464 -0.102057
5.73328 1.51352
5.72586 1.49968
6.69595 1.37297
6.73024 1.31585
6.8225 1.10876
6.80747 0.0956482
5.69359 -0.0317193
5.66308 0.0419091
5.57623 0.371796
5.55198 0.618199
6.14186 1.76457
6.27481 1.73784
6.90735 0.609403
6.88417 0.35467
6.90787 0.627903
6.83907 1.05761
6.86584 0.966579
6.62752 1.47002
6.89774 0.789447
5.58579 1.11679
5.64304 1.32523
5.5982 1.16604
6.84855 1.02811
6.86907 0.952683
