7.68434 -0.271935
7.70442 -0.20955
5.50893 3.29999
5.44324 3.28
5.10045 3.03648
5.11466 3.05347
7.79559 0.198993
7.80628 0.284576
4.60224 1.10944
4.60171 1.09856
4.96573 -1.24737
4.96068 -1.23374
4.62893 1.51644
4.63258 1.5517
4.67323 1.87235
4.67326 1.87254
5.59866 -2.13291
5.61814 -2.13652
5.42955 -2.04892
5.40113 -2.02547
4.60493 0.59683
4.60558 0.580858
4.9294 2.76882
4.95417 2.81755
7.13212 -1.24781
7.13558 -1.24377
4.67631 -0.105159
4.66321 -0.0178565
7.50882 -0.68502
7.50172 -0.698821
6.31615 3.16087
6.37233 3.13169
4.76352 2.30673
4.74921 2.24854
5.75665 3.32433
5.71339 3.32509
6.68017 2.92552
6.73194 2.88475
6.86622 -1.52936
6.84057 -1.55399
7.39561 -0.883144
7.37633 -0.913961
7.4584 1.98636
7.44033 2.02005
7.62892 1.60853
7.60835 1.66211
7.71896 1.32714
7.73386 1.27069
7.74936 -0.0442028
7.76458 0.0234318
7.61906 -0.447561
7.60377 -0.485119
5.30931 3.21747
5.22237 3.15653
5.01691 -1.38463
5.02795 -1.41429
5.14398 -1.67454
5.10371 -1.59047
6.51273 3.04546
6.55338 3.0185
4.60757 1.24016
4.6108 1.29507
4.66304 1.80065
4.66407 1.80837
6.152 -2.03955
6.19813 -2.01719
5.7339 -2.14802
5.79002 -2.14842
4.78979 -0.65442
4.77547 -0.597536
4.8429 -0.856203
4.83584 -0.830386
5.19956 -1.77378
5.20562 -1.78456
4.63271 0.22267
4.63097 0.238973
4.5995 0.723767
4.59816 0.784617
4.71617 2.10224
4.72182 2.12782
6.14718 3.23651
6.24278 3.19612
6.92154 2.7139
6.84621 2.78603
6.63332 2.96146
6.39783 -1.90167
6.3248 -1.94604
6.5884 -1.76731
6.59679 -1.76131
6.79899 -1.5924
6.73157 -1.65093
6.94536 -1.45198
6.90989 -1.48809
7.26099 -1.08237
7.29613 -1.03449
7.82035 0.508303
7.81882 0.451086
4.93005 -1.14192
4.93471 -1.15711
4.74248 -0.449358
4.76061 -0.533296
5.28227 -1.8991
5.27987 -1.89567
6.99295 -1.40296
7.00799 -1.38749
7.02389 2.60724
6.99488 2.63853
7.82002 0.635178
7.81965 0.668187
7.71905 -0.160131
7.66499 -0.327907
6.05177 -2.08137
6.09356 -2.06622
5.69304 -2.14898
7.04447 -1.34714
7.06367 -1.32608
6.38544 3.1238
6.26035 3.18887
7.78018 1.0501
7.76104 1.15265
7.38036 2.12523
7.34473 2.18411
7.2973 2.25735
7.31853 2.22518
7.2087 2.38202
7.23417 2.34746
7.66876 1.49414
7.6807 1.45802
7.64565 -0.380024
7.57849 -0.541572
7.56639 -0.56856
6.58723 2.99547
6.49667 3.05624
4.64902 1.69869
4.64677 1.68002
4.62362 1.46314
4.62031 1.42338
5.99062 -2.10489
5.92083 -2.12538
5.93977 -2.12023
5.85315 -2.138
5.8893 -2.13321
5.58009 -2.12631
5.54518 -2.11399
4.85699 -0.90722
4.98346 2.86792
5.00233 2.9015
5.96696 3.29347
5.97768 3.29074
6.03295 3.27576
6.07607 3.26079
6.11965 3.24625
6.25315 3.19193
6.43815 3.09272
5.6178 3.31999
5.6415 3.32202
6.7894 2.83554
6.29948 -1.9619
6.43412 -1.87691
6.90136 -1.49673
4.59883 0.973235
4.59804 0.913352
4.60657 1.22273
4.60428 1.16735
4.88 -0.983168
4.90052 -1.04954
4.62103 0.345986
4.61381 0.445285
4.64699 0.101571
4.64005 0.155451
4.59976 0.714946
4.60222 0.65425
4.80876 2.4598
4.81659 2.48528
4.78048 2.36698
4.76486 2.31202
7.09453 2.52638
7.11505 2.50242
6.93015 2.70527
6.94578 2.68926
7.21831 -1.13914
7.24357 -1.10684
7.79524 0.955566
7.79452 0.960564
7.80851 0.83841
7.80601 0.866411
4.60159 1.04035
4.63576 1.58644
4.64178 1.64032
4.626 1.48754
4.8154 -0.755849
4.81454 -0.752525
4.61006 0.52382
7.52928 1.84426
7.54191 1.81735
4.91141 2.7302
4.89744 2.69726
4.61401 1.34357
4.61516 1.35922
4.87173 -0.956061
5.16571 -1.71419
5.146 -1.67883
4.61196 0.470817
4.62441 0.308257
4.59888 0.980498
4.59754 0.852723
4.59753 0.846834
5.86967 3.31217
5.83962 3.31608
4.72035 -0.345962
4.72929 -0.388609
5.06602 2.99092
5.04022 2.95735
4.69783 -0.23
4.70073 -0.245621
5.39178 -2.01753
5.36715 -1.9949
5.23089 -1.82478
5.24095 -1.83911
4.69929 2.01707
4.69586 2.00046
4.8724 2.6405
4.86311 2.61662
5.67208 3.32401
5.66165 3.32362
6.49698 -1.83441
6.53759 -1.80422
4.65519 1.74419
6.24955 -1.98961
6.27357 -1.97591
5.40861 3.26709
5.59321 3.31693
5.13818 3.07832
5.09256 3.02622
7.81035 0.327338
7.78851 0.150331
5.04913 -1.46812
5.06432 -1.50315
4.68266 1.92945
4.67298 1.87074
7.44492 -0.802744
7.55676 -0.588605
4.7456 2.23312
4.76378 2.30779
6.8226 -1.57065
7.34642 -0.95946
7.43997 -0.811196
7.41998 2.0566
7.48374 1.93781
7.2535 2.32035
7.29153 2.26589
7.6404 1.57795
7.59419 1.69752
7.74028 1.24399
7.7085 1.36556
7.77526 0.0758603
7.73737 -0.0924875
5.21125 3.14757
5.32225 3.22489
5.61007 3.31948
7.81695 0.416152
4.99383 -1.32426
5.07495 -1.52617
5.14502 -1.67679
4.68581 1.94631
4.76494 -0.552565
4.79648 -0.680771
5.21282 -1.79735
5.17482 -1.73025
4.72834 2.15938
4.70854 2.06414
7.44348 -0.80527
5.90902 3.30543
6.69746 -1.68058
6.63693 -1.72901
6.58 -1.7736
7.30204 -1.02585
7.8211 0.558467
7.57336 1.74654
7.58385 1.72208
5.27432 -1.88754
5.33616 -1.9628
4.78518 2.38266
4.79795 2.42615
7.05643 2.57089
7.81477 0.772529
7.81443 0.778696
7.80217 0.896804
7.79558 0.953367
4.68155 -0.136082
7.1427 -1.23507
4.83359 2.53771
4.83705 2.54847
4.84255 2.56378
7.15877 2.44794
7.13375 2.47951
7.78582 1.01589
7.7567 1.17334
7.17348 2.42887
7.49552 1.91437
7.39401 2.10215
7.33959 2.19231
7.69518 1.41052
7.65058 1.54817
7.81402 0.783529
4.63522 1.58156
4.64375 1.65716
5.4798 -2.08109
5.44831 -2.06085
5.81741 3.31929
5.76868 3.32356
5.50733 -2.09734
5.35448 -1.98316
4.63843 0.169131
5.01992 2.92907
6.22586 -2.00223
4.9582 -1.22704
4.61654 1.37723
7.12204 -1.2597
4.65406 0.0488841
4.62885 0.262911
4.91184 -1.08615
6.48315 3.06525
5.53357 -2.10879
5.95771 -2.1145
4.95088 -1.20589
