7.50901 -0.396412
7.47481 -0.47634
4.74227 1.3315
4.74455 1.35982
5.81535 -1.89838
5.82903 -1.89906
4.9643 -0.781007
4.9664 -0.787752
4.8383 -0.279189
4.82165 -0.194369
4.75173 0.291663
4.75481 0.260861
4.72338 0.78258
4.72293 0.79532
7.21288 -0.93469
7.21173 -0.93638
6.62007 -1.5563
6.60028 -1.5709
7.70031 0.463269
7.70258 0.524146
7.68838 0.859512
7.69219 0.823713
7.58725 -0.181048
7.569 -0.236567
5.32509 2.95873
5.24177 2.88229
5.52294 3.07029
5.42834 3.02728
7.68792 0.299789
7.68054 0.237406
5.3035 -1.56287
5.26683 -1.50663
5.13915 -1.26022
5.17614 -1.33812
4.76616 1.56793
4.77229 1.61647
4.78612 1.71424
4.79038 1.74158
4.81919 1.89761
4.83323 1.96698
6.02696 -1.87256
5.98392 -1.88249
5.6806 -1.87649
5.64076 -1.8638
4.91028 -0.586667
4.92355 -0.636124
5.47427 -1.76301
5.52694 -1.80172
5.37207 -1.65615
5.35501 -1.63454
5.0051 -0.908823
5.02937 -0.980192
5.11328 2.7177
5.13399 2.74946
6.38527 2.94205
6.39982 2.93457
6.09325 3.06881
6.15626 3.04711
5.93414 3.10492
6.00236 3.09104
5.69504 3.11162
5.74176 3.11487
6.42136 -1.69448
6.38858 -1.71339
6.82278 -1.38283
6.78843 -1.41406
7.31121 -0.78369
7.35257 -0.715506
7.47449 1.6747
7.45666 1.71624
6.55102 2.84079
6.5414 2.84712
7.50886 1.59033
7.52608 1.54499
4.72347 0.925721
4.72425 1.02724
5.13322 -1.24609
5.09878 -1.16276
4.7966 -0.0535274
4.78109 0.0488791
4.74062 0.415307
4.73387 0.502061
4.81795 -0.174784
4.80759 -0.118819
7.46474 -0.49927
7.52542 -0.355753
6.89883 2.54656
6.85806 2.58667
6.99551 2.44297
7.01627 2.41864
6.99149 -1.20969
7.01926 -1.17902
7.37854 1.8789
7.39378 1.84915
7.30163 2.0193
7.30499 2.01354
7.18883 2.19445
7.2117 2.16136
7.0922 2.32658
7.11233 2.30052
7.59394 1.3389
7.58646 1.36481
7.63728 1.17254
7.6368 1.17469
7.67047 0.997308
7.67966 0.933592
7.55003 -0.290505
7.60586 -0.118724
4.73212 1.18598
4.73032 1.1507
5.59544 -1.84208
5.56852 -1.82929
4.74479 0.364838
4.7425 0.391363
4.72747 0.63651
4.72694 0.65222
4.72321 0.900159
4.98062 2.45842
4.95613 2.39721
4.93849 2.34677
4.9449 2.36665
4.72499 1.0402
4.72518 1.05371
4.73758 1.27165
5.97672 -1.88402
5.96836 -1.88536
5.73361 -1.88961
4.88165 -0.476952
4.85069 -0.337653
6.70793 2.72219
6.72375 2.70944
6.63705 2.77961
6.69459 2.73312
4.7582 0.230367
4.762 0.195593
4.73166 0.540203
4.73262 0.521826
4.72654 0.667324
4.72323 0.769629
7.11901 -1.05984
7.12659 -1.05057
6.94944 -1.25645
7.70064 0.700619
7.69905 0.735412
7.38735 -0.651595
7.36354 -0.696358
5.34484 -1.62212
5.32877 -1.60181
5.00116 2.50483
6.09181 3.06932
6.0893 3.07006
6.30432 2.98422
6.28027 2.99544
7.62424 -0.0526387
7.64887 0.0498813
4.7622 1.53345
4.75698 1.48814
5.87775 -1.89732
5.89475 -1.8959
4.91348 2.27219
4.8912 2.19703
6.12772 -1.84084
6.22414 -1.80143
7.54413 1.49438
7.5576 1.45622
7.62047 -0.0678433
6.0774 -1.85781
6.12026 -1.84351
4.99777 -0.886466
4.99311 -0.872005
5.40026 -1.69047
5.39954 -1.68958
7.66042 0.113141
7.65114 0.0611921
5.4234 3.02463
5.32675 2.96
5.20589 -1.39672
5.21918 -1.42356
4.74719 1.39122
4.73938 1.29566
4.81058 1.85499
4.80213 1.809
4.96772 -0.791889
4.93779 -0.687514
5.06305 -1.07277
5.04624 -1.02848
6.62757 2.78653
6.98731 2.4523
6.92827 2.51578
5.06384 2.63455
5.04339 2.59654
6.28092 -1.77234
6.23965 -1.79362
7.1697 -0.992532
7.21586 -0.930404
6.25097 3.00917
6.17268 3.04052
5.86257 3.11347
5.8298 3.11607
6.52023 -1.62966
6.69692 -1.49405
7.26217 -0.860194
7.28425 -0.826522
7.34081 1.95008
7.35103 1.93143
7.12053 2.28944
7.16292 2.23152
7.61699 1.25559
7.61303 1.27113
7.70278 0.555066
7.6982 0.418082
6.44988 2.90592
6.45753 2.90172
7.67102 0.173441
5.22828 2.86822
5.55271 3.08028
5.6235 3.0993
5.1691 2.79685
7.69466 0.37028
5.23623 -1.45568
5.31901 -1.58736
5.1354 -1.2515
4.75429 1.46278
4.77352 1.62623
4.76429 1.5523
4.79169 1.74903
4.85171 2.04933
4.88492 -0.490956
4.98656 -0.850436
4.88357 -0.485405
5.45562 -1.74524
5.55085 -1.81916
5.07578 -1.10493
4.76506 0.169302
4.77595 0.0846704
5.08877 2.67635
6.32335 -1.75165
4.85829 2.07839
4.85532 2.06564
6.34056 2.96606
6.09239 3.06913
5.78242 3.1153
6.03911 3.08352
5.66319 3.10667
6.72088 -1.47436
6.49795 -1.64429
6.87546 -1.33134
7.35853 -0.705166
7.70301 0.632686
7.43703 1.75937
7.49248 1.63171
4.883 -0.482945
6.46534 2.89706
7.15051 -1.01905
6.93858 -1.26798
4.87334 2.13573
4.7991 -0.0695325
7.6397 1.16133
7.65285 1.09798
7.6547 1.08767
7.65681 1.07738
6.811 2.63187
6.78467 2.65551
7.05897 2.36773
7.09897 -1.08514
7.08226 -1.10543
7.41508 1.80613
7.28542 2.0465
7.2514 2.10121
7.25868 2.09003
7.5686 1.42243
7.66261 1.04417
7.68277 0.911048
7.69723 0.760653
7.41632 -0.598246
7.41617 -0.598529
6.76463 2.67344
7.26325 2.08292
5.92695 -1.89249
5.43115 -1.72185
5.85215 -1.89817
6.12602 -1.84157
6.07059 -1.85973
5.0197 2.54807
7.41689 -0.597099
7.07306 -1.11651
7.03729 -1.15865
7.70288 0.645979
