4.76035 -1.5714
4.76847 -1.60077
5.28443 -2.68342
5.24876 -2.65913
5.43253 -2.72617
5.4637 -2.72778
5.88726 -2.59532
5.89012 -2.594
8.02413 0.174933
8.03031 0.222688
4.5846 -0.896555
4.59318 -0.931624
4.36715 1.35812
4.36683 1.35398
4.35538 0.924428
4.35559 0.977137
4.35582 0.850137
4.35563 0.839488
4.37067 1.42261
4.37105 1.42881
4.49194 -0.475273
4.50605 -0.544088
4.37289 0.397486
4.36864 0.462598
5.59393 3.73443
5.51106 3.73523
4.43466 2.06133
4.43703 2.08204
5.3593 3.71705
5.37339 3.71949
7.34073 -1.37357
7.34817 -1.36437
6.86017 -1.88912
6.84233 -1.90613
7.02234 -1.732
7.03364 -1.72095
6.40885 -2.26228
6.43711 -2.24051
5.60803 -2.70625
5.56634 -2.71601
4.81322 -1.74992
4.79312 -1.68238
7.94537 -0.209921
7.95943 -0.158673
7.88737 -0.394031
7.86931 -0.445102
5.16682 3.65232
5.16761 3.65273
4.92612 3.47392
4.92994 3.47763
8.03842 0.307871
8.03457 0.259598
8.00315 0.0394845
7.99792 0.00957913
7.97452 -0.0988308
7.97777 -0.0845073
6.83677 3.14306
6.84174 3.13881
6.62263 3.31306
6.62481 3.31155
4.42135 1.96235
4.41783 1.93407
4.45172 2.17533
4.45545 2.20002
7.67944 -0.860929
7.66377 -0.889759
7.79373 -0.628177
7.7748 -0.670449
6.05295 3.63066
5.9623 3.66275
6.41252 3.45237
6.37496 3.47352
6.18923 3.57209
6.08656 3.61718
7.12514 2.8656
7.09523 2.89803
7.01053 2.98339
7.01573 2.97846
7.42657 -1.25998
7.45486 -1.22152
7.55551 -1.07155
7.54279 -1.09144
6.68423 -2.04351
6.64715 -2.0755
8.04082 0.772752
8.04307 0.74539
6.03882 -2.51094
6.05726 -2.49947
4.71107 -1.39034
4.72543 -1.4427
4.73105 3.18662
4.72724 3.1789
5.43227 3.72901
5.49981 3.73457
4.62541 -1.06222
4.61934 -1.03772
4.35988 0.649907
4.362 0.593008
4.76844 3.25589
4.79977 3.30736
4.35907 1.15898
4.35757 1.10413
6.23015 -2.38878
6.23752 -2.38396
4.66237 -1.20888
4.66125 -1.20448
5.36608 -2.71648
5.3421 -2.70851
5.21586 -2.63256
5.51982 -2.72349
5.47704 -2.7272
5.01194 -2.31113
5.00802 -2.30338
5.16199 -2.57532
5.15217 -2.56104
5.09267 -2.47384
5.10385 -2.49107
5.07169 -2.43711
5.04573 -2.38277
4.37902 1.54292
4.37491 1.48638
5.76895 3.71348
5.79906 3.70673
4.52625 -0.640385
4.47208 -0.370596
4.46904 -0.354355
4.37306 0.395151
4.378 0.332144
4.47417 2.31591
4.4744 2.31767
4.42371 -0.0755272
4.43443 -0.147373
4.39059 0.195839
4.40198 0.0914755
6.30132 3.51577
6.23772 3.54756
7.70118 2.01523
7.69639 2.02522
7.78898 1.81982
7.78603 1.82697
4.54789 2.66478
4.53739 2.62104
4.50224 2.45646
4.49448 2.41937
4.57562 2.76853
4.56538 2.73108
7.21155 2.76855
7.23305 2.74335
8.01737 0.991784
8.01741 0.991508
7.97215 1.23997
7.96632 1.26598
7.4422 2.46599
7.39623 2.53199
7.3151 2.6414
7.26028 2.71026
6.77377 -1.96663
6.93855 -1.81584
7.09919 -1.6526
6.96828 -1.78637
7.53082 2.32768
7.51046 2.36074
7.61058 2.19113
7.60747 2.19675
4.86655 -1.92217
4.85528 -1.88575
4.91702 -2.06972
4.90128 -2.02505
4.95666 -2.17842
4.95174 -2.16474
7.91269 1.47119
7.91809 1.4529
7.85875 1.63855
7.85992 1.63527
6.46516 -2.21852
6.53582 -2.16529
6.37224 -2.28816
5.6654 -2.69014
5.65604 -2.69282
7.92553 -0.275927
7.94144 -0.224016
7.90697 -0.336049
7.8618 -0.464492
7.84278 -0.513416
4.86348 3.39893
4.82104 3.34095
6.67821 3.27135
6.67974 3.27016
6.73581 3.22696
6.7849 3.1865
6.88272 3.10263
6.89223 3.09403
6.52291 3.38257
5.84883 3.69548
5.90799 3.67808
4.42595 1.9977
4.47379 2.31383
6.07631 3.62177
6.50143 3.39605
6.45454 3.42592
6.21059 3.56136
7.07659 2.91703
6.98197 3.011
6.59146 -2.11976
6.74515 -1.99249
6.94337 -1.81098
7.12791 -1.62266
8.04596 0.683807
8.03401 0.859896
6.56428 -2.14209
4.69716 3.11447
4.73359 3.19124
5.05787 3.58744
5.06336 3.59167
8.04851 0.480348
8.04931 0.50332
4.39226 1.69826
4.39644 1.743
4.38037 1.55937
4.38479 1.61469
4.59259 2.82498
4.59965 2.84943
4.64381 2.98087
4.63986 2.97108
7.24577 -1.48955
7.24883 -1.48603
4.55831 -0.785523
6.13604 -2.4507
6.12448 -2.45833
4.83799 -1.83069
4.82985 -1.80341
4.35787 0.723134
4.35738 0.732768
5.67778 3.72693
5.64367 3.7301
4.53531 -0.682566
4.55827 -0.785369
4.67606 3.06249
4.66366 3.03307
4.68911 3.09495
5.34829 3.71431
5.28932 3.69965
7.17307 2.8126
7.20024 2.78191
8.03391 0.860741
7.19422 -1.54865
7.20326 -1.53847
7.15692 -1.59037
8.04782 0.633592
5.70055 -2.67746
5.72523 -2.66744
4.92123 3.46853
4.80882 3.32273
4.97008 3.51435
5.01095 3.55208
6.94196 3.04904
4.36157 1.23113
4.36161 1.23831
4.43109 2.03772
4.68656 -1.29972
4.6662 -1.22405
4.78641 -1.66092
4.75778 -1.56192
5.87862 -2.59936
5.97147 -2.54942
8.03252 0.241868
8.01863 0.132354
4.36584 1.29462
4.36726 1.36201
4.35568 0.987756
4.35542 0.913637
4.35791 0.786634
4.35555 0.860831
4.37465 1.48288
4.37065 1.42223
4.36849 0.465447
4.37289 0.397378
5.50839 3.7352
5.61999 3.73275
4.40555 0.0611374
4.41706 -0.028599
7.73988 -0.743896
7.72095 -0.782067
7.74694 1.91735
7.74235 1.92763
4.53299 2.60051
4.51518 2.52068
7.99681 1.1179
7.99521 1.12664
7.37935 2.55582
7.33058 2.62123
7.5056 -1.14702
7.46728 -1.20351
7.38432 -1.31668
7.30564 -1.41758
7.5712 2.26009
7.56026 2.27881
7.88696 1.55476
7.89009 1.54515
5.79916 -2.63679
5.77273 -2.64944
5.56619 -2.71603
5.61131 -2.70574
4.73539 -1.4811
5.21538 3.67357
5.15889 3.64809
5.23815 3.68201
6.01597 -2.52495
5.98927 -2.54011
8.04245 0.355896
7.98971 -0.0293464
8.00965 0.0771917
7.97231 -0.108607
7.6125 -0.97926
7.82538 -0.554979
7.60372 -0.99408
7.58366 -1.02695
7.40211 -1.29364
8.04941 0.554239
6.08742 -2.4813
4.69309 -1.32348
5.1098 3.62134
5.11407 3.62414
5.41303 3.72618
4.61173 -1.00705
4.63507 -1.10076
4.38602 1.62863
4.39034 1.67885
4.3623 0.586267
4.35962 0.658198
4.61823 2.90892
4.62758 2.93692
7.29331 -1.43287
7.27616 -1.45351
4.35737 1.0945
4.35934 1.16763
4.63922 -1.1173
5.52109 -2.7233
4.99282 -2.26795
5.03898 -2.37014
5.19089 -2.60714
5.11431 -2.50966
5.08032 -2.45118
4.35627 1.04064
4.37962 1.55053
4.4533 -0.265304
4.48066 -0.417356
4.37827 0.328923
4.36497 0.527809
4.44462 -0.213881
4.38886 0.21266
7.65224 2.1134
7.82762 1.72349
7.82796 1.72259
7.64864 2.1204
4.56217 2.71981
4.4763 2.32819
4.58207 2.79027
7.24967 2.72341
8.01671 0.99587
8.03383 0.861604
7.94376 1.35834
7.45783 2.44254
7.29499 -1.43079
7.48938 2.39387
7.6289 2.15742
4.84525 -1.85613
4.87788 -1.95537
4.93281 -2.11651
4.97927 -2.23478
4.98098 -2.23958
7.834 1.70621
7.93592 1.38787
5.64821 -2.69458
6.66279 3.28305
6.72969 3.23201
6.93344 3.05718
4.41346 1.90198
4.40648 1.84216
6.3342 -2.31636
6.28201 -2.35361
5.01514 3.5558
4.60383 -0.974669
4.399 1.76821
4.35795 0.713831
4.61622 2.90215
4.36117 1.2237
6.14469 -2.44493
5.72366 3.72094
8.04495 0.392042
5.73533 3.71964
5.18053 -2.59613
4.88806 -1.98788
5.74493 -2.66061
5.5605 -2.71695
6.83191 3.14733
4.41352 1.9025
8.04904 0.594092
6.18468 -2.41909
5.13016 -2.53036
4.92597 -2.09485
6.34542 -2.30852
6.62667 3.31024
4.40299 1.80683
4.40572 1.83477
6.93782 3.053
6.73269 3.22954
