6.44899 -0.253021
6.40698 -0.278287
5.66935 0.281532
5.66412 0.304186
6.83253 0.733097
6.83421 0.714289
6.79561 0.294427
6.76935 0.205518
6.22536 -0.339249
6.17703 -0.336807
6.62204 -0.0792739
6.59725 -0.113291
5.65067 1.05283
5.63594 0.96394
5.6588 1.09276
5.68186 1.17937
5.94251 -0.237654
6.02519 -0.297795
5.81311 -0.0794307
5.83175 -0.110882
5.725 0.103674
5.70951 0.147417
5.86952 1.52188
5.894 1.54942
6.02956 1.62697
6.00747 1.6217
6.46285 1.51625
6.43622 1.53991
6.28742 1.62233
6.17063 1.64878
6.57176 1.40895
6.59481 1.38014
6.83511 0.551929
6.82741 0.464786
6.81044 0.890686
6.80685 0.907591
6.83575 0.648875
6.83725 0.615618
6.71748 0.075392
6.72641 0.0952499
6.42025 1.55237
6.32209 1.6066
6.66871 1.26766
6.64434 1.31006
5.79137 1.42487
5.80756 1.45062
6.52696 1.45786
6.16762 1.64944
6.79237 0.965529
6.78378 0.996846
6.82189 0.826428
6.81534 0.868447
6.73303 1.14141
6.70977 1.19247
5.71721 1.27943
5.7499 1.35417
5.63699 0.471367
5.64144 0.436555
5.62205 0.806495
5.61935 0.730401
6.82494 0.805585
5.62367 0.59389
5.62844 0.537635
6.16543 1.64966
6.15842 1.64946
6.33379 -0.314116
6.51216 -0.201245
5.87235 -0.161758
5.92599 -0.224563
5.66141 0.316721
5.69224 0.202613
6.76082 0.180649
6.80575 0.337322
6.12293 -0.332551
6.26862 -0.331188
6.57379 -0.140972
6.0337 -0.301162
6.6641 -0.0183248
5.78999 -0.0381194
5.76536 0.00966583
5.74381 0.0540295
6.71365 0.0680316
5.64533 0.41106
5.91138 1.5638
5.8238 1.47226
5.99125 1.61473
6.09042 1.64348
6.82107 0.417499
6.83647 0.588543
6.83539 0.700069
5.77413 1.39682
6.77333 1.0349
6.79872 0.940698
5.95018 1.59129
6.62626 1.33688
6.76505 1.06042
6.69051 1.23077
5.65445 1.0744
5.63344 0.501896
5.61947 0.712096
5.62374 0.849579
5.62274 0.606415
5.62902 0.531884
5.69668 1.22226
5.62158 0.657862
5.63227 0.924726
5.625 0.862955
5.7616 1.3763
6.76839 1.05057
