6.08408 1.51715
6.03903 1.50224
6.32073 1.49132
6.34319 1.47882
6.58492 1.2471
6.53086 1.31878
6.4771 -0.103782
6.52431 -0.0565081
6.24868 -0.215443
6.30243 -0.202216
5.69883 0.585538
5.69379 0.684436
5.70354 0.874953
5.70835 0.919228
5.89646 -0.0303316
5.84981 0.0361361
6.04755 -0.175775
6.04055 -0.172743
5.79929 0.146883
5.83104 0.0736913
6.74299 0.852551
6.71915 0.948738
5.73631 0.345204
5.7214 0.413076
6.63238 1.17052
6.65372 1.12965
6.76505 0.628066
6.76535 0.621384
6.73265 0.357112
6.7492 0.441764
6.65485 0.137747
6.67252 0.177015
5.82979 1.29815
5.79612 1.23802
6.20035 1.52667
6.41923 1.42747
6.45943 1.39827
6.60187 1.22377
6.68917 1.04479
6.70114 1.01226
5.85034 1.33747
5.7749 1.18572
5.78353 1.20662
6.19649 1.5275
6.44931 1.40687
6.75195 0.805843
6.7499 0.81905
6.03113 1.49916
6.02083 1.49392
5.93284 1.43329
5.94148 1.44034
5.72861 1.02861
5.75329 1.12419
5.69751 0.804032
5.70004 0.833029
5.69996 0.572222
5.70087 0.558174
6.19149 1.52712
6.76414 0.65084
6.75912 0.727707
6.75585 0.779261
5.7557 1.13378
5.7614 1.15091
6.35854 -0.182708
6.42866 -0.140487
5.96211 -0.108881
5.94235 -0.0913412
5.76166 0.242058
5.75914 0.250764
6.69868 0.242521
6.72095 0.312361
6.59448 0.0291926
6.18126 -0.214235
5.8406 0.0539927
6.14387 -0.2124
6.60252 0.0394189
5.76542 0.23003
6.6096 0.0508295
6.60477 0.0424634
5.71518 0.450745
6.75564 0.482643
6.76209 0.566648
6.76502 0.632427
5.98078 1.47097
6.66567 1.1039
5.92668 1.42725
5.70741 0.500147
5.69396 0.699179
5.87517 1.37128
5.71794 0.973629
5.70573 0.510424
