6.03925 0.0537879
6.06539 0.0295319
6.38453 0.028507
6.27596 -0.0178779
5.91913 0.217476
5.88147 0.293942
6.62037 0.850993
6.6273 0.822637
6.55876 1.02751
6.54604 1.05429
6.00968 1.26776
6.13001 1.32947
5.84992 0.41116
5.87255 0.320457
6.64387 0.657372
6.64262 0.71357
6.6153 0.38707
6.63753 0.495696
6.37891 1.26252
6.40748 1.23776
6.52171 1.09999
6.48466 1.14969
5.93852 1.17572
6.00735 1.2662
5.81782 0.769841
5.81436 0.737335
6.63939 0.746568
6.61651 0.86786
6.55703 0.238622
6.5777 0.281453
6.5898 0.948837
6.43902 1.20307
5.87738 1.06452
5.86495 1.02675
6.14996 1.32955
5.89058 1.09889
5.88113 1.07765
5.83468 0.913212
5.83724 0.925972
5.82035 0.812387
5.81493 0.6755
5.81481 0.702942
5.8231 0.548747
5.82023 0.575658
6.24764 1.32634
6.29708 1.3069
6.50949 0.162168
6.49021 0.131248
6.64395 0.573408
6.59304 0.323629
6.61256 0.377137
6.1382 -0.00514974
5.96893 0.125111
6.39026 0.0318055
6.23168 -0.0195541
5.87612 0.30937
5.96399 0.133094
5.96684 0.128355
6.16781 -0.0175085
6.4735 0.112991
5.83453 0.477358
6.64084 0.516879
6.53653 0.200392
5.84737 0.969248
5.83399 0.909428
5.81551 0.638156
5.81658 0.613189
5.82683 0.514227
5.82523 0.855756
