7.68399 -0.271609
7.70394 -0.209647
5.50898 3.29917
5.44413 3.27944
5.10107 3.03609
5.11472 3.0524
7.7952 0.199356
7.80583 0.284406
4.60271 1.10972
4.60216 1.0983
4.96651 -1.24785
4.96118 -1.23348
4.62943 1.51675
4.63305 1.5517
4.6737 1.87208
4.67378 1.87254
5.59882 -2.13192
5.62042 -2.13592
5.42971 -2.04786
5.40203 -2.025
4.60538 0.597088
4.60605 0.58057
4.9295 2.76753
4.95473 2.81719
7.1317 -1.24756
7.13539 -1.24326
4.67682 -0.105471
4.66363 -0.0176159
7.50829 -0.685127
7.50142 -0.698471
6.31872 3.1589
6.37226 3.1311
4.76416 2.30713
4.74975 2.24852
5.75767 3.32355
5.71344 3.32433
6.68 2.92499
6.73227 2.88382
6.86578 -1.52909
6.83975 -1.55409
7.3953 -0.882783
7.37574 -0.914047
7.45811 1.98597
7.43985 2.02003
7.62874 1.60781
7.60788 1.66215
7.71852 1.32718
7.73351 1.27035
7.749 -0.0438613
7.76412 0.0233395
7.61855 -0.447662
7.60343 -0.484804
5.30937 3.21653
5.22311 3.15607
5.01771 -1.38513
5.02846 -1.41402
5.14499 -1.67517
5.10428 -1.59018
6.51206 3.04527
6.55303 3.01809
4.60806 1.24046
4.61127 1.29508
4.66356 1.80098
4.66455 1.80837
6.15316 -2.03825
6.19825 -2.01639
5.73289 -2.14709
5.79017 -2.1475
4.79023 -0.654171
4.77558 -0.595957
4.84333 -0.855958
4.83644 -0.830754
5.20097 -1.77482
5.20647 -1.78461
4.63314 0.222916
4.63145 0.238676
4.59995 0.72403
4.59862 0.78461
4.71664 2.10195
4.72236 2.12782
6.1471 3.23587
6.24186 3.19583
6.9219 2.71288
6.84604 2.78552
6.63269 2.96128
6.39791 -1.90093
6.32424 -1.9457
6.58789 -1.767
6.59687 -1.76057
6.79907 -1.59167
6.73112 -1.65066
6.94289 -1.45382
6.90948 -1.48784
7.26037 -1.08247
7.29584 -1.03414
7.81992 0.508141
7.8184 0.451349
4.93052 -1.14168
4.93507 -1.15651
4.74291 -0.449118
4.76116 -0.533633
5.28244 -1.89798
5.28057 -1.89531
6.99253 -1.4027
7.00822 -1.38656
7.0243 2.60609
6.99436 2.63839
7.81959 0.6361
7.81923 0.668455
7.7187 -0.159797
7.6645 -0.328006
6.05116 -2.08081
6.09369 -2.06539
5.69319 -2.14803
7.04429 -1.34666
7.06327 -1.32584
6.38475 3.12358
6.26027 3.18823
7.77982 1.04975
7.76055 1.15295
7.38008 2.12486
7.34423 2.18409
7.29701 2.25696
7.31914 2.22342
7.20842 2.38164
7.23364 2.34743
7.66829 1.49419
7.68036 1.45768
7.64531 -0.379705
7.57769 -0.542297
7.56586 -0.568664
6.58716 2.99487
6.49632 3.05584
4.64947 1.69843
4.64724 1.68003
4.62407 1.46288
4.62078 1.42338
5.99075 -2.10404
5.92181 -2.12428
5.93991 -2.11936
5.85232 -2.13724
5.88943 -2.13232
5.57822 -2.1246
5.5459 -2.11318
4.85709 -0.905761
4.98459 2.86853
5.00291 2.90114
5.96826 3.29248
5.97721 3.2902
6.03287 3.27511
6.07506 3.26047
6.1192 3.24573
6.25273 3.19144
6.4378 3.0923
5.61741 3.31919
5.63977 3.3211
6.78883 2.83538
6.29956 -1.96115
6.43359 -1.87659
6.90144 -1.49597
4.59929 0.972968
4.5985 0.913352
4.60702 1.22247
4.60474 1.16734
4.88066 -0.983581
4.90098 -1.0493
4.62147 0.346239
4.61429 0.444992
4.64741 0.101811
4.64042 0.156117
4.60023 0.714657
4.60268 0.654242
4.8095 2.46026
4.81718 2.48526
4.78106 2.36696
4.76498 2.31036
7.09299 2.52747
7.11456 2.50228
6.92964 2.70513
6.9437 2.69073
7.21766 -1.13923
7.24327 -1.10649
7.79476 0.955868
7.79389 0.961903
7.80807 0.83869
7.80561 0.866258
4.60204 1.04035
4.63628 1.58676
4.64223 1.64006
4.62647 1.48754
4.81583 -0.755604
4.81556 -0.754569
4.6105 0.523813
7.52878 1.8443
7.54161 1.81695
4.91194 2.72986
4.89832 2.69773
4.61446 1.3433
4.61563 1.35923
4.8722 -0.955806
5.16634 -1.71387
5.14618 -1.67769
4.6124 0.47107
4.6249 0.307958
4.59934 0.980766
4.59801 0.852992
4.59799 0.84655
5.86972 3.31145
5.83929 3.31541
4.72078 -0.345719
4.72984 -0.388947
5.06801 2.99233
5.04114 2.95736
4.69796 -0.228103
4.70127 -0.245953
5.39195 -2.01645
5.36801 -1.99446
5.23158 -1.82443
5.24193 -1.83917
4.69989 2.01745
4.69639 2.00047
4.87293 2.64017
4.86394 2.61706
5.67305 3.32328
5.6617 3.32284
6.49706 -1.83368
6.5371 -1.80392
4.65567 1.7442
6.24964 -1.98884
6.27309 -1.97547
5.40867 3.26621
5.59422 3.3163
5.13886 3.0779
5.0935 3.02623
7.80995 0.327714
7.78804 0.150156
5.04911 -1.46649
5.06487 -1.50287
4.68313 1.92917
4.67309 1.86813
7.44437 -0.802853
7.55646 -0.588249
4.74624 2.23351
4.76432 2.30777
6.82217 -1.57039
7.34612 -0.959108
7.44031 -0.809789
7.41969 2.05622
7.48327 1.93778
7.25321 2.31997
7.291 2.26586
7.63994 1.578
7.59401 1.69682
7.73984 1.24403
7.70816 1.36522
7.77489 0.0762091
7.73689 -0.0925818
5.21131 3.14656
5.32306 3.22438
5.61012 3.3187
7.81651 0.415987
4.99433 -1.324
5.07591 -1.52677
5.1456 -1.67649
4.6864 1.94667
4.76536 -0.552327
4.79708 -0.681137
5.213 -1.79621
5.17566 -1.73029
4.72882 2.15909
4.70906 2.06414
7.44319 -0.804927
5.9087 3.30477
6.69755 -1.67984
6.63646 -1.72872
6.57889 -1.77374
7.30145 -1.02594
7.82067 0.558734
7.57287 1.74659
7.58352 1.72175
5.27625 -1.88898
5.33695 -1.96239
4.7859 2.38311
4.79854 2.42613
7.05594 2.57076
7.81444 0.77073
7.81401 0.778538
7.80171 0.897095
7.79516 0.953212
4.68197 -0.135847
7.14295 -1.23402
4.83434 2.53818
4.83755 2.54816
4.84266 2.56236
7.1586 2.44743
7.13422 2.47819
7.78536 1.01618
7.75636 1.17299
7.17294 2.42884
7.49523 1.91398
7.39353 2.10213
7.33931 2.19194
7.69473 1.41056
7.65024 1.54784
7.81349 0.784658
4.63567 1.5813
4.64426 1.65748
5.48083 -2.08056
5.45032 -2.06096
5.81745 3.31856
5.76834 3.32286
5.50749 -2.0963
5.35465 -1.98207
4.63891 0.168834
5.01999 2.92791
6.22536 -2.00177
4.95857 -1.22641
4.61703 1.37754
7.121 -1.2602
4.65442 0.0495471
4.62931 0.262904
4.91219 -1.08555
6.48308 3.06466
5.53515 -2.10837
5.95704 -2.11389
4.95085 -1.20411
