6.73705 -0.270743
6.74682 -0.258103
5.46461 1.06973
5.45349 0.97845
6.85557 1.3109
6.87 1.28007
6.89397 0.0134427
6.85987 -0.0626017
6.45209 1.81266
6.43646 1.82334
7.00048 0.427221
7.00879 0.518175
6.38775 -0.578123
6.39304 -0.575302
6.17024 -0.631872
6.09419 -0.625767
5.9708 -0.589709
6.00957 -0.603428
5.78993 -0.448929
5.86552 -0.520317
6.22695 1.91901
6.18128 1.92651
6.04668 1.93172
6.01832 1.9292
5.80285 1.82707
5.81788 1.83976
6.62532 -0.402676
6.59561 -0.431097
5.44468 0.838248
5.45087 0.951557
5.50714 1.28725
5.49578 1.23795
5.72723 -0.364476
5.78271 -0.439627
5.57354 1.4919
5.60475 1.56179
5.66733 1.67212
5.63038 1.61394
6.62369 1.66367
6.62591 1.6611
6.76926 1.47182
6.75216 1.49885
5.61473 -0.163221
5.62621 -0.187556
5.55209 0.0054239
5.56328 -0.0275779
5.49871 0.210196
5.47948 0.302666
5.44386 0.686859
5.44782 0.583903
5.46827 0.375362
5.46023 0.435977
6.99678 0.390966
6.97457 0.265922
7.00897 0.675665
7.00295 0.758632
6.94287 0.147817
6.97189 0.255394
6.93319 1.11165
6.92148 1.14648
6.47283 1.79799
6.53523 1.74656
6.40349 1.8445
6.38042 1.85737
6.83322 1.35738
6.81449 1.3939
6.97411 0.959517
6.97003 0.978221
6.27658 -0.617822
6.24709 -0.622678
5.87805 -0.531578
5.96119 -0.584034
5.91695 1.8985
5.96403 1.91294
5.72447 1.7516
5.73736 1.7641
6.67463 -0.347905
6.75589 -0.244785
5.45122 0.956103
5.4679 1.09166
5.53512 1.39189
5.5359 1.39426
6.88508 1.2459
6.84322 1.33728
6.90476 0.0391902
6.83457 -0.111707
5.67328 -0.278364
5.64084 -0.216767
5.53832 0.0483931
5.52284 0.106359
5.45908 0.446436
5.45334 0.506156
6.99715 0.393659
7.00926 0.526964
6.50458 -0.508427
6.36446 -0.586628
6.06823 -0.622982
5.78766 -0.446103
6.31891 1.88779
6.12174 1.93505
5.90274 1.89111
5.72149 1.7483
6.5177 -0.497758
6.80899 -0.158604
6.50792 -0.505897
5.48336 1.18004
5.444 0.817253
5.44331 0.717207
5.53474 1.39058
5.69762 -0.322073
6.99491 0.83808
6.99058 0.869356
5.61712 1.58857
6.62139 1.66617
6.6899 1.58356
6.74186 1.51364
6.8077 1.40629
6.90268 1.20237
6.93853 0.134224
5.58709 -0.092237
5.51364 0.142769
5.47724 0.315548
5.44935 0.559882
6.32823 1.88464
6.97435 0.264892
7.01011 0.639651
6.94805 1.06163
6.3367 1.88094
6.97788 0.941636
6.98806 0.886907
6.56797 1.71874
6.95728 1.02986
