4.73062 -1.16071
4.75289 -1.24242
5.41332 -2.51664
5.40818 -2.51494
5.02264 -2.04001
5.00973 -2.00873
5.07446 3.43555
5.11228 3.46529
4.65764 -0.883956
4.64951 -0.850738
4.57576 -0.524691
4.55797 -0.437894
5.9496 3.56139
5.92768 3.56665
6.17722 3.47625
6.25915 3.43669
4.60256 2.51888
4.61549 2.57237
4.65624 2.71828
4.65956 2.7284
7.06951 2.82009
7.02848 2.86241
7.18576 2.6904
7.1842 2.69225
7.28875 2.56156
7.3138 2.52802
7.4088 -1.16724
7.45296 -1.10464
6.58384 -2.02359
6.62647 -1.9909
6.93658 -1.71498
7.01375 -1.63958
7.48785 2.26986
7.50275 2.24494
4.83453 -1.51904
4.824 -1.48351
7.81643 -0.395593
7.81148 -0.409171
4.84968 3.17121
4.8189 3.11778
5.00195 3.37023
5.01368 3.38163
5.3009 3.5657
5.30716 3.5681
5.79824 -2.49397
5.7722 -2.50351
4.90696 -1.73801
4.89289 -1.69883
6.78743 3.08498
6.7696 3.10028
6.52209 3.28453
6.57238 3.24984
4.60171 -0.644975
4.64098 -0.814633
4.94768 -1.85529
4.95404 -1.87102
4.54139 2.23102
4.5276 2.15505
4.49997 1.97808
4.50303 1.99849
7.71382 -0.64412
7.74031 -0.584462
7.59272 -0.878231
7.61709 -0.834764
6.42567 3.34577
6.40107 3.361
6.92823 2.96004
6.99027 2.90129
7.50962 -1.01748
7.4753 -1.07117
6.76752 -1.87074
6.82213 -1.8235
7.09223 -1.55656
7.03036 -1.62226
7.98374 0.569592
7.98371 0.558335
6.35019 -2.1957
6.41118 -2.1548
6.28444 -2.24158
6.23806 -2.26972
5.49686 3.61104
5.50016 3.61131
4.72047 2.90456
4.69938 2.8466
7.69732 1.86704
7.67863 1.90912
7.97412 0.788726
7.97729 0.748919
4.7811 -1.34092
4.76283 -1.27879
5.41878 -2.51787
7.85378 -0.28626
7.85243 -0.290512
5.06637 -2.13146
5.07125 -2.14234
5.18238 -2.32757
5.14496 -2.27327
6.12306 -2.34202
6.08878 -2.36074
5.24211 -2.40096
5.21916 -2.37559
5.31 -2.46054
5.26979 -2.42857
4.42586 0.883407
4.42595 0.850054
4.4267 1.00992
4.42631 0.977054
4.44031 1.38208
4.43886 1.35841
4.4488 1.50231
4.44766 1.48672
4.5387 -0.336136
4.55156 -0.404998
4.4478 0.351472
4.44941 0.330982
4.43833 0.487809
4.43989 0.461439
4.46683 0.149013
4.46897 0.129403
5.98067 3.5516
5.83402 3.58986
6.10555 3.50553
6.2896 3.42225
4.56877 2.37452
4.5685 2.37323
7.95917 0.934218
7.94449 1.03735
7.90205 1.25505
7.91754 1.18595
7.23975 -1.38842
7.19737 -1.43904
7.33015 -1.27416
7.30249 -1.31054
6.67776 -1.94758
6.52722 -2.06881
7.01692 -1.63627
6.91837 -1.7333
7.56672 2.13211
7.5329 2.19316
7.4037 2.40052
7.43267 2.357
7.84285 1.47777
7.86554 1.40093
7.78657 1.64534
7.80829 1.5842
7.88916 1.31113
7.87982 1.34735
5.56249 -2.53956
5.55025 -2.5406
5.65546 -2.5306
5.64146 -2.53378
7.80502 -0.426305
4.94828 3.30982
4.96058 3.32498
6.85692 3.02491
6.83889 3.04105
6.64105 3.20008
6.62755 3.21029
6.51155 3.29188
4.47069 1.74697
4.46995 1.74033
4.54832 2.27159
4.51698 2.09106
5.69497 3.61034
5.71126 3.60951
5.79108 3.59753
5.77581 3.60071
6.06392 3.52288
6.39741 3.36298
6.99704 2.89446
6.90958 2.97808
6.48573 -2.09877
6.85404 -1.79325
6.72473 -1.90895
7.10777 -1.54029
6.31596 -2.21969
4.78144 3.04548
4.81259 3.10635
6.02319 -2.39565
6.03839 -2.38837
5.93662 -2.43887
5.93756 -2.4385
4.69181 -1.01536
4.69704 -1.03514
4.45739 1.6072
4.45802 1.61503
4.48781 -0.0234324
4.50048 -0.109984
4.42909 0.690031
4.42807 0.722235
4.43425 0.562934
4.43287 0.591855
4.74564 2.96461
4.72196 2.90857
7.19072 -1.44691
7.18445 -1.45411
7.96931 0.846157
7.9675 0.863971
4.64695 -0.839926
4.43157 1.20101
4.4326 1.23105
4.42788 1.07187
4.42857 1.10405
6.18719 -2.30339
5.36851 -2.49684
5.36703 -2.49606
7.88678 -0.173169
4.86913 3.2012
4.91395 3.2666
4.67741 -0.960693
4.68046 -0.972124
6.71838 3.14167
6.69813 3.15717
4.51515 -0.202012
4.51935 -0.227909
7.63272 2.0054
7.62437 2.02245
7.88685 -0.172911
7.90189 -0.114908
7.97772 0.378247
7.97347 0.3168
4.48766 1.88566
4.48565 1.87122
5.33098 -2.47583
7.94655 0.101875
7.94029 0.0635317
4.51222 2.06212
4.9936 3.36105
4.75526 -1.25123
4.72056 -1.12321
4.86203 -1.60755
4.86119 -1.60474
5.08881 -2.17667
5.10602 -2.20826
4.99795 -1.98236
5.03952 -2.07575
4.92141 3.27675
5.17298 3.5049
5.31644 3.5706
5.40373 3.59539
5.89167 -2.45858
5.88109 -2.46346
7.96284 0.21573
7.9596 0.187615
4.43585 1.29454
4.43631 1.32183
4.42602 0.946815
4.42589 0.913554
4.42729 0.786553
4.42585 0.819916
4.4443 1.44234
4.44299 1.42256
4.44265 0.419894
4.44427 0.396217
5.5737 3.61593
5.60053 3.61581
4.50829 2.03762
4.4826 0.0138188
4.48323 0.00886411
7.65652 -0.760527
7.67385 -0.726568
4.59123 2.47327
4.64098 2.66771
4.67149 2.76588
4.64296 2.6749
7.14729 2.73447
7.18876 2.68683
7.94044 1.06215
7.91998 1.17392
7.24525 2.61713
7.35264 2.47488
7.46034 -1.0937
7.37307 -1.21736
7.28586 -1.33115
7.24718 -1.37966
7.52793 2.20185
7.4846 2.27517
7.81593 1.56144
7.838 1.49364
7.98331 0.590256
7.98093 0.67563
5.61037 -2.53667
5.59602 -2.53896
4.80754 -1.43017
4.86439 -1.61512
7.9165 -0.0563606
7.9164 -0.056768
5.21005 3.52584
5.19257 3.51679
5.48694 3.60958
5.69859 -2.52228
7.91713 -0.0531986
7.96636 0.246152
4.9247 -1.79004
4.961 -1.88823
4.49411 1.93485
7.68901 -0.696186
7.76423 -0.529088
7.55727 -0.939338
7.35663 -1.24006
7.52502 -0.993077
7.9829 0.478407
4.78765 -1.36264
5.98026 -2.41766
5.98798 -2.41429
5.68665 -2.52577
4.46344 1.67671
4.46365 1.67918
4.43139 0.626319
4.43019 0.657049
4.69189 2.82431
4.72085 2.90565
4.42948 1.1363
4.43038 1.16755
4.52546 -0.263516
4.70627 -1.06998
5.49764 -2.53737
5.5041 -2.53803
5.11514 -2.22266
5.18859 -2.33724
5.2155 -2.37191
5.25456 -2.41287
4.42692 1.04055
4.45259 1.55087
4.45344 0.282755
4.43576 0.526657
4.45634 0.250863
4.64165 2.67027
4.56839 2.37269
7.22355 2.64426
7.12451 2.76042
7.96292 0.904578
7.89052 1.30568
7.37783 2.4387
7.19148 -1.446
7.60443 2.06091
7.57818 2.11101
7.44628 2.33588
7.86735 1.39432
7.77654 1.67275
5.51077 -2.5381
6.7531 3.11366
4.4764 1.79916
4.46634 1.70631
6.06554 -2.37298
5.92928 -2.44214
4.42696 0.75384
4.75691 2.98969
4.67901 2.78751
4.55663 2.31368
7.72384 1.80605
7.75501 1.72945
7.67158 1.92444
4.77237 3.02516
7.14481 -1.49911
7.97029 0.837164
4.43369 1.26574
5.37764 -2.50092
5.62712 3.61451
4.98173 -1.94132
7.98197 0.451003
4.47884 1.81778
4.47751 1.80751
7.97977 0.702301
6.68174 3.16958
6.82061 3.05719
7.08148 2.80733
7.71525 1.82676
5.2018 -2.35456
7.76542 1.70265
7.77557 -0.501646
6.61531 3.21951
5.7173 3.60918
7.91631 -0.0571594
5.73186 3.60748
