5.44989 -2.43107
5.46572 -2.43661
5.13727 -2.13272
5.13474 -2.12838
4.96043 3.2302
4.99727 3.27482
5.38382 3.52378
5.30462 3.49757
5.36548 -2.38848
5.32122 -2.35855
6.60971 3.17485
6.65138 3.1439
4.66303 -0.748673
4.68316 -0.83071
5.94313 3.50974
5.83233 3.53633
6.17126 3.4287
6.19618 3.41667
4.69653 2.69317
4.70762 2.72704
7.00878 2.83066
7.05669 2.78124
7.17265 2.65066
7.14661 2.68159
7.88985 1.15857
7.90805 1.06025
7.38621 -1.14063
7.40682 -1.11143
6.53211 -2.01332
6.61619 -1.94885
7.46593 2.24037
7.49524 2.19135
7.80807 1.48104
7.78303 1.55922
7.94897 0.632205
7.95043 0.585989
5.58748 -2.45539
5.58089 -2.45498
7.7895 -0.370383
7.77254 -0.41694
4.88532 3.12248
4.87346 3.1019
5.15105 3.41324
5.10929 3.38234
5.41419 3.53272
5.49762 3.54839
7.91112 0.090833
7.90702 0.0672132
7.94283 0.345483
7.94208 0.335519
4.8762 -1.508
4.87155 -1.49468
4.96041 -1.7498
4.93444 -1.67747
4.49902 1.66083
4.50097 1.67935
4.63471 -0.626293
4.99983 -1.84748
4.97269 -1.78031
4.57606 2.20527
4.56294 2.13302
4.53513 1.95616
4.54154 1.99888
7.54935 -0.886884
7.5939 -0.807437
5.82211 3.53849
5.74842 3.54796
6.39521 3.31428
6.4696 3.26825
6.89696 2.93985
6.81665 3.01192
7.48703 -0.990866
7.49932 -0.971113
6.72138 -1.86158
6.79141 -1.801
6.81466 -1.78061
6.81219 -1.78286
7.0505 -1.54828
7.0036 -1.59808
6.28979 -2.18372
6.41234 -2.10153
6.28563 -2.18662
6.19981 -2.2387
5.98552 -2.35276
5.97114 -2.35917
5.7476 -2.43631
5.82302 -2.4167
5.54217 -2.45241
5.53505 -2.45091
4.52173 -0.0102157
4.51683 0.0278858
7.67535 1.83747
7.67198 1.84506
7.93999 0.81018
7.94222 0.782128
4.7639 -1.13722
4.76011 -1.124
4.81643 -1.31598
4.8006 -1.26217
7.82623 -0.260469
7.81425 -0.298128
5.20714 -2.23591
5.22146 -2.25645
6.17407 -2.25488
6.08818 -2.3018
4.46038 0.863315
4.46042 0.850014
4.46111 0.989892
4.46096 0.977013
4.47399 1.36248
4.47375 1.35857
4.59758 -0.454204
4.47415 0.465807
4.47444 0.460877
6.03136 3.48194
5.82747 3.53754
6.10725 3.45485
6.2837 3.37515
4.65432 2.55109
4.65359 2.54862
7.09577 2.73901
7.1123 2.72073
7.27576 2.52221
7.27281 2.52605
7.18756 -1.39609
7.1675 -1.42005
7.28177 -1.28127
7.27982 -1.28383
6.62912 -1.93792
6.51667 -2.02565
6.9735 -1.62765
6.90837 -1.69238
7.54522 2.10318
7.56571 2.0648
7.3824 2.37186
7.39355 2.35512
7.85443 1.31439
7.83891 1.37459
7.75039 -0.47569
7.72484 -0.536948
7.74771 -0.482278
6.81533 3.0131
6.81522 3.0132
6.80826 3.01904
6.76329 3.05657
6.54603 3.21883
6.55784 3.21113
4.51081 1.77188
4.50499 1.71994
4.49469 1.61519
4.48789 1.54214
4.48324 1.48688
4.6925 -0.86788
4.56045 2.11806
4.58445 2.24908
5.62212 3.55705
5.66426 3.5549
6.05777 3.47385
6.3394 3.34453
6.50581 3.24608
6.95625 2.88288
6.43057 -2.08783
6.81023 -1.78456
6.71462 -1.86761
7.09765 -1.49891
6.28762 -2.18524
6.04914 -2.32235
6.03777 -2.32778
5.89447 -2.39087
5.9369 -2.37429
4.72488 -0.992016
4.73595 -1.03384
4.48209 0.353685
4.48402 0.330419
4.50014 0.166468
4.50459 0.125821
4.53358 -0.0912406
4.46289 0.709623
4.46251 0.721674
4.46783 0.582397
4.4674 0.591293
4.79539 2.95117
4.80041 2.96305
4.7505 2.84514
4.73025 2.79325
4.60223 2.33128
4.61101 2.3718
7.33387 -1.21324
7.32546 -1.22436
7.9341 0.868285
7.92958 0.912766
4.46703 1.22156
4.46735 1.23101
4.46306 1.09227
4.46332 1.10401
6.18842 -2.24623
7.84953 -0.180599
5.08588 -2.03591
5.06546 -1.99648
4.71041 -0.937402
4.71932 -0.970834
6.71282 3.09736
6.7081 3.10089
4.59037 -0.419551
4.58476 -0.390549
4.54318 -0.151392
4.55254 -0.209119
7.62631 1.94365
7.58597 2.02607
4.58662 2.25911
4.598 2.3125
4.58534 2.2532
7.74703 1.66055
7.75165 1.64863
5.62994 -2.45484
5.63419 -2.45444
7.8591 -0.146931
7.86552 -0.122164
7.67745 -0.643274
7.6734 -0.652184
4.91014 3.16076
4.92049 3.17619
4.52918 1.91144
4.52363 1.87161
7.348 -1.19423
7.94419 0.75313
7.94542 0.736961
5.27658 -2.31789
5.30616 -2.34455
5.26028 -2.30356
4.48972 1.56151
4.48874 1.55104
4.59252 -0.430132
4.55133 2.06252
4.84243 3.04574
4.82939 3.02272
4.48936 0.269656
4.48977 0.265175
4.78993 -1.22676
4.7652 -1.14169
5.4955 -2.44419
5.42943 -2.42222
5.17536 -2.19302
5.13376 -2.12645
5.01035 3.28913
4.95781 3.22697
5.26267 3.47879
5.40137 3.52983
5.84714 -2.40787
5.88644 -2.39445
7.92994 0.215382
7.92839 0.202806
4.46969 1.2945
4.46982 1.30232
4.46047 0.926762
4.46042 0.913514
4.46083 0.786513
4.46025 0.799894
4.92243 -1.64219
4.9026 -1.58628
4.47798 1.42274
4.47797 1.42272
5.02466 -1.90888
5.03296 -1.92652
4.47863 0.397795
4.47878 0.395655
4.54378 2.0155
7.61435 -0.768941
7.65019 -0.698694
4.65237 2.5441
4.62894 2.44977
4.71196 2.74066
4.6888 2.66791
7.13443 2.69552
7.20441 2.61288
7.88172 1.19798
7.91229 1.03431
7.43718 -1.06641
7.23569 -1.33853
7.22435 -1.35275
7.50612 2.17252
7.44582 2.27331
7.33913 2.43557
7.34199 2.43148
7.78116 1.56471
7.81212 1.46804
7.95015 0.494114
7.94717 0.696854
5.54662 -2.45311
5.58836 -2.45538
4.84314 -1.40505
4.86177 -1.46542
7.88759 -0.0293008
7.87971 -0.0640891
5.06233 3.34103
5.20732 3.45009
5.55921 3.55347
5.63842 -2.45378
5.72233 -2.44276
7.94976 0.465975
4.96762 -1.76798
5.04416 -1.94993
4.5323 1.93524
7.68142 -0.634745
7.53449 -0.9125
7.48162 -0.999457
7.95015 0.477354
4.83662 -1.38291
5.94059 -2.37249
5.98735 -2.35204
4.46507 0.64584
4.46465 0.656489
4.75943 2.86634
4.77478 2.90412
4.4648 1.15677
4.46511 1.16751
4.56615 -0.28849
4.73934 -1.04664
5.23826 -2.27757
5.09884 -2.0627
4.46148 1.04051
4.478 1.42301
4.47016 0.526097
4.6185 2.40388
4.68167 2.64532
7.21064 2.60515
7.08639 2.7496
7.92769 0.926723
7.86332 1.27878
7.33826 2.43679
7.13766 -1.45391
7.29032 -1.27025
7.58291 2.03196
7.54191 2.10927
7.42467 2.3068
7.83247 1.3976
7.75178 1.64827
4.51155 1.7787
4.50301 1.70128
4.82412 3.01332
4.81198 2.98883
5.59559 3.55701
6.02915 -2.33156
4.4902 0.260175
4.51286 0.0575856
4.4607 0.773394
4.72776 2.78613
7.71679 1.73812
7.71894 1.73284
7.63382 1.92799
7.11533 -1.47926
7.93879 0.825347
4.46907 1.28625
5.38496 -2.40235
5.40372 -2.41192
6.59313 3.18648
4.52003 1.84336
4.51543 1.80768
4.92663 3.18446
4.95022 3.21664
5.31649 -2.35419
6.81511 3.01329
7.67858 1.83021
7.74971 -0.477438
6.6566 3.13998
5.71019 3.55245
7.87168 -0.0975065
