7.66157 -0.25062
7.67276 -0.215868
5.5122 3.2465
5.50171 3.24331
7.77027 0.222695
7.77661 0.273445
4.63328 1.12744
4.63104 1.08149
5.07246 -1.41918
5.06239 -1.39658
5.01656 -1.27898
4.99352 -1.21686
4.66193 1.53694
4.66347 1.55184
4.70392 1.85449
4.707 1.87269
5.65608 -2.07659
5.60884 -2.06784
4.63407 0.613722
4.63616 0.562075
7.10516 -1.23138
7.12285 -1.21075
4.70437 -0.0914034
4.69098 -0.00213479
6.66874 2.89089
6.75236 2.82503
6.46098 -1.81431
6.40335 -1.85308
6.83765 -1.51194
6.80451 -1.54378
7.37556 -0.859523
7.33797 -0.919599
7.43961 1.96108
7.40881 2.01853
7.68991 1.32987
7.71139 1.24847
7.72553 -0.0218881
7.73437 0.0174041
7.58602 -0.454153
7.58179 -0.464545
5.31305 3.15624
5.27043 3.12637
5.14475 -1.57959
5.14082 -1.57139
6.52588 2.99522
6.53082 2.99195
4.63941 1.25992
4.64148 1.29521
5.91131 -2.07191
5.98483 -2.05388
5.79944 -2.08823
5.80235 -2.08786
4.81859 -0.638115
4.79798 -0.556226
4.62912 0.740939
4.62817 0.784129
4.92086 2.6478
4.90726 2.61862
6.20555 -1.96512
6.24112 -1.94613
4.74671 2.0832
4.75666 2.12817
7.47266 -0.692235
7.48925 -0.660029
6.14191 3.19449
6.18302 3.17712
6.41379 3.06441
6.42286 3.05954
5.91639 3.25651
5.95627 3.24925
6.59203 2.94975
6.82547 2.76067
6.7529 2.8246
6.68932 -1.6435
6.7023 -1.63309
6.55506 -1.74698
6.60225 -1.71318
7.276 -1.01077
7.30389 -0.970862
7.79221 0.497743
7.79142 0.468309
4.77022 -0.433657
4.78262 -0.491054
5.2284 -1.73
5.23773 -1.74381
6.96519 -1.38604
7.02249 -1.3271
4.77297 2.19928
4.78321 2.2394
6.98343 2.60481
6.96105 2.62894
7.79171 0.6793
7.7909 0.697107
7.69572 -0.13829
7.63263 -0.334365
6.01192 -2.0448
6.10202 -2.01213
5.56544 -2.0503
5.59188 -2.06182
5.70284 -2.08634
7.03249 -1.31605
7.03775 -1.31028
6.25515 3.14735
6.33442 3.10758
7.36214 2.10072
7.36188 2.10116
7.27841 2.23194
7.31105 2.18249
7.19039 2.35738
7.19895 2.34577
7.63845 1.49699
7.65857 1.43613
7.73032 1.16379
7.71421 1.23638
7.77949 0.855485
7.77941 0.856429
7.62341 -0.359201
6.58239 2.95686
4.67803 1.68181
4.67783 1.68017
4.65289 1.44611
4.65101 1.42352
5.99926 -2.04967
5.79889 -2.0882
5.89838 -2.07512
5.51791 -2.02973
4.86347 -0.810646
4.85505 -0.779447
5.46215 -1.9941
5.41147 -1.95355
5.4243 -1.96553
6.05888 3.22321
6.09068 3.21259
6.2256 3.15991
6.353 3.0985
6.83507 2.75229
6.39911 -1.85557
6.39351 -1.85896
6.90714 -1.44582
4.62875 0.955822
4.62818 0.913317
4.63626 1.20545
4.63469 1.16731
4.92344 -1.01019
4.9308 -1.03398
4.94885 -1.08997
4.9613 -1.12586
5.26726 -1.78785
4.64955 0.362518
4.64492 0.426176
4.67468 0.117251
4.67054 0.149408
4.63047 0.696087
4.63218 0.653762
4.81014 2.33574
4.81871 2.36589
7.05132 2.53018
7.0829 2.4933
7.17572 -1.1454
7.20427 -1.1089
7.76382 0.975312
7.75604 1.02941
6.19181 -1.97097
6.11993 -2.00396
4.63096 1.04031
4.66937 1.60731
4.67115 1.62323
4.65694 1.48768
4.6392 0.523346
4.97994 2.7725
4.99159 2.79406
7.49638 1.84735
7.52263 1.79141
5.76832 3.27434
5.81804 3.27171
6.88138 -1.47072
7.58274 1.65105
7.57718 1.66504
4.64354 1.32638
4.64596 1.35937
4.90187 -0.93942
4.87685 -0.856518
5.33292 -1.87273
5.35399 -1.89782
5.20687 -1.69304
5.19898 -1.67887
4.64049 0.487356
4.65617 0.288755
4.66742 0.177742
4.66288 0.219372
4.62904 0.997983
4.62783 0.870282
4.62772 0.828288
5.87255 3.26501
5.82638 3.27102
6.8476 2.7407
4.74835 -0.330114
4.76522 -0.410662
5.10017 2.95814
5.11898 2.98263
4.688 1.75039
4.68704 1.74434
4.71175 -0.136277
4.73606 -0.267307
5.27623 -1.80148
5.29365 -1.82629
4.73842 2.04137
4.73005 2.00081
5.66474 3.27303
5.68314 3.27373
6.50244 -1.78628
6.50502 -1.78437
4.68012 1.69724
5.4121 3.20989
5.53309 3.2507
5.18226 3.05066
5.15997 3.02712
7.78408 0.351933
7.75808 0.138916
5.04725 -1.36049
5.10074 -1.48443
4.71341 1.91155
4.6968 1.80852
4.78885 2.26002
4.80153 2.30672
6.79382 -1.55311
6.8627 -1.48868
7.32689 -0.936451
7.40704 -0.808472
7.40148 2.03171
7.45255 1.93631
7.2349 2.29533
7.25663 2.26421
7.60965 1.58084
7.71182 1.24667
7.6862 1.3435
7.75092 0.0986493
7.70645 -0.0986549
5.21525 3.08193
5.37502 3.19178
5.61326 3.26719
5.07955 2.92944
5.04144 2.87696
7.78804 0.40531
5.0269 -1.30727
5.13818 -1.56549
5.18578 -1.65584
4.72438 1.97026
4.87382 -0.846353
4.79321 -0.536564
4.83551 -0.704719
4.88761 2.56773
4.87105 2.52717
5.02506 2.85147
4.94707 2.70782
4.75914 2.14019
4.74296 2.06449
7.43629 -0.758268
7.53147 -0.575526
6.03006 3.23191
6.01112 3.23631
5.88807 3.26235
6.60601 -1.71016
6.70291 -1.63259
6.50771 -1.78242
7.26124 -1.03185
7.22387 -1.08363
7.423 -0.781136
7.79336 0.5759
7.54121 1.74956
7.56219 1.70066
4.83257 2.41215
4.83636 2.42505
6.94638 2.6441
7.02352 2.56156
7.79233 0.649991
7.78693 0.768381
7.7719 0.915828
7.7687 0.943286
4.70894 -0.120576
4.70983 -0.125746
7.14163 2.42107
7.11483 2.45418
7.1592 -1.16636
7.73328 1.15016
7.75499 1.03527
7.47646 1.88872
7.3622 2.10062
7.32087 2.16712
7.16492 2.39126
7.66552 1.41331
7.62855 1.52639
7.7793 0.857336
6.47826 3.02623
6.468 3.03237
4.84957 2.4662
6.89483 2.69525
4.66459 1.56446
4.67757 1.67816
5.82032 3.2716
5.74477 3.27439
6.27413 -1.92818
6.30514 -1.91206
5.36568 -1.91155
5.3074 -1.84266
5.22433 -1.72381
4.66082 0.238962
5.65485 3.27224
5.71645 3.27505
4.98221 -1.1863
4.64886 1.39731
7.05374 -1.29209
4.67804 0.0922079
7.61701 1.56019
4.65874 0.262425
4.85781 2.48953
6.36725 3.09117
4.93485 -1.0471
5.39022 -1.93501
7.55749 -0.518807
7.53603 -0.566012
4.84426 -0.739507
5.44045 -1.97922
