6.35458 -0.75427
6.25962 -0.785374
7.08372 0.91354
7.07591 0.955833
5.46826 1.55992
5.43569 1.46529
5.55229 1.74645
5.59111 1.81115
6.69655 1.75777
6.70162 1.75181
5.5227 -0.246375
5.53969 -0.285345
5.43278 0.0227889
5.45435 -0.0501118
6.13832 -0.801336
6.21782 -0.793093
6.39816 2.00438
6.44007 1.98021
6.19909 2.08499
6.21354 2.08236
5.83625 2.0436
5.80259 2.02601
6.00454 2.09717
6.04969 2.09828
6.84323 -0.316422
6.82924 -0.337903
6.6365 -0.564428
6.68471 -0.51737
6.58609 -0.610962
6.50979 -0.667405
5.34443 0.900148
5.34403 0.890562
5.36609 1.13056
5.37154 1.16703
7.09221 0.856576
7.10078 0.776499
5.40605 1.35045
5.42892 1.4427
5.66402 1.90626
5.61158 1.84303
6.82605 1.58511
6.81342 1.6036
6.92834 1.4005
6.91666 1.42516
5.76164 -0.633524
5.72945 -0.597139
5.94429 -0.762435
5.89699 -0.737227
6.91264 -0.196395
6.9409 -0.141054
7.01951 0.0503963
7.02544 0.0676072
5.58726 -0.386878
5.61249 -0.430457
5.40286 0.155732
5.42155 0.0680738
5.34391 0.630064
5.34319 0.648507
5.36402 0.381308
5.36499 0.374011
7.08436 0.303775
7.08332 0.297933
7.10915 0.575921
7.10849 0.547519
7.03963 1.10957
7.05051 1.0654
7.01486 1.18555
6.99802 1.23513
7.06058 1.02736
6.56487 1.88845
6.62922 1.82753
6.95792 1.33547
6.96906 1.31037
7.02705 1.15037
6.55174 1.89904
6.49864 1.94059
6.52454 1.92073
6.65383 1.8026
6.37464 2.01832
6.33196 2.03908
6.24418 -0.789849
6.3986 -0.732919
6.32054 2.04457
6.21917 2.08048
5.96911 2.09011
5.90261 2.07327
6.70955 -0.49082
6.75976 -0.430332
5.35253 1.01704
5.35347 1.02633
5.4332 1.45774
5.4964 1.63119
5.60264 1.82992
5.52198 1.69029
6.7038 1.74912
6.8477 1.55051
6.88161 1.49258
5.8521 -0.710513
5.80433 -0.671598
6.9727 -0.0710505
6.98611 -0.0395759
5.50681 -0.208164
5.56473 -0.340043
5.47025 -0.101636
5.42562 0.0511131
5.35127 0.504154
5.35053 0.513458
7.10184 0.43478
7.10079 0.424164
6.46944 -0.694954
6.06171 -0.794941
6.44947 1.97352
6.38692 2.01157
6.10827 2.09919
5.73834 1.97851
5.7049 1.95039
6.81586 -0.356376
6.89047 -0.237487
6.60203 -0.597011
5.34143 0.780114
5.34844 0.963569
5.38394 1.24143
5.39798 1.31251
7.1048 0.728667
7.09011 0.873024
5.6659 -0.517525
5.65489 -0.499941
5.67312 -0.528263
5.50778 1.65921
6.76489 1.67112
6.89551 1.46652
6.94362 1.368
6.02034 -0.787623
6.03798 -0.792617
7.05478 0.168443
5.48626 -0.149529
5.38835 0.227327
5.48029 -0.132354
5.38242 0.261667
5.34132 0.769414
5.35852 0.431015
5.34141 0.758733
7.05814 0.18146
7.1078 0.668406
7.0678 0.996258
6.97766 1.28991
