6.36049 -0.722879
6.30761 -0.740202
6.21602 2.05214
6.31896 2.01692
6.00699 2.06727
5.99973 2.06547
7.0597 0.943114
7.07196 0.876741
5.4874 1.54755
5.46481 1.48191
5.5732 1.73294
5.61491 1.80247
5.54208 -0.235363
5.57395 -0.30847
5.47252 -0.0397863
5.44536 0.0520071
6.1442 -0.770164
6.22693 -0.761586
5.86986 2.02573
5.80538 1.99204
6.85358 -0.261435
6.81363 -0.322789
6.59286 -0.57505
6.66827 -0.501444
6.55909 -0.601135
6.49234 -0.650513
5.38452 1.11918
5.39355 1.1796
5.36277 0.888826
5.36347 0.901662
7.07413 0.861195
7.08326 0.775853
5.42369 1.33906
5.43183 1.37191
5.68699 1.89142
5.64419 1.83981
6.70868 1.71008
6.68598 1.73639
6.81212 1.56885
6.78176 1.61331
6.90418 1.40791
6.89862 1.41964
5.76413 -0.59732
5.75344 -0.585234
5.94653 -0.729901
5.92976 -0.720962
6.8868 -0.204001
6.9262 -0.12683
6.99645 0.043606
7.00989 0.0826603
5.59213 -0.347259
5.6334 -0.418571
5.43927 0.0756091
5.42009 0.165522
5.36125 0.639917
5.36135 0.637293
5.38242 0.39176
5.38654 0.360709
6.48059 1.92314
6.43013 1.95849
7.06762 0.320444
7.06253 0.291813
7.09085 0.594146
7.08963 0.541968
7.02533 1.09288
7.03226 1.06473
6.99086 1.19863
6.9787 1.23442
7.04416 1.01979
6.57485 1.84923
6.61514 1.81109
6.93421 1.34274
6.95103 1.30486
7.00783 1.14966
7.04608 1.01099
7.04517 1.01527
6.53045 1.88506
6.63055 1.79548
6.25011 -0.758369
6.37508 -0.715804
6.18426 2.05756
6.32292 2.01551
6.01159 2.06752
5.90521 2.04154
6.71745 -0.448863
6.74483 -0.415879
5.37139 1.00539
5.37475 1.03848
5.45269 1.44515
5.52561 1.64434
5.62458 1.81574
5.52796 1.64913
6.66271 1.76172
6.8642 1.48564
6.86885 1.47769
5.85447 -0.676154
5.83201 -0.657859
6.94828 -0.078238
6.971 -0.0249411
5.51228 -0.163681
5.58352 -0.329366
5.49723 -0.119844
5.44297 0.0609716
5.37029 0.501257
5.36963 0.508136
7.08434 0.45221
7.08098 0.418332
6.47567 -0.661898
6.06424 -0.76349
6.04222 -0.76107
5.99388 -0.745582
5.68822 -0.504682
5.72394 -0.549166
6.42816 1.95953
6.37655 1.98963
6.11074 2.06906
5.76669 1.96344
5.70789 1.91398
6.77543 -0.37555
6.87619 -0.223664
6.58559 -0.581095
5.35894 0.769297
5.35909 0.775371
5.402 1.23028
5.42082 1.32554
5.677 -0.489995
7.07259 0.872379
7.08562 0.747759
5.5268 1.64692
6.75147 1.65545
6.87076 1.47411
6.92554 1.36247
7.03299 0.162028
5.50382 -0.139552
5.41061 0.212305
5.50136 -0.132485
5.40032 0.27184
5.35894 0.768997
5.35937 0.742094
5.35894 0.768698
5.36917 0.514324
6.49013 1.9172
7.04212 0.197411
7.08984 0.663119
6.964 1.27396
