6.40603 2.28874
6.39763 2.29313
7.19012 1.24221
7.19874 1.21537
5.16218 1.01268
5.16465 1.04893
7.28215 0.784961
7.28228 0.783535
5.3802 -0.47502
5.41003 -0.542778
5.50092 -0.719803
5.54829 -0.796216
5.43737 2.0527
5.39583 1.98293
5.55602 2.20803
5.57963 2.23242
7.15646 -0.124629
7.17442 -0.0766318
5.22942 0.034459
5.22462 0.0589325
5.16362 0.527619
5.16583 0.496982
7.28087 0.404949
7.27538 0.354464
6.71137 2.05239
6.75887 2.00306
6.01978 2.404
5.97997 2.40536
6.19069 2.37832
6.12984 2.39084
5.7252 2.33694
5.77506 2.36151
6.76981 -0.747223
6.83944 -0.667175
6.5203 -0.960236
6.49717 -0.974579
6.7601 -0.757771
6.68062 -0.832801
7.03032 -0.393731
6.97659 -0.480571
7.26633 0.913971
7.25577 0.976049
5.33327 -0.345853
5.32402 -0.319087
5.61316 -0.88018
5.5552 -0.806982
5.22034 1.47044
5.21824 1.45991
5.27595 1.68417
5.25984 1.6274
5.18378 1.2444
5.19563 1.32824
5.3472 1.87896
5.38155 1.95383
6.83676 1.91242
6.86204 1.8813
6.95923 1.7406
6.92438 1.79339
7.0665 1.55104
7.08063 1.52166
5.92125 -1.09723
5.99754 -1.11232
5.73632 -1.00143
5.76939 -1.0238
6.11144 -1.11657
6.03245 -1.11648
6.306 -1.07252
6.28502 -1.07879
7.04163 -0.37376
7.08779 -0.283278
7.23121 0.112706
7.24029 0.150112
5.26007 -0.0966244
5.26913 -0.131042
5.15507 0.829918
5.15516 0.838969
5.18878 0.281732
5.19817 0.215978
6.61674 2.14047
6.60191 2.15353
7.28908 0.660566
7.28989 0.589631
7.14873 1.3633
7.17335 1.29419
7.20886 1.1808
7.22026 1.13866
7.25029 1.00909
7.27128 0.879702
5.28787 -0.203483
5.28125 -0.179343
5.25288 -0.0677085
6.53534 2.20414
6.55401 2.19029
6.81489 1.93888
6.77726 1.98267
6.6722 2.09066
6.6546 2.1068
5.35251 -0.400488
5.36731 -0.441447
6.35178 2.3167
6.3427 2.32093
7.27397 0.860568
5.24854 -0.0495066
5.23815 -0.00438428
5.15533 0.718047
5.1554 0.708659
5.87652 2.39321
5.92804 2.3993
6.63792 -0.871106
6.59217 -0.906864
6.93187 -0.547371
6.91117 -0.576927
5.17076 1.12928
5.1567 0.914007
5.44001 -0.606827
5.37003 -0.448832
5.5523 -0.802613
5.46651 -0.660907
5.24636 1.57845
5.22118 1.47408
5.38835 1.96837
5.48615 2.12694
5.63102 2.27557
5.50333 2.14751
7.01562 1.64903
7.01244 1.65448
5.82806 -1.05986
5.87853 -1.08126
6.20822 -1.10181
6.1599 -1.10911
7.13346 -0.182236
7.19835 -0.00463017
5.22346 0.0649253
5.15748 0.632655
5.1743 0.403596
7.26392 0.273411
7.28676 0.478904
5.85215 2.38659
6.08473 2.39992
6.27184 2.35074
6.29776 2.34163
6.40677 -1.02768
6.39129 -1.03476
5.6755 2.30877
6.76392 -0.75375
6.88957 -0.605702
7.03807 -0.380395
7.11362 1.44864
7.12899 1.41162
5.15604 0.894582
5.17667 1.18617
5.30531 -0.264001
5.34517 -0.38025
5.45339 -0.634872
5.64622 -0.91919
5.20019 1.35862
5.30889 1.78664
5.30918 1.78753
5.30963 1.78878
5.49145 2.13375
7.02305 1.63529
6.89993 1.82877
5.68349 -0.95482
6.01572 -1.11596
7.10457 -0.247568
7.21023 0.033955
7.25596 0.227659
5.30214 -0.254149
5.20671 0.161826
5.15498 0.773821
5.1792 0.358213
5.15673 0.6538
7.28951 0.544762
6.5768 2.17279
6.62864 2.13032
7.28813 0.686485
7.14414 1.37509
7.18054 1.27409
7.23486 1.08481
7.23747 1.07229
7.24166 1.0539
5.29801 -0.240814
5.27415 -0.1525
6.51551 2.2196
7.28236 0.78263
6.87115 1.86908
6.49021 2.23581
7.28752 0.704089
6.8693 1.87171
6.50226 2.22827
