7.07671 -0.601696
7.08639 -0.586876
7.42386 0.643948
7.42562 0.594633
7.38491 1.02927
7.38556 1.02601
5.43396 -0.979134
5.42236 -0.95893
5.03681 1.26313
5.04495 1.33409
6.28009 -1.30875
6.246 -1.31967
6.65774 -1.07865
6.69764 -1.04559
7.16819 1.66268
7.18128 1.63692
7.22971 -0.3184
7.19636 -0.388393
5.05509 0.205765
5.04128 0.31285
5.98652 2.63474
5.96284 2.63679
6.38957 2.51107
6.38134 2.51517
6.17421 2.60086
6.11664 2.61434
6.96005 -0.76684
6.95243 -0.77657
7.25059 1.48221
7.24251 1.50164
5.26158 -0.624752
5.25565 -0.608354
5.18704 -0.407586
5.19406 -0.429968
5.34082 -0.808209
5.3555 -0.839159
5.55065 -1.13705
5.53376 -1.11848
5.08109 1.5604
5.07421 1.52143
5.13112 1.77774
5.14477 1.82421
5.02281 1.09834
5.02302 1.10142
5.50629 2.4711
5.55738 2.5131
6.08729 -1.35879
6.00028 -1.36389
5.90076 -1.35355
5.98827 -1.36355
5.19395 1.97797
5.19233 1.97363
5.27287 2.15898
5.26797 2.14834
5.37381 2.32575
5.36831 2.3183
6.79949 -0.9489
6.81448 -0.934213
7.0693 1.84054
7.05908 1.85719
5.71704 -1.28159
5.7098 -1.27663
7.32072 -0.0856054
7.28593 -0.184592
7.32426 -0.075236
7.35656 0.0375371
7.38721 0.17438
7.38431 0.157771
5.09971 -0.0568145
5.10167 -0.0667689
5.01337 0.852154
5.01431 0.907453
5.01605 0.654723
5.01443 0.711993
5.02881 0.434997
5.02744 0.451077
5.6976 2.59009
5.75694 2.61109
7.40502 0.281344
7.41789 0.396413
6.4763 -1.21063
6.46513 -1.217
5.16521 -0.32986
5.15396 -0.28781
7.4 0.932905
7.39684 0.956964
6.75899 2.23364
6.69675 2.2915
6.58477 2.38502
6.54765 2.41144
6.98933 1.95943
6.96057 1.99931
7.40757 0.884725
7.40703 0.889262
5.19859 -0.443883
5.19575 -0.435236
5.11602 -0.136247
5.11458 -0.130082
5.01534 0.963735
5.01574 0.981207
5.01317 0.832408
7.36555 1.11993
7.36731 1.1131
7.34244 1.21041
7.34503 1.20067
6.88801 2.09251
6.85275 2.13302
7.31472 1.3044
7.29717 1.35672
5.13884 -0.228388
5.14487 -0.252204
6.81977 2.16921
6.794 2.19675
6.33537 2.53832
6.32616 2.54251
7.41591 0.804816
7.41978 0.761195
5.01666 0.639252
5.0191 0.581578
5.12956 -0.191253
7.14032 1.71593
7.12225 1.74967
5.08309 0.0328108
5.07802 0.0598434
5.01325 0.777173
6.28137 2.56294
6.2551 2.57237
7.02112 -0.683381
7.09851 -0.567059
7.42478 0.561122
7.42298 0.691455
7.39251 0.981089
7.38462 1.03093
5.38562 -0.894651
5.44352 -0.994932
5.62116 -1.2093
5.6058 -1.19353
5.10341 1.67082
5.10441 1.67506
6.67149 2.31452
6.62679 2.35118
5.43558 2.40129
5.46175 2.4301
6.18297 -1.34012
6.35201 -1.27675
5.23196 2.06941
5.19525 1.98115
6.57594 -1.14385
6.73841 -1.00784
7.20081 1.59672
7.15228 1.69346
5.80963 -1.32769
5.75722 -1.30153
7.24321 -0.288492
7.16776 -0.444299
7.35777 0.042293
7.384 0.156224
5.01411 0.721182
5.06015 0.170684
5.03965 0.327086
5.82111 2.62557
5.85933 2.63189
6.91793 2.05537
6.90863 2.06744
5.93924 2.63571
6.06801 2.62568
6.94283 -0.788181
7.14594 -0.484834
7.21475 1.56671
7.2761 1.41705
5.65565 2.57207
5.58859 2.53364
7.42192 0.72598
5.26985 -0.646549
5.22708 -0.527767
5.3008 -0.71913
5.32788 -0.779649
5.48944 -1.05968
5.62594 -1.21386
5.06172 1.44809
5.10306 1.66915
5.16215 1.88252
5.0514 1.37716
5.38498 2.33943
5.99312 -1.36413
6.1272 -1.35085
6.37862 -1.26495
5.82312 -1.332
5.27836 2.16985
5.32104 2.24385
6.88434 -0.856809
6.82512 -0.923281
6.57215 -1.14647
7.05354 1.86569
7.11418 1.76411
7.15554 -0.467578
7.26148 -0.245994
7.28173 -0.195421
7.32397 -0.0761719
7.40355 0.271102
5.10958 -0.107502
5.08966 -0.0034616
5.01632 0.646796
5.0194 0.575767
5.02737 0.451957
5.03337 0.385784
5.07363 0.0862117
7.41953 0.415314
7.35425 1.16243
7.3644 1.12512
7.4242 0.497662
7.32281 1.27776
7.37414 1.07733
6.76037 2.23224
6.49873 2.44622
7.01052 1.9299
7.28443 1.39537
7.40905 0.871826
7.40792 0.882104
5.21636 -0.496378
5.03182 1.21775
6.47709 2.45935
6.43499 2.48511
5.11368 -0.126134
6.48756 2.45312
