6.4613 -0.18764
6.36336 -0.246548
5.65527 0.781452
5.65356 0.709278
6.3025 1.56302
6.39393 1.51214
6.59612 1.31314
6.57166 1.34557
6.76868 0.321247
6.758 0.285098
6.51451 -0.138001
6.56577 -0.0866735
6.2359 -0.283287
6.29082 -0.269774
5.8674 1.44995
5.81185 1.37482
5.6675 0.938978
5.66805 0.94411
5.99118 -0.208983
6.03241 -0.238977
5.84929 -0.058119
5.83988 -0.0447131
5.75708 0.122016
5.76062 0.113842
5.68268 0.390071
5.69739 0.323091
5.66161 0.550403
5.66472 0.515235
6.67368 1.1845
6.6576 1.2153
6.80265 0.553512
6.79394 0.454934
6.80224 0.639012
6.8048 0.582111
6.68779 0.104948
6.7275 0.1932
6.27017 1.57251
6.43805 1.48234
6.63841 1.24776
6.62816 1.2656
6.54914 1.37063
6.49092 1.43419
6.18008 1.59202
6.78874 0.816671
6.78238 0.857484
6.01491 1.56294
5.97955 1.54497
6.70169 1.12416
6.71562 1.09358
5.91621 1.49868
5.94892 1.52539
5.75024 1.25904
5.7547 1.26925
5.68917 1.05296
5.69966 1.09358
5.6682 0.4891
5.67502 0.435761
6.76016 0.955762
6.74646 1.00287
6.07151 1.5837
6.79548 0.770721
5.71595 1.15832
5.71994 1.17035
6.3448 -0.255631
6.47643 -0.175244
5.91217 -0.138303
5.93351 -0.163297
5.72515 0.22131
5.70625 0.286459
6.7334 0.207956
6.76999 0.326794
6.13334 -0.27728
6.20195 -0.282679
6.58947 -0.0577322
6.09634 -0.264263
6.63566 0.00921159
5.86749 -0.0823127
5.80102 0.0306763
5.7533 0.131301
6.66042 0.052365
5.67612 0.428555
5.86923 1.45239
5.87189 1.45527
6.065 1.58247
6.06858 1.58344
6.80462 0.579168
6.79271 0.445737
6.80198 0.676153
6.76644 0.931198
5.96419 1.5362
6.72113 1.07963
5.66681 0.501107
5.65714 0.828956
6.79909 0.736211
5.65857 0.584291
5.74743 1.25123
5.66826 0.94527
5.65482 0.676836
5.65561 0.641956
5.80197 1.35864
5.73596 1.21803
6.77102 0.912573
6.73705 1.03272
