6.36104 -0.719981
6.318 -0.734077
6.21625 2.04931
6.31621 2.01511
6.00724 2.06429
5.99232 2.06061
7.0582 0.94194
7.06986 0.878831
5.48917 1.54641
5.4675 1.48344
5.57513 1.7317
5.61523 1.79854
5.54387 -0.234347
5.57712 -0.310604
5.4742 -0.0388332
5.44781 0.0503547
6.14474 -0.767287
6.22354 -0.759116
5.87297 2.02408
5.80564 1.9889
6.85454 -0.256359
6.81219 -0.321393
6.59354 -0.571433
6.66675 -0.499974
6.54874 -0.606046
6.49073 -0.648953
5.38623 1.11813
5.39558 1.18076
5.36456 0.887723
5.36538 0.902751
7.07311 0.855601
7.08164 0.775794
5.42532 1.338
5.4321 1.36537
5.68911 1.89005
5.65009 1.84299
6.70982 1.7056
6.68462 1.73481
6.81083 1.56735
6.77883 1.61421
6.90195 1.40859
6.89696 1.41913
5.76436 -0.593978
5.75565 -0.584135
5.94674 -0.726898
5.93278 -0.719461
6.88441 -0.204703
6.92485 -0.125517
6.99432 0.0429792
7.00846 0.0840498
5.59258 -0.343602
5.63534 -0.417474
5.43992 0.0809144
5.42168 0.166425
5.36305 0.640942
5.36324 0.636128
5.38412 0.392724
5.38852 0.359481
6.47846 1.92174
6.42929 1.95619
7.06607 0.321983
7.06061 0.291248
7.08916 0.595829
7.08789 0.541455
7.02401 1.09134
7.03058 1.06467
6.98864 1.19984
6.97692 1.23435
7.04186 1.02209
6.57577 1.84562
6.61384 1.80957
6.93203 1.34341
6.94936 1.30435
7.00606 1.1496
7.04525 1.00648
7.04363 1.01406
6.52848 1.88377
6.6284 1.79482
6.25068 -0.75535
6.3729 -0.714224
6.18089 2.05534
6.32316 2.01264
6.01668 2.06482
5.90545 2.03861
6.71818 -0.444991
6.74345 -0.414545
5.37314 1.00432
5.37672 1.03961
5.45449 1.44399
5.52582 1.63925
5.62675 1.81434
5.53163 1.65111
6.65879 1.76292
6.86572 1.47966
6.86768 1.47631
5.85469 -0.672983
5.83456 -0.656591
6.94602 -0.0789015
6.9696 -0.0235902
5.51278 -0.159575
5.58525 -0.328381
5.49972 -0.121525
5.44471 0.0619619
5.37223 0.500061
5.37146 0.508093
7.08272 0.453819
7.07915 0.417794
6.47624 -0.658847
6.06858 -0.76093
6.04278 -0.758094
5.98613 -0.739945
5.69039 -0.503404
5.73163 -0.554761
6.42585 1.95801
6.37548 1.98738
6.11097 2.06628
5.76931 1.96205
5.70817 1.91062
6.77169 -0.37732
6.87487 -0.222388
6.58389 -0.579454
5.40366 1.22925
5.36073 0.769715
5.36072 0.768202
5.42292 1.32675
5.67743 -0.486448
7.0708 0.872313
7.08385 0.749521
5.52877 1.64565
6.75023 1.654
6.86848 1.47481
6.92387 1.36195
7.03098 0.161436
5.50544 -0.138632
5.41266 0.210919
5.5033 -0.132497
5.40197 0.272779
5.37092 0.515318
6.48932 1.91499
7.04064 0.198883
7.08818 0.662631
6.96274 1.27249
