6.40683 2.27801
6.39314 2.28515
7.18358 1.24197
7.19072 1.21974
5.16879 1.0086
5.17182 1.05302
5.38137 -0.45759
5.41715 -0.538849
5.50867 -0.715527
5.55621 -0.792224
5.44516 2.04766
5.39714 1.96699
5.56454 2.20252
5.58071 2.21923
7.14836 -0.127013
7.16913 -0.0715099
5.23198 0.0553477
5.23129 0.0588911
5.17016 0.531335
5.17296 0.492582
7.27492 0.410878
7.26856 0.352457
6.71719 2.03572
6.75605 1.99537
6.04196 2.3922
5.98079 2.39429
6.19147 2.3678
6.11574 2.38338
5.73707 2.33063
5.77602 2.34983
6.76271 -0.743915
6.83403 -0.661932
6.52261 -0.948007
6.49037 -0.967994
6.74988 -0.756674
6.675 -0.827359
7.03253 -0.37664
6.97136 -0.475502
7.25861 0.921655
7.2494 0.975814
7.27757 0.759962
7.27612 0.778698
5.34355 -0.352788
5.332 -0.319376
5.62174 -0.875444
5.56939 -0.809335
5.22719 1.46601
5.21957 1.42777
5.28264 1.67985
5.26929 1.63279
5.19017 1.24027
5.20321 1.33257
5.35441 1.8743
5.39397 1.96053
6.83181 1.90665
6.86409 1.86692
6.95449 1.73507
6.91386 1.79662
7.06193 1.5457
7.07226 1.52423
5.92206 -1.0854
5.97491 -1.09585
5.73722 -0.988326
5.78109 -1.018
6.11221 -1.10544
6.05482 -1.10537
6.30676 -1.06144
6.27445 -1.07109
7.03435 -0.373334
7.08278 -0.278423
7.22379 0.110524
7.23471 0.155507
5.26883 -0.102539
5.27635 -0.131087
5.16188 0.825715
5.16201 0.838807
5.19505 0.285292
5.2056 0.21139
6.61003 2.13614
6.60272 2.14258
7.28271 0.666909
7.2836 0.589399
7.14383 1.35757
7.16473 1.29889
7.20384 1.17494
7.21251 1.14288
7.24462 1.00464
7.2647 0.879459
5.29415 -0.199913
5.29016 -0.185355
5.26019 -0.0677539
6.52816 2.19951
6.53932 2.19123
6.80186 1.94287
6.77109 1.97869
6.66924 2.08258
6.64769 2.10234
5.35907 -0.396866
5.37528 -0.441736
6.86461 1.86624
6.86648 1.86384
6.35258 2.30601
6.3381 2.31274
7.26802 0.8559
5.25496 -0.0458573
5.24542 -0.00442947
5.16212 0.721905
5.16221 0.708498
5.87733 2.38218
5.90098 2.38498
6.6403 -0.858491
6.58603 -0.900912
6.91923 -0.553367
6.90614 -0.572055
5.17731 1.12523
5.16376 0.918038
5.4531 -0.615661
5.37656 -0.445223
5.56052 -0.798072
5.46759 -0.645226
5.25312 1.57409
5.23024 1.47925
5.39548 1.96376
5.48738 2.11191
5.64051 2.26944
5.52845 2.16107
7.01071 1.6433
7.00237 1.65757
5.82892 -1.04739
5.89247 -1.07434
6.20898 -1.09072
6.14741 -1.10002
7.12831 -0.177245
7.1906 -0.00691166
5.23112 0.0597587
5.16449 0.628327
5.1807 0.407231
7.25819 0.279115
7.28018 0.476966
5.86615 2.37915
6.08551 2.38947
6.26004 2.3445
6.29855 2.33096
6.40901 -1.01579
6.38211 -1.02808
5.67652 2.29632
6.89248 -0.590249
6.75838 -0.748394
7.03313 -0.375612
7.1089 1.44313
7.12209 1.41137
5.16282 0.890395
5.18409 1.19041
5.31553 -0.270901
5.35315 -0.380538
5.46042 -0.630993
5.64716 -0.905448
5.31641 1.78285
5.3106 1.76685
5.20652 1.35454
5.50005 2.12819
5.32052 1.79295
7.03016 1.6073
6.89534 1.82341
5.69358 -0.949814
6.01653 -1.10418
7.0961 -0.25006
7.2048 0.0392128
7.24888 0.225574
5.30891 -0.250305
5.21286 0.165324
5.1618 0.77366
5.18647 0.353721
5.16346 0.657619
7.28327 0.550976
6.56948 2.16807
6.61589 2.13114
7.282 0.686259
7.13509 1.38003
7.17565 1.26837
7.22984 1.07895
7.23128 1.07207
7.23359 1.06195
5.30027 -0.222427
5.28052 -0.148885
6.51631 2.20875
7.27517 0.789791
6.48137 2.23113
7.28154 0.699401
6.49802 2.22072
