7.56307 0.0384745
7.57295 0.0800246
7.53535 1.25494
7.52473 1.29689
5.3284 -1.37071
5.38237 -1.44724
5.66744 -1.6932
5.68427 -1.69999
5.05008 -0.741545
5.04221 -0.716209
5.11716 -0.931717
5.14634 -1.00867
6.58049 2.69805
6.56048 2.71304
6.90918 2.4067
6.92037 2.39449
4.80866 0.781192
4.80646 0.843738
5.11942 2.4855
5.14905 2.5401
7.17546 -0.837618
7.13876 -0.891899
6.15252 2.92368
6.19038 2.90924
5.87024 2.97771
5.94225 2.97196
7.05355 2.23593
7.03993 2.2538
6.3912 2.81725
6.35172 2.83899
7.57988 0.114461
7.59633 0.210845
7.54581 -0.0340281
7.52263 -0.120555
7.46631 -0.284923
7.47776 -0.254771
7.37453 -0.496347
7.35374 -0.539666
7.39708 1.65324
7.38583 1.67859
7.46516 1.48003
7.45438 1.50945
5.53247 2.91407
5.57871 2.93293
5.33598 2.7802
5.36448 2.80529
5.32537 -1.3656
5.27868 -1.28541
4.81228 1.10424
4.81908 1.22421
4.83286 1.38005
4.84165 1.46141
4.8702 1.66626
4.87431 1.69273
5.79934 -1.73024
5.85407 -1.73896
4.98232 -0.512464
4.99241 -0.548666
5.50238 -1.58334
5.50672 -1.58694
5.19217 -1.11265
5.15797 -1.03553
4.91875 1.91496
4.93111 1.96474
4.85961 0.0940203
4.84922 0.170178
4.82552 0.390012
4.8246 0.39895
5.22135 2.64989
5.19366 2.60877
4.97191 2.11639
4.97546 2.12849
6.24027 -1.65944
6.28626 -1.63704
7.04006 -1.02033
7.00154 -1.0659
5.7349 2.97249
5.78419 2.97559
6.63577 -1.41803
6.70339 -1.36222
6.43702 -1.55656
6.50453 -1.51254
7.61954 0.432972
7.61473 0.361738
7.62376 0.616299
7.62411 0.573464
7.60556 0.892022
7.60152 0.926372
4.94001 -0.33818
4.9558 -0.405978
7.09002 -0.95571
7.12123 -0.915875
7.24086 -0.739611
7.25252 -0.721265
6.87038 -1.20826
6.84975 -1.2293
7.27623 1.89808
7.26347 1.9215
4.80777 0.974587
4.8078 0.978608
4.89617 -0.130504
4.89285 -0.112608
7.40775 -0.427379
7.4307 -0.374651
7.523 1.30275
7.50118 1.37558
7.58391 1.0366
7.57937 1.0638
6.7336 2.57644
6.77877 2.53551
7.18817 2.04655
7.14137 2.11597
7.51757 -0.13634
7.5119 -0.154194
7.40199 -0.440526
7.32863 -0.588312
7.34462 -0.55756
7.4323 1.56802
7.48464 1.42473
4.8122 1.10305
4.82032 1.24075
4.8103 0.63346
4.80972 0.650873
4.80647 0.849019
6.66318 2.63521
6.67722 2.62386
7.56597 1.12732
7.57237 1.09982
7.616 0.7947
7.61583 0.796749
7.59432 0.974315
7.59834 0.947949
4.92148 -0.256856
4.96418 -0.440871
7.31418 1.82782
7.33389 1.78959
7.42182 1.59408
4.8113 1.0401
5.71313 -1.71083
5.74339 -1.72015
4.80802 0.714555
4.80792 0.717613
5.01728 2.25332
5.03799 2.30824
7.19233 2.04009
7.22702 1.98409
6.1027 -1.70775
6.04587 -1.72352
6.42022 2.80184
6.4589 2.77865
4.82491 1.29606
4.97599 -0.487675
4.8195 0.461037
4.81577 0.517017
7.57627 0.0963514
7.55347 -0.00511726
5.43354 2.85843
5.4611 2.87569
5.32686 -1.36821
5.42436 -1.50204
4.82912 1.34353
4.91681 -0.234956
4.91872 -0.244015
5.06306 -0.782251
5.01974 -0.642263
5.15258 -1.02333
5.09695 -0.877065
4.89464 1.8057
4.89637 1.81366
6.5373 2.72828
6.59973 2.68402
6.95197 2.35893
6.85125 2.46608
5.16719 2.5697
5.09174 2.42953
6.18185 -1.68142
6.14242 -1.69714
7.13357 -0.898824
7.19663 -0.807185
6.94273 -1.13238
6.98143 -1.08949
6.08441 2.9439
6.25867 2.88286
6.01854 2.95895
5.83817 2.97893
6.53586 -1.49197
6.60722 -1.43937
7.00859 2.29304
7.0916 2.1855
7.62293 0.525112
7.62128 0.466431
6.33662 2.84598
6.40583 2.80975
7.60056 0.23941
7.35962 1.73586
5.63254 2.95113
5.28312 2.72531
7.61258 0.339487
5.44365 -1.5233
5.23431 -1.20353
4.84931 1.52178
4.85671 1.57781
4.85325 1.55271
4.89004 1.78191
5.93806 -1.73809
5.75942 -1.72464
5.57833 -1.64344
5.5817 -1.64543
4.99523 -0.558546
5.08319 -0.839297
5.23306 -1.20125
5.23198 -1.19918
4.94538 2.02257
4.86955 0.0271762
4.84364 0.214853
5.24087 2.67606
5.07631 2.39837
5.06023 2.36244
6.3392 -1.61211
5.95065 -1.73815
5.97833 -1.73423
6.89673 -1.18104
7.04644 -1.01251
6.29268 2.8676
6.04701 2.95397
5.71196 2.96879
6.73681 -1.33411
6.39404 -1.58096
6.79398 -1.28168
7.30147 -0.637935
7.2751 -0.683699
7.62287 0.683057
6.62228 2.66692
6.64673 2.6489
4.90571 -0.181096
6.47481 2.76925
7.07632 -0.973826
4.87788 -0.0249321
7.54989 1.19993
7.56191 1.14752
7.49665 1.39046
7.52444 1.29791
7.57508 1.08474
7.58664 1.02232
6.82105 2.49616
6.70257 2.60253
6.98564 2.32041
7.12412 2.14024
7.18911 2.04514
7.61627 0.791226
7.62206 0.706532
7.48637 -0.230909
7.44612 -0.337534
7.31207 -0.619298
4.83015 0.337124
4.8327 0.310841
4.82043 0.448899
4.81193 0.586738
4.81203 0.584571
7.60807 0.872025
7.33976 1.77793
7.29914 1.85681
7.24413 1.95535
4.83842 0.259501
5.00358 2.21566
7.35097 1.75424
7.5443 1.2221
5.63024 -1.67414
4.83642 0.27571
4.82624 0.380071
7.29428 1.86592
4.8156 0.520475
4.81537 0.523683
