5.35389 -2.25685
5.30264 -2.21202
6.10874 -2.22053
6.18824 -2.17724
5.83932 -2.32808
5.8351 -2.32954
5.67706 -2.35599
5.68773 -2.35591
4.95743 -1.57966
4.98534 -1.65131
4.72379 -0.807709
4.67528 -0.609998
5.05531 -1.81897
5.07213 -1.8541
4.59629 2.0475
4.58826 1.99936
7.56624 -0.774847
7.59523 -0.718462
7.15711 2.60359
7.1517 2.61001
7.85656 1.12564
7.86348 1.08826
7.43997 2.20544
7.4497 2.18916
7.35641 2.33689
7.34564 2.35282
7.76533 1.48506
7.75155 1.52809
7.9072 0.721013
7.91068 0.610973
7.7576 -0.34052
7.72641 -0.426143
7.81765 -0.146347
7.82589 -0.115841
5.06725 3.24156
5.10558 3.27928
5.25062 3.38425
5.3015 3.41105
5.58199 -2.35382
5.60213 -2.35617
7.87573 0.12397
7.86301 0.0507007
7.90483 0.381059
7.90025 0.319825
4.94801 -1.55266
4.91921 -1.47018
4.5409 1.63645
4.54543 1.67956
4.52204 1.42293
4.51983 1.39838
5.10706 -1.92781
5.13179 -1.97178
5.94256 3.44642
5.93544 3.44835
6.16393 3.37021
6.11173 3.38981
6.38828 3.25893
6.40594 3.248
5.69784 3.48457
5.68346 3.48486
6.84649 2.92477
6.88159 2.89327
7.45882 -0.957621
7.49702 -0.896219
6.46382 -1.99977
6.40279 -2.0437
6.64272 -1.86558
6.60343 -1.89669
6.85967 -1.67695
6.7997 -1.73178
7.00107 -1.53847
6.99151 -1.54862
5.27118 -2.17774
5.26698 -2.17287
6.02734 -2.2586
6.03702 -2.25469
5.93631 -2.29673
5.93611 -2.29682
5.53233 -2.34507
5.5244 -2.3434
4.50251 0.913464
4.50228 0.902427
4.50731 1.1535
4.50778 1.16746
4.52029 0.417674
4.52359 0.370181
4.56839 -0.0388747
4.55689 0.0505666
4.50756 0.64106
4.5069 0.655801
4.6107 -0.29212
4.59658 -0.214401
4.80539 -1.10793
4.78739 -1.04505
4.85828 -1.28644
4.85814 -1.28599
7.7936 -0.229918
7.76903 -0.30715
6.23495 -2.15089
6.08745 -2.23087
7.08424 -1.45032
7.09344 -1.44022
5.8192 3.47157
5.92941 3.44952
6.30334 3.30497
6.27666 3.31903
4.72278 2.59368
4.7007 2.51926
4.74449 2.66328
4.74045 2.65146
4.7776 2.75272
4.78961 2.78437
7.0801 2.69153
7.10085 2.6686
7.25965 2.47337
7.22105 2.52356
6.56508 -1.92521
6.50365 -1.97242
6.92157 -1.61735
6.89619 -1.64257
7.51849 2.06722
7.54108 2.0249
7.8133 1.31826
7.80693 1.34296
7.7182 -0.447939
7.67988 -0.539433
7.67692 -0.546508
6.76087 2.99765
6.733 3.02092
6.51384 3.18095
6.53198 3.16913
4.5389 1.6154
4.52974 1.51778
4.52715 1.48708
4.51867 1.38222
4.51557 1.33828
4.74738 -0.901556
4.85653 2.9359
4.86534 2.95327
4.61556 2.15228
4.62881 2.22143
5.71842 3.48344
5.93343 3.44876
6.0502 3.41343
6.26941 3.32227
6.49892 3.19107
5.70367 3.4845
5.63126 3.48511
5.65179 3.48528
6.90696 2.8689
7.04115 -1.49651
7.07941 -1.45566
6.35633 -2.07309
6.75192 -1.77298
6.70212 -1.8165
6.2871 -2.11898
5.17536 -2.04728
5.21811 -2.11005
4.50359 1.02867
4.50319 0.976964
4.50225 0.860984
4.50224 0.838954
4.51063 1.24684
4.50937 1.2158
4.50583 1.10396
4.51402 0.506574
4.51729 0.460179
4.52695 0.32972
4.5365 0.223674
4.53572 0.230746
4.5728 -0.0690378
4.50399 0.733449
4.50482 0.707998
4.50986 0.590602
4.8107 2.83578
4.81366 2.84335
4.66091 2.3678
4.66146 2.37036
7.64791 1.80055
7.66356 1.76399
7.04012 2.73647
7.04146 2.7351
7.161 -1.36241
7.13971 -1.3873
7.30595 -1.18034
7.26605 -1.23309
7.8924 0.894496
7.89198 0.898659
7.80542 -0.1894
5.40313 -2.29007
5.37623 -2.27503
4.7495 -0.909812
4.75555 -0.93252
4.50412 1.04046
4.50415 1.05258
6.70598 3.04276
6.65018 3.08446
6.55097 3.15629
6.5926 3.12722
4.63066 -0.396741
4.61559 -0.318834
4.51335 0.525394
4.51197 0.54294
4.60656 2.10583
4.61055 2.12667
4.57637 -0.0914302
4.59186 -0.186862
4.64479 2.29531
4.64815 2.31108
4.63534 2.25178
7.03349 2.74311
7.70088 1.67066
7.70783 1.65275
7.64817 -0.608773
7.62398 -0.662043
5.55359 3.47842
5.4984 3.47281
4.9578 3.10862
4.96621 3.12071
4.56877 1.87206
4.5668 1.85799
7.35108 -1.11962
7.90286 0.779106
7.90714 0.722603
4.53661 1.59063
4.53292 1.55124
4.67299 -0.600209
4.64382 -0.46162
4.90373 3.02371
4.91103 3.0366
4.53015 0.293302
4.53282 0.264474
4.83146 -1.19745
4.82209 -1.16524
5.48512 -2.33104
5.44825 -2.31618
5.0062 3.17407
5.00105 3.16785
5.38311 3.44372
5.39846 3.44901
5.78825 -2.34082
5.88562 -2.31461
5.73889 -2.3486
7.89317 0.249804
7.8854 0.186678
4.95096 -1.56142
5.00208 -1.69173
5.04284 -1.79267
5.09194 -1.8962
4.58643 1.98892
4.59918 2.06302
7.56398 -0.77899
7.62217 -0.665676
7.61835 1.86704
7.58769 1.93233
4.76111 2.71003
4.74559 2.66629
7.11875 2.64801
7.15991 2.60026
7.83565 1.22693
7.87785 1.00025
7.40975 -1.03409
7.37358 -1.08772
7.47979 2.13708
7.39987 2.2711
7.31268 2.39998
7.39586 2.27735
7.73765 1.5688
7.78038 1.43665
7.91058 0.578237
7.90717 0.721994
7.85335 0.00275285
7.83624 -0.0727613
5.14919 3.31574
5.20394 3.35619
5.41792 3.45339
5.78088 -2.34274
7.90883 0.45062
4.90198 -1.41859
4.88826 -1.37853
5.02137 -1.74035
4.67387 -0.604123
4.67426 -0.605758
5.17402 -2.04538
4.57811 1.93571
7.67191 -0.557784
7.50674 -0.879805
7.42745 -1.00742
7.91058 0.502225
6.07152 -2.23801
5.98658 -2.27683
5.88868 -2.31339
5.93851 -2.29587
5.54463 -2.347
5.17441 -2.04594
4.67643 2.4296
4.66406 2.3815
7.89804 0.836547
7.89332 0.886101
4.77961 -1.01821
4.85866 -1.28771
4.72917 2.61572
4.67988 2.44207
7.19476 2.55701
7.04363 2.73274
7.88449 0.953876
7.8311 1.24692
7.28818 2.43439
7.55601 1.99576
7.49675 2.10709
7.39908 2.27236
7.79053 1.40155
7.72057 1.61739
4.55094 1.73104
4.55359 1.75423
4.51367 1.31336
4.87887 2.97897
4.84858 2.91931
5.60004 3.484
5.98239 -2.27832
4.76591 -0.969286
4.50209 0.797389
4.51166 1.27797
4.5081 1.18187
4.88107 -1.35789
4.53556 0.232316
4.5479 0.120867
4.50246 0.77471
4.50617 0.669664
4.82117 2.86116
7.19663 -1.32009
7.90069 0.811057
6.60286 3.1202
7.67473 1.737
4.98588 3.14735
4.93509 3.07473
4.56904 1.87379
4.56034 1.80789
5.17462 -2.04624
4.99799 3.16368
7.63333 1.83447
7.57245 1.96345
7.35906 -1.10864
4.89851 3.0144
4.51268 1.29462
4.54692 1.69553
4.52423 1.45143
4.55957 1.80216
4.5023 0.786177
4.50265 0.924715
4.55061 0.0975563
5.23554 -2.13502
7.22988 -1.27909
7.25215 -1.25124
6.6254 3.10327
4.83526 2.89216
