7.61816 0.0494647
7.62383 0.0733161
7.48649 -0.375328
7.45446 -0.450191
7.58731 1.25685
7.5853 1.26476
4.77204 1.31417
4.77573 1.35996
4.97075 -0.684853
4.9974 -0.770635
4.867 -0.262939
4.85791 -0.216624
5.06113 -0.962658
5.0674 -0.979203
6.63701 2.73452
6.63367 2.73703
6.90252 2.49673
6.96802 2.42524
4.78032 0.308233
4.78509 0.260368
4.75497 0.782065
4.75387 0.813256
5.05563 2.52552
5.06233 2.53786
4.96297 2.30209
4.97875 2.34541
6.19437 -1.76302
6.23001 -1.74974
7.19902 -0.898729
7.1847 -0.919902
6.20089 2.98477
6.14755 3.0051
6.6258 -1.50584
6.56596 -1.54998
7.1253 2.23186
7.08593 2.28348
7.67139 0.452421
7.67472 0.541656
7.65769 0.878804
7.66238 0.834751
7.56369 -0.158988
7.53603 -0.243147
7.43966 -0.483353
7.43569 -0.491636
5.32907 2.89355
5.28632 2.85433
5.52641 3.01348
5.4823 2.99343
7.66163 0.324404
7.64999 0.225943
5.33103 -1.52071
5.30804 -1.48544
5.19694 -1.28573
5.21286 -1.31924
4.80641 1.62666
4.82147 1.72349
4.85883 1.92223
4.86423 1.94893
5.72683 -1.82485
5.69684 -1.8153
5.83826 -1.84007
5.86765 -1.83996
5.57088 -1.75948
5.61101 -1.78182
4.93977 -0.570382
4.9649 -0.664029
4.80874 0.0660099
4.80893 0.0646416
5.15222 2.69327
5.1394 2.67425
4.90907 2.12523
4.89418 2.07442
6.03521 -1.81738
6.07402 -1.80656
6.34329 2.91984
6.38278 2.89953
5.75665 3.06453
5.72939 3.06281
5.93704 3.05745
5.93837 3.05717
6.42706 -1.64424
6.34902 -1.68928
6.82864 -1.33122
6.75795 -1.39548
7.29061 -0.759423
7.31379 -0.721205
7.67417 0.635207
7.67479 0.559515
7.44202 1.67776
7.43479 1.6946
6.55448 2.79395
6.5072 2.82505
6.877 -1.28315
6.92049 -1.23881
7.32042 1.92659
7.31692 1.93303
7.47697 1.59333
7.50373 1.52289
4.7547 0.943823
4.7552 1.00922
5.13736 -1.15841
5.13208 -1.14564
4.76962 0.432121
4.7657 0.48251
4.84693 -0.15838
4.83147 -0.0749373
7.49167 -0.362486
7.61334 1.14766
7.60348 1.18986
6.82979 2.56843
6.89509 2.50418
6.97875 -1.17664
6.99177 -1.16227
7.35937 1.85311
7.36218 1.84763
7.14195 2.20882
7.18615 2.14487
7.56412 1.34171
7.56389 1.34249
7.66628 0.788646
7.66443 0.813298
7.52696 -0.268913
7.5738 -0.125121
7.44221 -0.478176
4.76437 1.20601
4.76064 1.13306
5.66619 -1.80639
4.77681 0.34517
4.77287 0.390869
4.75875 0.617294
4.75761 0.651721
4.75405 0.881214
5.01558 2.43648
4.99104 2.37515
6.71678 2.6698
6.72732 2.66129
7.64367 0.983512
7.64074 1.0027
4.89228 -0.38121
4.91334 -0.468941
7.28686 1.98531
7.26444 2.02317
4.75696 1.04017
4.75742 1.0724
4.76744 1.25427
5.98552 -1.82776
5.95074 -1.83335
5.74311 -1.82888
5.7811 -1.83296
4.88764 -0.360332
6.67691 2.70217
6.70805 2.67707
4.7866 0.246831
4.79225 0.195101
4.76136 0.55742
4.76324 0.521328
4.75672 0.684821
4.7546 0.75036
7.09159 -1.04313
7.11343 -1.01642
6.95386 -1.20433
7.67087 0.724841
7.67308 0.676426
7.36681 -0.627391
7.35724 -0.645378
5.52043 -1.72399
5.48468 -1.69649
5.39102 -1.59838
5.37896 -1.58315
5.04941 2.51293
6.3071 2.93869
6.26274 2.95939
4.78829 1.48828
4.79354 1.53392
5.88682 -1.83933
5.91558 -1.83692
5.45108 -1.66357
5.48213 -1.69399
4.94609 2.25173
4.93724 2.22188
7.53178 1.44425
7.53533 1.43419
7.58423 -0.0888153
6.08352 -1.80388
6.08543 -1.80324
4.91754 -0.485558
7.62986 0.107043
7.61318 0.0268762
5.42711 2.96383
5.37557 2.92936
5.28389 -1.44524
5.25822 -1.40349
4.7769 1.37392
4.77056 1.29581
4.8416 1.83694
4.8365 1.80916
5.01418 -0.823246
4.96694 -0.671415
5.41087 -1.62264
5.42641 -1.63835
5.09601 -1.05457
5.05239 -0.939036
6.59479 2.76538
6.64058 2.73192
6.99125 2.39909
6.90106 2.49822
5.1016 2.61086
6.24684 -1.74106
6.15254 -1.78009
7.15631 -0.957818
7.23635 -0.845048
6.12077 3.01305
6.25375 2.9636
5.93565 3.05761
5.83287 3.06577
6.52594 -1.57936
6.66465 -1.47437
7.24202 -0.836453
7.24472 -0.832331
7.13753 2.21514
7.0684 2.30542
7.67474 0.544549
7.6706 0.435432
6.40922 2.8844
6.4387 2.86822
7.6457 0.197149
5.23255 2.79827
5.6129 3.04251
5.62674 3.04623
5.21006 2.77115
7.66495 0.359133
5.23459 -1.36206
5.36382 -1.56433
5.17138 -1.233
4.78779 1.48358
4.80367 1.60868
4.7959 1.55245
4.8302 1.77294
4.88024 2.02023
4.92388 -0.510388
5.02336 -0.851768
5.56104 -1.75398
5.55649 -1.75063
5.02871 -0.869382
5.12908 -1.13808
4.88969 2.05855
4.80896 0.0643911
4.79335 0.185699
5.17388 2.72231
6.32911 -1.70096
7.03135 -1.11721
7.06916 -1.07145
6.3233 2.93057
6.07231 3.02785
5.66298 3.0521
6.04201 3.03597
5.6345 3.04767
6.72666 -1.42342
6.46118 -1.62188
6.84655 -1.31372
7.33739 -0.68026
7.67396 0.650949
7.40388 1.76248
7.47042 1.60989
6.46881 2.85027
7.12379 -1.00276
4.82778 -0.0532991
7.61993 1.11591
7.59004 1.2468
7.56588 1.33546
7.62521 1.08658
7.63121 1.05729
6.81462 2.58299
6.7551 2.63643
7.0321 2.35039
7.39566 1.78
7.34025 1.88962
7.20573 2.11522
7.23294 2.07342
7.53823 1.42528
7.64716 0.959838
7.6553 0.900743
7.39334 -0.576738
7.37839 -0.606067
7.32302 1.92196
7.25003 2.04685
5.93587 -1.83549
6.02632 -1.81909
5.48321 -1.69509
7.59597 -0.0449056
6.13206 -1.78838
7.02445 -1.12533
5.65064 -1.80062
