4.68958 -1.18968
4.69773 -1.21958
5.42495 -2.64346
5.42888 -2.64367
5.85334 -2.5567
5.93387 -2.51925
5.21188 -2.52349
5.20497 -2.51681
5.10996 -2.38501
5.1305 -2.41513
7.99676 0.164665
7.99829 0.176506
4.61059 -0.878209
4.62905 -0.953638
4.51838 -0.460306
4.55615 -0.644544
4.46424 2.06163
4.4646 2.06485
4.55607 2.55111
4.56831 2.60177
7.30477 2.61012
7.36429 2.53045
7.43681 -1.20025
7.44817 -1.18414
7.30069 -1.37946
7.33008 -1.34305
6.988 -1.72518
7.02568 -1.68837
6.40976 -2.22024
6.4163 -2.2152
5.64293 -2.63116
5.65029 -2.63
4.7898 -1.55061
4.7662 -1.47096
4.84398 -1.72821
4.83557 -1.69996
7.85745 -0.400001
7.84842 -0.425541
4.90609 3.37448
4.85314 3.3039
5.16462 3.59149
5.19929 3.60942
4.95648 3.4324
4.98619 3.46125
5.28273 3.64127
5.31018 3.65179
5.99572 -2.48657
6.03915 -2.46215
8.01174 0.297861
8.01048 0.282146
6.81729 3.12013
6.80701 3.12895
6.58237 3.30164
6.60382 3.28684
5.72803 3.67576
5.72447 3.67617
4.44909 1.94506
4.44776 1.93438
4.4864 2.19687
4.48377 2.18237
7.6464 -0.867521
7.64581 -0.868602
7.7625 -0.634408
7.75618 -0.64851
5.95725 3.62247
6.02631 3.59802
6.40794 3.41586
6.3306 3.45941
6.16952 3.54156
6.18458 3.53495
7.14957 2.79695
7.08498 2.86697
6.97758 2.97404
7.00554 2.94756
7.38939 -1.26545
7.40862 -1.23931
7.53713 -1.0499
7.50724 -1.09667
6.64666 -2.03606
6.6391 -2.04257
6.82476 -1.8821
6.83441 -1.87375
8.02305 0.531591
8.02316 0.58438
8.01626 0.763538
8.01637 0.762168
4.73874 -1.37081
4.7627 -1.45813
4.91441 -1.94087
4.91982 -1.95493
4.76568 3.15827
4.73476 3.09564
5.45813 3.68177
5.50653 3.68575
5.72318 -2.6077
5.73965 -2.60307
4.65138 -1.04389
4.6496 -1.03671
4.64057 2.85484
4.6382 2.84834
7.72458 1.90371
7.71728 1.92014
4.80343 3.22725
4.8178 3.25085
6.1122 -2.41857
6.16713 -2.38547
6.19974 -2.36411
6.27976 -2.31181
5.42022 -2.64277
5.35659 -2.62164
5.33343 -2.61389
5.33493 -2.61467
5.26237 -2.56924
5.02087 -2.20773
4.99863 -2.15831
5.06085 -2.29434
5.05968 -2.29202
5.15524 -2.45394
5.20034 -2.51061
4.38305 0.908327
4.3832 0.850104
4.38401 1.03477
4.38334 0.977104
4.39854 1.40639
4.39558 1.35821
4.40696 1.52666
4.40404 1.48652
4.48833 -0.303086
4.50165 -0.374363
4.55957 -0.660833
4.40288 0.379065
4.40659 0.331679
4.39389 0.515099
4.39704 0.462136
4.45507 -0.094785
4.4607 -0.132505
4.42112 0.177089
4.4288 0.106662
5.84743 3.65345
5.84216 3.65475
6.29669 3.47887
6.18978 3.53232
4.54077 2.48043
4.52412 2.40089
4.60762 2.74859
4.60254 2.73002
7.20124 2.73731
7.22887 2.70493
7.99407 0.968739
7.98822 1.00986
7.95028 1.21834
7.93522 1.28553
6.73797 -1.95953
6.7445 -1.95377
7.06625 -1.64606
6.93052 -1.783
7.51371 2.30466
7.48007 2.35928
7.59302 2.16749
7.57761 2.19531
7.43012 2.43607
7.44239 2.41764
7.88472 1.47383
7.89705 1.43209
7.82985 1.64127
7.83925 1.61482
6.4228 -2.21011
6.53671 -2.1243
6.35072 -2.26198
5.51947 -2.65008
5.55997 -2.6466
7.93524 -0.146063
7.94549 -0.10621
7.89642 -0.281736
7.9081 -0.243611
7.88577 -0.316206
7.81799 -0.504097
7.81198 -0.519562
4.91336 3.38441
6.90851 3.03954
6.86824 3.0756
6.77638 3.15441
6.75352 3.17288
6.69838 3.21634
6.6584 3.2466
6.51836 3.34626
4.43784 1.85472
4.44142 1.88511
4.45599 1.998
4.47097 2.10524
4.50389 2.29929
5.84057 3.65504
5.83753 3.65567
6.07139 3.58247
6.46001 3.38288
6.43255 3.40037
6.18687 3.5338
7.04474 2.90799
6.92501 3.02486
6.55186 -2.1119
6.73725 -1.96018
6.90802 -1.80396
7.11994 -1.59008
8.0205 0.674258
8.0159 0.768152
6.54446 -2.11798
4.73045 3.08722
4.79392 3.20962
8.02114 0.44087
8.02297 0.493439
4.42353 1.71768
4.4259 1.74314
4.41121 1.57852
4.41411 1.61482
4.38717 0.665731
4.38536 0.72293
4.39261 0.538793
4.39003 0.592552
7.77707 1.7802
7.75981 1.82257
7.68656 1.98548
7.67092 2.01807
4.7007 3.01627
4.68124 2.96806
7.20345 -1.49577
7.22556 -1.47037
4.5938 -0.807307
4.38759 1.17551
4.38951 1.2311
4.38424 1.04657
4.38548 1.1041
5.67039 3.68251
5.62869 3.68639
4.5611 -0.667968
4.56498 -0.685357
4.70592 3.03
4.72305 3.07064
7.163 2.7821
7.17062 2.7735
7.15142 -1.55494
7.17998 -1.52279
7.13372 -1.57475
4.937 -2.00306
4.94484 -2.023
8.02139 0.650199
4.91842 3.3905
5.11581 3.56327
5.09422 3.54947
5.73104 3.67529
5.78516 3.66599
7.97821 0.0485405
7.97531 0.0307463
4.46368 2.05796
8.00855 0.851518
4.71407 -1.2803
4.66567 -1.10048
4.81669 -1.63955
4.79857 -1.57881
4.95976 -2.06487
4.97051 -2.09092
5.05938 -2.29132
5.02815 -2.22539
5.07325 3.53394
5.01759 3.48997
5.81643 -2.57392
5.94136 -2.51515
8.00462 0.231402
7.9954 0.154106
4.39387 1.29459
4.39473 1.34603
4.38329 0.971686
4.38305 0.913605
4.38569 0.786601
4.38318 0.844749
4.40254 1.46665
4.3996 1.42236
4.39802 0.447305
4.40147 0.396913
5.53451 3.68751
5.61241 3.68718
4.4364 0.0421903
4.44355 -0.0135982
7.70779 -0.750299
7.7027 -0.76056
4.57496 2.62663
4.54511 2.50202
7.97424 1.09558
7.96509 1.14557
7.29733 2.61964
7.3689 2.52414
7.48767 -1.1259
7.43064 -1.2089
7.34577 -1.32235
7.27469 -1.41207
7.55387 2.23677
7.53016 2.27736
7.85852 1.55743
7.86923 1.52453
5.68384 -2.62032
5.60527 -2.63988
4.76351 -1.46125
4.86772 -1.80458
5.21328 3.61553
5.14543 3.58126
5.32667 3.65624
6.05937 -2.45081
5.98876 -2.49022
5.76168 -2.59412
8.01305 0.313494
7.96036 -0.0403548
7.97445 0.0264136
7.95009 -0.0878084
4.87199 -1.81713
4.8744 -1.82397
7.64116 -0.876726
7.80648 -0.532701
7.58552 -0.972627
7.38422 -1.27256
7.57791 -0.985303
8.0226 0.611232
6.08846 -2.43329
4.73014 -1.33882
5.40861 3.67448
5.69509 -2.61785
4.63768 -0.988736
4.66383 -1.09358
4.41702 1.64788
4.41969 1.67898
4.38962 0.602107
4.38744 0.657745
4.63185 2.82942
4.65891 2.90741
4.38567 1.11091
4.3873 1.1676
4.66525 -1.09893
5.47554 -2.6488
5.51437 -2.65003
4.98599 -2.12683
5.09518 -2.35778
5.14428 -2.43712
4.38405 1.0406
4.40884 1.55067
4.47907 -0.250713
4.40837 0.310437
4.39308 0.527351
4.47612 -0.233229
4.41588 0.227957
4.59399 2.69998
4.51143 2.33725
4.61966 2.7892
7.23934 2.69212
8.0056 0.877756
7.92256 1.33737
7.42675 2.44105
7.25372 -1.43685
7.63111 2.09681
7.62256 2.11314
7.47251 2.37117
7.90846 1.39045
7.80722 1.7031
5.60053 -2.64029
7.93048 -0.164451
6.7252 3.19614
4.43418 1.82489
4.44611 1.92226
6.28672 -2.30694
6.28296 -2.30962
4.63401 -0.973667
4.43045 1.78773
4.38513 0.729587
4.66945 2.93527
4.50701 2.31509
7.79896 1.72531
7.73221 1.88657
7.64036 2.07898
4.38979 1.24029
5.68685 3.68036
5.38481 3.67046
8.02011 0.415299
5.46984 -2.64869
5.9579 -2.5065
6.71249 3.20576
6.82744 3.11163
4.89584 -1.88664
6.18567 -2.37349
5.20317 -2.5143
6.34636 -2.26529
6.62212 3.27391
4.43245 1.80713
7.9197 -0.203661
