6.8109 -0.488048
6.73963 -0.570542
6.56235 -0.737028
6.57295 -0.728551
7.0662 1.23765
7.05934 1.25892
6.76794 1.78541
6.77693 1.77485
6.87264 1.63952
6.91394 1.57278
5.75275 -0.762683
5.78797 -0.791337
6.42044 2.09423
6.42521 2.0912
6.33317 -0.86793
6.35781 -0.85682
6.205 2.18644
6.1885 2.18943
5.97736 2.20287
5.99563 2.20572
5.72679 2.1018
5.79286 2.14457
6.81829 -0.478229
6.88081 -0.387833
5.28119 0.9392
5.27751 0.85259
5.30229 1.16995
5.29687 1.12441
7.16488 0.784226
7.16545 0.778882
7.1188 1.06086
7.13705 0.971674
5.57394 -0.533801
5.54046 -0.470755
5.64481 -0.640347
5.61504 -0.596694
5.40025 1.60386
5.42 1.6596
5.34092 1.39253
5.34631 1.41426
5.58207 1.95921
5.60012 1.98268
5.47964 1.79339
5.45289 1.73651
6.65831 1.90817
6.60512 1.9568
6.96349 1.48233
6.97993 1.44997
5.93625 -0.87924
6.01521 -0.901792
6.12556 -0.911448
6.04837 -0.906589
7.09494 0.072598
7.07759 0.0171141
7.00333 -0.169699
6.9932 -0.19169
5.45707 -0.283667
5.43024 -0.211473
5.40146 -0.123629
5.38623 -0.0685371
5.3396 0.119787
5.33877 0.123945
5.30346 0.346896
5.29511 0.417158
5.28089 0.594253
5.27718 0.689267
7.17049 0.514853
7.17212 0.566249
7.13856 0.249812
7.15042 0.317682
7.09804 1.14024
7.09477 1.15287
7.14652 0.917883
7.11723 1.06786
6.53138 2.02017
6.67961 1.88636
6.70196 1.8616
6.42939 2.08838
6.47728 2.05833
6.52842 2.02244
5.40528 -0.136771
5.41083 -0.15589
7.02605 1.3464
7.01432 1.37413
6.22329 -0.900761
6.25399 -0.891865
5.83285 2.16256
5.89338 2.1857
6.68311 -0.631172
6.81455 -0.483383
6.60202 -0.703784
6.47636 -0.794735
5.28977 1.05579
5.28419 0.986789
5.36856 1.4995
5.38982 1.57035
5.52685 1.87889
5.5089 1.84967
6.79696 1.75006
6.7326 1.82669
6.82425 1.71219
6.9287 1.54756
5.84369 -0.832704
5.71009 -0.718371
7.05454 -0.0469619
7.038 -0.0898124
5.4878 -0.362965
5.49535 -0.379463
5.36413 0.0161757
5.37821 -0.0395166
5.28994 0.469308
5.28311 0.555086
7.15882 0.378049
7.16558 0.443234
6.26888 2.16503
6.31195 2.15004
6.4472 -0.813055
6.20948 -0.902461
6.52621 2.02392
6.50238 2.04088
6.09962 2.20459
6.01654 2.20561
5.69444 2.07792
6.93694 -0.298964
6.94318 -0.288527
6.65994 -0.653078
5.27674 0.820053
5.31615 1.26579
7.1669 0.761698
7.15322 0.875351
5.50447 -0.39842
5.58999 -0.559444
5.66363 -0.66615
5.43813 1.70421
5.32842 1.33372
5.31873 1.28204
5.64735 2.03303
5.55434 1.91921
6.98506 1.43906
6.81335 1.72769
7.00815 1.38774
5.88501 -0.854793
6.03021 -0.90541
7.11136 0.129679
6.95548 -0.265746
7.12578 0.18934
5.42144 -0.186363
5.34128 0.111573
5.40381 -0.131879
5.32105 0.226799
5.27623 0.770953
5.31341 0.27534
5.27665 0.721936
7.17225 0.661514
7.17165 0.682192
7.04405 1.29964
6.31611 2.14812
7.17114 0.696334
7.09025 1.16867
6.32034 2.14592
6.37147 2.12109
6.47911 2.05708
