6.16601 -2.58769
6.20328 -2.56118
8.00026 -0.339328
8.02578 -0.255927
4.69265 -1.7655
4.71344 -1.8438
4.27192 1.35823
4.2671 1.29617
4.26134 0.850247
4.26024 0.789306
6.84703 3.26801
6.79908 3.30767
4.27669 1.47731
4.27722 1.48593
4.27284 0.458932
4.2725 0.464163
4.33044 2.06026
4.33533 2.10306
4.90866 -2.54595
4.89754 -2.51319
4.3169 -0.00992196
4.31072 0.0398084
7.79414 -0.838046
7.83933 -0.746479
7.80406 2.00555
7.84717 1.90923
5.03044 3.78698
5.0705 3.80886
5.24743 3.87242
5.20123 3.86054
4.87182 -2.42803
4.8841 -2.4665
7.12907 3.00059
7.18058 2.94654
8.08686 1.10993
8.0944 1.06797
7.42825 2.64529
7.44217 2.6266
7.23542 -1.64322
7.25305 -1.62343
4.6798 3.41477
4.6847 3.42433
4.62234 3.30131
4.61328 3.28302
5.50049 -2.9884
5.50434 -2.9873
5.36231 -3.03183
5.42992 -3.01493
4.79234 -2.14342
4.79727 -2.15941
8.13675 0.639709
8.13538 0.687365
4.95891 -2.69754
4.95497 -2.68409
5.02792 -2.85383
5.01521 -2.82515
5.1831 -3.01949
5.22765 -3.03495
5.11348 -2.97215
5.09664 -2.95053
4.73701 -1.93196
4.74458 -1.96466
5.7145 -2.88354
5.65562 -2.91477
5.76887 -2.84996
5.80361 -2.82894
4.67447 -1.69617
4.65764 -1.62629
5.98326 3.79709
5.95567 3.80614
5.74004 3.86998
5.75965 3.86578
6.22935 3.68788
6.26034 3.67244
6.47046 3.54914
6.48322 3.54124
7.05204 3.08027
7.2412 2.87863
7.2076 2.91726
7.61682 -1.14379
7.66183 -1.07394
6.9784 -1.91259
7.04429 -1.84719
6.81086 -2.06864
6.8693 -2.01646
7.06485 -1.82642
7.06052 -1.83087
4.77078 3.55364
4.73918 3.51033
6.65991 -2.20072
6.63156 -2.22392
7.93922 -0.514044
7.92986 -0.537967
8.13684 0.448186
8.13519 0.407959
4.28719 1.63302
4.2857 1.61423
5.59201 3.89338
5.59211 3.89336
4.26596 0.595463
4.26599 0.594571
7.72669 -0.963895
7.69319 -1.02118
4.47078 -0.84724
4.47322 -0.858001
6.94858 3.178
6.95584 3.17118
4.35494 2.24003
4.35797 2.26078
7.15433 -1.73075
7.1879 -1.69434
5.9378 -2.74625
5.95784 -2.7325
6.03513 -2.68094
6.04241 -2.67563
4.63818 -1.54971
4.61074 -1.4356
4.25965 0.98015
4.25963 0.977249
5.87202 3.83483
5.77464 3.86147
4.38236 -0.42139
4.37922 -0.404607
4.42412 -0.629593
4.41159 -0.570017
4.36791 2.31482
4.37613 2.37799
4.35836 -0.286411
4.34398 -0.19858
7.88807 1.8105
7.85924 1.88024
7.73043 2.15581
7.75614 2.10561
4.37667 2.38152
4.39311 2.48255
4.42614 2.65895
4.43145 2.68708
5.34369 3.89079
5.3014 3.88369
8.04559 1.3126
8.07022 1.20068
7.3503 2.74807
7.3753 2.71579
7.47834 2.57551
7.5047 2.5372
6.89608 -1.9909
6.96541 -1.92571
7.66912 2.2699
7.70688 2.20153
7.58925 2.40631
7.614 2.36572
5.30149 -3.04077
4.75406 -2.00429
4.77683 -2.08192
4.85082 -2.3504
4.834 -2.28984
7.95442 1.62955
7.92878 1.70337
8.00659 1.46236
7.98908 1.52311
5.85788 -2.79696
5.86285 -2.79376
5.28633 -3.04008
5.62644 -2.92914
5.73724 -2.8695
6.50767 -2.32634
6.53275 -2.30672
8.04723 -0.178749
7.97955 -0.404002
7.94732 -0.492559
6.64185 3.43135
6.63642 3.43518
6.69307 3.39249
6.69338 3.39225
6.85521 3.26084
6.90196 3.21978
6.03991 3.77497
6.03817 3.77565
5.76528 3.86416
5.64557 3.88647
4.31087 1.90175
4.31444 1.93301
4.34052 2.1422
6.20529 3.70026
6.11328 3.74336
6.26543 3.66971
6.26131 3.67194
6.42802 3.57613
6.39266 3.59683
7.28461 2.82932
6.72298 -2.14586
6.77234 -2.1037
7.05768 -1.83367
4.80608 3.59716
8.13363 0.716695
8.12752 0.80112
6.29317 -2.49396
6.3422 -2.45704
6.4212 -2.39554
6.46921 -2.35773
6.54505 -2.29629
6.59632 -2.25415
6.69287 -2.17196
4.93028 3.71976
4.95548 3.73919
8.13313 0.370999
8.13875 0.536872
4.53556 -1.12564
4.5455 -1.16729
4.5094 -1.01445
4.51562 -1.04116
4.47653 2.87678
4.47074 2.85592
4.51857 3.02605
4.50477 2.9809
7.38287 -1.4694
7.41364 -1.43078
7.28522 -1.58681
7.3265 -1.53833
4.45829 -0.791237
4.45777 -0.788833
4.48644 -0.915006
4.26133 1.10232
4.26136 1.10425
4.59345 -1.36544
4.57142 -1.27535
4.59984 -1.39071
7.98976 -0.373603
4.90819 3.70205
4.89025 3.68527
8.11075 0.14364
8.10448 0.0982672
4.49649 -0.95874
4.50105 -0.978083
4.26343 0.723245
4.26032 0.78424
7.04947 3.08281
7.00172 3.12821
6.74475 3.35214
6.74874 3.34884
5.59181 3.89339
5.50377 3.89909
4.32474 2.02257
4.32191 1.99663
4.30463 1.8344
4.30177 1.80579
4.28808 0.258803
4.28594 0.283005
4.86277 -2.39171
4.85361 -2.3592
8.11973 0.869654
8.12696 0.807266
8.11259 0.939505
8.1137 0.930986
7.50359 -1.31132
7.51626 -1.29386
4.54413 3.10762
4.54348 3.10554
8.05962 -0.130697
7.91531 -0.573406
7.90212 -0.606552
6.5382 3.50453
6.57686 3.47739
8.13854 0.576566
4.29915 1.77959
4.29601 1.74219
8.11629 0.183095
8.11934 0.21065
4.72127 -1.87545
4.26663 1.23124
4.26697 1.29339
6.31709 3.64164
6.32813 3.63515
7.29404 2.81758
7.30478 2.8048
4.81921 3.61388
4.83136 3.62714
6.08682 -2.64505
6.2473 -2.52815
4.68404 -1.73318
8.12575 0.276841
8.12224 0.239587
4.26707 1.29474
4.27357 1.41655
4.26031 0.786749
4.25981 0.910941
4.28037 1.53776
4.27387 1.42179
4.40278 -0.525751
4.38344 -0.42728
4.26902 0.526535
4.27673 0.398943
4.92694 -2.60675
4.92549 -2.60116
4.92162 -2.58833
4.89238 -2.49366
4.30129 0.125175
4.32627 -0.0799972
7.85083 -0.721761
7.78445 -0.856885
7.84775 1.90787
7.80261 2.00871
4.39961 2.51752
4.41151 2.5853
4.54257 3.10254
4.52337 3.04328
5.13984 3.83938
5.27097 3.87838
8.09506 1.06388
8.07192 1.19219
7.23294 -1.64602
7.28152 -1.59115
4.71535 3.47357
4.65465 3.36846
4.59805 3.24593
4.64737 3.355
5.55672 -2.96295
5.46905 -3.00031
5.57311 -2.95674
4.98768 -2.76743
5.06699 -2.91733
5.04629 -2.88158
4.99273 -2.78174
5.13524 -2.98873
5.16646 -3.0126
4.68713 -1.74432
8.12918 0.313193
8.08944 0.00806681
8.09849 0.057595
8.0767 -0.0575072
7.7313 -0.955557
7.89092 -0.632194
7.66587 -1.06731
7.58999 -1.18548
7.56708 -1.21947
7.52131 -1.28664
6.35776 -2.44486
6.40569 -2.40803
4.52239 -1.07011
4.53045 -1.10423
4.28223 1.56418
4.29062 1.67839
4.26874 0.532033
4.26459 0.63946
4.49667 2.95087
4.48722 2.91845
7.33505 -1.52795
7.37054 -1.48487
5.9149 -2.76041
5.98645 -2.71409
6.00028 -2.7042
6.08382 -2.64724
4.54887 -1.18107
4.57085 -1.27288
4.25983 0.916546
4.26014 1.04075
4.2812 1.55008
4.36367 -0.316044
4.44104 -0.713555
4.27733 0.39092
4.26886 0.529373
5.42889 3.89847
5.44703 3.89874
5.41911 3.89826
4.33595 -0.147139
4.29752 0.160951
7.75716 2.10353
7.88955 1.80682
7.92506 1.71345
7.70774 2.19992
4.4457 2.75368
4.45351 2.78754
4.45513 2.79388
4.37626 2.37884
4.9815 3.75674
5.00938 3.77525
5.13435 3.83746
5.12129 3.83162
5.38946 3.89543
8.03858 1.34174
8.01579 1.42958
7.54051 2.48362
7.56357 2.44763
7.41501 2.66389
7.42885 -1.41111
7.46358 -1.36608
7.6614 2.28367
7.6298 2.33893
4.64868 3.35731
4.72556 3.49077
4.58195 3.20877
4.8313 -2.28146
4.81462 -2.22051
7.9597 1.61401
7.98203 1.54581
5.89558 -2.77315
5.85052 -2.80163
6.09341 3.75281
6.51692 3.51866
6.27872 -2.50523
6.48373 -2.34604
6.60553 -2.24638
4.29266 1.70217
4.26399 0.659364
4.45765 2.80348
4.44582 -0.735214
4.46254 -0.810935
4.26327 1.16695
6.0843 -2.64688
4.2633 1.16852
4.26396 0.660142
5.43435 -3.01335
4.44384 -0.725734
6.35207 3.62103
4.56644 3.1676
4.54757 3.11724
8.07556 -0.0631064
6.10203 3.74871
4.31865 1.9679
4.57203 3.18243
5.58862 -2.94964
6.5839 3.47239
