7.65718 -0.246516
7.66666 -0.217084
7.7654 0.227258
7.7709 0.271302
4.63926 1.1309
4.63669 1.0782
5.0842 -1.42648
5.06929 -1.39304
5.02635 -1.28507
4.99985 -1.21361
4.66828 1.54088
4.66942 1.55187
4.70983 1.85105
4.71349 1.87272
6.09733 -2.00372
6.03715 -2.02583
5.63848 -2.06044
5.6108 -2.05532
4.63968 0.616974
4.64205 0.558459
7.09997 -1.22822
7.1204 -1.20439
4.70345 -0.0465794
4.69633 0.00089223
6.66654 2.88422
6.74452 2.82281
6.49229 -1.7843
6.40445 -1.8434
6.83215 -1.50859
6.80561 -1.53409
7.3717 -0.854975
7.33058 -0.920685
7.43599 1.95621
7.40274 2.01824
7.68432 1.3304
7.70074 1.26817
7.72094 -0.0175917
7.72855 0.0162436
7.57966 -0.455422
7.57756 -0.460584
5.31376 3.14445
5.27969 3.12056
5.51282 3.2362
5.51298 3.23624
5.14441 -1.56018
5.14823 -1.56759
4.64554 1.26373
4.64739 1.29524
5.90209 -2.06345
5.99712 -2.04015
5.80127 -2.07655
5.8856 -2.06587
4.82414 -0.634976
4.80547 -0.560825
4.63482 0.744246
4.63395 0.784035
4.93258 2.65413
4.91405 2.61437
6.2067 -1.95506
6.23461 -1.94016
4.75259 2.07954
4.76336 2.12824
7.46547 -0.693669
7.488 -0.649931
6.1409 3.18639
6.17152 3.17346
6.40887 3.05869
6.42188 3.05171
5.90398 3.24994
5.95232 3.24114
6.58408 2.94749
6.81801 2.75856
6.75068 2.81787
6.60333 -1.70372
6.69608 -1.6293
6.54864 -1.74307
6.59617 -1.70902
7.27205 -1.00612
7.30766 -0.955169
7.78679 0.49571
7.78614 0.471625
4.77556 -0.430634
4.78404 -0.469886
5.237 -1.72558
5.26097 -1.76105
6.95984 -1.38278
7.02529 -1.31547
4.77457 2.17707
4.78948 2.23549
6.95962 2.62161
6.95454 2.62709
7.78627 0.67726
7.78477 0.710136
5.36785 -1.89766
5.36886 -1.89861
7.69123 -0.134085
7.62639 -0.335608
6.00425 -2.03776
6.10367 -2.00162
5.58536 -2.04503
5.60086 -2.05178
5.70473 -2.07425
7.03018 -1.31006
7.03276 -1.30723
6.25415 3.13936
6.32406 3.10428
7.35839 2.09567
7.37183 2.07268
7.27478 2.22704
7.3044 2.18217
7.18686 2.35263
7.19217 2.34544
7.63261 1.49754
7.65431 1.43191
7.72455 1.16433
7.70687 1.244
7.77576 0.835148
7.77409 0.854434
7.61913 -0.355192
6.58146 2.94943
6.56597 2.95996
6.52622 2.98653
4.65852 1.44283
4.65692 1.42355
6.00092 -2.03904
5.7854 -2.07582
5.90013 -2.06394
5.51994 -2.01672
4.86475 -0.791612
4.86274 -0.784164
5.47456 -1.98772
5.42987 -1.95454
5.43549 -1.95978
6.07825 3.2084
6.08511 3.20611
6.22029 3.15375
6.34794 3.09262
6.83286 2.7456
6.39156 -1.85097
6.37452 -1.86128
6.90827 -1.4359
4.63451 0.952469
4.63399 0.91331
4.64198 1.20212
4.64054 1.1673
4.9318 -1.01539
4.93663 -1.03098
4.94846 -1.06768
4.96753 -1.12266
5.27937 -1.7885
4.65504 0.365702
4.65091 0.422497
4.68002 0.12027
4.67676 0.145592
4.63638 0.692456
4.63795 0.653668
4.81916 2.34135
4.82607 2.36568
7.05679 2.5148
7.07671 2.49155
7.16752 -1.1466
7.17641 -1.13523
7.75778 0.979114
7.75082 1.02745
6.18468 -1.96444
4.63661 1.04031
4.67584 1.61133
4.6768 1.61994
4.66289 1.48771
4.64481 0.523255
4.98109 2.75651
4.9989 2.78948
7.49004 1.84795
7.51891 1.78641
5.7689 3.26474
5.8135 3.26238
6.87577 -1.4673
7.58047 1.64184
7.57103 1.66562
4.64923 1.32307
4.65189 1.35939
4.90767 -0.936216
4.88535 -0.862255
5.21479 -1.68896
5.20948 -1.67943
4.64599 0.49054
4.66228 0.285
4.67286 0.180897
4.66908 0.215563
4.63485 1.00135
4.63367 0.873663
4.63354 0.824717
5.8731 3.25593
5.84058 3.26017
6.85224 2.72767
4.75374 -0.327062
4.77214 -0.414908
5.11171 2.9583
5.11982 2.96885
4.69511 1.75481
4.69346 1.74437
4.72135 -0.155528
4.74287 -0.271482
5.28497 -1.79699
5.29582 -1.81245
4.74596 2.04605
4.73664 2.00088
5.66533 3.26324
5.66473 3.26317
5.41277 3.19888
5.51237 3.23603
5.19075 3.04534
5.17367 3.0273
7.77902 0.356669
7.75222 0.136718
5.04688 -1.33961
5.10775 -1.48083
4.71933 1.9081
4.70325 1.80855
4.79769 2.26552
4.80882 2.30651
6.78793 -1.54952
6.85222 -1.48996
7.32313 -0.932021
7.39971 -0.809549
7.39791 2.02691
7.44654 1.93602
7.23132 2.29051
7.24991 2.26389
7.60364 1.58141
7.70608 1.24721
7.6819 1.33926
7.74623 0.103037
7.7005 -0.0998424
5.21602 3.06929
5.38518 3.1854
5.61388 3.25699
5.10282 2.94592
5.04921 2.87209
7.78248 0.403222
5.03326 -1.30399
5.15174 -1.57393
5.19365 -1.6518
4.68379 1.67845
4.68161 1.66107
4.68435 1.68237
4.73181 1.97487
4.88069 -0.846602
4.79882 -0.533389
4.84302 -0.70933
4.89826 2.57349
4.87766 2.52302
5.02615 2.83623
4.9541 2.70341
4.76507 2.13649
4.74959 2.06456
7.43511 -0.748778
7.52448 -0.576921
6.03062 3.22279
5.9993 3.23006
5.88403 3.25406
6.70401 -1.62289
6.59976 -1.70635
6.50351 -1.77684
7.25321 -1.03303
7.21999 -1.07906
7.41903 -0.776459
7.78802 0.579256
7.53502 1.75015
7.55802 1.69653
4.84169 2.41783
4.84375 2.42484
6.95121 2.63053
7.01701 2.55971
7.78741 0.623145
7.78164 0.766395
7.76608 0.91949
7.76353 0.941345
4.71454 -0.117409
4.7167 -0.129959
7.13657 2.4178
7.09684 2.46687
7.16238 -1.15313
7.72862 1.14556
7.74872 1.03921
7.47279 1.88378
7.35563 2.10031
7.31718 2.16216
7.17109 2.37363
7.65981 1.41384
7.62431 1.5222
7.77197 0.872935
6.47728 3.01842
6.45884 3.02946
4.85094 2.44721
6.88795 2.6933
4.67024 1.56117
5.8209 3.26204
5.74011 3.26481
6.26052 -1.92607
6.30625 -1.9023
5.32184 -1.84343
5.22654 -1.70967
4.66628 0.242131
5.6665 3.26334
5.71704 3.26535
4.98684 -1.17845
4.65509 1.40117
7.04059 -1.29833
4.68266 0.100549
7.61463 1.55054
4.6645 0.262331
4.86777 2.49492
6.36626 3.0832
4.93929 -1.03958
5.40109 -1.92942
7.56549 -0.487536
7.53167 -0.561928
6.52235 2.98908
4.84982 -0.736359
5.44255 -1.96577
