7.5494 0.0357457
7.55636 0.0650218
7.52245 1.25446
7.51468 1.28516
5.37034 -1.39357
5.40133 -1.43749
5.67163 -1.66644
5.70297 -1.67909
5.06316 -0.734322
5.0616 -0.729294
5.13107 -0.924035
5.14893 -0.971121
6.56646 2.689
6.56201 2.69233
4.82199 0.780975
4.81988 0.84078
5.13525 2.47557
5.15153 2.50556
7.16961 -0.822443
7.12938 -0.881943
6.15375 2.90346
6.16869 2.89776
5.90112 2.95411
5.94355 2.95072
7.03131 2.24275
7.0285 2.24643
6.37239 2.80729
6.34299 2.82347
7.56846 0.125158
7.58261 0.208108
7.52802 -0.050109
7.51185 -0.110464
7.44504 -0.30415
7.46265 -0.257786
7.35836 -0.499574
7.34365 -0.530219
7.38763 1.64221
7.37171 1.67807
7.45551 1.46877
7.4408 1.50895
5.53402 2.88865
5.60388 2.91714
5.33776 2.75102
5.38488 2.79249
5.32773 -1.33222
5.29545 -1.27679
4.82675 1.11323
4.8326 1.21634
4.84796 1.38943
4.8549 1.45369
4.88603 1.6761
4.88743 1.68509
5.7652 -1.69891
5.85802 -1.7137
4.99253 -0.493746
5.008 -0.54923
5.50681 -1.55498
5.5306 -1.57467
5.20718 -1.10437
5.18377 -1.05157
4.93254 1.90604
4.94977 1.97539
4.87219 0.101315
4.86404 0.161077
4.83924 0.389789
4.83752 0.406437
4.82172 0.709136
4.82339 0.65065
4.81999 0.851583
4.82126 0.970452
5.23852 2.63912
5.23204 2.6295
6.24283 -1.63685
6.27107 -1.6231
4.98757 2.11132
4.97903 2.08373
7.00964 -1.03475
6.99583 -1.05108
5.73626 2.95006
5.73569 2.94993
6.63833 -1.39545
6.68913 -1.35353
6.43955 -1.53428
6.48817 -1.50257
7.6063 0.428004
7.60235 0.369519
7.61125 0.611604
7.6115 0.581396
7.59263 0.891545
7.58703 0.939078
4.95275 -0.331145
4.97286 -0.417491
7.084 -0.940093
7.12726 -0.884888
7.21749 -0.750692
7.24075 -0.714091
6.85794 -1.20068
6.8562 -1.20246
7.26526 1.891
7.2575 1.90523
4.9084 -0.123582
4.9081 -0.121962
7.41522 -0.377738
7.40909 -0.39182
7.57084 1.03612
7.56361 1.07949
6.7352 2.55489
6.76581 2.52715
6.91086 2.38408
6.90837 2.38675
7.16723 2.05298
7.12979 2.1085
7.50259 -0.139328
7.49223 -0.171974
7.38276 -0.449963
7.31863 -0.578942
7.32802 -0.560872
7.42273 1.55685
7.4712 1.42424
4.82558 1.09526
4.83511 1.24994
4.82151 0.715832
4.82152 0.982557
6.64987 2.62662
6.65122 2.62553
7.55291 1.12684
7.56201 1.08773
7.60377 0.785099
7.60158 0.81094
4.93843 -0.268295
4.9768 -0.433901
7.40796 1.59357
7.48694 1.37912
7.48521 1.38427
4.82479 1.04009
5.71726 -1.68446
5.76279 -1.69848
5.02024 2.21214
5.05295 2.29885
7.21239 1.98269
7.22126 1.96837
6.04976 -1.69953
6.04856 -1.69986
6.42175 2.78107
6.45056 2.76381
4.83895 1.29612
4.82131 0.722259
4.98532 -0.467674
4.83254 0.468592
4.82988 0.508347
7.56214 0.0935334
7.54263 0.005031
5.4352 2.83121
5.48364 2.86155
5.42374 -1.46675
5.3453 -1.35873
4.84246 1.33577
4.92979 -0.227787
4.93332 -0.244544
5.06573 -0.742399
5.03293 -0.634976
5.16761 -1.01503
5.11871 -0.890595
4.90848 1.79676
4.91441 1.82396
6.52218 2.71852
6.57074 2.68588
6.83888 2.4581
6.89951 2.39595
5.18428 2.55898
5.12005 2.44481
6.16513 -1.66608
6.14504 -1.67409
7.12787 -0.884021
7.18511 -0.800163
6.92993 -1.12457
6.98863 -1.05954
6.12688 2.91144
6.25991 2.86253
5.98849 2.94306
5.83954 2.95645
6.5384 -1.46959
6.59199 -1.43009
7.02206 2.2545
7.0801 2.17808
7.60999 0.520261
7.60871 0.474335
6.31692 2.83556
6.39728 2.79453
7.58886 0.250359
7.35026 1.72493
5.63399 2.92731
5.30175 2.71362
7.59896 0.334376
5.46507 -1.51229
5.26665 -1.22364
4.86476 1.53137
4.86988 1.57014
4.86748 1.55278
4.89278 1.7154
5.91088 -1.71315
5.76348 -1.69867
5.58267 -1.61575
5.61712 -1.63607
5.01433 -0.57144
4.991 -0.488218
5.09719 -0.831563
5.24942 -1.19222
5.23442 -1.1636
4.95921 2.01364
4.8846 0.0179358
4.8564 0.222248
5.24309 2.64524
5.09213 2.38845
5.06303 2.32343
6.34173 -1.58982
5.95346 -1.71335
6.04713 -1.70009
4.99305 2.1278
6.86017 -1.19838
7.04047 -0.997008
6.28478 2.85137
6.04832 2.93258
5.73645 2.95008
6.7394 -1.31123
6.37633 -1.57016
6.78055 -1.27349
7.29255 -0.627425
7.28579 -0.639148
7.61019 0.69103
6.60795 2.65767
6.64828 2.62794
4.90926 -0.128163
6.47634 2.74857
7.06411 -0.966386
4.89033 -0.0178886
7.5397 1.18802
7.54714 1.15556
7.50854 1.30658
7.56263 1.08428
7.57521 1.01335
6.82268 2.47424
6.68897 2.59376
6.97341 2.31252
7.10253 2.14686
7.17747 2.03763
7.60712 0.741289
7.60981 0.701937
7.47588 -0.221095
7.4359 -0.327968
7.29526 -0.622651
4.843 0.34457
4.84713 0.301981
4.8347 0.440131
4.82522 0.59444
4.82605 0.57596
7.59623 0.862742
7.58676 0.94107
7.293 1.84006
7.32248 1.78323
7.22563 1.96102
4.85207 0.259278
5.01819 2.20649
7.3383 1.75036
7.529 1.23043
5.64798 -1.65432
4.84913 0.283078
4.84056 0.371273
4.82353 0.642766
5.01254 2.18898
7.32631 1.77567
7.27623 1.87146
7.39178 -0.430971
7.38836 -0.438344
4.82929 0.520253
4.8285 0.531295
