5.44525 -2.38051
5.48733 -2.39524
6.14384 -2.24163
6.18865 -2.21723
5.87168 -2.36492
5.83559 -2.3774
6.60681 3.15171
6.62674 3.13691
4.66725 -0.685893
4.70039 -0.82096
5.8725 3.49998
5.93988 3.48381
4.71676 2.68056
4.73175 2.72635
7.02348 2.78934
7.05025 2.76173
7.16606 2.63071
7.12843 2.67541
7.87574 1.14461
7.88916 1.07212
7.37488 -1.12727
7.38365 -1.11483
7.45492 2.22556
7.47594 2.19042
7.78995 1.48274
7.76968 1.54602
7.93126 0.669852
7.93358 0.59658
7.77597 -0.357723
7.75299 -0.420841
4.90321 3.09802
4.90085 3.09392
5.06418 3.29736
5.02113 3.25499
5.19133 3.40152
5.10776 3.33967
5.276 3.4474
5.30333 3.4618
5.48 3.51355
5.49648 3.51665
5.71926 -2.40404
5.65443 -2.41279
7.89612 0.10488
7.88836 0.0602133
7.92672 0.360564
7.92435 0.328866
4.90664 -1.52693
4.89175 -1.48429
4.95915 -1.67744
4.9553 -1.66675
4.51677 1.6505
4.51981 1.67944
4.49665 1.42281
4.49572 1.41242
4.65128 -0.616913
5.02283 -1.83566
5.01235 -1.80974
4.55279 1.94515
4.56088 1.99908
7.52757 -0.891228
7.58226 -0.793714
5.76892 3.51617
5.72582 3.52171
6.16825 3.40464
6.1637 3.40634
6.39227 3.29081
6.44261 3.25967
6.82831 2.97587
6.89045 2.9201
7.47507 -0.976773
7.51235 -0.916859
6.50503 -2.00795
6.41066 -2.07588
6.61856 -1.92122
6.61091 -1.92727
6.83374 -1.73667
6.8069 -1.76121
7.02954 -1.54412
6.99848 -1.57711
5.96466 -2.32901
5.93657 -2.34152
5.538 -2.4069
5.49374 -2.3976
4.49634 0.403793
4.49757 0.386165
4.54151 -0.0223646
4.53381 0.0375005
4.78149 -1.1248
4.75874 -1.04532
4.83417 -1.30346
4.82499 -1.27227
7.8124 -0.247518
7.79508 -0.301953
5.14534 -2.08002
5.16932 -2.12078
6.08787 -2.27219
6.1998 -2.21094
4.47772 0.853226
4.47773 0.849994
4.47839 0.979834
4.47836 0.976993
4.63035 -0.519913
5.98878 3.4684
5.82398 3.50968
6.17985 3.39936
6.28073 3.3515
4.68334 2.56914
4.67356 2.53617
4.75385 2.78539
4.73449 2.73436
7.08912 2.71888
7.12772 2.67623
7.26893 2.5015
7.25086 2.525
7.16135 -1.39994
7.15593 -1.40642
6.60344 -1.93283
6.51129 -2.00365
6.95149 -1.62328
6.9032 -1.67127
7.53389 2.08794
7.56688 2.02614
7.37171 2.35747
7.3739 2.35418
7.837 1.31603
7.82535 1.36118
7.73636 -0.464943
7.72057 -0.50265
7.70452 -0.541
6.79226 3.00656
6.75045 3.04146
6.53238 3.20277
6.55495 3.18806
4.51343 1.61528
4.50563 1.53181
4.50185 1.48697
4.49238 1.36589
4.49142 1.35233
4.71576 -0.882155
4.82552 2.95536
4.83503 2.9741
4.58309 2.13211
4.60325 2.23736
6.05456 3.44824
6.31027 3.33526
6.50289 3.22276
5.64928 3.5265
5.62894 3.52633
6.93535 2.87695
6.40103 -2.08196
6.78551 -1.77965
6.70938 -1.84618
7.09257 -1.47814
6.28625 -2.15803
5.21271 -2.18571
5.2638 -2.24714
6.07432 -2.27933
6.03745 -2.29696
4.74148 -0.980295
4.75549 -1.03319
4.48493 1.23194
4.48485 1.23007
4.48797 0.522575
4.49234 0.460585
4.50222 0.330123
4.51522 0.193716
4.52397 0.113919
4.55021 -0.0818286
4.47986 0.719461
4.4798 0.721393
4.48287 0.634907
4.48487 0.591009
4.76212 2.80555
4.77727 2.84438
4.6271 2.34676
4.6324 2.37119
7.6639 1.82207
7.66848 1.81138
7.32203 -1.19929
7.30028 -1.22806
7.91643 0.879396
7.91364 0.906786
4.48073 1.10251
4.48076 1.10399
7.83083 -0.18433
5.10127 -2.0033
5.09444 -1.9901
5.38878 -2.35262
5.41167 -2.36599
4.72698 -0.925706
4.73883 -0.970186
6.70992 3.07421
6.68355 3.09392
4.60745 -0.409881
4.58964 -0.317797
4.48786 0.525809
4.48762 0.528824
4.58108 2.12172
4.58197 2.12638
4.55725 -0.125973
4.56921 -0.199684
4.61128 2.27445
4.61926 2.3119
4.60653 2.2526
7.71034 1.70902
7.73307 1.65037
7.84516 -0.133886
7.84726 -0.125808
7.66504 -0.628648
7.65245 -0.656363
4.90815 3.10563
4.93876 3.15122
4.55003 1.92439
4.54271 1.87181
7.3586 -1.15011
7.92667 0.764142
7.92919 0.730875
5.32674 -2.30686
5.34626 -2.32446
5.27841 -2.26438
4.50959 1.57385
4.50747 1.55112
4.61427 -0.44348
4.57097 2.06273
4.57204 2.06929
4.89468 3.08275
4.8609 3.02314
4.50665 0.27968
4.50802 0.264878
4.80753 -1.21434
4.78932 -1.15167
5.49115 -2.39678
5.21174 -2.18431
5.21213 -2.18493
5.00862 3.24116
4.97614 3.20191
5.31078 3.46478
5.40013 3.49557
5.82303 -2.38042
5.88609 -2.36073
7.91435 0.229974
7.91017 0.195969
4.47777 0.916693
4.47776 0.913493
4.47767 0.786494
4.47752 0.78984
4.95353 -1.66153
4.9231 -1.57574
5.03241 -1.85935
5.05796 -1.91367
4.5616 2.0044
7.59317 -0.773166
7.63831 -0.684697
7.62299 1.91168
7.61447 1.92981
4.65728 2.47582
4.64788 2.43796
4.73228 2.728
4.71268 2.66723
7.12797 2.67594
7.18555 2.60753
7.86219 1.21025
7.89769 1.01987
7.42556 -1.05271
7.49496 2.15749
7.42634 2.27237
7.32792 2.42049
7.36376 2.3692
7.76271 1.56644
7.79866 1.45473
7.93337 0.529775
7.93021 0.707511
5.56993 -2.41191
5.58445 -2.41271
7.87308 -0.0157128
7.86128 -0.0677653
5.09763 3.33076
5.20592 3.41107
5.50864 3.51765
5.74728 -2.40013
5.60217 -2.4125
7.93241 0.459466
4.86136 -1.39333
4.86108 -1.3925
4.99041 -1.75627
5.09245 -1.98577
4.55148 1.93544
7.67739 -0.60212
7.52305 -0.899023
7.45866 -1.00283
7.93337 0.487897
5.91883 -2.34772
5.98702 -2.32021
4.48198 0.655643
4.48196 0.656207
4.79616 2.88919
4.80191 2.90335
7.92275 0.821014
7.92245 0.824162
4.48253 1.16705
4.48255 1.16749
4.58658 -0.301031
4.75594 -1.03491
4.86046 -1.3906
5.13013 -2.05582
4.47883 1.04049
4.64369 2.41955
4.70181 2.63277
7.20391 2.58474
7.06684 2.74406
7.90938 0.938233
7.84966 1.26527
7.31703 2.43577
7.11057 -1.45789
7.19469 -1.36067
7.57165 2.01681
7.52276 2.10834
7.41382 2.2922
7.81469 1.39927
7.73855 1.63518
4.5231 1.71375
4.52934 1.76835
4.48719 1.29691
4.84727 2.9988
4.81584 2.93516
5.66231 3.52632
5.59746 3.52629
6.00951 -2.30919
4.48693 1.29236
4.48328 1.18825
4.86093 -1.39207
4.50943 0.248365
4.52758 0.0841648
4.47763 0.783212
7.21281 -1.33915
7.10052 -1.4693
7.92292 0.819394
6.56759 3.17923
7.70025 1.7346
4.54072 1.85621
4.53447 1.80777
4.95688 3.17565
7.65964 1.83199
7.57692 2.00647
4.48706 1.2945
4.52263 1.70967
4.49758 1.43488
4.53137 1.78465
7.21657 -1.33451
7.26812 -1.27005
6.64337 3.12442
5.70662 3.52396
7.84927 -0.117767
