5.33541 -2.19044
5.3192 -2.17625
6.13265 -2.17969
6.18796 -2.14957
5.6434 -2.31768
5.71041 -2.31717
4.97975 -1.5724
5.00629 -1.64054
4.73998 -0.798542
4.71158 -0.682787
5.11427 -1.88172
5.07851 -1.80705
4.61378 2.0366
4.6076 1.99956
7.60322 -0.666186
7.55448 -0.760983
6.38548 3.23658
6.3796 3.23963
7.56935 1.93367
7.61513 1.83618
7.84329 1.11251
7.84571 1.09943
7.42962 2.19151
7.43155 2.18829
7.34571 2.32249
7.32584 2.35187
7.7483 1.48666
7.739 1.51568
7.89382 0.652911
7.89484 0.620931
7.74488 -0.328618
7.70803 -0.429811
7.79533 -0.16652
7.81242 -0.103236
5.09916 3.23227
5.10406 3.23709
5.29274 3.37199
5.30024 3.37593
5.7842 -2.30702
5.8039 -2.30341
5.58157 -2.3127
5.62464 -2.31772
4.91394 2.98883
4.92852 3.01333
7.86162 0.137177
7.84546 0.0441196
7.88968 0.395238
7.88358 0.313571
4.95625 -1.51208
4.93821 -1.46041
4.55759 1.62674
4.56315 1.67964
4.53961 1.42301
4.53695 1.39357
4.57882 1.80797
4.5712 1.75113
4.76611 -0.899676
4.75735 -0.867643
5.25092 -2.09948
5.2528 -2.10171
5.15751 -1.95856
5.11785 -1.88802
4.88784 2.94051
4.86887 2.90426
5.99717 3.40468
5.93217 3.42229
6.16095 3.3464
6.07578 3.37838
5.68394 3.45598
5.65354 3.4566
6.85907 2.88941
6.87547 2.8747
6.98963 -1.52528
6.98261 -1.53242
7.44757 -0.944371
7.47557 -0.899373
6.43532 -1.99411
6.39735 -2.02144
6.65943 -1.82709
6.59826 -1.87553
6.87761 -1.63564
6.79473 -1.71142
6.00799 -2.23658
6.03672 -2.22498
4.51988 0.913444
4.51945 0.892434
4.52447 1.14351
4.52527 1.16744
4.53685 0.427278
4.5416 0.359124
4.58699 -0.0502968
4.57286 0.059606
4.52534 0.630142
4.5242 0.655519
4.68642 2.38368
4.68272 2.36976
7.87495 0.905465
7.8766 0.892889
4.62695 -0.282919
4.61007 -0.18998
4.82193 -1.09626
4.80994 -1.05438
7.78059 -0.217742
7.75101 -0.310746
6.25927 -2.10935
6.08715 -2.2018
7.07699 -1.4315
7.10217 -1.40388
5.8159 3.4452
5.87723 3.43293
6.42011 3.21572
6.27371 3.29544
4.74469 2.59254
4.71947 2.50755
4.76445 2.65084
4.74929 2.60652
4.81033 2.77309
4.81435 2.78367
7.15067 2.58406
7.16867 2.56235
7.07386 2.67261
7.08225 2.66333
7.25323 2.45391
7.20042 2.52257
6.53853 -1.91994
6.49837 -1.95081
6.90087 -1.61324
6.89133 -1.62272
7.50784 2.05288
7.52323 2.02404
7.7969 1.31981
7.79418 1.33035
7.70563 -0.436175
6.73916 2.99149
6.72093 3.00671
6.50102 3.16586
6.50691 3.16201
4.55652 1.61548
4.54642 1.50808
4.54465 1.48716
4.53414 1.35502
4.53228 1.32855
4.77056 -0.915782
4.63802 2.16622
4.64648 2.21041
5.75981 3.4518
5.91385 3.42601
6.04719 3.38935
6.23682 3.31191
6.49617 3.16914
5.70543 3.45572
6.88731 2.86332
6.97785 -1.53725
7.06377 -1.44612
6.32541 -2.06696
6.72868 -1.76837
6.6971 -1.79596
6.95115 -1.56383
6.28768 -2.09196
5.30785 -2.16388
5.28477 -2.13964
5.90535 -2.27607
5.93579 -2.26539
4.52091 1.01859
4.52059 0.976943
4.51944 0.870946
4.51941 0.828961
4.52841 1.25715
4.52633 1.20593
4.52329 1.10394
4.87215 -1.26326
4.88487 -1.30251
4.53205 0.495504
4.53456 0.459898
4.54406 0.329442
4.58843 -0.0601888
4.52081 0.743196
4.52231 0.697259
4.52715 0.590321
7.63684 1.78566
7.65696 1.73867
7.02006 2.73078
7.03499 2.71549
7.1699 -1.32536
7.12836 -1.37393
7.29482 -1.16722
7.24237 -1.23657
7.78784 -0.192908
5.46344 -2.27681
5.3935 -2.23771
5.88529 -2.28205
5.8655 -2.287
4.52189 1.04044
4.52194 1.0629
6.70325 3.021
6.6271 3.07791
6.54819 3.1341
6.56802 3.12025
4.64672 -0.387651
4.63581 -0.331239
4.53098 0.525107
4.52882 0.552706
4.62419 2.09485
4.63033 2.12688
4.5896 -0.0675324
4.59728 -0.11483
4.66797 2.30973
4.66813 2.31051
4.65528 2.25121
6.9464 2.80458
7.65945 1.73246
7.69018 1.65441
7.6365 -0.595022
7.61678 -0.638457
5.54595 -2.30619
5.53079 -2.30209
5.5031 3.44266
5.50025 3.44237
4.96055 3.0635
4.98998 3.1058
4.57978 1.81471
4.58782 1.87215
7.32764 -1.12306
7.88639 0.789459
7.88858 0.760593
4.5553 1.60223
4.55053 1.55132
4.6773 -0.536053
4.66427 -0.47417
4.54641 0.302726
4.54997 0.264195
4.84801 -1.18577
4.84477 -1.17463
5.48095 -2.28555
5.47308 -2.28238
5.76111 -2.30992
5.39951 3.41633
5.42344 3.42346
5.02402 3.14995
5.00768 3.12977
7.87852 0.263523
7.86826 0.18025
5.03631 -1.71302
4.97112 -1.55106
5.05 -1.74691
5.11557 -1.88405
4.60383 1.97807
4.61874 2.06322
7.54227 -0.783322
7.61038 -0.651784
7.56916 1.93408
7.61514 1.83616
4.78115 2.69753
4.76981 2.6656
7.11238 2.62868
7.14155 2.59505
7.82435 1.20425
7.86413 0.986671
7.39882 -1.0212
7.38443 -1.04254
7.46929 2.12296
7.42083 2.20591
7.30213 2.38579
7.38038 2.27016
7.72031 1.57043
7.76774 1.42415
7.81749 1.23673
7.81368 1.25255
7.89028 0.732607
7.89481 0.611764
7.83971 0.0155279
7.81892 -0.0762176
5.0874 3.21926
5.1855 3.30517
5.20255 3.31777
5.31942 3.38362
5.49297 3.44062
7.89251 0.4445
4.93008 -1.43607
4.90707 -1.36886
5.04279 -1.72934
4.69048 -0.594721
4.69622 -0.619237
5.18116 -1.99977
4.59724 1.93591
7.49521 -0.866214
7.40586 -1.01059
7.89481 0.512137
6.05311 -2.21705
5.98626 -2.24629
5.49438 -2.28978
5.20288 -2.0313
4.66892 2.314
4.69807 2.42899
7.88094 0.847294
7.8717 0.932067
4.60795 -0.177752
4.79608 -1.00659
4.85742 -1.21699
4.70623 2.45846
4.74831 2.60379
7.18843 2.53783
7.05909 2.68929
7.86727 0.964699
7.81811 1.23407
7.26821 2.43343
7.54519 1.9812
7.47875 2.10623
7.38828 2.25783
7.77381 1.40312
7.70812 1.60509
4.5702 1.743
4.57037 1.74447
4.53199 1.32473
4.53658 1.38864
4.90084 2.96519
5.60184 3.4545
5.62785 3.45544
5.96188 -2.25496
4.78546 -0.968637
4.51933 0.807384
4.52877 1.26801
4.52581 1.19214
4.895 -1.33425
4.56225 0.14679
4.55402 0.220974
4.52004 0.763912
4.52293 0.679384
4.82489 2.80936
7.18544 -1.3069
7.88532 0.805289
6.60011 3.09829
7.69423 1.64366
7.65726 -0.550429
4.95831 3.06016
4.59005 1.88684
5.21507 -2.0484
5.25972 -2.10988
5.83476 -2.296
7.34778 -1.09534
4.9358 3.02414
4.5304 1.2947
4.56372 1.68576
4.54266 1.46287
4.55196 0.240901
4.51974 0.785894
7.68913 -0.475565
4.52015 0.93486
4.56932 0.0860638
7.23909 -1.24075
7.24111 -1.23822
6.61297 3.08863
4.85642 2.87888
4.8459 2.85575
4.95443 3.05401
7.66202 -0.539654
