6.34748 -0.79194
6.29312 -0.809748
6.70949 -0.529821
6.70406 -0.536101
5.44529 1.57476
5.42582 1.51817
5.52721 1.76265
5.53963 1.78335
6.68342 1.80941
6.7261 1.7593
6.84197 1.6037
6.84873 1.59277
5.42531 -0.038049
5.43254 -0.0625024
6.13128 -0.838742
6.14227 -0.837603
6.42451 2.02168
6.45214 2.00575
6.21077 2.11619
6.10592 2.1352
6.10442 2.13532
6.00162 2.13279
5.79653 2.06472
5.79927 2.06649
6.83199 -0.37607
6.8467 -0.354808
6.57827 -0.652511
6.53073 -0.687677
5.32388 0.91284
5.32241 0.878221
5.34397 1.14421
5.34513 1.15196
7.11583 0.833063
7.1218 0.777273
7.09471 0.973521
7.0954 0.970139
5.38488 1.36413
5.40572 1.44818
5.63645 1.92407
5.60777 1.88949
6.57128 1.91728
6.59698 1.89379
6.95733 1.39161
6.93831 1.43178
5.75865 -0.676968
5.70067 -0.611425
5.9416 -0.801475
5.85767 -0.756745
7.04581 0.0581374
7.04335 0.0502654
6.94364 -0.187268
6.95853 -0.158124
5.58142 -0.43442
5.58738 -0.44472
5.49958 -0.259512
5.49897 -0.257859
5.38218 0.143984
5.39448 0.0863501
5.34389 0.369869
5.34169 0.388399
5.32343 0.618426
5.32174 0.661754
7.1311 0.554064
7.13111 0.554177
7.10236 0.285855
7.10561 0.304494
7.05679 1.1296
7.0724 1.06621
7.04366 1.16987
7.02121 1.23599
7.07888 1.04172
7.09569 0.968485
6.5537 1.93239
6.64612 1.84726
6.98637 1.32675
6.9907 1.31699
7.05012 1.15122
6.50832 1.96719
6.68177 1.81115
6.3718 2.05293
6.34473 2.0661
6.23739 -0.825895
6.42682 -0.753457
6.3177 2.0791
6.25233 2.10226
5.91958 2.11644
5.89948 2.11135
6.77767 -0.447675
6.70025 -0.540187
5.33158 1.02998
5.33021 1.01306
5.41182 1.47155
5.45918 1.60994
5.57801 1.84583
5.51752 1.74469
6.74438 1.73668
6.82937 1.62263
6.89691 1.51045
5.84926 -0.751745
5.77111 -0.688084
7.002 -0.0624255
7.00425 -0.0571378
5.50028 -0.261327
5.54218 -0.352854
5.43788 -0.0797853
5.40563 0.0397584
5.33134 0.492829
5.32862 0.526987
7.12109 0.415617
7.12264 0.430597
6.46197 -0.734621
6.12069 -0.837858
6.47441 1.9899
6.39933 2.0378
6.1053 2.13531
5.70431 1.9966
5.75249 2.03222
5.81648 2.07423
5.70132 1.99409
6.85847 -0.336173
6.9076 -0.254075
6.62085 -0.615232
5.3204 0.793094
5.34005 1.11185
5.36228 1.2548
5.37058 1.29687
7.12781 0.705757
7.11062 0.87378
5.64123 -0.531149
5.59741 -0.461143
5.66998 -0.5739
5.48515 1.67384
6.781 1.68992
6.9252 1.45742
6.96531 1.37463
5.97209 -0.811572
6.03544 -0.82951
7.07619 0.163733
7.01894 -0.017571
7.07905 0.175587
5.46519 -0.1615
5.36164 0.245352
5.455 -0.132197
5.36093 0.24946
5.32016 0.769914
5.35807 0.267924
5.32036 0.746774
7.13111 0.5547
7.12935 0.674751
6.99404 1.30904
