5.78796 2.20433
5.8605 2.23223
6.79662 -0.563856
6.76752 -0.597542
6.55089 -0.79786
6.60217 -0.756847
7.09986 1.23889
7.08797 1.27571
6.93012 1.61357
6.89669 1.66759
6.12169 -0.967661
6.13069 -0.966495
5.24896 0.557958
5.2477 0.575396
6.20105 2.23842
6.24743 2.22258
6.41653 2.14701
6.44606 2.12829
6.32255 -0.924303
6.40158 -0.88867
5.89821 2.24495
5.99123 2.25943
6.88472 -0.446726
6.90755 -0.413723
5.24772 0.959865
5.24559 0.909835
5.2701 1.18982
5.25981 1.10325
7.16012 1.01972
7.16971 0.972877
5.5044 -0.490671
5.53224 -0.543115
5.6052 -0.662221
5.56883 -0.608894
5.36679 1.62548
5.39476 1.70442
5.30836 1.41357
5.30364 1.3899
5.54257 1.98473
5.59442 2.05215
5.44338 1.81682
5.4145 1.75542
5.67596 2.13054
5.63222 2.08918
6.64001 1.98014
6.63166 1.98778
7.00301 1.47691
6.96176 1.55811
5.74826 -0.827963
5.73662 -0.816827
5.93214 -0.938966
5.93733 -0.940448
7.13346 0.0839344
7.10444 -0.00887492
7.04587 -0.157179
7.01861 -0.216298
5.4005 -0.24006
5.42374 -0.302603
5.35658 -0.0933377
5.34966 -0.0683099
5.30963 0.10276
5.30025 0.149944
5.2426 0.775877
5.24318 0.836887
5.27177 0.328887
5.2586 0.439703
7.20136 0.484114
7.20427 0.575713
7.16694 0.221556
7.18554 0.32802
7.13562 1.11977
7.12672 1.15404
7.0838 1.28749
7.05667 1.35775
7.18636 0.878213
7.14907 1.06904
6.61848 1.9991
6.70392 1.91473
6.77094 1.84044
6.47187 2.11086
6.4977 2.09465
6.80514 1.79681
6.81351 1.78604
5.3743 -0.154372
5.38611 -0.195002
7.19498 0.798589
7.19954 0.749721
5.24262 0.767645
5.24306 0.706586
5.77165 2.1951
5.88868 2.24301
6.72114 -0.647298
6.84019 -0.508203
6.67039 -0.698724
6.50878 -0.826121
5.257 1.07603
5.24812 0.966195
5.48113 -0.443902
5.46151 -0.398317
5.33464 1.52142
5.34095 1.54245
5.48876 1.9035
5.50256 1.92702
6.77525 1.83545
6.77234 1.83885
6.87796 1.69572
6.95247 1.5753
5.6638 -0.741347
5.68558 -0.763972
5.83943 -0.89467
5.91454 -0.930566
6.21832 -0.955085
6.10826 -0.967226
7.09502 -0.035046
7.06413 -0.115107
5.33159 -0.00231194
5.33334 -0.00923467
5.24761 0.577008
5.25749 0.450868
7.1884 0.348598
7.19924 0.453142
6.09233 2.2589
6.09518 2.25879
6.09732 2.25839
6.30814 2.20146
6.43614 -0.87175
6.26387 -0.942042
5.6892 2.14172
6.68869 -0.680918
6.93346 -0.372706
6.9685 -0.313035
5.24324 0.840737
5.27794 1.24398
7.18716 0.872329
7.18662 0.876582
5.44543 -0.358573
5.45566 -0.38425
5.55232 -0.580241
5.65884 -0.735768
5.40294 1.72695
5.3226 1.47527
5.28723 1.30239
5.60322 2.06154
5.47409 1.87588
7.02683 1.42625
6.83647 1.75469
7.0398 1.39742
5.82472 -0.884721
6.02632 -0.961906
6.98472 -0.282845
7.13894 0.102981
7.16241 0.200122
5.38912 -0.204723
5.32875 0.00954622
5.36748 -0.131653
5.29005 0.209181
5.24259 0.771749
5.276 0.29844
5.24315 0.702903
7.20434 0.629558
7.20278 0.683339
7.05016 1.37456
6.56136 2.04664
6.52621 2.07506
6.33828 2.18756
7.20146 0.720121
7.11448 1.19696
6.36889 2.17161
6.39322 2.15979
6.52055 2.079
