5.97195 2.51367
5.91825 2.50936
6.18297 2.48257
6.25538 2.45727
6.995 -0.581254
7.02817 -0.530504
7.25738 1.24469
7.25907 1.23942
7.34128 0.829823
7.34028 0.840339
5.15594 1.51205
5.16973 1.57596
7.30297 0.133831
7.29466 0.0974641
5.15993 0.0393832
5.15601 0.0593588
5.08958 0.739841
5.09007 0.710204
5.1256 0.245835
5.12351 0.262079
6.78788 2.08221
6.77007 2.10072
5.84079 2.49916
5.76583 2.47877
6.39828 2.39345
6.43998 2.36848
6.92959 -0.671454
6.89263 -0.718669
7.19704 1.4197
7.16416 1.49875
5.10112 1.10945
5.1035 1.1444
5.26908 -0.388538
5.25992 -0.359324
5.36856 -0.648414
5.34042 -0.58122
5.42529 -0.761565
5.39396 -0.700234
5.52743 -0.927522
5.54518 -0.952579
5.20714 1.72863
5.20718 1.72878
6.29442 -1.18252
6.36718 -1.15047
6.102 -1.22921
6.14016 -1.22254
5.27542 1.92534
5.26195 1.88924
5.35996 2.10271
5.38274 2.1425
5.46905 2.26422
5.46009 2.25208
5.61714 2.40053
5.56879 2.36452
6.73866 -0.887997
6.73451 -0.892063
6.57269 -1.02681
6.49246 -1.0829
7.00602 1.79523
7.02636 1.76212
7.14634 1.53761
7.11348 1.60589
5.72733 -1.13201
5.66066 -1.07778
5.91301 -1.2169
5.86289 -1.20064
7.13229 -0.347073
7.13937 -0.333211
7.236 -0.101216
7.22681 -0.127355
5.10051 0.491761
5.09721 0.539354
7.3395 0.346574
7.3426 0.37425
6.80159 2.06701
6.83917 2.02262
7.22941 1.33114
7.20119 1.40901
7.35462 0.595319
7.35465 0.592018
7.31082 1.02654
7.30609 1.05287
6.56699 2.28266
6.59383 2.26268
7.33474 0.882041
7.33187 0.905993
5.2467 -0.316288
5.20466 -0.167103
5.19614 -0.130589
5.09102 0.934724
5.09045 0.905652
6.68528 2.1847
6.68846 2.18167
7.29129 1.11719
7.29644 1.09716
6.88364 1.96864
6.91129 1.93283
7.34277 0.812944
7.34782 0.751396
6.50765 2.32576
6.4777 2.34443
5.17602 -0.039895
5.1818 -0.0672668
5.08862 0.810235
5.08912 0.870644
5.09457 1.00892
5.28504 -0.437742
5.28531 -0.438478
5.11736 1.27941
5.1182 1.28677
5.23858 -0.289349
5.22891 -0.255247
6.01926 2.5108
5.86822 2.50532
6.11403 2.49772
6.2901 2.44508
7.05296 -0.489953
6.96293 -0.627043
7.35276 0.504616
7.3545 0.574045
7.32095 0.978452
7.32061 0.980706
5.3028 -0.485954
5.31768 -0.524259
5.47332 -0.846226
5.45569 -0.818064
5.1799 1.6214
5.14 1.42774
6.19745 -1.21261
6.26074 -1.193
5.31499 2.01577
5.33636 2.05734
5.5377 2.33586
5.47435 2.27071
6.65833 -0.959022
6.61072 -0.998982
7.1027 1.6268
7.07906 1.67106
5.81948 -1.18451
5.74921 -1.14544
7.16492 -0.278817
7.18569 -0.232803
7.32029 0.217908
7.27342 0.0174657
5.14473 0.118067
5.16889 -0.00395391
5.09088 0.673781
5.08939 0.775372
5.13796 0.160262
5.11136 0.367836
5.71767 2.45809
6.07689 2.50577
5.66536 2.43228
6.86111 -0.756781
6.81725 -0.80539
6.74408 -0.882424
7.08833 -0.429053
7.16162 1.50469
7.19919 1.41421
5.38114 -0.674771
5.50031 -0.886894
5.5893 -1.00453
5.63676 -1.05668
5.13517 1.40064
5.20712 1.72855
5.24091 1.83164
5.11988 1.29894
6.39293 -1.13899
6.02553 -1.23153
5.29459 1.97211
5.4113 2.18553
6.47989 -1.09023
6.96724 1.85476
6.94712 1.88387
7.06133 1.7024
6.00776 -1.23159
5.99101 -1.22893
7.18773 -0.228064
7.26334 -0.017462
7.18998 -0.222426
7.3254 0.248097
5.14338 0.125844
5.09176 0.645012
5.10795 0.402205
5.09303 0.617605
5.10964 0.38398
7.35197 0.482581
6.64658 2.21782
6.68079 2.18902
7.35267 0.495026
7.3512 0.688809
7.28538 1.14379
7.27744 1.17249
7.23688 1.30838
7.23042 1.32809
7.30113 1.07464
7.32172 0.974202
5.2103 -0.188784
5.21386 -0.202278
6.72099 2.14964
6.61926 2.24129
6.93406 1.90233
6.87098 1.98487
7.35028 0.715009
5.08861 0.805695
5.08919 0.875604
6.33147 2.42646
5.28404 -0.434975
6.94217 1.89081
5.10521 1.17033
7.25604 1.24915
6.37454 2.40508
6.38679 2.39937
5.18574 -0.0851907
6.85901 1.99939
5.22412 -0.239315
