7.54921 0.0357083
7.55613 0.0648163
7.52228 1.25445
7.51454 1.285
5.37097 -1.39396
5.40158 -1.43736
5.67169 -1.66607
5.70323 -1.6788
5.06334 -0.734223
5.06186 -0.729474
5.13126 -0.923929
5.14896 -0.970607
6.56627 2.68888
6.56203 2.69205
4.82218 0.780972
4.82007 0.840666
5.13547 2.47543
5.15157 2.50509
7.16953 -0.822236
7.1295 -0.881437
6.15377 2.90318
6.16839 2.89761
5.90154 2.95378
5.94357 2.95043
7.031 2.24285
7.02835 2.24633
6.37213 2.80715
6.34288 2.82326
7.5683 0.125304
7.58242 0.20807
7.52778 -0.0503292
7.51171 -0.110326
7.44475 -0.304413
7.46244 -0.257827
7.35814 -0.499618
7.34351 -0.53009
7.3875 1.64205
7.37151 1.67806
7.45538 1.46862
7.44061 1.50894
5.53404 2.8883
5.60423 2.91692
5.33778 2.75062
5.38516 2.79231
5.32772 -1.3317
5.29568 -1.27667
4.82695 1.11336
4.83279 1.21623
4.84817 1.38956
4.85509 1.45359
4.88625 1.67623
4.88761 1.68499
5.76473 -1.69848
5.85808 -1.71335
4.99279 -0.493922
5.00821 -0.549238
5.50687 -1.55459
5.53093 -1.5745
5.20738 -1.10425
5.18412 -1.05179
4.93273 1.90592
4.95003 1.97554
4.87236 0.101415
4.86425 0.160952
4.83942 0.389786
4.8377 0.406539
4.82191 0.709019
4.82358 0.650647
4.82018 0.851692
4.82144 0.970337
5.23875 2.63897
5.23256 2.62978
6.24287 -1.63654
6.27086 -1.6229
4.98777 2.11119
4.97908 2.08312
7.00922 -1.03495
6.99575 -1.05088
5.73628 2.94973
5.73461 2.94936
6.63837 -1.39515
6.68893 -1.35341
6.43958 -1.53397
6.48795 -1.50243
7.60612 0.427936
7.60218 0.369626
7.61108 0.611539
7.61132 0.581504
7.59245 0.891539
7.58687 0.93895
4.95292 -0.331049
4.97309 -0.417649
7.08392 -0.939879
7.12709 -0.884785
7.21717 -0.750843
7.24059 -0.713993
6.85777 -1.20058
6.85629 -1.20209
7.26511 1.8909
7.25742 1.90501
4.90856 -0.123487
4.9083 -0.12209
7.41501 -0.37778
7.40937 -0.390742
7.57066 1.03611
7.5634 1.0797
6.73522 2.55459
6.76563 2.52703
6.91088 2.38375
6.9082 2.38663
7.16694 2.05306
7.12963 2.1084
7.50238 -0.139369
7.49196 -0.172218
7.3824 -0.450288
7.31849 -0.578814
7.32779 -0.560917
7.4226 1.55669
7.47101 1.42423
4.82576 1.09515
4.83532 1.25006
4.8217 0.715829
4.82171 0.982667
6.64968 2.62651
6.65086 2.62555
7.55273 1.12683
7.56187 1.08756
7.6036 0.784968
7.60138 0.811134
4.93866 -0.268452
4.97697 -0.433806
7.40777 1.59356
7.4868 1.37896
7.48498 1.3844
4.82497 1.04009
5.71731 -1.6841
5.76306 -1.69818
5.02028 2.21157
5.05316 2.29873
7.21266 1.9819
7.22118 1.96815
6.04903 -1.69941
6.04859 -1.69954
6.42177 2.78079
6.45044 2.7636
4.83914 1.29612
4.82149 0.722365
4.98537 -0.467058
4.83271 0.468696
4.83008 0.508229
7.56195 0.0934948
7.54248 0.00517002
5.43522 2.83083
5.48395 2.86136
5.42373 -1.46627
5.34555 -1.3586
4.84265 1.33566
4.92997 -0.227688
4.93352 -0.244551
5.06577 -0.741853
5.03311 -0.634876
5.16782 -1.01492
5.11901 -0.890781
4.90867 1.79664
4.91466 1.8241
6.52197 2.71839
6.57034 2.6859
6.83871 2.45799
6.89863 2.39658
5.18451 2.55883
5.12043 2.44502
6.1649 -1.66587
6.14508 -1.67378
7.12778 -0.883799
7.18495 -0.800067
6.92976 -1.12447
6.98873 -1.05913
6.12747 2.91099
6.25993 2.86225
5.98808 2.94284
5.83956 2.95614
6.53844 -1.46929
6.59178 -1.42996
7.02224 2.25397
7.07994 2.17798
7.60982 0.520194
7.60853 0.474443
6.31665 2.83541
6.39716 2.79432
7.5887 0.250509
7.35014 1.72478
5.63401 2.92699
5.302 2.71346
7.59877 0.334306
5.46536 -1.51214
5.26709 -1.22391
4.86497 1.5315
4.87006 1.57004
4.86768 1.55278
4.89282 1.71449
5.91051 -1.71281
5.76354 -1.69831
5.58272 -1.61537
5.6176 -1.63594
5.0146 -0.571617
4.99122 -0.488226
5.09739 -0.831457
5.24965 -1.19209
5.23446 -1.16311
4.9594 2.01352
4.88481 0.0178092
4.85657 0.22235
5.24312 2.64482
5.09234 2.38831
5.06307 2.3229
6.34177 -1.58952
5.9535 -1.71301
6.04807 -1.69962
4.99335 2.12796
6.85967 -1.19862
7.04038 -0.996795
6.28467 2.85115
6.04833 2.93228
5.73682 2.94979
6.73944 -1.31092
6.37609 -1.57002
6.78037 -1.27338
7.29243 -0.627281
7.28594 -0.638538
7.61002 0.691139
6.60775 2.65755
6.6483 2.62766
4.90931 -0.127438
6.47636 2.74829
7.06394 -0.966284
4.8905 -0.0177921
7.53956 1.18786
7.54694 1.15567
7.50832 1.30669
7.56246 1.08427
7.57505 1.01323
6.8227 2.47394
6.68878 2.59364
6.97324 2.31241
7.10223 2.14695
7.17731 2.03752
7.607 0.740605
7.60965 0.701874
7.47574 -0.22096
7.43576 -0.327837
7.29503 -0.622697
4.84317 0.344672
4.84733 0.30186
4.8349 0.440011
4.8254 0.594546
4.82624 0.575842
7.59607 0.862615
7.58655 0.941279
7.29292 1.83983
7.32223 1.7833
7.22538 1.9611
4.85225 0.259275
5.01839 2.20637
7.33812 1.75031
7.52879 1.23055
5.64822 -1.65405
4.8493 0.283179
4.84076 0.371152
4.82372 0.642649
5.01318 2.19022
7.32619 1.77552
7.27598 1.87153
7.39164 -0.430838
7.38813 -0.438389
4.82948 0.520249
4.82868 0.531399
