7.6384 0.0535019
7.6396 0.0585566
7.50055 -0.388491
7.46186 -0.478925
4.75345 1.32499
4.75626 1.35987
4.96673 -0.74488
4.97804 -0.781321
4.84908 -0.273084
4.83527 -0.20273
6.98553 2.43653
6.97565 2.44732
4.76247 0.297889
4.76618 0.260676
4.73525 0.782386
4.73456 0.802059
6.21841 -1.78508
6.22633 -1.78213
7.20767 -0.921179
7.20158 -0.930189
6.62222 -1.53735
6.58738 -1.56304
7.10397 2.29288
7.10283 2.29439
7.68944 0.459193
7.69211 0.530725
7.67685 0.866761
7.68185 0.819832
7.5784 -0.172759
7.55661 -0.239039
5.32658 2.93424
5.25851 2.87178
5.52424 3.04894
5.44862 3.01456
7.67804 0.309037
7.66906 0.233099
5.33198 -1.57485
5.28231 -1.49867
5.15647 -1.26055
5.18994 -1.33102
4.77718 1.56151
4.78413 1.61653
4.78879 1.64946
4.80206 1.73478
4.83408 1.90686
4.84488 1.9602
6.03021 -1.85179
6.0065 -1.85726
5.69797 -1.85709
5.64447 -1.84005
5.83247 -1.87708
5.83442 -1.87708
4.92136 -0.580549
4.93908 -0.646608
5.38963 -1.64713
5.38078 -1.63591
5.04108 -0.973726
5.01548 -0.898453
5.12753 2.70876
5.13599 2.72173
6.3695 2.9337
6.39342 2.9214
6.12793 3.04053
6.14945 3.03312
5.93523 3.08708
5.97831 3.07831
5.71732 3.09459
5.7324 3.09564
6.4235 -1.67561
6.37372 -1.70433
6.82499 -1.36344
6.77698 -1.40708
7.30347 -0.774572
7.338 -0.717647
7.46229 1.67585
7.44844 1.70811
6.55232 2.82319
6.52855 2.83883
6.93198 -1.25708
6.9389 -1.25002
7.49688 1.59145
7.51768 1.53669
4.7352 0.932522
4.73588 1.02047
5.13848 -1.22211
5.11129 -1.15633
4.80911 -0.0612142
4.79154 0.0547977
4.75151 0.421624
4.74583 0.494716
4.82884 -0.168621
4.81079 -0.0711501
7.45636 -0.491428
7.51274 -0.358283
7.62802 1.16479
7.62488 1.1782
6.90021 2.52789
6.84744 2.57982
6.9867 -1.19727
7.00894 -1.17273
7.37133 1.86921
7.38191 1.84858
7.17121 2.19985
7.2021 2.15516
7.58273 1.33996
7.57798 1.35642
7.66038 0.993521
7.66431 0.966222
7.54136 -0.282393
7.59381 -0.121128
4.74424 1.19351
4.74171 1.14407
5.62978 -1.83301
5.58448 -1.81146
4.75682 0.357448
4.75391 0.391178
4.73922 0.62929
4.73847 0.652032
4.7348 0.893041
4.99375 2.45018
4.95863 2.36239
4.95659 2.35655
4.95733 2.35885
4.88766 -0.450063
4.89467 -0.479252
7.29531 2.00836
7.29144 2.01489
4.737 1.04019
4.73729 1.06073
4.7488 1.26512
5.98003 -1.86288
5.94925 -1.86783
5.73718 -1.86679
5.82866 -1.87661
4.86457 -0.346174
6.69628 2.71467
6.72509 2.69144
6.63838 2.76172
6.67197 2.73457
4.76887 0.236553
4.77336 0.195408
4.74282 0.546672
4.74412 0.521639
4.73788 0.673898
4.73502 0.76239
7.1087 -1.05356
7.12164 -1.03774
6.94421 -1.24454
7.69201 0.653553
7.68846 0.731441
7.37963 -0.642501
7.36117 -0.677204
5.48414 -1.74264
5.47817 -1.73806
5.36219 -1.6132
5.33662 -1.58089
5.02321 2.51674
6.30536 2.96711
6.27369 2.98189
4.77486 1.54131
4.76874 1.48819
5.88116 -1.87553
5.91556 -1.87265
5.41904 -1.68004
5.43047 -1.69123
4.92573 2.2645
4.9085 2.20637
7.53949 1.47554
7.54923 1.44794
7.60971 -0.0657781
6.0797 -1.83755
6.11132 -1.827
4.89607 -0.484781
7.64894 0.11085
7.63734 0.0487148
5.42479 3.00179
5.34509 2.94849
5.23131 -1.41253
5.2332 -1.41635
4.75835 1.38472
4.7511 1.29572
4.82223 1.84821
4.81505 1.80906
4.98517 -0.803671
4.94874 -0.681465
5.07543 -1.06594
5.04854 -0.995073
6.61525 2.77858
6.98875 2.4329
6.91809 2.50921
5.07802 2.62565
5.04563 2.56543
6.26811 -1.76059
6.20911 -1.78887
7.16467 -0.979489
7.22356 -0.898334
6.25201 2.99205
6.15471 3.03101
5.89003 3.09248
5.83095 3.09717
6.52237 -1.61076
6.6848 -1.48665
7.2546 -0.851274
7.2694 -0.828705
7.33373 1.94056
7.33905 1.93085
7.15338 2.22537
7.10232 2.29503
7.60604 1.25662
7.60449 1.2627
7.69224 0.551115
7.68783 0.424601
6.4346 2.89783
6.45045 2.88913
7.66151 0.182349
5.22989 2.84194
5.57532 3.06609
5.62472 3.07936
5.18449 2.7872
7.6835 0.366092
5.33515 -1.57907
5.23562 -1.42092
5.14875 -1.24463
4.76688 1.47059
4.78454 1.61981
4.77609 1.55236
4.80616 1.75801
4.86702 2.05883
4.89818 -0.493042
5.00039 -0.850936
5.5547 -1.79454
5.49015 -1.74709
5.00925 -0.880126
5.09581 -1.11739
4.77569 0.175463
4.78834 0.0770549
5.11753 2.69188
6.32552 -1.7326
7.0743 -1.09684
7.07747 -1.09301
4.86982 2.0712
4.86855 2.06578
6.33408 2.95272
6.08487 3.05368
5.74553 3.09578
6.0402 3.06565
5.65241 3.0845
6.72305 -1.45522
6.48413 -1.63587
6.8646 -1.32472
7.35058 -0.695809
7.69251 0.639287
7.42457 1.76054
7.48419 1.62352
6.46664 2.87948
7.14047 -1.01293
4.87622 2.09561
4.8095 -0.0636498
7.64048 1.10471
7.61526 1.21899
7.64362 1.08726
7.6472 1.06983
6.81236 2.61351
6.77356 2.64834
7.04888 2.36121
7.40778 1.79631
7.30408 1.99309
7.23424 2.10648
7.24901 2.08379
7.55719 1.4235
7.65701 1.0136
7.67245 0.907176
7.6844 0.787945
7.40769 -0.590165
7.40198 -0.601361
6.74403 2.67476
7.25828 2.06937
5.9303 -1.87109
5.45071 -1.71179
7.61142 -0.0593718
5.40426 -1.66492
6.12829 -1.82159
6.05424 -1.84472
5.03305 2.53969
7.43027 -0.544773
5.56469 -1.80013
7.03247 -1.14613
7.69249 0.642078
