6.37688 2.68242
6.34346 2.69879
5.54379 2.72847
5.51534 2.71063
7.49133 1.03319
7.49169 1.03138
5.02083 -0.235533
5.00952 -0.186907
5.08555 -0.489886
5.08609 -0.491661
5.01807 1.85078
4.99599 1.75854
6.74529 2.41858
6.68239 2.47332
4.90289 0.779658
4.90253 0.79002
5.35061 2.56879
5.35021 2.56835
6.0654 -1.55155
6.13816 -1.53509
6.92097 -0.999121
6.89913 -1.02368
5.75432 2.80652
5.74511 2.80498
7.03428 2.09374
7.05764 2.06194
7.12284 1.96613
7.1519 1.91949
7.18511 -0.642592
7.16989 -0.667718
7.49911 0.190073
7.49936 0.191497
4.91462 1.16779
4.91466 1.16858
7.52643 0.743727
7.5279 0.725578
5.16509 -0.734704
5.1486 -0.687139
5.30348 -1.05119
5.33656 -1.11428
5.22079 -0.87449
5.19848 -0.81969
5.40244 -1.2189
5.36952 -1.1671
5.52644 -1.37278
5.51689 -1.36362
4.97143 1.63126
4.99136 1.73663
4.93736 1.40361
4.94304 1.44655
4.90632 0.657174
4.90655 0.649297
4.90359 0.900047
4.9038 0.919753
5.23718 2.41161
5.21505 2.37189
5.148 2.23921
5.16756 2.28271
6.25893 -1.49506
6.16689 -1.52748
5.87766 -1.55701
5.89407 -1.55752
5.69689 -1.50102
5.71124 -1.50735
5.07632 2.05397
5.07293 2.04302
6.78216 -1.14262
6.7747 -1.14994
7.24321 1.75735
7.24679 1.75048
7.25513 -0.517919
7.23841 -0.549557
7.34975 -0.319016
7.34588 -0.328346
4.95105 0.14665
4.95742 0.103595
6.12355 2.78409
6.16167 2.77364
5.95179 2.81555
6.00039 2.80871
6.45538 -1.39482
6.38053 -1.43696
6.65439 -1.25402
6.59732 -1.29757
7.40707 1.36185
7.41564 1.33636
7.47265 1.12388
7.47099 1.13205
7.52607 0.424619
7.52475 0.404449
7.53023 0.560301
7.53121 0.598525
5.00544 -0.167773
4.98829 -0.0794502
7.04747 -0.845321
7.05228 -0.839188
7.45175 1.21169
7.43184 1.28336
6.8304 2.33643
6.81873 2.34787
6.94086 2.21404
6.95391 2.1983
6.41831 2.65873
6.45144 2.63987
7.41171 -0.15746
7.41084 -0.160199
7.36369 1.48792
7.38065 1.44123
4.90678 1.048
4.91506 1.17388
4.91719 0.452624
4.91702 0.454827
4.90938 0.578184
4.90883 0.590378
4.90454 0.714481
4.90619 1.03164
6.56017 2.56875
6.57174 2.56094
7.51424 0.881964
7.51205 0.900072
5.05824 -0.38893
5.04595 -0.340864
7.19536 1.84589
7.21158 1.81723
6.3227 2.7094
6.2878 2.72528
4.90667 1.03999
5.10074 -0.539515
5.10479 -0.552735
7.44934 -0.0317175
7.44505 -0.0479212
7.39025 -0.217312
7.39091 -0.215623
7.28253 -0.464352
7.29489 -0.439619
7.38756 1.42115
4.92436 1.28718
5.0328 -0.286939
5.02358 -0.247812
5.08321 -0.481926
4.92857 0.329018
4.92916 0.323097
7.2679 1.70748
7.28666 1.66916
6.39821 2.67068
4.90278 0.769485
7.2333 1.77635
7.21756 1.8061
7.47643 0.0764324
7.47482 0.0685114
7.34976 1.52305
5.44563 2.66016
5.62934 2.77013
7.52986 0.643564
7.52907 0.695365
7.49862 0.985
7.49073 1.03668
5.0089 -0.184103
5.25984 -0.964107
5.27018 -0.9848
5.46093 -1.29778
5.42572 -1.25358
4.99249 1.74248
5.02838 1.88902
6.65822 2.4938
6.75845 2.4062
5.29086 2.4921
5.35177 2.56994
6.16146 -1.52948
6.04257 -1.55359
5.78633 -1.53732
5.8594 -1.55363
5.11061 2.14782
5.08216 2.07154
7.08998 -0.785726
7.11195 -0.75557
6.94248 -0.973848
6.84935 -1.07545
7.31311 -0.401517
7.32754 -0.370139
4.93513 0.267699
4.93769 0.246296
5.70695 2.79408
5.84804 2.81701
6.55428 -1.32974
6.49343 -1.37001
7.10123 1.99917
7.00679 2.13078
6.2687 2.73403
6.18434 2.7654
7.1582 -0.686054
7.22945 -0.565693
7.50125 0.204303
7.29224 1.65719
7.32199 1.5904
5.64323 2.77582
5.42118 2.63868
5.57319 -1.41428
5.60332 -1.44123
5.64267 -1.467
5.6092 -1.4461
7.52477 0.772038
5.11626 -0.588962
5.13771 -0.654708
5.18399 -0.783635
5.35009 -1.13663
5.24962 -0.942738
4.95302 1.51832
4.96455 1.59008
5.0469 1.95698
4.92633 1.30576
5.25751 2.44466
5.19001 2.32703
5.13338 2.20358
5.97078 -1.56089
6.27574 -1.48717
6.35764 -1.44974
6.76951 -1.1549
6.98775 -0.919841
6.69384 -1.22064
7.26738 -0.494766
7.36886 -0.272098
7.51528 0.303988
4.98202 -0.0458043
4.97449 -0.00274593
4.91889 0.432043
4.92272 0.388401
4.96963 0.0271164
6.05637 2.80056
5.91024 2.81724
7.51694 0.318333
6.51611 2.59841
6.54831 2.57695
7.03662 -0.859668
7.46215 1.16641
7.47533 1.11288
7.52947 0.501542
7.45293 1.20688
7.4252 1.30704
7.48115 1.08127
7.50359 0.957164
6.83308 2.33374
6.60189 2.53757
6.89757 2.26358
6.96003 2.19056
7.10635 1.99173
7.4009 -0.18809
4.9126 0.515003
4.9121 0.523109
4.90668 0.641664
6.48593 2.61901
7.52178 0.804329
7.51698 0.855113
7.4127 -0.154356
7.25869 1.72601
7.32929 1.5741
7.18369 1.86588
6.47029 2.62861
4.9124 0.5189
