7.57657 0.041166
7.58932 0.094822
7.54808 1.25541
7.53937 1.28978
5.32905 -1.40775
5.36368 -1.45684
5.66332 -1.71959
5.66582 -1.7206
5.03718 -0.748669
5.02309 -0.703302
5.49803 -1.61112
5.47539 -1.5883
5.10344 -0.939294
5.13437 -1.02085
6.59433 2.70699
6.55896 2.73347
6.90755 2.42875
6.93204 2.40202
4.79551 0.781406
4.79358 0.836273
5.1038 2.4953
5.1466 2.57416
6.14496 -1.71767
6.15133 -1.7153
7.18123 -0.852584
7.15001 -0.898757
6.1513 2.94362
6.21177 2.92056
5.83979 3.00099
5.94097 2.99291
7.0755 2.2292
7.05119 2.26107
6.40976 2.82707
6.36032 2.85429
7.59115 0.10391
7.60986 0.213544
7.56336 -0.0181674
7.53326 -0.130507
7.48729 -0.265961
7.49267 -0.251798
7.39048 -0.493165
7.3637 -0.548983
7.4064 1.66412
7.39975 1.6791
7.47467 1.49114
7.46779 1.50994
5.53094 2.93916
5.55388 2.94851
5.33422 2.80899
5.34436 2.81791
5.29169 -1.34465
5.26215 -1.29391
4.81797 1.3708
4.82857 1.46902
4.85458 1.65656
4.86137 1.70026
5.83301 -1.76114
5.85018 -1.76388
4.97939 -0.556092
4.97762 -0.549484
5.17737 -1.12082
5.14383 -1.04518
4.90514 1.92375
4.91271 1.95423
4.84719 0.0868255
4.83461 0.179155
4.812 0.390232
4.81186 0.391565
5.20442 2.66052
5.1558 2.58833
4.95287 2.10611
4.9723 2.17238
6.23773 -1.68173
6.30125 -1.6508
7.04276 -1.03841
7.00717 -1.08051
5.73355 2.99461
5.83181 3.00079
6.63324 -1.4403
6.71745 -1.3708
6.43452 -1.57854
6.52066 -1.52237
7.63261 0.437872
7.62694 0.354063
7.63611 0.620929
7.63656 0.565642
7.61832 0.892492
7.61603 0.911922
4.92745 -0.345118
4.93897 -0.394622
7.09596 -0.971113
7.11328 -0.949011
7.26391 -0.728681
7.26412 -0.72834
6.88266 -1.21574
6.8434 -1.25577
7.28706 1.90506
7.26935 1.93754
4.79477 0.967053
4.79492 0.986105
4.80684 0.453697
4.80655 0.457421
4.88411 -0.137331
4.87782 -0.103383
7.43073 -0.406605
7.44596 -0.371606
7.53434 1.30811
7.51665 1.36715
7.59679 1.03708
7.59492 1.04832
6.73203 2.59769
6.79154 2.54375
7.17447 2.09118
7.15279 2.12334
7.62788 0.799586
7.63029 0.767389
7.53234 -0.133393
7.5313 -0.136657
7.41184 -0.449747
7.33851 -0.597553
7.36099 -0.554294
7.44173 1.57903
7.49789 1.42522
4.80574 1.2317
4.79954 1.11042
5.65031 -1.71293
5.61283 -1.69358
4.7989 0.592635
4.79696 0.65108
4.79363 0.856903
6.6763 2.64368
6.70287 2.62222
7.57884 1.12779
7.58258 1.11174
7.6011 1.01132
7.60944 0.956658
4.90476 -0.245574
4.95173 -0.447745
7.33987 1.80589
7.31165 1.86059
7.43548 1.59458
4.79799 1.04012
4.7988 1.09639
4.80576 1.23196
5.70906 -1.73685
5.72426 -1.74152
4.79947 0.579514
4.80253 0.520688
4.79546 0.707273
4.79486 0.725633
5.01436 2.29394
5.02324 2.3175
7.0564 -1.02168
7.06855 -1.00682
7.23271 1.9996
7.20724 2.04071
6.11213 -1.72773
6.04322 -1.74686
6.4187 2.82232
6.46713 2.79328
4.81106 1.29599
4.80589 1.23373
4.96168 -0.487156
7.5902 0.0991309
7.56416 -0.0151265
5.4319 2.88527
5.43887 2.88964
5.31005 -1.37685
5.41932 -1.52947
4.81596 1.35119
4.88141 1.81377
4.88061 1.80936
4.904 -0.242027
4.90431 -0.243494
5.06042 -0.821557
5.00672 -0.649451
5.54021 -1.64443
5.42441 -1.53609
5.1383 -1.03122
5.0755 -0.86372
6.55221 2.7379
6.62832 2.68218
6.9964 2.32959
6.86345 2.47395
5.15034 2.58027
5.06382 2.41445
6.19833 -1.69655
6.13986 -1.71975
7.13914 -0.913271
7.20799 -0.81411
6.95536 -1.14007
6.97434 -1.11904
6.0477 2.97439
6.25745 2.90292
6.04307 2.9755
5.83681 3.0011
6.53336 -1.51404
6.62223 -1.44852
6.9987 2.3268
7.10294 2.19282
7.63568 0.529897
7.63368 0.458636
6.35605 2.85627
6.41427 2.82476
7.61209 0.228612
7.36885 1.74663
5.6311 2.97462
5.26475 2.73683
7.62602 0.344528
5.23244 -1.23908
5.42276 -1.53404
5.21789 -1.20909
4.83407 1.51231
4.84372 1.58537
4.8392 1.55265
4.87961 1.80362
4.88749 1.84388
5.89316 -1.76344
5.75541 -1.75026
4.97671 -0.546045
5.06937 -0.846925
5.20785 -1.18707
4.93174 2.03139
4.85472 0.0362901
4.83106 0.20756
5.23868 2.70645
5.06071 2.40816
5.05746 2.40091
6.3367 -1.6341
6.93279 -1.16394
7.05208 -1.02713
6.30046 2.88362
6.04649 2.97476
5.68784 2.98723
6.04573 2.97496
6.73424 -1.35667
6.41151 -1.5916
6.80722 -1.28975
7.31026 -0.6483
7.26454 -0.72764
7.63538 0.675194
6.63642 2.67605
6.6452 2.66957
4.90221 -0.233303
6.4733 2.78964
7.08836 -0.981164
4.86561 -0.0318791
7.55995 1.21167
7.57648 1.13958
7.50618 1.40158
7.58735 1.08519
7.59792 1.03117
6.81945 2.51779
6.71598 2.61118
6.99762 2.32814
7.19991 2.05211
7.14541 2.13371
7.62442 0.835735
7.63414 0.711065
7.49671 -0.24059
7.4562 -0.346969
7.32865 -0.61599
4.81749 0.32978
4.81848 0.31958
7.61974 0.881181
7.3565 1.77279
7.30507 1.87296
7.26238 1.94975
5.94733 -1.76222
5.96203 -1.7601
4.82496 0.25972
4.98918 2.22469
5.99141 -1.75508
5.55662 -1.65736
5.57411 -1.67044
7.36347 1.75806
5.93656 -1.76297
7.55939 1.21388
4.82388 0.268442
4.81211 0.38875
4.80971 0.417369
5.60557 -1.68919
