6.26234 -2.41488
6.18956 -2.46589
4.72884 -1.59364
4.74824 -1.6638
8.05462 0.186372
8.06091 0.234942
4.33704 1.35816
4.3353 1.3357
4.32505 0.942083
4.32519 0.977172
4.32595 0.850172
4.32544 0.821987
4.34096 1.43991
4.34381 1.48624
5.74316 3.76671
5.79392 3.7547
4.34126 0.416913
4.33825 0.463093
5.56518 3.78693
5.51974 3.78737
4.40171 2.06099
4.4063 2.10119
4.37937 0.0184649
4.37237 0.0747151
5.36358 3.77423
5.33107 3.76861
7.10643 2.93198
7.1113 2.92688
6.89812 -1.89665
6.851 -1.94158
7.18815 -1.60107
7.1824 -1.60753
4.85759 -2.0374
4.84766 -2.00364
5.44535 -2.81653
5.47478 -2.81358
5.2456 -2.77532
5.27887 -2.79045
5.01837 -2.47049
5.03578 -2.50971
5.1046 -2.62957
5.11683 -2.64949
5.61494 -2.77876
5.61839 -2.7774
6.40784 -2.30911
6.46029 -2.2687
5.83402 -2.68241
5.76688 -2.71487
4.77896 -1.7741
4.77104 -1.74752
7.98525 -0.17387
7.99116 -0.152345
7.9207 -0.387381
7.9083 -0.42246
5.92131 -2.63409
5.84003 -2.67955
8.06815 0.319023
8.06438 0.271835
8.03445 0.051228
8.02306 -0.0139532
8.00666 -0.0867755
8.02144 -0.0215189
6.64661 3.33721
6.66366 3.3247
6.85748 3.16743
6.87872 3.1493
5.94202 3.71547
5.96825 3.70687
4.39044 1.98162
4.38448 1.93373
4.41432 2.15211
4.42449 2.21932
7.71625 -0.853585
7.68377 -0.913328
7.82853 -0.621235
7.79554 -0.694888
6.19441 3.61347
6.14421 3.63551
6.42037 3.49094
6.42356 3.48897
7.09866 2.94002
7.57552 -1.09513
7.58156 -1.08574
7.46799 -1.2539
7.47465 -1.24484
6.72609 -2.05182
6.65612 -2.11218
7.13213 -1.6638
7.04225 -1.75617
8.06818 0.783016
8.0728 0.7267
6.03764 -2.56518
6.07584 -2.54142
4.68024 -1.4121
4.68392 -1.42552
4.89299 3.51922
4.87187 3.49453
8.078 0.503266
8.07314 0.384683
4.59649 -1.08264
4.58564 -1.03884
4.35765 1.67677
4.35271 1.61454
4.33018 0.632693
4.33165 0.593502
4.58702 2.94553
4.59597 2.97427
7.29008 -1.48304
7.27368 -1.50276
5.98903 -2.59537
5.96678 -2.609
4.53063 -0.805002
4.55382 -0.907464
4.32812 1.14104
4.32711 1.10417
4.63346 -1.22928
4.62319 -1.18872
5.83436 3.74564
4.47254 -0.53849
4.48913 -0.617607
4.44371 -0.386656
4.43361 -0.332611
4.44057 2.31556
4.44337 2.33702
4.38878 -0.0540742
4.40518 -0.163935
6.30647 3.55687
6.29112 3.56454
7.73379 2.01216
7.71531 2.05067
7.82031 1.81688
7.80538 1.853
4.52205 2.71863
4.50367 2.64207
4.53998 2.79075
4.53907 2.78743
4.4602 2.43029
4.46174 2.43977
5.24332 3.74488
5.26118 3.75103
7.99591 1.26347
8.00002 1.2448
8.04177 1.01591
8.04794 0.972319
7.45385 2.50131
7.43131 2.53367
7.32641 2.67568
7.29746 2.71205
7.38326 -1.36732
7.36784 -1.38755
6.81365 -1.97454
6.94711 -1.85085
7.13589 -1.65988
7.54988 2.35333
7.54431 2.36237
7.62927 2.21627
7.63921 2.19827
4.76296 3.34413
4.76916 3.35519
4.90099 -2.16822
4.89575 -2.15136
4.97023 -2.35771
4.94793 -2.29972
7.88918 1.63569
7.8818 1.65691
7.94328 1.46832
7.94115 1.47571
5.37085 -2.81466
5.29725 -2.79905
5.62043 -2.77652
5.53127 -2.80239
6.51235 -2.22789
6.53483 -2.21095
6.39622 -2.31732
5.65754 -2.76262
5.66232 -2.76123
7.95797 -0.269455
7.9651 -0.24617
7.93058 -0.358154
6.63149 3.34868
6.5456 3.40941
6.68306 3.30999
6.71971 3.2815
6.77386 3.23776
6.80597 3.21129
6.88759 3.14147
6.92864 3.10436
5.98185 3.70156
5.97381 3.70469
5.85635 3.74067
4.39249 1.99735
4.43593 2.29032
6.08155 3.66362
6.38157 3.51379
6.23701 3.59206
6.41757 3.49272
6.47276 3.45771
6.48494 3.44965
7.13022 2.90637
6.63557 -2.12851
6.75395 -2.02849
6.97951 -1.81815
7.13678 -1.65895
8.07432 0.694445
8.06363 0.841279
6.31804 -2.37507
6.34439 -2.35621
6.58635 -2.16894
4.66027 3.14466
4.67347 3.17294
5.08874 3.6765
5.13267 3.70051
4.98869 3.60758
5.02902 3.63863
8.07214 0.366595
8.07824 0.514172
4.36361 1.74285
4.35981 1.70214
4.54053 2.79259
4.55731 2.85064
4.52081 -0.762509
4.52644 -0.786553
4.55504 -0.912727
6.13492 -2.50221
6.09398 -2.52926
4.6565 -1.32094
4.65307 -1.30691
5.16646 -2.71
5.22305 -2.75967
5.39016 -2.81729
8.04582 0.11928
8.0443 0.108321
4.80029 -1.84515
4.7819 -1.78356
4.55597 -0.916765
4.56303 -0.946741
4.32801 0.723169
4.32661 0.750677
5.68602 3.77642
5.68571 3.77645
4.50659 -0.698829
4.99919 -2.43022
4.98668 -2.39769
4.35762 0.216092
4.34857 0.318463
4.64121 3.09843
7.18428 2.84658
7.2044 2.82385
8.06104 0.863559
7.14102 -1.65424
4.72388 3.27674
4.69345 3.2174
5.50722 -2.80823
4.81642 -1.90296
4.80958 -1.87772
8.07725 0.615091
5.70659 -2.74331
5.7235 -2.73644
7.87077 -0.520923
7.86458 -0.536489
4.94619 3.57094
4.92419 3.55063
6.97684 3.05893
7.02666 3.01157
4.82448 3.43626
8.07802 0.556104
5.07469 -2.58356
5.08712 -2.60211
4.33155 1.23117
4.33169 1.25572
4.39478 2.01517
4.7535 -1.68416
4.71548 -1.54441
8.06262 0.25316
8.04759 0.131908
4.33461 1.29466
4.33764 1.37926
4.32543 1.00536
4.32515 0.913673
4.32696 0.78667
4.32523 0.878477
4.34466 1.50034
4.34005 1.42209
4.4632 -0.491547
4.45977 -0.474128
4.33704 0.484762
4.34249 0.397873
5.48008 3.78691
5.62833 3.78287
4.38754 -0.0453097
4.37157 0.0820118
7.77563 -0.736763
7.74129 -0.806026
7.77885 1.91435
7.76144 1.95332
4.48888 2.57306
4.48183 2.54147
4.61757 3.03642
4.63474 3.08235
8.02075 1.14158
8.02711 1.10659
7.39088 2.59077
7.36687 2.62298
7.52556 -1.17054
7.50718 -1.19765
7.22844 -1.55542
4.72846 3.28564
4.7295 3.28777
5.42688 -2.8176
5.16255 -2.70635
5.16101 -2.70427
5.83769 -2.68066
4.70407 -1.5032
8.0224 -0.0170833
7.99656 -0.131315
7.65032 -0.971713
7.84645 -0.579796
7.62337 -1.01723
7.5624 -1.11551
7.44434 -1.28645
6.08626 -2.53449
6.00686 -2.58406
4.66874 -1.36934
5.03572 3.64291
5.07942 3.67152
5.41783 3.78229
4.58281 -1.02746
4.60131 -1.10188
4.35223 1.60765
4.35779 1.6787
4.33272 0.56912
4.32937 0.65869
4.61331 3.02345
4.57582 2.91201
7.24006 -1.54192
7.31798 -1.44948
4.32656 1.07664
4.32896 1.16767
4.6103 -1.13771
4.32582 1.04067
4.34803 1.55039
4.42459 -0.281559
4.34617 0.34864
4.33458 0.528304
4.40953 -0.192328
4.35955 0.196067
7.68547 2.11028
7.8472 1.74983
7.85866 1.7197
7.66733 2.14554
4.52733 2.74153
4.46645 2.46512
4.54019 2.79146
5.14941 3.70785
5.19437 3.72783
5.29136 3.75873
7.26088 2.75738
7.23275 2.79113
7.97386 1.35517
8.05881 0.886312
7.96738 1.3817
7.49195 2.44419
7.33807 -1.42445
7.42192 -1.31698
7.50818 2.41916
7.57501 2.31162
7.59333 2.2804
7.59027 2.28574
4.80194 3.40398
4.81221 3.41984
4.83137 -1.95134
4.92303 -2.2299
4.94633 -2.29588
4.97557 -2.36977
7.91245 1.56727
7.91749 1.55188
7.95976 1.40959
7.9665 1.38499
5.69476 -2.74758
5.63024 -2.77299
6.73448 3.27022
6.93827 3.09575
4.37795 1.87993
4.37577 1.8613
6.52785 3.42199
6.28096 -2.40222
6.38437 -2.32632
4.98128 3.6021
4.57021 -0.975786
4.36398 1.74646
4.32823 0.696606
4.56311 2.8691
4.3302 1.20575
6.17905 -2.4728
5.15811 -2.70053
5.05774 -2.55139
5.03787 -2.51352
5.68681 3.77632
7.87662 -0.506665
5.40384 3.78094
4.93184 -2.2551
5.03671 -2.51143
5.13105 -2.66756
6.83671 3.18568
4.38283 1.92163
8.07757 0.604793
6.18358 -2.46988
4.87654 -2.09056
4.37017 1.8065
4.37081 1.8131
6.95808 3.07685
6.75375 3.25433
7.8921 -0.466438
6.53611 3.41614
