6.15199 -2.14665
6.18773 -2.12719
5.70358 -2.28601
5.72876 -2.28582
5.00659 -1.58909
5.02324 -1.63183
4.75309 -0.791124
4.74095 -0.741681
5.12003 -1.8449
5.09728 -1.7974
4.62793 2.02778
4.62325 1.99972
4.60251 -0.0598315
4.60146 -0.0528158
7.58618 -0.669585
7.54496 -0.749766
6.3831 3.21765
6.35553 3.23197
7.56673 1.90838
7.59996 1.83761
7.33705 2.31084
7.30983 2.3511
7.73451 1.48796
7.72885 1.50564
7.78356 1.32106
7.78382 1.3201
7.7346 -0.318988
7.71639 -0.368976
7.77728 -0.182842
7.80153 -0.0930381
7.69252 -0.432905
7.68892 -0.441744
5.78391 -2.27872
5.82249 -2.27165
5.58123 -2.27942
5.61307 -2.28314
5.53072 3.42166
5.50179 3.4172
5.30138 3.3475
5.32072 3.35688
5.10547 3.20404
5.12182 3.21962
4.92253 2.96034
4.94712 3.00166
7.85021 0.147862
7.83127 0.038795
7.87743 0.40671
7.87009 0.30851
4.95529 -1.4574
4.95358 -1.45251
4.5711 1.61888
4.57508 1.6568
4.55382 1.42307
4.552 1.40292
4.58687 1.75335
4.59421 1.80805
4.77996 -0.891832
4.7605 -0.820641
5.40496 -2.20613
5.42505 -2.21761
5.25666 -2.06278
5.27839 -2.08855
5.17833 -1.94786
5.16389 -1.92219
6.04135 3.37091
5.92953 3.4012
6.15853 3.32713
6.04669 3.36913
5.67269 3.43286
5.65497 3.43322
6.86925 2.86081
6.87051 2.85968
6.99237 -1.50113
6.96949 -1.52442
7.43848 -0.933651
7.45822 -0.901924
6.41225 -1.98954
6.39294 -2.00343
6.67296 -1.79595
6.59407 -1.85841
6.85741 -1.63395
6.7907 -1.69495
5.99234 -2.21876
6.03647 -2.20094
4.53394 0.913428
4.53335 0.884349
4.53835 1.13543
4.53942 1.16742
4.86195 -1.17693
4.86419 -1.18422
4.68081 -0.484273
4.68082 -0.484326
4.55026 0.435048
4.55616 0.350177
4.59501 -0.00488526
4.58578 0.0669197
4.53972 0.621309
4.53819 0.655292
4.70742 2.39674
4.70011 2.36926
7.22195 -1.23957
7.17637 -1.29622
7.86059 0.914488
7.86404 0.888178
4.6401 -0.275474
4.62639 -0.199997
7.88205 0.588629
7.88159 0.629255
4.83531 -1.08682
4.82819 -1.06194
7.77007 -0.207891
7.73642 -0.313656
6.27894 -2.07573
6.08691 -2.17828
7.07112 -1.41628
7.10923 -1.37447
5.81322 3.42386
5.83502 3.4195
6.48588 3.15574
6.27132 3.27636
4.7482 2.54371
4.73466 2.49808
4.7806 2.64077
4.76869 2.60597
7.14539 2.56806
7.18261 2.52316
7.8323 1.10165
7.83099 1.10868
7.24803 2.43816
7.18373 2.52177
6.51706 -1.91568
6.4941 -1.93333
7.49922 2.04128
7.50879 2.02334
7.42087 2.17974
7.41614 2.18755
7.69511 -0.426326
6.72159 2.98651
6.71116 2.99522
4.57078 1.61554
4.58452 1.73623
4.57769 1.67971
4.55991 1.50022
4.55882 1.48723
4.78985 -0.927625
4.83804 2.7894
4.87358 2.86811
4.65619 2.17751
4.66079 2.20149
5.79329 3.42621
5.89801 3.40761
6.04475 3.36987
6.21046 3.30353
6.4902 3.15319
5.70685 3.43243
6.87142 2.85881
6.95394 -1.54016
7.05111 -1.43841
6.30039 -2.06199
6.70987 -1.76464
6.69304 -1.77935
6.28816 -2.0701
5.92415 -2.24395
5.93553 -2.23996
4.53492 1.01043
4.53466 0.976927
4.53334 0.879006
4.5333 0.820875
4.53741 1.10392
4.90595 -1.31412
4.88332 -1.2443
4.54663 0.486547
4.54852 0.459671
4.5579 0.329217
4.53441 0.751083
4.53646 0.68857
4.54114 0.590093
7.62789 1.77361
7.64226 1.74006
7.00384 2.72618
7.02976 2.69963
7.17256 -1.30069
7.11917 -1.3631
7.28581 -1.15661
7.24695 -1.208
7.77361 -0.195746
5.88502 -2.25561
5.84642 -2.26528
4.53627 1.04042
4.53634 1.07124
4.90628 -1.31512
4.90659 -1.31602
6.70105 3.00339
6.60842 3.07261
6.54594 3.11614
6.54814 3.11461
4.65971 -0.380296
4.65216 -0.341276
4.54525 0.524875
4.54245 0.560607
4.63845 2.08596
4.64632 2.12704
4.6714 2.25075
4.83329 2.77922
4.82796 2.76665
6.87594 2.85432
7.65406 1.71059
7.67564 1.65578
7.62706 -0.583897
7.61368 -0.613363
5.56352 -2.27619
5.53043 -2.26724
5.00793 3.0919
5.0092 3.09374
4.59665 1.82519
4.60324 1.87222
7.30868 -1.12585
7.87307 0.797835
7.87345 0.792753
4.57042 1.61162
4.56478 1.55139
4.54693 1.33401
4.5461 1.32051
4.58555 1.74387
5.29267 -2.10541
5.30764 -2.12155
4.55956 0.310351
4.56385 0.263969
5.73869 -2.2844
5.64255 -2.28714
5.40113 3.38972
5.45271 3.40509
5.04435 3.1372
5.00982 3.09458
7.86666 0.274622
7.8544 0.175049
5.05327 -1.70433
4.98776 -1.5425
5.06713 -1.73381
5.13604 -1.87354
4.61791 1.9693
4.63456 2.06338
7.5247 -0.786826
7.60071 -0.640383
7.55367 1.93553
7.61239 1.80968
4.68534 2.31002
4.67295 2.25791
4.79736 2.68743
4.78942 2.66505
7.10722 2.61305
7.12653 2.59078
7.84781 1.00757
7.85302 0.975687
6.8849 -1.60863
6.88909 -1.60474
7.38984 -1.01062
7.39338 -1.00523
7.4608 2.11153
7.44312 2.14213
7.2936 2.37432
7.36451 2.2694
7.70628 1.57175
7.7575 1.41403
7.80356 1.23804
7.78163 1.32815
7.88104 0.641032
7.87659 0.741213
7.82867 0.025864
7.8049 -0.079014
5.20275 3.28695
5.21248 3.29377
5.6033 3.43048
7.87932 0.439549
4.95281 -1.45021
4.92228 -1.36104
5.06059 -1.72019
4.70392 -0.587114
4.71399 -0.630143
5.34909 -2.16089
5.48339 -2.25042
5.18693 -1.96286
5.06255 -1.72425
4.61272 1.93607
7.48587 -0.855217
7.38812 -1.0132
7.38274 -1.02106
7.88205 0.520157
6.03821 -2.20009
5.98601 -2.22159
4.68078 -0.48414
5.22591 -2.01947
4.68854 2.32253
4.71558 2.42849
7.86711 0.855989
7.85379 0.970139
4.62123 -0.170233
4.8094 -0.997183
4.8564 -1.1592
4.72755 2.47173
4.76432 2.59381
7.18331 2.5223
7.07168 2.65391
7.85334 0.973455
7.80703 1.22311
7.25206 2.43265
7.53643 1.96942
7.46419 2.10553
7.37949 2.24601
7.76029 1.40439
7.69806 1.59514
4.55031 1.38064
5.51813 -2.26308
5.94528 -2.23606
4.80127 -0.968112
4.53328 0.81547
4.54019 1.20048
4.54265 1.25993
4.57386 0.167765
4.56898 0.211788
4.53426 0.755176
4.5365 0.687249
7.87288 0.800622
6.5337 3.12442
6.59789 3.08056
5.33953 -2.15319
5.32928 -2.14426
7.68869 1.62116
7.64114 -0.553645
4.9773 3.04824
4.60705 1.8974
5.2478 -2.05015
4.91869 2.95399
5.83448 -2.26877
4.60072 -0.0474525
7.33865 -1.08459
5.61647 3.43147
4.96248 3.02449
4.54474 1.29477
4.54297 1.2658
4.55758 1.47214
4.56517 0.248558
4.53385 0.785664
4.91638 2.94988
4.53431 0.943068
4.54009 1.19792
4.86066 -1.17297
4.58446 0.0767653
7.0671 2.65903
6.60291 3.07679
6.49389 3.15094
4.57744 1.67777
7.65162 -0.529916
