6.26935 2.48437
6.18054 2.51539
6.98469 -0.636032
7.04377 -0.545612
7.37347 0.604419
7.37389 0.592727
5.13521 1.52544
5.1428 1.56059
7.12076 1.63819
7.12946 1.62107
5.72452 -1.17293
5.81625 -1.22379
7.15993 -0.338938
7.15531 -0.348644
7.32482 0.14026
7.31135 0.0813113
5.13443 0.0565942
5.13386 0.0594964
5.06873 0.752712
5.06944 0.710692
5.1067 0.235096
5.10147 0.275686
5.79435 2.52385
5.76312 2.51536
5.96944 2.54762
5.98759 2.54605
6.39586 2.42619
6.34546 2.45135
6.97441 -0.650203
6.90865 -0.734188
7.21139 1.43645
7.18516 1.49953
5.07717 1.06305
5.08187 1.13205
5.24898 -0.399642
5.23 -0.339129
5.31903 -0.593028
5.35296 -0.674032
5.40218 -0.774327
5.36497 -0.701487
5.50206 -0.941533
5.54205 -0.998001
5.62824 -1.09421
5.61309 -1.07755
5.18676 1.74179
5.20421 1.80118
6.29042 -1.21776
6.32825 -1.20109
6.098 -1.26447
6.17179 -1.25156
5.25358 1.93944
5.22801 1.87092
5.33646 2.11789
5.3787 2.19169
5.44353 2.28071
5.39745 2.21825
5.58588 2.42073
5.56542 2.4055
6.75898 -0.900383
6.72436 -0.934309
6.58621 -1.05003
6.59766 -1.04203
7.02024 1.81184
7.05644 1.75289
5.91043 -1.25442
5.81811 -1.22447
7.25968 -0.0942439
7.24265 -0.142695
5.08091 0.480624
5.07592 0.552496
7.35706 0.329092
7.36278 0.38019
6.48676 -1.11848
6.39204 -1.17245
6.81352 2.08739
6.85805 2.0348
7.24432 1.34855
7.22762 1.39461
7.27437 1.25728
7.28055 1.23579
7.33074 1.02727
7.32368 1.06667
6.59021 2.29765
6.5913 2.29684
7.35426 0.88276
7.3498 0.920057
5.28001 -0.495007
5.2612 -0.437606
5.22272 -0.315419
5.18678 -0.184004
5.17428 -0.130453
5.07049 0.947404
5.06967 0.906143
6.70528 2.1976
6.72435 2.17936
7.31119 1.11793
7.3198 1.08443
6.92031 1.95744
6.89688 1.98778
6.8022 2.1004
7.36652 0.766072
7.36222 0.818495
5.19068 -0.199759
5.19882 -0.231902
5.15068 -0.022796
5.16004 -0.0671316
6.79674 2.10639
6.78251 2.1216
6.34167 2.45326
6.28935 2.47703
5.07284 0.996516
5.1891 -0.193409
5.09013 1.22713
5.09836 1.29959
6.50516 2.35941
6.45587 2.3905
5.21824 -0.300578
5.20515 -0.254387
5.95155 2.5468
5.86566 2.53986
6.15715 2.52053
6.28768 2.47779
7.08795 -0.473363
6.97965 -0.643226
7.37206 0.51976
7.37224 0.670899
7.34013 0.979158
7.3378 0.9942
5.2811 -0.497941
5.28195 -0.500148
5.44833 -0.860024
5.45232 -0.867013
5.15937 1.63466
5.11497 1.41835
6.52636 2.34404
6.50583 2.35894
6.19345 -1.24781
6.28841 -1.21839
5.2913 2.03107
5.29268 2.03376
5.5096 2.35402
5.47079 2.31411
6.68072 -0.97267
6.60097 -1.03961
7.09981 1.6774
7.13088 1.61816
5.81676 -1.22404
5.71228 -1.16377
7.20111 -0.247728
7.13882 -0.380882
7.3374 0.201346
7.29617 0.0241624
5.13156 0.0714568
5.14692 -0.00381738
5.06997 0.686692
5.06861 0.775864
5.12147 0.132821
5.09214 0.356914
5.67839 2.47897
6.07447 2.53847
5.66219 2.47098
6.8526 -0.801979
6.83448 -0.822066
6.80424 -0.853898
7.10455 -0.444765
7.17586 1.52131
7.2198 1.41497
5.35859 -0.687221
5.44385 -0.851777
5.56091 -1.02021
5.63378 -1.09988
5.11425 1.41415
5.17917 1.7126
5.21886 1.84588
5.11408 1.41294
6.0041 -1.26743
6.03516 -1.26638
6.38893 -1.17417
5.96307 -1.26254
5.28998 2.02826
5.38563 2.20212
6.50558 -1.10589
6.96808 1.8919
7.07599 1.71952
7.20749 -0.23287
7.2796 -0.033214
7.21457 -0.215188
7.34634 0.254263
5.07124 0.645497
5.08631 0.415563
5.07306 0.606253
5.08919 0.384464
5.12431 0.115009
7.37007 0.464553
6.66836 2.23188
6.67823 2.22357
7.30167 1.16049
7.30205 1.15909
7.37184 0.495732
7.37156 0.68956
7.25568 1.31434
7.30123 1.1623
7.32168 1.0754
7.34522 0.950801
6.94833 1.91992
6.96312 1.89931
6.74126 2.16272
6.66048 2.23865
6.8799 2.00921
7.37141 0.693976
7.35941 0.844043
5.06836 0.863771
5.068 0.818425
5.08524 1.18324
5.11377 1.41088
5.06803 0.798535
6.40463 2.42101
6.40041 2.42359
5.16642 -0.096164
5.20396 -0.250445
5.06871 0.883242
6.45327 2.39211
