7.66946 -0.258007
7.68373 -0.213678
5.51107 3.26504
5.48145 3.25603
7.77905 0.21448
7.7869 0.277303
4.62252 1.1212
4.62088 1.0874
5.05133 -1.40604
5.04996 -1.40297
4.99895 -1.26802
4.98214 -1.22271
4.65049 1.52983
4.65276 1.55179
4.69329 1.86068
4.69531 1.87264
5.68775 -2.10566
5.60531 -2.0904
4.62397 0.607868
4.62556 0.568585
7.1145 -1.23707
7.12726 -1.22219
4.698 -0.118479
4.68135 -0.00758344
5.71538 3.29251
5.71852 3.29245
6.6727 2.90289
6.74604 2.84514
6.84755 -1.51798
6.80562 -1.55826
7.38251 -0.867709
7.35126 -0.917645
7.44612 1.96984
7.41974 2.01906
7.60835 1.61146
7.58818 1.664
7.69998 1.32893
7.71917 1.25617
7.73379 -0.0296217
7.74484 0.0194931
7.59747 -0.451868
7.58941 -0.471675
5.31175 3.17746
5.25378 3.13682
5.14535 -1.61432
5.12796 -1.578
6.48409 3.03733
6.53864 3.00115
4.62837 1.25307
4.63085 1.29517
6.20166 -1.98408
6.20344 -1.98321
5.9279 -2.08714
5.9627 -2.07861
5.79617 -2.10909
5.72394 -2.10857
4.80861 -0.643766
4.78449 -0.547948
4.61885 0.734988
4.61777 0.784298
4.89976 2.6364
4.89505 2.62629
6.2379 -1.96485
6.25283 -1.95688
4.73613 2.0898
4.74458 2.12805
7.4856 -0.689653
7.49149 -0.678206
6.14374 3.20905
6.20373 3.1837
6.42265 3.07471
6.42463 3.07364
5.93872 3.26833
5.96336 3.26384
6.60634 2.95381
6.8389 2.76448
6.83766 2.76557
6.40142 -1.87004
6.32183 -1.9184
6.56661 -1.75403
6.60036 -1.72986
6.80254 -1.5611
6.71248 -1.63929
7.23466 -1.08624
7.24925 -1.06637
7.28311 -1.01914
7.29711 -0.99911
7.80196 0.501403
7.80091 0.46234
4.7606 -0.439099
4.78006 -0.529155
6.97481 -1.3919
7.01747 -1.34803
4.7701 2.23924
4.77193 2.24643
7.02627 2.57457
6.97278 2.63226
7.80151 0.674539
7.80145 0.679627
7.70381 -0.145859
7.64384 -0.332127
6.02573 -2.05747
6.09909 -2.03088
5.52956 -2.05977
5.57571 -2.07987
5.69944 -2.1081
7.03664 -1.32682
7.04673 -1.31575
6.25695 3.16174
6.35308 3.11351
7.75359 1.09534
7.76487 1.03496
7.36845 2.10921
7.34622 2.14596
7.28496 2.24074
7.32303 2.18307
7.19674 2.36592
7.21116 2.34635
7.64895 1.49601
7.66624 1.44371
7.74072 1.16281
7.73557 1.18601
7.63112 -0.366418
7.54425 -0.572524
7.54403 -0.573021
6.58407 2.97024
6.48187 3.03882
4.66798 1.68766
4.66707 1.68012
4.64274 1.45201
4.64037 1.42347
5.99626 -2.06881
5.81777 -2.10553
5.89523 -2.09525
5.51424 -2.05314
4.86117 -0.844907
4.84122 -0.770957
5.43981 -2.00558
5.37835 -1.95178
5.40416 -1.97588
6.02948 3.24808
6.03264 3.24698
6.10072 3.22426
6.23515 3.17101
6.36212 3.10909
6.76524 2.82869
6.83905 2.76435
6.41153 -1.86314
6.90511 -1.46369
4.61838 0.961856
4.61774 0.913329
4.62597 1.21144
4.62415 1.16732
4.90838 -1.00082
4.9203 -1.03937
4.94955 -1.13009
4.95009 -1.13163
5.22035 -1.74924
5.24546 -1.78669
4.63967 0.356789
4.63414 0.432799
4.66508 0.111817
4.65936 0.156276
4.61983 0.702623
4.6218 0.653931
4.84041 2.47949
4.84197 2.48456
4.79392 2.32564
4.80546 2.36627
7.04147 2.55786
7.09404 2.49646
7.19048 -1.14323
7.23075 -1.09174
7.77471 0.968469
7.76762 1.01775
7.78948 0.85037
7.78863 0.859891
4.62078 1.04033
4.65772 1.60008
4.66097 1.62915
4.64621 1.48763
4.6291 0.523511
4.97787 2.80127
4.97844 2.80232
7.50778 1.84628
7.52931 1.8004
5.76727 3.29161
5.80185 3.28978
6.89147 -1.47687
4.63331 1.33233
4.63528 1.35932
4.89143 -0.945187
4.86155 -0.84619
5.28973 -1.85136
5.32758 -1.89641
5.19261 -1.70037
5.18006 -1.67786
4.63061 0.481624
4.64516 0.295514
4.65762 0.172063
4.65172 0.226227
4.61859 0.991923
4.61734 0.864197
4.61726 0.834715
5.87155 3.28136
5.82564 3.28733
6.83925 2.76416
4.73865 -0.335606
4.75277 -0.403019
5.07939 2.95787
5.11747 3.00742
4.70326 -0.149031
4.72382 -0.259791
5.26052 -1.80955
5.28284 -1.84135
4.72486 2.03295
4.7182 2.00069
5.71337 3.29245
5.66367 3.29056
6.50055 -1.80296
6.51631 -1.79125
4.67565 1.74429
5.41089 3.22972
5.57007 3.2769
5.16698 3.06025
5.13531 3.02679
7.79318 0.343409
7.76863 0.142872
5.04791 -1.39807
5.08812 -1.49092
4.70275 1.91775
4.6852 1.80846
7.54385 -0.57339
7.54054 -0.58004
4.77294 2.25013
4.78841 2.30709
6.80429 -1.55949
6.88158 -1.48638
7.33366 -0.944425
7.42023 -0.806533
7.40789 2.04033
7.46336 1.93683
7.24134 2.304
7.26873 2.26479
7.58679 1.66748
7.62048 1.57983
7.72168 1.24574
7.69393 1.35115
7.75935 0.0907513
7.71717 -0.0965175
5.21386 3.10468
5.35673 3.20325
5.61214 3.28555
5.03766 2.89977
5.02747 2.88573
7.79806 0.409067
5.01544 -1.31316
5.11627 -1.55186
5.17162 -1.66312
4.71102 1.96196
4.86146 -0.845906
4.78311 -0.542278
4.82198 -0.696419
5.21064 -1.73216
4.86843 2.55738
4.85915 2.53464
5.02308 2.87891
4.93441 2.71577
4.74847 2.14684
4.73103 2.06437
7.4384 -0.775351
6.02462 3.2494
5.89533 3.27728
6.70102 -1.64925
6.61672 -1.71669
6.53276 -1.77937
7.2757 -1.02973
7.43015 -0.789554
7.80297 0.569858
7.55235 1.74852
7.5697 1.70808
4.81614 2.40193
4.82305 2.42543
6.93769 2.66851
7.03524 2.56488
7.8007 0.69571
7.79646 0.771956
7.78239 0.909235
7.77802 0.946779
4.69928 -0.126047
7.15075 2.42695
7.1472 2.43133
7.15348 -1.19018
7.76595 1.02838
7.74166 1.15846
7.48306 1.89761
7.37322 2.10115
7.32751 2.17606
7.15383 2.423
7.6758 1.41234
7.63619 1.53394
7.79136 0.831709
4.84711 2.50042
6.9072 2.69876
4.65441 1.57039
4.66585 1.67088
5.8193 3.28825
5.75316 3.29164
6.29862 -1.93198
6.30314 -1.92963
5.36176 -1.93657
4.65098 0.233258
4.67761 1.75836
5.63397 3.2882
6.20451 -1.98263
4.97389 -1.20042
4.63766 1.39035
7.07741 -1.28087
4.66973 0.0771932
7.62128 1.57755
4.64838 0.262593
6.36905 3.10553
4.92688 -1.06063
5.37065 -1.94507
6.47999 3.04007
4.83425 -0.745173
5.43666 -2.00342
6.45119 3.05765
