6.23598 -2.39351
6.22912 -2.39832
4.75478 -1.57533
4.76892 -1.62648
5.27448 -2.69696
5.25074 -2.6808
5.43403 -2.74245
5.45224 -2.7434
8.02952 0.176955
8.03661 0.23178
4.57948 -0.900167
4.58612 -0.92729
4.36183 1.35813
4.36126 1.35075
4.35002 0.927549
4.35022 0.977143
4.35054 0.850143
4.35029 0.836395
4.36542 1.42567
4.36887 1.48181
4.48674 -0.47822
4.49619 -0.524309
4.3673 0.400919
4.36327 0.462686
5.58885 3.74371
5.51259 3.74445
4.42883 2.06127
4.43159 2.08543
5.35431 3.72617
5.38655 3.73174
7.34862 -1.37242
7.35173 -1.36856
6.86688 -1.89045
6.84386 -1.91239
7.0291 -1.73334
7.03521 -1.72737
6.40867 -2.27056
6.44121 -2.24549
4.80717 -1.75419
4.78476 -1.67892
7.95242 -0.203549
7.96504 -0.157555
7.89326 -0.392856
7.87342 -0.448953
5.89338 -2.6023
5.8813 -2.60905
8.04368 0.309842
8.03931 0.255159
8.00868 0.0415601
8.00236 0.00541993
7.9802 -0.0967001
7.98548 -0.0733744
6.62881 3.31626
6.63024 3.31522
6.84043 3.14736
6.84828 3.14066
4.41589 1.96576
4.41193 1.93401
4.44511 2.17123
4.44998 2.20343
7.68595 -0.859631
7.6673 -0.893925
7.79988 -0.62695
7.77847 -0.674768
6.03276 3.64609
5.9633 3.67069
6.41342 3.45956
6.3837 3.4763
6.19015 3.5794
6.09675 3.62042
7.12033 2.87912
7.09724 2.90415
7.01702 2.98523
7.01774 2.98454
7.43389 -1.25891
7.45836 -1.22564
7.55913 -1.07581
7.5498 -1.09041
6.69163 -2.04498
6.64874 -2.08198
8.04566 0.774566
8.04832 0.742087
6.03861 -2.52053
6.06385 -2.50482
4.70562 -1.39419
4.7181 -1.43967
5.42718 3.73831
5.47378 3.74214
4.92018 3.48204
4.9191 3.48078
4.6203 -1.06583
4.61339 -1.03791
4.35463 0.646865
4.35664 0.593095
7.25399 -1.48834
7.25337 -1.48909
4.76155 3.26153
4.7871 3.3035
4.55911 -0.81413
4.55341 -0.788925
4.3536 1.15581
4.35218 1.10414
4.65726 -1.21249
4.65452 -1.20169
5.35542 -2.73099
5.34381 -2.72713
5.2066 -2.64516
5.50792 -2.73969
5.47842 -2.74225
5.17925 -2.61711
5.19773 -2.63613
5.15326 -2.58721
5.12925 -2.55229
5.08483 -2.48451
5.09093 -2.49392
5.06414 -2.44738
5.0305 -2.37696
4.37352 1.54612
4.36918 1.48636
5.75365 3.72518
5.8053 3.7136
4.51969 -0.63636
4.46706 -0.373435
4.46278 -0.350512
4.46823 2.31585
4.46892 2.32109
4.41754 -0.0717355
4.42926 -0.1503
4.38458 0.199531
4.3967 0.0884854
6.30223 3.52303
6.24716 3.55056
7.70695 2.01468
7.69973 2.02971
7.79452 1.8193
7.78945 1.83157
4.54631 2.68675
4.53143 2.62476
4.49466 2.45174
4.48864 2.42301
4.56932 2.77246
4.55806 2.73129
7.21357 2.7747
7.22784 2.75798
8.02169 0.996049
8.02281 0.988117
7.97646 1.24423
7.97245 1.26213
7.44426 2.47223
7.40243 2.53228
7.3171 2.64746
7.26685 2.71057
6.78082 -1.96803
6.94006 -1.82203
7.10568 -1.65388
6.99988 -1.76273
7.53419 2.33222
7.51644 2.36103
7.61404 2.19578
7.61335 2.19703
4.86133 -1.93067
4.84721 -1.88505
4.9042 -2.05751
4.89249 -2.02429
4.95084 -2.18788
4.94223 -2.16391
4.99978 -2.30969
4.9976 -2.30402
7.86434 1.63802
7.86392 1.63923
7.9182 1.47068
7.92224 1.457
6.4735 -2.22018
6.53564 -2.17336
6.37648 -2.29331
5.61724 -2.71673
5.65717 -2.70515
5.57571 -2.72687
5.55748 -2.7319
7.93127 -0.274783
7.94562 -0.227932
7.91114 -0.339956
7.87043 -0.456694
7.84885 -0.512206
4.85365 3.40179
4.82166 3.35807
6.60909 3.33027
6.62755 3.31722
6.67907 3.27818
6.6868 3.27216
6.74254 3.22887
6.78862 3.19088
6.88358 3.1095
6.89867 3.09586
6.52381 3.38972
5.85016 3.70346
5.92168 3.68243
4.42004 1.99764
4.4671 2.30968
6.07724 3.62917
6.50959 3.39865
6.45886 3.43095
6.21526 3.56678
7.08286 2.91881
7.01304 2.98907
6.59926 -2.1213
6.74671 -1.99885
6.94976 -1.81225
7.12947 -1.62907
8.05097 0.685687
8.03925 0.856606
6.56818 -2.14683
4.69064 3.11981
4.72239 3.18784
5.15444 3.65737
5.16143 3.66118
5.04564 3.591
5.05729 3.59997
8.0539 0.488121
8.0545 0.505266
4.3861 1.69444
4.39063 1.74298
4.3743 1.5556
4.37902 1.61466
4.58339 2.81926
4.59217 2.84965
4.63261 2.9739
4.63171 2.97167
4.55168 -0.781454
4.55267 -0.785681
6.13584 -2.4598
6.11591 -2.47296
4.83133 -1.83325
4.82137 -1.7999
4.35259 0.72314
4.35194 0.735933
5.67924 3.73568
5.6511 3.73829
4.53024 -0.685441
4.37304 0.324911
4.37241 0.331961
4.66444 3.05526
4.65534 3.03368
4.68064 3.09556
5.32911 3.7199
5.28433 3.70876
7.17505 2.81861
7.20608 2.78356
8.03871 0.861239
7.20264 -1.54742
7.20785 -1.54155
7.16149 -1.59345
4.72797 3.19924
4.72432 3.19212
8.05302 0.630322
5.70162 -2.6891
5.73304 -2.67634
4.91421 3.47478
4.8018 3.32848
4.9995 3.55541
4.92177 3.48365
6.94813 3.05079
4.35626 1.23114
4.35632 1.24138
4.42467 2.03374
4.68115 -1.30354
4.66664 -1.24966
4.78045 -1.66513
4.7503 -1.55883
5.91716 -2.58918
5.97739 -2.55617
8.03801 0.243929
8.02321 0.128071
4.36032 1.29463
4.36203 1.36506
4.35033 0.990868
4.35007 0.913643
4.35244 0.78664
4.35019 0.863949
4.36916 1.48608
4.36524 1.42221
4.36293 0.468861
4.36752 0.397466
5.50339 3.74434
5.62146 3.74161
4.39948 0.0648679
4.41184 -0.0315525
7.7462 -0.742635
7.72455 -0.786302
7.75258 1.91682
7.74573 1.93217
4.5252 2.59566
4.50928 2.52435
8.00126 1.1223
8.00114 1.12291
7.38139 2.562
7.337 2.62154
7.50912 -1.15118
7.47433 -1.20248
7.39191 -1.31556
7.33394 -1.39083
7.57462 2.26468
7.56619 2.27909
7.89256 1.55423
7.89419 1.54922
5.80597 -2.64455
5.76419 -2.66453
5.61248 -2.71853
4.72985 -1.485
5.21579 3.685
5.20329 3.67955
5.22111 3.68697
6.00734 -2.53971
5.98937 -2.54991
8.04823 0.364245
7.99548 -0.027179
8.01654 0.0871287
7.97659 -0.112621
7.61918 -0.977926
7.82911 -0.559365
7.6072 -0.998172
7.57979 -1.04308
7.40563 -1.2978
8.05457 0.543268
6.08721 -2.49075
4.68579 -1.32046
5.09671 3.62515
5.10795 3.63251
5.4139 3.73636
4.60662 -1.01066
4.62911 -1.10095
4.37991 1.62484
4.38456 1.67882
4.35707 0.583237
4.35427 0.658285
4.61073 2.90947
4.62891 2.96388
7.24795 -1.4954
7.29767 -1.43581
4.35193 1.09134
4.35397 1.16764
4.63411 -1.1209
5.52239 -2.73755
5.0123 -2.33798
5.02813 -2.37253
5.17426 -2.61079
5.10609 -2.52086
5.06812 -2.45387
4.35088 1.04064
4.37387 1.55051
4.44822 -0.268177
4.47918 -0.43943
4.37237 0.332546
4.3596 0.527896
4.43842 -0.210072
4.38354 0.209649
7.65812 2.11285
7.83108 1.72814
7.83338 1.72208
7.65194 2.12485
4.5559 2.72372
4.47456 2.35237
4.57467 2.79048
7.25165 2.72941
8.00266 1.11371
8.03824 0.865971
7.94793 1.36247
7.46386 2.44283
7.3026 -1.42967
7.4927 2.39834
7.61811 2.18828
4.84019 -1.86433
4.86951 -1.95464
4.9272 -2.12563
4.9693 -2.23391
4.97485 -2.24953
7.87018 1.62088
7.94132 1.38736
5.65741 -2.70505
6.73054 3.23876
6.93429 3.06399
4.40719 1.89808
4.40105 1.84554
6.34354 -2.31821
6.28182 -2.36227
5.00915 3.56399
4.59789 -0.974867
4.39281 1.76436
4.35269 0.710787
4.60684 2.89631
4.3557 1.22053
6.15077 -2.44985
5.73091 3.72893
8.04984 0.387463
5.73677 3.72828
4.88267 -1.99665
5.74596 -2.67186
6.83276 3.15411
4.4081 1.90588
8.05409 0.595983
6.18448 -2.42806
6.25405 -2.38122
5.11578 -2.53352
4.91723 -2.09409
6.34523 -2.31703
4.39719 1.80677
4.39955 1.83094
6.9414 3.05721
6.73641 3.23392
