6.2204 1.99879
6.26705 1.98283
5.93347 1.99191
6.0116 2.01119
7.03152 0.921003
7.03242 0.916106
5.52068 1.52605
5.51544 1.51081
5.60953 1.70947
5.62098 1.72854
5.60109 -0.274292
5.57577 -0.21622
5.50411 -0.0218358
5.49147 0.0208864
6.37152 -0.664331
6.45454 -0.620048
6.1544 -0.715973
6.16302 -0.71508
5.9552 -0.672519
5.99245 -0.685698
5.77353 -0.53597
5.79866 -0.559701
5.73098 1.86528
5.81028 1.93227
6.83286 -0.225315
6.78649 -0.296513
6.60569 -0.506928
6.63967 -0.473758
5.41657 1.09939
5.43181 1.20144
5.39643 0.868043
5.39938 0.922164
5.4572 1.31809
5.43879 1.23825
6.66039 1.70651
6.72605 1.63039
6.73035 1.62487
6.78791 1.54058
6.88117 -0.140277
6.90066 -0.102101
6.95634 0.0318014
6.98286 0.108829
5.66977 -0.397908
5.64624 -0.357259
5.45154 0.175527
5.45004 0.182541
5.3952 0.659206
5.39688 0.615354
5.41439 0.409929
5.42399 0.337584
6.44057 1.89686
6.41438 1.91521
7.03851 0.349422
7.02638 0.281174
7.05902 0.625831
7.05684 0.532317
7.05391 0.748368
7.05211 0.773105
7.00048 1.06386
7.00055 1.06356
6.94913 1.22136
6.94512 1.23318
6.58621 1.78588
6.59015 1.78263
7.00068 1.06309
6.90312 1.33256
6.91967 1.29526
6.97441 1.14843
7.03051 0.926012
7.01629 0.992613
6.86999 1.40031
6.86531 1.40945
6.49342 1.86075
6.26082 -0.701508
6.32678 -0.680665
5.86204 -0.616623
5.8832 -0.629978
6.12066 2.01579
6.32736 1.96142
6.10746 2.01656
5.90988 1.98467
6.73196 -0.371818
6.71763 -0.389539
5.4042 0.985139
5.41175 1.0596
5.48656 1.42326
5.52955 1.54852
5.66534 1.78941
5.59712 1.68648
6.89368 1.35272
6.90583 -0.0907332
6.94472 0.000501035
5.5507 -0.155935
5.61937 -0.308997
5.52241 -0.0811322
5.47579 0.0796219
5.40677 0.47873
5.40403 0.507322
7.0539 0.482511
7.04653 0.408194
6.48725 -0.600438
6.14608 -0.715278
6.05277 -0.705024
5.72908 -0.480612
6.38463 1.93095
6.35654 1.94733
6.11504 2.01667
5.81731 1.93653
5.71329 1.84826
6.69655 -0.41295
6.84969 -0.198003
6.55367 -0.550195
5.43339 1.2109
5.39385 0.788624
5.39357 0.747918
5.46609 1.35139
5.6852 -0.423189
7.05121 0.782021
7.03889 0.871137
5.56391 1.62294
6.59229 1.78064
6.72799 1.62804
6.81971 1.48976
6.84389 1.44854
6.9951 0.150876
5.53699 -0.120706
5.4493 0.186191
5.43144 0.289524
5.40211 0.533044
6.47495 1.87548
7.01427 0.225139
7.05861 0.653928
6.59096 1.78194
6.94026 1.24625
