7.56607 0.0390726
7.57659 0.0833129
7.53818 1.25504
7.52779 1.29609
5.32854 -1.37894
5.37822 -1.44937
5.66653 -1.69906
5.68017 -1.70457
5.04721 -0.743128
5.03796 -0.713341
5.11411 -0.933401
5.14578 -1.0169
6.58357 2.70004
6.56014 2.71758
6.90882 2.4116
6.92296 2.39616
4.80574 0.781239
4.80359 0.842079
5.11594 2.48768
5.14851 2.54767
7.17674 -0.840943
7.14126 -0.893423
6.15225 2.92811
6.19513 2.91176
5.86347 2.98288
5.94197 2.97661
7.05843 2.23443
7.04243 2.25541
6.39533 2.81943
6.35363 2.84239
7.58239 0.112116
7.59934 0.211445
7.54971 -0.0305035
7.525 -0.122766
7.47097 -0.28071
7.48107 -0.25411
7.37807 -0.49564
7.35596 -0.541736
7.39915 1.65566
7.38892 1.6787
7.46727 1.4825
7.45736 1.50956
5.53213 2.91965
5.57319 2.93639
5.33559 2.7866
5.36001 2.80809
5.31789 -1.36094
5.27501 -1.2873
4.81038 1.12472
4.81612 1.22593
4.82955 1.378
4.83874 1.4631
4.86672 1.66411
4.87144 1.69441
5.80682 -1.73711
5.85321 -1.7445
4.98166 -0.522241
4.989 -0.548542
5.5014 -1.58956
5.50149 -1.58963
5.18888 -1.11447
5.15232 -1.03202
4.91572 1.91691
4.92702 1.96241
4.85685 0.0924214
4.84598 0.172173
4.82252 0.390061
4.82177 0.397309
5.21759 2.65225
5.18525 2.60423
4.96768 2.11411
4.97476 2.13824
6.2397 -1.66439
6.2896 -1.6401
7.04673 -1.01716
7.00279 -1.06914
5.7346 2.97741
5.79477 2.98119
6.63521 -1.42298
6.70651 -1.36413
6.43646 -1.56145
6.50811 -1.51473
7.62245 0.434061
7.61744 0.360032
7.62651 0.617328
7.62688 0.571726
7.6084 0.892127
7.60475 0.923161
4.93722 -0.339722
4.95206 -0.403454
7.09134 -0.959133
7.11947 -0.923238
7.24598 -0.737182
7.2551 -0.722837
6.87311 -1.20993
6.84834 -1.23518
7.27864 1.89963
7.26477 1.92506
4.80488 0.972913
4.80494 0.980274
4.89349 -0.132021
4.88951 -0.110558
7.41285 -0.422762
7.43409 -0.373974
7.52688 1.2994
7.50462 1.3737
7.58677 1.03671
7.58283 1.06036
6.73325 2.58116
6.78161 2.53734
7.18819 2.05193
7.1439 2.11761
7.61866 0.796127
7.61901 0.791367
7.52085 -0.135685
7.51621 -0.150297
7.40418 -0.442575
7.33083 -0.590366
7.34825 -0.556834
7.4344 1.57046
7.48758 1.42484
4.81707 1.23874
4.80935 1.1047
4.80903 0.586415
4.80689 0.650919
4.80362 0.850771
6.66609 2.6371
6.68292 2.6235
7.56883 1.12742
7.57464 1.10247
7.59582 0.982539
7.60081 0.949884
4.91776 -0.254349
4.96141 -0.442399
7.30746 1.84704
7.33522 1.79321
7.42485 1.59419
4.80834 1.04011
4.80923 1.10244
5.71223 -1.71661
5.73914 -1.7249
4.80909 0.585087
4.81011 0.565376
4.80523 0.712937
4.80502 0.719395
5.01663 2.26235
5.03472 2.3103
7.22829 1.98754
7.19255 2.04521
6.1143 -1.70955
6.04528 -1.72871
6.41988 2.80639
6.46073 2.7819
4.82183 1.29604
4.97281 -0.487559
4.81665 0.459381
4.81267 0.518918
7.57936 0.0969691
7.55585 -0.00734154
5.43317 2.86439
5.45616 2.87879
5.32312 -1.37013
5.4245 -1.50977
4.82619 1.34524
4.91396 -0.236527
4.91552 -0.2439
5.06247 -0.790985
5.01684 -0.64386
5.50434 -1.59188
5.57311 -1.64618
5.14929 -1.02515
5.09218 -0.8741
4.8916 1.80766
4.89242 1.8114
6.54061 2.73042
6.60608 2.68361
6.96291 2.3512
6.85396 2.46783
5.16345 2.57205
5.08554 2.42618
6.18551 -1.68478
6.14185 -1.70219
7.13481 -0.902035
7.19915 -0.808724
6.94554 -1.13409
6.97986 -1.09606
6.0751 2.95102
6.2584 2.88732
6.02512 2.96244
5.83787 2.98385
6.5353 -1.49687
6.61055 -1.4414
7.00564 2.30148
7.09412 2.18713
7.62576 0.526175
7.62404 0.464699
6.34094 2.84827
6.40771 2.81308
7.60312 0.237011
7.36167 1.73825
5.63222 2.95635
5.27904 2.72787
7.61557 0.340607
5.43896 -1.52571
5.23189 -1.20772
5.22963 -1.20306
4.84592 1.51967
4.85383 1.57949
4.85012 1.5527
4.88944 1.79648
5.94402 -1.74356
5.75853 -1.73034
4.99104 -0.55572
5.08012 -0.840992
5.22807 -1.19964
4.94235 2.02453
4.86626 0.0292015
4.84084 0.213233
5.24038 2.68281
5.07284 2.40055
5.05961 2.37099
6.33865 -1.617
5.95003 -1.74359
5.96326 -1.74172
6.90475 -1.17724
7.04775 -1.01591
6.29441 2.87116
6.04673 2.95865
5.7066 2.97289
6.73624 -1.33912
6.39792 -1.58332
6.79692 -1.28347
7.30342 -0.640238
7.27275 -0.693464
7.62565 0.68131
6.62543 2.66895
6.64639 2.6535
4.90493 -0.192697
6.47447 2.77378
7.07899 -0.975457
4.87516 -0.0264759
7.55213 1.20254
7.56515 1.14575
7.49877 1.39293
7.57781 1.08484
7.58915 1.02429
6.8207 2.50097
6.70555 2.60446
6.98832 2.32214
7.19157 2.04673
7.12885 2.13879
7.61815 0.80147
7.62475 0.70754
7.48867 -0.233061
7.44836 -0.339631
7.31576 -0.618563
4.82734 0.335492
4.82954 0.312783
4.8173 0.450821
7.61066 0.87406
7.34348 1.77679
7.30049 1.86048
7.24819 1.9541
4.83543 0.259549
5.00038 2.21766
5.57518 -1.64782
5.57739 -1.64947
7.35375 1.75509
7.54765 1.22027
5.58817 -1.6559
5.62635 -1.67848
4.83363 0.274095
4.8231 0.382
7.29823 1.86471
4.81259 0.520524
4.81249 0.522014
