5.9058 2.46459
5.97517 2.47016
6.18603 2.44127
6.20959 2.43304
7.00798 -0.512339
7.00853 -0.511497
7.23006 1.24368
7.23896 1.21595
7.31732 0.811019
7.31184 0.86866
5.18201 1.4952
5.20361 1.5953
5.38974 2.08347
5.38785 2.08028
5.50399 2.24165
5.57302 2.31296
7.20592 -0.110069
7.20673 -0.107912
7.27549 0.125742
7.27368 0.117785
5.19201 0.0177306
5.18388 0.0591856
5.1158 0.723649
5.11604 0.70959
7.31724 0.368738
7.31702 0.366722
6.77609 2.05006
6.7094 2.11932
5.76923 2.43274
5.77792 2.4351
6.4014 2.35134
6.42306 2.33837
6.74506 -0.837602
6.71494 -0.866033
6.87321 -0.69819
6.87246 -0.699147
7.30563 0.913119
7.29468 0.977483
5.37314 -0.580253
5.36732 -0.566365
5.45437 -0.745509
5.4486 -0.734215
5.56078 -0.909104
5.54918 -0.894447
5.23509 1.71057
5.21137 1.62697
5.14475 1.26962
5.14929 1.30179
6.29946 -1.13818
6.33617 -1.12201
5.30319 1.90739
5.30571 1.91288
5.65648 2.37512
5.57341 2.31327
6.54127 -1.00765
6.50433 -1.03348
6.98813 1.77435
6.98851 1.77373
7.0944 1.58361
7.13174 1.50599
5.91628 -1.16948
5.92299 -1.17081
5.73093 -1.0797
5.70283 -1.05684
6.10676 -1.18454
6.09677 -1.18452
7.09546 -0.357915
7.11841 -0.312925
5.21419 -0.0895312
5.22504 -0.130768
5.12517 0.505771
5.12398 0.522821
5.15051 0.259988
5.1528 0.243996
6.65771 2.1669
6.63722 2.18495
7.32799 0.621825
7.32835 0.591048
7.28575 1.02561
7.28397 1.03552
6.53776 2.2638
6.56318 2.24489
7.31018 0.881135
7.30932 0.888301
7.28998 1.0058
5.28923 -0.357604
5.27687 -0.31738
5.24896 -0.223293
5.2495 -0.225282
5.11686 0.918772
5.11659 0.905033
6.57916 2.23242
6.59705 2.21915
7.26625 1.11627
7.26704 1.11317
6.82781 1.992
6.81493 2.00698
6.51079 2.2834
6.44265 2.32588
5.20789 -0.0614067
5.20916 -0.0674369
5.11521 0.825346
5.11545 0.854382
5.12192 1.02453
5.31245 -0.422608
5.31862 -0.439685
5.26416 -0.275221
5.2588 -0.25633
6.05304 2.46544
5.87153 2.46054
6.12467 2.45476
6.29317 2.40369
7.00895 -0.510824
6.9419 -0.606683
5.13075 1.15398
5.12797 1.11734
5.33011 -0.470873
5.36262 -0.554592
5.5054 -0.828508
5.45997 -0.755913
5.20572 1.60471
5.17279 1.44646
6.20247 -1.16833
6.22594 -1.16106
5.34479 1.99651
5.3925 2.08766
5.57307 2.31301
5.47908 2.21304
6.63016 -0.941852
6.623 -0.947866
7.06637 1.63794
7.05295 1.66307
5.82291 -1.13475
5.79831 -1.12108
7.16495 -0.21272
7.21495 -0.0831704
7.29877 0.238744
7.2448 0.00904079
5.17671 0.0964785
5.19653 -0.00412567
5.11718 0.657539
5.11552 0.774754
5.1385 0.355866
5.13554 0.381575
7.30772 0.300874
7.32696 0.490735
5.76708 2.43182
6.08001 2.46375
5.66936 2.3836
6.87182 -0.699919
6.79559 -0.784412
6.64352 -0.930109
7.06791 -0.409285
7.14244 1.48229
7.17114 1.41318
5.13141 1.16034
5.29646 -0.378486
5.41049 -0.658562
5.58837 -0.941655
5.62502 -0.984811
5.64053 -1.00185
5.16159 1.38357
5.24845 1.75215
5.26864 1.81372
6.39798 -1.09445
6.12627 -1.18153
5.30044 1.90079
5.44361 2.16466
6.44425 -1.06851
6.9874 1.77546
6.92795 1.86149
7.04288 1.68087
6.01098 -1.1848
5.90195 -1.16412
7.15626 -0.232351
7.24287 0.00235499
7.29904 0.24034
5.16911 0.140461
5.11759 0.644401
5.13516 0.385401
5.11817 0.631886
5.13535 0.383372
7.32763 0.506812
6.61918 2.20014
6.68409 2.14441
7.32558 0.687865
7.20974 1.30817
7.19584 1.34693
7.26533 1.12039
7.24622 1.1895
7.27527 1.07369
5.24986 -0.226573
5.236 -0.17418
6.69549 2.13319
6.85949 1.95354
6.88855 1.91629
7.32342 0.741755
5.11515 0.789308
5.11599 0.890834
6.31352 2.39453
6.91332 1.88198
7.22301 1.26714
6.33471 2.38401
6.36914 2.36796
7.17777 1.3972
7.32401 0.73272
6.89743 1.90456
5.228 -0.143401
5.21003 -0.0713856
