6.15416 -2.14294
6.18771 -2.12468
5.71725 -2.2824
5.73082 -2.2823
5.01143 3.09234
5.01226 3.09333
5.00961 -1.59097
5.02514 -1.63085
4.75456 -0.790291
4.74425 -0.748298
5.12067 -1.84076
5.09939 -1.79631
4.62952 2.02679
4.625 1.99974
4.60434 -0.0609528
4.60298 -0.051951
7.58427 -0.669967
7.54389 -0.748506
6.38284 3.21553
6.35283 3.23111
7.56643 1.90554
7.59826 1.83777
7.33608 2.30953
7.30803 2.35101
7.73296 1.4881
7.72771 1.50451
7.78196 1.32121
7.78258 1.31888
7.73344 -0.317906
7.72005 -0.354686
7.77525 -0.184676
7.80031 -0.0918922
7.6907 -0.433268
7.68628 -0.444132
5.78388 -2.27554
5.82458 -2.26808
5.58119 -2.27568
5.60941 -2.27898
5.53438 3.41936
5.50196 3.41437
5.30158 3.3443
5.32368 3.35502
5.1057 3.20036
5.12429 3.21807
4.92749 2.96386
4.94921 3.00035
7.84892 0.149063
7.82967 0.0381967
7.87605 0.407999
7.86857 0.307942
4.95518 -1.45125
4.95532 -1.45162
4.57261 1.61799
4.57553 1.64579
4.55542 1.42308
4.55369 1.40397
4.58876 1.75452
4.59593 1.80805
4.78152 -0.89095
4.76086 -0.815359
5.40557 -2.20221
5.43329 -2.21805
5.25731 -2.05865
5.28127 -2.08707
5.18067 -1.94666
5.16906 -1.92603
5.92923 3.39883
6.0431 3.36799
6.04662 3.36689
6.15826 3.32497
5.67143 3.43026
5.65513 3.43059
6.87044 2.85748
6.86994 2.85796
6.99268 -1.49841
6.96802 -1.52352
7.43745 -0.932446
7.45627 -0.90221
6.40966 -1.98902
6.39245 -2.00141
6.67448 -1.79245
6.5936 -1.85648
6.84379 -1.64414
6.79025 -1.6931
5.99058 -2.21675
6.03644 -2.19823
4.53552 0.913426
4.53491 0.88344
4.53991 1.13453
4.54102 1.16742
4.86364 -1.17606
4.8666 -1.18572
4.68234 -0.483409
4.6828 -0.485537
4.55176 0.435921
4.5578 0.349171
4.59471 0.00954944
4.58723 0.0677415
4.54133 0.620316
4.53977 0.655266
4.70978 2.39821
4.70206 2.36921
7.21964 -1.23991
7.17532 -1.29499
7.85898 0.915502
7.86263 0.887649
4.64158 -0.274638
4.62822 -0.201122
7.88061 0.580802
7.88006 0.630218
4.83681 -1.08576
4.83024 -1.06279
7.76889 -0.206784
7.73479 -0.313983
6.28116 -2.07196
6.08688 -2.17563
7.07046 -1.41457
7.11002 -1.37117
5.81292 3.42147
5.83027 3.41799
6.4834 3.15495
6.27105 3.27422
4.74859 2.53822
4.73637 2.49702
4.78241 2.63964
4.77087 2.60591
7.1448 2.56627
7.18198 2.52142
7.83101 1.10038
7.82926 1.10977
7.19755 2.50126
7.24745 2.43639
6.51464 -1.9152
6.49362 -1.93136
7.49825 2.03998
7.50717 2.02326
7.41986 2.17839
7.41437 2.18746
7.69389 -0.42518
6.71962 2.98595
6.71006 2.99393
4.57238 1.61555
4.58611 1.7353
4.5794 1.67972
4.56143 1.49934
4.56041 1.48723
4.79202 -0.928955
4.84138 2.7912
4.87555 2.86688
4.65824 2.17878
4.6624 2.20049
5.79706 3.42333
5.89623 3.40554
6.04398 3.36777
6.2075 3.30258
6.04446 3.36763
6.48891 3.1517
5.70701 3.42981
6.86956 2.85829
6.95125 -1.54049
7.04969 -1.43754
6.29758 -2.06143
6.70776 -1.76422
6.69258 -1.77749
6.28821 -2.06764
5.92626 -2.24034
5.9355 -2.2371
4.53649 1.00952
4.53624 0.976925
4.5349 0.879911
4.53486 0.819966
4.539 1.10392
4.90584 -1.30777
4.88458 -1.24217
4.54827 0.485541
4.55009 0.459645
4.55946 0.329191
4.53762 0.700625
4.53594 0.751969
4.54271 0.590067
7.62688 1.77226
7.64061 1.74021
7.00202 2.72566
7.02917 2.69785
7.16172 -1.31093
7.11814 -1.36189
7.2848 -1.15542
7.24784 -1.20429
7.77201 -0.196065
5.88499 -2.25264
5.84428 -2.26284
4.53789 1.04042
4.53796 1.07218
4.90756 -1.31295
4.90917 -1.31762
6.7008 3.00141
6.60632 3.07201
6.54569 3.11413
6.54591 3.11397
4.66117 -0.379469
4.654 -0.342404
4.54685 0.524849
4.54398 0.561495
4.64005 2.08496
4.64812 2.12706
4.67321 2.2507
4.83522 2.778
4.82832 2.76171
6.86605 2.86129
7.65346 1.70813
7.67401 1.65593
7.626 -0.582647
7.61333 -0.610543
5.56549 -2.27281
5.53039 -2.26333
4.59855 1.82636
4.60497 1.87223
7.30655 -1.12617
7.87157 0.798776
7.87175 0.796367
4.57212 1.61268
4.56638 1.55139
4.54862 1.33506
4.54766 1.3196
4.58728 1.74388
5.29332 -2.1013
5.31066 -2.12
4.56104 0.311208
4.56541 0.263944
5.73618 -2.28153
5.64453 -2.28374
5.40132 3.38673
5.456 3.40303
5.04664 3.13577
5.01007 3.09057
7.86533 0.275869
7.85284 0.174464
5.05317 -1.69851
4.98963 -1.54154
5.07118 -1.73681
5.13834 -1.87235
4.61949 1.96831
4.63634 2.0634
7.52273 -0.78722
7.59962 -0.639102
7.55193 1.9357
7.61208 1.8067
4.68728 2.30997
4.67341 2.25159
4.79918 2.68629
4.79162 2.66498
7.10664 2.61129
7.12484 2.59031
7.85174 0.974664
7.85177 0.974453
6.88336 -1.60769
6.88939 -1.60209
7.38877 -1.00936
7.39448 -1.00066
7.45984 2.11024
7.44572 2.1347
7.29264 2.37303
7.36273 2.26931
7.7047 1.5719
7.75635 1.41289
7.80199 1.23819
7.77728 1.33842
7.87939 0.644543
7.87505 0.74218
7.82742 0.0270254
7.80333 -0.0793282
5.20296 3.28352
5.21517 3.29208
5.60347 3.42776
7.87783 0.438993
4.92399 -1.36016
4.95539 -1.45181
5.06268 -1.71912
4.70543 -0.586259
4.71599 -0.631369
5.35493 -2.1612
5.48399 -2.24656
5.18758 -1.95871
5.06523 -1.7244
4.61446 1.93609
7.48482 -0.853981
7.38599 -1.01351
7.37732 -1.02619
7.88061 0.521058
6.03654 -2.19819
5.98598 -2.21881
4.68119 -0.478113
5.2285 -2.01813
4.69087 2.32398
4.71755 2.42843
7.86555 0.856966
7.85178 0.974417
4.62272 -0.169388
4.8109 -0.996126
4.85629 -1.15258
4.72995 2.47322
4.76612 2.59269
7.18271 2.52049
7.07314 2.64981
7.85177 0.974439
7.80578 1.22188
7.25025 2.43256
7.53545 1.9681
7.46256 2.10545
7.37851 2.24468
7.75877 1.40453
7.69693 1.59402
4.55185 1.37975
5.52461 -2.26137
5.94341 -2.23393
4.80304 -0.968053
4.53485 0.816379
4.54184 1.20143
4.54422 1.25902
4.57517 0.170121
4.57066 0.210755
4.53586 0.754195
4.53803 0.688137
7.87148 0.800097
6.54447 3.11495
6.59764 3.07857
5.34286 -2.15148
5.32991 -2.1402
7.68806 1.61863
7.63933 -0.554006
4.97943 3.0469
4.60896 1.89858
5.25148 -2.05034
4.92074 2.9527
5.83445 -2.26571
4.60204 -0.0450693
7.33762 -1.08338
5.61973 3.42898
4.96548 3.02453
4.54635 1.29478
4.54465 1.26684
4.55925 1.47318
4.56665 0.249418
4.53544 0.785638
4.9167 2.9455
4.5359 0.943991
4.54166 1.19701
4.86193 -1.17083
4.58616 0.0757205
4.53806 0.687588
7.06534 2.65853
6.60178 3.07546
6.49362 3.14882
4.57902 1.67685
7.65045 -0.528821
