6.37344 2.72885
6.36318 2.73387
5.54024 2.78659
5.46723 2.74082
6.74164 2.46793
6.71286 2.49298
4.87422 0.780125
4.87324 0.808009
6.94894 -1.01617
6.88317 -1.09015
7.14637 1.98532
7.17722 1.93582
7.52369 0.167067
7.52886 0.197384
7.3506 1.59897
7.31639 1.67603
7.41772 1.42465
7.38756 1.50699
5.51686 -1.43573
5.48079 -1.39665
4.88348 1.14846
4.88558 1.1855
5.68822 -1.56039
5.63783 -1.53045
5.067 -0.544007
5.06907 -0.551441
5.11823 -0.703911
5.14701 -0.786943
5.26831 -1.07061
5.29442 -1.12039
5.18834 -0.892412
5.15926 -0.821004
5.36371 -1.24028
5.33139 -1.18943
4.9866 1.87111
4.99068 1.88754
4.94151 1.65059
4.95373 1.71515
4.90698 1.42324
4.90737 1.42619
4.89295 0.388915
4.89125 0.405397
4.87634 0.675589
4.87707 0.649777
4.87396 0.882871
4.87455 0.937721
5.31071 2.59382
5.34548 2.63418
5.20054 2.4346
5.16166 2.36482
5.11407 2.2605
5.14785 2.33561
6.05937 -1.60464
5.97785 -1.61466
6.25316 -1.5459
6.20531 -1.56275
5.8713 -1.613
5.95747 -1.6157
5.04487 2.0743
5.02761 2.01855
6.87473 -1.09872
6.80425 -1.16795
7.2641 1.78174
7.28675 1.73823
7.27793 -0.539998
7.26896 -0.556983
4.92177 0.130014
4.92249 0.125165
6.15885 2.81995
6.06847 2.84473
6.03461 2.85207
5.94883 2.86414
5.70063 2.84756
5.74196 2.85675
6.44965 -1.44534
6.42087 -1.46155
6.64852 -1.3057
6.63171 -1.31853
7.55442 0.408541
7.55384 0.400006
6.59267 2.58971
6.56822 2.60842
7.44558 1.34087
7.44671 1.3375
7.54196 0.889678
7.54044 0.902525
7.56011 0.583745
7.56052 0.599605
4.95994 -0.0951032
4.97375 -0.166178
7.06042 -0.878908
7.07885 -0.855384
7.19464 -0.685987
7.16538 -0.732039
7.47462 1.23838
7.46752 1.26392
7.51966 1.03423
7.51684 1.05111
6.9178 2.2904
6.85816 2.35435
7.08518 2.07814
7.08443 2.07924
6.93272 2.27298
6.98043 2.21541
6.45868 2.68009
6.47032 2.67347
7.44392 -0.151034
7.4341 -0.181977
7.41469 -0.235957
7.42403 -0.210246
7.37318 -0.341402
7.37801 -0.329918
7.38526 1.51309
7.41855 1.4223
4.878 1.06475
4.89309 1.28594
4.89987 0.312494
4.89752 0.336288
4.88872 0.436117
4.88579 0.474012
4.88036 0.561362
4.87818 0.609202
4.87511 0.714959
4.87618 1.01425
6.50602 2.65
6.53149 2.63321
7.50175 1.12495
7.50433 1.11389
7.55486 0.758922
7.55583 0.747486
5.02908 -0.40503
5.00573 -0.313721
7.22053 1.86214
7.23339 1.83943
6.31923 2.75634
6.3081 2.7614
7.35369 1.59157
7.42994 1.38839
7.41929 1.42019
4.87765 1.04002
7.48872 0.00387401
7.46903 -0.0703706
7.32267 -0.452535
7.32542 -0.447041
5.00319 -0.303292
4.99787 -0.280711
5.04561 -0.466594
7.28948 1.73267
7.29813 1.71501
6.41732 2.70469
4.89396 1.29638
4.8739 0.752748
7.5068 0.082493
7.49932 0.0455788
5.44183 2.72243
5.57563 2.80383
5.42127 -1.32581
5.41806 -1.32133
4.89475 1.30533
7.55853 0.666055
7.55807 0.696434
7.52823 0.986091
7.52591 1.00166
4.98065 -0.1997
4.99054 -0.246616
5.2265 -0.982514
5.21211 -0.948684
4.96271 1.76172
4.9851 1.86431
6.65462 2.54231
6.7874 2.42488
5.25121 2.51698
5.24997 2.51497
6.1556 -1.58108
6.08977 -1.59692
5.07682 2.16965
5.0746 2.1637
7.10341 -0.820562
7.13882 -0.77195
7.01374 -0.940058
6.87958 -1.09388
5.84491 2.86837
5.84719 2.86828
6.54849 -1.38073
6.53052 -1.39262
7.08222 2.08235
7.03349 2.14801
6.26522 2.78104
6.23507 2.79225
7.20911 -0.661915
7.25201 -0.587527
7.54304 0.293252
7.3136 1.68213
5.63991 2.83016
5.37762 2.66602
7.54558 0.314353
5.55231 -1.46745
5.41407 -1.31532
4.90538 1.40908
5.78423 -1.59692
5.77953 -1.59609
5.77486 -1.5944
5.59973 -1.50666
7.55635 0.74059
5.08549 -0.605954
5.09114 -0.62328
5.07674 -0.57833
5.0522 -0.490434
5.15206 -0.801263
5.31351 -1.15682
5.24414 -1.02241
4.92288 1.53779
4.92793 1.56918
5.01519 1.97747
4.91814 0.157139
4.90638 0.25122
5.2522 2.51845
5.1541 2.34956
5.07859 2.17399
5.96452 -1.61601
6.31043 -1.51902
6.35193 -1.50005
6.75511 -1.21485
7.01617 -0.937162
6.72593 -1.2402
7.29794 -0.502195
4.94626 -0.02167
4.94292 -0.00254974
4.94076 0.0107107
6.05343 2.84878
5.84346 2.86828
7.55768 0.471418
6.55022 2.62042
6.61555 2.57263
7.01879 -0.933936
7.49167 1.16749
7.4987 1.14016
7.55906 0.502632
7.48691 1.18837
7.44797 1.33362
7.51014 1.08234
7.52973 0.977674
6.82934 2.3843
6.63403 2.55831
6.92549 2.2816
7.13184 2.00819
7.01288 2.17435
7.40168 -0.26995
7.39432 -0.289046
7.35229 -0.390294
4.90451 0.266741
4.89401 0.374141
4.88399 0.498421
4.88132 0.542014
4.87753 0.624762
6.48244 2.66623
7.5487 0.825451
7.53407 0.948398
5.77776 -1.59554
4.90554 0.258408
7.45517 -0.115964
7.34533 -0.405395
7.28829 1.73506
7.25206 1.80482
7.19706 1.90235
7.54473 0.867542
7.35113 -0.392915
4.88295 0.519379
