4.71073 -1.17474
4.72617 -1.23135
5.41896 -2.57816
5.37348 -2.56316
5.00387 -2.08057
4.99625 -2.06214
5.09109 -2.25984
5.10253 -2.2826
5.03061 3.44831
5.11404 3.5139
5.23878 -2.47078
5.22109 -2.44971
4.63066 -0.864046
4.65675 -0.970634
4.57048 -0.603353
4.53879 -0.448751
6.28068 3.4566
6.1808 3.50482
4.57161 2.49962
4.59264 2.58661
7.29651 2.58508
7.33826 2.5292
7.42237 -1.18323
7.46182 -1.12732
7.26977 -1.38401
7.31549 -1.32736
6.61492 -2.02976
6.63265 -2.01617
6.96149 -1.71992
7.01953 -1.66321
5.60451 -2.58741
5.64579 -2.58092
4.81286 -1.53434
4.79414 -1.47115
7.83435 -0.404609
7.83228 -0.41044
4.82827 3.20049
4.81516 3.17773
4.89043 3.29304
4.91614 3.3273
4.97992 3.40035
5.01561 3.435
5.24163 3.58296
5.30862 3.60864
6.02887 -2.42995
6.03876 -2.42439
5.8259 -2.52546
5.74119 -2.5565
4.86888 -1.71432
4.86792 -1.71166
6.80189 3.102
6.77957 3.12117
6.55129 3.29282
6.58761 3.26777
5.68092 3.64643
5.72236 3.64171
4.58189 -0.6562
4.59914 -0.730738
4.51475 2.21447
4.50637 2.16828
4.47883 1.99125
4.47988 1.99825
7.73787 -0.639323
7.74508 -0.623079
7.61878 -0.873032
7.63103 -0.851184
5.95336 3.59136
5.97797 3.58265
6.40441 3.38767
6.29635 3.44852
7.07706 2.843
7.1164 2.80036
6.95214 2.96682
6.99767 2.92371
7.52295 -1.03318
7.47979 -1.1007
6.79525 -1.87624
6.82808 -1.84784
8.00283 0.576756
8.00271 0.517946
6.38648 -2.20291
6.41049 -2.18681
6.28372 -2.2746
6.26104 -2.28836
4.7601 -1.35574
4.76445 -1.37159
4.93304 -1.9006
4.9513 -1.94801
4.79242 3.13638
4.77894 3.10909
5.4781 3.6453
5.50324 3.64737
5.69079 -2.57082
5.69088 -2.57079
4.68176 2.88047
4.66974 2.84744
7.71053 1.8848
7.69385 1.92235
7.99463 0.775835
7.99621 0.756016
5.46076 -2.58758
5.32657 -2.53914
5.3729 -2.56297
5.29777 -2.52104
5.49856 -2.5913
5.46428 -2.58801
5.00721 -2.08756
5.03531 -2.15024
6.09241 -2.39437
6.08914 -2.39616
5.27331 -2.49888
5.18634 -2.4116
5.14438 -2.35161
4.40512 0.895479
4.40524 0.850079
4.40602 1.02196
4.4055 0.977078
4.42007 1.39386
4.41789 1.35832
4.42853 1.51411
4.42653 1.48662
4.50447 -0.267499
4.52738 -0.390158
4.42604 0.364839
4.42867 0.33132
4.4168 0.501029
4.41913 0.461777
4.47927 -0.109652
4.48097 -0.121027
4.44469 0.162614
4.44951 0.118387
5.91421 3.60241
5.83796 3.6213
6.14688 3.51867
6.29312 3.45038
4.56255 2.46094
4.547 2.38663
4.63233 2.73319
4.63124 2.72921
7.19328 2.71319
7.2059 2.69841
7.97608 0.950941
7.96567 1.02403
7.9334 1.20164
7.91121 1.30062
7.35922 -1.26988
7.31611 -1.32659
6.70699 -1.95338
6.53356 -2.09474
7.04082 -1.64101
6.92425 -1.75737
7.5005 2.28689
7.4718 2.3335
7.57946 2.14925
7.55456 2.1942
7.4165 2.41774
7.45618 2.35813
7.86313 1.47586
7.8808 1.41602
7.80754 1.64337
7.82328 1.59904
5.55189 -2.59278
5.55501 -2.59251
7.91806 -0.129974
7.92302 -0.110694
7.87394 -0.286221
7.87891 -0.27
7.86941 -0.300887
4.8599 3.24721
4.93862 3.35502
6.88191 3.032
6.8531 3.05779
6.77291 3.1267
6.72557 3.16495
6.66882 3.20796
6.6425 3.22788
6.51485 3.31822
4.46279 1.87022
4.46297 1.87168
4.5268 2.28501
4.49085 2.07484
5.81505 3.62539
5.77982 3.63272
6.06754 3.55175
6.42802 3.37271
6.41557 3.38064
7.02015 2.90101
6.91705 3.00074
6.51887 -2.10535
6.88019 -1.79844
6.7308 -1.93379
7.11379 -1.56493
8.00085 0.666885
8.00014 0.682102
6.33298 -2.2404
4.75674 3.0657
4.67194 -1.02938
4.67366 -1.03591
4.44767 1.73267
4.44865 1.74324
4.43502 1.5933
4.43675 1.61493
4.40879 0.678259
4.40738 0.722571
4.41408 0.55124
4.41212 0.592193
7.77262 1.73727
7.73698 1.82472
7.68251 1.94647
7.64707 2.02032
4.71319 2.96574
4.71854 2.97899
7.17079 -1.50057
7.2076 -1.45828
4.62121 -0.824124
4.41026 1.18866
4.41173 1.23107
4.40674 1.05961
4.4077 1.10408
6.18644 -2.33773
4.83515 3.21109
4.49831 -0.232427
4.49941 -0.239199
7.11838 -1.5598
7.162 -1.51069
7.1158 -1.56269
4.95616 -1.96165
4.97749 -2.01582
8.00099 0.663021
5.96717 -2.46237
5.93795 -2.47653
7.9992 0.409219
7.99162 0.299807
7.97213 0.138778
7.95725 0.0476495
4.48873 2.06188
4.95455 3.37242
7.98894 0.84416
7.99173 0.812444
4.73531 -1.26532
4.69397 -1.1122
4.84007 -1.62305
4.83086 -1.59218
4.97966 -2.02189
5.00516 -2.0833
5.13257 -2.33395
5.06756 -2.21672
5.12269 3.51955
5.91591 -2.48617
5.84999 -2.51658
7.98308 0.223322
7.97708 0.171254
4.41552 1.29457
4.41617 1.33355
4.40532 0.958863
4.40514 0.913579
4.40714 0.786576
4.40518 0.831946
4.42407 1.45412
4.42197 1.42247
4.42103 0.433173
4.42354 0.396554
5.55471 3.6506
5.60628 3.65039
4.48696 2.05092
4.46022 0.0275628
4.46401 -0.00201727
7.68186 -0.755471
7.68806 -0.743316
4.56857 2.4874
4.609 2.64781
4.64718 2.78104
4.63751 2.75069
7.15501 2.75788
7.16929 2.74154
7.95681 1.07834
7.94184 1.16019
7.27048 2.61834
7.36051 2.49874
7.47383 -1.1096
7.40096 -1.21326
7.316 -1.32672
7.26062 -1.39549
7.5405 2.21877
7.50691 2.27624
7.83657 1.5595
7.85313 1.5086
5.64854 -2.58012
5.60055 -2.58833
4.78615 -1.44527
4.86599 -1.70597
5.21164 3.5698
5.16969 3.54808
5.40288 3.63405
6.07647 -2.40326
5.98836 -2.45119
5.73094 -2.55911
7.98959 0.279661
7.93771 -0.0488534
7.94446 -0.016841
7.93278 -0.0716053
4.89917 -1.80316
4.91785 -1.85621
4.47116 1.93462
7.69349 -0.732441
7.78771 -0.524404
7.57095 -0.955464
7.37008 -1.2559
7.55064 -0.989311
8.00119 0.656761
8.00238 0.485715
4.75874 -1.35067
5.4052 3.63457
5.69078 -2.57082
4.65772 -0.974593
4.66067 -0.986474
4.44095 1.66274
4.44236 1.67908
4.41116 0.61459
4.40948 0.657386
4.65407 2.80078
4.69084 2.9065
4.40826 1.124
4.40951 1.16757
4.50101 -0.24851
4.6864 -1.084
5.50908 -2.59237
5.04618 -2.1715
5.14134 -2.34763
5.19847 -2.4252
4.40615 1.04058
4.4314 1.55077
4.4316 0.296165
4.41509 0.526993
4.49121 -0.18787
4.43674 0.239767
4.61856 2.68466
4.54079 2.35552
7.2312 2.66744
7.14714 2.76684
7.9836 0.891584
7.90619 1.32118
7.40152 2.43984
7.22163 -1.44157
7.61735 2.0783
7.59968 2.11204
7.45927 2.35335
7.88726 1.39245
7.7914 1.68746
5.55814 -2.59203
7.90795 -0.168944
6.72169 3.16814
4.4556 1.81154
4.46441 1.88316
6.08692 -2.39733
4.65731 -0.972893
4.45472 1.80281
4.4067 0.742091
4.71168 2.96155
4.64972 2.78835
4.53259 2.31436
7.77654 1.72742
7.72796 1.84565
7.63646 2.04146
4.7397 3.02754
4.41242 1.25341
5.65739 3.64788
5.40453 3.63445
8.00062 0.433548
5.77007 3.63422
6.69664 3.18711
5.51917 -2.59247
6.82392 3.08356
4.92599 -1.88001
7.81488 -0.455379
7.7911 -0.516191
6.61861 3.24586
4.45519 1.80737
7.90277 -0.187812
