6.37581 2.69691
6.34962 2.70974
5.54268 2.74661
5.50032 2.72005
5.01153 -0.240668
5.00301 -0.204037
5.00814 1.8572
4.99431 1.79942
6.74415 2.43398
6.6919 2.47945
4.89395 0.779804
4.89339 0.795634
6.06347 -1.56853
6.07691 -1.56549
6.9297 -1.00444
6.89414 -1.04443
7.05024 2.08885
7.06602 2.06736
7.11619 1.99458
7.1598 1.92459
7.17979 -0.670838
7.17732 -0.674914
7.50678 0.182892
7.50857 0.193335
5.51598 -1.38553
5.51162 -1.3808
4.9049 1.16176
4.90558 1.17386
5.69454 -1.51998
5.68929 -1.51686
7.53575 0.744071
7.5367 0.732477
5.16326 -0.762002
5.13912 -0.692373
5.2925 -1.05725
5.33492 -1.13813
5.21066 -0.880084
5.18186 -0.809357
5.39035 -1.22557
5.34251 -1.1503
4.96209 1.63729
4.97961 1.72993
4.92788 1.40974
4.9319 1.44019
4.91324 0.388585
4.91287 0.392117
4.89696 0.662921
4.89735 0.649447
4.89435 0.894687
4.89467 0.925361
5.33813 2.57661
5.34873 2.58892
5.22574 2.41878
5.19297 2.35997
5.13741 2.24586
5.16569 2.30874
6.25713 -1.51093
6.17888 -1.53849
5.87567 -1.57448
5.91386 -1.57568
5.0665 2.06032
5.05879 2.03538
6.81105 -1.12892
6.78392 -1.15556
7.24973 1.76496
7.25926 1.74666
7.26224 -0.52481
7.24794 -0.551875
7.35724 -0.326266
7.35542 -0.330664
4.94191 0.141458
4.94652 0.110327
6.09456 2.80625
6.16079 2.78809
5.95087 2.83071
6.02284 2.82059
5.73683 2.81989
5.7441 2.82151
6.45359 -1.41059
6.39312 -1.44463
6.65256 -1.27015
6.60806 -1.30412
6.57101 2.57574
6.57062 2.57604
7.41909 1.3553
7.42533 1.33671
7.4822 1.12423
7.4818 1.12616
7.5349 0.415826
7.53418 0.404796
7.53956 0.567618
7.54036 0.598862
4.97944 -0.0843355
4.9986 -0.182949
7.05152 -0.855804
7.06057 -0.844243
7.45889 1.22002
7.44298 1.27729
7.50033 1.03352
7.49965 1.03762
6.8392 2.34211
6.86292 2.31668
6.9316 2.24055
6.96219 2.20364
6.43091 2.66539
6.45733 2.65036
7.42176 -0.155455
7.4181 -0.166996
7.39879 -0.221076
7.40106 -0.214829
7.37053 1.49591
7.39279 1.43462
4.8978 1.05322
4.9117 1.25558
4.90831 0.447472
4.90728 0.460814
4.90033 0.572934
4.89926 0.596253
4.89535 0.71463
4.89682 1.02621
7.52283 0.888702
7.52274 0.889434
5.04914 -0.393955
5.0334 -0.332392
7.20322 1.85096
7.22409 1.81408
6.32162 2.72405
6.29414 2.73656
4.89761 1.04
5.09108 -0.544847
5.09337 -0.552321
7.46163 -0.0206093
7.45253 -0.0549277
7.29506 -0.460664
7.30442 -0.441936
7.3973 1.42151
4.9148 1.29336
5.02356 -0.292043
5.01305 -0.247431
5.07374 -0.485578
4.91923 0.323706
4.91926 0.323331
7.27464 1.71534
7.29587 1.67197
6.40417 2.68129
4.89376 0.764262
7.48591 0.0783239
7.48247 0.0613541
7.36253 1.5161
5.44444 2.6796
5.61258 2.78065
7.53881 0.650583
7.53812 0.695698
7.50786 0.98534
7.50185 1.02561
4.99986 -0.189094
5.24884 -0.970182
5.24981 -0.972133
5.44747 -1.30521
5.42418 -1.27597
4.98319 1.74849
5.0146 1.88115
6.6571 2.50894
6.76749 2.41203
5.27846 2.49988
5.31936 2.55243
6.15963 -1.54558
6.05925 -1.56891
5.78424 -1.5557
5.8332 -1.56664
5.10006 2.15463
5.0798 2.1003
7.09417 -0.796598
7.12034 -0.760683
6.96472 -0.963302
6.85878 -1.08121
7.32549 -0.397874
7.33494 -0.377309
4.92584 0.262416
4.92697 0.252915
5.84706 2.83307
5.76281 2.82364
6.55248 -1.34565
6.50501 -1.37707
7.10919 2.00519
7.01513 2.13616
6.26762 2.7487
6.20017 2.77378
7.17542 -0.677888
7.23649 -0.572507
7.52245 0.287196
7.29905 1.66514
7.33217 1.59078
5.64219 2.79278
5.40758 2.64721
5.5874 -1.44941
5.50315 -1.37072
5.70477 -1.52399
5.60625 -1.465
7.53469 0.762155
5.10666 -0.594265
5.12318 -0.644899
5.08116 -0.512442
5.07531 -0.491271
5.17379 -0.789267
5.33804 -1.14328
5.24787 -0.968166
4.94361 1.5244
4.95312 1.58356
5.037 1.96338
4.91545 1.29955
5.25585 2.46773
5.17859 2.3342
5.11628 2.19435
5.96882 -1.57809
6.28657 -1.49711
6.35586 -1.46544
6.76501 -1.17361
6.99662 -0.925247
6.70386 -1.22675
7.27692 -0.497085
7.37836 -0.274407
7.52523 0.306916
4.97086 -0.0382719
4.96464 -0.0026847
4.96062 0.0219962
6.05543 2.81584
5.88933 2.83322
7.52555 0.309753
6.52676 2.60528
6.57138 2.57547
7.03105 -0.882847
7.47136 1.16675
7.48283 1.12163
7.53871 0.501882
7.46354 1.2011
7.43231 1.31534
7.4902 1.08161
7.51175 0.963566
6.8319 2.3497
6.61192 2.54404
6.90646 2.26932
7.11461 1.99707
6.97652 2.1855
7.37972 -0.270928
4.91861 0.32993
4.91347 0.385418
4.90367 0.509827
4.90249 0.52901
4.89759 0.636389
6.48483 2.6339
7.53018 0.810921
7.52294 0.887616
7.42596 -0.142373
7.26793 1.72883
7.22454 1.81326
7.33609 1.58204
7.18786 1.87726
6.48272 2.63519
4.90321 0.51905
