7.05856 -0.6103
7.07872 -0.57945
7.41479 0.636834
7.41631 0.59429
5.04977 1.28802
5.05436 1.32802
6.28195 -1.2924
6.23327 -1.30799
6.64698 -1.07209
6.70228 -1.02628
7.15542 1.66659
7.17196 1.63407
5.71836 -1.26231
5.72795 -1.26762
7.21715 -0.322096
7.18897 -0.38124
7.37374 0.154659
7.34871 0.0451339
5.06437 0.211043
5.05212 0.306162
6.02233 2.6157
5.96402 2.62074
6.3907 2.49579
6.37489 2.50369
6.17533 2.58565
6.09707 2.60398
6.96444 -0.743548
6.94455 -0.768944
7.24354 1.47398
7.23219 1.50126
5.03341 1.10439
5.02762 1.01929
5.27119 -0.619448
5.2709 -0.618642
5.18908 -0.377127
5.20394 -0.424511
5.44523 -0.972914
5.44553 -0.973336
5.35114 -0.802512
5.35715 -0.815181
5.56462 -1.12934
5.53523 -1.09704
5.09047 1.55434
5.08583 1.52806
5.14113 1.77127
5.15908 1.83238
5.52023 2.46235
5.55875 2.49403
6.08916 -1.34227
6.03777 -1.34528
5.90275 -1.33603
5.96618 -1.34328
5.20468 1.97104
5.19473 1.94438
5.28382 2.1519
5.28795 2.15912
5.38636 2.31765
5.37017 2.2957
6.76811 -0.96378
6.80449 -0.928125
7.07778 1.8072
7.05209 1.84902
7.31274 -0.0786285
7.27814 -0.177052
5.11111 -0.0645063
5.11156 -0.0668304
5.02267 0.846412
5.0237 0.90723
5.02552 0.648877
5.02374 0.711773
5.02918 0.568644
5.03701 0.455681
5.71309 2.57825
5.75797 2.59413
7.39639 0.289936
7.40798 0.393493
6.47818 -1.19405
6.45198 -1.20898
5.17439 -0.324794
5.16681 -0.296482
7.32771 1.228
7.33382 1.20678
7.37537 1.02892
7.37379 1.03774
7.39087 0.932569
7.38852 0.950438
6.69715 2.27603
6.67931 2.29262
6.58592 2.3695
6.52495 2.41289
6.97333 1.96434
6.95206 1.99382
7.39798 0.884371
7.39609 0.900152
5.21353 -0.453969
5.20753 -0.435662
5.12876 -0.144841
5.12533 -0.130149
5.02484 0.96913
5.02498 0.975501
5.02258 0.837756
6.75006 2.2265
6.76024 2.21676
7.35577 1.11957
7.35971 1.10424
6.89754 2.06523
6.84365 2.12715
7.30769 1.29618
7.28519 1.36325
5.14817 -0.223236
5.1556 -0.252593
6.81563 2.1579
6.78482 2.19083
6.33651 2.52301
6.31953 2.53072
7.40736 0.798115
7.40975 0.771173
5.0257 0.644388
5.02836 0.581359
5.14027 -0.191641
7.13367 1.70816
7.11295 1.74683
5.09211 0.0379362
5.08801 0.0597813
5.02267 0.77695
6.28251 2.54762
6.2383 2.56347
7.01371 -0.676208
7.10394 -0.5382
7.4153 0.553679
7.41379 0.691116
7.38309 0.980741
7.37633 1.02442
5.39691 -0.888419
5.44505 -0.972651
5.1134 1.66436
5.10618 1.63208
6.67267 2.29868
6.6071 2.35244
5.44822 2.39336
5.46321 2.40986
6.18483 -1.32371
6.34061 -1.2663
5.24262 2.06253
5.21268 1.99056
6.58043 -1.12514
6.72863 -1.00187
7.18823 1.60058
7.143 1.69062
5.81091 -1.30904
5.63677 -1.20126
7.23563 -0.281157
7.15476 -0.448127
7.37571 0.164252
7.34713 0.0391609
5.02361 0.715311
5.07118 0.16387
5.0491 0.332454
5.83848 2.6123
5.8603 2.61591
6.9014 2.06044
6.9002 2.062
5.90594 2.61809
6.06914 2.61049
6.9195 -0.799244
7.13875 -0.477869
7.20775 1.55854
7.26597 1.41667
5.65675 2.55404
5.60413 2.52388
7.41293 0.71893
5.27159 -0.62052
5.23678 -0.522412
5.3112 -0.713388
5.34584 -0.790822
5.50189 -1.0528
5.62733 -1.19358
5.07118 1.44198
5.11657 1.67686
5.17211 1.87609
5.06268 1.3836
5.41924 2.35793
5.9951 -1.34673
6.11274 -1.33758
6.38048 -1.24861
5.84647 -1.32041
5.28038 2.1453
5.33253 2.23643
6.87519 -0.851232
6.83033 -0.901586
6.56017 -1.13917
7.03816 1.87041
7.10759 1.75642
7.14579 -0.465207
7.25177 -0.243632
7.31604 -0.0684937
7.26965 -0.198978
7.39326 0.268072
5.11341 -0.0763405
5.09962 -0.00352349
5.0256 0.646577
5.03786 0.44548
5.02839 0.580872
5.04341 0.385547
5.08275 0.0913939
7.41063 0.424175
7.34479 1.16208
7.35318 1.13124
7.41478 0.497315
7.33518 1.20194
7.31139 1.28398
7.36491 1.07699
6.74291 2.23336
6.49988 2.43072
7.00199 1.9244
7.27733 1.38709
7.40313 0.839502
7.39919 0.875255
5.22803 -0.496801
5.04136 1.21158
6.46405 2.45245
6.42877 2.47404
5.03446 1.12026
5.12317 -0.120741
6.48139 2.44214
