6.40992 2.23622
6.37568 2.25409
5.78398 2.30569
5.77977 2.30407
7.15813 1.24103
7.15951 1.23674
5.19453 0.992706
5.19973 1.06895
5.44484 -0.523555
5.42014 -0.46746
5.53881 -0.698881
5.56026 -0.733474
5.47552 2.02805
5.45492 1.99344
5.9253 -1.03833
5.85464 -1.00834
6.11524 -1.06133
6.15355 -1.05637
7.11683 -0.136293
7.14853 -0.0515711
5.19562 0.545801
5.2007 0.475452
7.25173 0.43396
7.24202 0.344644
6.73988 1.97079
6.74507 1.96541
5.98398 2.35121
6.05064 2.34893
6.14617 2.3368
6.1945 2.32685
6.77344 -0.686933
6.81294 -0.641522
6.53157 -0.900403
6.46389 -0.942362
6.66083 -0.798897
6.65312 -0.806176
6.9864 -0.398514
6.95097 -0.455766
7.22857 0.951568
7.2246 0.9749
7.25198 0.759756
7.25719 0.692317
5.38356 -0.379788
5.36306 -0.320501
5.25384 1.4488
5.2342 1.35026
5.30868 1.66302
5.30606 1.65378
5.21505 1.22419
5.22503 1.29483
5.38246 1.85618
5.40263 1.90014
5.59955 2.1799
5.58506 2.1662
6.81256 1.88417
6.83404 1.85773
7.04354 1.52423
7.03824 1.53466
6.88507 1.79075
6.93604 1.71354
5.656 -0.856845
5.68633 -0.885874
5.74073 -0.937295
5.82663 -0.995394
6.30973 -1.01831
6.2333 -1.04115
7.06374 -0.258423
7.06324 -0.259507
7.19494 0.102032
7.21302 0.17651
5.30295 -0.125565
5.30445 -0.131262
5.24287 0.144009
5.25702 0.0728623
5.18838 0.809352
5.18866 0.838177
5.21944 0.299153
5.23453 0.19353
7.25833 0.654934
7.25909 0.588495
7.12473 1.33527
7.13118 1.31717
7.20159 1.08383
7.18284 1.15611
7.21521 1.02541
7.20497 1.0711
7.22254 0.98732
7.23911 0.878516
5.28862 -0.0679306
6.58149 2.11772
6.60599 2.09836
6.75117 1.95841
6.74707 1.96319
6.6577 2.05111
6.62077 2.08497
5.3846 -0.382766
5.38611 -0.386926
6.84509 1.84345
6.87506 1.80487
5.31991 -0.185279
5.32262 -0.194607
6.35566 2.26439
6.32019 2.28088
7.24486 0.837728
5.27996 -0.0316509
5.27374 -0.0046054
5.18855 0.736922
5.18876 0.70787
6.51946 2.16625
6.49649 2.18151
5.73293 2.27756
5.88096 2.33707
6.86315 -0.579961
6.8852 -0.551784
6.64955 -0.809382
6.56209 -0.877739
5.20281 1.10948
5.19125 0.933733
5.4719 -0.581363
5.40404 -0.430049
5.59415 -0.779501
5.51212 -0.653201
5.27943 1.55709
5.26551 1.49939
5.42596 1.94407
5.49218 2.05341
5.67745 2.24557
5.66393 2.23422
6.99158 1.62098
6.9632 1.66958
5.83226 -0.998853
5.95201 -1.04478
6.21195 -1.04755
6.09327 -1.06062
7.10824 -0.157814
7.16043 -0.0157932
5.2643 0.0373666
5.19178 0.611478
5.2056 0.421383
7.23589 0.301319
7.25456 0.469425
5.93044 2.34496
6.08861 2.3475
6.21411 2.32019
6.30163 2.28944
6.41773 -0.969479
6.34638 -1.00208
5.6805 2.24785
6.7355 -0.726241
6.90483 -0.524691
7.01191 -0.355068
7.09052 1.42168
7.09522 1.41038
5.18922 0.874091
5.21294 1.20688
5.35533 -0.297762
5.3842 -0.381663
5.48994 -0.614692
5.65087 -0.85154
5.34482 1.7645
5.31417 1.6801
5.23193 1.33812
5.53354 2.10656
5.36645 1.81775
7.06041 1.48833
6.87708 1.8021
5.73284 -0.930327
6.01969 -1.05831
7.06311 -0.259772
7.18366 0.0596803
7.2213 0.217456
5.33524 -0.23534
5.23683 0.178942
5.18832 0.773032
5.21479 0.336235
5.18962 0.672486
7.25898 0.575165
6.54101 2.1497
6.56059 2.13468
7.25744 0.685354
7.09984 1.39923
7.1566 1.24613
7.17232 1.19299
5.3092 -0.149642
5.30528 -0.134813
7.24702 0.817825
6.44696 2.21292
6.4815 2.19132
