5.44917 -2.42329
5.47012 -2.43062
4.96239 3.22526
5.0001 3.27095
5.36951 3.51365
5.30442 3.4921
5.37454 -2.38649
5.3252 -2.35313
6.60926 3.17129
6.64759 3.14283
4.66368 -0.739015
4.68581 -0.82921
5.82939 3.53293
5.94263 3.50575
6.1708 3.42503
6.19132 3.41512
4.69964 2.69123
4.71133 2.72693
7.01104 2.8243
7.0557 2.77824
7.17163 2.64759
7.14371 2.68076
7.88768 1.15642
7.90514 1.06207
7.38447 -1.13858
7.40326 -1.11195
6.52811 -2.01253
6.61539 -1.9456
7.46424 2.23809
7.49227 2.19121
7.80529 1.4813
7.78098 1.55719
7.94624 0.637997
7.94784 0.587618
7.78742 -0.368435
7.76953 -0.41754
4.88807 3.11872
4.87767 3.10067
5.15725 3.41144
5.10906 3.37577
5.42431 3.52977
5.49745 3.5435
5.63384 -2.44827
5.63365 -2.44829
7.90882 0.0929941
7.90415 0.0661363
7.94035 0.347804
7.93935 0.334495
4.88088 -1.51091
4.87466 -1.49308
4.96022 -1.73867
4.93765 -1.67582
4.50175 1.65924
4.50387 1.67937
4.48085 1.42274
4.4807 1.42116
4.63726 -0.62485
5.00337 -1.84566
4.97879 -1.78484
4.57547 2.18528
4.56567 2.13132
4.53785 1.95447
4.54452 1.99891
7.546 -0.887552
7.59211 -0.805326
5.82418 3.53374
5.74494 3.54392
6.39476 3.31067
6.46545 3.26693
6.81698 3.00769
6.89596 2.93681
7.48519 -0.988697
7.50133 -0.962766
6.71781 -1.86087
6.75899 -1.82525
6.81759 -1.77385
6.81138 -1.77953
7.04727 -1.54764
7.00281 -1.59485
6.29052 -2.17917
6.41243 -2.09742
6.28145 -2.18497
6.19686 -2.2363
5.98231 -2.34911
5.94307 -2.36658
5.74356 -2.43171
5.82693 -2.41003
5.54153 -2.44541
5.52765 -2.44249
4.52477 -0.0120847
4.51944 0.029365
7.67365 1.83519
7.67147 1.84011
7.93735 0.811837
7.93921 0.788539
4.7666 -1.13531
4.7599 -1.11189
4.81916 -1.31405
4.80436 -1.26372
7.8241 -0.258476
7.8113 -0.298717
5.22175 -2.24676
5.22757 -2.2551
5.13195 -2.1136
5.13997 -2.12723
6.17801 -2.24815
6.08813 -2.29724
4.46305 0.861763
4.46308 0.850011
4.46377 0.988345
4.46364 0.97701
4.47659 1.36097
4.47644 1.35859
4.60262 -0.464313
4.47692 0.464108
4.47711 0.460833
6.02481 3.47986
5.82695 3.53341
6.1181 3.44656
6.28324 3.37151
4.65878 2.55386
4.65666 2.5467
4.73158 2.78602
4.7309 2.78422
7.09474 2.73591
7.11478 2.71377
7.27471 2.51902
7.26943 2.52589
7.18352 -1.39668
7.16572 -1.41795
6.62536 -1.93718
6.51586 -2.02232
6.97012 -1.62698
6.90757 -1.68914
7.54348 2.10084
7.57139 2.04854
7.38076 2.36965
7.39053 2.35498
7.85175 1.31465
7.83683 1.37253
7.74767 -0.47553
7.7459 -0.479747
7.72171 -0.537571
6.8118 3.0121
6.76132 3.05425
6.54393 3.21636
6.5574 3.20758
4.5139 1.7738
4.5077 1.71836
4.49757 1.61521
4.49062 1.54055
4.4861 1.48689
4.69608 -0.870076
4.56381 2.12014
4.58734 2.24727
5.62829 3.55233
5.66063 3.55068
6.05728 3.46991
6.33492 3.3431
6.50536 3.24249
6.95303 2.88197
6.42631 -2.08698
6.80642 -1.7838
6.71384 -1.86442
7.09687 -1.49572
6.28572 -2.18235
6.05301 -2.31573
6.03772 -2.32304
5.89121 -2.38716
5.93685 -2.36933
4.72743 -0.990213
4.73895 -1.03374
4.48218 0.386271
4.48682 0.330373
4.50246 0.17066
4.50757 0.12399
4.53614 -0.0897926
4.4655 0.711136
4.46517 0.721631
4.47042 0.5839
4.47007 0.591249
4.8012 2.95479
4.80464 2.96293
4.73187 2.78673
4.75462 2.84503
4.60605 2.33367
4.6143 2.3717
7.33205 -1.2111
7.32159 -1.22493
7.93138 0.869994
7.92713 0.911846
4.46977 1.22315
4.47004 1.231
4.46578 1.09384
4.466 1.10401
6.18852 -2.24182
7.84666 -0.181173
5.09394 -2.04189
5.06992 -1.9955
4.71296 -0.935602
4.72232 -0.970734
6.71238 3.0938
6.70432 3.09982
4.593 -0.418063
4.58551 -0.379357
4.54534 -0.147481
4.55511 -0.207668
7.62581 1.93888
7.583 2.02634
4.59041 2.26147
4.60127 2.31241
4.5886 2.25311
7.71622 1.73291
7.74879 1.64889
7.85695 -0.144924
7.86271 -0.122725
7.67554 -0.641024
7.67018 -0.652827
4.90983 3.15228
4.9233 3.17235
4.53239 1.91343
4.52657 1.87164
7.34963 -1.18744
7.9415 0.754825
7.94292 0.736025
5.2843 -2.3162
5.32281 -2.3509
5.26307 -2.29753
4.49278 1.56341
4.49162 1.55105
4.59586 -0.432186
4.55435 2.06256
4.85047 3.05143
4.83423 3.02279
4.49202 0.271198
4.49258 0.265129
4.79264 -1.22485
4.76891 -1.14322
5.49483 -2.43691
5.42211 -2.41159
5.14505 -2.13482
5.18101 -2.19177
4.96062 3.22312
5.01009 3.28187
5.26995 3.47667
5.40118 3.52456
5.84366 -2.40391
5.88638 -2.38931
7.92754 0.217627
7.92559 0.201754
4.47231 1.2945
4.47241 1.30081
4.46314 0.925213
4.46309 0.913511
4.46342 0.78651
4.46291 0.798347
4.92721 -1.64516
4.90575 -1.58466
5.02585 -1.90126
5.03681 -1.92454
4.48141 0.396088
4.48144 0.395612
4.54652 2.01379
7.61109 -0.769591
7.64837 -0.696541
4.65313 2.5336
4.63186 2.44795
4.71508 2.73871
4.69247 2.6678
7.13344 2.69251
7.20151 2.61206
7.87871 1.19987
7.91004 1.03208
7.4354 -1.0643
7.23182 -1.3391
7.22258 -1.35067
7.50441 2.1702
7.44282 2.27316
7.3374 2.43325
7.34534 2.4219
7.77832 1.56498
7.81005 1.46599
7.94757 0.499601
7.94456 0.698493
5.55021 -2.44677
5.58776 -2.44882
4.84589 -1.40311
4.86157 -1.45391
7.88536 -0.0272103
7.87687 -0.0646547
5.06776 3.33945
5.20711 3.44409
5.55143 3.54796
5.6336 -2.44829
5.7262 -2.43614
7.94709 0.464974
4.97113 -1.76618
5.05159 -1.95545
4.53525 1.93527
7.6808 -0.629726
7.53273 -0.910427
7.47809 -0.999976
7.94757 0.478976
4.8404 -1.38448
5.93752 -2.369
5.9873 -2.34715
4.46767 0.647348
4.46731 0.656445
4.76508 2.86986
4.77895 2.904
4.46753 1.15835
4.46779 1.16751
4.56929 -0.290419
4.74189 -1.04483
5.2344 -2.26369
5.10351 -2.06168
4.46414 1.04051
4.47903 1.39785
4.47282 0.526054
4.62238 2.40629
4.68477 2.64339
7.20961 2.60201
7.08338 2.74875
7.92487 0.928493
7.86122 1.2767
7.33499 2.43664
7.13349 -1.45452
7.27782 -1.28207
7.58125 2.02972
7.53896 2.10912
7.423 2.30455
7.82973 1.39786
7.74974 1.64625
4.51427 1.77712
4.50609 1.70319
4.82768 3.01109
4.81258 2.9806
5.59588 3.55228
6.02613 -2.32812
4.49316 0.258358
4.51512 0.0616747
4.4633 0.774904
7.6309 1.92827
7.11305 -1.47773
7.93635 0.824434
4.47181 1.28784
5.38903 -2.3968
5.40299 -2.40392
6.5892 3.18536
7.71614 1.73311
4.52321 1.84534
4.51836 1.8077
4.93128 3.1831
5.32445 -2.35243
4.48099 1.42458
7.71523 1.73532
7.67575 1.83048
7.27807 -1.28177
6.65456 3.13759
5.70964 3.54806
7.86823 -0.100623
