7.59661 0.0451658
7.60704 0.0890323
7.56698 1.2561
7.56151 1.27772
5.33001 -1.46278
5.3359 -1.47112
4.79183 1.30265
4.79646 1.36006
5.018 -0.759256
4.99467 -0.684122
4.88608 -0.252137
4.88202 -0.231418
5.448 -1.60837
5.42545 -1.58563
5.08304 -0.950555
5.10209 -1.00078
6.6149 2.72026
6.58865 2.73991
6.90513 2.46151
6.94938 2.41321
4.79932 0.319248
4.80523 0.260041
4.77597 0.781724
4.77444 0.825179
5.08058 2.50987
5.10964 2.56341
4.96843 2.23994
5.00163 2.33106
6.16878 -1.73953
6.20954 -1.72434
7.1898 -0.874825
7.16673 -0.908949
6.1495 2.97325
6.24357 2.93739
5.93908 3.02404
5.88405 3.02843
6.6296 -1.4723
6.54315 -1.53608
7.10811 2.2192
7.06793 2.27187
7.63728 0.891628
7.63777 0.887081
7.54802 -0.144324
7.51411 -0.24752
7.41418 -0.488436
7.395 -0.528414
7.48881 1.50765
7.4877 1.51068
5.33171 2.85022
5.31594 2.83575
5.52871 2.97571
5.51817 2.97092
7.64415 0.340766
7.62967 0.218322
5.24163 -1.31352
5.23757 -1.30654
4.79944 1.39051
4.80914 1.48033
4.83136 1.64215
4.84214 1.71146
5.84442 -1.80066
5.87594 -1.80054
5.61517 -1.73673
5.63934 -1.75018
4.9752 -0.618542
4.95938 -0.559556
5.15538 -1.13297
5.14015 -1.09862
4.88491 1.93682
4.88536 1.93862
4.82875 0.0761332
4.81289 0.192496
5.17926 2.6763
5.14311 2.62264
4.92459 2.09084
4.96761 2.23761
6.23397 -1.71484
6.32352 -1.67124
6.03933 -1.78106
6.05615 -1.77637
7.03215 -1.08257
7.01554 -1.10222
6.31539 2.90507
6.37145 2.87624
5.79953 3.03176
5.73154 3.02748
6.43085 -1.61085
6.39354 -1.63238
6.78861 -1.33686
6.7377 -1.38314
7.27692 -0.743291
7.28802 -0.724994
7.65202 0.445153
7.65095 0.429421
7.65445 0.627811
7.65505 0.554017
7.42043 1.67979
7.42024 1.68022
4.90877 -0.355429
4.91397 -0.377746
6.55679 2.76282
6.48447 2.81039
6.90089 -1.22686
6.83395 -1.29512
7.30314 1.91544
7.28886 1.94163
7.45578 1.59532
7.4565 1.59342
4.77546 0.955857
4.77577 0.997247
4.7889 0.443297
4.78686 0.469514
4.86619 -0.147476
4.85548 -0.0896725
7.46488 -0.375731
7.46864 -0.36708
7.59772 1.12942
7.58069 1.20228
7.54859 1.32475
7.53964 1.35463
6.81053 2.556
6.77137 2.5915
6.97029 -1.15468
6.9735 -1.15113
7.14967 2.16212
7.16917 2.13392
7.6455 0.806195
7.65184 0.721574
7.51163 -0.254559
7.55249 -0.129373
7.48944 -0.313391
7.42647 -0.463449
7.51759 1.42595
4.7858 1.21931
4.78079 1.12133
5.725 -1.78147
5.69604 -1.77305
5.58716 -1.72227
4.7981 0.332096
4.79306 0.39054
4.77955 0.60452
4.77799 0.651389
4.77455 0.868621
5.03882 2.4219
5.02813 2.39518
6.69581 2.65627
6.72972 2.62887
7.62594 0.969601
7.61733 1.02601
4.89737 -0.305391
4.93323 -0.457961
7.34874 1.8301
7.33703 1.85281
7.2531 2.00258
7.27786 1.96076
4.77822 1.04014
4.77885 1.08483
4.78729 1.24271
5.99137 -1.79035
5.98886 -1.79076
6.65629 2.68887
6.66772 2.67966
4.80548 0.257775
4.80917 0.223958
4.7811 0.568865
4.78359 0.520996
4.77679 0.696452
4.77546 0.737551
7.07336 -1.03202
7.10468 -0.993718
6.96414 -1.16151
7.24116 2.02265
7.2353 2.0321
7.35315 -0.611301
7.35305 -0.61149
5.55908 -1.70413
5.55066 -1.69765
5.05356 2.45521
6.30894 2.90843
6.28794 2.91823
5.4852 -1.64603
5.49159 -1.65229
7.55709 -0.113346
4.9404 -0.486386
7.60954 0.102989
7.58746 0.00362201
5.42957 2.9234
5.40803 2.909
5.28507 -1.38969
5.34535 -1.48346
4.79665 1.36243
4.79129 1.2959
4.86223 1.82493
4.85935 1.80926
5.04506 -0.84409
4.98738 -0.660132
5.41787 -1.57788
5.48051 -1.64124
5.11792 -1.04248
5.05653 -0.878855
6.57301 2.75132
6.64296 2.69978
6.99392 2.36309
6.88158 2.48565
5.12669 2.59511
6.22283 -1.71903
6.1361 -1.75287
7.14742 -0.934742
7.22487 -0.824402
6.08292 2.99302
6.25563 2.93273
5.99119 3.01516
5.83491 3.03234
6.52973 -1.54592
6.64319 -1.4613
7.03229 2.3165
7.1198 2.2037
7.65464 0.537008
7.65212 0.447051
6.38219 2.8701
6.42618 2.84595
7.62887 0.212909
7.38257 1.76265
7.41234 1.69759
5.62898 3.00953
5.56191 2.98685
5.24672 2.76359
5.23745 2.75396
7.6452 0.351723
5.23349 -1.29901
5.39435 -1.54864
5.19547 -1.22062
4.81142 1.49825
4.82442 1.5966
4.81833 1.55255
4.85579 1.78883
4.88387 1.93209
5.74946 -1.78833
5.78177 -1.79286
4.95124 -0.528859
5.04782 -0.852654
5.04942 -0.857942
5.16922 -1.16304
4.91148 2.04448
4.83266 0.0498343
4.81236 0.196721
5.23544 2.75161
6.33299 -1.66678
6.98339 -1.13995
7.06031 -1.04849
6.31183 2.90698
6.05893 3.00034
5.65198 3.01464
6.04394 3.00437
6.73051 -1.38955
6.43675 -1.60699
6.82689 -1.30174
7.32334 -0.663704
7.25083 -0.78474
7.65398 0.663508
7.45575 1.59539
6.47111 2.81916
7.10603 -0.991936
4.84738 -0.0422032
7.59805 1.12783
7.57447 1.22862
7.52034 1.41811
7.6056 1.08586
7.6142 1.04394
6.81707 2.54992
6.73545 2.62375
7.01424 2.33886
7.17537 2.12453
7.21583 2.06238
7.6362 0.899993
7.63704 0.893893
7.6521 0.7178
7.47117 -0.36099
7.37807 -0.56244
7.35328 -0.611077
7.38138 1.76516
7.31372 1.89658
5.9418 -1.79753
5.99432 -1.78973
4.96777 2.23813
6.0804 -1.76889
5.52115 -1.67559
5.56783 -1.71059
7.38205 1.76375
7.57952 -0.0295017
5.90319 -1.80025
5.6572 -1.75866
