6.17226 -2.59275
6.19375 -2.57746
8.00804 -0.332291
8.03178 -0.25473
4.68024 -1.74691
4.70505 -1.84032
4.26604 1.35824
4.26126 1.29671
4.25551 0.850254
4.25446 0.792667
6.84792 3.27508
6.80296 3.31225
4.27089 1.48069
4.27121 1.4859
4.37687 -0.424495
4.37762 -0.428516
4.26666 0.462727
4.26656 0.46426
4.324 2.0602
4.32841 2.09876
4.89714 -2.54703
4.89104 -2.52907
4.31044 -0.00595812
4.30515 0.0366556
7.80081 -0.836715
7.84313 -0.750957
7.81002 2.00499
7.85073 1.91402
5.03158 3.80039
5.0651 3.8187
5.22701 3.87836
5.19585 3.87035
4.86517 -2.4411
4.87518 -2.47248
7.13111 3.00679
7.18684 2.94831
8.09889 1.07241
8.07656 1.19669
7.43254 2.64867
7.44874 2.62692
4.66718 3.41093
4.67719 3.43048
4.61046 3.29769
4.6061 3.28889
5.36742 -3.05069
5.40704 -3.04079
8.1425 0.6275
8.14087 0.683914
4.95125 -2.71626
4.94309 -2.68842
5.21166 -3.05699
5.22406 -3.05934
5.01895 -2.87363
4.99993 -2.83072
5.15883 -3.03677
5.17415 -3.04208
5.10303 -2.99521
5.06606 -2.94775
4.7287 -1.92944
4.73748 -1.96738
5.70141 -2.90391
5.6588 -2.92651
5.7939 -2.8468
5.81286 -2.83533
4.67501 -1.72695
4.65 -1.62313
6.64277 3.43871
6.63048 3.44753
5.98462 3.80524
5.96897 3.81037
5.72408 3.88219
5.76106 3.87428
6.2342 3.69352
6.26227 3.67954
6.47498 3.5544
6.48416 3.54872
7.05835 3.08206
7.24727 2.88035
7.20968 2.92356
7.62055 -1.14819
7.66908 -1.07288
7.51994 -1.29821
7.5211 -1.29658
6.9851 -1.91392
7.06213 -1.83746
6.81818 -2.0701
6.87091 -2.02302
4.76282 3.56016
4.73984 3.52866
6.65973 -2.20903
6.63557 -2.2288
7.94316 -0.518686
7.93124 -0.549145
8.14215 0.443211
8.14079 0.410062
4.28083 1.62907
4.27965 1.61421
5.58655 3.90334
5.60353 3.90125
7.73036 -0.968222
7.67401 -1.06458
4.46538 -0.851055
4.46594 -0.853534
6.94947 3.18511
6.96234 3.17303
4.34789 2.23565
4.35209 2.26445
7.15592 -1.73722
7.19256 -1.69747
5.93756 -2.75714
5.965 -2.73831
6.03491 -2.69116
6.04894 -2.68093
4.63239 -1.5538
4.60017 -1.41984
4.25395 0.983465
4.25391 0.977256
5.8734 3.84315
5.78934 3.86615
4.41874 -0.632641
4.40467 -0.565772
4.36135 2.31475
4.369 2.37356
4.35176 -0.282361
4.33855 -0.201654
7.89406 1.80994
7.90307 1.78646
7.71305 2.20125
7.75963 2.1103
4.37457 2.41061
4.38691 2.48642
4.41808 2.65394
4.42509 2.69105
5.33828 3.90067
5.31554 3.89685
8.07645 1.19716
8.05008 1.31703
7.3524 2.75444
7.38209 2.71612
7.4805 2.58206
7.51115 2.53751
6.9031 -1.9923
6.967 -1.93221
7.67272 2.27474
7.70196 2.2218
7.59277 2.41105
7.62023 2.36602
5.31179 -3.05887
4.74848 -2.01336
4.76837 -2.08119
4.80596 -2.22197
4.82431 -2.289
4.7852 -2.14791
4.78584 -2.15036
7.96031 1.629
7.93302 1.70757
8.01231 1.46182
7.99341 1.52739
5.85959 -2.80703
5.87388 -2.79781
5.63769 -2.93691
5.7401 -2.88004
6.51189 -2.33146
6.53257 -2.31529
8.05173 -0.182957
7.98381 -0.407986
7.95348 -0.491332
6.64441 3.43745
6.69735 3.39693
6.86196 3.26276
6.90577 3.22427
6.03973 3.78328
6.0489 3.77934
5.77167 3.87121
5.6471 3.89563
4.30504 1.90539
4.3082 1.93295
4.33465 2.14585
6.20625 3.70791
6.12358 3.74663
6.42897 3.58367
6.40161 3.59968
7.28668 2.83559
6.73061 -2.14737
6.77397 -2.11034
7.06445 -1.83501
4.78849 3.5918
8.1388 0.718633
8.13308 0.797625
6.30236 -2.49578
6.34201 -2.46593
6.42977 -2.39724
6.46903 -2.36633
6.55308 -2.29789
6.59614 -2.2625
6.69678 -2.1767
4.9308 3.73431
4.94886 3.74823
8.1391 0.379604
8.14422 0.538923
4.53018 -1.12943
4.53927 -1.1675
4.50401 -1.01826
4.50939 -1.04137
4.26033 0.5922
4.26022 0.594665
4.46707 2.8709
4.46307 2.85648
4.50855 3.01982
4.49683 2.98148
7.39088 -1.46822
7.41824 -1.43388
7.2935 -1.58559
7.3311 -1.54143
4.45315 -0.794865
4.45189 -0.789029
4.48024 -0.915211
4.25554 1.09897
4.25564 1.10425
4.58775 -1.36946
4.57194 -1.30477
4.59234 -1.3876
7.99575 -0.372407
4.90168 3.71096
4.87803 3.68882
8.11662 0.14584
8.11143 0.108285
4.49112 -0.962531
4.49484 -0.978289
4.2576 0.723252
4.25466 0.780956
7.05037 3.08995
7.00548 3.13263
6.74564 3.35922
6.75578 3.35084
5.55518 3.90538
5.49831 3.90907
4.31887 2.02623
4.31563 1.99657
4.29809 1.83034
4.29563 1.80573
4.2818 0.262661
4.28028 0.279802
5.29913 -3.06157
4.85427 -2.39741
4.84421 -2.36168
8.12503 0.870205
8.13178 0.812025
8.11724 0.944097
8.11941 0.9274
4.53739 3.11313
4.53521 3.10614
5.48533 -3.01196
5.5082 -3.00156
5.57978 -2.96831
5.57751 -2.96954
8.0658 -0.128379
7.91934 -0.578146
7.90854 -0.605271
6.53913 3.51197
6.58506 3.47971
8.14404 0.573112
4.29338 1.78319
4.28993 1.74213
7.24159 -1.64475
7.23899 -1.64767
8.1212 0.178497
8.125 0.212772
4.71439 -1.87809
4.26077 1.23125
4.2611 1.29269
6.31804 3.64921
6.33711 3.63801
7.29839 2.821
7.31172 2.80514
4.81107 3.62055
4.83194 3.64333
6.12658 -2.62584
6.25315 -2.53289
4.67777 -1.73761
8.13145 0.27898
8.12861 0.248766
4.26121 1.29475
4.26778 1.41991
4.25463 0.786755
4.25406 0.907607
4.27456 1.54114
4.26789 1.42176
4.39732 -0.52884
4.37661 -0.423089
4.26422 0.506314
4.27079 0.39904
4.91981 -2.62418
4.91555 -2.60783
4.90424 -2.57027
4.88193 -2.49464
4.29495 0.129073
4.32076 -0.0831146
7.85731 -0.720467
7.78817 -0.861274
5.29252 -3.06314
7.8536 1.90732
7.80613 2.01345
4.39179 2.51265
4.40523 2.58921
4.53216 3.09607
4.51525 3.04387
5.14352 3.85231
5.26563 3.88814
8.10087 1.06023
8.07654 1.19676
5.27922 -3.06413
7.28612 -1.59425
4.70136 3.46931
4.64006 3.36098
4.58709 3.2426
4.62471 3.32826
5.5767 -2.97001
5.57393 -2.97148
4.97432 -2.77229
5.05754 -2.93821
5.0285 -2.88806
4.98426 -2.80045
5.15081 -3.03161
5.15604 -3.03561
4.67865 -1.74082
8.13423 0.308462
8.09548 0.0103332
8.10329 0.0530963
8.08448 -0.0462839
7.73813 -0.954196
7.89478 -0.636751
7.66971 -1.07183
7.59723 -1.18441
7.57072 -1.22375
7.51781 -1.30121
6.36666 -2.44663
6.4055 -2.41679
4.51701 -1.07391
4.52421 -1.10444
4.27591 1.56025
4.28455 1.67836
4.48694 2.94481
4.47942 2.91902
7.34319 -1.52676
7.37514 -1.48797
5.92242 -2.7665
5.98623 -2.72466
6.00709 -2.70972
6.0836 -2.65716
4.54351 -1.18485
4.5639 -1.27
4.2541 0.91988
4.25442 1.04076
4.27516 1.55005
4.35835 -0.319059
4.4342 -0.709355
4.26298 0.529469
4.27111 0.394739
5.43053 3.90838
5.46166 3.90884
5.41377 3.90802
4.32942 -0.143125
4.29192 0.157779
7.76322 2.10296
7.8933 1.81186
7.93106 1.71289
7.71127 2.20467
4.44389 2.77889
4.44684 2.7917
4.44745 2.7941
4.37031 2.38255
4.96752 3.76081
5.00402 3.78504
5.12251 3.84442
5.12899 3.84725
5.3629 3.90317
8.04512 1.33763
8.02015 1.43389
7.54271 2.49028
7.56984 2.44793
7.41713 2.67031
7.43675 -1.40995
7.46725 -1.3704
7.66755 2.28397
7.63337 2.34374
4.63682 3.3537
4.71786 3.49707
4.57493 3.21452
4.82497 -2.29175
4.80541 -2.21971
4.84346 -2.35832
7.96397 1.61823
7.98786 1.54526
5.89727 -2.78308
5.83845 -2.82043
6.01674 3.79269
6.09467 3.76038
6.26978 3.67544
6.52511 3.52127
6.27853 -2.51438
6.49215 -2.34771
6.61338 -2.24794
4.28626 1.69819
4.25837 0.65611
4.44841 2.79773
4.4407 -0.738829
4.46348 -0.842692
4.25744 1.16357
6.09052 -2.65192
4.25761 1.17183
4.2581 0.663553
5.43872 -3.02948
4.438 -0.725928
6.35672 3.62643
4.5575 3.16825
4.54896 3.14546
4.78648 -2.15295
8.08017 -0.0674241
6.10721 3.75442
4.31191 1.96371
4.56002 3.17496
6.58822 3.47747
