7.08941 -0.595673
7.09176 -0.592074
7.4302 0.648928
7.43214 0.594873
7.39115 1.0295
7.39341 1.0182
5.42609 -0.983481
5.40624 -0.948901
5.02773 1.24571
5.03837 1.33835
6.27879 -1.3202
6.25491 -1.32785
5.18687 1.98255
5.19074 1.99304
6.66527 -1.08324
6.6944 -1.05911
7.17713 1.65993
7.18781 1.63892
7.2385 -0.315812
7.20153 -0.393401
5.04858 0.20207
5.0337 0.317532
6.38878 2.52176
6.38586 2.52322
6.17342 2.6115
6.13034 2.62159
7.25553 1.48798
7.24973 1.50191
5.25486 -0.628466
5.24498 -0.601151
5.18561 -0.42891
5.18714 -0.433789
5.3336 -0.812197
5.35434 -0.855945
5.54088 -1.14245
5.53273 -1.13349
5.07453 1.56465
5.06607 1.51678
5.12411 1.78227
5.13475 1.81849
5.01586 1.09437
5.02055 1.16147
5.49653 2.47722
5.55642 2.52646
5.36521 2.33127
5.36707 2.33392
6.08597 -1.37036
6.0011 -1.37533
5.89937 -1.36582
5.97823 -1.37483
5.26545 2.16377
5.25516 2.14142
6.82146 -0.938482
6.82147 -0.938475
5.71613 -1.29483
5.69807 -1.28245
7.30121 -0.161896
7.29138 -0.18987
7.33153 -0.073096
7.36177 0.0324908
7.4074 0.253343
7.39106 0.159759
5.09173 -0.0514295
5.09475 -0.0667259
5.00686 0.856173
5.00773 0.907608
5.00942 0.658816
5.00791 0.712147
5.0264 0.387296
5.02097 0.45123
5.96171 2.648
5.96201 2.648
5.68675 2.59838
5.75621 2.62296
7.41106 0.275329
7.42484 0.398457
6.47498 -1.22224
6.47434 -1.22261
6.95799 -0.781715
6.95689 -0.7831
5.15879 -0.333407
5.14497 -0.281739
7.40639 0.933141
7.40266 0.961533
6.75815 2.24499
6.70896 2.29072
6.58396 2.39589
6.56355 2.41042
7.00053 1.956
6.96652 2.00315
5.18812 -0.436822
5.18751 -0.434937
5.10711 -0.130231
5.10706 -0.130035
5.00869 0.959958
5.00927 0.985201
5.00658 0.828663
7.3724 1.12018
7.37263 1.11931
7.34746 1.21627
7.35273 1.19648
6.88134 2.1116
6.85912 2.13713
7.31965 1.31015
7.30556 1.35216
5.13231 -0.231995
5.13735 -0.251932
6.82267 2.17712
6.80042 2.2009
7.06318 1.86408
7.06401 1.86278
6.33458 2.54904
6.33079 2.55076
7.42189 0.809508
7.42679 0.75421
5.02664 0.384741
5.02861 0.36463
5.01033 0.635657
5.01261 0.581732
5.12206 -0.190982
7.14498 1.72137
7.12875 1.75166
5.07678 0.0292226
5.07103 0.0598869
5.00665 0.777329
6.28058 2.57367
6.26686 2.57859
7.02631 -0.688403
7.0947 -0.587262
7.43142 0.566333
7.42941 0.691692
7.39911 0.981332
7.39015 1.03527
5.37772 -0.899013
5.44245 -1.01052
5.61133 -1.21473
5.56749 -1.16971
5.09689 1.67503
5.10329 1.70224
6.67067 2.32561
6.64057 2.35029
5.42673 2.40684
5.46073 2.44427
6.18166 -1.35162
6.35998 -1.28407
5.80866 -1.34066
5.81135 -1.34139
5.22451 2.07423
5.18442 1.9753
6.59696 -1.13769
6.74526 -1.01201
7.20962 1.59402
7.15877 1.69544
7.24851 -0.293628
7.17687 -0.441619
7.36479 0.0443591
7.38935 0.151044
5.00745 0.725292
5.05242 0.175454
5.03304 0.323328
5.80896 2.63487
5.85865 2.64308
6.57406 -1.15558
6.48324 -1.21672
6.92951 2.05182
6.91453 2.07125
6.06723 2.6363
5.9624 2.64796
6.95885 -0.780583
7.15098 -0.48971
7.21965 1.57243
7.2832 1.41731
5.65488 2.58469
5.5777 2.54046
7.42821 0.730916
5.26862 -0.664771
5.22029 -0.531516
5.29352 -0.72315
5.3153 -0.771827
5.48073 -1.06449
5.62498 -1.22775
5.05511 1.45237
5.09467 1.66436
5.15518 1.88702
5.0435 1.37265
5.36278 2.32745
5.99178 -1.37595
6.13733 -1.36015
6.37732 -1.27638
5.80709 -1.33996
5.27699 2.18661
5.31299 2.24905
6.89074 -0.860713
6.82147 -0.938469
6.57985 -1.15116
7.11879 1.76949
7.06423 1.86241
7.16237 -0.469237
7.26828 -0.247648
7.29019 -0.19293
7.32907 -0.0811105
7.41076 0.273223
5.1069 -0.129319
5.08269 -0.00341827
5.00982 0.64695
5.01311 0.572193
5.02058 0.45615
5.02652 0.385946
5.06725 0.0825836
7.42576 0.409111
7.36088 1.16267
7.37226 1.12085
7.4308 0.497905
7.33081 1.27341
7.38059 1.07757
7.41386 0.886765
6.77139 2.23153
6.49792 2.45708
7.01649 1.93376
7.41449 0.881834
7.28939 1.40117
5.20819 -0.496082
5.02513 1.22207
6.48622 2.46418
6.43935 2.49287
5.10703 -0.12991
6.49188 2.46081
