6.34166 -0.822849
6.3206 -0.829746
6.7532 -0.50909
6.71811 -0.549707
5.42644 1.58693
5.42336 1.57797
6.71548 1.8015
6.74618 1.76544
6.85409 1.61785
6.87449 1.58487
5.75627 -0.711507
5.82923 -0.770859
6.44613 2.03588
6.46205 2.0267
6.20849 2.14394
6.13854 2.15663
6.05178 2.16331
5.99922 2.16201
5.76898 2.07937
5.79674 2.09734
6.82357 -0.420775
6.86017 -0.367855
6.57184 -0.686602
6.54791 -0.704309
5.30701 0.923254
5.30467 0.868095
5.32712 1.15462
5.32547 1.14073
7.13521 0.813769
7.13904 0.777909
7.10254 1.01626
7.11186 0.970745
5.57797 -0.473614
5.5683 -0.455386
5.36752 1.37535
5.38225 1.43478
5.50762 1.77531
5.50178 1.76291
5.61383 1.93869
5.60464 1.92761
6.58465 1.93289
6.64278 1.87974
6.98112 1.38431
6.95607 1.43721
5.67706 -0.623147
5.70998 -0.660364
5.93942 -0.833151
5.95262 -0.836921
6.12857 -0.867718
6.08889 -0.86522
7.06522 0.0638502
7.05688 0.0371685
6.96909 -0.17978
6.97299 -0.17213
5.48279 -0.269054
5.47181 -0.239533
5.36522 0.134344
5.37226 0.101346
5.41936 -0.0864849
5.41444 -0.0687124
5.32792 0.360793
5.32329 0.39976
5.30662 0.608876
5.30413 0.672623
7.14666 0.538573
7.14731 0.558946
7.11666 0.271616
7.12331 0.309704
7.07086 1.14604
7.09036 1.06687
7.06729 1.15699
7.04023 1.23669
7.0939 1.0535
7.11577 0.948494
6.54488 1.96707
6.65999 1.86345
7.06905 1.15192
6.51626 1.98902
6.99823 1.34571
7.00723 1.32443
6.67304 1.85023
6.36947 2.08133
6.35521 2.08826
6.23182 -0.855472
6.44998 -0.770308
6.31538 2.10743
6.27954 2.12012
5.88275 2.13603
5.89701 2.14148
6.79237 -0.461905
6.69348 -0.576132
5.31506 1.04017
5.31203 1.00268
5.39473 1.48259
5.42864 1.59251
5.5578 1.85889
5.514 1.78758
6.77768 1.72647
6.70194 1.81731
6.81606 1.67496
6.90947 1.52511
5.84704 -0.784081
5.74581 -0.700642
7.0233 -0.0561569
7.01784 -0.0702938
5.49535 -0.30148
5.52368 -0.363367
5.38924 0.0304418
5.41283 -0.0628837
5.31499 0.483536
5.31064 0.538088
7.136 0.400775
7.13961 0.435589
6.45584 -0.767168
6.15747 -0.864622
6.49488 2.00334
6.4095 2.05933
6.10306 2.16268
5.92878 2.14798
5.69858 2.02741
6.88947 -0.321473
6.92166 -0.267686
6.63629 -0.630184
5.30315 0.803745
5.33468 1.20688
5.3445 1.26578
5.3481 1.28403
7.14669 0.686959
7.12745 0.874401
5.55789 -0.434472
5.62098 -0.542327
5.6674 -0.611345
5.46657 1.68584
5.6814 2.01103
5.63728 1.96399
6.79422 1.70535
6.94956 1.44995
6.98311 1.38008
5.93391 -0.830522
6.03335 -0.859782
7.09008 0.150279
6.98769 -0.139776
7.09751 0.18102
5.44791 -0.171322
5.35206 0.199298
5.43425 -0.132068
5.34498 0.240394
5.30281 0.770325
5.34228 0.257515
5.30309 0.736961
7.14744 0.652845
7.14704 0.679956
7.00954 1.31844
7.03975 1.23798
