6.07304 0.993681
6.14516 1.06169
5.98764 0.784695
5.98259 0.733325
6.40415 0.946696
6.38942 0.96507
6.0885 0.317253
6.09897 0.302959
6.47037 0.765547
6.45927 0.818124
6.47925 0.540093
6.47806 0.528599
5.9928 0.526506
5.99771 0.496309
6.37085 0.31093
6.34761 0.284906
6.36278 0.990081
6.29892 1.04389
6.19221 1.06471
6.02624 0.932382
5.98079 0.664513
6.00708 0.877649
6.49009 0.661526
6.48999 0.662737
6.44256 0.409443
6.45272 0.438697
6.03471 0.402125
6.01181 0.450294
6.27134 1.06278
6.44126 0.864227
6.01256 0.896965
5.98459 0.604094
6.436 0.400195
6.49011 0.661131
6.07028 0.342921
6.31871 0.270957
6.28682 0.249253
6.17573 0.251413
6.19931 0.238976
6.24573 0.242871
