6.40646 2.28299
6.39522 2.28886
7.18662 1.24208
7.19444 1.21771
5.16572 1.01049
5.16849 1.05112
5.38082 -0.465682
5.41384 -0.540673
5.50507 -0.717513
5.55573 -0.799231
5.44154 2.05
5.39653 1.97439
5.56058 2.20508
5.58021 2.22535
7.15212 -0.125906
7.17158 -0.0738879
5.23079 0.0456494
5.22819 0.0589103
5.16712 0.52961
5.16965 0.494625
7.27768 0.408125
7.27173 0.353389
6.71449 2.04346
6.75736 1.99894
6.03166 2.39768
5.98041 2.39943
6.19111 2.37268
6.12229 2.38684
5.73156 2.33356
5.77558 2.35525
6.76143 -0.750711
6.83654 -0.664367
6.52154 -0.953685
6.49353 -0.971051
6.7605 -0.751638
6.67761 -0.829886
7.03229 -0.383308
6.97379 -0.477856
7.2622 0.918087
7.25236 0.975923
7.27972 0.771685
7.279 0.780958
5.33878 -0.349568
5.32829 -0.319242
5.61776 -0.877643
5.55811 -0.802322
5.22401 1.46807
5.21895 1.4427
5.27953 1.68185
5.2649 1.63029
5.1872 1.24219
5.19969 1.33056
5.35106 1.87646
5.38821 1.95742
6.83411 1.90933
6.86439 1.87205
6.95669 1.73764
6.91874 1.79512
7.06405 1.54818
7.07615 1.52304
5.92169 -1.09089
5.98542 -1.1035
5.7368 -0.994412
5.77566 -1.02069
6.11185 -1.11061
6.04443 -1.11053
6.30641 -1.06658
6.27935 -1.07467
7.03691 -0.37515
7.08511 -0.280677
7.22723 0.111537
7.2373 0.153002
5.26477 -0.0997931
5.273 -0.131066
5.15872 0.827666
5.15883 0.838882
5.19214 0.283639
5.20216 0.21352
6.61314 2.13815
6.60234 2.14766
7.28567 0.663964
7.28652 0.589506
7.14611 1.36023
7.16873 1.29671
7.20617 1.17766
7.2161 1.14092
7.24725 1.00671
7.26776 0.879572
5.29123 -0.20157
5.28603 -0.182564
5.25679 -0.0677328
6.53149 2.20166
6.54614 2.1908
6.80791 1.94102
6.77395 1.98053
6.67061 2.08633
6.6509 2.10441
5.35602 -0.398548
5.37158 -0.441602
6.35221 2.31098
6.34024 2.31654
7.27079 0.858067
5.25198 -0.0475516
5.24205 -0.00440849
5.15896 0.720114
5.15905 0.708573
5.87695 2.3873
5.91354 2.39163
6.63919 -0.864348
6.58888 -0.903675
6.9251 -0.550583
6.90848 -0.574317
5.17427 1.12711
5.16048 0.916167
5.44703 -0.61156
5.37353 -0.446899
5.55651 -0.800287
5.46708 -0.652507
5.24998 1.57611
5.22604 1.47685
5.39217 1.9659
5.48681 2.11889
5.6361 2.27228
5.51679 2.15477
7.01299 1.64596
7.00705 1.65613
5.82852 -1.05318
5.886 -1.07755
6.20863 -1.09587
6.15321 -1.10424
7.1307 -0.179562
7.1942 -0.0058524
5.22757 0.0621575
5.16124 0.630336
5.17773 0.405543
7.26085 0.276466
7.28324 0.477866
5.85965 2.3826
6.08515 2.39432
6.26552 2.34739
6.29818 2.33591
6.40797 -1.02131
6.38637 -1.03118
5.67604 2.3021
6.89113 -0.597424
6.76111 -0.751036
7.03545 -0.37786
7.11109 1.44569
7.12529 1.41149
5.15967 0.892339
5.18065 1.18844
5.31079 -0.267698
5.34945 -0.380404
5.45715 -0.632794
5.64672 -0.911828
5.31303 1.78504
5.31018 1.77719
5.20358 1.35644
5.49606 2.13077
5.31504 1.78999
7.02686 1.62029
6.89747 1.8259
5.68889 -0.952138
6.01616 -1.10964
7.10003 -0.248903
7.20732 0.0367717
7.25217 0.226542
5.30576 -0.25209
5.21 0.1637
5.15863 0.773735
5.18309 0.355807
5.16033 0.655846
7.28617 0.548091
6.57288 2.17027
6.62181 2.13076
7.28485 0.686364
7.13929 1.37774
7.17792 1.27103
7.23217 1.08167
7.23415 1.07217
7.23734 1.05821
5.29922 -0.230963
5.27756 -0.150564
6.51594 2.21379
6.86745 1.86795
7.27853 0.786447
6.48548 2.2333
7.28432 0.701578
6.86683 1.86883
6.49999 2.22422
