6.05893 -2.75177
5.99332 -2.80112
4.5761 -1.5419
4.54425 -1.40017
8.06939 -0.276834
8.07904 -0.245301
8.18392 0.426239
8.18448 0.445063
4.21969 1.3583
4.2169 1.32253
4.20952 0.850308
4.20896 0.819154
6.85489 3.33072
6.83361 3.34832
4.33542 -0.44796
4.35118 -0.532946
4.27327 2.05968
4.27387 2.06489
4.25896 1.93083
4.24824 1.81133
4.83728 -2.66045
4.85427 -2.73015
4.82183 -2.58949
4.83723 -2.66017
4.23996 0.224004
4.23699 0.255289
7.85336 -0.826232
7.87308 -0.786253
5.39278 -3.19535
5.41162 -3.18294
6.43622 3.64154
6.4059 3.65989
7.85693 2.00057
7.87878 1.95176
4.35506 2.61472
4.33907 2.51624
4.78581 -2.424
4.78866 -2.44142
7.14723 3.05563
7.20961 2.99017
8.13428 1.10741
8.12354 1.16716
5.24277 -3.26562
5.25397 -3.26316
5.1391 -3.29142
5.1195 -3.28982
7.46633 2.67528
7.49747 2.63348
7.65391 -1.17608
7.64079 -1.19612
7.66098 2.38088
7.67845 2.35002
4.66145 3.55312
4.74496 3.67066
5.53722 -3.1086
5.58255 -3.08108
8.01905 1.5823
7.99647 1.65037
5.83892 -2.90919
5.89616 -2.86951
8.18595 0.594112
8.18415 0.656717
4.92502 -3.00603
4.94223 -3.05988
4.8867 -2.86609
4.88849 -2.87132
4.66318 -1.90963
4.68151 -1.98884
5.64287 -3.04092
5.60728 -3.06435
4.96735 -3.12915
4.95383 -3.09553
5.0039 -3.20769
5.02272 -3.23481
4.59499 -1.61974
4.5898 -1.5982
6.64975 3.49442
6.62047 3.51543
6.02186 3.85501
6.04982 3.84392
5.7722 3.94121
5.71132 3.95424
4.42382 2.94187
4.41967 2.92336
7.10804 3.09616
7.29509 2.89392
7.2684 2.9246
7.54804 -1.33131
7.57855 -1.28813
7.03794 -1.9244
7.07451 -1.8881
6.8759 -2.08155
6.88355 -2.07472
6.65833 -2.27385
6.66656 -2.2665
6.41935 -2.47201
6.40403 -2.48489
4.63335 -1.78116
4.64108 -1.81383
7.97421 -0.55527
7.95854 -0.595296
7.72446 -1.0619
7.7593 -1.00232
4.49948 3.19884
4.49024 3.17314
6.13892 -2.69118
6.11694 -2.70867
6.95649 3.24118
7.01361 3.18758
4.29231 2.20114
4.30578 2.29332
4.2591 1.93244
4.25924 1.93394
7.16839 -1.78825
7.22929 -1.7222
4.52206 -1.30335
4.53648 -1.36447
4.58671 -1.58604
4.45934 -1.03653
4.46076 -1.04298
4.20907 1.00959
4.20886 0.977309
4.22652 1.50652
4.22538 1.48569
4.37631 -0.656657
4.3657 -0.606181
4.22006 0.491351
4.22163 0.464991
5.49784 3.9843
5.45584 3.98664
5.38865 3.98522
5.42053 3.98597
4.30962 2.31422
4.3128 2.33866
4.26015 0.0249301
4.26169 0.0120531
4.29979 -0.250439
4.29577 -0.225876
5.3715 -3.20532
7.93937 1.80568
7.96247 1.74551
7.76183 2.19666
7.78712 2.14729
4.35845 2.63479
4.37496 2.72229
4.92489 3.83759
4.90351 3.82339
5.08035 3.92107
5.02296 3.89568
5.15389 3.947
5.10189 3.92917
5.32092 3.97976
5.29631 3.97732
4.80255 -2.49612
4.77187 -2.36358
8.08412 1.35071
8.05868 1.45028
7.59122 2.49418
7.5618 2.53995
7.40692 2.75563
7.36896 2.80464
6.95841 -2.00327
6.97952 -1.98343
7.62053 2.44839
7.62578 2.43977
4.57184 3.38189
4.5503 3.33457
4.62808 3.49498
4.61831 3.47867
4.52579 3.27191
4.53875 3.30517
4.72281 -2.15575
4.72028 -2.14468
4.75733 -2.30098
4.75355 -2.28287
5.77519 -2.95215
5.83559 -2.9115
5.76085 -2.963
5.73493 -2.98162
4.70327 -2.07865
4.68904 -2.02029
8.08715 -0.216121
8.01735 -0.439386
8.00197 -0.481658
8.16668 0.207001
8.16905 0.229296
8.1425 0.0279712
8.14432 0.0400148
6.70237 3.45389
6.72865 3.43377
6.91516 3.27785
6.93585 3.25967
5.99482 3.86651
5.90071 3.90156
5.853 3.91795
5.82211 3.92681
5.65881 3.96605
4.28841 2.17467
6.2138 3.76818
6.20471 3.77243
6.27221 3.73768
6.26973 3.73909
6.5089 3.59381
6.49134 3.606
4.40079 2.84401
4.4106 2.88663
4.4352 2.98596
7.23532 2.96207
7.30297 2.88496
7.11523 -1.84509
6.8187 -2.13362
6.79024 -2.15921
4.65707 3.54683
8.17953 0.733913
8.17691 0.770077
6.732 -2.20956
6.72196 -2.21844
6.60527 -2.3185
6.4954 -2.41027
6.46757 -2.43338
6.37235 -2.50967
6.3405 -2.53533
4.64407 -1.8282
4.6182 -1.71579
4.48781 -1.15934
4.49015 -1.16913
4.23212 1.59882
4.23311 1.61399
4.21644 0.566755
4.21519 0.595397
7.45401 -1.45894
7.45452 -1.4583
7.35872 -1.576
7.36737 -1.56584
4.41264 -0.823458
4.40553 -0.790568
4.43711 -0.93583
4.43304 -0.916779
4.20994 1.07253
4.21053 1.10431
6.1759 -2.663
6.21866 -2.63039
8.043 -0.362981
4.85036 3.78112
4.83644 3.76809
8.17699 0.318552
8.18293 0.405036
4.21163 0.723306
4.21001 0.755073
7.05742 3.14623
7.03508 3.16747
6.75263 3.41505
6.81128 3.36659
4.27258 2.05508
4.26614 1.99606
5.34414 -3.2187
5.33054 -3.2268
6.34162 3.69829
6.333 3.70359
8.1668 0.874543
8.1697 0.849531
8.15382 0.980283
8.16438 0.899132
4.48432 3.15658
4.47003 3.11088
5.68278 -3.01496
4.9907 -3.1847
4.98058 -3.15778
8.11448 -0.110117
6.54623 3.56862
6.58686 3.53933
5.63511 3.97009
7.30801 -1.63498
7.25141 -1.69847
5.94654 -2.83395
5.93942 -2.83871
8.14077 0.0180114
8.12761 -0.0470479
4.66018 -1.89887
4.65241 -1.86743
4.21456 1.2313
4.21475 1.26582
4.24323 1.74972
4.24263 1.74164
4.45074 3.0454
4.45148 3.04851
4.76958 -2.35192
7.33267 2.84799
7.36645 2.80777
4.51208 3.23528
4.52039 3.25917
4.74687 3.6731
4.74941 3.67586
6.5557 -2.36032
6.54395 -2.37046
6.10456 3.8198
6.1336 3.80627
6.78806 -2.16119
4.21626 1.2948
4.22076 1.39631
4.20986 0.786808
4.20873 0.881335
4.35498 -0.55281
4.32489 -0.391345
5.55191 3.9807
5.54368 3.98165
4.86149 -2.76668
4.83726 -2.66035
4.81285 -2.55476
4.8063 -2.51869
4.27385 -0.0813747
4.27737 -0.107683
4.23053 0.338832
4.24849 0.133189
7.90843 -0.710268
7.81753 -0.895865
5.31881 -3.2342
7.89969 1.90298
7.83388 2.05079
4.35584 2.62
4.33325 2.47623
4.45206 3.05087
5.22373 3.96467
5.27364 3.97345
8.14661 1.03148
8.11093 1.23077
5.18789 -3.28398
5.26481 -3.25924
5.06449 -3.27373
7.3224 -1.61867
4.59847 3.43798
4.58281 3.40785
5.60309 -3.06738
5.51726 -3.11942
4.87377 -2.80893
5.04638 -3.25988
4.90604 -2.93847
4.89167 -2.88259
4.9155 -2.97777
4.94564 -3.07256
5.66197 -3.02793
4.97325 -3.13906
4.26253 1.96417
7.79189 -0.943469
7.92526 -0.672666
4.4561 3.0648
7.6982 -1.10539
7.5994 -1.25754
7.49861 -1.40085
8.1868 0.554897
6.27699 -2.58541
6.2934 -2.57191
6.2429 -2.61225
4.47456 -1.10387
4.47508 -1.10607
4.23685 1.66751
4.23829 1.68807
7.40733 -1.51733
7.41141 -1.51238
7.49663 -1.40354
5.98443 -2.80747
5.97816 -2.81172
6.08191 -2.7352
4.50128 -1.21466
4.5091 -1.24731
4.47071 -1.08739
4.44686 -0.979883
4.20896 0.946152
4.20933 1.04081
4.22347 1.44571
4.22897 1.54984
4.31637 -0.342825
4.38026 -0.676255
4.2242 0.423552
4.21798 0.530201
5.44353 3.98645
5.56351 3.97914
5.37188 3.98454
4.27791 -0.111492
5.43486 -3.17029
5.46609 -3.15216
7.81103 2.09846
7.92169 1.85007
7.97606 1.70865
7.73858 2.24142
4.32347 2.41175
4.38231 2.7566
4.86299 3.79125
4.9618 3.86216
4.99604 3.88124
5.08698 3.92398
5.18497 3.95497
8.09447 1.30661
8.054 1.46737
7.56 2.54269
7.61933 2.45031
7.43381 2.72085
7.5003 2.6294
7.71424 2.28621
7.49479 -1.40598
7.46226 -1.44829
4.54723 3.32642
4.70462 -2.08462
4.7372 -2.2138
4.74023 -2.2281
8.03233 1.54108
5.91033 -2.85992
8.1733 0.271889
8.16181 0.162792
5.88418 3.90791
6.06004 3.83933
4.41369 2.89924
4.39785 2.83101
6.78558 -2.16342
6.6741 -2.25999
6.53113 -2.38154
6.43439 -2.46007
6.30991 -2.5592
4.21414 0.630468
4.40034 -0.767312
4.41917 -0.853678
4.4248 -0.879695
4.21152 1.13695
8.18678 0.543598
4.21279 1.19793
4.2119 0.69044
5.49026 -3.13645
6.46821 3.62086
7.94182 -0.634786
4.24777 1.80524
4.39201 -0.727455
5.89092 3.90533
5.42944 -3.17377
5.47679 -3.14507
7.43543 2.71868
8.02642 1.56004
5.83623 -2.91103
8.15936 0.142771
8.11652 -0.101451
6.14803 3.79942
6.2465 3.75134
6.32542 3.70812
4.79849 3.73073
4.39089 2.798
6.39246 3.66796
4.39706 2.82733
