6.35167 -0.769725
6.27337 -0.795374
7.08827 0.938376
7.08389 0.962094
5.45884 1.566
5.42758 1.47519
5.542 1.7531
5.56999 1.79974
6.69117 1.77895
6.71166 1.75488
5.51316 -0.251796
5.52282 -0.27396
5.42971 -0.00217025
5.4454 -0.0551951
6.13543 -0.816682
6.18682 -0.811354
6.40897 2.01147
6.44502 1.99069
6.16007 2.10573
6.2124 2.09624
5.81971 2.0524
5.80122 2.04274
6.00334 2.11179
6.07286 2.11349
6.83813 -0.343493
6.83692 -0.345344
6.66787 -0.549554
6.69281 -0.52521
6.58288 -0.628008
6.51838 -0.675722
5.336 0.905355
5.33516 0.885499
5.35702 1.13616
5.3607 1.16085
7.1019 0.84693
7.1094 0.776817
5.39737 1.35606
5.42259 1.45781
5.65271 1.91357
5.61002 1.86209
6.56167 1.90606
6.56405 1.90388
6.8329 1.59312
6.82901 1.59882
6.94023 1.39685
6.92554 1.42787
5.76041 -0.651347
5.71765 -0.603
5.94319 -0.778451
5.88086 -0.745234
6.92536 -0.192651
6.94813 -0.148057
7.03087 0.0537392
7.0331 0.0601965
5.58487 -0.406382
5.60219 -0.436309
5.39438 0.150912
5.41045 0.0755717
5.35537 0.376392
5.35491 0.380233
5.33551 0.625289
5.33439 0.653942
7.09208 0.296089
7.09289 0.30075
7.11816 0.566948
7.11777 0.550252
7.04667 1.11779
7.05949 1.06573
7.02667 1.17912
7.00753 1.23548
7.06809 1.03325
6.56004 1.90747
6.63616 1.83562
6.9696 1.33189
6.97794 1.31309
7.03652 1.15072
6.50261 1.95151
6.66529 1.8061
6.37347 2.03252
6.3372 2.05016
6.2414 -0.804637
6.41018 -0.741345
6.31937 2.05874
6.23277 2.08941
5.94879 2.10092
5.90133 2.0889
6.70566 -0.511476
6.76711 -0.437447
5.34345 1.02265
5.34328 1.02052
5.42411 1.46361
5.48113 1.62247
5.59254 1.83645
5.52015 1.71261
6.72044 1.74402
6.83958 1.58244
6.88789 1.49991
5.85094 -0.727429
5.7907 -0.678361
6.98472 -0.0675121
6.99356 -0.0467808
5.50412 -0.230063
5.55548 -0.345299
5.45697 -0.0926715
5.41742 0.0464548
5.34309 0.499508
5.34154 0.519009
7.11038 0.426284
7.11045 0.427008
6.46638 -0.711227
6.08591 -0.812548
6.4597 1.98024
6.39201 2.02233
6.10705 2.11402
5.72438 1.98594
5.70343 1.96832
6.83577 -0.346936
6.8975 -0.244292
6.60975 -0.604486
5.3328 0.785439
5.34452 1.03295
5.37505 1.24691
5.38674 1.30609
7.11424 0.719268
7.09852 0.873335
5.65578 -0.523114
5.63131 -0.484024
5.67183 -0.546986
5.4985 1.66521
6.7715 1.67883
6.90769 1.46279
6.95252 1.37072
6.00055 -0.797448
6.03693 -0.807752
7.06551 0.171601
5.47762 -0.15444
5.37739 0.234722
5.46991 -0.13229
5.3736 0.256659
5.33264 0.769619
5.35831 0.355258
5.33277 0.753826
7.11086 0.433023
7.0733 0.207258
7.06603 0.173608
7.11664 0.671009
7.07934 0.984766
6.98438 1.29776
