5.9725 2.50623
5.90158 2.50054
6.18349 2.47551
6.24755 2.45313
6.99722 -0.569474
7.02481 -0.527255
7.25271 1.24452
7.25563 1.23541
7.33719 0.826609
7.33542 0.84518
5.16039 1.50917
5.17552 1.57926
7.29828 0.132448
7.29108 0.100938
5.16542 0.0356819
5.16078 0.0593292
5.09406 0.737073
5.09451 0.710099
5.12967 0.248144
5.12825 0.259153
6.78587 2.07672
6.75969 2.1039
5.85078 2.49385
5.76641 2.4709
6.39881 2.38625
6.43709 2.36333
6.73653 -0.882886
6.73442 -0.884884
6.91996 -0.676025
6.88918 -0.715332
7.19396 1.41609
7.15964 1.49859
5.10627 1.11942
5.10815 1.14706
7.31714 0.97599
7.31675 0.978297
5.27341 -0.38615
5.26636 -0.363668
5.36935 -0.636763
5.34502 -0.578681
5.43026 -0.75882
5.4033 -0.706042
5.53289 -0.924509
5.54585 -0.942811
5.21191 1.72554
5.2079 1.7114
5.1226 1.28393
5.12301 1.28679
6.29528 -1.17494
6.36188 -1.14561
6.10286 -1.22163
6.13336 -1.2163
5.28012 1.9223
5.26925 1.89319
5.36502 2.09944
5.38361 2.13192
5.47454 2.26067
5.47357 2.25935
5.62387 2.39619
5.56951 2.35571
6.56731 -1.02353
6.49449 -1.07445
7.00296 1.79166
7.01989 1.7641
7.15205 1.51514
7.11022 1.60208
5.72795 -1.12307
5.66787 -1.0742
5.91357 -1.20883
5.87294 -1.19565
7.126 -0.348927
7.13578 -0.329743
7.2309 -0.102715
7.2234 -0.124056
5.10473 0.494156
5.10179 0.536528
7.33573 0.350334
7.33826 0.372973
6.68095 2.1819
6.68065 2.18217
6.806 2.05438
6.83511 2.02
7.21082 1.36985
7.1955 1.41211
7.35006 0.59985
7.35016 0.591852
7.30653 1.02638
7.30231 1.04991
6.56199 2.27943
6.59437 2.25534
7.33054 0.881886
7.32802 0.902969
7.31658 0.979311
5.25186 -0.316474
5.20628 -0.153929
5.20084 -0.130618
5.09544 0.931998
5.09492 0.905546
7.28701 1.11704
7.29141 1.09989
6.88862 1.95438
6.90935 1.92753
7.33981 0.796799
7.34379 0.74824
6.50818 2.31852
6.47171 2.34126
5.18147 -0.0435722
5.18647 -0.0672959
5.09317 0.812818
5.09362 0.867864
5.09925 1.01159
5.28973 -0.435155
5.291 -0.438685
5.24295 -0.286934
5.23402 -0.255432
6.03497 2.50245
5.86877 2.49789
6.10476 2.49281
6.29062 2.438
7.04544 -0.49352
6.95934 -0.623562
7.34861 0.501359
7.34979 0.54831
5.30747 -0.483376
5.32536 -0.529444
5.4788 -0.843197
5.45642 -0.80744
5.18431 1.61855
5.1456 1.43094
6.19831 -1.20504
6.25479 -1.18754
5.32008 2.01248
5.34575 2.06241
5.54375 2.33195
5.47512 2.26138
6.65351 -0.956087
6.61282 -0.990244
7.09649 1.62871
7.0746 1.66969
5.82007 -1.17601
5.7576 -1.14128
7.17114 -0.254472
7.18237 -0.229593
7.31662 0.22147
7.26853 0.0160255
5.15019 0.114377
5.17362 -0.00398327
5.09537 0.671005
5.09385 0.775267
5.13804 0.190154
5.1155 0.370184
5.72612 2.4536
6.07741 2.49874
5.66604 2.42396
6.86294 -0.747061
6.81355 -0.801804
6.72939 -0.889388
7.08484 -0.425674
7.15856 1.50112
7.19476 1.41405
5.38615 -0.672
5.51308 -0.894834
5.59541 -1.00116
5.6374 -1.04731
5.13968 1.39772
5.21417 1.73258
5.24565 1.82858
5.12103 1.27102
6.39379 -1.13138
6.04175 -1.22349
5.29558 1.96004
5.41683 2.18196
6.47379 -1.08652
6.97069 1.84121
6.94384 1.88005
7.05817 1.69872
6.00831 -1.22359
5.97679 -1.21858
7.18348 -0.227031
7.25984 -0.0140745
7.1847 -0.223982
7.32089 0.246771
5.14778 0.128343
5.09618 0.644907
5.1126 0.399333
5.09733 0.620046
5.11403 0.383877
7.34807 0.486458
6.6419 2.2148
6.68134 2.18157
7.34855 0.494874
7.34682 0.688648
7.22611 1.32729
7.22471 1.33121
7.28195 1.13979
7.27211 1.1754
7.29671 1.07448
5.21469 -0.186288
5.22001 -0.206427
6.71663 2.14683
6.61039 2.24186
6.92641 1.90468
6.86901 1.97951
7.34574 0.719532
5.09315 0.802894
5.09377 0.878208
6.32841 2.421
5.28492 -0.421888
6.93724 1.8893
5.1095 1.16756
7.2504 1.25222
6.36773 2.40148
6.38377 2.394
5.18989 -0.0828309
6.85048 2.00201
5.22845 -0.236921
