6.18717 -0.542021
6.25256 -0.532469
5.98803 -0.498235
5.94677 -0.472451
5.88886 1.78134
5.82627 1.73745
6.64821 -0.28116
6.70059 -0.213346
5.51838 1.03653
5.5123 0.986621
6.82298 -0.00745254
6.8169 -0.0210044
5.51188 0.479091
5.51625 0.439516
6.94689 0.440638
6.95247 0.501595
6.40625 -0.479954
6.31469 -0.51829
6.23258 1.83288
6.23403 1.83265
6.02573 1.83897
6.05146 1.84126
6.59207 -0.339493
6.54625 -0.383311
5.49918 0.8046
5.49786 0.717619
5.78948 -0.327806
5.80288 -0.345964
6.91086 0.993445
6.89662 1.05131
5.62911 1.45599
5.63757 1.47492
5.72866 1.6325
5.72583 1.62805
6.71124 1.45107
6.74261 1.4015
6.8286 1.23847
6.81876 1.26179
5.68362 -0.154935
5.65167 -0.0872384
5.63022 -0.0371124
5.6055 0.0357736
5.54895 0.238743
5.54483 0.25856
6.50061 1.68877
6.54324 1.65079
6.9535 0.730891
6.95256 0.743802
6.89719 0.193297
6.9118 0.247446
6.89277 1.06446
6.86588 1.14443
6.47596 1.70764
6.42695 1.74358
6.64966 1.53843
6.64443 1.54467
6.93811 0.860638
6.93177 0.900939
6.57594 1.6187
6.59828 1.59586
6.92269 0.943322
6.92718 0.922702
5.59042 1.35654
5.56001 1.25461
5.50727 0.527749
5.50362 0.570119
6.36176 1.78238
6.30536 1.80807
6.29394 -0.525655
6.13082 -0.538075
5.89563 -0.438291
6.06112 -0.525166
5.79964 1.71163
5.92478 1.80303
6.74923 -0.141969
6.62857 -0.303313
5.50584 0.922378
5.53214 1.12833
5.73262 -0.244071
5.7668 -0.295337
6.81627 1.267
6.78924 1.32077
6.86049 0.0820492
6.79382 -0.0658134
5.55715 0.201708
5.57486 0.135914
5.52025 0.408662
5.5093 0.504832
6.95655 0.579443
6.93801 0.376249
6.08514 -0.533174
6.44287 -0.457977
6.52466 -0.401786
5.8596 -0.403721
6.23462 1.83244
6.12895 1.84717
6.00977 1.8342
5.73075 1.63544
6.76558 -0.116573
5.53555 1.14782
5.50086 0.849713
5.49825 0.683279
5.54682 1.20041
5.71134 -0.210313
5.67755 1.54953
5.62341 1.44119
6.6559 1.53046
6.76774 1.35963
6.86226 1.15519
6.87208 0.114667
5.64049 -0.0618947
5.58711 0.0931829
5.52974 0.345379
5.50233 0.589987
6.30105 1.80995
6.92658 0.312446
6.95688 0.623985
6.94922 0.776807
6.8942 1.05964
6.36842 1.77867
6.6516 1.53619
6.94125 0.840934
5.59072 1.35753
6.40205 1.75859
