7.03344 -0.622213
7.0681 -0.569168
7.40224 0.626985
7.40342 0.593815
6.58752 2.34782
6.65263 2.29433
6.28452 -1.26976
6.21565 -1.29182
6.63208 -1.06301
6.7087 -0.999534
7.13775 1.67201
7.15905 1.63012
5.72023 -1.23515
5.75478 -1.2543
7.19976 -0.327214
7.17874 -0.371335
7.35887 0.150284
7.33736 0.0561268
5.03623 0.772779
5.03726 0.711453
5.07724 0.218352
5.06711 0.296902
5.96567 2.59852
6.06974 2.58952
6.39227 2.47464
6.36595 2.48779
6.07242 2.58907
6.17689 2.5646
6.97051 -0.711297
6.93364 -0.758383
7.23377 1.46257
7.2179 1.50073
5.03983 0.990714
5.04814 1.1128
5.19191 -0.33495
5.21762 -0.416954
5.28569 -0.611438
5.29573 -0.635405
5.36615 -0.794226
5.35949 -0.781187
5.4625 -0.963379
5.48846 -1.00004
5.58395 -1.11867
5.53728 -1.06736
5.10346 1.54595
5.10192 1.53725
5.155 1.76231
5.1789 1.84369
5.53953 2.45024
5.56065 2.46761
6.09176 -1.31939
6.08968 -1.31951
5.9055 -1.31177
5.9356 -1.31521
5.21954 1.96144
5.19806 1.90388
5.29981 2.14157
5.31966 2.17625
5.40373 2.30642
5.37274 2.26441
6.72466 -0.984385
6.79066 -0.919695
7.08952 1.76102
7.04242 1.83773
7.29661 -0.0833734
7.26736 -0.166613
5.05035 0.46326
5.04274 0.572986
5.73454 2.56185
5.7594 2.57064
7.38444 0.301834
7.39424 0.389451
6.48079 -1.17109
6.43377 -1.19788
6.87499 2.06854
6.88748 2.05379
5.18709 -0.317779
5.1846 -0.30849
7.29776 1.2846
7.31763 1.21559
7.36181 1.02842
7.35717 1.05428
7.37823 0.932103
7.37701 0.941403
6.95117 1.97113
6.94028 1.98622
7.38469 0.883882
7.38094 0.915233
5.23422 -0.467934
5.22384 -0.436253
5.14639 -0.156741
5.1402 -0.130241
5.03847 0.967174
5.03728 0.906909
6.73645 2.21771
6.76197 2.19331
7.34223 1.11907
7.3492 1.09196
6.83106 2.11902
7.27647 1.34884
7.26861 1.37228
5.16109 -0.216102
5.17046 -0.253131
5.11882 -0.0323103
5.12612 -0.0669209
6.80989 2.14225
6.77211 2.18262
6.33808 2.50182
6.31036 2.51441
5.03895 0.977171
7.39554 0.788835
7.39588 0.784989
5.15511 -0.192179
5.06677 1.31388
5.06742 1.31958
6.50147 2.40919
6.49678 2.41215
7.12446 1.6974
7.10009 1.7429
5.1046 0.0450333
5.10185 0.0596954
5.86308 2.59384
5.86167 2.59372
6.28408 2.5264
6.21504 2.55116
7.00346 -0.666276
7.11147 -0.49824
7.40216 0.543372
7.40106 0.690647
7.37003 0.98026
7.36462 1.01524
5.41253 -0.879791
5.44726 -0.940552
5.12737 1.65534
5.10866 1.57171
6.57864 2.35426
6.67433 2.27614
6.18741 -1.30098
6.32484 -1.25182
5.25737 2.053
5.23682 2.00359
5.46577 2.38233
5.46524 2.38178
6.58665 -1.09922
6.71509 -0.993619
7.1708 1.60592
7.13016 1.68669
5.81269 -1.28321
5.65972 -1.18987
7.22514 -0.270999
7.13675 -0.453427
7.36407 0.175524
7.33164 0.0346035
5.03736 0.706822
5.03621 0.77663
5.08646 0.154436
5.06218 0.339886
5.8586 2.59303
6.0707 2.58944
6.88719 -0.814564
7.12878 -0.468224
7.19806 1.54723
7.25194 1.41616
5.65828 2.52907
5.62565 2.51038
7.40049 0.709168
5.27414 -0.582509
5.25021 -0.514996
5.3256 -0.705437
5.37361 -0.80809
5.51913 -1.04328
5.62929 -1.16511
5.08427 1.43352
5.13559 1.68772
5.1859 1.86718
5.07829 1.39251
5.46768 2.38409
5.99783 -1.32263
6.09271 -1.3192
6.38305 -1.22599
5.87881 -1.30436
5.28329 2.10982
5.34844 2.22615
6.86252 -0.84351
6.83754 -0.871546
6.54358 -1.12906
7.01687 1.87694
7.09848 1.74577
7.13229 -0.461925
7.23831 -0.240362
7.30497 -0.0577735
7.25291 -0.203904
7.379 0.263876
5.11341 -0.00360919
5.03924 0.646254
5.05258 0.43639
5.04191 0.588554
5.05732 0.385218
5.09538 0.0985698
7.39831 0.436444
7.33169 1.1616
7.33765 1.1397
7.40174 0.496834
7.29505 1.29289
7.32487 1.18989
7.35214 1.07652
6.71853 2.23492
6.91229 2.02304
6.99018 1.91678
6.89361 2.04661
7.26751 1.37562
7.39493 0.794743
7.3871 0.865771
5.24419 -0.497386
5.03608 0.845425
5.03602 0.83817
5.06786 1.32274
5.05458 1.20304
5.03612 0.780401
6.44599 2.44289
6.42015 2.45871
5.05068 1.1514
5.13631 -0.113273
5.0371 0.902759
6.47284 2.42694
