5.97206 2.51218
5.91492 2.5076
6.18307 2.48116
6.25381 2.45644
6.99545 -0.578898
7.0275 -0.529854
7.25645 1.24466
7.25838 1.23862
7.34046 0.82918
7.33931 0.841307
5.15683 1.51147
5.17089 1.57662
7.30203 0.133554
7.29395 0.0981589
5.16103 0.0386429
5.15697 0.0593529
5.09047 0.739288
5.09096 0.710183
5.12642 0.246297
5.12446 0.261494
6.78748 2.08112
6.76799 2.10135
5.84279 2.4981
5.76594 2.4772
6.39839 2.39201
6.4394 2.36745
6.92767 -0.672369
6.89194 -0.718002
7.19642 1.41898
7.16325 1.49872
5.10215 1.11144
5.10443 1.14494
5.26995 -0.38806
5.26121 -0.360193
5.36872 -0.646084
5.34134 -0.580712
5.42629 -0.761016
5.39583 -0.701395
5.52852 -0.92692
5.54531 -0.950625
5.20809 1.72801
5.20733 1.72532
6.2946 -1.181
6.36612 -1.1495
6.10217 -1.22769
6.1388 -1.22129
5.27636 1.92473
5.26341 1.89003
5.36097 2.10205
5.38291 2.14038
5.47015 2.26351
5.46279 2.25353
5.61849 2.39966
5.56893 2.36276
6.73778 -0.887464
6.73494 -0.890246
6.57161 -1.02615
6.49287 -1.08121
7.00541 1.79452
7.02507 1.76252
7.14748 1.53311
7.11283 1.60513
5.72746 -1.13022
5.6621 -1.07706
5.91312 -1.21529
5.8649 -1.19964
7.13103 -0.347444
7.13865 -0.332517
7.23498 -0.101516
7.22613 -0.126696
5.10135 0.49224
5.09812 0.538789
7.33875 0.347326
7.34173 0.373995
6.80247 2.06448
6.83836 2.02209
7.22877 1.33039
7.20005 1.40963
7.35371 0.596225
7.35375 0.591984
7.30996 1.02651
7.30534 1.05228
6.56599 2.28201
6.59393 2.26121
7.3339 0.88201
7.3311 0.905389
5.24773 -0.316325
5.20499 -0.164468
5.19708 -0.130594
5.09191 0.934179
5.09134 0.905631
6.68442 2.18414
6.68691 2.18177
7.29043 1.11716
7.29543 1.0977
6.88463 1.96579
6.9109 1.93177
7.34218 0.809715
7.34701 0.750765
6.50776 2.32432
6.47651 2.3438
5.17711 -0.0406305
5.18273 -0.0672726
5.08953 0.810752
5.09002 0.870088
5.09551 1.00946
5.28598 -0.437225
5.28645 -0.43852
5.11853 1.28166
5.11905 1.28622
5.23945 -0.288866
5.22993 -0.255284
6.0224 2.50913
5.86833 2.50383
6.11218 2.49674
6.29021 2.44366
7.05146 -0.490666
6.96221 -0.626347
7.35193 0.503964
7.35356 0.568898
7.32013 0.978421
7.31987 0.980125
5.30374 -0.485438
5.31921 -0.525296
5.47441 -0.84562
5.45584 -0.815939
5.18078 1.62083
5.14112 1.42838
6.19762 -1.2111
6.25955 -1.1919
5.31601 2.01511
5.33824 2.05836
5.53891 2.33508
5.47451 2.26885
6.65737 -0.958435
6.61114 -0.997234
7.10146 1.62718
7.07817 1.67078
5.8196 -1.18281
5.75089 -1.14461
7.16616 -0.273948
7.18503 -0.232161
7.31956 0.21862
7.27244 0.0171776
5.14582 0.117329
5.16984 -0.00395978
5.09177 0.673226
5.09028 0.775351
5.13798 0.16624
5.11219 0.368305
5.71936 2.45719
6.077 2.50437
5.6655 2.43062
6.86148 -0.754837
6.81651 -0.804673
6.74149 -0.883651
7.08763 -0.428377
7.16101 1.50398
7.1983 1.41418
5.38214 -0.674217
5.50287 -0.888482
5.59052 -1.00386
5.63688 -1.05481
5.13607 1.40005
5.20852 1.72935
5.24185 1.83103
5.12009 1.29376
6.3931 -1.13747
6.02878 -1.22992
5.29479 1.9697
5.41241 2.18482
6.47867 -1.08949
6.96793 1.85205
6.94647 1.88311
7.0607 1.70166
6.00787 -1.22999
5.98816 -1.22686
7.18688 -0.227858
7.26264 -0.0167845
7.18893 -0.222737
7.3245 0.247832
5.14426 0.126344
5.09265 0.644991
5.10888 0.401631
5.09389 0.618093
5.11051 0.38396
7.35119 0.483357
6.64564 2.21722
6.6809 2.18753
7.35185 0.494995
7.35032 0.688777
7.28469 1.14299
7.27638 1.17308
7.23296 1.31763
7.22934 1.32868
7.30024 1.07461
7.32071 0.975208
5.21118 -0.188285
5.21509 -0.203108
6.72012 2.14908
6.61748 2.2414
6.93253 1.9028
6.87058 1.9838
7.34937 0.715913
5.08952 0.805135
5.09011 0.876125
6.33086 2.42537
5.28422 -0.432358
6.94118 1.8905
5.10607 1.16978
7.25491 1.24976
6.37317 2.40436
6.38619 2.39829
5.18657 -0.0847187
6.8573 1.99992
5.22498 -0.238836
