7.68248 -0.270202
7.70185 -0.210064
5.5092 3.29564
5.44799 3.27702
5.10378 3.03439
5.115 3.0478
7.79353 0.200921
7.80387 0.283671
4.60476 1.11091
4.60409 1.09717
4.96987 -1.24994
4.96335 -1.23237
4.63161 1.51811
4.63509 1.55171
4.67573 1.8709
4.67601 1.87255
5.59949 -2.12762
5.63026 -2.13332
5.43043 -2.04326
5.4059 -2.02301
4.6073 0.598204
4.60806 0.57933
4.9299 2.76196
4.95718 2.81565
7.12992 -1.24648
7.13455 -1.24108
4.67901 -0.106817
4.66547 -0.016578
7.50599 -0.685585
7.50014 -0.696958
6.32982 3.15043
6.37194 3.12855
4.75207 2.24846
4.7655 2.3031
5.76207 3.32018
5.71364 3.32104
6.67924 2.9227
6.73369 2.87982
6.86389 -1.52794
6.83622 -1.55452
7.39398 -0.881224
7.37321 -0.914419
7.45687 1.9843
7.43777 2.01993
7.62797 1.60469
7.60584 1.66234
7.7166 1.32736
7.73203 1.26888
7.74743 -0.0423882
7.76212 0.0229416
7.61637 -0.448097
7.60198 -0.483446
5.30962 3.21249
5.22628 3.15407
5.02113 -1.38726
5.03067 -1.41289
5.14636 -1.67165
5.10673 -1.58892
6.50917 3.04444
6.55154 3.01634
4.61016 1.24176
4.6133 1.29508
4.66582 1.80238
4.66663 1.80838
6.15818 -2.03265
6.19879 -2.01296
5.72852 -2.14308
5.79079 -2.14352
4.79213 -0.653094
4.77603 -0.589144
4.8452 -0.8549
4.83903 -0.832345
5.20703 -1.77932
5.21011 -1.7848
4.63497 0.223979
4.63354 0.237396
4.60191 0.725163
4.6006 0.784578
4.71865 2.10069
4.72466 2.12784
6.14675 3.2331
6.23792 3.19457
6.92345 2.70851
6.84532 2.78333
6.62996 2.96051
6.39828 -1.89774
6.32179 -1.94421
6.58569 -1.76566
6.59723 -1.75739
6.79943 -1.58851
6.7292 -1.64948
6.93223 -1.4618
6.90771 -1.48676
7.25771 -1.08286
7.29456 -1.03264
7.81807 0.507444
7.81659 0.452486
4.93254 -1.14064
4.93661 -1.1539
4.74474 -0.448082
4.76353 -0.535087
6.99069 -1.40158
7.00917 -1.38258
7.02606 2.60116
6.99213 2.63775
7.81772 0.640076
7.81739 0.66961
7.71716 -0.158355
7.66236 -0.328432
6.04853 -2.07839
6.09425 -2.06182
5.69384 -2.1439
7.0435 -1.34461
7.06156 -1.32479
6.38176 3.12263
6.25993 3.18549
7.77828 1.04822
7.75848 1.15426
7.37888 2.12324
7.34211 2.18399
7.29576 2.25528
7.32179 2.21585
7.20721 2.38001
7.23131 2.34732
7.66629 1.49438
7.6789 1.45624
7.64384 -0.378331
7.57423 -0.545424
7.5636 -0.569115
6.58684 2.99233
6.49483 3.05408
4.65138 1.69732
4.64929 1.68004
4.626 1.46176
4.6228 1.42339
5.99132 -2.1004
5.92605 -2.11954
5.94049 -2.11562
5.84875 -2.13396
5.89003 -2.12849
5.57016 -2.1172
5.54899 -2.10972
4.82031 -0.764093
4.81838 -0.756941
4.85751 -0.89947
4.98946 2.87116
5.00542 2.89956
5.97386 3.28819
5.9752 3.28785
6.03252 3.27232
6.07067 3.25907
6.11729 3.24351
6.25091 3.18932
6.43625 3.09051
5.61573 3.31574
5.63231 3.31715
6.78639 2.83469
6.29993 -1.9579
6.4313 -1.8752
6.90181 -1.49273
4.60126 0.971819
4.60049 0.913349
4.60898 1.22133
4.60675 1.16734
4.88353 -0.985365
4.90298 -1.04828
4.62335 0.34733
4.61634 0.443731
4.64924 0.102846
4.64201 0.158992
4.60226 0.713412
4.60466 0.65421
4.8127 2.46225
4.81975 2.48519
4.76713 2.30897
4.78359 2.36689
7.08632 2.53218
7.11243 2.50168
6.92745 2.70451
6.93471 2.69707
7.21485 -1.13964
7.24197 -1.10496
7.79269 0.957172
7.79117 0.96768
7.80614 0.839899
7.80385 0.865599
4.60397 1.04035
4.63849 1.58814
4.64417 1.63893
4.62851 1.48755
4.61242 0.523782
7.52661 1.84451
7.54034 1.81524
4.91426 2.72841
4.90213 2.69979
4.61641 1.34217
4.61766 1.35924
4.87419 -0.954708
5.2832 -1.89314
5.28398 -1.89408
5.16906 -1.71247
5.14884 -1.6762
4.61428 0.472162
4.627 0.306671
4.60133 0.98192
4.60001 0.854151
4.59998 0.845325
5.86991 3.30834
5.83788 3.3125
4.72263 -0.344673
4.73221 -0.390403
5.0766 2.99842
5.0451 2.95741
4.69851 -0.219924
4.7036 -0.247385
5.39268 -2.01179
5.37173 -1.99255
5.23458 -1.82289
5.24616 -1.83939
4.70247 2.01905
4.69864 2.00049
4.8752 2.63874
4.86752 2.619
5.67722 3.32009
5.6619 3.3195
6.49742 -1.8305
6.53494 -1.80261
4.65773 1.74421
6.25002 -1.98551
6.27099 -1.97355
5.4089 3.26244
5.59853 3.31359
5.14177 3.07607
5.09756 3.02629
7.80822 0.329338
7.78603 0.149402
5.04898 -1.45942
5.06728 -1.50163
4.68516 1.92799
4.67355 1.85686
7.442 -0.803326
7.55516 -0.586712
4.74896 2.23521
4.76675 2.30771
6.82032 -1.56926
7.34483 -0.957589
7.44177 -0.80372
7.41847 2.05458
7.48121 1.93769
7.25198 2.31832
7.28869 2.26575
7.63793 1.57818
7.59327 1.69378
7.73796 1.24421
7.70668 1.36376
7.77328 0.0777135
7.73485 -0.092989
5.21157 3.14223
5.32654 3.22219
5.61032 3.31538
7.8146 0.415271
4.99652 -1.32288
5.08009 -1.52936
5.14824 -1.67514
4.68895 1.94825
4.76718 -0.551301
4.79966 -0.682718
5.21377 -1.7913
5.17928 -1.73049
4.73085 2.15782
4.71134 2.06416
7.44193 -0.803444
5.90731 3.30193
6.69791 -1.67668
6.63441 -1.72747
6.57412 -1.77432
7.29889 -1.02632
7.81884 0.559885
7.57074 1.74679
7.58209 1.72034
5.34033 -1.96066
5.28546 -1.89581
4.78903 2.38506
4.80107 2.42606
7.05381 2.57015
7.81302 0.762969
7.8122 0.777858
7.79971 0.898351
7.79339 0.952547
4.68376 -0.134833
7.14404 -1.22949
4.83758 2.5402
4.83971 2.54682
4.8431 2.55623
7.15787 2.44522
7.13624 2.47251
7.78335 1.01745
7.75486 1.17152
7.17059 2.42873
7.49397 1.91228
7.39143 2.10203
7.33813 2.19035
7.69277 1.41074
7.64879 1.5464
7.8112 0.789525
4.6376 1.58017
4.6465 1.65887
5.48525 -2.07829
5.45899 -2.06142
5.81764 3.31543
5.76689 3.31987
5.50819 -2.09184
5.35538 -1.97739
4.641 0.167555
5.02029 2.92288
6.22321 -1.99979
4.96015 -1.22372
4.61917 1.37887
7.11649 -1.26234
4.65601 0.052407
4.63128 0.262872
4.91371 -1.08297
6.48276 3.06212
5.54196 -2.10657
4.81773 -0.754527
5.95417 -2.11125
4.95071 -1.19645
