6.41285 2.19673
6.35918 2.22474
5.83584 2.27811
5.78356 2.258
6.54006 -0.855339
6.62979 -0.783584
7.13166 1.24006
7.12701 1.25444
5.21885 0.97769
5.2261 1.08401
5.47102 -0.509103
5.46644 -0.498705
5.92845 -0.992544
5.87666 -0.970561
6.11822 -1.01807
6.18897 -1.0089
7.10502 -0.0969953
7.12907 -0.0327298
5.21967 0.55947
5.22692 0.459266
7.22983 0.455772
7.21693 0.33726
6.19748 2.28662
6.30139 2.25113
6.46576 2.16334
6.43104 2.18534
5.98706 2.31018
5.97676 2.30858
6.78358 -0.633087
6.79302 -0.622235
6.53489 -0.858618
6.43888 -0.918141
6.9428 -0.419184
6.93171 -0.437116
5.2397 1.2086
5.23224 1.14587
7.19916 0.980848
7.20056 0.974014
7.22916 0.741855
7.23097 0.718422
5.56777 -0.682889
5.56411 -0.677516
5.33517 1.64591
5.34605 1.67661
5.27902 1.43253
5.26627 1.36857
5.50524 2.00884
5.52073 2.02898
5.40912 1.83895
5.40787 1.83629
5.63484 2.1571
5.58934 2.11407
6.79436 1.86293
6.80565 1.84904
7.02482 1.50237
7.00291 1.54549
6.9044 1.71471
6.91861 1.69318
5.74419 -0.887117
5.69323 -0.838362
6.31253 -0.977556
6.31204 -0.977704
7.08606 -0.145349
7.04263 -0.239549
7.16767 0.0940061
7.19252 0.196356
5.39102 -0.31719
5.39225 -0.320496
5.28132 0.0866716
5.26385 0.174509
5.21342 0.79389
5.21384 0.837581
5.24818 0.272452
5.24249 0.31225
7.23209 0.503979
7.23465 0.584655
7.17112 1.10043
7.15692 1.15516
7.1061 1.31353
7.09764 1.33543
7.20312 0.95944
7.17915 1.07014
7.21493 0.877625
6.72688 1.94154
6.69295 1.97627
5.31799 -0.0781313
5.31549 -0.0680976
6.55376 2.09983
6.58116 2.07818
6.75667 1.90852
6.6468 2.02137
6.61748 2.04825
6.51201 2.1321
6.517 2.12897
6.82664 1.82191
6.84663 1.79617
5.34503 -0.171004
5.35194 -0.194789
6.35857 2.22506
6.34073 2.23335
7.22585 0.780585
7.22218 0.819932
7.2195 0.845219
5.30359 -0.0182266
5.30049 -0.00477164
5.21352 0.751112
5.21384 0.707277
5.72048 2.2223
5.88451 2.29386
6.80502 -0.607522
6.86441 -0.531655
6.65911 -0.758597
6.53941 -0.855778
5.22691 1.09461
5.21723 0.948563
5.47603 -0.519819
5.43059 -0.415393
5.62593 -0.761952
5.57434 -0.691901
5.3043 1.54102
5.29884 1.51841
5.45497 1.92533
5.49684 1.99672
6.97352 1.59988
6.92619 1.68093
5.83556 -0.950915
6.01511 -1.01346
6.21485 -1.00553
6.03089 -1.01523
7.13191 -0.0241858
7.08881 -0.139007
5.29579 0.0161092
5.21756 0.595557
5.22914 0.434756
7.21482 0.322301
7.23035 0.462298
5.99596 2.31013
6.09165 2.30653
6.16315 2.29323
6.30454 2.25004
6.42598 -0.92572
6.31262 -0.977516
5.6845 2.199
6.71388 -0.705307
6.91726 -0.458703
6.99186 -0.335654
5.21417 0.858686
5.24183 1.22337
5.3934 -0.323454
5.41705 -0.382852
5.51875 -0.59878
5.65454 -0.798285
5.37167 1.74716
5.31787 1.59029
5.25747 1.32162
5.56519 2.08611
5.41045 1.84151
7.0663 1.41415
6.85833 1.7802
7.06971 1.40657
5.77452 -0.909636
6.02267 -1.01498
7.0269 -0.270429
7.16368 0.0790213
7.19524 0.209786
5.36013 -0.221199
5.33315 -0.13144
5.26075 0.192534
5.21339 0.77244
5.24155 0.31971
5.21434 0.686535
7.23467 0.599363
7.23219 0.684423
7.07243 1.40056
6.59407 2.06774
6.5225 2.1252
6.41445 2.19572
7.13737 1.22368
