6.0547 -2.74834
6.00023 -2.78931
4.57574 -1.52163
4.54788 -1.39761
8.0642 -0.281525
8.07504 -0.246098
8.1804 0.424919
8.18085 0.439818
4.22361 1.35829
4.22066 1.32034
4.21341 0.850304
4.21281 0.816914
6.8543 3.32602
6.83102 3.34527
4.33893 -0.445975
4.35556 -0.535629
4.27757 2.05972
4.27848 2.06776
4.26089 1.9087
4.25195 1.80901
4.86111 -2.72556
4.84787 -2.67123
4.84187 -2.64923
4.82796 -2.58537
4.24321 0.229875
4.2406 0.257336
7.84891 -0.827119
7.87055 -0.783267
5.39095 -3.18339
5.40404 -3.17476
6.43562 3.63674
6.40031 3.65811
7.85297 2.00095
7.87641 1.94857
4.35976 2.61657
4.34306 2.51375
4.79183 -2.42452
4.79401 -2.43783
7.14586 3.05149
7.21277 2.98129
8.13128 1.10444
8.11956 1.16966
5.20785 -3.25601
5.25141 -3.24644
5.16427 -3.26686
5.11536 -3.26286
7.46347 2.67303
7.49607 2.62926
7.64931 -1.17676
7.6432 -1.18609
7.65872 2.37784
7.67222 2.35399
4.67169 3.55624
4.74453 3.65875
5.53481 -3.09971
5.60042 -3.05988
8.01752 1.57607
7.99376 1.64769
5.88927 -2.86698
5.84295 -2.8991
8.18284 0.577155
8.18049 0.659017
5.04259 -3.22202
5.04457 -3.22316
4.95355 -3.05663
4.93532 -2.99957
4.89253 -2.85321
4.89761 -2.868
4.66872 -1.9113
4.68625 -1.98702
5.64083 -3.0334
5.60172 -3.05915
4.9809 -3.12064
4.96174 -3.073
4.60214 -1.63041
4.59489 -1.60031
6.64916 3.48971
6.61776 3.51224
6.01826 3.85104
6.04897 3.83886
5.77126 3.93554
5.7003 3.95073
4.42804 2.93842
4.42458 2.92301
7.10384 3.09497
7.29104 2.89277
7.25533 2.93383
7.54566 -1.32851
7.57369 -1.28884
7.03347 -1.92352
7.07346 -1.88381
6.87102 -2.08058
6.88248 -2.07035
6.65844 -2.26851
6.66408 -2.26348
6.41665 -2.46872
6.40415 -2.47922
4.64039 -1.79171
4.64612 -1.81592
7.97159 -0.552175
7.95438 -0.596126
7.71978 -1.06283
7.75685 -0.999436
4.50696 3.20349
4.4959 3.17273
6.13505 -2.68804
6.12375 -2.69704
6.9559 3.23643
7.00927 3.18635
4.29701 2.20406
4.30969 2.29087
7.16734 -1.78394
7.22618 -1.72011
4.52846 -1.31289
4.54107 -1.36637
4.59057 -1.58331
4.46394 -1.03935
4.46471 -1.04285
4.21287 1.00738
4.21267 0.977304
4.23024 1.50435
4.22922 1.48571
4.3799 -0.654625
4.36667 -0.591705
4.22399 0.488936
4.22542 0.464929
5.4968 3.97802
5.45942 3.9801
5.38756 3.97864
5.4107 3.97918
4.314 2.31427
4.31756 2.34161
4.26425 0.022411
4.26525 0.0140687
4.30418 -0.25314
4.29939 -0.223827
5.46325 -3.14234
5.42773 -3.16262
5.36322 -3.19638
7.93554 1.80604
7.96004 1.74223
7.7577 2.19705
7.78479 2.14416
4.35998 2.61778
4.3792 2.71965
4.93418 3.83489
4.90708 3.81688
5.02647 3.88927
5.08852 3.91671
5.09133 3.91787
5.15743 3.94054
5.33839 3.97467
5.29985 3.97086
4.80895 -2.49668
4.77698 -2.36015
8.08129 1.34791
8.05446 1.45294
7.36756 2.80039
7.43102 2.71847
7.49923 2.62469
7.55767 2.53975
6.95373 -2.00235
6.97846 -1.97909
7.61818 2.44523
7.63152 2.42334
4.57927 3.38416
4.55496 3.33075
4.63712 3.49773
4.62327 3.47461
4.53285 3.27406
4.5518 3.3227
4.72659 -2.1496
4.72557 -2.14513
4.76148 -2.29425
4.7592 -2.28336
5.76817 -2.94957
5.8062 -2.92398
5.75966 -2.95602
5.74427 -2.96707
4.70784 -2.07689
4.70349 -2.05902
8.08415 -0.213315
8.01451 -0.436729
7.99786 -0.482476
8.16348 0.21
8.16538 0.22792
8.13872 0.0265557
8.13977 0.0334519
6.69746 3.4525
6.72601 3.43066
6.91066 3.27657
6.93331 3.25668
5.99396 3.86138
5.89282 3.89905
5.86539 3.90847
5.81784 3.92211
5.65786 3.96028
4.26301 1.93159
4.26311 1.93248
4.29232 2.17224
6.21316 3.76308
6.19785 3.77025
6.26921 3.7342
6.26912 3.73425
6.5061 3.59056
6.49074 3.60122
4.40272 2.83085
4.41477 2.88321
4.44022 2.9856
7.23138 2.96095
7.3016 2.88079
6.78563 -2.15829
6.78568 -2.15825
7.11094 -1.84424
4.66222 3.54262
8.17608 0.73262
8.1732 0.772407
6.72721 -2.20861
6.72207 -2.21315
6.60273 -2.31541
6.49006 -2.40921
6.4677 -2.42778
6.36666 -2.50855
6.34063 -2.52952
4.64833 -1.82656
4.62329 -1.71789
4.49139 -1.15681
4.4943 -1.16899
4.23613 1.60131
4.23696 1.61401
4.22015 0.568908
4.219 0.595335
7.44867 -1.45972
7.45145 -1.45623
7.35321 -1.57681
7.36431 -1.56378
4.41606 -0.821039
4.40945 -0.790438
4.44055 -0.9334
4.43697 -0.916648
4.21379 1.07477
4.21434 1.1043
6.15408 -2.67355
6.21478 -2.62725
8.039 -0.363779
4.8547 3.77519
4.83606 3.75774
8.17308 0.312907
8.17962 0.408138
4.21551 0.723301
4.21378 0.757263
7.05682 3.14147
7.03257 3.16452
6.75204 3.41033
6.80658 3.36525
4.27649 2.05264
4.27032 1.9961
5.32756 -3.21382
5.32173 -3.21729
6.33602 3.6965
6.33006 3.70017
8.16326 0.874176
8.16649 0.846358
8.15073 0.977222
8.16058 0.901523
4.48881 3.1529
4.47554 3.11048
5.6808 -3.00765
8.11036 -0.111662
6.54563 3.56388
6.58172 3.53787
5.63869 3.96355
7.30239 -1.63581
7.25036 -1.69417
5.94548 -2.8277
5.93472 -2.83489
8.13774 0.0208527
8.1302 -0.0164005
4.66477 -1.89711
4.65451 -1.85563
4.21847 1.2313
4.21867 1.26809
4.24692 1.74742
4.2465 1.74168
4.77546 -2.35243
7.32977 2.84571
7.36182 2.80755
4.51781 3.23486
4.52496 3.25543
4.7523 3.66865
4.76259 3.67987
6.55067 -2.35932
6.54138 -2.36734
6.10373 3.8148
6.12673 3.80409
4.22006 1.2948
4.22475 1.39862
4.21365 0.786803
4.21257 0.883558
4.35847 -0.550839
4.32926 -0.39403
5.55091 3.97468
5.54726 3.9751
4.86672 -2.75392
4.84388 -2.6559
4.81726 -2.54398
4.81197 -2.51489
4.27313 -0.0464581
4.28104 -0.105605
4.23384 0.344812
4.2521 0.135233
7.90411 -0.711131
7.81505 -0.892939
5.3167 -3.22046
7.89579 1.90335
7.83154 2.04763
4.33804 2.47921
4.35992 2.61746
4.45706 3.04933
4.45667 3.04813
5.22723 3.95826
5.26433 3.96479
8.14274 1.03391
8.10802 1.22789
5.18478 -3.26373
5.29354 -3.2312
5.08479 -3.25392
7.31933 -1.6166
4.60662 3.44046
4.58762 3.40391
5.60098 -3.05958
5.50508 -3.11583
4.88185 -2.80599
5.04142 -3.22078
4.91505 -2.93281
4.90658 -2.89987
4.92063 -2.95598
4.95748 -3.06513
5.65548 -3.02344
4.99611 -3.1462
5.00715 -3.17437
7.78734 -0.944377
7.92269 -0.669628
7.69579 -1.10256
7.59697 -1.25469
7.49373 -1.40157
8.18335 0.553604
6.27711 -2.57951
6.29056 -2.56845
6.24919 -2.60149
4.47815 -1.10133
4.47924 -1.10593
4.24086 1.67001
4.24197 1.68577
7.4019 -1.51813
7.40834 -1.51031
7.49372 -1.40158
5.98458 -2.80048
5.97354 -2.80797
6.08205 -2.72862
4.50485 -1.21213
4.51373 -1.24923
4.4701 -1.06693
4.45081 -0.979751
4.21278 0.94393
4.21314 1.0408
4.22721 1.44353
4.23282 1.54986
4.31992 -0.340815
4.38483 -0.679055
4.22813 0.421134
4.22179 0.530139
5.44243 3.97985
5.55605 3.97399
5.37538 3.97814
4.28227 -0.114168
5.42079 -3.16614
5.46448 -3.14162
7.80699 2.09884
7.91929 1.84684
7.97228 1.70901
7.73627 2.23831
4.32743 2.40928
4.38785 2.76005
4.87161 3.78874
4.96537 3.85564
5.00607 3.87832
5.09049 3.91757
5.19842 3.95106
8.09038 1.30918
8.05125 1.46465
7.55858 2.53839
7.61514 2.45011
7.43242 2.71664
7.49612 2.6292
7.71034 2.28603
7.49371 -1.40159
7.49358 -1.40177
4.55412 3.32852
4.70826 -2.07872
4.74263 -2.21427
4.74419 -2.22166
8.02868 1.54142
5.90923 -2.85348
8.17007 0.274911
8.15812 0.161409
5.88332 3.9027
6.05295 3.83707
4.40195 2.82765
4.41961 2.90292
6.785 -2.15884
6.66924 -2.25902
6.53125 -2.3761
6.42891 -2.45898
6.30408 -2.55804
4.21788 0.632637
4.45498 3.04206
4.40376 -0.764902
4.42309 -0.853547
4.42823 -0.877277
4.2154 1.1392
8.18334 0.546818
4.21658 1.19572
4.21581 0.688166
5.48367 -3.12934
6.46283 3.61915
7.94096 -0.627818
4.25166 1.80528
4.3959 -0.727326
5.88719 3.90122
5.46467 -3.1415
8.02371 1.55736
5.83444 -2.90469
8.15621 0.145725
8.11345 -0.0985729
6.14457 3.79561
4.26323 1.93349
6.26825 3.73471
6.32482 3.7033
4.80403 3.7262
4.39565 2.79766
6.38954 3.66457
