7.5865 0.0431472
7.59916 0.0964121
7.55744 1.25575
7.55034 1.2838
5.32953 -1.43501
5.34992 -1.46392
4.80113 1.29724
4.80255 1.31493
5.02768 -0.753913
5.00901 -0.693802
4.89504 -0.247064
4.89334 -0.238365
5.49484 -1.63152
5.45065 -1.58698
5.09333 -0.944872
5.11838 -1.01091
6.60452 2.71356
6.56751 2.74127
6.90635 2.44498
6.94063 2.40756
4.80824 0.32442
4.80942 0.312621
4.78584 0.781563
4.7841 0.830778
5.0923 2.50252
5.13186 2.57541
6.15676 -1.7285
6.18016 -1.71977
7.18547 -0.8636
7.15829 -0.903805
6.15041 2.9583
6.22752 2.9289
5.94003 3.00833
5.85838 3.01485
6.63139 -1.45655
6.53244 -1.52955
7.09165 2.22425
7.05948 2.26642
7.54067 -0.137438
7.5126 -0.222844
7.61003 0.158143
7.61982 0.215531
7.50273 -0.252002
7.50364 -0.249609
7.40222 -0.490823
7.3759 -0.545683
7.41326 1.67213
7.41 1.67948
7.48168 1.49932
7.47765 1.51031
5.52981 2.95762
5.5356 2.95998
5.33295 2.82987
5.32985 2.82702
5.26689 -1.32923
5.24997 -1.30017
4.807 1.36399
4.81895 1.47462
4.84308 1.64942
4.85185 1.70581
5.84732 -1.78215
5.85587 -1.78212
5.64229 -1.72956
5.65264 -1.73532
4.97732 -0.587025
4.96858 -0.554473
5.16648 -1.12684
5.14201 -1.07165
4.89512 1.93022
4.89916 1.9465
4.83806 0.0815293
4.82385 0.185764
5.19196 2.66834
5.14486 2.59841
4.93886 2.09854
4.96998 2.20469
6.23587 -1.69813
6.31228 -1.66092
6.04127 -1.76401
6.04235 -1.76371
7.0375 -1.06028
7.01132 -1.09126
6.33877 2.87937
6.36613 2.86531
5.81966 3.01637
5.73255 3.01089
6.66011 -1.43297
6.72781 -1.37711
6.43268 -1.59472
6.51997 -1.53781
7.27049 -0.735717
7.27592 -0.726773
7.64222 0.441479
7.63593 0.348413
7.64519 0.624338
7.64572 0.559884
7.62771 0.892838
7.62672 0.901285
4.9182 -0.350225
4.92659 -0.386263
6.55787 2.7482
6.4738 2.8035
7.10033 -0.982451
7.10742 -0.973403
6.89169 -1.22125
6.83872 -1.27526
7.29502 1.9102
7.27569 1.94567
4.7852 0.961507
4.78544 0.991624
4.79795 0.448546
4.7968 0.463411
4.87523 -0.142356
4.86676 -0.0965916
7.44764 -0.391312
7.4572 -0.369364
7.57842 1.17204
7.56999 1.20811
7.5414 1.31635
7.52803 1.36095
6.73087 2.61333
6.80095 2.54982
7.16149 2.12833
7.16119 2.12876
7.6366 0.802859
7.64097 0.744696
7.54248 -0.131369
7.41909 -0.456534
7.34577 -0.604356
7.36343 -0.570377
7.44868 1.58714
7.50765 1.42558
4.79586 1.22556
4.79025 1.11582
5.60011 -1.70779
4.80809 0.325957
4.80254 0.390386
4.78932 0.598522
4.78757 0.651233
4.78418 0.862707
5.04973 2.41505
5.04554 2.40458
6.68597 2.64992
6.72175 2.62101
7.58832 1.12814
7.5901 1.12052
7.61761 0.963069
7.60633 1.03696
4.89978 -0.269425
4.94256 -0.452805
7.34426 1.81788
7.32422 1.85674
7.26902 1.95704
7.27364 1.94924
7.44554 1.59495
4.7882 1.04013
4.78892 1.09066
4.79661 1.23729
5.70607 -1.75599
5.71017 -1.75726
6.64661 2.68262
6.64878 2.68087
4.79037 0.57424
4.79315 0.520841
4.78621 0.701913
4.78525 0.731536
5.01221 2.32384
5.01238 2.32431
7.0648 -1.0268
7.08911 -0.997069
7.23689 2.01102
7.22114 2.03645
5.05551 2.4281
7.54435 -0.124864
4.95114 -0.486775
7.6 0.101086
7.57538 -0.00729733
5.43073 2.90442
5.42327 2.89943
5.29768 -1.38321
5.38268 -1.50668
4.80627 1.35683
4.80102 1.29595
4.87191 1.8193
4.87008 1.80931
5.05848 -0.85049
4.99714 -0.654741
5.50907 -1.64276
5.42117 -1.55679
5.1282 -1.0368
5.0597 -0.853897
6.56278 2.74472
6.64408 2.68469
6.99517 2.34618
6.87243 2.47975
5.13848 2.58772
6.21047 -1.70769
6.13799 -1.73615
7.14324 -0.923906
7.21635 -0.819208
6.96465 -1.14574
6.96912 -1.14078
6.06515 2.98362
6.25655 2.91769
6.01737 2.99515
5.83587 3.01664
6.53152 -1.53022
6.63312 -1.45515
7.01534 2.3217
7.11129 2.19821
7.64507 0.533419
7.64281 0.452897
6.3695 2.86338
6.4203 2.83549
7.62058 0.220663
7.37565 1.75456
5.63005 2.99191
5.4917 2.93712
5.31622 2.81282
5.25123 2.74532
7.63591 0.348239
5.23296 -1.26876
5.40869 -1.54127
5.20679 -1.2148
4.82285 1.50535
4.83416 1.59093
4.82886 1.5526
4.86781 1.7963
4.8857 1.88757
5.75246 -1.76912
5.83032 -1.78004
4.9641 -0.537532
5.05921 -0.85254
5.18871 -1.17517
4.92171 2.03787
4.84379 0.0429989
4.8218 0.202191
5.23707 2.72882
6.33487 -1.65029
6.95934 -1.15135
7.05616 -1.03771
6.3062 2.8954
6.05265 2.98743
5.67007 3.00081
6.04484 2.98952
6.73236 -1.37328
6.42437 -1.59944
6.81696 -1.29569
7.31674 -0.65593
7.25774 -0.755977
7.64459 0.669406
6.47219 2.80455
7.09722 -0.986566
4.85658 -0.0369929
7.56716 1.22008
7.5872 1.13374
7.51319 1.40977
7.59639 1.08552
7.60621 1.03767
6.81827 2.5337
6.72585 2.61755
7.00585 2.33345
7.20779 2.05719
7.16109 2.12891
7.63036 0.868164
7.64304 0.714401
7.50432 -0.247715
7.46362 -0.353914
7.3709 -0.555727
7.34086 -0.613555
7.62833 0.887921
7.36882 1.76901
7.30935 1.88466
5.94459 -1.77971
5.97814 -1.77488
5.69112 -1.75038
4.81505 0.259881
5.0135 2.32704
4.97858 2.23135
6.04391 -1.76323
5.53905 -1.66639
5.57101 -1.69028
7.37268 1.76088
7.57179 -0.0222686
5.92003 -1.78144
4.81465 0.263093
6.03763 -1.76471
5.66029 -1.73895
5.58035 -1.69585
