7.585 0.0428481
7.59799 0.0975054
7.55603 1.2557
7.54868 1.2847
5.32946 -1.43089
5.352 -1.46285
4.8025 1.29644
4.80304 1.30308
5.02911 -0.753121
5.01113 -0.695236
4.89637 -0.246313
4.89501 -0.239394
5.49532 -1.62844
5.45439 -1.58718
5.09486 -0.94403
5.12079 -1.01241
6.60298 2.71257
6.56438 2.74147
6.90653 2.44253
6.93933 2.40673
4.7873 0.781539
4.78553 0.831608
5.09403 2.50143
5.13515 2.57718
6.15498 -1.72686
6.17581 -1.7191
7.18483 -0.861938
7.15704 -0.903043
6.15054 2.95608
6.22514 2.92764
5.94018 3.006
5.85457 3.01284
7.08921 2.225
7.05823 2.26561
7.53958 -0.136418
7.5176 -0.203304
7.60566 0.14107
7.61832 0.215232
7.5004 -0.254109
7.50198 -0.249939
7.40045 -0.491176
7.37307 -0.548241
7.41223 1.67093
7.40846 1.67942
7.48062 1.49809
7.47616 1.51025
5.52998 2.95483
5.53836 2.95825
5.33313 2.82686
5.33191 2.82573
5.27064 -1.33156
5.25181 -1.29922
4.80866 1.36502
4.8204 1.47377
4.84481 1.6505
4.85328 1.70497
5.84775 -1.77941
5.85289 -1.77939
5.64631 -1.7285
5.65461 -1.73312
4.97763 -0.582356
4.96995 -0.55372
5.16813 -1.12593
5.14228 -1.06766
4.89663 1.92924
4.90121 1.94767
4.83944 0.0823287
4.82547 0.184766
5.19384 2.66716
5.14511 2.59482
4.94098 2.09969
4.97033 2.19982
6.23615 -1.69565
6.31062 -1.65939
7.0383 -1.05698
7.01069 -1.08964
6.34687 2.87318
6.36535 2.86369
5.82264 3.01409
5.7327 3.00844
6.63166 -1.45421
6.72624 -1.37616
6.43296 -1.59228
6.53075 -1.52852
7.26954 -0.734594
7.27412 -0.727036
7.64077 0.440934
7.63457 0.349266
7.64382 0.623823
7.64434 0.560753
7.62629 0.892786
7.6251 0.902891
4.91959 -0.349454
4.92846 -0.387525
6.55803 2.74603
6.4757 2.80019
7.09967 -0.98074
7.10831 -0.969721
6.89032 -1.22042
6.83942 -1.27232
7.29382 1.90942
7.27374 1.94627
4.78665 0.962344
4.78687 0.990791
4.7993 0.449323
4.79827 0.462507
4.87657 -0.141598
4.86843 -0.0976166
7.44509 -0.393621
7.4555 -0.369702
7.57533 1.17931
7.5684 1.20897
7.54033 1.31511
7.52632 1.36188
7.60485 1.03737
7.60463 1.03865
6.73105 2.61097
6.79953 2.5489
7.16345 2.12272
7.15992 2.12795
7.63529 0.802365
7.63936 0.748121
7.541 -0.131665
7.41799 -0.45551
7.34468 -0.603329
7.36501 -0.5642
7.44763 1.58592
7.50617 1.42553
4.79735 1.22649
4.79165 1.11501
5.60203 -1.70564
4.80946 0.326433
4.80395 0.390363
4.79076 0.597633
4.78898 0.65121
4.78561 0.861831
5.05135 2.41404
5.04812 2.40597
6.68451 2.64898
6.7189 2.62119
7.58689 1.12809
7.58896 1.11919
7.60533 1.03445
7.61638 0.962102
4.90014 -0.264097
4.94395 -0.452042
7.3436 1.81607
7.32233 1.85732
7.27137 1.9503
7.27301 1.94753
7.44402 1.5949
4.78967 1.04013
4.79041 1.09152
4.79799 1.23648
5.70652 -1.7531
5.7123 -1.75488
6.64518 2.6817
6.64598 2.68105
4.79175 0.575036
4.79457 0.520818
4.7876 0.702722
4.7867 0.730645
5.01253 2.31933
5.01402 2.32328
7.06353 -1.02602
7.086 -0.998541
7.23626 2.00929
7.21904 2.03709
6.04756 -1.75978
6.04156 -1.76145
5.0558 2.42409
6.47227 2.80243
6.46983 2.80389
7.54246 -0.126571
4.95273 -0.486832
7.59858 0.100804
7.57359 -0.00891501
5.4309 2.90161
5.42553 2.89802
5.29954 -1.38225
5.38821 -1.51012
4.80773 1.35598
4.80247 1.29595
4.87334 1.81846
4.87167 1.80932
5.05878 -0.846123
4.99858 -0.653943
5.51377 -1.64302
5.42166 -1.55366
5.12973 -1.03595
5.06208 -0.85538
6.56126 2.74374
6.64425 2.68246
6.99536 2.34367
6.87107 2.47887
5.14023 2.58662
6.20864 -1.70601
6.13828 -1.73368
7.14262 -0.922301
7.21509 -0.818438
6.96325 -1.14488
6.96991 -1.1375
6.06251 2.98222
6.25668 2.91546
6.02125 2.99218
5.83601 3.01431
6.53179 -1.52783
6.63162 -1.45424
7.01283 2.32247
7.11003 2.1974
7.64365 0.532888
7.64144 0.453764
6.36762 2.86239
6.41943 2.83394
7.6193 0.221863
7.37462 1.75337
5.63021 2.9893
5.47482 2.92517
5.32652 2.82011
5.25327 2.74404
7.63442 0.347678
5.23288 -1.26428
5.41081 -1.54018
5.20846 -1.21394
4.82454 1.5064
4.8356 1.59009
4.83043 1.55261
4.86959 1.7974
4.88597 1.88097
5.75291 -1.76627
5.83751 -1.77814
4.966 -0.538817
5.06074 -0.851692
5.1916 -1.17696
4.92322 2.03689
4.84544 0.0419862
4.82319 0.203001
5.23732 2.72544
6.33514 -1.64784
6.95533 -1.15325
7.05554 -1.03611
6.30533 2.89363
6.05172 2.98552
5.67275 2.99876
6.04498 2.98733
6.73264 -1.37077
6.42243 -1.59826
6.81549 -1.29479
7.31576 -0.654779
7.25876 -0.751715
7.6432 0.670279
6.47235 2.80238
7.09588 -0.985751
4.85794 -0.036221
7.56608 1.21882
7.58558 1.13462
7.51213 1.40853
7.59503 1.08547
7.60497 1.0367
6.81845 2.5313
6.72436 2.61659
7.00461 2.33265
7.2066 2.05643
7.15872 2.12963
7.62947 0.863269
7.6417 0.713897
7.50317 -0.24664
7.4625 -0.352866
7.36984 -0.554732
7.33901 -0.613923
4.80957 0.325191
4.80958 0.325042
7.62703 0.886904
7.36696 1.76958
7.30871 1.8829
5.94501 -1.77707
5.97571 -1.77265
5.68547 -1.7452
4.81654 0.259857
5.02345 2.34626
4.98018 2.23034
6.03705 -1.76216
5.5417 -1.66503
5.57147 -1.68729
7.37129 1.76045
7.57065 -0.021197
5.92253 -1.77865
4.81604 0.2639
5.66074 -1.73603
5.58416 -1.69485
