7.6895 -0.276768
7.7116 -0.208118
5.5082 3.31212
5.42998 3.28832
5.09114 3.04232
5.11369 3.06928
7.80133 0.193619
7.81301 0.2871
4.5952 1.10536
4.59505 1.10243
4.95421 -1.2402
4.95323 -1.23757
4.62144 1.51179
4.62557 1.55167
4.59833 0.593
4.59864 0.585117
4.92803 2.78795
4.94575 2.82283
7.13823 -1.25154
7.13847 -1.25126
4.66878 -0.100537
4.65691 -0.0214213
7.51671 -0.683446
7.50613 -0.704016
6.27805 3.18999
6.37343 3.14046
4.75407 2.30085
4.74127 2.24877
5.74152 3.33589
5.7127 3.3364
6.68276 2.93337
6.72705 2.89849
6.87269 -1.5333
6.8527 -1.55251
7.40016 -0.8885
7.38502 -0.912682
7.46266 1.99209
7.44748 2.02039
7.63156 1.61924
7.61535 1.66145
7.72555 1.32652
7.73895 1.27573
7.75477 -0.0492625
7.77143 0.0247985
7.62655 -0.446067
7.60875 -0.489784
5.30847 3.23135
5.21147 3.16337
5.00514 -1.37731
5.02035 -1.41819
5.12905 -1.66525
5.09529 -1.59479
6.52267 3.04828
6.55849 3.02452
4.60036 1.23567
4.60385 1.29504
4.65527 1.79583
4.65695 1.80833
6.13477 -2.0588
6.19628 -2.02898
5.74891 -2.16179
5.78789 -2.16206
5.58757 -2.1446
5.59304 -2.14673
4.78326 -0.658117
4.7739 -0.620937
4.83648 -0.859836
4.82694 -0.824921
5.17872 -1.75831
5.1931 -1.78389
4.62642 0.21902
4.62381 0.243369
4.59278 0.719873
4.59231 0.741558
4.70924 2.10656
4.71393 2.12773
6.14837 3.24604
6.25633 3.20043
6.9162 2.72891
6.84869 2.79355
6.64268 2.96412
6.39658 -1.91265
6.3332 -1.95116
6.79775 -1.60327
6.7382 -1.65497
6.98197 -1.42459
6.91597 -1.4918
7.27013 -1.08103
7.3005 -1.03964
7.82674 0.510697
7.82503 0.44718
4.59127 0.91336
4.59125 0.912576
4.9231 -1.14549
4.92943 -1.16608
4.73619 -0.452919
4.75248 -0.528303
5.27967 -1.91572
5.26941 -1.90104
6.99925 -1.4068
7.00471 -1.40118
7.01786 2.6242
7.00255 2.64071
7.80204 0.95129
7.80326 0.94198
4.69373 -0.245111
4.69296 -0.240851
7.82645 0.621519
7.82597 0.664217
7.72434 -0.165083
7.67233 -0.326443
6.0608 -2.08966
6.09164 -2.07848
5.60461 -2.14882
5.69082 -2.16316
7.04719 -1.35419
7.06955 -1.32966
6.39568 3.12706
6.26153 3.19828
7.7855 1.05536
7.76817 1.14817
7.38449 2.13079
7.35201 2.18446
7.30158 2.26311
7.30943 2.25121
7.21285 2.3876
7.24216 2.34784
7.67563 1.4935
7.68572 1.46298
7.65069 -0.384745
7.59037 -0.530831
7.57415 -0.567012
6.58833 3.00422
6.50181 3.06229
4.64244 1.70252
4.63972 1.67999
4.61698 1.467
4.61335 1.42335
5.98866 -2.11741
5.90626 -2.14166
5.93776 -2.1331
5.86543 -2.14927
5.88724 -2.14638
5.59635 -2.14769
5.53454 -2.12587
4.85554 -0.92883
4.96671 2.85888
4.99371 2.90691
5.9477 3.30819
5.98461 3.29879
6.03416 3.28537
6.09114 3.26558
6.12621 3.25388
6.2594 3.19919
6.44346 3.09889
5.62357 3.33185
5.66096 3.33505
6.79778 2.83792
6.29821 -1.97307
6.44195 -1.88169
6.90009 -1.50786
4.59207 0.977169
4.59207 0.976859
4.59984 1.22665
4.59738 1.16735
4.87015 -0.977042
4.89365 -1.05307
4.61456 0.342237
4.60676 0.449618
4.64071 0.0980156
4.63458 0.145577
4.5928 0.719222
4.59543 0.65436
4.79778 2.45296
4.80778 2.48553
4.77181 2.36723
4.7631 2.33656
7.11744 2.51022
7.12234 2.50449
6.93766 2.7074
6.97664 2.66748
7.22797 -1.13772
7.24802 -1.11208
7.81512 0.83426
7.81204 0.868673
4.59493 1.04036
4.63061 1.60384
4.63512 1.6442
4.61898 1.4875
4.80899 -0.759478
4.79944 -0.722241
5.42365 -2.06192
5.42707 -2.06476
4.60345 0.523928
7.53674 1.84355
7.54628 1.82323
4.90344 2.7352
4.88436 2.69019
4.60731 1.34746
4.60817 1.35919
4.66546 1.86791
4.6661 1.87251
4.8649 -0.959834
5.15638 -1.71899
5.14337 -1.69565
4.60549 0.467067
4.61721 0.312678
5.86902 3.32286
5.84447 3.32606
4.71401 -0.349555
4.72114 -0.383609
5.0365 2.97001
5.02663 2.95717
5.35437 -2.00147
5.3757 -2.02106
5.22061 -1.83007
5.22641 -1.83834
4.69042 2.01156
4.68811 2.00038
4.8646 2.6454
4.85083 2.60998
6.49574 -1.84533
6.54498 -1.80872
4.64809 1.74416
6.24825 -2.00105
6.28076 -1.98251
4.59077 0.848796
4.59139 0.785346
5.40782 3.28006
5.5784 3.32623
5.12819 3.08459
5.07863 3.02604
7.81631 0.321761
7.79541 0.152919
5.04956 -1.49241
5.05606 -1.5074
4.67569 1.93351
4.67146 1.90788
7.45305 -0.801121
7.56124 -0.593885
4.73624 2.22729
4.75578 2.30802
6.82895 -1.57452
7.35084 -0.964678
7.43497 -0.832042
7.42417 2.06224
7.49082 1.93815
7.25771 2.32602
7.29945 2.26627
7.6473 1.5773
7.59676 1.70794
7.74673 1.24339
7.71355 1.37056
7.82109 0.768487
7.82075 0.776315
7.78078 0.0706931
7.74438 -0.091089
5.21034 3.16245
5.31029 3.2324
5.60938 3.33091
7.8235 0.418611
4.98633 -1.32812
5.06061 -1.51725
5.13641 -1.68122
4.67706 1.94088
4.75872 -0.556088
4.78764 -0.675341
5.21018 -1.81424
5.16239 -1.72959
4.72136 2.16374
4.70073 2.06406
7.44781 -0.810363
5.91377 3.3152
6.69623 -1.69145
6.64394 -1.73328
6.5963 -1.77161
7.31082 -1.02456
7.82738 0.554515
7.58065 1.74585
7.58876 1.72694
5.24567 -1.86629
5.32455 -1.96876
4.77443 2.37598
4.78924 2.42639
7.06372 2.57296
7.80903 0.892491
7.80152 0.955595
4.6754 -0.139564
4.69599 -0.257435
7.13896 -1.25066
4.82246 2.53078
4.82964 2.5531
4.84104 2.58483
7.16127 2.45552
7.12681 2.49902
7.79272 1.01156
7.76184 1.17841
7.18154 2.42926
7.49984 1.92018
7.40123 2.1025
7.34366 2.19779
7.70191 1.40988
7.65557 1.55311
4.59077 0.850925
7.82046 0.780959
4.63608 1.6524
4.6286 1.58541
5.46463 -2.08889
5.42076 -2.05938
5.81675 3.33006
5.77368 3.33383
5.50493 -2.11268
5.35196 -1.99923
4.63128 0.173526
5.01886 2.94635
5.38786 -2.03229
5.6664 3.33519
6.23327 -2.00903
4.95275 -1.23628
4.60921 1.37268
7.13753 -1.25236
4.64862 0.0390607
4.62207 0.263021
4.5914 0.784727
4.59141 0.784123
6.59555 -1.77221
4.59206 0.976547
4.90662 -1.095
6.48424 3.07399
5.51018 -2.11497
4.62823 1.58177
5.96758 -2.12356
4.95134 -1.23219
