5.78946 2.18599
5.79095 2.18657
6.80123 -0.539383
6.75852 -0.588826
6.55459 -0.778222
6.59274 -0.747712
7.08899 1.23849
7.07609 1.27848
6.93945 1.57688
6.88893 1.65853
5.74966 -0.807592
5.75177 -0.809308
6.20227 2.22195
6.22899 2.21282
6.41779 2.12997
6.43933 2.11632
6.32598 -0.906104
6.38745 -0.878388
5.92376 2.23137
5.99265 2.24209
6.86328 -0.456896
6.89892 -0.405365
5.25852 0.953193
5.25367 0.838983
5.28049 1.18341
5.27178 1.11008
7.14678 1.033
7.15916 0.972489
5.51604 -0.484242
5.5557 -0.558953
5.61799 -0.655159
5.57044 -0.585449
5.37759 1.6185
5.4114 1.71392
5.31838 1.4071
5.31641 1.39719
5.55532 1.97649
5.59626 2.02972
5.45508 1.80926
5.41677 1.72779
5.69 2.12146
5.68734 2.11895
6.64592 1.9569
6.62309 1.97778
6.99556 1.46821
6.9477 1.56243
5.93347 -0.919684
5.96247 -0.927969
6.12292 -0.949824
6.10635 -0.948781
7.12102 0.0802746
7.09577 -0.000484774
7.03214 -0.161221
7.01041 -0.208353
5.40373 -0.213707
5.4345 -0.29649
5.37107 -0.103117
5.36146 -0.0683832
5.31931 0.108257
5.31269 0.14155
5.282 0.334701
5.27039 0.432424
5.2583 0.581421
5.25352 0.703873
7.19139 0.494037
7.19389 0.572658
7.15778 0.230678
7.1742 0.324682
7.12349 1.12638
7.11641 1.15366
7.04467 1.36022
7.04267 1.36538
7.1735 0.89102
7.13879 1.06866
6.58706 2.00874
6.69607 1.90557
6.74867 1.84727
6.45815 2.1036
6.49111 2.08292
6.7978 1.78824
6.8022 1.78258
5.3843 -0.14869
5.39778 -0.195074
7.18568 0.791297
7.18854 0.76067
5.78913 2.1858
5.8902 2.22451
6.69044 -0.661855
6.83191 -0.50019
6.67424 -0.678268
6.49831 -0.815988
5.26758 1.06949
5.25976 0.972843
5.48289 -0.417614
5.47207 -0.392483
5.34559 1.51434
5.35673 1.55146
5.50031 1.89604
5.50451 1.9032
6.78209 1.80854
6.75951 1.83493
6.86063 1.70103
6.94527 1.56691
5.84076 -0.875373
5.67875 -0.73393
6.2195 -0.937848
6.14894 -0.947037
7.08195 -0.0388929
7.05569 -0.106941
5.3421 0.00365652
5.34783 -0.0190107
5.26797 0.456821
5.25895 0.570002
7.17886 0.358106
7.18837 0.449943
6.13885 2.23416
6.30937 2.18486
6.43971 -0.852801
6.24721 -0.929916
6.0966 2.24136
6.07147 2.24167
5.69081 2.12214
6.68008 -0.672585
6.93937 -0.341319
6.96052 -0.305308
5.25356 0.834365
5.29027 1.25102
7.18079 0.837511
7.17584 0.876184
5.46321 -0.370572
5.46885 -0.384728
5.56379 -0.573907
5.66039 -0.713293
5.41363 1.72005
5.32434 1.43291
5.2974 1.29582
5.61747 2.05233
5.49584 1.88762
7.01335 1.43039
6.82901 1.74597
7.02959 1.39429
5.8421 -0.876093
6.02758 -0.943667
6.9703 -0.287088
7.13003 0.1116
7.15058 0.196641
5.39903 -0.199094
5.3328 0.0424839
5.3792 -0.131726
5.30006 0.214868
5.25291 0.771505
5.28808 0.290983
5.25344 0.70875
7.19398 0.639874
7.19273 0.682969
7.04256 1.36568
7.07434 1.28314
6.55019 2.03943
6.52749 2.05778
6.33112 2.17483
7.19167 0.712441
7.10666 1.18783
6.35321 2.16332
6.3862 2.1473
6.50717 2.07192
