4.52367 -1.41469
4.55702 -1.56311
8.09886 -0.250194
8.10174 -0.240771
8.2039 0.433735
8.20513 0.474849
4.19742 1.35832
4.1956 1.33493
4.18743 0.850334
4.18709 0.831878
6.85824 3.35745
6.84833 3.36565
4.31551 -0.459232
4.32636 -0.51771
4.23539 1.9162
4.22717 1.82446
4.80895 -2.72968
4.81542 -2.75621
4.78709 -2.61279
4.78621 -2.60715
4.2215 0.190665
4.21646 0.24367
4.27491 -0.235162
4.2753 -0.237466
7.8786 -0.821196
7.88747 -0.803208
5.36681 -3.28646
5.34061 -3.30332
5.50108 -3.1898
5.52484 -3.17376
6.43963 3.66879
6.43766 3.66998
7.87947 1.99845
7.89225 1.96989
4.32727 2.59743
4.31638 2.53038
5.23121 4.00588
5.27633 4.01381
4.75162 -2.42103
4.7583 -2.46179
7.15497 3.07908
7.19167 3.04057
8.15128 1.12422
8.14611 1.15298
4.9186 -3.32045
4.91871 -3.32731
7.48257 2.68807
7.50537 2.65745
7.68007 -1.17223
7.62711 -1.25309
7.67381 2.39815
7.71384 2.32746
8.02777 1.61766
8.01187 1.6656
5.69964 -3.05147
5.69326 -3.05662
4.95975 -3.46306
4.95986 -3.45339
5.09227 -3.46638
5.03923 -3.48801
4.84247 -2.89891
4.85313 -2.95665
4.85713 -2.98519
4.86842 -3.04157
4.66027 -2.0188
4.65609 -1.99859
5.65445 -3.08364
5.64458 -3.09013
4.89216 -3.17493
4.89245 -3.1763
5.21613 -3.3879
5.26858 -3.35393
5.09639 -3.46339
5.15373 -3.42944
5.98856 -2.84212
5.96462 -2.85915
6.65311 3.52118
6.63587 3.53355
6.21808 3.79575
6.17189 3.81845
6.04229 3.87753
6.0546 3.87265
5.77755 3.97336
5.7739 3.97414
4.24469 2.00774
4.24349 1.99583
4.39986 2.96148
4.39177 2.92539
4.44265 3.12463
4.43963 3.11309
7.13191 3.10293
7.56153 -1.34721
7.60615 -1.28407
7.06331 -1.92944
7.08046 -1.91242
6.90201 -2.08673
6.88941 -2.0987
4.73698 3.72006
4.76732 3.75625
8.20429 0.652328
8.2046 0.643861
6.65767 -2.30415
6.68067 -2.28366
6.43472 -2.49071
6.40453 -2.51606
6.22746 -2.65769
6.23986 -2.64758
4.59336 -1.72123
4.61246 -1.80199
7.98913 -0.572843
7.98218 -0.590579
4.93883 3.8974
4.94129 3.89904
7.75104 -1.05659
7.7732 -1.0187
6.08955 -2.76574
6.16086 -2.70897
6.95987 3.26811
7.03824 3.19456
4.26989 2.2138
4.28353 2.30718
4.23683 1.93222
4.23818 1.94706
7.3107 2.90837
7.31945 2.89791
7.17439 -1.81277
7.24693 -1.73408
6.0811 -2.77252
6.00207 -2.83111
4.48573 -1.24917
4.51038 -1.35367
4.56226 -1.5868
4.63494 -1.90855
4.63309 -1.89911
4.46578 -1.16518
4.46686 -1.16991
4.4332 -1.02049
4.43833 -1.04373
4.18751 1.02213
4.18722 0.977334
4.20537 1.51883
4.20354 1.48559
4.19773 0.505067
4.2001 0.465341
5.50377 4.01995
5.47231 4.0217
5.39488 4.02262
5.43561 4.02357
4.28478 2.31397
4.28581 2.3219
4.23686 0.0392349
4.24147 0.000607303
5.47506 -3.21051
5.45148 -3.22595
7.96114 1.80363
7.97631 1.76412
7.78526 2.19446
7.80032 2.16506
5.01865 3.93903
5.00301 3.93211
5.13384 3.98361
5.17003 3.99261
4.76621 -2.49297
4.74286 -2.38304
8.1002 1.3666
8.08267 1.43521
4.90656 -3.25898
4.90338 -3.24218
7.62919 2.47208
7.58486 2.54106
6.98499 -2.00855
6.98554 -2.00803
7.461 -1.48243
7.47119 -1.46952
7.38043 -1.58224
7.38451 -1.57738
4.52963 3.36904
4.52381 3.35625
4.70131 -2.19068
4.69024 -2.14207
4.73382 -2.33919
4.72147 -2.28009
5.815 -2.96676
5.84191 -2.94866
5.76759 -3.00266
4.63695 -1.9188
4.67729 -2.08861
8.10417 -0.232051
8.03346 -0.454469
8.02526 -0.477011
8.18487 0.189973
8.18987 0.237107
8.16392 0.036009
8.17015 0.0772823
4.83952 3.82591
4.82352 3.81265
6.73021 3.46179
6.74369 3.45147
6.94071 3.2851
6.9503 3.27668
5.83344 3.95609
5.8628 3.94596
5.99967 3.89566
5.94555 3.91582
5.66427 3.9988
6.28924 3.75746
6.27317 3.76655
6.52479 3.61227
6.49853 3.6305
4.40672 2.98803
7.25768 2.96841
7.13963 -1.84993
6.98171 -2.01168
6.81636 -2.16439
8.19909 0.741252
8.19796 0.756844
6.75921 -2.21496
6.72131 -2.24845
6.61973 -2.33609
6.52573 -2.41628
6.46689 -2.46515
4.61985 -1.83749
4.58933 -1.70383
4.20936 1.58469
4.21127 1.61389
4.19535 0.554533
4.19356 0.595749
4.26587 2.18472
4.26631 2.18845
7.33916 -1.63114
7.33975 -1.63048
4.39318 -0.837192
4.38326 -0.791308
4.41756 -0.949628
4.4107 -0.917521
4.18803 1.05983
4.18886 1.10433
5.92686 -2.88693
5.91633 -2.89526
4.56528 -1.60117
4.57812 -1.65746
8.06569 -0.358453
8.19922 0.350607
8.20174 0.387425
4.18954 0.723332
4.18856 0.74264
7.06081 3.17326
7.0493 3.1842
6.75599 3.44187
6.83794 3.37415
5.42628 -3.24291
5.40298 -3.26169
5.53866 -3.1633
5.56196 -3.14814
6.37344 3.7084
6.3497 3.723
6.45733 3.65735
6.49473 3.63309
4.35085 2.73702
4.3509 2.73733
4.81511 3.80425
8.18686 0.876627
8.18791 0.867547
8.1714 0.997666
8.18598 0.885554
4.9184 -3.31585
4.90254 -3.24006
4.68804 3.65718
4.71702 3.69753
8.1158 -0.186906
4.88208 3.85963
6.5496 3.59553
6.61608 3.54762
5.61477 4.00724
4.25108 2.06848
6.34284 -2.56573
6.33979 -2.56826
7.25737 -1.72287
8.15801 0.00187673
8.13707 -0.101641
4.19236 1.23133
4.19248 1.25291
4.22222 1.76282
4.22064 1.74142
4.41608 3.02383
4.42247 3.05062
4.73618 -2.34902
7.34913 2.86096
7.37671 2.82812
4.58033 3.48044
4.59034 3.50157
4.47958 3.23764
4.48419 3.25088
6.58428 -2.36599
6.55854 -2.38821
6.13642 3.83553
6.10928 3.84817
6.80167 -2.17774
4.19466 1.29483
4.19812 1.38318
4.18836 0.786833
4.18696 0.868715
4.33521 -0.564003
4.30004 -0.376096
5.5576 4.01487
5.52332 4.01882
4.82558 -2.80762
4.80126 -2.6845
4.78761 -2.61642
4.77408 -2.54031
4.21173 0.304878
4.22799 0.121585
4.27731 -0.248951
4.25727 -0.119062
7.93299 -0.705369
7.83163 -0.912481
5.33068 -3.31144
5.37754 -3.2775
7.92183 1.9009
7.84721 2.06872
4.33275 2.63439
4.30605 2.4593
4.42742 3.07103
5.32151 4.01802
5.2038 4.00106
8.16858 1.01767
8.12745 1.24711
4.93917 -3.41075
4.93859 -3.39114
5.27371 -3.34953
4.83237 -2.84982
4.82867 -2.82531
5.61504 -3.11146
5.5768 -3.13697
4.99553 -3.49852
4.97512 -3.48168
5.09554 -3.46423
4.85511 -2.97045
4.87932 -3.1057
4.88002 -3.11086
5.68101 -3.06558
4.88021 -3.11365
5.21129 -3.39219
5.15747 -3.42598
4.25012 2.05944
7.81772 -0.938317
7.93991 -0.689918
4.45827 3.17547
7.71186 -1.12149
7.61317 -1.27377
7.5263 -1.39678
4.6283 3.57038
4.65482 3.61033
4.79809 3.78665
8.20637 0.56224
8.20249 0.684427
6.27626 -2.61893
6.30955 -2.59155
6.20672 -2.67403
4.21402 1.65334
4.21737 1.70111
4.61084 3.53771
7.51313 -1.41465
4.48099 -1.22897
4.48277 -1.23641
4.62858 -1.87853
4.47405 -1.20057
4.45242 -1.10682
4.44931 -1.09272
4.42442 -0.980628
4.18728 0.958772
4.18767 1.04083
4.20223 1.45807
4.20712 1.54974
4.2962 -0.354241
4.35458 -0.660494
4.20183 0.437288
4.19636 0.530553
5.44964 4.02317
5.60586 4.00837
5.35198 4.02088
4.25416 -0.0969022
7.83399 2.0963
7.93533 1.86842
7.99749 1.70664
7.7517 2.25907
4.30096 2.42578
4.9508 3.90411
5.06709 3.96031
5.11246 3.97608
8.11771 1.29201
8.06962 1.48282
7.64198 2.4514
7.56795 2.56678
7.44158 2.74442
7.39168 2.80898
7.52405 2.63054
7.73637 2.28728
7.50088 -1.4309
7.4283 -1.52375
7.42085 -1.53288
7.33982 -1.6304
4.50807 3.3145
4.54549 3.40656
4.49446 3.28039
4.684 -2.11814
4.70638 -2.21113
4.71772 -2.26468
8.05307 1.53913
5.88685 -2.91642
8.19163 0.254729
8.18274 0.170644
5.78241 3.97196
5.88911 3.93749
6.10027 3.85212
4.38114 2.87898
4.37459 2.85005
6.78494 -2.1928
6.70171 -2.26547
6.53046 -2.41248
6.46551 -2.46625
6.40333 -2.51706
4.19289 0.618151
4.38096 -0.780994
4.3969 -0.854417
4.40535 -0.893426
4.18946 1.12416
8.20631 0.525315
4.19125 1.21046
4.18971 0.703355
4.55549 3.43021
7.94671 -0.674353
6.24046 3.7838
4.46212 3.18717
4.22567 1.80501
8.13349 -0.117334
4.36992 -0.728189
4.35629 -0.668761
5.91211 3.92869
4.92883 -3.35973
7.45993 2.71986
8.0418 1.57526
5.87432 -2.92501
8.17729 0.125992
6.32884 3.73545
4.38696 2.90598
4.36388 2.79997
4.35116 2.73861
6.16735 3.82072
6.409 3.68718
4.3655 2.8077
5.93853 -2.87838
