7.54003 0.0338766
7.54499 0.0547459
7.51362 1.25414
7.5078 1.27712
5.40185 -1.41316
5.41431 -1.43082
5.6745 -1.64811
5.71579 -1.66478
5.1406 -0.918773
5.1507 -0.9454
4.83113 0.780826
4.82921 0.835051
5.1461 2.46876
5.15323 2.48191
7.1656 -0.81205
7.13546 -0.856638
6.98826 -1.04489
6.991 -1.04181
5.92227 2.93794
5.94443 2.93617
7.21232 1.9651
7.21526 1.96037
6.3595 2.80047
6.33702 2.81284
7.56063 0.132484
7.57322 0.206233
7.51584 -0.0611233
7.50447 -0.103553
7.43047 -0.317318
7.4523 -0.259851
7.34728 -0.501784
7.33674 -0.523749
7.38115 1.63465
7.36204 1.67771
7.44891 1.46106
7.43149 1.5086
5.53508 2.87123
5.62112 2.90632
5.33898 2.73103
5.39885 2.78372
5.32726 -1.3058
5.30694 -1.27089
4.83667 1.11939
4.84186 1.21095
4.85831 1.39585
4.86398 1.44841
5.86073 -1.69639
5.8028 -1.68716
5.00555 -0.502533
5.01868 -0.549617
5.07257 -0.729123
5.076 -0.739018
5.50985 -1.53555
5.54696 -1.56626
5.21745 -1.09869
5.20143 -1.06256
4.94199 1.89993
4.96255 1.98269
4.89655 1.67963
4.89716 1.68286
4.88081 0.106311
4.87419 0.154843
4.84863 0.389636
4.84637 0.411565
4.83127 0.703271
4.83277 0.650498
4.82942 0.857053
4.83057 0.96473
5.25079 2.63142
5.26401 2.64677
6.24459 -1.62137
6.26066 -1.61354
6.05044 -1.68322
6.03333 -1.68533
4.99758 2.10484
4.98155 2.05303
6.84865 -1.19502
6.86086 -1.18303
6.1546 2.88957
6.15368 2.88982
5.73726 2.93374
5.6818 2.92141
6.64009 -1.37999
6.67936 -1.34758
6.44128 -1.51901
6.47697 -1.49574
7.59723 0.424601
7.59387 0.374849
7.60268 0.608388
7.60285 0.586828
6.63998 2.62025
6.63142 2.6268
7.58377 0.891219
7.57889 0.932687
4.96147 -0.326327
4.98454 -0.425377
4.91733 -0.118633
4.91945 -0.129529
7.07988 -0.929396
7.11879 -0.87973
7.20148 -0.758281
7.23269 -0.709178
7.25775 1.88615
7.25342 1.89408
7.56189 1.03579
7.55443 1.0806
6.73629 2.54013
6.75694 2.52142
6.91207 2.3677
6.89959 2.38108
7.15288 2.05737
7.12186 2.10339
7.01474 2.24783
7.02029 2.24113
7.49233 -0.141374
7.47876 -0.184152
7.40717 -0.373223
7.42421 -0.332703
7.36477 -0.466225
7.31177 -0.572525
7.31665 -0.56314
7.41618 1.5492
7.46199 1.4239
4.83474 1.08992
4.84525 1.25623
4.83088 0.715679
4.83107 0.988097
6.55625 2.68241
6.56308 2.67791
7.54397 1.12651
7.55308 1.08733
7.59539 0.778524
7.59181 0.82066
4.95003 -0.276131
4.98544 -0.429128
7.39848 1.59322
7.48017 1.37121
7.47368 1.39055
4.83403 1.04008
5.72008 -1.66639
5.73466 -1.67088
5.05548 2.27197
5.0632 2.29243
6.42281 2.76685
6.44484 2.75364
4.84857 1.29617
4.8305 0.727589
4.98739 -0.436846
4.84146 0.473768
4.83955 0.502409
7.55247 0.0916033
7.5352 0.0119819
5.43633 2.81256
5.49908 2.85186
5.42332 -1.44258
5.35802 -1.35219
4.85161 1.33045
4.93868 -0.222876
4.94333 -0.244906
5.06761 -0.714364
5.04197 -0.629984
5.17791 -1.00935
5.13361 -0.899862
4.91796 1.79063
4.92677 1.83101
6.51182 2.71184
6.5492 2.68726
6.8304 2.45263
6.85517 2.42725
5.19598 2.55164
5.13943 2.45528
6.15368 -1.65557
6.14683 -1.6583
7.12359 -0.872926
7.17722 -0.795354
6.99363 -1.03872
6.92117 -1.11923
6.15631 2.88894
6.26076 2.8486
5.96791 2.93217
5.84048 2.94105
6.54014 -1.45427
6.58156 -1.42373
7.03183 2.22653
7.07222 2.173
7.60114 0.516938
7.60009 0.479749
6.30342 2.82842
6.39142 2.78411
7.28182 -0.627438
7.28591 -0.620349
7.58085 0.257857
7.34385 1.71745
5.63498 2.911
5.31451 2.70562
7.58962 0.330876
5.47973 -1.50475
5.2888 -1.23741
4.87534 1.53795
4.8789 1.56489
4.87724 1.55282
4.89471 1.66857
5.89226 -1.69607
5.76629 -1.68074
5.58563 -1.59678
5.64138 -1.62966
5.02742 -0.580272
5.0017 -0.488606
5.10679 -0.826266
5.26063 -1.18603
5.2361 -1.13923
4.96868 2.00752
4.8949 0.0116067
4.86513 0.227313
5.24465 2.6235
5.10296 2.38165
5.06496 2.29671
6.34347 -1.57455
5.95539 -1.69637
6.11324 -1.66727
5.00788 2.13581
6.83029 -1.21255
7.03637 -0.986386
7.29417 -0.605458
6.27937 2.84025
6.04921 2.91793
5.75516 2.93578
6.74118 -1.29556
6.3642 -1.56277
6.77136 -1.26789
7.6015 0.69649
6.59813 2.65134
6.64937 2.61324
4.91187 -0.0893107
6.47739 2.73441
7.05575 -0.96129
4.89885 -0.0130643
7.53272 1.17987
7.53703 1.16107
7.49764 1.31251
7.55371 1.08395
7.56738 1.00721
6.82379 2.45922
6.67966 2.58775
6.96503 2.30711
7.08774 2.1514
7.16949 2.03248
7.60086 0.707085
7.60142 0.69879
7.4687 -0.214372
7.4289 -0.321416
7.40431 -0.379916
4.8518 0.349669
4.85701 0.295912
4.84448 0.434126
4.83432 0.599715
4.83565 0.570062
7.58813 0.856383
7.57628 0.951507
7.2888 1.82858
7.3104 1.78693
4.86141 0.259126
5.02836 2.20011
7.32961 1.7477
7.51852 1.23614
5.66013 -1.64075
4.85783 0.288125
7.21716 1.95718
4.85038 0.365246
4.83302 0.636938
7.31991 1.7682
7.26386 1.87525
7.22749 1.93947
7.38468 -0.424318
7.37711 -0.440586
4.83867 0.5201
4.83749 0.536509
