7.63702 -0.227639
7.63862 -0.222679
7.55692 -0.441262
7.54817 -0.461704
5.3171 3.08981
5.32271 3.09356
7.74297 0.24825
7.74462 0.261444
4.66675 1.14684
4.66267 1.06308
5.1382 -1.46006
5.10105 -1.37671
5.04518 -1.24245
5.02894 -1.19866
4.73701 1.83523
4.74337 1.87286
6.06043 -1.96986
6.00877 -1.98884
5.37772 -1.83458
5.34167 -1.79183
4.66549 0.631935
4.66913 0.541824
7.0761 -1.21366
7.10913 -1.17514
6.65642 2.85355
6.70845 2.81257
6.41757 -1.79342
6.40951 -1.79884
7.35395 -0.834054
7.32603 -0.878671
7.76181 0.486342
7.76184 0.486901
7.69983 0.00217185
7.70179 0.010905
5.51587 3.1862
5.57001 3.20046
5.12382 2.90324
5.15264 2.93822
5.14283 -1.47036
5.18364 -1.54939
4.67373 1.28124
4.67456 1.29537
4.70377 1.60424
4.70528 1.61616
5.85196 -2.01745
5.80967 -2.02281
5.61986 -1.9974
5.53314 -1.95868
4.90136 -0.810081
4.89454 -0.786707
4.84965 -0.620535
4.83994 -0.581979
5.47842 -1.9224
5.45212 -1.90462
4.66106 0.759455
4.66053 0.783602
4.91567 2.52078
4.94539 2.5947
5.0326 2.76833
5.03451 2.77127
4.88712 2.44326
4.87501 2.41051
7.4324 -0.700267
7.48226 -0.603479
6.38623 3.03239
6.41667 3.01605
5.90804 3.20861
5.93418 3.20385
6.5984 2.89807
6.78369 2.74882
6.74046 2.7869
6.60837 -1.65926
6.66746 -1.61185
6.5191 -1.72507
6.53028 -1.71706
7.25389 -0.984723
7.29499 -0.925917
5.30582 -1.74855
5.27655 -1.70525
6.97047 -1.33158
6.93526 -1.36779
4.79885 2.14133
4.8183 2.21753
7.75803 0.738327
7.76125 0.667873
4.72574 -0.0100084
4.7219 0.0153706
5.44317 -1.89625
5.45029 -1.90296
7.67057 -0.114741
7.61754 -0.283992
7.53523 -0.491164
7.59721 -0.341431
5.96208 -1.99906
6.11127 -1.95303
5.71343 -2.01865
5.69767 -2.01537
7.06838 2.45822
7.0509 2.47871
7.11189 -1.17177
7.1534 -1.12012
7.01858 -1.27998
7.0393 -1.25711
6.24954 3.10259
6.27639 3.08912
7.41931 1.93376
7.42269 1.92717
7.34112 2.07243
7.3736 2.01684
7.25805 2.20454
7.27379 2.1807
7.15135 2.35404
7.16597 2.33513
7.60576 1.50007
7.61763 1.46418
7.65738 1.33293
7.63446 1.41228
7.69799 1.16683
7.68554 1.2229
7.74962 0.845256
7.75606 0.771174
7.59909 -0.336437
6.54311 2.93586
6.50487 2.96141
4.68445 1.42774
4.68411 1.42367
5.90822 -2.01226
5.72332 -2.01884
5.5293 -1.95687
4.9083 2.5038
6.17671 3.13315
6.19589 3.1254
6.32464 3.06555
6.42147 3.01322
6.41736 3.01566
6.8227 2.7148
6.35684 -1.82981
6.31136 -1.85731
6.91345 -1.39025
4.661 0.937047
4.66069 0.913279
4.66828 1.18681
4.66747 1.16727
4.97297 -1.04099
4.99619 -1.10793
5.23664 -1.64507
5.26141 -1.68221
5.32741 -1.77517
4.6803 0.380344
4.67847 0.405573
4.66357 0.675753
4.66449 0.653236
6.87385 2.66695
6.92304 2.61815
7.72995 0.996603
7.72681 1.01844
6.15192 -1.93437
4.66263 1.04028
4.6892 1.47655
4.67062 0.522835
7.00777 -1.29201
7.4609 1.85069
7.50184 1.76343
5.7716 3.22061
5.79264 3.21949
6.84999 -1.45158
7.57004 1.59951
7.54274 1.66828
6.5714 2.91721
4.67538 1.30784
4.67917 1.35952
6.29307 -1.86652
6.21196 -1.90875
4.93436 -0.921478
4.92446 -0.888647
4.95108 -0.976332
4.67126 0.505189
4.6904 0.267728
4.6979 0.195411
4.69761 0.198042
4.66157 1.01684
4.66049 0.889214
4.66028 0.808292
6.08597 3.16498
6.06714 3.17055
6.85579 2.68417
4.77853 -0.313026
4.79067 -0.370977
4.69052 1.48894
4.6904 1.48783
4.72782 1.77512
4.72299 1.74451
4.76551 -0.244085
4.77416 -0.290688
4.76692 2.00119
4.77555 2.04301
5.66818 3.21657
5.6403 3.21293
4.9642 -1.01618
5.41593 3.14719
5.23063 3.02031
7.75575 0.378452
7.72527 0.126609
5.07541 -1.31558
5.14001 -1.46425
4.74657 1.89225
4.7329 1.80868
4.87578 -0.721757
4.87861 -0.731749
4.83834 2.29082
4.84234 2.30556
6.76084 -1.53301
6.80331 -1.49593
7.30503 -0.910694
7.366 -0.814505
7.38087 2.00397
7.41882 1.93469
7.21485 2.26835
7.219 2.2624
7.57598 1.58401
7.67897 1.24976
7.66133 1.31891
7.76241 0.577438
7.76163 0.482458
7.72467 0.123221
7.67312 -0.105305
5.21963 3.01018
5.43345 3.15511
5.61675 3.21007
5.08493 2.84967
7.75688 0.393619
5.22119 -1.61712
5.06371 -1.28834
5.22984 -1.6332
4.7111 1.66256
4.69751 1.552
4.71683 1.70254
4.76597 1.99609
4.87067 -0.703336
4.91228 -0.847746
4.82461 -0.518785
4.70489 0.134424
4.70575 0.127785
4.9482 2.60045
5.03121 2.76599
4.98645 2.68311
4.79301 2.11908
4.78038 2.06487
7.42972 -0.705123
7.49233 -0.583336
6.13166 3.14987
6.03318 3.18081
5.94496 3.20131
5.86462 3.21415
5.72226 3.22072
5.71856 3.22051
6.70908 -1.57826
6.56944 -1.68787
6.50849 -1.73301
7.21627 -1.03846
7.20215 -1.05803
7.40077 -0.754945
7.76247 0.595318
7.50655 1.75282
7.53883 1.67756
4.80515 -0.435166
6.9747 2.56453
6.98705 2.55121
7.7622 0.622533
7.75712 0.757196
4.74027 -0.102838
4.74828 -0.149342
7.00321 2.53296
7.11327 2.40277
7.17762 -1.08965
7.70719 1.12436
7.71986 1.05736
7.4559 1.86106
7.32537 2.09885
7.30021 2.13933
7.20118 2.28753
7.6332 1.41635
7.60481 1.50291
7.73958 0.932361
7.73769 0.945813
7.74096 0.920742
6.47278 2.9825
4.85746 2.35649
5.39092 -1.84712
4.6999 0.177268
5.82358 3.21804
6.19522 -1.91593
4.69143 0.256707
5.0081 -1.14237
4.68372 1.41895
6.81068 -1.48939
7.60369 1.50617
4.69097 0.2619
6.36166 3.04652
5.45109 -1.90372
7.5116 -0.54314
6.48079 2.97729
4.86088 2.36697
