6.37535 2.70312
6.35225 2.71444
5.54221 2.75438
5.49389 2.72409
5.00754 -0.242869
5.002 -0.219046
5.00388 1.85995
4.99359 1.81694
6.74366 2.44059
6.69597 2.48208
4.89011 0.779866
4.88947 0.798041
6.93344 -1.00672
6.89201 -1.05332
7.05707 2.08675
7.06962 2.06968
7.12206 1.99278
7.16319 1.92677
7.51007 0.179815
7.51251 0.194122
5.51615 -1.39529
5.50562 -1.38388
4.90073 1.15917
4.90169 1.17613
5.69331 -1.52784
5.67928 -1.5195
7.53975 0.744218
7.54046 0.735434
5.16248 -0.773702
5.13506 -0.694617
5.2878 -1.05985
5.33171 -1.14359
5.20632 -0.882481
5.17474 -0.804928
5.38517 -1.22843
5.33422 -1.14827
4.95809 1.63988
4.97458 1.72705
4.92381 1.41236
4.92713 1.43747
4.90929 0.388649
4.90867 0.394699
4.89295 0.665385
4.89341 0.649511
4.89038 0.892389
4.89076 0.927764
5.3328 2.57996
5.3481 2.59772
5.22084 2.42186
5.18351 2.35486
5.13287 2.2487
5.16489 2.31989
6.06266 -1.57567
6.05433 -1.57669
6.25636 -1.51773
6.18402 -1.5432
5.87482 -1.58197
5.92234 -1.58346
5.0623 2.06303
5.05273 2.03211
6.82343 -1.12305
6.78787 -1.15797
7.25253 1.76823
7.26461 1.74502
7.26529 -0.527763
7.25203 -0.552868
7.36045 -0.329374
7.3595 -0.331657
4.938 0.139233
4.94185 0.113212
6.08213 2.81575
6.16041 2.79429
5.95047 2.83721
6.03246 2.82568
5.72979 2.82527
5.74369 2.82836
6.45283 -1.41734
6.39851 -1.44792
6.65178 -1.27706
6.61265 -1.30692
6.57522 2.57846
6.57015 2.58234
7.42424 1.3525
7.42949 1.33687
7.52654 0.88911
7.52627 0.891406
7.53868 0.412057
7.53822 0.404945
7.54356 0.570753
7.54428 0.599006
4.97565 -0.0864292
4.99376 -0.179688
7.05325 -0.860296
7.06413 -0.846409
7.18061 -0.677438
7.17719 -0.68282
7.46194 1.22359
7.44775 1.2747
7.50409 1.03366
7.50299 1.04025
6.84289 2.34449
6.8802 2.30448
6.92763 2.25191
6.96574 2.20593
6.43631 2.66825
6.45986 2.65485
7.42607 -0.154595
7.42121 -0.169909
7.40188 -0.223969
7.40553 -0.213937
7.37347 1.49933
7.398 1.43178
4.89395 1.05547
4.91026 1.2906
4.91543 0.321513
4.91503 0.325533
4.9045 0.445264
4.9031 0.463381
4.89645 0.570684
4.89516 0.598771
4.89142 0.714694
4.89281 1.02389
6.48751 2.63805
6.4909 2.63582
7.48619 1.12438
7.48636 1.12368
5.04524 -0.396109
5.02802 -0.328762
7.20658 1.85313
7.2259 1.81901
6.32116 2.73033
6.29685 2.74139
4.89373 1.04001
5.08695 -0.547132
5.08848 -0.552144
7.4669 -0.0158487
7.45574 -0.0579305
7.30043 -0.459083
7.3085 -0.442928
7.40148 1.42167
4.9107 1.29601
5.0196 -0.29423
5.00853 -0.247267
5.06827 -0.481887
7.27752 1.71871
7.29981 1.67318
6.40673 2.68584
4.8899 0.762023
7.48997 0.0791346
7.48574 0.0582867
7.368 1.51312
5.44393 2.68793
5.60539 2.78515
7.54264 0.653592
7.542 0.695841
7.51182 0.985486
7.50652 1.02095
4.99613 -0.191156
5.24442 -0.972622
5.24219 -0.967395
5.4417 -1.30839
5.42352 -1.28556
4.97921 1.75106
5.00869 1.87778
6.65662 2.51542
6.77136 2.41453
5.27314 2.50322
5.30571 2.54506
6.15885 -1.55248
6.06576 -1.57488
5.78335 -1.56358
5.82197 -1.57221
5.09554 2.15755
5.07879 2.11263
7.09597 -0.801258
7.12393 -0.762874
6.97425 -0.958782
6.86283 -1.08367
7.33079 -0.396313
7.33812 -0.380382
4.92185 0.260152
4.92238 0.255752
5.84664 2.83995
5.77941 2.83242
6.5517 -1.35247
6.50997 -1.38009
7.10392 2.02028
7.0187 2.13846
6.26715 2.75499
6.20696 2.77737
7.18231 -0.674625
7.23951 -0.575428
7.52911 0.3063
7.30197 1.66855
7.33654 1.59094
5.64175 2.80005
5.40175 2.65087
7.52934 0.308262
5.58058 -1.45292
5.48517 -1.35954
5.72065 -1.53857
5.60498 -1.4731
7.53895 0.75792
5.10254 -0.596538
5.11695 -0.640695
5.08029 -0.525401
5.07082 -0.491108
5.16942 -0.79168
5.33301 -1.14606
5.24714 -0.978786
4.93958 1.527
4.94823 1.58076
5.03276 1.96612
4.91079 1.29689
5.25514 2.47762
5.17369 2.33727
5.10895 2.19039
5.96799 -1.58546
6.29121 -1.50137
6.35509 -1.47217
6.76309 -1.18163
7.00042 -0.927564
6.70815 -1.22936
7.28101 -0.498078
7.37207 -0.300842
4.96607 -0.0350438
4.96041 -0.00265846
4.95676 0.0198018
6.05504 2.82239
5.88037 2.84007
7.53107 0.326131
6.53132 2.60823
6.57997 2.57492
7.02867 -0.892781
7.47531 1.16689
7.486 1.12533
7.54267 0.502028
7.46808 1.19863
7.43536 1.31889
7.49407 1.08175
7.51525 0.966309
6.8314 2.35643
6.61622 2.54681
6.91027 2.27178
7.11796 1.99923
6.98359 2.18334
7.38285 -0.273706
7.38155 -0.277088
4.9185 0.291159
4.90968 0.383225
4.89984 0.507609
4.89838 0.531538
4.89369 0.634128
6.48436 2.64022
7.53378 0.813747
7.52513 0.899605
7.43164 -0.137238
7.27189 1.73005
7.22989 1.81162
7.339 1.58544
7.18965 1.88214
7.52704 0.885153
4.89927 0.519114
