7.5508 -0.435534
7.5388 -0.463573
5.31812 3.07309
5.33615 3.08514
7.73643 0.254378
7.73695 0.258567
4.67478 1.15149
4.67026 1.05866
5.14237 -1.44385
5.11032 -1.37195
5.04468 -1.21384
5.03743 -1.19429
4.74495 1.83061
4.75209 1.8729
6.04966 -1.95998
6.01107 -1.97416
5.72179 -2.0029
5.74121 -2.00387
5.3806 -1.81617
5.36094 -1.79285
4.67303 0.636303
4.67704 0.536967
7.06913 -1.20942
7.09422 -1.18014
6.65347 2.84459
6.69792 2.80959
7.34877 -0.827946
7.33163 -0.855323
7.75396 0.483395
7.75427 0.491658
7.63098 -0.22198
7.63019 -0.22436
7.69366 0.00794134
7.69398 0.00934653
5.51676 3.1716
5.58666 3.19001
5.125 2.88396
5.16389 2.93116
5.15646 -1.47143
5.19397 -1.54407
4.68196 1.28635
4.68249 1.2954
4.71174 1.5996
4.71384 1.6162
4.77458 1.99495
4.77569 2.00047
5.83724 -2.00394
5.81213 -2.00712
5.62251 -1.98046
5.55865 -1.95195
4.9127 -0.817737
4.90375 -0.787041
4.85709 -0.616319
4.85 -0.588155
4.66872 0.763895
4.66829 0.783476
4.93072 2.5289
4.9548 2.5888
5.0429 2.76187
5.05693 2.78338
4.90074 2.45061
4.88386 2.40496
7.46414 -0.621843
7.48059 -0.589918
6.37962 3.02471
6.40353 3.01187
6.18559 3.11767
6.18986 3.11621
5.9284 3.19305
5.92889 3.19296
6.60389 2.88263
6.77367 2.74598
6.73748 2.77786
6.60985 -1.64628
6.6591 -1.60676
6.51048 -1.71981
6.51105 -1.71941
7.24859 -0.978476
7.28421 -0.9275
5.30874 -1.72986
5.2881 -1.69932
6.94926 -1.34164
6.92808 -1.36342
4.81045 2.14854
4.82672 2.21228
7.75208 0.705865
7.75394 0.665132
4.73479 -0.0155665
4.72946 0.0196502
7.66454 -0.109095
7.64789 -0.165342
7.52105 -0.503982
7.58804 -0.34326
5.9496 -1.9876
6.11349 -1.93885
7.06942 2.44415
7.04382 2.47415
7.11198 -1.1587
7.15002 -1.11137
7.01512 -1.271
7.04348 -1.2397
6.2482 3.09186
6.26247 3.0847
7.4141 1.92675
7.44156 1.87315
7.33607 2.06564
7.36484 2.01642
7.25317 2.19797
7.26485 2.18027
7.1379 2.35816
7.15912 2.33071
7.64928 1.3337
7.62833 1.40622
7.69023 1.16756
7.67932 1.21675
7.74248 0.842577
7.74701 0.790404
7.59283 -0.330571
6.53103 2.93244
6.49864 2.95408
5.91058 -1.99717
5.70132 -1.99865
5.53204 -1.93939
5.46718 -1.89546
4.91735 2.49812
6.31784 3.05765
6.41603 3.00499
6.46855 2.9737
6.81973 2.7058
6.3467 -1.82363
6.31286 -1.84409
6.91496 -1.37693
4.66874 0.932545
4.66848 0.91327
4.67596 1.18234
4.67533 1.16726
4.98554 -1.04881
5.00455 -1.10363
5.24258 -1.63083
5.27742 -1.68306
5.34018 -1.76861
4.68768 0.384619
4.68651 0.400632
4.67151 0.670877
4.67223 0.65311
6.88032 2.64876
6.91382 2.61553
7.72183 1.00171
7.7198 1.01581
6.14236 -1.92559
4.67022 1.04027
5.71599 -2.00228
4.7055 0.199818
4.70586 0.196507
4.67816 0.522712
7.00032 -1.28746
7.45239 1.85149
7.49685 1.75673
5.77238 3.20772
5.78655 3.20697
6.50248 -1.72517
6.41099 -1.78573
6.84246 -1.44699
7.42547 -0.696506
7.4224 -0.702261
7.56699 1.58716
7.53448 1.66906
6.56831 2.90785
4.68302 1.3034
4.68713 1.35956
6.27416 -1.86358
6.2135 -1.89516
4.94216 -0.917175
4.93587 -0.896352
4.95276 -0.951968
4.67863 0.509465
4.69861 0.262686
4.66937 1.02136
4.66833 0.893754
4.66809 0.803497
6.08672 3.15276
6.06204 3.16006
6.84608 2.68142
4.78577 -0.308929
4.79264 -0.341705
4.69968 1.49462
4.6989 1.48787
4.73737 1.78105
4.73161 1.74455
4.77841 -0.269937
4.7833 -0.296294
5.66901 3.20294
5.63317 3.19826
7.59892 1.49708
7.57529 1.56403
5.45496 -1.88643
4.9724 -1.01165
7.71714 0.124456
7.71637 0.120153
5.41688 3.13158
5.24289 3.01262
7.74896 0.384811
7.7286 0.200593
5.14994 -1.45914
5.09066 -1.32506
4.69206 1.42331
4.69161 1.41799
4.75452 1.88762
4.74156 1.80872
4.8837 -0.717384
4.88994 -0.739395
6.98035 2.54636
6.97859 2.54825
4.85021 2.2982
4.85213 2.30528
6.75293 -1.52819
6.7877 -1.49783
7.29956 -0.904244
7.35616 -0.815951
7.37575 1.99709
7.41017 1.93427
7.20992 2.26203
7.21001 2.26191
7.56791 1.58477
7.67105 1.25051
7.65516 1.31281
7.75479 0.574581
7.75129 0.425984
7.69954 0.0366582
7.66513 -0.106899
7.71801 0.129451
5.22072 2.99221
5.44832 3.14578
5.61758 3.19637
5.09535 2.84313
7.74941 0.390815
5.23921 -1.62566
5.24051 -1.62771
5.07287 -1.28364
4.69214 1.42418
4.71907 1.65792
4.70604 1.55204
4.72631 1.70843
4.77613 2.00239
4.87245 -0.676804
4.9215 -0.84808
4.83214 -0.514522
4.71258 0.138879
4.71471 0.122279
4.96492 2.60948
5.03274 2.74472
4.99617 2.67701
4.80135 2.11388
4.78995 2.06497
7.48294 -0.585208
7.42806 -0.691721
6.20884 3.10859
6.12664 3.13955
6.03392 3.16855
5.92909 3.19291
5.85868 3.20194
5.73916 3.2078
5.71164 3.20628
6.71056 -1.56523
6.56059 -1.68247
6.50994 -1.72021
7.20549 -1.04005
7.19694 -1.05189
7.39544 -0.748664
7.75487 0.600091
7.49824 1.75361
7.53323 1.67202
4.81509 -0.441269
7.75449 0.638919
7.74974 0.754429
4.74779 -0.0985841
4.7575 -0.155
6.97243 2.55468
7.10647 2.39838
7.18209 -1.07103
7.10572 -1.1663
7.70093 1.11818
7.71143 1.06265
7.45097 1.85443
7.31654 2.09843
7.29526 2.13266
7.21026 2.26155
7.62495 1.41712
7.73235 0.929648
7.72682 0.968907
7.73638 0.895739
6.47146 2.972
4.85939 2.32973
5.41449 -1.84838
4.70009 0.248393
5.82437 3.2052
6.39299 -1.79642
6.17311 -1.9125
5.24101 -1.62845
4.69877 0.260962
5.01431 -1.13183
6.81219 -1.47611
4.6987 0.261774
6.36032 3.03581
7.50574 -0.537655
4.87379 2.37395
