7.56251 0.0383624
7.57227 0.0794081
7.53482 1.25492
7.52432 1.29641
5.32837 -1.36917
5.38315 -1.44684
5.66762 -1.6921
5.68504 -1.69913
5.05061 -0.741248
5.043 -0.716746
5.11773 -0.931401
5.14645 -1.00713
6.57992 2.69768
6.56054 2.71219
6.90925 2.40578
6.91988 2.39418
4.80921 0.781183
4.80699 0.844049
5.12007 2.48509
5.14915 2.53868
7.17522 -0.836994
7.13829 -0.891614
6.15257 2.92285
6.18949 2.90877
5.87151 2.97674
5.94231 2.97109
7.05264 2.23621
7.03946 2.2535
6.39043 2.81684
6.35136 2.83835
7.57941 0.1149
7.59577 0.210732
7.54508 -0.0346889
7.52219 -0.12014
7.46544 -0.285714
7.47714 -0.254895
7.37386 -0.49648
7.35333 -0.539278
7.39669 1.65279
7.38525 1.67856
7.46476 1.47957
7.45383 1.50943
5.53253 2.91303
5.57974 2.93228
5.33605 2.77901
5.36532 2.80476
5.32677 -1.36647
5.27937 -1.28505
4.81287 1.10461
4.81963 1.22389
4.83348 1.38044
4.84219 1.46109
4.87085 1.66667
4.87485 1.69242
5.79794 -1.72895
5.85424 -1.73792
4.98244 -0.510631
4.99305 -0.548689
5.50256 -1.58218
5.5077 -1.58644
5.19279 -1.11231
5.15903 -1.03619
4.91931 1.91459
4.93188 1.96518
4.86012 0.0943201
4.84983 0.169804
4.82609 0.390003
4.82513 0.399257
5.22206 2.64945
5.19523 2.60963
4.9727 2.11682
4.97559 2.12666
6.24037 -1.65851
6.28564 -1.63647
7.03881 -1.02092
7.00131 -1.06529
5.73495 2.97157
5.78221 2.97454
6.63587 -1.4171
6.7028 -1.36187
6.43712 -1.55564
6.50386 -1.51213
7.619 0.432768
7.61422 0.362058
7.62325 0.616106
7.6236 0.57379
7.60503 0.892003
7.60092 0.926974
4.94053 -0.337891
4.9565 -0.406451
7.08978 -0.955068
7.12157 -0.914494
7.2399 -0.740066
7.25203 -0.72097
6.86987 -1.20795
6.85002 -1.2282
7.27578 1.89778
7.26322 1.92083
4.80831 0.974901
4.80834 0.978295
4.89667 -0.130219
4.89348 -0.112993
7.40679 -0.428245
7.43006 -0.374778
7.52116 1.30709
7.50053 1.37593
7.58337 1.03658
7.57873 1.06444
6.73367 2.57555
6.77823 2.53516
7.18731 2.04682
7.14089 2.11567
7.51695 -0.136463
7.51109 -0.154924
7.40158 -0.440142
7.32822 -0.587927
7.34393 -0.557696
7.43191 1.56756
7.48408 1.42471
4.81275 1.10273
4.82092 1.24113
4.81034 0.648229
4.81025 0.650864
4.807 0.84869
6.66263 2.63486
6.67615 2.62393
7.56543 1.1273
7.57194 1.09932
7.6155 0.794305
7.61524 0.797332
7.59403 0.972773
7.59788 0.947586
4.92217 -0.257326
4.9647 -0.440585
7.31544 1.82422
7.33364 1.78892
7.42125 1.59406
4.81185 1.0401
5.7133 -1.70975
5.74419 -1.71926
4.80854 0.714859
4.80846 0.717279
5.0174 2.25163
5.03861 2.30785
7.19315 2.03773
7.22679 1.98345
6.10052 -1.70741
6.04598 -1.72255
6.42028 2.80099
6.45856 2.77804
4.82549 1.29606
4.97659 -0.487696
4.82004 0.461347
4.81635 0.516661
7.57569 0.0962356
7.55302 -0.00470021
5.4336 2.85731
5.46203 2.87511
5.32756 -1.36785
5.42433 -1.50059
4.82967 1.34321
4.91734 -0.234661
4.91932 -0.244037
5.06317 -0.780613
5.02028 -0.641964
5.1532 -1.02299
5.09785 -0.877621
4.89521 1.80534
4.89711 1.81408
6.53668 2.72788
6.59854 2.6841
6.94992 2.36038
6.85074 2.46575
5.1679 2.56926
5.0929 2.43015
6.18116 -1.68079
6.14253 -1.6962
7.13334 -0.898222
7.19615 -0.806896
6.94221 -1.13206
6.98173 -1.08826
6.08615 2.94257
6.25872 2.88203
6.0173 2.9583
5.83822 2.978
6.53597 -1.49105
6.60659 -1.43899
7.00914 2.29145
7.09113 2.1852
7.62239 0.524913
7.62076 0.466756
6.33581 2.84555
6.40548 2.80912
7.60008 0.23986
7.35924 1.73541
5.6326 2.95015
5.28389 2.72483
7.61202 0.339277
5.44453 -1.52285
5.23564 -1.20435
4.84994 1.52217
4.85725 1.57749
4.85383 1.55272
4.89016 1.77917
5.93694 -1.73707
5.75959 -1.72358
5.57851 -1.6423
5.58315 -1.64504
4.99602 -0.559076
5.08376 -0.838979
5.23373 -1.20088
5.23208 -1.19771
4.94595 2.02221
4.87017 0.0267965
4.84416 0.215157
5.24096 2.67479
5.07696 2.39797
5.06034 2.36084
6.3393 -1.6112
5.95076 -1.73714
5.98116 -1.73283
6.89523 -1.18175
7.0462 -1.01188
6.29235 2.86694
6.04706 2.95309
5.71297 2.96802
6.73691 -1.33317
6.39332 -1.58051
6.79342 -1.28134
7.3011 -0.637503
7.27553 -0.681868
7.62235 0.683385
6.62169 2.66654
6.64679 2.64804
4.90585 -0.17892
6.47487 2.7684
7.07582 -0.97352
4.8784 -0.0246426
7.54948 1.19944
7.5613 1.14785
7.49626 1.38999
7.52378 1.29827
7.57457 1.08472
7.58617 1.02196
6.82112 2.49526
6.70201 2.60217
6.98513 2.32008
7.12323 2.14052
7.18863 2.04483
7.61589 0.789174
7.62156 0.706344
7.48594 -0.230506
7.4457 -0.337141
7.31138 -0.619435
4.83068 0.33743
4.8333 0.310477
4.82101 0.448539
4.81248 0.587054
4.81261 0.584217
7.60758 0.871644
7.33906 1.77814
7.29889 1.85612
7.24337 1.95558
4.83898 0.259491
5.00418 2.21528
7.35045 1.75408
7.54367 1.22244
5.63097 -1.67332
4.83694 0.276013
4.82683 0.37971
7.29354 1.86615
4.81616 0.520466
4.81591 0.523996
