6.20496 -2.52695
6.14431 -2.57009
4.68209 -1.62664
4.68514 -1.63767
7.9732 -0.363789
8.00493 -0.260086
4.85515 3.59744
4.92845 3.6689
4.73576 -1.83011
4.7426 -1.85587
4.29237 1.35821
4.28851 1.30858
4.28004 0.968279
4.28008 0.977225
4.28163 0.850224
4.28065 0.796021
4.29687 1.46557
4.29813 1.48603
5.79961 3.82441
5.75454 3.83507
4.29432 0.445739
4.29314 0.463827
4.35282 2.06049
4.35939 2.118
4.94872 -2.54219
4.94584 -2.53372
4.33933 -0.023701
4.33007 0.0507683
7.82612 -0.73091
7.78157 -0.821186
4.55486 3.04863
4.5739 3.10333
5.21991 3.82642
5.24752 3.83352
4.89497 -2.38261
4.91511 -2.4457
7.12196 2.97905
7.15883 2.94036
7.41335 2.63355
7.41934 2.6255
6.95443 -1.90783
6.92242 -1.93835
7.25511 -1.59123
7.21877 -1.63201
4.66363 3.31388
4.63823 3.26259
5.54031 -2.91609
5.49034 -2.93567
4.81273 -2.11029
4.84061 -2.20071
8.11679 0.682149
8.1163 0.699362
5.34195 -2.96417
5.26497 -2.95879
4.9843 -2.63551
5.01444 -2.70191
5.05819 -2.78699
5.07126 -2.80472
5.17552 -2.91731
5.14711 -2.89788
4.76591 -1.9407
4.76926 -1.95519
5.66502 -2.86307
5.64455 -2.87393
5.77149 -2.80673
5.75895 -2.81431
8.0809 0.068652
8.07987 0.0627657
8.05434 -0.0688887
8.05913 -0.0477253
6.6787 3.37497
6.69014 3.36657
6.88821 3.2036
6.89468 3.19808
5.97855 3.76876
5.90942 3.79143
4.3717 2.20268
4.37855 2.24795
7.77087 -0.842689
7.71345 -0.948297
6.21247 3.66827
6.22601 3.66152
6.45473 3.53087
6.47997 3.51526
7.0631 3.03994
7.22011 2.87265
7.20037 2.89534
7.60385 -1.12851
7.63663 -1.07765
6.7854 -2.06359
6.86373 -1.99365
7.08786 -1.77342
7.05478 -1.80741
4.79844 3.531
4.76831 3.4897
8.10878 0.798245
8.11299 0.746975
6.39025 -2.3894
6.34288 -2.42578
6.66054 -2.17185
6.61762 -2.20697
7.92553 -0.497907
7.92506 -0.49911
4.97935 3.70834
4.97846 3.70776
4.844 3.58622
4.82926 3.56899
8.11837 0.46548
8.11571 0.400651
4.30931 1.64675
4.30674 1.61433
4.28612 0.607153
4.28661 0.594235
7.31028 -1.5274
7.34932 -1.48044
5.98726 -2.67708
5.97563 -2.6842
4.48957 -0.833978
4.49853 -0.873532
4.28219 1.11442
4.28192 1.10422
7.14883 -1.70824
7.1717 -1.68343
6.22673 -2.51147
6.23631 -2.50477
4.59058 -1.25955
4.5697 -1.17713
4.65833 -1.53549
4.64748 -1.4904
5.71312 3.84191
5.74098 3.83738
5.86721 3.80591
4.40162 -0.410484
4.38485 -0.320713
4.44283 -0.619
4.43563 -0.584773
4.39072 2.31505
4.39732 2.36572
4.38128 -0.300491
4.36285 -0.187896
7.78217 2.00761
7.74338 2.08844
7.8668 1.8125
7.83409 1.89162
4.45442 2.67655
4.45363 2.67325
4.40249 2.39439
4.41466 2.46912
5.10972 3.78378
5.08926 3.77459
5.32432 3.85003
5.3625 3.85644
8.02999 1.29717
8.04818 1.21453
8.07797 1.05172
8.09324 0.943849
7.34299 2.72593
7.35172 2.71466
7.47083 2.55277
7.48228 2.53612
7.44501 -1.35825
7.4219 -1.38857
6.87168 -1.98606
6.95981 -1.9028
7.65661 2.25306
7.68563 2.20051
7.57701 2.38984
7.59235 2.36468
4.72846 3.42958
4.71102 3.40278
4.61263 3.20239
4.62969 3.24261
4.77347 -1.97276
4.80622 -2.08447
4.87392 -2.31287
4.86835 -2.29282
7.93393 1.63148
7.91403 1.68878
7.98671 1.46423
7.97403 1.50823
5.36959 -2.96379
5.25571 -2.95575
5.7269 -2.83136
5.71094 -2.8391
5.63387 -2.87919
5.58333 -2.89933
5.56043 -2.90999
6.49302 -2.30852
6.51603 -2.29053
8.03161 -0.164121
7.96476 -0.390152
7.92594 -0.496826
6.6386 3.40539
6.60791 3.42709
6.83032 3.25378
6.83723 3.24809
6.07498 3.73118
6.01796 3.75337
5.64027 3.85463
4.33112 1.88913
4.33617 1.93323
4.37976 2.25544
4.36091 2.12949
6.08934 3.72572
6.12559 3.70945
6.20196 3.67368
6.25795 3.6451
6.29559 3.62481
6.42474 3.54994
6.36153 3.58693
7.27743 2.80754
6.69647 -2.1406
6.7667 -2.08062
7.03314 -1.8288
4.75259 3.46865
8.11566 0.709955
8.10758 0.813657
6.67932 -2.15546
8.1124 0.341086
8.11975 0.529745
4.55425 -1.11245
4.56717 -1.16657
4.52814 -1.00123
4.53727 -1.04044
4.5094 2.89724
4.4974 2.85398
4.53237 2.97889
4.54237 3.01161
7.35503 -1.47349
7.39764 -1.42
4.46517 -0.728363
4.47916 -0.788123
4.50798 -0.91429
6.00184 -2.66783
6.03591 -2.64498
4.61324 -1.35147
4.59664 -1.28355
4.6259 -1.4015
7.96892 -0.377761
8.09037 0.135991
8.0817 0.0733083
4.51517 -0.945561
4.52266 -0.977365
4.28371 0.723221
4.28095 0.777249
4.46396 -0.722959
5.52275 3.86443
5.54783 3.8628
4.34516 2.00984
4.34374 1.99685
4.32736 1.84851
4.32311 1.80601
4.30991 0.245393
4.30561 0.294138
4.8923 -2.3719
4.8896 -2.36232
8.1013 0.867741
7.46009 -1.33805
7.50326 -1.27854
5.78101 -2.80119
5.82995 -2.77292
5.20147 -2.93531
8.03815 -0.138752
7.90133 -0.556927
7.87981 -0.611004
6.53496 3.4787
6.54835 3.4693
7.0286 3.07362
7.04271 3.0602
8.11944 0.588571
4.31922 1.76709
4.31714 1.74241
8.09921 0.199079
8.09968 0.203274
4.74517 -1.86628
4.28702 1.23122
4.28729 1.28156
6.74155 3.3266
6.77697 3.29775
7.27893 2.80567
7.28063 2.80364
6.94538 3.15252
6.98087 3.11918
6.11697 -2.5899
4.70585 -1.71779
4.67264 -1.59183
8.10593 0.269406
8.10012 0.207678
4.28828 1.29472
4.29369 1.40484
4.28054 1.03149
4.28023 0.913725
4.28105 0.786724
4.28025 0.904659
4.30056 1.52601
4.29465 1.42188
4.42175 -0.515012
4.40741 -0.441989
4.29038 0.513419
4.29738 0.398607
5.43808 3.86363
5.48893 3.86422
4.9507 -2.54869
4.93109 -2.49002
4.32336 0.111622
4.34541 -0.0691603
7.82828 -0.72626
7.77145 -0.841574
7.82618 1.9099
7.78977 1.99143
4.4268 2.53444
4.43334 2.57169
4.58357 3.12805
4.55207 3.04119
5.20361 3.82081
5.28971 3.84416
8.05586 1.1763
8.07385 1.07721
7.20238 -1.65051
7.265 -1.58003
4.63616 3.25754
4.67301 3.33401
5.47525 -2.93894
5.41858 -2.95517
4.97843 -2.6193
5.02036 -2.7163
5.0991 -2.84644
5.03835 -2.74896
5.12071 -2.86823
5.88588 -2.74071
5.88891 -2.73898
4.71657 -1.75651
5.89156 -2.73748
8.11161 0.329638
8.06844 0.000188377
8.04731 -0.0999045
7.70645 -0.960516
7.87747 -0.616352
7.65253 -1.05159
7.5648 -1.18918
7.55443 -1.20456
7.53371 -1.23497
6.40636 -2.37733
6.32558 -2.43848
6.08458 -2.61185
6.0607 -2.62774
4.93313 3.67278
5.02835 3.74136
5.4247 3.86264
4.54112 -1.05689
4.55212 -1.10351
4.30421 1.57783
4.31171 1.67848
4.28883 0.543677
4.28449 0.65942
4.53048 2.97191
4.51434 2.91648
7.30616 -1.5322
7.35454 -1.4741
4.28083 1.05013
4.28388 1.16772
4.5675 -1.16792
4.28064 1.04072
4.30218 1.55018
4.38219 -0.305561
4.46107 -0.709473
4.29894 0.377645
4.2895 0.529037
4.35867 -0.161092
4.317 0.171977
7.73476 2.10564
7.87625 1.78893
7.90421 1.71541
7.69505 2.18285
4.47669 2.7731
4.45202 2.66575
4.48181 2.79312
5.03042 3.7425
5.15311 3.80319
5.40045 3.86029
8.01583 1.35604
8.09588 0.922972
8.00064 1.41459
7.53286 2.46044
7.54174 2.44658
7.40764 2.64156
7.4014 -1.41514
7.45068 -1.35087
7.64003 2.28264
7.61739 2.32223
4.69407 3.37113
4.60637 3.18878
4.8532 -2.24587
4.84703 -2.22332
7.94487 1.59933
7.96176 1.54772
6.72254 3.34141
6.93216 3.16446
6.31378 3.61527
6.48841 3.5096
6.27942 -2.47319
6.45366 -2.34007
6.57731 -2.24078
6.5334 -2.27692
4.93086 3.67104
4.31494 1.716
4.28414 0.671048
4.48978 2.82347
4.28425 1.17911
4.96526 -2.58509
5.61117 3.85838
4.9194 -2.45979
6.33588 3.60222
4.59754 3.16534
5.93862 -2.70828
6.84384 3.24257
4.34211 1.98247
6.59696 -2.22479
6.46987 -2.32758
6.98815 3.11223
6.78501 3.29112
6.5689 3.45473
