5.33071 -2.17353
5.32341 -2.16715
6.13873 -2.1693
6.18789 -2.14253
5.63484 -2.30792
5.71618 -2.3073
4.98819 -1.57765
5.01162 -1.6378
4.74411 -0.796208
4.72082 -0.701316
5.11608 -1.87014
5.08441 -1.80401
4.61823 2.03383
4.61252 1.99961
7.59786 -0.667256
7.55148 -0.757454
6.38473 3.23063
6.37203 3.23722
7.56853 1.92571
7.61036 1.83663
7.83991 1.10917
7.84119 1.10227
7.34298 2.31882
7.32081 2.35162
7.74396 1.48707
7.73581 1.51252
7.89045 0.634516
7.8908 0.623466
7.74165 -0.325588
7.70335 -0.430744
7.78965 -0.171655
7.809 -0.100028
5.78411 -2.29812
5.80975 -2.29342
5.58146 -2.30223
5.63037 -2.30794
5.5084 3.43566
5.50073 3.43448
5.30019 3.36699
5.30268 3.3682
5.1041 3.22652
5.10677 3.22906
4.91469 2.97658
4.93437 3.00966
7.85803 0.140538
7.841 0.0424445
7.88583 0.398847
7.87933 0.311979
4.95595 -1.49488
4.94305 -1.45793
4.56184 1.62427
4.56766 1.67966
4.54408 1.42303
4.54169 1.39651
4.57538 1.74622
4.58366 1.808
4.77047 -0.897208
4.75834 -0.852856
5.25273 -2.08794
5.26085 -2.09757
5.16406 -1.95519
5.13233 -1.89877
4.89824 2.94612
4.86977 2.89174
6.01107 3.39406
5.93134 3.41566
6.16019 3.34034
6.06662 3.37547
5.6804 3.44871
5.65399 3.44924
6.86228 2.88042
6.87391 2.86998
6.99049 -1.51768
6.97848 -1.5299
7.44471 -0.940998
7.47011 -0.900175
6.42806 -1.99267
6.39596 -2.01578
6.66369 -1.81729
6.59694 -1.87014
6.88217 -1.62512
6.79346 -1.70624
6.00307 -2.23097
6.03664 -2.21741
4.5243 0.913439
4.52382 0.88989
4.52884 1.14097
4.52972 1.16743
4.54107 0.429722
4.54618 0.356309
4.59172 -0.0532043
4.57692 0.061907
4.52986 0.627363
4.5286 0.655448
4.69303 2.38779
4.68819 2.3696
7.23607 -1.2375
7.22549 -1.25065
7.87043 0.908304
7.87265 0.891407
4.63109 -0.280577
4.6152 -0.193131
4.82614 -1.09329
4.81568 -1.05676
7.77728 -0.214643
7.74642 -0.311662
6.26546 -2.09877
6.08708 -2.1944
7.07514 -1.42671
7.10439 -1.39463
5.81505 3.43849
5.86395 3.4287
6.45965 3.18549
6.27295 3.28944
4.74579 2.57717
4.72425 2.50457
4.76953 2.64767
4.75539 2.60635
4.81866 2.77827
4.82064 2.78349
7.14901 2.57903
7.17305 2.55002
7.07227 2.66779
7.07752 2.66198
7.25159 2.44895
7.19517 2.52232
6.53178 -1.9186
6.49703 -1.94531
6.8956 -1.61219
6.8901 -1.61767
7.50513 2.04923
7.51869 2.02382
7.42698 2.18796
7.42692 2.18807
7.79273 1.3202
7.79094 1.32714
7.70243 -0.433181
6.73363 2.98993
6.71786 3.0031
6.49775 3.16201
6.50053 3.1602
4.56101 1.6155
4.57479 1.7419
4.57239 1.72211
4.55066 1.50561
4.54911 1.48718
4.77663 -0.919508
4.64374 2.16977
4.65098 2.2076
5.77034 3.44375
5.90886 3.42022
6.04642 3.38323
6.22853 3.30927
6.49547 3.16356
5.70587 3.44839
6.88231 2.8619
6.97033 -1.53816
7.05979 -1.4437
6.31754 -2.06539
6.72276 -1.7672
6.69582 -1.79074
6.92463 -1.58367
6.28783 -2.08508
5.3183 -2.16158
5.29166 -2.13359
5.91126 -2.26596
5.93571 -2.25739
4.52531 1.01602
4.52501 0.976938
4.52381 0.873482
4.52378 0.826417
4.53294 1.25977
4.53065 1.20342
4.52773 1.10393
4.87566 -1.25729
4.89169 -1.30676
4.53663 0.492686
4.53895 0.459827
4.54841 0.329371
4.59241 -0.0579364
4.52509 0.745678
4.52676 0.694525
4.53155 0.590249
7.63403 1.78187
7.65234 1.73911
7.01496 2.72934
7.03334 2.7105
7.17216 -1.31593
7.12547 -1.37052
7.29198 -1.16389
7.24152 -1.23061
7.78336 -0.193801
5.4788 -2.27343
5.3979 -2.22821
5.8852 -2.27373
5.8595 -2.28017
4.52642 1.04044
4.52647 1.06552
6.70256 3.01546
6.62122 3.07624
6.54748 3.12845
6.56177 3.11848
4.6508 -0.385337
4.64095 -0.334397
4.53547 0.525034
4.5331 0.555191
4.62867 2.09205
4.63536 2.12693
4.59297 -0.0614494
4.59664 -0.0840755
4.66035 2.25107
6.92423 2.82023
7.65776 1.72558
7.68561 1.65484
7.63353 -0.591522
7.61581 -0.630562
5.55148 -2.29675
5.53068 -2.29113
4.97061 3.06547
4.99603 3.10201
4.58509 1.81801
4.59267 1.87217
7.32168 -1.12394
7.8822 0.792094
7.88382 0.770711
4.56005 1.60519
4.55501 1.55134
4.67839 -0.519723
4.66948 -0.477365
4.53666 1.32764
4.53657 1.32606
4.57505 1.74383
5.28875 -2.13051
5.28922 -2.13102
4.55054 0.305125
4.55434 0.264124
4.85222 -1.1828
4.85054 -1.17702
5.47989 -2.27398
5.4794 -2.27378
5.75406 -2.30189
5.40002 3.40796
5.43265 3.41768
5.03042 3.14594
5.00835 3.1187
7.87479 0.267015
7.8639 0.178613
5.04503 -1.71844
4.97636 -1.54837
5.05182 -1.73526
5.12201 -1.88074
4.60826 1.97531
4.62371 2.06327
7.53674 -0.784424
7.60734 -0.648197
7.56428 1.93453
7.61428 1.82783
4.6735 2.31036
4.67018 2.29641
4.78625 2.69435
4.77598 2.66543
7.11075 2.62377
7.13682 2.59371
7.82992 1.15756
7.86063 0.983215
7.39603 -1.01792
7.38719 -1.03104
7.46662 2.11936
7.42727 2.18747
7.29945 2.38218
7.37539 2.26992
7.7159 1.57085
7.76452 1.42096
7.81311 1.23714
7.80378 1.27591
7.88598 0.735315
7.89079 0.620298
7.83623 0.0187797
7.81451 -0.0770974
5.13848 3.25544
5.19474 3.30248
5.2022 3.30799
5.27133 3.34955
5.55609 3.44145
7.88836 0.442943
4.93723 -1.44052
4.91185 -1.3664
5.04824 -1.72654
4.69471 -0.592328
4.70181 -0.622669
5.18298 -1.98815
4.60211 1.93596
7.49227 -0.862754
7.40036 -1.0114
7.89079 0.51466
6.04842 -2.21172
5.98618 -2.23852
5.48073 -2.27424
5.21012 -2.02758
4.67436 2.31371
4.70358 2.42883
7.87659 0.85003
7.86606 0.944045
4.61213 -0.175387
4.80027 -1.00363
4.8571 -1.19899
4.71294 2.46264
4.75335 2.60065
7.18682 2.53294
7.06303 2.67823
7.86289 0.967453
7.81462 1.23062
7.26313 2.43318
7.54243 1.97749
7.47417 2.10601
7.38552 2.25411
7.76956 1.40352
7.70496 1.60196
4.5409 1.38612
4.90643 2.96168
5.6023 3.447
5.6126 3.44737
5.95665 -2.24901
4.79043 -0.968472
4.52372 0.809928
4.53313 1.26547
4.53032 1.19476
4.89855 -1.32823
4.5659 0.153389
4.55873 0.218084
4.52451 0.761164
4.5272 0.681859
4.82584 2.79615
7.18259 -1.30355
7.8814 0.80382
6.59942 3.09271
7.69249 1.63658
7.65219 -0.551441
4.96426 3.05642
4.5954 1.89016
5.22537 -2.04895
5.83467 -2.28743
7.3449 -1.09196
4.94419 3.02425
4.53491 1.29472
4.568 1.68327
4.54735 1.46579
4.55611 0.24331
4.52418 0.785821
7.69612 -0.448262
4.52461 0.937442
4.57409 0.0831384
6.6098 3.08491
4.8618 2.8755
4.85507 2.86071
7.65875 -0.53659
