6.14634 -2.1563
6.1878 -2.13373
5.66804 -2.2954
5.7234 -2.29498
4.99875 -1.58422
5.01829 -1.63437
4.74926 -0.793291
4.73237 -0.724476
5.11834 -1.85566
5.09179 -1.80022
4.6238 2.03036
4.61868 1.99967
4.59776 -0.0569159
4.59748 -0.0550645
7.59116 -0.668592
7.54774 -0.753043
6.3838 3.22318
6.36256 3.23421
7.5675 1.91577
7.60439 1.83719
7.33958 2.31424
7.31451 2.35132
7.73854 1.48758
7.73181 1.50857
7.7376 -0.321801
7.70689 -0.406131
7.78255 -0.178073
7.80471 -0.0960173
7.69724 -0.431963
7.69579 -0.435534
5.78399 -2.28699
5.81706 -2.28093
5.58133 -2.28914
5.62257 -2.29396
5.52121 3.42763
5.50134 3.42457
5.30088 3.35581
5.31303 3.3617
5.10489 3.21363
5.11541 3.22365
4.91562 2.96127
4.94168 3.00507
7.85354 0.14474
7.83542 0.0403505
7.88101 0.403359
7.87403 0.309989
4.95557 -1.47337
4.94909 -1.45482
4.56715 1.62117
4.5733 1.67969
4.54967 1.42305
4.5476 1.40019
4.58197 1.75031
4.58971 1.80802
4.77592 -0.894123
4.75958 -0.834372
5.40336 -2.21631
5.40364 -2.21647
5.25499 -2.0735
5.27092 -2.09239
5.17225 -1.95099
5.15044 -1.91221
4.91123 2.95314
4.87089 2.87608
6.02844 3.38078
5.9303 3.40736
6.15924 3.33276
6.05518 3.37183
5.67598 3.43961
5.65455 3.44005
6.86628 2.86917
6.87196 2.86407
6.99157 -1.50818
6.97332 -1.52676
7.44113 -0.936782
7.46329 -0.901178
6.41899 -1.99087
6.39423 -2.00869
6.66901 -1.80504
6.5953 -1.86341
6.88788 -1.61198
6.79187 -1.69976
5.99691 -2.22396
6.03654 -2.20796
4.52983 0.913432
4.52929 0.886711
4.5343 1.1378
4.53529 1.16743
4.85757 -1.17918
4.85792 -1.18032
4.54634 0.432778
4.55191 0.35279
4.59578 -0.0424155
4.58201 0.0647831
4.53552 0.623889
4.5341 0.655358
4.70128 2.39292
4.69503 2.36941
7.22797 -1.23869
7.19563 -1.27887
7.86479 0.911852
7.86771 0.889554
4.63626 -0.277649
4.62162 -0.197071
7.88578 0.60898
7.88558 0.626751
4.8314 -1.08958
4.82286 -1.05973
7.77314 -0.210769
7.74068 -0.312806
6.2732 -2.08555
6.08698 -2.18515
7.07284 -1.42072
7.10717 -1.38306
5.814 3.4301
5.84735 3.42342
6.49234 3.1578
6.27201 3.28193
4.74717 2.55797
4.73022 2.50085
4.77588 2.64371
4.76302 2.60613
7.14693 2.57274
7.17854 2.53461
7.07028 2.66177
7.0716 2.6603
7.83566 1.10497
7.83549 1.10585
7.24955 2.44276
7.1886 2.522
6.52333 -1.91693
6.49535 -1.93843
6.88902 -1.61089
6.88855 -1.61135
7.50174 2.04467
7.51301 2.02355
7.42347 2.18324
7.42073 2.18777
7.78751 1.32069
7.78688 1.32313
7.69829 -0.429304
6.72673 2.98796
6.71401 2.99858
4.56662 1.61553
4.58037 1.73865
4.57391 1.68519
4.55597 1.50252
4.55468 1.48721
4.78422 -0.924165
4.82936 2.78471
4.84219 2.81311
4.65089 2.17421
4.65661 2.2041
5.78351 3.43369
5.90263 3.41298
6.04546 3.37556
6.21816 3.30598
6.49355 3.15708
5.70643 3.43923
6.87606 2.86013
6.96092 -1.53931
7.05481 -1.44066
6.3077 -2.06344
6.71537 -1.76573
6.69423 -1.78421
6.89147 -1.60847
6.28802 -2.07648
5.91866 -2.25333
5.9356 -2.24739
4.53082 1.01282
4.53055 0.976932
4.52928 0.876651
4.52924 0.823237
4.53794 1.24692
4.53604 1.20028
4.53328 1.10393
4.88006 -1.24984
4.90022 -1.31206
4.54237 0.489164
4.54444 0.459737
4.55386 0.329282
4.53044 0.748779
4.53232 0.691108
4.53705 0.590159
7.63051 1.77713
7.64655 1.73965
7.00858 2.72752
7.03129 2.70426
7.17499 -1.30415
7.12185 -1.36627
7.28844 -1.15971
7.24464 -1.21764
7.77777 -0.194917
5.88509 -2.26334
5.852 -2.27162
4.53207 1.04043
4.53213 1.0688
6.70169 3.00853
6.61388 3.07416
6.5466 3.12139
6.55395 3.11626
4.65591 -0.382445
4.64738 -0.338344
4.54108 0.524943
4.53846 0.558299
4.63428 2.08855
4.64165 2.12699
4.66669 2.25089
4.82827 2.78237
4.82704 2.77947
6.89652 2.83979
7.65564 1.71697
7.67989 1.65538
7.62982 -0.587147
7.61459 -0.620694
5.55839 -2.28495
5.53054 -2.27742
4.99202 3.08063
5.00359 3.09726
4.59173 1.82213
4.59873 1.8722
7.31422 -1.12504
7.87696 0.795388
7.87787 0.783358
4.566 1.60888
4.56061 1.55137
4.67976 -0.49931
4.67598 -0.481358
4.54256 1.33129
4.54204 1.32287
4.58108 1.74385
5.291 -2.11611
5.29979 -2.12559
4.55572 0.308123
4.5598 0.264035
5.74524 -2.29185
5.63738 -2.29596
5.40066 3.39749
5.44416 3.41045
5.03841 3.14093
5.0092 3.10486
7.87013 0.27138
7.85845 0.176568
5.05354 -1.71947
4.9829 -1.545
5.05661 -1.726
5.13006 -1.87661
4.6138 1.97186
4.62994 2.06333
7.52983 -0.785803
7.60353 -0.643714
7.55819 1.93511
7.6132 1.81741
4.68029 2.31016
4.67177 2.27432
4.79262 2.69038
4.78369 2.66521
7.10873 2.61762
7.13092 2.59203
7.83761 1.09312
7.85626 0.978896
7.39255 -1.01382
7.39064 -1.01667
7.46328 2.11487
7.43637 2.16145
7.29609 2.37767
7.36915 2.26962
7.71038 1.57137
7.76049 1.41698
7.80763 1.23766
7.7914 1.30511
7.88534 0.631903
7.88059 0.738699
7.83189 0.0228444
7.809 -0.0781971
5.2022 3.29586
5.20548 3.29816
5.60287 3.43755
7.88317 0.440995
4.94617 -1.44608
4.91784 -1.36332
5.05516 -1.72298
4.69999 -0.589336
4.7088 -0.626957
5.33392 -2.16008
5.48182 -2.26044
5.18525 -1.97364
5.0556 -1.72388
4.6082 1.93602
7.4886 -0.858429
7.39349 -1.01241
7.88577 0.517814
6.04256 -2.20505
5.98609 -2.2288
5.21918 -2.02292
4.6825 2.31877
4.71046 2.42863
7.87115 0.853449
7.85902 0.959017
4.61735 -0.17243
4.80551 -0.99993
4.85671 -1.1764
4.72132 2.46786
4.75964 2.59672
7.1848 2.52684
7.06795 2.6644
7.85741 0.970897
7.81027 1.22631
7.25678 2.43288
7.53899 1.97286
7.46845 2.10573
7.38206 2.24946
7.76424 1.40402
7.701 1.59804
4.54629 1.38298
5.50129 -2.26753
4.91342 2.95729
5.95013 -2.24158
4.79665 -0.968265
4.52921 0.813108
4.53596 1.19802
4.53858 1.2623
4.90299 -1.32071
4.57047 0.161637
4.56461 0.214471
4.53011 0.757728
4.53254 0.684952
7.17903 -1.29935
7.87651 0.801985
6.5057 3.14905
6.59854 3.08574
5.33088 -2.15763
5.32763 -2.1548
7.69031 1.62773
7.64585 -0.552705
4.97174 3.05173
4.60208 1.89431
5.23824 -2.04964
5.83456 -2.27672
4.59729 -0.0536491
7.34131 -1.08773
5.60801 3.43793
4.95469 3.02439
4.54055 1.29475
4.53862 1.2631
4.57334 1.68015
4.55322 1.46943
4.56131 0.246321
4.52973 0.785731
4.53018 0.94067
4.85737 -1.17856
4.58004 0.0794817
6.60585 3.08025
6.49458 3.15646
4.86853 2.87128
4.86654 2.8669
7.65466 -0.53276
