6.16914 -2.59022
6.19852 -2.56932
8.00415 -0.33581
8.02878 -0.255328
4.68644 -1.75621
4.70925 -1.84206
4.26898 1.35824
4.26407 1.29508
4.25843 0.850251
4.25735 0.790986
6.84747 3.27154
6.80102 3.30996
4.27379 1.479
4.27421 1.48592
4.26975 0.460829
4.26953 0.464211
4.32722 2.06023
4.33187 2.10091
4.9029 -2.54649
4.89429 -2.52113
4.31367 -0.00794004
4.30793 0.038232
7.79747 -0.83738
7.84123 -0.748718
7.80704 2.00527
7.84895 1.91162
5.03101 3.79368
5.0678 3.81378
5.23722 3.87539
5.19854 3.86545
4.86849 -2.43456
4.87964 -2.46949
7.13009 3.00369
7.18371 2.94742
8.08164 1.15368
8.09665 1.07019
7.4304 2.64698
7.44546 2.62676
7.23781 -1.64483
7.24122 -1.64101
4.67349 3.41285
4.68094 3.4274
4.6164 3.2995
4.60969 3.28595
5.36486 -3.04126
5.41848 -3.02786
4.78941 -2.14819
4.79104 -2.15347
8.13963 0.633604
8.13813 0.68564
4.95508 -2.7069
4.94903 -2.68626
5.02344 -2.86373
5.00757 -2.82793
5.17097 -3.02813
5.22262 -3.04606
5.10825 -2.98368
5.08135 -2.94914
4.73285 -1.9307
4.74103 -1.96602
5.70795 -2.89372
5.65721 -2.92064
5.78139 -2.84838
5.80824 -2.83214
4.67474 -1.71156
4.65382 -1.62471
5.98394 3.80116
5.96232 3.80825
5.73206 3.87609
5.76036 3.87003
6.23177 3.6907
6.26179 3.67574
6.47272 3.55177
6.48369 3.54498
7.05519 3.08116
7.24424 2.87949
7.20864 2.92041
7.61868 -1.14599
7.66545 -1.07341
6.98175 -1.91325
7.06061 -1.83498
6.81452 -2.06937
6.87011 -2.01974
7.06154 -1.83404
7.06134 -1.83424
4.7668 3.5569
4.73951 3.51949
6.65982 -2.20487
6.63356 -2.22636
7.94119 -0.516365
7.93055 -0.543556
8.1395 0.445699
8.13799 0.409011
4.28401 1.63104
4.28267 1.61422
5.58928 3.89836
5.59782 3.89731
7.72852 -0.966059
7.6836 -1.04288
4.46808 -0.849147
4.46958 -0.855767
6.94902 3.18156
6.95909 3.17211
4.35141 2.23784
4.35503 2.26261
7.15512 -1.73398
7.19023 -1.6959
5.93768 -2.7517
5.96142 -2.73541
6.03502 -2.68605
6.04568 -2.67828
4.63528 -1.55175
4.60546 -1.42772
4.2568 0.981808
4.25677 0.977253
5.87271 3.83899
5.78199 3.86381
4.37959 -0.422958
4.37841 -0.416674
4.42143 -0.631117
4.40813 -0.567895
4.36463 2.31478
4.37257 2.37577
4.35506 -0.284386
4.34127 -0.200117
7.89113 1.81021
7.8847 1.82576
7.70995 2.20154
7.75788 2.10796
4.37562 2.39607
4.39001 2.48448
4.42211 2.65644
4.42827 2.68906
5.34099 3.89573
5.30847 3.89027
8.04783 1.31482
8.07339 1.19868
7.35135 2.75126
7.37869 2.71595
7.47942 2.57879
7.50792 2.53736
6.89959 -1.9916
6.96621 -1.92896
7.67092 2.27232
7.70737 2.20634
7.59101 2.40868
7.61711 2.36587
5.29151 -3.05204
4.75127 -2.00882
4.7726 -2.08155
4.8475 -2.3558
4.82906 -2.28941
7.95736 1.62927
7.9309 1.70547
8.00945 1.46209
7.99125 1.52525
5.85873 -2.802
5.86837 -2.79578
5.29066 -3.052
5.63207 -2.93302
5.73867 -2.87477
6.50978 -2.3289
6.53266 -2.31101
8.04948 -0.180853
7.98168 -0.405994
7.9504 -0.491945
6.64232 3.43508
6.64053 3.43635
6.65924 3.42224
6.69536 3.39459
6.85858 3.2618
6.90387 3.22202
6.03908 3.77943
6.04338 3.77758
5.76848 3.86769
5.64633 3.89105
4.30795 1.90357
4.31132 1.93298
4.33758 2.14403
6.20577 3.70409
6.11843 3.745
6.4285 3.5799
6.39713 3.59825
7.28565 2.83245
6.72679 -2.14662
6.77315 -2.10702
7.06122 -1.83437
4.79729 3.59448
8.13621 0.717664
8.1303 0.799372
6.29776 -2.49487
6.3421 -2.46149
6.42548 -2.39639
6.46912 -2.36203
6.54907 -2.29709
6.59623 -2.25832
6.69482 -2.17433
4.93054 3.72704
4.95217 3.74371
8.13612 0.375301
8.14148 0.537898
4.53287 -1.12753
4.54238 -1.1674
4.50671 -1.01635
4.51251 -1.04126
4.26311 0.593814
4.26308 0.594618
4.4718 2.87384
4.46691 2.8562
4.51356 3.02294
4.5008 2.98119
7.38688 -1.46881
7.41594 -1.43233
7.28936 -1.5862
7.3288 -1.53988
4.45572 -0.793051
4.45483 -0.788931
4.48334 -0.915109
4.25843 1.10064
4.2585 1.10425
4.5906 -1.36745
4.57168 -1.29006
4.59609 -1.38915
7.99276 -0.373005
4.90493 3.7065
4.88414 3.68705
8.11369 0.14474
8.10796 0.103276
4.49381 -0.960636
4.49794 -0.978186
4.26051 0.723248
4.25749 0.782598
7.04992 3.08638
7.0036 3.13042
6.74519 3.35568
6.75226 3.34984
5.5735 3.89939
5.50104 3.90408
4.3218 2.0244
4.31877 1.9966
4.30136 1.83237
4.2987 1.80576
4.28494 0.260732
4.28311 0.281404
4.85852 -2.39456
4.84844 -2.35875
8.12238 0.869929
8.12937 0.809646
8.11491 0.941801
8.11655 0.929193
7.51463 -1.30088
7.51813 -1.29607
4.54076 3.11038
4.53934 3.10584
5.49711 -2.99865
5.50628 -2.99448
8.06271 -0.129538
7.91733 -0.575776
7.90533 -0.605912
6.53866 3.50825
6.58096 3.47855
8.14129 0.574839
4.29627 1.78139
4.29297 1.74216
8.11874 0.180796
8.12217 0.211711
4.71783 -1.87677
4.2637 1.23124
4.26404 1.2944
6.31756 3.64542
6.33262 3.63658
7.29622 2.81929
7.30825 2.80497
4.81514 3.61722
4.83165 3.63524
6.1067 -2.63545
6.25022 -2.53052
4.6809 -1.73539
8.1286 0.27791
8.12543 0.244176
4.26406 1.29474
4.27068 1.41823
4.25747 0.786752
4.25693 0.909274
4.27747 1.53945
4.27088 1.42177
4.40005 -0.527296
4.37999 -0.425164
4.26595 0.528422
4.27376 0.398992
4.92337 -2.61547
4.92052 -2.6045
4.91293 -2.5793
4.88716 -2.49415
4.29812 0.127124
4.32352 -0.0815559
7.85407 -0.721114
7.78631 -0.859079
7.85068 1.90759
7.80437 2.01108
4.3957 2.51509
4.40837 2.58726
4.53737 3.0993
4.51931 3.04357
5.13357 3.84305
5.2683 3.88326
8.09797 1.06206
8.07423 1.19447
7.23733 -1.64537
7.28382 -1.5927
4.70836 3.47144
4.64371 3.358
4.59257 3.24426
4.63834 3.34655
5.56766 -2.96618
5.53764 -2.98013
5.57492 -2.96343
4.981 -2.76986
5.06226 -2.92777
5.0374 -2.88482
4.9885 -2.7911
5.14302 -3.01017
5.16125 -3.02411
4.68289 -1.74257
8.13171 0.310827
8.09246 0.00920001
8.10089 0.0553457
8.08059 -0.0518955
7.73472 -0.954876
7.89285 -0.634472
7.66779 -1.06957
7.59361 -1.18494
7.5689 -1.22161
7.51952 -1.29408
6.36221 -2.44575
6.4056 -2.41241
4.5197 -1.07201
4.52733 -1.10433
4.27907 1.56222
4.28758 1.67837
4.26585 0.530358
4.26438 0.563915
4.4918 2.94784
4.48332 2.91873
7.33912 -1.52736
7.37284 -1.48642
5.91866 -2.76346
5.98634 -2.71938
6.00369 -2.70696
6.08371 -2.6522
4.54619 -1.18296
4.56737 -1.27144
4.25696 0.918213
4.25728 1.04075
4.27818 1.55007
4.36101 -0.317552
4.43762 -0.711455
4.27422 0.392829
4.2659 0.529421
5.42971 3.90342
5.45435 3.90379
5.41644 3.90314
4.33269 -0.145132
4.29472 0.159365
7.76019 2.10325
7.89146 1.80939
7.92806 1.71317
7.70954 2.20234
4.44479 2.76628
4.45017 2.78962
4.45129 2.79399
4.37329 2.3807
4.97451 3.75878
5.0067 3.78015
5.1308 3.84201
5.13165 3.84238
5.37618 3.8993
8.04185 1.33968
8.01797 1.43173
7.54161 2.48695
7.56671 2.44778
7.41607 2.6671
7.4328 -1.41053
7.46542 -1.36824
7.66448 2.28382
7.63159 2.34133
4.64257 3.35545
4.72171 3.49392
4.57844 3.21165
4.82815 -2.28658
4.80996 -2.2201
7.96184 1.61612
7.98494 1.54554
5.89642 -2.77812
5.84448 -2.81103
6.02833 3.78383
6.09404 3.75659
6.26508 3.67395
6.52102 3.51997
6.27862 -2.50981
6.48794 -2.34687
6.60945 -2.24716
4.28946 1.70018
4.26118 0.657737
4.45303 2.80061
4.44326 -0.737021
4.46301 -0.826813
4.26036 1.16526
6.08741 -2.6494
4.26046 1.17018
4.26103 0.661847
5.43653 -3.02141
4.44092 -0.725831
6.35439 3.62373
4.56197 3.16792
4.54826 3.13135
8.07787 -0.0652652
6.10462 3.75157
4.31528 1.96581
4.56603 3.17869
5.58179 -2.96028
6.58606 3.47493
