4.74893 -1.14778
4.76133 -1.19324
5.13332 -2.18114
5.10616 -2.13466
5.03994 -2.00262
5.03974 -2.00213
4.96202 3.27436
4.98089 3.29722
5.36225 3.54784
5.30576 3.52914
5.31313 -2.39999
5.29819 -2.3899
4.58062 -0.452209
4.57564 -0.42789
4.65929 -0.804478
4.66785 -0.839378
5.94602 3.5328
5.87489 3.54987
6.17392 3.44992
6.22429 3.42561
4.63107 2.53662
4.63654 2.55924
4.67855 2.70438
4.68616 2.72765
6.99571 2.86739
7.06241 2.79858
7.1785 2.6684
7.16339 2.68635
7.9024 1.17097
7.92485 1.04969
7.2816 2.53988
7.29127 2.52694
7.39629 -1.15251
7.42742 -1.1084
6.5552 -2.01791
6.62078 -1.96762
6.91363 -1.71042
6.91733 -1.70681
7.47571 2.25353
7.5124 2.19218
7.96471 0.598741
7.96541 0.576574
5.56605 -2.49328
5.5458 -2.49203
4.8545 -1.50495
4.85152 -1.49491
7.80152 -0.381636
7.78992 -0.413472
4.86941 3.14423
4.84911 3.10899
5.11526 3.42367
5.11066 3.42027
5.44386 3.56631
5.49864 3.5766
7.92446 0.0783467
7.92361 0.0734353
4.94205 -1.75983
4.91589 -1.687
6.7741 3.06929
6.76653 3.07578
4.48324 1.67001
4.48421 1.67928
4.61998 -0.634632
4.95623 -1.80067
4.97939 -1.85799
4.56594 2.24626
4.54717 2.14285
4.51944 1.96594
4.52435 1.9987
7.69167 -0.648539
7.73591 -0.548879
7.56871 -0.883021
7.60425 -0.819634
5.78134 3.56965
5.76851 3.5713
6.39782 3.33513
6.49359 3.27588
6.90621 2.95379
6.92725 2.93387
7.49734 -1.00301
7.48825 -1.01722
6.74198 -1.86567
6.81665 -1.80108
7.06912 -1.55197
7.00816 -1.61671
6.31675 -2.18907
6.41182 -2.12531
6.2851 -2.21115
6.21688 -2.25255
5.77095 -2.4629
5.80047 -2.45522
4.50415 0.000583418
4.50173 0.0193395
7.68516 1.85067
7.67495 1.87365
7.95522 0.800604
7.95965 0.745084
4.80066 -1.32711
4.77892 -1.25319
7.83853 -0.271981
7.83129 -0.294728
5.1657 -2.2349
5.18614 -2.26421
6.15131 -2.29377
6.08845 -2.32811
4.44498 0.872283
4.44503 0.850032
4.44575 0.998832
4.4455 0.977031
4.45896 1.37123
4.45818 1.3585
4.46747 1.49144
4.46713 1.48681
4.57024 -0.399379
4.57384 -0.418673
4.46786 0.339156
4.46852 0.330671
4.45816 0.475628
4.45902 0.461128
6.04684 3.50103
5.83039 3.56089
6.06746 3.49342
6.28633 3.39617
7.93474 0.980988
7.94359 0.918809
7.21085 -1.39267
7.17778 -1.43217
7.30336 -1.27809
7.28994 -1.29575
6.65083 -1.94223
6.52138 -2.04492
6.99307 -1.63154
6.91294 -1.71111
7.55498 2.11631
7.53527 2.15189
7.39191 2.38466
7.41101 2.35596
7.82415 1.47952
7.82501 1.47662
7.76725 1.64716
7.79447 1.57054
7.86994 1.31294
7.85096 1.38651
7.77478 -0.453647
6.83389 3.01837
6.82578 3.02563
6.61546 3.19282
6.61379 3.19409
6.55815 3.2331
6.56041 3.23163
4.4929 1.76076
4.48935 1.72904
4.47803 1.61512
4.67183 -0.85519
4.56816 2.25923
4.54105 2.10601
5.60943 3.58313
5.68524 3.57927
6.06059 3.49629
6.36529 3.35276
6.50841 3.26681
6.97482 2.88815
6.90269 2.95719
6.45519 -2.09271
6.82994 -1.78847
6.71913 -1.88606
7.10217 -1.51738
6.30027 -2.20062
4.8042 3.02685
4.81014 3.03846
6.00243 -2.37202
6.03805 -2.35496
5.91328 -2.41229
5.9372 -2.40295
4.71012 -1.00243
4.71858 -1.03442
4.48673 0.142248
4.48737 0.136401
4.51881 -0.0996069
4.44781 0.700878
4.44714 0.721924
4.45284 0.57371
4.45199 0.591544
4.76182 2.93029
4.77597 2.96375
4.7267 2.84582
4.72651 2.84532
4.58011 2.31753
4.592 2.37234
7.94982 0.858408
7.94422 0.913455
4.4512 1.21239
4.45184 1.23102
4.44736 1.08316
4.44781 1.10403
6.18787 -2.27175
5.39953 -2.45462
5.36171 -2.43452
7.86616 -0.177283
4.90044 3.19209
4.91187 3.20876
4.69568 -0.947798
4.70197 -0.97141
6.71532 3.11726
6.67263 3.14993
4.53067 -0.173986
4.53773 -0.217506
7.62917 1.97121
7.60311 2.02445
4.57911 2.31304
4.57468 2.29229
5.60855 -2.49265
5.63745 -2.48997
7.87148 -0.158527
7.88176 -0.118925
7.95794 0.349709
7.95674 0.332457
4.51065 1.89993
4.50668 1.87144
7.95976 0.743343
7.95984 0.742371
5.46798 -2.47825
5.44017 -2.4714
4.53387 2.06235
4.77428 -1.23781
4.74507 -1.13335
5.49935 -2.48623
5.0828 -2.08864
5.14359 -2.2
5.01473 -1.94611
5.04102 -2.00491
5.01186 3.3311
4.94156 3.24919
5.40243 3.55925
5.22063 3.49103
5.86726 -2.43078
5.88674 -2.42413
7.9442 0.208735
7.9435 0.20269
4.45459 1.29452
4.45486 1.31103
4.4451 0.935713
4.44501 0.913532
4.44586 0.786531
4.44489 0.808831
4.89479 -1.625
4.88438 -1.59564
4.46295 1.43149
4.46236 1.42265
4.46257 0.407659
4.46338 0.395906
5.59119 3.58397
5.59523 3.58396
4.52794 2.02538
7.63317 -0.765186
7.66075 -0.711136
4.61211 2.46026
4.64816 2.60268
4.69389 2.75192
4.66757 2.66851
7.14017 2.71291
7.20767 2.63371
7.89907 1.18707
7.92526 1.04714
7.22201 2.61601
7.34538 2.45288
7.44752 -1.07859
7.34737 -1.22114
7.25808 -1.33524
7.23454 -1.36476
7.51605 2.18587
7.46313 2.27414
7.79693 1.56323
7.82405 1.47985
7.96514 0.491093
7.96224 0.68738
5.52538 -2.49066
5.5918 -2.49287
4.82725 -1.41626
4.86294 -1.53209
7.90049 -0.041379
7.89609 -0.0608213
5.03096 3.35017
5.20857 3.48478
5.57776 3.58313
5.66624 -2.48546
5.69992 -2.48103
7.93281 0.132496
7.94495 0.215276
4.94822 -1.77795
5.00475 -1.92069
4.51525 1.93507
7.68488 -0.66278
7.7426 -0.533404
7.54465 -0.924479
7.34424 -1.22546
7.50142 -0.996547
7.96495 0.471672
4.81476 -1.37386
5.95829 -2.39265
5.98763 -2.37986
4.45004 0.637127
4.44927 0.656739
4.72679 2.84602
4.75066 2.9048
4.44903 1.14763
4.44961 1.16753
4.54799 -0.277343
4.72458 -1.05705
5.20778 -2.2914
5.07185 -2.06864
5.23495 -2.32705
5.24194 -2.33591
5.26733 -2.36137
4.44605 1.04053
4.47212 1.55096
4.47355 0.270399
4.45481 0.526347
4.48382 0.169612
4.4744 0.261087
4.59612 2.38994
4.66377 2.65648
7.2165 2.6229
7.10366 2.7545
7.94387 0.91655
7.87546 1.29079
7.35599 2.43765
7.16174 -1.45037
7.59251 2.04488
7.55837 2.11006
7.43432 2.31978
7.84827 1.39611
7.76284 1.65921
6.72845 3.10666
4.49586 1.78784
4.48523 1.69024
6.04583 -2.35054
4.47253 1.55578
4.49978 0.0339597
4.44564 0.764666
4.79952 3.01621
4.706 2.78675
7.71994 1.76844
7.73504 1.73133
7.65068 1.92641
4.80247 3.02297
7.12848 -1.48812
7.95285 0.830622
4.45328 1.27709
5.36143 -2.43438
5.40798 -2.45839
5.59922 3.58376
5.01035 -1.93503
7.96479 0.467086
4.50164 1.83194
4.4985 1.80761
5.27048 -2.3643
6.66802 3.15342
6.81757 3.03289
7.09814 2.76052
7.69495 1.82867
7.75796 1.67235
7.76125 -0.488243
6.61226 3.19523
5.71336 3.57777
7.8916 -0.0794975
6.59012 3.21088
