4.69554 -1.18547
4.70574 -1.2229
5.42327 -2.62517
5.41406 -2.62213
5.04426 -2.23469
5.07173 -2.28937
5.90683 -2.51999
5.84595 -2.54829
5.1919 -2.47706
5.21445 -2.5039
5.11826 -2.37371
5.15214 -2.42339
7.9908 0.16243
7.99132 0.166456
4.61625 -0.874217
4.63686 -0.958429
4.56645 -0.663474
4.52413 -0.457049
6.19845 3.51945
6.18354 3.52665
4.55788 2.52596
4.57517 2.5975
7.30245 2.60306
7.35695 2.5301
7.43274 -1.19545
7.45202 -1.16812
7.29197 -1.38074
7.32614 -1.33841
6.98053 -1.7237
7.02394 -1.68128
6.40996 -2.21109
6.41178 -2.2097
5.6321 -2.61883
5.64902 -2.61617
4.7963 -1.54602
4.77131 -1.4617
4.85068 -1.72348
4.84481 -1.70378
7.85093 -0.4013
7.84387 -0.421284
4.86365 3.30084
4.91778 3.37299
5.16415 3.57825
5.20618 3.59999
4.96309 3.42337
4.99843 3.45768
5.24582 3.61513
5.30974 3.63963
6.00506 -2.47061
6.03904 -2.45151
8.00593 0.295682
8.00524 0.287053
6.81295 3.11502
6.79927 3.12676
6.57361 3.29915
6.59925 3.28147
5.72643 3.66616
5.70183 3.66897
4.56673 -0.664779
4.56716 -0.666618
4.45513 1.94129
4.45428 1.93444
4.49439 2.20183
4.49014 2.1784
7.7557 -0.635765
7.75213 -0.643736
7.6387 -0.869058
7.64168 -0.863734
5.95615 3.6137
6.01269 3.59369
6.40694 3.40791
6.32095 3.45634
7.15489 2.78201
7.08275 2.86022
6.9704 2.972
7.00332 2.94084
7.3813 -1.26664
7.38491 -1.26173
7.53314 -1.04519
7.4995 -1.0978
6.63848 -2.03443
6.63735 -2.03541
6.81644 -1.88044
6.83263 -1.86645
8.01726 0.499986
8.01743 0.582231
6.28318 -2.29983
6.2786 -2.30261
4.74476 -1.36656
4.7657 -1.44289
4.91966 -1.92952
4.9287 -1.95298
4.77322 3.1521
4.74721 3.09943
5.46376 3.67149
5.5056 3.67493
5.71405 -2.5973
5.73849 -2.59044
4.65703 -1.0399
4.65619 -1.03649
4.65218 2.86206
4.64709 2.84808
7.72062 1.89838
7.71068 1.92076
8.0103 0.765982
8.01067 0.761439
4.81105 3.22102
4.81708 3.23093
6.105 -2.41273
6.17634 -2.36974
6.24643 -2.3239
6.19313 -2.35874
5.43174 -2.62708
5.33149 -2.59282
5.34564 -2.60009
5.27235 -2.55566
5.48054 -2.63276
5.46827 -2.63158
5.03752 -2.22009
5.00873 -2.15609
5.22211 -2.51014
5.16401 -2.442
4.38927 0.904706
4.38941 0.850097
4.39022 1.03115
4.38959 0.977097
4.40461 1.40286
4.40187 1.35824
4.41304 1.52312
4.41038 1.48654
4.49003 -0.277787
4.5089 -0.378816
4.40941 0.375055
4.41281 0.331578
4.40035 0.511133
4.40327 0.462035
4.46189 -0.0989758
4.46641 -0.12927
4.42776 0.173009
4.43464 0.109967
5.86625 3.63906
5.84097 3.64532
6.17847 3.52872
6.29569 3.47084
4.54915 2.48564
4.53057 2.39687
4.61459 2.74425
4.61063 2.72979
7.19899 2.73051
7.2224 2.70309
7.989 0.963722
7.98186 1.01385
7.94553 1.21363
7.92845 1.28978
6.72932 -1.95781
6.65365 -2.02172
7.05908 -1.64464
6.92875 -1.77577
7.50999 2.29965
7.47346 2.35897
7.58919 2.16235
7.57111 2.195
7.42628 2.4309
7.45043 2.39463
7.87864 1.4744
7.89247 1.42756
7.82356 1.64186
7.83475 1.61037
6.41358 -2.20828
6.5369 -2.11538
6.36046 -2.24609
5.52861 -2.63393
5.55857 -2.63135
7.9304 -0.141528
7.93916 -0.107474
7.89008 -0.283
7.89987 -0.25105
7.88116 -0.311888
7.80846 -0.512715
7.80527 -0.5209
4.92183 3.37798
6.90101 3.03742
6.86397 3.07058
6.77541 3.1466
6.74564 3.17065
6.69004 3.21398
6.65392 3.24132
6.51737 3.33836
4.44487 1.85909
4.4475 1.88132
4.46252 1.99807
4.51035 2.29526
4.47089 2.06244
5.83338 3.64668
5.8188 3.64971
6.0703 3.57381
6.45099 3.38001
6.42776 3.39481
7.03781 2.90602
6.92277 3.01806
6.54325 -2.11019
6.90017 -1.80241
6.73544 -1.95278
7.11821 -1.58299
8.01496 0.67218
8.01157 0.744495
6.54015 -2.11274
6.34599 -2.25622
4.73786 3.08115
4.80705 3.21361
8.01518 0.432279
8.01724 0.491289
4.43033 1.7219
4.43232 1.74317
4.41792 1.58269
4.42049 1.61485
4.39327 0.669262
4.39157 0.722829
4.39866 0.542302
4.39626 0.592451
7.77582 1.7681
7.75338 1.82317
7.68542 1.97448
7.6642 2.01871
4.71309 3.02398
4.69025 2.96741
7.19425 -1.49712
7.2205 -1.46696
4.60153 -0.812047
4.39398 1.17922
4.39577 1.23109
4.39058 1.05025
4.39175 1.10409
5.66878 3.67285
5.6433 3.67521
4.71512 3.02933
4.7218 3.04517
7.16081 2.77546
7.16417 2.77167
7.14211 -1.55631
7.17491 -1.51938
7.12867 -1.57135
4.9424 -1.99139
4.95405 -2.02097
8.01564 0.653814
5.11532 3.54948
5.10094 3.54029
5.94331 -2.50313
5.93825 -2.50558
5.74724 3.6629
5.78361 3.65665
7.9845 0.122948
7.97022 0.035511
4.47077 2.0617
4.9247 3.38111
8.00302 0.849444
8.00964 0.774375
4.72006 -1.27608
4.67364 -1.10378
4.82328 -1.6349
4.80767 -1.58258
4.96537 -2.05275
4.98023 -2.08879
5.03875 -2.22306
5.08321 -2.30901
5.08697 3.52995
5.01704 3.47471
5.82597 -2.55762
5.93443 -2.50725
7.99855 0.229125
7.99034 0.15884
4.39997 1.29458
4.40078 1.34251
4.3895 0.968072
4.38928 0.913597
4.39174 0.786594
4.38938 0.84114
4.40861 1.46312
4.4059 1.42239
4.40451 0.443321
4.40769 0.396812
5.5402 3.67711
5.61068 3.67681
4.47067 2.06107
4.44312 0.0380671
4.44932 -0.0103338
7.7008 -0.751692
7.69873 -0.755879
4.58456 2.6326
4.55163 2.49796
7.96933 1.09072
7.95854 1.14969
7.28976 2.61927
7.36653 2.51698
7.48377 -1.1213
7.42227 -1.21013
7.33738 -1.32358
7.27072 -1.40739
7.5501 2.23169
7.52361 2.27705
7.85233 1.55801
7.86469 1.52004
5.67389 -2.60899
5.60394 -2.62535
4.7698 -1.45681
4.86723 -1.77675
5.21283 3.6029
5.15226 3.57192
5.34815 3.64999
6.0687 -2.43488
5.98865 -2.47922
5.7532 -2.58446
8.00665 0.304267
7.95397 -0.0427504
7.966 0.014221
7.94521 -0.0832411
4.87965 -1.81319
4.88665 -1.83306
4.46938 2.05151
7.67277 -0.805198
7.80236 -0.527853
7.58141 -0.967789
7.38032 -1.26798
7.57023 -0.986433
8.01657 0.624065
6.08868 -2.42284
4.7382 -1.34216
5.40765 3.66323
5.69387 -2.60459
4.64333 -0.984749
4.66295 -1.06351
4.42377 1.65207
4.42608 1.67901
4.39569 0.605625
4.39365 0.657644
4.63343 2.80742
4.66791 2.90716
4.39204 1.1146
4.39356 1.16759
4.67121 -1.09472
5.51288 -2.63378
5.00164 -2.13844
5.10807 -2.35495
5.15875 -2.43394
4.39028 1.0406
4.4152 1.5507
4.48468 -0.247538
4.41492 0.306414
4.39929 0.527251
4.48298 -0.237439
4.42176 0.231286
4.60092 2.69566
4.5197 2.3424
4.62784 2.78897
7.23705 2.68516
7.99939 0.881654
7.91794 1.33281
7.41964 2.44071
7.24467 -1.43818
7.62723 2.09159
7.61611 2.11283
7.46884 2.36623
7.90249 1.39101
7.80276 1.69869
5.58858 -2.62669
7.92413 -0.165717
6.72421 3.18825
4.44022 1.82113
4.45322 1.92667
4.64057 -0.973449
4.43729 1.79198
4.39121 0.733112
4.68136 2.94268
4.51422 2.31488
7.79264 1.72591
7.73101 1.87504
7.63926 2.0684
4.39617 1.24399
5.67884 3.67153
5.39037 3.66031
8.0147 0.420361
6.70802 3.2005
6.82644 3.10372
4.90434 -1.88477
6.18588 -2.36357
6.62113 3.266
4.43886 1.8072
7.91492 -0.199193
