6.04489 0.0571088
6.06633 0.037209
6.37662 0.0330145
6.27698 -0.00955648
5.92401 0.220355
5.88273 0.304191
6.6155 0.848217
6.62505 0.809121
6.55235 1.03031
6.54205 1.05201
6.01879 1.26377
6.13049 1.32105
5.83952 0.912577
5.83834 0.906566
5.85427 0.413725
5.87837 0.317136
6.63918 0.668231
6.63811 0.716141
6.60973 0.383898
6.63419 0.50342
6.38126 1.25326
6.40274 1.23465
6.52233 1.08904
6.47937 1.14668
5.94447 1.17311
6.0079 1.25649
5.82324 0.772931
5.81923 0.735204
6.63536 0.744271
6.61018 0.871472
6.54865 0.233848
6.57483 0.288095
6.58547 0.946371
6.42644 1.20858
5.88367 1.0681
5.87655 1.0465
6.169 1.32122
5.89121 1.08775
5.88581 1.0756
5.82618 0.822312
5.81976 0.673387
5.81962 0.70568
5.82811 0.546556
5.82473 0.578222
6.24961 1.31857
6.29041 1.30253
6.50461 0.164952
6.4875 0.137515
6.63927 0.576079
6.58867 0.326125
6.60969 0.383772
6.14582 -0.000656641
5.97765 0.125303
6.39146 0.0415489
6.21806 -0.0117871
5.88012 0.311723
5.97 0.133855
5.97204 0.131421
6.16871 -0.0102064
6.46795 0.116155
5.84023 0.474102
6.63585 0.514037
6.53393 0.206403
5.85228 0.967099
5.82027 0.640863
5.82154 0.611018
5.83132 0.516787
5.82973 0.85379
