6.03794 -2.73474
6.02764 -2.74248
4.57433 -1.44127
4.56224 -1.38747
8.04363 -0.300123
8.05919 -0.249261
4.66274 -1.8095
4.66671 -1.82445
4.23915 1.35827
4.23553 1.31169
4.22883 0.850286
4.22807 0.808031
6.85196 3.30735
6.82074 3.33317
4.35283 -0.438106
4.37056 -0.533715
4.29458 2.05989
4.29677 2.07911
4.86006 -2.6048
4.85227 -2.56907
4.28094 0.0121623
4.27969 0.0222425
4.2561 0.253149
4.25493 0.265447
7.83129 -0.830634
7.86051 -0.771431
5.34587 -3.15017
5.32573 -3.15594
6.43324 3.61772
6.37814 3.65106
7.83723 2.00243
7.867 1.93591
4.36511 2.54214
4.3589 2.50388
5.03683 3.86173
5.04046 3.86371
7.14046 3.03512
7.21545 2.95643
8.11942 1.09271
8.10381 1.17956
5.25554 -3.17777
5.24116 -3.17978
7.45214 2.66411
7.47877 2.62836
4.60949 3.39336
4.62062 3.41509
4.71232 3.56861
4.74283 3.61155
5.52526 -3.06448
5.55492 -3.04647
8.01143 1.55138
7.98301 1.63706
8.16875 0.571688
8.16597 0.668138
4.88877 -2.70821
4.89853 -2.74149
5.10721 -3.15894
5.10074 -3.15466
5.03354 -3.08468
5.04286 -3.09442
4.97481 -2.97108
4.97684 -2.97464
4.91566 -2.80215
4.93373 -2.85484
4.69069 -1.91795
4.70502 -1.97983
4.63051 -1.67271
4.61508 -1.60867
6.64682 3.47102
6.60702 3.49959
6.004 3.83532
6.02332 3.82765
5.76752 3.9131
5.65661 3.93684
6.25639 3.7193
6.26661 3.71421
4.44476 2.92473
4.44406 2.92159
7.08717 3.09024
7.27501 2.88822
7.21919 2.95238
7.6376 -1.16828
7.65334 -1.14387
7.53624 -1.31741
7.55443 -1.29168
7.01575 -1.92
7.06931 -1.86683
6.85166 -2.07674
6.87824 -2.05301
6.40592 -2.45567
6.40464 -2.45675
6.65891 -2.24699
6.6539 -2.25109
7.96117 -0.539907
7.93788 -0.599419
8.16645 0.420469
8.16641 0.419673
5.6461 3.93847
5.56163 3.94886
7.70122 -1.06653
7.74715 -0.988001
4.5366 3.22194
4.51832 3.1711
6.95354 3.21763
6.99208 3.18147
4.31565 2.21563
4.32523 2.28119
7.16315 -1.76682
7.21386 -1.71182
6.05921 -2.7194
6.07878 -2.70513
4.55382 -1.35072
4.55929 -1.37392
4.60589 -1.5725
4.22792 0.998617
4.22778 0.977287
4.24501 1.49575
4.24446 1.48578
5.87973 3.88117
5.85654 3.88752
4.39413 -0.646572
4.37305 -0.546368
4.23958 0.479361
4.24046 0.464685
5.49265 3.95313
5.4736 3.95419
4.33134 2.31444
4.3364 2.35332
4.32161 -0.263844
4.31374 -0.215704
7.92034 1.80747
7.95038 1.72924
7.74134 2.19859
7.77557 2.13176
4.38126 2.63103
4.39601 2.70917
4.97105 3.82415
4.92121 3.79105
5.13932 3.9039
5.17145 3.91492
5.31389 3.94522
5.37387 3.95115
4.83432 -2.49887
4.83017 -2.48253
8.05081 1.4122
8.07007 1.33681
7.36201 2.78356
7.41309 2.71761
7.49037 2.61197
7.54063 2.53893
6.93518 -1.99866
6.97426 -1.96192
7.60887 2.43271
7.64869 2.36739
4.67295 3.50864
4.64293 3.45852
4.56084 3.28258
4.57365 3.31546
4.72297 -2.05482
4.72972 -2.07784
4.77781 -2.26771
4.78264 -2.28539
4.73543 -2.10048
4.74752 -2.14704
8.03845 1.45936
8.02457 1.50751
5.8674 -2.85303
5.87617 -2.84737
5.7161 -2.95109
5.75316 -2.92823
6.53115 -2.35489
6.53172 -2.35445
8.07227 -0.202194
8.00326 -0.4262
7.9816 -0.48572
8.15078 0.221887
8.15084 0.222467
6.67803 3.44699
6.71551 3.4183
6.89282 3.27151
6.92322 3.2448
5.91843 3.8679
5.99057 3.84103
6.04559 3.81853
6.09943 3.79541
5.80093 3.90346
5.65405 3.93742
4.27841 1.92199
4.27963 1.93265
4.30783 2.16257
6.21063 3.74287
6.17064 3.7616
6.49501 3.57767
6.48837 3.58227
4.42566 2.84513
4.43131 2.86968
4.45025 2.946
7.29613 2.86423
6.76548 -2.15429
6.78139 -2.1407
7.09391 -1.84086
4.68261 3.52593
8.16242 0.727496
8.15851 0.781645
6.4689 -2.40501
6.46818 -2.4056
6.34414 -2.50408
6.34113 -2.50651
6.58981 -2.30517
6.59531 -2.30065
6.71461 -2.19839
4.64345 -1.72624
8.16637 0.418941
8.1692 0.548296
4.5056 -1.14678
4.51077 -1.16845
4.47938 -1.03565
4.48093 -1.04231
4.25201 1.61117
4.2522 1.61408
4.23487 0.577441
4.2341 0.59509
4.46274 2.99131
4.46054 2.98412
7.4275 -1.46284
7.43928 -1.44804
7.33133 -1.58003
7.35214 -1.55559
4.42965 -0.811451
4.42499 -0.789922
4.4542 -0.923767
4.45257 -0.91613
4.22909 1.08363
4.22947 1.10428
6.19942 -2.61478
6.14971 -2.6527
8.02316 -0.36694
4.87191 3.75166
4.83458 3.71672
8.14343 0.155898
8.14318 0.154082
8.16385 0.382128
8.15756 0.290529
4.23093 0.723283
4.22876 0.765942
7.05446 3.12259
7.02265 3.15284
6.74969 3.3916
6.78797 3.35997
4.29202 2.04297
4.28692 1.99627
4.2682 1.81178
4.26757 1.80544
5.40623 -3.12427
5.42092 -3.11831
4.81544 -2.42346
4.81448 -2.42005
8.14925 0.872721
8.15377 0.833781
8.13846 0.965087
8.14549 0.911003
4.50661 3.13833
4.4974 3.10889
5.67294 -2.97868
5.62903 -3.00515
5.64034 -2.99901
5.77979 -2.91177
8.09403 -0.117786
6.54328 3.54509
6.56132 3.53208
5.65289 3.93761
8.16916 0.557325
4.26699 1.79964
4.26213 1.74184
7.28012 -1.63908
7.24619 -1.67714
5.94127 -2.80293
5.91608 -2.81978
8.14365 0.157477
8.14882 0.204128
4.68295 -1.89014
4.23396 1.23128
4.23421 1.2771
6.3761 3.65228
6.32237 3.68382
7.31827 2.83666
7.34347 2.80666
4.5405 3.23321
4.54307 3.2406
4.77383 3.65103
4.81483 3.69578
4.23513 1.29478
4.24055 1.40778
4.22866 0.786786
4.22777 0.892368
4.37238 -0.542963
4.34661 -0.404676
4.8872 -2.70387
4.87014 -2.63829
4.83474 -2.50127
4.83447 -2.4998
4.26987 0.111181
4.29559 -0.0973659
4.24696 0.368515
4.26641 0.143334
7.88697 -0.714551
7.8052 -0.881339
5.30798 -3.16375
5.37102 -3.13914
7.88033 1.9048
7.82223 2.03511
4.35703 2.49102
4.37651 2.60711
4.48457 3.06645
4.47813 3.04657
5.2412 3.93276
5.22572 3.92884
8.1274 1.04356
8.09649 1.21649
5.2035 -3.17943
5.17206 -3.18098
5.16094 -3.17959
7.30716 -1.60841
4.63892 3.4503
4.60673 3.38827
5.59209 -3.02677
5.46066 -3.09951
4.91388 -2.79431
5.12941 -3.16659
5.06586 -3.12622
5.02179 -3.06577
5.00521 -3.03516
4.98432 -2.98994
4.95446 -2.91504
4.94366 -2.89009
8.1231 0.0206939
8.12526 0.0325307
8.12005 0.00502222
7.76931 -0.947974
7.91246 -0.657584
7.68625 -1.09132
7.63036 -1.17954
7.58735 -1.24335
7.50253 -1.36483
6.27762 -2.55611
6.27928 -2.55474
6.27417 -2.55883
4.49239 -1.09129
4.49571 -1.10538
4.25681 1.67823
4.25505 1.65489
7.38039 -1.52129
7.39618 -1.50213
5.98518 -2.7728
5.95523 -2.79312
6.08262 -2.7025
4.51901 -1.20214
4.53211 -1.25684
4.46767 -0.984698
4.46647 -0.979231
4.22792 0.935119
4.22826 1.04079
4.24204 1.4349
4.24808 1.54993
4.334 -0.332845
4.40291 -0.690155
4.24375 0.411545
4.23688 0.529894
5.43807 3.95367
5.52327 3.95136
5.38935 3.95263
4.29954 -0.124776
7.79095 2.10035
7.90977 1.83402
7.95732 1.71042
7.72711 2.22599
4.34314 2.39949
4.40983 2.77372
4.90576 3.77879
4.97952 3.82979
5.04668 3.8665
5.10459 3.89181
5.25374 3.93495
8.07416 1.31938
8.04007 1.45359
7.55276 2.52076
7.59855 2.44931
7.42682 2.69967
7.47286 -1.40464
7.48402 -1.39016
7.69489 2.28528
7.64969 2.3657
4.58423 3.33769
4.79558 -2.33949
4.76535 -2.21624
4.79976 -2.35453
8.0142 1.54278
5.90489 -2.82794
5.86148 -2.85678
8.15727 0.286891
6.10043 3.79499
6.31268 3.68908
4.41829 2.81428
4.44304 2.9175
6.49388 -2.38491
6.40718 -2.45467
6.28096 -2.55345
6.53061 -2.35534
6.64929 -2.25506
4.25697 1.68
4.23271 0.641236
4.41729 -0.755351
4.43863 -0.853031
4.44181 -0.867692
4.2308 1.14813
6.11893 -2.67496
4.23161 1.18697
4.2313 0.679149
5.38354 -3.13517
5.45633 -3.10146
6.44151 3.61237
5.45804 -3.10074
7.93755 -0.600196
4.41132 -0.726814
5.01848 3.85151
7.65477 2.35682
4.75973 -2.19642
8.01297 1.54674
5.82983 -2.87758
8.10126 -0.0871619
6.13089 3.78052
4.28106 1.94456
4.82597 3.70824
4.41451 2.79629
6.37799 3.65115
