6.24417 -2.40015
6.21683 -2.41931
4.74672 -1.58102
4.76957 -1.66369
5.26008 -2.71657
5.25362 -2.71217
8.03732 0.179881
8.04574 0.244941
4.57208 -0.905395
4.5759 -0.921016
4.35413 1.35814
4.35319 1.34608
4.34226 0.932065
4.34244 0.977152
4.3429 0.850152
4.34257 0.831918
4.35782 1.43009
4.36128 1.48632
5.73881 3.74057
5.74492 3.73912
4.4792 -0.482485
4.48191 -0.495682
4.3592 0.405889
4.3555 0.462812
5.58149 3.75714
5.51481 3.75778
4.4204 2.06118
4.42374 2.09033
5.34709 3.73935
5.4056 3.74948
6.87658 -1.89238
6.84608 -1.92146
5.05156 -2.45839
5.05428 -2.46451
6.40841 -2.28254
6.44713 -2.2527
4.7984 -1.76038
4.77266 -1.67391
7.96262 -0.194327
7.97315 -0.155936
7.90179 -0.391155
7.88246 -0.445817
5.90206 -2.61217
5.86848 -2.63096
8.05128 0.312695
8.04618 0.248733
8.01669 0.0445643
8.00879 -0.000599961
7.98842 -0.0936162
7.99666 -0.0572611
6.63434 3.32277
6.64062 3.31816
6.84573 3.1536
6.85774 3.14335
4.40798 1.97069
4.4034 1.93392
4.43554 2.16528
4.44206 2.20837
7.69537 -0.857752
7.67242 -0.899954
7.80879 -0.625174
7.78377 -0.68102
6.00354 3.66843
5.96473 3.68217
6.41472 3.46996
6.39634 3.48032
6.19147 3.58999
6.1115 3.62511
7.11337 2.89869
7.10016 2.913
7.44448 -1.25735
7.46342 -1.23161
7.56436 -1.08198
7.55993 -1.08892
6.70234 -2.04711
6.65103 -2.09137
7.04445 -1.72939
7.03746 -1.73657
8.05266 0.777192
8.05593 0.737305
6.03831 -2.53441
6.0734 -2.51257
4.69774 -1.39975
4.70748 -1.43527
5.41981 3.75177
5.4361 3.75311
4.91173 3.4936
4.90442 3.48505
4.6129 -1.07105
4.60477 -1.0382
4.34703 0.642461
4.34887 0.593222
4.61814 2.9649
4.6205 2.97248
7.2652 -1.48669
7.25968 -1.49334
4.75158 3.2697
4.76876 3.29791
4.56034 -0.855843
4.54633 -0.793921
4.34568 1.15122
4.34439 1.10415
4.64986 -1.2177
4.64479 -1.19766
5.23788 -2.69946
5.30147 -2.73458
5.49069 -2.76315
5.48041 -2.76404
5.16604 -2.6351
5.1841 -2.65369
5.14061 -2.60442
5.09607 -2.53962
5.81433 3.72356
4.51019 -0.630533
4.45981 -0.377543
4.45372 -0.344949
4.45964 2.31576
4.46098 2.32604
4.4086 -0.0662475
4.42178 -0.154537
4.37588 0.204874
4.38905 0.0841576
6.30354 3.53355
6.26082 3.55491
7.71529 2.0139
7.70457 2.03623
7.80254 1.81855
7.7944 1.83823
4.54403 2.71854
4.52281 2.63014
4.48368 2.44491
4.4802 2.42827
4.5602 2.77814
4.54747 2.73159
7.21651 2.7836
7.22031 2.77916
8.02793 1.00222
8.03062 0.983208
7.98269 1.25039
7.98131 1.25656
7.44724 2.48127
7.4114 2.53272
7.31999 2.65623
7.27636 2.71103
7.35965 -1.37079
7.3568 -1.37453
6.79102 -1.97005
6.94225 -1.83099
7.11507 -1.65575
7.53906 2.33878
7.5251 2.36145
7.61881 2.2022
7.62145 2.19742
4.85376 -1.94295
4.83553 -1.88404
4.88564 -2.03983
4.87978 -2.02319
4.94241 -2.20157
4.92845 -2.16272
4.9906 -2.32461
4.98217 -2.30268
7.87206 1.6373
7.86948 1.64473
7.92617 1.46993
7.92823 1.46293
5.34889 -2.75419
5.33883 -2.75206
6.48557 -2.22257
6.53539 -2.18504
6.38261 -2.30077
5.62976 -2.73099
5.65877 -2.72257
5.58945 -2.74251
5.54445 -2.75493
7.93956 -0.273128
7.95168 -0.233599
7.91718 -0.34561
7.85763 -0.510454
7.86773 -0.484461
4.83944 3.40593
4.82255 3.38286
6.54737 3.38455
6.62877 3.327
6.68031 3.28806
6.69703 3.27506
6.75227 3.23163
6.79401 3.19722
6.88483 3.11943
6.90798 3.0985
6.52511 3.40007
5.85208 3.71502
5.94148 3.68873
4.41148 1.99755
4.45741 2.30366
6.07858 3.63988
6.52139 3.4024
6.46513 3.43823
6.22202 3.57464
7.09194 2.92138
7.05241 2.96128
6.61054 -2.12354
6.74896 -2.00806
6.959 -1.81408
7.13174 -1.63836
8.05823 0.688409
8.04682 0.851843
6.28897 -2.3693
6.34497 -2.32922
6.57383 -2.1537
4.6812 3.12753
4.70719 3.18321
5.13403 3.66331
5.15249 3.67341
5.02795 3.59615
5.04851 3.61198
8.0617 0.499372
8.062 0.508081
4.37719 1.68891
4.38224 1.74294
4.37066 1.61462
4.36588 1.55469
4.57007 2.81097
4.58134 2.84995
4.54209 -0.775567
4.54452 -0.785952
6.13555 -2.47298
6.10352 -2.49414
5.43553 -2.76601
4.82168 -1.83695
4.8091 -1.79483
4.34495 0.723149
4.34407 0.740515
5.68134 3.74834
5.66186 3.75015
4.52289 -0.689601
5.01719 -2.38624
5.01443 -2.37907
4.37541 0.210022
4.36501 0.327767
4.64761 3.04479
4.6433 3.03455
4.66839 3.09645
5.30136 3.72798
5.27711 3.72195
7.17792 2.8273
7.21452 2.78596
8.04565 0.86196
7.1681 -1.5979
4.729 3.22781
4.71473 3.19998
8.06055 0.625589
5.70317 -2.70594
5.74435 -2.68922
4.8714 3.44445
4.79163 3.3368
4.98293 3.56024
4.92252 3.50446
6.95705 3.05332
7.02052 2.99297
4.34858 1.23115
4.34866 1.24584
4.41538 2.02797
4.67331 -1.30908
4.66729 -1.28673
4.77182 -1.67122
4.73948 -1.55435
5.96815 -2.57571
5.98597 -2.56594
8.04596 0.246912
8.02983 0.121872
4.35233 1.29464
4.35445 1.36947
4.34259 0.995373
4.34233 0.913652
4.34452 0.78665
4.34244 0.868464
4.36153 1.49052
4.35742 1.42217
4.35488 0.473802
4.35974 0.397592
5.49615 3.75757
5.6236 3.75443
4.39069 0.0702674
4.40429 -0.0358273
7.75535 -0.740811
7.72975 -0.792431
7.76074 1.91605
7.75061 1.93874
4.51391 2.58864
4.50075 2.52967
8.00733 1.1283
8.00923 1.11783
7.38434 2.57094
7.34628 2.62199
7.51423 -1.15719
7.48454 -1.20098
7.40289 -1.31395
7.37163 -1.35519
7.57956 2.27132
7.57477 2.27951
7.21446 -1.54601
7.21201 -1.54878
5.43847 -2.76587
5.436 -2.76601
5.81583 -2.65577
5.75182 -2.68638
5.61417 -2.73691
4.72184 -1.49066
5.99483 -2.56107
5.98952 -2.56409
8.05661 0.376328
8.00385 -0.0240419
8.02651 0.101511
7.9828 -0.11843
7.62886 -0.975996
7.8345 -0.565714
7.61222 -1.0041
7.57418 -1.06643
7.41073 -1.3038
8.06204 0.527387
6.08691 -2.50443
4.67524 -1.31609
5.07775 3.63067
5.09908 3.64463
5.41516 3.75109
4.59922 -1.01588
4.62047 -1.10124
4.37108 1.61935
4.37619 1.67878
4.34951 0.57885
4.34654 0.658411
4.63076 3.00159
4.59988 2.91026
7.21479 -1.54563
7.30398 -1.44006
4.34404 1.08677
4.3462 1.16765
4.62671 -1.12613
5.52428 -2.75818
5.19285 -2.66388
5.15087 -2.61594
5.09418 -2.53706
5.08706 -2.52441
4.3431 1.04065
4.36557 1.55047
4.44088 -0.272335
4.47704 -0.471379
4.36423 0.337547
4.35182 0.528023
4.42944 -0.204558
4.37584 0.205289
7.66661 2.11205
7.83609 1.73488
7.84124 1.72134
7.65672 2.13128
4.54684 2.72937
4.47204 2.38737
4.56395 2.79078
5.19846 3.69357
5.21026 3.69881
5.23701 3.70813
7.25451 2.7381
7.99154 1.20689
8.04463 0.872292
7.95397 1.36844
7.47259 2.44325
7.31362 -1.42805
7.49751 2.40481
7.60404 2.22856
4.83288 -1.87622
4.85739 -1.95359
4.91907 -2.13883
4.95488 -2.23266
4.96599 -2.26393
5.01198 -2.37292
7.90005 1.55501
7.90055 1.55348
7.90548 1.53761
7.94915 1.38662
5.66901 -2.71827
6.73177 3.24853
6.93553 3.07386
4.3981 1.89244
4.3932 1.85044
6.28155 -2.37473
6.35631 -2.32075
5.00049 3.57583
4.58929 -0.975152
4.38385 1.7588
4.34509 0.70638
4.59325 2.88786
4.34778 1.21594
6.15956 -2.45698
5.73203 3.74172
8.05692 0.380836
4.87486 -2.00934
5.07265 -2.49834
5.74745 -2.68814
6.83399 3.16392
4.40025 1.91077
8.06138 0.598721
6.1842 -2.44106
5.09497 -2.53809
4.90459 -2.09299
4.38879 1.80669
4.39062 1.8254
6.94658 3.06331
6.7418 3.24026
7.87928 -0.454438
