7.50537 -0.393
7.46923 -0.477453
4.74709 1.3287
4.74959 1.35984
5.82351 -1.88926
5.83051 -1.88961
4.96535 -0.765445
4.97141 -0.784982
4.84295 -0.276559
4.82752 -0.197971
4.75636 0.294345
4.75971 0.260782
4.72849 0.782496
4.72794 0.798223
7.21063 -0.92887
7.20736 -0.933713
6.62099 -1.54814
6.59472 -1.56752
7.69563 0.461513
7.69807 0.52698
7.68341 0.862634
7.68774 0.822041
7.58344 -0.177478
7.56367 -0.237632
5.32573 2.94818
5.24898 2.87776
5.5235 3.06109
5.43708 3.0218
7.68366 0.303773
7.6756 0.235551
5.31848 -1.57219
5.2735 -1.5032
5.1426 -1.25193
5.18208 -1.33506
4.77091 1.56516
4.77739 1.61649
4.78727 1.68633
4.79541 1.73866
4.8256 1.9016
4.83824 1.96406
6.02836 -1.86361
5.99365 -1.87162
5.68809 -1.86814
5.64236 -1.85357
4.91506 -0.584032
4.93024 -0.64064
5.47595 -1.75227
5.54449 -1.80266
5.37964 -1.65226
5.36611 -1.63513
5.00611 -0.894172
5.03442 -0.977407
5.11942 2.71385
5.13485 2.73751
6.37848 2.93845
6.39706 2.9289
6.1058 3.05745
6.15333 3.04109
5.93461 3.09723
5.992 3.08555
5.70464 3.10428
5.73773 3.10658
6.42228 -1.68635
6.38218 -1.70949
6.82373 -1.37447
6.7835 -1.41105
7.30787 -0.779762
7.34629 -0.716428
7.46923 1.67519
7.45312 1.71273
6.55158 2.83321
6.53586 2.84355
7.5037 1.59081
7.52246 1.54141
4.72852 0.928651
4.72926 1.02432
5.13886 -1.24394
5.10417 -1.15999
4.80199 -0.0568386
4.78559 0.0514287
4.74531 0.418028
4.73902 0.498897
4.82264 -0.172129
4.80897 -0.0982849
7.46113 -0.495892
7.51996 -0.356843
7.63304 1.17066
7.63221 1.17421
6.89942 2.53852
6.85349 2.58372
6.9913 2.44026
6.99985 2.43023
6.98943 -1.20434
7.01482 -1.17631
7.37543 1.87473
7.38866 1.8489
7.29862 2.01525
7.29977 2.01329
7.18124 2.19678
7.20757 2.15869
7.09725 2.31213
7.10825 2.29789
7.58911 1.33936
7.5828 1.36119
7.66612 0.995677
7.67305 0.947648
7.54629 -0.287011
7.60067 -0.11976
4.73734 1.18922
4.73523 1.14785
5.61023 -1.83818
5.5754 -1.82161
4.74997 0.361655
4.74742 0.391283
4.73253 0.6334
4.73191 0.652139
4.7282 0.897093
4.98628 2.45487
4.95721 2.38221
4.94628 2.35098
4.95026 2.36329
4.88608 -0.473652
4.88827 -0.482784
4.73016 1.0402
4.7304 1.05674
4.74241 1.26883
5.97815 -1.87491
5.96013 -1.87781
5.73515 -1.87978
4.85667 -0.341324
6.70291 2.71895
6.72433 2.70169
6.63762 2.7719
6.68484 2.73374
4.76279 0.233032
4.76689 0.195514
4.73647 0.54299
4.73757 0.521745
4.73143 0.670156
4.72831 0.766511
7.11457 -1.05714
7.12446 -1.04504
6.94501 -1.25375
7.69692 0.680345
7.69449 0.733702
7.38403 -0.647678
7.36252 -0.688107
5.35232 -1.61828
5.3305 -1.59072
5.01065 2.50996
6.30477 2.97685
6.27744 2.9896
7.61812 -0.0581749
7.64495 0.053546
4.76766 1.53683
4.76205 1.48816
5.87922 -1.88794
5.90371 -1.88588
5.40807 -1.68568
5.41277 -1.69029
4.91876 2.26888
4.89865 2.20105
6.20565 -1.80113
6.22508 -1.79319
7.54213 1.48626
7.55399 1.45265
7.61662 -0.0642342
6.07839 -1.84908
6.12019 -1.83514
4.88871 -0.484514
5.00269 -0.883748
5.00052 -0.877005
7.65547 0.112154
7.64545 0.0560491
5.424 3.01479
5.33465 2.95504
5.21684 -1.40353
5.22522 -1.42045
4.752 1.38842
4.74443 1.29569
4.8156 1.85207
4.8077 1.80903
4.97524 -0.796965
4.94251 -0.684908
5.06838 -1.06983
5.04723 -1.01409
6.62226 2.78311
6.98792 2.44409
6.92388 2.51295
5.06995 2.63072
5.04436 2.58314
6.2754 -1.76728
6.22786 -1.79179
7.16753 -0.986914
7.21917 -0.916589
6.25142 3.0018
6.16494 3.03642
5.8744 3.10443
5.8303 3.10793
6.52115 -1.62152
6.6917 -1.49086
7.25891 -0.856351
7.27785 -0.827462
7.33776 1.94597
7.34587 1.93118
7.11274 2.29183
7.15881 2.22887
7.61228 1.25604
7.60935 1.2675
7.69824 0.553364
7.69374 0.42089
6.4433 2.90243
6.45448 2.89629
7.66693 0.177278
5.22897 2.8569
5.56245 3.07417
5.62403 3.09071
5.17573 2.79269
7.68985 0.368476
5.23597 -1.4407
5.32586 -1.58384
5.141 -1.24862
4.75971 1.46614
4.77827 1.62347
4.76937 1.55233
4.79792 1.7529
4.85831 2.05342
4.88937 -0.487099
4.99252 -0.850651
5.46934 -1.74598
5.55251 -1.80851
5.08441 -1.1103
4.76964 0.171956
4.78129 0.0813899
5.10116 2.68304
6.32429 -1.74345
4.86325 2.07529
4.86102 2.0657
6.33777 2.96031
6.08918 3.06252
5.76653 3.10689
6.03958 3.07582
5.65855 3.09712
6.72182 -1.46612
6.492 -1.64066
6.87078 -1.32849
7.35511 -0.701135
7.69849 0.63553
7.43166 1.75987
7.48891 1.62818
6.4659 2.88948
7.14618 -1.01641
6.94097 -1.25803
4.87458 2.11844
4.80358 -0.0669984
7.64752 1.10088
7.62967 1.18501
7.64993 1.0875
7.65267 1.07413
6.81159 2.62396
6.77989 2.65242
7.05462 2.36492
7.08844 -1.09014
7.08021 -1.10012
7.41194 1.8019
7.2931 2.02453
7.24401 2.10348
7.25451 2.08734
7.56368 1.42289
7.6602 1.031
7.67832 0.90938
7.6917 0.77241
7.4126 -0.594765
7.41006 -0.599749
6.75576 2.67401
7.26111 2.07708
5.92839 -1.88327
5.43958 -1.71752
5.84233 -1.88915
5.40198 -1.67946
6.127 -1.83297
6.06355 -1.85326
5.02545 2.54446
7.42265 -0.574558
7.07569 -1.10557
7.03522 -1.15326
7.6984 0.644299
