4.6944 -1.18627
4.70422 -1.22226
5.4236 -2.62869
5.41709 -2.62654
5.04743 -2.24609
5.06943 -2.28988
5.91807 -2.51702
5.84736 -2.54989
5.19599 -2.48657
5.21263 -2.50638
5.11668 -2.37586
5.14802 -2.42182
7.99194 0.162856
7.99265 0.16837
4.61517 -0.874977
4.63537 -0.957517
4.52304 -0.457669
4.56498 -0.662241
4.46945 2.06169
4.46946 2.06182
6.1923 3.52415
6.18374 3.52828
4.55753 2.53075
4.57386 2.59831
7.30289 2.60441
7.35835 2.53017
7.43351 -1.19636
7.45129 -1.17117
7.29363 -1.3805
7.32689 -1.33929
6.98195 -1.72398
7.02427 -1.68263
6.40992 -2.21284
6.41264 -2.21074
5.63417 -2.62118
5.64926 -2.6188
4.79506 -1.5469
4.7696 -1.46099
4.8494 -1.72438
4.84305 -1.70305
7.85217 -0.401052
7.84474 -0.422095
4.86165 3.30142
4.91791 3.3764
5.16424 3.58078
5.20487 3.60179
4.96183 3.42509
4.9961 3.45836
5.25285 3.62011
5.30982 3.64195
6.00328 -2.47365
6.03906 -2.45353
8.00704 0.296097
8.00624 0.286118
6.81378 3.11599
6.80075 3.12718
6.57528 3.29962
6.60012 3.28249
5.72673 3.66799
5.70614 3.67034
4.45398 1.94201
4.45304 1.93443
4.49287 2.20089
4.48893 2.17915
7.757 -0.635506
7.7529 -0.644646
7.64018 -0.868761
7.64248 -0.864672
5.95636 3.61537
6.01528 3.59451
6.40713 3.40942
6.32279 3.45693
7.15388 2.78486
7.08317 2.8615
6.97177 2.97239
7.00374 2.94212
7.38284 -1.26641
7.38943 -1.25746
7.5339 -1.04608
7.50097 -1.09759
6.64004 -2.03474
6.63768 -2.03677
6.81803 -1.88076
6.83297 -1.86784
8.01836 0.506006
8.01852 0.582641
6.28314 -2.30172
6.27992 -2.30367
4.74362 -1.36737
4.7658 -1.44822
4.91866 -1.93168
4.92701 -1.95335
4.77178 3.15327
4.74484 3.09871
5.46269 3.67345
5.50578 3.67699
5.71579 -2.59928
5.73871 -2.59285
4.65595 -1.04066
4.65493 -1.03653
4.64997 2.86069
4.6454 2.84813
7.72137 1.89939
7.71193 1.92064
8.01148 0.765246
8.01175 0.761845
4.8096 3.22221
4.81721 3.23472
6.10637 -2.41384
6.17459 -2.37273
6.25727 -2.31866
6.19439 -2.35977
5.42957 -2.63003
5.33186 -2.59683
5.3436 -2.60287
5.27045 -2.55824
5.47832 -2.63577
5.46857 -2.63484
5.03435 -2.21773
5.0068 -2.15651
5.21828 -2.51098
5.16234 -2.44428
4.38808 0.905395
4.38823 0.850099
4.38903 1.03184
4.3884 0.977098
4.40345 1.40353
4.40067 1.35824
4.41188 1.52379
4.40918 1.48654
4.4897 -0.282606
4.50752 -0.377967
4.56544 -0.664435
4.40816 0.375819
4.41163 0.331597
4.39912 0.511888
4.40208 0.462054
4.46059 -0.0981776
4.46532 -0.129886
4.4265 0.173786
4.43353 0.109338
5.86267 3.6418
5.8412 3.64712
6.18083 3.52947
6.29588 3.47237
4.54755 2.48465
4.52934 2.39764
4.61326 2.74507
4.60909 2.72984
7.19942 2.73181
7.22363 2.70344
7.98997 0.964678
7.98307 1.01309
7.94643 1.21453
7.92974 1.28897
6.73099 -1.95814
6.67168 -2.00824
7.06045 -1.64491
6.92909 -1.77715
7.51069 2.30061
7.47472 2.35903
7.58992 2.16333
7.57235 2.19506
7.42701 2.43189
7.4489 2.39901
7.8798 1.47429
7.89334 1.42842
7.82476 1.64175
7.8356 1.61122
6.41533 -2.20863
6.53686 -2.11708
6.34693 -2.25737
5.52687 -2.637
5.55884 -2.63426
7.93132 -0.142392
7.94036 -0.107233
7.89129 -0.282759
7.90144 -0.249633
7.88204 -0.31271
7.81027 -0.511074
7.80655 -0.520645
4.92058 3.37969
6.90244 3.03782
6.86478 3.07153
6.77559 3.14809
6.74714 3.17107
6.69163 3.21443
6.65477 3.24232
6.51756 3.33986
4.44353 1.85826
4.44634 1.88204
4.46128 1.99806
4.46974 2.06356
4.50912 2.29603
5.83475 3.64827
5.82236 3.65085
6.07051 3.57546
6.45271 3.38056
6.42867 3.39587
7.03913 2.9064
6.9232 3.01936
6.54489 -2.11051
6.90167 -1.8027
6.73579 -1.9542
7.11854 -1.58434
8.01602 0.672575
8.01242 0.74916
6.54097 -2.11374
6.33673 -2.26451
4.73645 3.08231
4.80455 3.21285
8.01632 0.433915
8.01833 0.491698
4.42904 1.7211
4.4311 1.74316
4.41665 1.58189
4.41928 1.61485
4.39211 0.66859
4.39039 0.722848
4.39751 0.541633
4.39507 0.59247
7.77606 1.77041
7.7546 1.82306
7.68564 1.97658
7.66548 2.01859
4.71073 3.02251
4.68853 2.96753
7.196 -1.49686
7.22146 -1.46761
4.60006 -0.811144
4.39276 1.17851
4.39458 1.23109
4.38937 1.04955
4.39055 1.1041
5.66909 3.67469
5.64052 3.67734
4.56564 -0.665396
4.56617 -0.667738
4.71337 3.02945
4.72203 3.05002
7.16123 2.77673
7.1654 2.77202
7.14388 -1.55605
7.17587 -1.52003
7.12963 -1.572
4.94137 -1.99361
4.95229 -2.02136
8.01674 0.653125
5.11541 3.55211
5.09966 3.54204
5.94152 -2.50618
5.93827 -2.50776
5.74415 3.66526
5.7839 3.65843
7.9833 0.108775
7.97119 0.0346034
4.46942 2.06153
4.92247 3.38176
8.00408 0.849839
8.01098 0.771528
4.71892 -1.27688
4.67213 -1.10315
4.82202 -1.63579
4.80594 -1.58186
4.9643 -2.05506
4.97838 -2.08919
5.03673 -2.2235
5.07862 -2.3056
5.08436 3.53071
5.01714 3.47761
5.82415 -2.56072
5.93581 -2.50883
7.99971 0.229559
7.9913 0.157939
4.39881 1.29459
4.39962 1.34318
4.38832 0.96876
4.38809 0.913599
4.39058 0.786596
4.3882 0.841828
4.40745 1.46379
4.4047 1.42239
4.40327 0.44408
4.4065 0.396831
5.53912 3.67909
5.61101 3.67879
4.44184 0.0388525
4.44822 -0.0109556
7.70213 -0.751427
7.69948 -0.756771
4.58273 2.63146
4.55039 2.49873
7.97026 1.09164
7.95978 1.14891
7.2912 2.61934
7.36698 2.51835
7.48451 -1.12218
7.42387 -1.20989
7.33898 -1.32334
7.27148 -1.40828
7.55082 2.23266
7.52485 2.27711
7.85351 1.5579
7.86555 1.52089
5.67579 -2.61115
5.60419 -2.62812
4.76858 -1.45767
4.86732 -1.78205
5.21292 3.6053
5.15096 3.5737
5.34406 3.65118
6.06692 -2.43792
5.98867 -2.48132
5.75482 -2.5863
8.00787 0.306024
7.95519 -0.0422941
7.96761 0.0165434
7.94614 -0.084111
4.87819 -1.81394
4.88432 -1.83133
7.66635 -0.819717
7.80315 -0.528776
7.58219 -0.96871
7.38107 -1.26885
7.57169 -0.986217
8.01772 0.621621
6.08864 -2.42483
4.73666 -1.34153
5.40783 3.66537
5.6941 -2.60712
4.64226 -0.985508
4.66312 -1.06924
4.42248 1.65127
4.42487 1.679
4.39454 0.604955
4.39247 0.657663
4.63313 2.81161
4.66619 2.90721
4.39083 1.11389
4.39237 1.16759
4.67008 -1.09552
5.51316 -2.63687
4.99866 -2.13623
5.10561 -2.35549
5.15599 -2.43454
4.3891 1.0406
4.41399 1.55069
4.48361 -0.248143
4.41367 0.30718
4.3981 0.52727
4.48167 -0.236637
4.42064 0.230652
4.5996 2.69648
4.51813 2.34142
4.62628 2.78901
7.23748 2.68649
8.00058 0.880911
7.91882 1.33367
7.42099 2.44077
7.2464 -1.43793
7.62797 2.09259
7.61734 2.11289
7.46954 2.36717
7.90362 1.39091
7.80361 1.69953
5.59086 -2.62928
7.92534 -0.165476
6.7244 3.18975
4.43907 1.82184
4.45187 1.92583
4.63932 -0.97349
4.43599 1.79117
4.39005 0.732441
4.67909 2.94127
4.51285 2.31492
7.79385 1.7258
7.73124 1.87723
7.63947 2.07042
4.39496 1.24329
5.68037 3.67322
5.38931 3.66225
8.01573 0.419397
6.70887 3.20151
6.82663 3.10522
4.90272 -1.88512
6.18584 -2.36546
6.34652 -2.25767
6.62132 3.26751
4.43764 1.80719
7.91583 -0.200044
