7.66094 -0.250034
7.67189 -0.216041
5.51229 3.24503
5.50332 3.2423
7.76958 0.223347
7.7758 0.273139
4.63413 1.12793
4.63185 1.08102
5.07413 -1.42022
5.06338 -1.39608
5.01796 -1.27985
4.99443 -1.21639
4.66284 1.5375
4.66432 1.55184
4.70477 1.854
4.70792 1.8727
5.65356 -2.07429
5.60912 -2.06605
4.63487 0.614187
4.637 0.561559
7.10442 -1.23093
7.1225 -1.20984
4.70424 -0.085
4.69174 -0.00170236
6.66843 2.88993
6.75124 2.82471
6.47796 -1.80161
6.4035 -1.8517
6.83687 -1.51147
6.80466 -1.5424
7.37501 -0.858873
7.33691 -0.919754
7.43909 1.96039
7.40795 2.01849
7.68911 1.32995
7.71077 1.24786
7.72487 -0.0212744
7.73354 0.0172383
7.58511 -0.454334
7.58119 -0.463979
5.31315 3.15455
5.27176 3.12554
5.1447 -1.57683
5.14184 -1.57087
4.64028 1.26047
4.64233 1.29522
5.90999 -2.07071
5.98659 -2.05192
5.7997 -2.08656
5.81424 -2.08472
4.81939 -0.637667
4.79905 -0.556883
4.62994 0.741412
4.629 0.784116
4.92254 2.6487
4.90823 2.61802
6.20572 -1.96368
6.24019 -1.94527
4.74755 2.08268
4.75761 2.12818
7.47163 -0.69244
7.48907 -0.658586
6.14177 3.19333
6.18138 3.17659
6.41309 3.0636
6.42272 3.05842
5.91462 3.25557
5.9557 3.24809
6.5909 2.94942
6.8244 2.76037
6.75258 2.82364
6.66626 -1.66075
6.70141 -1.63255
6.55414 -1.74642
6.6024 -1.71185
7.27544 -1.01011
7.30443 -0.96862
7.79143 0.497453
7.79066 0.468783
4.77098 -0.433225
4.78282 -0.48803
5.22963 -1.72937
5.24105 -1.74627
6.96443 -1.38557
7.02289 -1.32544
4.7732 2.1961
4.7841 2.23884
6.98003 2.60721
6.96012 2.62867
7.79093 0.679009
7.79002 0.698968
7.69508 -0.13769
7.63173 -0.334542
6.01083 -2.04379
6.10226 -2.01065
5.56828 -2.04955
5.59316 -2.06038
5.70311 -2.08461
7.03216 -1.31519
7.03703 -1.30984
6.25501 3.14621
6.33294 3.10711
7.36161 2.1
7.36328 2.09716
7.27789 2.23124
7.3101 2.18245
7.18989 2.3567
7.19798 2.34572
7.63761 1.49707
7.65796 1.43552
7.7295 1.16387
7.71252 1.24038
7.77896 0.85258
7.77865 0.856144
7.6228 -0.358629
6.58226 2.9558
6.53124 2.99051
6.53019 2.99121
4.67883 1.68134
4.67869 1.68017
4.65369 1.44564
4.65185 1.42352
5.99949 -2.04815
5.79696 -2.08643
5.89863 -2.07353
5.5182 -2.02787
4.86366 -0.807927
4.85615 -0.780121
5.46392 -1.99319
5.4141 -1.95369
5.4259 -1.9647
6.06164 3.22109
6.08989 3.21167
6.22484 3.15903
6.35228 3.09766
6.83476 2.75134
6.39803 -1.85492
6.3908 -1.85929
6.9073 -1.44441
4.62957 0.955343
4.62901 0.913316
4.63708 1.20497
4.63552 1.16731
4.92463 -1.01093
4.93163 -1.03355
4.94879 -1.08678
4.96219 -1.1254
5.26899 -1.78794
4.65034 0.362973
4.64578 0.425651
4.67544 0.117682
4.67143 0.148863
4.63131 0.695568
4.63301 0.653749
4.81143 2.33654
4.81976 2.36586
7.0521 2.52798
7.08201 2.49305
7.17455 -1.14557
7.20029 -1.11266
7.76296 0.975855
7.7553 1.02913
6.19079 -1.97004
6.11274 -2.00586
4.63177 1.04031
4.6703 1.60789
4.67196 1.62276
4.65779 1.48768
4.64 0.523333
4.9801 2.77021
4.99263 2.79341
7.49547 1.84744
7.5221 1.79069
5.7684 3.27297
5.81739 3.27037
6.88058 -1.47023
7.58241 1.64973
7.5763 1.66512
4.64436 1.3259
4.6468 1.35937
4.9027 -0.938962
4.87806 -0.857337
5.33824 -1.87668
5.35609 -1.89793
5.208 -1.69245
5.20048 -1.67895
4.64128 0.487811
4.65704 0.288219
4.66819 0.178193
4.66377 0.218827
4.62987 0.998464
4.62867 0.870765
4.62855 0.827778
5.87263 3.26372
5.82841 3.26947
6.84826 2.73884
4.74912 -0.329678
4.76621 -0.411269
5.10181 2.95816
5.1191 2.98066
4.68901 1.75102
4.68796 1.74435
4.71312 -0.139027
4.73704 -0.267903
5.27748 -1.80083
5.29396 -1.82432
4.7395 2.04204
4.731 2.00082
5.66482 3.27164
5.6803 3.27222
6.50259 -1.78496
6.50412 -1.78382
4.68032 1.69236
5.4122 3.20832
5.53015 3.24862
5.18347 3.0499
5.16193 3.02714
7.78336 0.35261
7.75724 0.138602
5.0472 -1.3575
5.10174 -1.48392
4.71426 1.91106
4.69772 1.80852
4.79011 2.26081
4.80257 2.30669
6.79298 -1.5526
6.86121 -1.48887
7.32635 -0.935818
7.40599 -0.808626
7.40097 2.03102
7.45169 1.93627
7.23439 2.29464
7.25567 2.26416
7.60879 1.58092
7.71104 1.24674
7.68558 1.3429
7.75025 0.0992761
7.7056 -0.0988246
5.21536 3.08013
5.37647 3.19086
5.61335 3.26573
5.08287 2.93179
5.04255 2.87626
7.78725 0.405011
5.02781 -1.3068
5.13992 -1.56658
5.18691 -1.65527
4.72544 1.97092
4.8748 -0.846389
4.79401 -0.53611
4.83658 -0.705378
4.88913 2.56856
4.872 2.52658
5.02521 2.8493
4.94807 2.70719
4.75998 2.13966
4.74391 2.0645
7.43612 -0.756913
7.53047 -0.575725
6.03014 3.23061
6.00943 3.23542
5.88749 3.26117
6.60516 -1.70964
6.70307 -1.63121
6.50572 -1.78266
7.2601 -1.03202
7.22332 -1.08297
7.42243 -0.780467
7.7926 0.576379
7.54033 1.74965
7.56159 1.70007
4.83387 2.41296
4.83741 2.42502
6.94707 2.64216
7.02259 2.56129
7.79162 0.646156
7.78618 0.768098
7.77107 0.916351
7.76796 0.943008
4.70974 -0.120124
4.71081 -0.126348
7.14091 2.4206
7.11226 2.45599
7.15965 -1.16447
7.73261 1.14951
7.7541 1.03583
7.47593 1.88801
7.36127 2.10058
7.32034 2.16641
7.1658 2.38874
7.66471 1.41338
7.62795 1.52579
7.77825 0.859564
6.47812 3.02511
6.46669 3.03195
4.84977 2.46348
6.89384 2.69497
4.6654 1.56399
4.6785 1.67874
5.8204 3.27023
5.7441 3.27302
6.27218 -1.92788
6.3053 -1.91067
5.36599 -1.90956
5.30947 -1.84277
5.22464 -1.72179
4.6616 0.239415
5.6565 3.27097
5.71653 3.27367
4.98287 -1.18517
4.64975 1.39786
7.05186 -1.29298
4.6787 0.0933995
7.61667 1.55881
4.65956 0.262411
4.85923 2.4903
6.36711 3.09004
4.93549 -1.04603
5.39177 -1.93421
7.55864 -0.514339
7.53541 -0.565429
6.53009 2.99128
4.84506 -0.739057
5.44075 -1.97729
