4.7605 -1.5713
4.76846 -1.6001
5.28469 -2.68306
5.24871 -2.65856
5.43249 -2.72574
5.46401 -2.72737
5.88708 -2.59512
5.89034 -2.59361
8.02399 0.17488
8.03014 0.222448
4.58473 -0.89646
4.59337 -0.931738
4.36729 1.35812
4.36698 1.35407
4.35553 0.924346
4.35573 0.977137
4.35596 0.850136
4.35577 0.83957
4.37081 1.42253
4.37111 1.42742
4.49208 -0.475196
4.50631 -0.544608
4.37303 0.397395
4.36879 0.462596
5.59406 3.73418
5.51102 3.73499
4.43481 2.06133
4.43717 2.08195
5.35943 3.71681
5.37304 3.71917
7.34053 -1.3736
7.34807 -1.36425
6.85999 -1.88909
6.84229 -1.90596
7.02216 -1.73196
7.0336 -1.72079
6.40886 -2.26206
6.437 -2.24038
5.60776 -2.70594
5.5663 -2.71566
4.81338 -1.74981
4.79334 -1.68247
7.94518 -0.210089
7.95928 -0.158703
7.88721 -0.394062
7.8692 -0.445
5.16681 3.65201
5.16777 3.65251
4.92628 3.4737
4.93023 3.47754
8.03829 0.307819
8.03444 0.259715
8.003 0.0394299
7.9978 0.00968858
7.97437 -0.0988869
7.97756 -0.0848002
6.83668 3.14294
6.84157 3.13876
6.62242 3.313
6.6247 3.31142
4.42149 1.96226
4.41798 1.93407
4.45189 2.17544
4.4556 2.19993
7.67927 -0.860963
7.66368 -0.88965
7.79357 -0.628209
7.77471 -0.670335
6.05348 3.63026
5.96228 3.66255
6.41249 3.45218
6.37473 3.47345
6.18921 3.5719
6.08629 3.61709
7.12527 2.86525
7.09517 2.89787
7.01036 2.98334
7.01568 2.9783
7.42638 -1.26001
7.45477 -1.22141
7.55541 -1.07144
7.54261 -1.09147
6.68404 -2.04348
6.64711 -2.07533
8.0407 0.772704
8.04293 0.745477
6.03882 -2.51069
6.05708 -2.49933
4.71121 -1.39024
4.72563 -1.44278
4.73122 3.18647
4.72722 3.17835
5.4324 3.72877
5.50049 3.73437
4.62555 -1.06212
4.6195 -1.03771
4.36002 0.649987
4.36215 0.593006
4.76862 3.25575
4.8001 3.30746
4.35921 1.15906
4.35771 1.10413
6.23 -2.38865
6.23774 -2.38359
4.6625 -1.20879
4.66143 -1.20455
5.36636 -2.7161
5.34206 -2.70802
5.2161 -2.63223
5.52014 -2.72306
5.477 -2.72681
5.01242 -2.31149
5.00829 -2.30332
5.16222 -2.57501
5.15278 -2.56127
5.09287 -2.47355
5.10419 -2.491
5.07189 -2.43684
5.04613 -2.38292
4.37917 1.54284
4.37506 1.48638
5.76936 3.71317
5.7989 3.70655
4.52642 -0.640491
4.47221 -0.370522
4.46921 -0.354456
4.37306 0.396975
4.37815 0.332142
4.47433 2.31591
4.47455 2.31758
4.42387 -0.075627
4.43457 -0.147296
4.39075 0.195742
4.40212 0.0915542
6.30129 3.51557
6.23747 3.54748
7.70103 2.01524
7.6963 2.0251
7.78884 1.81984
7.78594 1.82684
4.54793 2.66421
4.53755 2.62095
4.50244 2.45658
4.49463 2.41927
4.57579 2.76843
4.56557 2.73107
7.21149 2.76839
7.23319 2.74297
8.01726 0.991671
8.01727 0.991597
7.97204 1.23985
7.96616 1.26608
7.44214 2.46582
7.39606 2.53198
7.31504 2.64124
7.2601 2.71025
6.77358 -1.96659
6.93851 -1.81568
7.09902 -1.65256
6.96745 -1.78699
7.53073 2.32756
7.5103 2.36074
7.61049 2.191
7.60731 2.19674
4.86669 -1.92195
4.85549 -1.88577
4.91735 -2.07005
4.90151 -2.02507
4.95682 -2.17817
4.95199 -2.16476
7.91255 1.47121
7.91798 1.4528
7.8586 1.63856
7.85981 1.63516
6.46494 -2.21848
6.53582 -2.16508
6.37213 -2.28802
5.66562 -2.68975
5.65601 -2.6925
7.92538 -0.275957
7.94133 -0.223913
7.90686 -0.335946
7.86157 -0.464697
7.84263 -0.513448
4.86373 3.39886
4.82103 3.3405
6.67819 3.27117
6.67955 3.27011
6.73564 3.22691
6.7848 3.18638
6.8827 3.10245
6.89207 3.09398
6.52289 3.38238
5.8488 3.69527
5.90763 3.67796
4.42611 1.9977
4.47397 2.31394
6.07629 3.62158
6.50122 3.39599
6.45442 3.42579
6.21046 3.56122
7.07642 2.91698
6.98115 3.01158
6.59126 -2.11972
6.74511 -1.99232
6.9432 -1.81095
7.12787 -1.62249
8.04583 0.683758
8.03387 0.859983
6.56417 -2.14196
4.69733 3.11433
4.7339 3.19134
5.05819 3.58735
5.06352 3.59145
8.04837 0.480144
8.04917 0.503269
4.39242 1.69836
4.39659 1.74301
4.38053 1.55947
4.38494 1.61469
4.59283 2.82513
4.59985 2.84943
4.64411 2.98106
4.64007 2.97106
7.24555 -1.48958
7.24871 -1.48595
4.55849 -0.785636
6.13604 -2.45046
6.1247 -2.45795
4.83817 -1.83063
4.83007 -1.8035
4.35801 0.723134
4.35752 0.732684
5.67774 3.7267
5.64348 3.72989
4.53545 -0.682491
4.55831 -0.78485
4.67637 3.06269
4.66388 3.03305
4.68933 3.09493
5.34879 3.71417
5.28945 3.69941
7.17301 2.81244
7.20009 2.78186
8.03379 0.860728
7.19399 -1.54869
7.20314 -1.53839
7.1568 -1.59029
8.04768 0.633678
5.70053 -2.67716
5.72502 -2.66721
4.92121 3.46813
4.809 3.32258
4.97178 3.51556
5.01125 3.55199
6.9418 3.04899
4.36171 1.23113
4.36175 1.23823
4.43125 2.03783
4.68671 -1.29962
4.66618 -1.22337
4.78657 -1.66081
4.75798 -1.562
5.87723 -2.59972
5.97131 -2.54925
8.03238 0.241814
8.01851 0.132466
4.36599 1.29462
4.3674 1.36193
4.35582 0.987674
4.35556 0.913637
4.35805 0.786634
4.35569 0.860749
4.37479 1.4828
4.3708 1.42223
4.36863 0.465357
4.37303 0.397376
5.50852 3.73496
5.61995 3.73252
4.40571 0.0610392
4.41719 -0.0285212
7.73971 -0.743929
7.72086 -0.781955
7.7468 1.91736
7.74226 1.92751
4.5332 2.60064
4.51533 2.52058
7.9967 1.11779
7.99506 1.12674
7.3793 2.55566
7.33041 2.62123
7.5055 -1.14691
7.46709 -1.20354
7.38412 -1.31671
7.3049 -1.41828
7.57111 2.25996
7.56011 2.2788
7.88681 1.55477
7.88998 1.54505
5.79898 -2.63659
5.77295 -2.64904
5.5659 -2.71569
5.61128 -2.7054
4.73554 -1.48099
5.21536 3.67327
5.15712 3.64685
5.2386 3.68188
6.0162 -2.52456
5.98927 -2.53985
8.04229 0.355676
7.98955 -0.0294035
8.00947 0.0769302
7.97219 -0.108502
7.61232 -0.979295
7.82529 -0.554863
7.60363 -0.993972
7.58376 -1.02653
7.40202 -1.29354
8.04928 0.554528
6.08742 -2.48105
4.69328 -1.32356
5.11014 3.62124
5.11423 3.62392
5.41301 3.72591
4.61186 -1.00696
4.63523 -1.10075
4.38618 1.62873
4.39049 1.67885
4.36244 0.586347
4.35976 0.658196
4.61842 2.90891
4.62755 2.93621
7.2932 -1.4328
7.27692 -1.45238
4.35752 1.09458
4.35948 1.16763
4.63936 -1.1172
5.52105 -2.72293
4.99228 -2.266
5.03926 -2.37008
5.19136 -2.60703
5.11453 -2.50936
5.08064 -2.45111
4.35641 1.04064
4.37977 1.55053
4.45343 -0.265229
4.4807 -0.416775
4.37842 0.328827
4.36511 0.527807
4.44478 -0.213981
4.389 0.21274
7.65209 2.11342
7.82753 1.72336
7.82782 1.7226
7.64856 2.12029
4.56234 2.71971
4.47635 2.32756
4.58226 2.79026
7.24961 2.72325
8.01708 0.992769
8.03371 0.861489
7.94365 1.35823
7.45767 2.44254
7.29479 -1.43081
7.48929 2.39375
7.62918 2.15661
4.84538 -1.85591
4.8781 -1.95539
4.93296 -2.11627
4.97953 -2.2348
4.98114 -2.23932
7.83294 1.7087
7.93577 1.38788
5.64797 -2.69431
6.66441 3.28162
6.72967 3.23183
6.93341 3.057
4.41363 1.90209
4.40662 1.84207
6.33395 -2.31631
6.28202 -2.35338
5.0153 3.55559
4.60398 -0.974664
4.39917 1.76831
4.35808 0.713911
4.61647 2.9023
4.36132 1.22379
6.14453 -2.4448
5.72347 3.72073
8.04482 0.392163
5.73529 3.71941
5.18005 -2.59503
4.88821 -1.98765
5.7449 -2.66032
5.54961 -2.71832
6.83189 3.14715
4.41367 1.90241
8.04891 0.594042
6.18468 -2.41885
5.13053 -2.53027
4.9262 -2.09487
6.34542 -2.3083
6.62665 3.31005
4.40314 1.80683
4.40588 1.83488
6.93772 3.05289
6.73259 3.22942
