7.53987 -0.425297
7.52206 -0.466914
5.31994 3.0432
5.36016 3.07007
4.68912 1.15981
4.68381 1.05077
5.14153 -1.39628
5.12689 -1.36343
4.70148 1.35524
4.70183 1.35962
4.75913 1.82235
4.76768 1.87297
6.03041 -1.94231
6.01518 -1.94791
5.74627 -1.97555
5.81652 -1.97903
4.79898 -0.301451
4.79626 -0.287629
4.71257 0.268962
4.71331 0.261537
4.68649 0.644109
4.69117 0.528288
7.05667 -1.20182
7.06226 -1.1953
6.64819 2.82859
6.6791 2.80425
7.73992 0.478128
7.74074 0.50016
7.61953 -0.211269
7.61418 -0.227554
5.51836 3.14551
5.61641 3.17134
5.1271 2.8495
5.18399 2.91854
7.72394 0.266069
7.72241 0.253111
5.1909 -1.49284
5.21245 -1.53458
4.72598 1.59131
4.72913 1.61627
4.77742 1.92585
4.79075 1.9917
5.62725 -1.95017
5.60424 -1.9399
4.93298 -0.83142
4.92021 -0.787637
4.8704 -0.608785
4.86799 -0.599192
4.68241 0.77183
4.68216 0.78325
4.95762 2.54343
4.97161 2.57824
5.06132 2.75031
5.09699 2.80501
4.92508 2.46375
4.89967 2.39504
6.36781 3.01098
6.38006 3.00441
6.16143 3.10489
6.18107 3.09812
5.96894 3.16206
5.93018 3.16995
6.61371 2.85504
6.75577 2.7409
6.73215 2.76171
6.61248 -1.62308
6.64417 -1.59766
7.33942 -0.816934
7.34179 -0.813031
7.23912 -0.967313
7.26496 -0.930331
7.51898 1.67052
7.48663 1.74588
5.31397 -1.69645
5.30873 -1.68871
4.83117 2.16143
4.84175 2.20291
7.55253 1.58622
7.55669 1.57527
5.05876 -1.19979
5.05315 -1.18621
4.75097 -0.0255002
4.74297 0.0272989
4.7005 0.397114
4.70088 0.392273
7.49571 -0.526892
7.57165 -0.346529
5.9273 -1.96714
6.11745 -1.9135
7.07129 2.41899
7.03118 2.46599
7.11991 -1.1257
7.144 -1.09573
7.00894 -1.25496
7.05095 -1.20857
7.40479 1.91423
7.43707 1.85123
7.32706 2.05351
7.34918 2.01567
7.24444 2.18623
7.24888 2.1795
7.11386 2.36554
7.14687 2.32281
7.6348 1.33506
7.61737 1.39538
7.67638 1.16887
7.66819 1.20574
7.72972 0.837789
7.73085 0.824772
7.58163 -0.320086
7.64978 -0.109962
7.46556 -0.588675
7.49445 -0.529555
6.50945 2.92631
6.48751 2.94097
5.91479 -1.9702
5.84384 -1.97675
5.65563 -1.95673
5.53693 -1.90814
5.49618 -1.88055
4.70092 0.391782
4.7009 0.39204
4.93354 2.48796
4.87247 2.31113
4.88597 2.35296
6.27318 3.05941
6.30569 3.04353
6.41364 2.98591
6.44611 2.96657
6.81443 2.68973
6.32859 -1.81259
6.31554 -1.82047
4.68256 0.924498
4.68242 0.913253
4.68968 1.17436
4.68938 1.16725
5.008 -1.06278
5.01951 -1.09594
5.2972 -1.67135
5.30603 -1.68459
5.36299 -1.75688
4.6857 0.662162
4.68608 0.652885
6.89189 2.61625
6.89733 2.61086
7.70731 1.01083
7.70727 1.01111
6.12527 -1.90991
4.68379 1.04025
4.69666 1.29527
4.69667 1.29546
5.7206 -1.9728
4.80278 -0.318814
4.80006 -0.306584
5.44368 -1.83833
5.39766 -1.79482
4.71929 0.207812
4.72055 0.196268
4.69162 0.522493
6.98701 -1.27935
5.77379 3.1847
5.77567 3.1846
6.47089 -1.72431
6.41367 -1.76218
6.90214 -1.36812
6.829 -1.43879
7.41549 -0.684753
7.40425 -0.705882
6.56279 2.89113
6.24036 -1.85833
6.21626 -1.87088
4.69182 0.517108
4.6833 1.02944
4.68232 0.901868
4.68204 0.794927
6.08805 3.13093
6.05292 3.14132
6.82873 2.67649
7.67608 -0.00577888
7.682 0.0188622
4.71604 1.50478
4.7141 1.48794
4.75443 1.79165
4.74702 1.74462
5.82046 -1.97888
4.86882 2.30022
4.86294 2.28038
5.6705 3.17858
5.62042 3.17205
7.56105 1.56305
7.58811 1.48639
7.6531 -0.0983919
4.95576 -0.908388
4.95611 -0.909472
5.46006 -1.85387
4.98706 -1.00355
7.70229 0.121495
7.6993 0.104724
5.41858 3.10368
5.2648 2.99887
5.16806 -1.44983
5.11791 -1.34201
4.70648 1.41491
4.69667 1.29547
4.76873 1.87935
4.75703 1.80879
4.89785 -0.709567
4.91019 -0.75306
6.98217 2.52174
6.96542 2.53975
7.18803 -1.04009
7.19023 -1.03715
6.24716 3.0716
6.2382 3.07519
6.7388 -1.51957
6.7598 -1.50124
7.28977 -0.892717
7.33839 -0.818563
7.36661 1.98479
7.39469 1.93352
7.18653 2.2692
7.19769 2.25395
7.6569 1.25184
7.64414 1.3019
7.74118 0.569474
7.73602 0.394314
7.70572 0.140963
5.22268 2.9601
5.47488 3.12911
5.61907 3.17189
5.11399 2.83144
7.73537 0.38555
5.23844 -1.58145
5.26105 -1.61715
5.08923 -1.27523
4.70841 1.43428
4.73332 1.64963
4.72128 1.55211
4.74325 1.71895
4.79591 2.01467
4.87563 -0.629386
4.93798 -0.848676
4.8456 -0.506902
4.95719 -0.91277
4.72631 0.14684
4.73074 0.112437
4.99481 2.62562
5.03547 2.70671
5.01355 2.66611
4.81625 2.10459
4.80705 2.06515
7.42503 -0.667186
6.11768 3.12112
5.89389 3.17428
6.03526 3.14665
5.84807 3.18013
5.76937 3.18471
5.69927 3.18084
6.71321 -1.54194
6.54477 -1.67283
6.5126 -1.69682
6.91506 -1.35548
7.38592 -0.73744
7.7413 0.60862
7.48243 1.75509
7.52271 1.66161
4.83286 -0.452175
7.18711 -1.04136
6.91836 -1.35217
7.73656 0.749483
7.74044 0.668789
5.04378 -1.16264
4.76122 -0.0909818
4.77398 -0.165113
6.90685 2.60097
7.09432 2.39054
7.18475 -1.04447
7.09958 -1.15037
7.68975 1.10712
7.69637 1.07212
7.44168 1.84193
7.30075 2.09767
7.2864 2.12075
7.22814 2.21039
7.6102 1.41851
7.71943 0.924801
7.70741 1.01018
7.72819 0.851052
6.4691 2.95311
5.38572 -1.78343
5.45662 -1.85063
5.82577 3.18225
6.34643 -1.8021
6.13359 -1.90636
5.26972 -1.62998
5.02541 -1.11301
6.81489 -1.45237
6.35792 3.01667
7.7408 0.660201
7.49527 -0.527852
4.89686 2.38641
