5.44644 -2.39348
5.48698 -2.40767
5.31467 3.4748
5.30367 3.47116
6.17091 -2.23448
6.18873 -2.22477
5.87778 -2.37187
5.83568 -2.38643
6.60755 3.15764
6.63306 3.1387
4.66617 -0.70199
4.69597 -0.82346
5.85944 3.50996
5.94071 3.49046
6.16904 3.41095
6.17267 3.40919
4.71157 2.6838
4.72556 2.72653
7.01971 2.79994
7.0519 2.76673
7.16775 2.63582
7.13258 2.6776
7.87936 1.14819
7.894 1.06908
7.37778 -1.1307
7.38959 -1.11396
6.51279 -2.00949
6.51669 -2.00651
7.45775 2.22936
7.48089 2.19066
7.7946 1.4823
7.77311 1.54941
7.9358 0.660199
7.9379 0.593864
7.77944 -0.360969
7.758 -0.419841
4.89862 3.10429
4.89383 3.09597
5.02394 3.26886
5.01242 3.25752
5.181 3.40452
5.10815 3.35061
5.46313 3.51847
5.49677 3.52479
5.72704 -2.4129
5.64813 -2.42355
7.89997 0.101278
7.89315 0.0620082
7.93085 0.356698
7.9289 0.330572
4.89883 -1.52207
4.88657 -1.48695
4.95947 -1.696
4.94995 -1.6695
4.51222 1.65315
4.51498 1.67942
4.49186 1.42279
4.49117 1.41507
4.64703 -0.619318
5.01693 -1.83869
5.00218 -1.8022
4.54826 1.94797
4.55592 1.99903
7.53316 -0.890114
7.58524 -0.797233
5.78566 3.52149
5.73161 3.52844
6.39302 3.29683
6.44953 3.26187
6.82487 2.98552
6.89212 2.92517
7.47814 -0.980386
7.50901 -0.93077
6.41214 -2.08195
6.50978 -2.01167
6.614 -1.93172
6.61232 -1.93305
6.82885 -1.74793
6.80826 -1.76676
7.03492 -1.54519
6.99979 -1.58249
5.97001 -2.3351
5.93665 -2.34995
5.53907 -2.41857
5.4993 -2.41021
4.49182 0.401174
4.49266 0.389181
4.53644 -0.0192495
4.52946 0.0350352
7.92724 0.818191
7.92765 0.813116
4.77698 -1.12799
4.75909 -1.06549
4.82962 -1.30667
4.81874 -1.26968
7.81595 -0.250839
7.8 -0.300972
5.12751 -2.0668
5.16043 -2.12273
6.08795 -2.27978
6.19316 -2.22227
4.47327 0.855813
4.47329 0.849999
4.47396 0.982413
4.4739 0.976998
4.62195 -0.503065
5.9997 3.47187
5.82488 3.51687
6.1597 3.41476
6.28149 3.35757
4.6759 2.56451
4.66844 2.53936
4.7471 2.78558
4.7334 2.74947
7.09083 2.72404
7.12428 2.68707
7.27069 2.50681
7.25649 2.52527
7.16807 -1.39895
7.1589 -1.40991
6.61068 -1.93426
6.51273 -2.00954
6.95713 -1.6244
6.90453 -1.67668
7.5368 2.09185
7.57174 2.02637
7.37445 2.36116
7.37894 2.35442
7.84147 1.31561
7.82883 1.36462
7.73979 -0.468151
7.72825 -0.495709
7.70973 -0.539961
6.79818 3.00824
6.75374 3.04534
6.53588 3.20689
6.55569 3.19397
4.51908 1.72128
4.51807 1.71232
4.50862 1.61526
4.50108 1.53446
4.49708 1.48694
4.48741 1.36281
4.48686 1.35499
4.7098 -0.878495
4.81967 2.95903
4.8244 2.96836
4.57697 2.12831
4.59843 2.24036
6.05539 3.4548
6.31774 3.33764
6.50364 3.22874
5.64881 3.53427
5.64387 3.53423
6.94071 2.87847
6.40946 -2.08364
6.79185 -1.78091
6.71075 -1.85178
7.09387 -1.48346
6.28609 -2.1654
5.2193 -2.20941
5.25271 -2.24957
6.06786 -2.29036
6.03754 -2.30486
4.73723 -0.983301
4.75048 -1.03336
4.48306 0.525594
4.48763 0.460662
4.49756 0.330199
4.51135 0.18673
4.519 0.116971
4.54595 -0.0842419
4.47551 0.716938
4.47537 0.721465
4.48037 0.589664
4.4803 0.591083
4.75296 2.79985
4.77041 2.84458
4.62072 2.34279
4.62692 2.37135
7.66692 1.82613
7.66941 1.82032
7.32507 -1.20287
7.30674 -1.22711
7.92096 0.876547
7.91773 0.908319
4.48027 1.22924
4.48033 1.23099
4.4762 1.09988
4.47629 1.104
7.83563 -0.183373
5.11088 -2.03784
5.08701 -1.99174
5.39654 -2.37065
5.40473 -2.37543
4.72274 -0.928705
4.73383 -0.970352
6.71067 3.08015
6.68984 3.09571
4.60307 -0.412361
4.58839 -0.336451
4.48305 0.525887
4.48302 0.526161
4.57627 2.12471
4.57658 2.12633
4.55364 -0.132491
4.56493 -0.202103
4.60495 2.27052
4.61381 2.31205
4.6011 2.25275
7.71212 1.71626
7.73784 1.64993
7.84874 -0.137231
7.85194 -0.124874
7.66822 -0.632398
7.65783 -0.655292
4.90866 3.11977
4.93407 3.15762
4.54468 1.92107
4.53781 1.87176
7.35588 -1.16142
7.93116 0.761318
7.93335 0.732435
5.31388 -2.30969
5.33989 -2.33313
5.27376 -2.27443
4.5045 1.57069
4.50266 1.5511
4.60869 -0.440058
4.56593 2.06267
4.57314 2.10657
4.88128 3.07326
4.85282 3.02303
4.50222 0.27711
4.50334 0.264954
4.80302 -1.21752
4.78313 -1.14911
5.49227 -2.40901
5.19153 -2.16931
5.2027 -2.187
5.00908 3.25382
4.97144 3.20834
5.29784 3.46855
5.40045 3.50435
5.8296 -2.38789
5.88618 -2.36943
7.91835 0.226233
7.91484 0.197722
4.48233 1.29449
4.48234 1.29504
4.47334 0.919275
4.47331 0.913499
4.47335 0.786499
4.47309 0.792418
4.94555 -1.65657
4.91784 -1.57844
5.03042 -1.87205
5.05155 -1.91696
4.55703 2.00724
7.5986 -0.772083
7.64136 -0.688286
7.62386 1.9201
7.61952 1.92934
4.65602 2.49332
4.64303 2.44099
4.72707 2.73124
4.70655 2.6674
7.12963 2.68097
7.19039 2.6089
7.8672 1.2071
7.90143 1.02357
7.42854 -1.05622
7.21696 -1.34128
7.21582 -1.34271
7.49782 2.16135
7.43133 2.27261
7.33079 2.42435
7.35818 2.38517
7.76744 1.566
7.80211 1.45815
7.93767 0.520631
7.93456 0.704778
5.56396 -2.42247
5.58545 -2.42365
4.85643 -1.39566
4.8608 -1.40981
7.8768 -0.0191969
7.86601 -0.0668227
5.08858 3.33339
5.20628 3.42108
5.52161 3.52683
5.74094 -2.41096
5.61169 -2.42335
7.93686 0.461135
4.98456 -1.75927
5.08007 -1.97658
4.54656 1.93539
7.67842 -0.610486
7.52598 -0.902479
7.46455 -1.00197
7.93767 0.485194
4.85491 -1.39048
5.92452 -2.35419
5.9871 -2.32837
4.47764 0.653129
4.47752 0.656279
4.78675 2.88333
4.79495 2.90354
4.47799 1.16442
4.47807 1.16749
4.58135 -0.297815
4.75168 -1.03792
5.12177 -2.05766
4.47438 1.0405
4.48292 1.30333
4.63723 2.41553
4.69665 2.63599
7.20564 2.58998
7.07185 2.74548
7.91407 0.935282
7.85316 1.26874
7.32247 2.43604
7.11752 -1.45687
7.22262 -1.33426
7.57461 2.02078
7.52767 2.10858
7.4166 2.29594
7.81925 1.39884
7.74194 1.63853
4.51788 1.71051
4.52476 1.77101
4.84133 3.00252
4.81485 2.94897
5.65197 3.53423
5.59698 3.53416
6.01455 -2.31493
4.5045 0.251394
4.5238 0.0773497
4.47329 0.780695
4.48259 0.5359
7.10432 -1.47185
7.92703 0.820934
4.48229 1.29391
6.57414 3.18109
7.70507 1.73415
4.53541 1.85291
4.52958 1.80775
4.94912 3.17791
7.6646 1.83153
7.57776 2.01459
4.49255 1.43176
4.52605 1.78134
7.27114 -1.2736
6.64676 3.12841
5.70754 3.53126
7.85501 -0.112572
