7.69351 -0.28052
7.71718 -0.207006
5.50762 3.32153
5.41969 3.29478
5.08391 3.04686
5.11295 3.08155
7.80579 0.189447
7.81824 0.289059
4.61563 1.50819
4.62013 1.55164
4.5932 0.590026
4.59326 0.588423
4.92696 2.80281
4.93922 2.82693
4.66294 -0.0969486
4.65202 -0.0241888
7.52283 -0.682224
7.50955 -0.708049
6.37428 3.14726
6.26599 3.2035
4.74674 2.29628
4.7351 2.24894
5.72977 3.34487
5.71217 3.34518
6.68477 2.93946
6.72325 2.90916
6.87772 -1.53637
6.86211 -1.55136
7.40369 -0.892659
7.39178 -0.91169
7.46596 1.99654
7.45303 2.02066
7.30485 2.26751
7.30254 2.27093
7.6336 1.62755
7.62079 1.66094
7.73066 1.32604
7.74291 1.27964
7.75897 -0.0531907
7.77675 0.0258596
7.63236 -0.444907
7.61262 -0.493406
5.30783 3.2417
5.34556 3.26
5.16666 3.13328
5.2035 3.16837
4.996 -1.37163
5.01446 -1.42122
5.11745 -1.65804
5.08876 -1.59815
6.53039 3.05047
6.56246 3.02919
4.59475 1.23219
4.59845 1.29502
4.64924 1.79208
4.65142 1.80831
6.12139 -2.07375
6.19485 -2.03813
5.76055 -2.17248
5.78623 -2.17266
5.56789 -2.14979
5.58451 -2.15626
4.77819 -0.660988
4.77268 -0.639104
4.8315 -0.862657
4.82002 -0.820679
5.16254 -1.74631
5.18338 -1.78337
4.62153 0.216186
4.61825 0.246782
4.70387 2.10991
4.7078 2.12767
6.25158 3.21022
6.1493 3.25344
6.91205 2.74056
6.85061 2.79939
6.64995 2.96618
6.39561 -1.92117
6.33972 -1.95514
6.79679 -1.6117
6.74334 -1.6581
7.00257 -1.41129
6.92068 -1.49467
7.27722 -1.07999
7.3039 -1.04364
7.83169 0.512556
7.82985 0.444149
4.58622 0.913366
4.58614 0.909611
4.58998 1.10538
4.59206 1.16736
4.91771 -1.14826
4.92532 -1.17304
4.73131 -0.455683
4.74616 -0.524426
5.27765 -1.92862
5.26129 -1.90522
4.59196 0.616217
4.59024 0.654445
7.01317 2.63736
7.0085 2.6424
7.14538 -1.25083
7.14171 -1.25538
7.8072 0.948046
7.80983 0.928024
4.689 -0.247788
4.68709 -0.237249
7.83144 0.610915
7.83087 0.661135
7.72845 -0.168928
7.67803 -0.325306
6.06782 -2.0961
6.09016 -2.088
5.61964 -2.16261
5.6891 -2.17417
7.0493 -1.35966
7.07411 -1.33244
6.40363 3.12959
6.26242 3.20538
7.12576 2.50857
7.12784 2.50605
7.78962 1.05944
7.77371 1.14469
7.3877 2.1351
7.35766 2.18474
7.21608 2.39194
7.24836 2.34814
7.68097 1.49299
7.68962 1.46683
7.65461 -0.388411
7.5996 -0.522493
7.58017 -0.56581
6.58918 3.01102
6.50579 3.06698
4.63734 1.70549
4.63426 1.67997
4.61183 1.47
4.60794 1.42332
5.98714 -2.12713
5.89495 -2.15429
5.9362 -2.14308
5.87497 -2.15802
5.88564 -2.1566
5.59455 -2.15919
5.52628 -2.1351
4.85442 -0.945608
4.95371 2.85186
4.98701 2.91111
5.93274 3.31962
5.98999 3.30505
6.03509 3.29282
6.10284 3.2693
6.13131 3.2598
6.44758 3.10367
5.62805 3.34106
5.66042 3.34383
6.80429 2.83977
6.29723 -1.98175
6.44804 -1.8854
6.89911 -1.51651
7.00404 -1.40972
4.58703 0.980101
4.58701 0.976865
4.58994 1.10386
4.59461 1.22969
4.5926 1.18117
4.8625 -0.972285
4.88832 -1.05581
4.60954 0.339326
4.60128 0.452982
4.63583 0.0952554
4.63034 0.137911
4.78925 2.44766
4.80095 2.48573
4.76508 2.36742
4.76173 2.35562
6.9435 2.70906
7.0006 2.65057
7.23546 -1.13661
7.25147 -1.11615
7.82024 0.831038
7.81673 0.870429
4.58976 1.04036
4.58988 1.10228
4.95169 -1.25224
4.94862 -1.24329
4.62913 1.63987
4.62995 1.64721
4.61353 1.48748
4.80401 -0.762295
4.78771 -0.69873
5.41323 -2.06728
5.42513 -2.07714
4.59832 0.524011
7.54254 1.84301
7.54967 1.8278
4.89726 2.73908
4.8742 2.68471
4.60212 1.35049
4.60275 1.35917
4.65939 1.86415
4.66056 1.87248
5.49613 -2.12073
5.4879 -2.11563
4.8596 -0.962764
5.34498 -2.0063
5.34171 -2.0025
5.14914 -1.72271
5.14133 -1.70871
4.60047 0.464155
4.61163 0.316111
5.86852 3.33116
5.84824 3.3338
4.70908 -0.352345
4.71481 -0.379727
5.21263 -1.83417
5.21513 -1.83774
4.68353 2.00729
4.68209 2.00032
4.85854 2.6492
4.84128 2.60483
6.49477 -1.8538
6.55071 -1.81222
5.01476 2.95461
5.01684 2.95791
4.64258 1.74414
6.24725 -2.00993
6.28634 -1.98763
4.5857 0.845856
4.58626 0.788498
5.40721 3.29012
5.56689 3.33345
5.12043 3.08946
5.06781 3.02589
7.82093 0.317431
7.80076 0.154928
5.04989 -1.51125
5.04966 -1.51069
4.67027 1.93666
4.67027 1.93665
7.45937 -0.799861
7.56472 -0.597984
4.72897 2.22276
4.74957 2.30819
6.83388 -1.57753
7.35428 -0.968728
7.43108 -0.848226
7.42743 2.06663
7.49631 1.93841
7.26099 2.33043
7.30548 2.26656
7.65266 1.5768
7.59875 1.71604
7.75174 1.24292
7.71748 1.37444
7.82638 0.757252
7.82567 0.77322
7.78506 0.0666814
7.74982 -0.0900033
5.20967 3.1735
5.30153 3.23789
5.60884 3.33978
7.82859 0.42052
5.04954 -1.51036
4.98051 -1.33111
5.12973 -1.68465
4.67027 1.93666
4.75389 -0.558823
4.78077 -0.671125
5.20813 -1.82735
5.15274 -1.72907
4.71594 2.16712
4.69467 2.06399
7.45116 -0.814317
5.91745 3.32278
6.69527 -1.69989
6.64938 -1.7366
6.60757 -1.77024
7.31763 -1.02356
7.83227 0.551446
7.58631 1.74532
7.59258 1.73071
5.22343 -1.84978
5.31554 -1.9734
4.76609 2.37078
4.78248 2.42659
7.06938 2.57457
7.81436 0.889142
7.80607 0.957305
4.67063 -0.142268
4.69459 -0.278273
4.81381 2.52541
4.82388 2.55669
4.83986 2.60118
7.16321 2.46141
7.12165 2.51352
7.79807 1.00819
7.76582 1.18235
7.1878 2.42956
7.5032 1.9247
7.40683 2.10277
7.34682 2.20204
7.70713 1.40939
7.65945 1.55695
4.5857 0.853875
4.94586 -1.23501
4.58779 0.716983
4.58761 0.722407
7.1363 -1.26173
7.82509 0.782695
4.63012 1.6487
4.62351 1.58837
5.45285 -2.09494
5.40318 -2.05844
5.81624 3.33842
5.77756 3.34181
5.50305 -2.12471
5.34998 -2.01187
4.62572 0.176938
5.01805 2.95972
5.37774 -2.03749
5.68388 3.34444
6.23903 -2.01431
4.60352 1.36915
4.6444 0.0314341
4.61681 0.263107
4.58633 0.78481
4.58638 0.781205
6.5946 -1.78053
7.1622 -1.22958
4.58697 0.973595
4.59207 1.16767
4.90257 -1.10188
4.59019 0.65557
6.48509 3.08077
4.62248 1.5782
5.97525 -2.1306
