7.65518 -0.24464
7.66387 -0.21764
7.76317 0.229344
7.76829 0.270323
4.64199 1.13249
4.63927 1.0767
5.08956 -1.42982
5.07245 -1.39141
5.03082 -1.28785
5.00274 -1.21212
4.67119 1.54268
4.67214 1.55188
4.71253 1.84948
4.71646 1.87274
6.09366 -2.00036
6.00169 -2.03415
5.63044 -2.05306
5.61169 -2.04959
4.64225 0.618461
4.64474 0.556806
7.0976 -1.22677
7.11928 -1.20148
4.70303 -0.0260884
4.69877 0.00227601
6.66554 2.88117
6.74094 2.82179
6.48486 -1.78521
6.40495 -1.83897
6.82964 -1.50706
6.80611 -1.52966
7.36994 -0.852896
7.3272 -0.921181
7.43434 1.95399
7.39997 2.01811
7.68176 1.33064
7.69414 1.28373
7.71884 -0.0156276
7.72589 0.015713
7.57675 -0.456002
7.57562 -0.458773
5.31409 3.13906
5.28392 3.11791
5.51313 3.23123
5.51865 3.23268
5.14425 -1.55126
5.15175 -1.56578
4.64834 1.26547
4.65009 1.29525
5.89739 -2.05914
5.8021 -2.07121
4.86636 -0.786462
4.86613 -0.785679
4.82667 -0.633541
4.8089 -0.562927
4.63743 0.745757
4.63659 0.783992
4.93794 2.65702
4.91715 2.61242
6.20722 -1.95047
6.23164 -1.93743
4.75528 2.07786
4.76643 2.12827
7.46218 -0.694325
7.48743 -0.645314
6.14043 3.18269
6.16626 3.17178
6.40662 3.05608
6.42143 3.04813
5.89831 3.24694
5.95052 3.23743
6.58145 2.94569
6.8146 2.75759
6.74966 2.81479
6.60383 -1.69931
6.69323 -1.62756
6.5457 -1.74128
6.58962 -1.70982
7.27025 -1.00399
7.30938 -0.947995
7.78431 0.494781
7.78373 0.473141
4.778 -0.429252
4.78468 -0.46021
5.24093 -1.72356
5.2716 -1.76894
6.9574 -1.38129
7.02656 -1.31016
4.7753 2.16692
4.79234 2.23371
7.78378 0.676327
7.78196 0.716093
5.36883 -1.89139
5.37695 -1.89904
7.68918 -0.132163
7.62354 -0.336176
6.00058 -2.03439
6.10442 -1.99679
5.59447 -2.04263
5.60497 -2.0472
5.70559 -2.06873
7.02912 -1.30732
7.03047 -1.30584
7.16376 -1.14717
7.1638 -1.14711
6.25369 3.13571
6.31932 3.10278
7.35667 2.09336
7.37639 2.05963
7.27311 2.22481
7.30135 2.18203
7.18525 2.35047
7.18907 2.34529
7.62994 1.49779
7.65236 1.42999
7.72191 1.16458
7.70475 1.2419
7.77406 0.825852
7.77166 0.853522
7.61717 -0.35336
6.58036 2.94644
6.52409 2.98403
4.6611 1.44133
4.65962 1.42356
5.90093 -2.05881
5.77923 -2.07015
5.52087 -2.01077
5.48024 -1.9848
5.43828 -1.95499
5.4406 -1.95715
6.21787 3.15093
6.34562 3.08993
6.83185 2.74254
6.38811 -1.84887
6.36584 -1.86234
6.90878 -1.43136
4.63714 0.950936
4.63664 0.913307
4.64459 1.2006
4.64322 1.1673
4.93563 -1.01777
4.93929 -1.02961
4.94828 -1.05749
4.97038 -1.1212
5.28491 -1.78879
4.65755 0.367157
4.65365 0.420815
4.68245 0.12165
4.6796 0.143848
4.63908 0.690796
4.64059 0.653625
4.82328 2.34391
4.82944 2.36559
6.94763 2.63007
6.9515 2.62623
7.05929 2.50777
7.07388 2.49074
7.75501 0.980852
7.74844 1.02655
6.18143 -1.96145
4.6392 1.0403
4.6788 1.61317
4.67939 1.61843
4.66562 1.48772
4.64737 0.523213
4.98161 2.7492
5.00224 2.78738
7.48714 1.84822
7.51722 1.78413
5.76917 3.26036
5.81143 3.25812
6.87321 -1.46574
7.57943 1.63764
7.56822 1.66588
6.58092 2.94607
4.65183 1.32155
4.6546 1.35941
4.91033 -0.934751
4.88924 -0.864878
5.21842 -1.6871
5.21429 -1.67969
4.6485 0.491996
4.66507 0.283284
4.67535 0.18234
4.67192 0.213821
4.63751 1.00289
4.63633 0.875208
4.6362 0.823085
5.87336 3.25178
5.84708 3.25521
6.08367 3.20267
6.08288 3.20291
6.85436 2.72171
4.7562 -0.325668
4.7753 -0.416849
5.11698 2.95837
5.1202 2.96256
4.69836 1.75683
4.6964 1.74438
4.72574 -0.164329
4.74598 -0.27339
5.28896 -1.79494
5.29681 -1.80612
4.7494 2.04819
4.73965 2.00091
5.66562 3.25861
5.66231 3.25817
5.41308 3.19385
5.49702 3.22515
5.19463 3.0429
5.17993 3.02738
7.77671 0.358833
7.74954 0.135714
5.04671 -1.33006
5.11096 -1.47918
4.72204 1.90653
4.7062 1.80856
4.80173 2.26804
4.81215 2.30641
6.78524 -1.54788
6.84742 -1.49055
7.32141 -0.929996
7.39636 -0.810042
7.39629 2.02472
7.44379 1.93589
7.22968 2.28831
7.24684 2.26374
7.60089 1.58167
7.70339 1.24746
7.67994 1.33732
7.74409 0.105043
7.69778 -0.100385
5.21637 3.06352
5.38983 3.18249
5.61417 3.25233
5.11346 2.95346
5.05276 2.86986
7.77993 0.402268
5.03617 -1.3025
5.15865 -1.57822
5.19725 -1.64995
4.6865 1.67687
4.68233 1.64359
4.68758 1.68438
4.73521 1.97698
4.86533 -0.782915
4.88383 -0.846716
4.80138 -0.531938
4.84645 -0.711438
4.90313 2.57612
4.88069 2.52112
5.02666 2.82926
4.95731 2.70139
4.76778 2.13481
4.75262 2.06459
7.43458 -0.74444
7.52128 -0.577558
6.03087 3.21861
5.9939 3.2272
5.88219 3.25027
6.70452 -1.61846
6.59674 -1.70451
6.50401 -1.77249
7.24954 -1.03357
7.21822 -1.07697
7.41722 -0.774321
7.78558 0.580791
7.53219 1.75041
7.55611 1.69465
4.84586 2.42042
4.84713 2.42475
6.95346 2.6242
7.01403 2.55886
7.78516 0.610872
7.77922 0.765487
7.76341 0.921165
7.76116 0.940457
4.71709 -0.115961
4.71984 -0.131886
7.13425 2.4163
7.08862 2.47267
7.16383 -1.14708
7.72649 1.14345
7.74585 1.04102
7.47111 1.88152
7.35262 2.10016
7.31549 2.15989
7.1739 2.36557
7.6572 1.41409
7.62238 1.52028
7.76861 0.880067
6.47683 3.01485
6.45465 3.02813
4.85156 2.43854
6.88481 2.69241
4.67283 1.55967
5.82117 3.25766
5.73798 3.26042
6.2543 -1.9251
6.30675 -1.89784
5.32844 -1.84379
5.22755 -1.7032
4.66878 0.243579
6.08732 3.20147
5.67203 3.25911
5.71731 3.26091
4.98895 -1.17486
4.65793 1.40294
7.03458 -1.30118
4.68477 0.104363
7.61354 1.54614
4.66713 0.262288
4.87233 2.49738
6.3658 3.07956
4.94131 -1.03615
5.40606 -1.92687
7.56915 -0.473241
7.52967 -0.560061
6.51822 2.98791
4.85236 -0.73492
5.44352 -1.95962
