6.40907 2.24772
6.38049 2.26264
7.16514 1.24129
7.1681 1.23206
5.18744 0.99708
5.19205 1.06457
5.43722 -0.527765
5.40666 -0.458359
5.53051 -0.703463
5.55914 -0.749643
5.46716 2.03344
5.43787 1.98424
5.92438 -1.05167
5.89991 -1.04129
6.11438 -1.07393
6.11951 -1.07327
7.1255 -0.133739
7.1542 -0.0570588
5.18861 0.541819
5.19307 0.480167
7.25811 0.427608
7.24932 0.346794
6.73364 1.98866
6.74809 1.97366
5.98311 2.36307
6.07164 2.36004
6.11212 2.3549
6.19366 2.33812
5.77055 2.31283
5.77873 2.31686
6.77049 -0.702616
6.81875 -0.647139
6.52911 -0.913505
6.47118 -0.949417
6.68534 -0.787276
6.65914 -0.812006
6.99909 -0.392494
6.95658 -0.461197
7.23684 0.943335
7.23143 0.975152
7.26452 0.688724
7.25862 0.764969
5.37254 -0.372357
5.35451 -0.320191
5.64594 -0.862082
5.63792 -0.851959
5.2465 1.45354
5.22486 1.34493
5.30151 1.66765
5.29594 1.64801
5.20821 1.22862
5.22335 1.3358
5.37474 1.86117
5.40111 1.91864
5.58927 2.18654
5.58382 2.18138
6.81786 1.89036
6.84231 1.86026
7.04899 1.53059
7.04853 1.53151
6.94112 1.71946
6.88417 1.80572
5.73977 -0.95134
5.8141 -1.00162
6.30891 -1.03018
6.24462 -1.04939
7.05559 -0.290281
7.06863 -0.264726
7.20288 0.104369
7.21899 0.170729
5.29356 -0.119228
5.29672 -0.131214
5.23986 0.119515
5.24994 0.0688401
5.18109 0.813856
5.18132 0.83835
5.21272 0.295338
5.22657 0.198446
7.26474 0.684807
7.26583 0.588744
7.12999 1.34141
7.14041 1.31214
7.18966 1.15839
7.19064 1.15479
7.21047 1.079
7.19441 1.14087
7.21862 1.04403
7.21249 1.07137
7.22862 0.992087
7.24616 0.878776
5.2808 -0.067882
6.58957 2.12294
6.60508 2.11067
6.76513 1.95413
6.75368 1.96745
6.66088 2.05977
6.62818 2.08975
5.37758 -0.386647
5.38479 -0.406605
6.85046 1.84972
6.87962 1.81219
5.31259 -0.189437
5.31408 -0.194554
6.35481 2.27584
6.32512 2.28965
7.25124 0.84273
5.27308 -0.0355609
5.26594 -0.00455698
5.18127 0.732789
5.18145 0.708043
6.51859 2.17799
6.50584 2.18646
5.87993 2.34966
5.80659 2.32593
6.88007 -0.571933
6.89126 -0.557647
6.647 -0.822898
6.56868 -0.884117
5.19579 1.11382
5.18368 0.929413
5.4707 -0.599288
5.39631 -0.434318
5.58489 -0.784612
5.49488 -0.64248
5.27219 1.56177
5.25581 1.49385
5.41751 1.94953
5.49086 2.06951
5.66728 2.25214
5.61352 2.207
6.99685 1.62712
6.97398 1.66627
5.83134 -1.01221
5.93363 -1.0539
6.21114 -1.05943
6.11143 -1.07384
7.11376 -0.163162
7.16873 -0.0133487
5.25512 0.0435581
5.18427 0.616115
5.19875 0.417488
7.24203 0.295208
7.26161 0.471501
5.912 2.35477
6.08773 2.35944
6.22675 2.32688
6.30078 2.30086
6.41533 -0.982225
6.35622 -1.00924
5.6794 2.26119
6.7418 -0.732338
6.90121 -0.54391
7.01775 -0.360722
7.09558 1.42758
7.10261 1.41065
5.18196 0.878578
5.205 1.20234
5.34438 -0.290369
5.37566 -0.381353
5.48154 -0.619327
5.64983 -0.866676
5.337 1.76955
5.31319 1.70397
5.22448 1.34293
5.52432 2.11251
5.35381 1.81093
7.05047 1.52745
6.88239 1.8083
5.72203 -0.93569
6.01882 -1.07094
7.07222 -0.257089
7.18948 0.0540471
7.22889 0.219691
5.32799 -0.239459
5.23023 0.175194
5.18102 0.773205
5.207 0.341048
5.18242 0.668394
7.26566 0.568508
6.54885 2.15476
6.57633 2.13367
7.26471 0.685621
7.10954 1.39394
7.16184 1.25225
5.30672 -0.169887
5.29847 -0.138686
7.25476 0.810109
6.45643 2.21794
7.26469 0.686175
6.48604 2.19941
