7.54729 -0.432243
7.53342 -0.464647
5.3187 3.06348
5.34386 3.08029
4.67939 1.15417
4.67462 1.05612
5.1421 -1.42856
5.11565 -1.36921
5.04439 -1.1974
5.04231 -1.19178
4.74951 1.82795
4.7571 1.87293
6.04348 -1.9543
6.01239 -1.96572
5.72966 -1.99411
5.77048 -1.99613
5.38225 -1.8056
5.372 -1.79345
4.70315 0.263503
4.70333 0.261699
4.67735 0.638812
4.68158 0.534178
7.06512 -1.20698
7.08395 -1.18502
6.65177 2.83945
6.69187 2.80787
7.34579 -0.824438
7.33485 -0.84191
7.74945 0.481702
7.74992 0.494391
7.6273 -0.218537
7.62505 -0.225387
5.51728 3.16322
5.59622 3.18401
5.12567 2.87288
5.17035 2.9271
7.7326 0.257959
7.73248 0.256888
5.16753 -1.47831
5.19991 -1.54102
4.68669 1.28928
4.68705 1.29542
4.71632 1.59694
4.71875 1.61622
4.77549 1.97274
4.78053 1.99765
5.82878 -1.99618
5.81353 -1.99811
5.62403 -1.97072
5.57331 -1.94808
4.91922 -0.822135
4.90904 -0.787232
4.86137 -0.613897
4.85578 -0.591703
4.67312 0.766446
4.67275 0.783404
4.93936 2.53357
4.9602 2.58541
5.04882 2.75815
5.06981 2.79033
4.90856 2.45483
4.88894 2.40177
6.37583 3.0203
6.39599 3.00947
6.17783 3.11356
6.18704 3.11039
5.9414 3.18311
5.92922 3.18559
6.60705 2.87376
6.76792 2.74434
6.73577 2.77267
6.61069 -1.63882
6.6543 -1.60383
7.24555 -0.974888
7.27803 -0.92841
7.52968 1.66951
7.49384 1.753
5.31042 -1.71912
5.29473 -1.69591
6.93707 -1.34741
6.92396 -1.3609
4.81711 2.15268
4.83155 2.20927
7.74866 0.687217
7.74974 0.663558
7.56304 1.58523
7.56406 1.58255
4.73999 -0.0187595
4.7338 0.0221087
7.5129 -0.511346
7.58277 -0.344311
5.94243 -1.98103
6.11476 -1.9307
7.07002 2.43606
7.03976 2.47153
7.11453 -1.14809
7.14809 -1.10634
7.01314 -1.26584
7.04588 -1.22969
6.24742 3.08569
6.25448 3.08216
7.41111 1.92273
7.44749 1.85173
7.33317 2.06174
7.35981 2.01618
7.25036 2.1942
7.25972 2.18003
7.13017 2.36053
7.15518 2.32817
7.64462 1.33413
7.62481 1.40274
7.68578 1.16798
7.67574 1.21321
7.73838 0.841038
7.74182 0.801451
7.58923 -0.327201
7.66034 -0.107854
7.47744 -0.586306
7.48269 -0.575563
6.52409 2.93047
6.49506 2.94987
5.91193 -1.9885
5.68663 -1.98518
5.53361 -1.92935
5.4765 -1.89066
4.92256 2.49485
6.31394 3.05311
6.41526 2.99886
6.46134 2.97141
6.81803 2.70064
6.34088 -1.82008
6.31372 -1.8365
6.91583 -1.36927
4.67318 0.929958
4.67296 0.913264
4.68037 1.17978
4.67985 1.16726
4.99276 -1.0533
5.00936 -1.10116
5.26014 -1.64385
5.28661 -1.68355
5.34751 -1.76484
4.69191 0.387075
4.69113 0.397794
4.67607 0.668076
4.67668 0.653038
6.88404 2.63831
6.90852 2.61403
7.71716 1.00464
7.71577 1.0143
6.13687 -1.92055
4.67458 1.04026
5.71747 -1.9928
4.70993 0.202388
4.71058 0.19643
4.68249 0.522642
6.99604 -1.28486
5.77283 3.20032
5.78306 3.19978
6.49826 -1.72097
6.41185 -1.77816
6.83813 -1.44436
7.42226 -0.692728
7.41657 -0.703425
6.56654 2.90248
4.68741 1.30085
4.6917 1.35958
6.26329 -1.86189
6.21438 -1.88736
4.94663 -0.914703
4.94243 -0.900778
4.95372 -0.937971
4.68287 0.511922
4.70022 0.29441
4.67385 1.02395
4.67282 0.896362
4.67257 0.800742
6.08715 3.14575
6.05911 3.15404
6.84051 2.67984
4.78993 -0.306575
4.79376 -0.324888
7.68855 0.0054912
7.68997 0.0114019
4.70494 1.49789
4.70379 1.48789
4.74285 1.78446
4.73657 1.74457
4.78581 -0.284788
4.78855 -0.299515
5.66949 3.19511
5.62907 3.18984
7.56512 1.57956
7.59544 1.49364
7.66095 -0.105739
5.4566 -1.87597
4.97711 -1.00905
7.71237 0.123504
7.71088 0.115194
5.41742 3.12261
5.24993 3.0082
7.74506 0.388464
7.73978 0.332997
5.15576 -1.45615
5.09942 -1.33051
4.69669 1.42061
4.69321 1.37916
4.75909 1.88496
4.74653 1.80875
4.88825 -0.714871
4.89645 -0.743788
6.98093 2.53845
6.97436 2.54552
4.85702 2.30245
4.85775 2.30512
6.74839 -1.52542
6.77873 -1.49893
7.29641 -0.900539
7.35051 -0.816782
7.37281 1.99314
7.40519 1.93403
7.2024 2.26433
7.20605 2.25935
7.6665 1.25093
7.65162 1.3093
7.75042 0.572939
7.74534 0.393541
7.71406 0.133151
5.22135 2.98189
5.45686 3.14043
5.61806 3.1885
5.10134 2.83937
7.74511 0.389205
5.23896 -1.61145
5.24711 -1.62432
5.07813 -1.28093
4.69737 1.42743
4.72365 1.65525
4.71094 1.55206
4.73175 1.71181
4.78248 2.00634
4.87347 -0.661563
4.9268 -0.848272
4.83647 -0.512073
4.71699 0.141438
4.71986 0.119116
4.97453 2.61467
5.03361 2.7325
5.00176 2.67351
4.80614 2.11089
4.79545 2.06503
7.42709 -0.683835
6.22797 3.09396
6.12376 3.13363
5.91783 3.18695
6.03435 3.16151
5.85527 3.19493
5.74887 3.20037
5.70766 3.1981
6.71141 -1.55775
6.5555 -1.67937
6.5108 -1.7127
7.19929 -1.04096
7.19395 -1.04837
7.39238 -0.745057
7.75051 0.602832
7.49335 1.75407
7.52998 1.6688
4.8208 -0.444774
7.75006 0.648333
7.7455 0.752839
4.7521 -0.0961405
4.7628 -0.158251
6.95135 2.56956
7.10256 2.39586
7.18466 -1.06034
7.10375 -1.16118
7.69734 1.11462
7.70659 1.06569
7.44808 1.85053
7.31146 2.09818
7.29241 2.12883
7.216 2.24511
7.62021 1.41757
7.7282 0.92809
7.72058 0.982174
7.73375 0.881375
6.4707 2.96593
4.86049 2.31436
5.42803 -1.8491
5.82482 3.19782
6.37802 -1.79824
6.16041 -1.91053
5.25023 -1.62894
5.01788 -1.12578
6.81306 -1.46848
6.35955 3.02966
7.50237 -0.534504
4.8812 2.37795
