5.93209 2.45062
5.97636 2.45417
6.18715 2.4261
6.19276 2.42414
7.22002 1.24331
7.23157 1.20732
7.30851 0.804108
7.30138 0.879069
5.37485 -0.554702
5.37751 -0.560738
5.46552 -0.739351
5.47096 -0.748119
5.19159 1.48901
5.21297 1.58808
5.40172 2.07573
5.38986 2.0558
5.51707 2.23319
5.57468 2.29271
7.19348 -0.11373
7.1986 -0.100046
5.2038 0.00977285
5.19413 0.059122
5.12544 0.717698
5.12558 0.709364
7.3081 0.377843
7.30655 0.36364
6.77176 2.03824
6.6871 2.12616
6.40254 2.33586
6.41683 2.3273
5.67096 2.36578
5.77068 2.41493
6.84743 -0.710413
6.8642 -0.691144
6.74884 -0.817527
6.70631 -0.857677
7.01357 -0.48267
7.00053 -0.503748
7.30052 0.885249
7.2849 0.977123
5.57396 -0.901831
5.55069 -0.872453
5.24536 1.70393
5.21666 1.60275
5.15456 1.26328
5.16094 1.30844
6.30131 -1.12189
6.32477 -1.11155
5.31426 1.90024
5.32478 1.92317
6.52972 -1.00062
6.50869 -1.01532
6.98089 1.76589
6.97247 1.77865
7.08738 1.57542
7.11889 1.50993
5.91753 -1.15131
5.94952 -1.15764
5.73226 -1.06047
5.71833 -1.04915
6.10794 -1.16744
6.07324 -1.16741
7.08192 -0.361899
7.11071 -0.30547
7.26509 0.12268
7.26576 0.125448
5.22001 -0.069585
5.23613 -0.130837
5.13423 0.510921
5.13383 0.516744
5.16013 0.265456
5.16421 0.236951
6.6474 2.16026
6.61796 2.18619
7.31821 0.631567
7.31868 0.590692
7.2476 1.14926
7.25569 1.11935
7.27654 1.02527
7.27585 1.02914
6.52702 2.25687
6.54123 2.24629
7.30115 0.880803
7.30104 0.881799
7.27819 1.01754
5.2912 -0.328312
5.28796 -0.317782
5.25241 -0.1952
5.25915 -0.2198
5.21949 -0.067501
5.12635 0.91291
5.12619 0.904806
6.56814 2.22531
6.59825 2.20298
6.8379 1.96311
6.80546 2.00086
6.51194 2.26783
6.42976 2.31906
5.12499 0.8309
5.12513 0.848406
5.13197 1.03027
5.32253 -0.417045
5.33086 -0.440128
5.21918 -0.0661892
5.21779 -0.0601799
5.27356 -0.270029
5.26979 -0.256727
6.02605 2.45116
5.87278 2.44361
6.17254 2.42931
6.29429 2.38848
6.62706 -0.928776
6.62028 -0.934075
6.98968 -0.519961
6.93418 -0.599201
5.14081 1.14777
5.13246 1.03787
5.38018 -0.566444
5.34015 -0.465331
5.51719 -0.821996
5.46157 -0.732593
5.21547 1.59842
5.18484 1.45334
6.20432 -1.15205
6.21315 -1.14932
5.35574 1.98944
5.41894 2.10194
5.58764 2.30359
5.48085 2.19158
7.05302 1.64204
7.04335 1.66013
5.82416 -1.11647
5.81635 -1.11212
7.15703 -0.205054
7.23379 0.0057995
5.18847 0.088544
5.20669 -0.00418879
5.12685 0.651569
5.12513 0.774527
5.13877 0.456211
5.14505 0.386977
7.29011 0.247336
7.31685 0.48776
5.78816 2.42061
6.08119 2.4477
5.67082 2.3657
6.78762 -0.776701
6.87626 -0.676346
6.594 -0.953589
7.06041 -0.40202
7.13519 1.47383
7.16054 1.41279
5.14279 1.16683
5.30871 -0.378929
5.42128 -0.652605
5.62924 -0.967076
5.63815 -0.977563
5.64192 -0.981704
5.17129 1.3773
5.26365 1.76082
5.27883 1.80713
6.39984 -1.07809
6.17566 -1.15702
5.30275 1.87262
5.45548 2.15699
6.43116 -1.06053
6.9961 1.74128
6.9209 1.85326
7.0361 1.67295
6.01217 -1.1676
5.84928 -1.1258
7.14326 -0.236178
7.23505 0.00991972
7.28835 0.237191
5.17856 0.145834
5.12708 0.644177
5.14594 0.378748
5.1274 0.637134
7.31804 0.516355
6.60911 2.19364
6.68531 2.12793
7.31616 0.687518
7.20248 1.29969
7.18304 1.35391
7.25779 1.11159
7.23474 1.19576
7.26576 1.07334
5.26349 -0.235776
5.24545 -0.168812
6.68612 2.12714
6.85527 1.94203
6.8712 1.92161
7.3131 0.752034
5.12491 0.783285
5.12584 0.896431
6.30693 2.38279
6.90272 1.87874
7.21087 1.27376
6.32008 2.37626
6.36265 2.35641
7.17052 1.38873
7.31484 0.72552
6.89035 1.8963
5.24115 -0.152275
