7.30184 1.54205
7.33104 1.46826
7.45293 1.03178
7.45826 1.00515
5.05822 -0.214886
5.05207 -0.188448
5.12442 -0.468422
5.13198 -0.493323
5.34811 -1.02654
5.34319 -1.01797
5.45338 -1.19077
5.49878 -1.24749
5.058 1.82498
5.04405 1.76671
5.40512 2.53458
5.35649 2.48104
6.07315 -1.48331
6.10973 -1.47503
5.88586 -1.48473
5.79813 -1.46423
5.11831 2.02684
5.13706 2.07765
5.82847 2.74984
5.74928 2.73656
6.46271 -1.33032
6.55332 -1.27075
6.98139 2.0981
7.02392 2.04019
6.16591 2.71296
6.24717 2.68341
6.42721 2.59678
6.43575 2.59207
7.19705 -0.544631
7.14001 -0.638787
5.54838 2.65316
5.57899 2.67069
7.48893 0.742345
7.49255 0.697839
5.17264 -0.622124
5.18824 -0.665251
5.26206 -0.851704
5.26712 -0.862378
5.58752 -1.33905
5.52284 -1.27708
5.00949 1.60667
5.00361 1.57339
4.97548 1.37898
4.9878 1.4721
4.9499 1.09629
4.94701 1.05507
5.28502 2.38159
5.31689 2.42689
6.26641 -1.4292
6.33257 -1.39912
5.70565 -1.42394
5.78827 -1.46042
5.19194 2.21126
5.17572 2.17603
6.8837 -0.976409
6.92012 -0.93625
6.73387 -1.12505
6.66371 -1.18691
7.22651 -0.490214
7.20856 -0.524188
7.31964 -0.289865
7.30755 -0.319027
7.40355 -0.0518969
7.4134 -0.0174994
7.45796 0.17945
7.46549 0.222586
5.01758 -0.0228598
5.02616 -0.0662997
4.94237 0.895991
4.9426 0.909149
4.94375 0.699364
4.94335 0.713674
4.95886 0.429
4.95684 0.452746
4.98778 0.167523
5.00126 0.0765297
5.95563 2.75262
5.89441 2.75263
6.98058 -0.863031
7.01669 -0.817491
7.35875 1.38817
7.37665 1.33492
7.43426 1.12246
7.4275 1.15574
7.49056 0.459969
7.48685 0.403052
7.49274 0.530884
7.49444 0.597169
5.09169 -0.355551
5.09516 -0.368541
7.4697 0.935474
7.46868 0.943257
6.75009 2.35376
6.79263 2.31206
6.57631 2.49917
6.64245 2.44755
6.96908 2.11374
6.91823 2.17527
6.36538 2.63072
6.37361 2.62692
5.09708 -0.375375
4.94284 0.92254
4.94519 1.02477
4.9413 0.791571
6.51643 2.54052
6.54379 2.52205
7.47246 0.914999
7.47971 0.854876
5.13956 -0.518081
5.15068 -0.554396
7.1013 1.9251
7.11866 1.89804
7.34299 -0.231221
7.35264 -0.206321
7.23216 -0.479178
7.25659 -0.430307
7.34837 1.41971
4.9628 1.26235
4.95703 1.19204
5.06996 -0.26642
5.06594 -0.249346
4.96616 0.350375
4.96893 0.322156
4.94765 0.600039
4.94836 0.583251
7.24083 1.67587
7.24965 1.65784
4.94132 0.778874
7.19078 1.77484
7.19531 1.76627
7.29789 1.55131
7.33602 1.45561
7.49389 0.615343
7.49269 0.694024
7.46147 0.983631
7.44494 1.07825
5.0465 -0.163338
5.30407 -0.939683
5.35463 -1.03732
5.51504 -1.2679
5.432 -1.16235
5.0323 1.71676
5.0838 1.92065
6.66285 2.43118
6.71974 2.38123
5.34074 2.4608
5.45098 2.57993
6.1691 -1.46226
5.98525 -1.49116
5.79474 -1.4633
5.97466 -1.49128
5.15301 2.12042
5.09219 1.94941
7.07313 -0.742015
7.07823 -0.735018
6.84029 -1.0223
6.81142 -1.05234
7.26335 -0.416164
7.29777 -0.341314
7.43432 0.0648265
7.44236 0.0997249
4.94151 0.766004
4.97251 0.288939
4.98079 0.219683
5.69587 2.7213
5.85198 2.75247
6.56162 -1.26516
6.44484 -1.34039
6.973 2.10897
7.0392 2.01819
6.11106 2.72663
6.27315 2.674
7.20087 -0.538014
7.08896 -0.718887
7.26486 1.62522
7.28104 1.58889
5.6476 2.70417
5.4786 2.60265
7.4869 0.776965
5.20025 -0.696918
5.15487 -0.567642
5.225 -0.760991
5.39853 -1.10988
5.2567 -0.839896
5.61561 -1.36399
4.99083 1.4939
5.01156 1.61692
5.0867 1.93127
4.97004 1.33072
5.26438 2.34917
5.23594 2.29821
5.20857 2.24418
5.97864 -1.4916
6.22694 -1.44238
6.36504 -1.38458
5.67572 -1.40517
6.78867 -1.07507
6.95209 -0.898106
6.65271 -1.19557
7.16445 1.8228
7.15809 1.83363
7.22904 -0.485444
7.33066 -0.262811
7.36556 -0.170745
7.37961 -0.130034
7.47529 0.292218
5.01411 -0.00299211
5.02823 -0.076996
4.94548 0.648472
4.9508 0.536788
4.95332 0.49768
4.9625 0.38746
5.00586 0.0477018
6.06011 2.73911
6.00123 2.74769
7.48229 0.352828
7.0606 -0.759781
7.42511 1.16504
7.44423 1.08164
7.49234 0.500173
7.39613 1.2731
7.40752 1.23162
7.44456 1.07993
7.4704 0.931124
6.83807 2.2664
6.56016 2.51064
6.86185 2.24053
6.88556 2.2134
7.07245 1.96987
6.49041 2.55851
6.47009 2.57088
7.48403 0.812594
6.31812 2.65371
7.22156 1.71465
7.17879 1.79714
7.21615 1.72576
6.38128 2.62305
7.38518 1.30878
7.42231 1.17732
