7.69839 -0.285093
7.72397 -0.20565
5.50692 3.33301
5.40715 3.30265
5.07511 3.05238
5.11047 3.09464
7.81122 0.184362
7.8246 0.291447
4.60855 1.50379
4.6135 1.55161
4.92566 2.82091
4.93125 2.83192
4.65582 -0.0925753
4.64606 -0.0275618
7.5303 -0.680735
7.51372 -0.712965
6.37532 3.15556
6.27654 3.20686
4.7378 2.29072
4.72758 2.24916
5.71545 3.35581
5.71152 3.35588
6.68722 2.94689
6.71862 2.92217
6.88385 -1.5401
6.87358 -1.54996
7.40799 -0.897727
7.40001 -0.91048
7.46999 2.00196
7.45979 2.02099
7.30864 2.27262
7.29479 2.29311
7.6361 1.63768
7.62741 1.66031
7.7369 1.32545
7.74773 1.28441
7.76408 -0.0579781
7.78323 0.0271528
7.63945 -0.443493
7.61733 -0.49782
5.30707 3.25416
5.40308 3.30074
5.11204 3.09644
5.19387 3.17441
4.98486 -1.3647
5.00727 -1.42491
5.10332 -1.64925
5.0808 -1.60224
6.53979 3.05313
6.5673 3.03489
4.59186 1.29499
4.59075 1.27598
4.64189 1.78752
4.64468 1.80828
6.10508 -2.09196
6.19311 -2.04928
5.77475 -2.1855
5.78421 -2.18557
5.54391 -2.15613
5.5741 -2.16788
4.77201 -0.664486
4.7712 -0.661245
4.82543 -0.866094
4.8116 -0.815508
5.14282 -1.73168
5.17153 -1.78274
4.61557 0.212733
4.61148 0.250941
4.69732 2.11399
4.70032 2.12759
5.92086 3.33202
5.92579 3.33068
6.22381 3.23145
6.15043 3.26246
6.90699 2.75477
6.85296 2.80651
6.65881 2.96869
6.39443 -1.93156
6.34766 -1.95998
6.79563 -1.62198
6.74961 -1.66193
7.00137 -1.42188
6.92643 -1.49818
7.28586 -1.07872
7.30803 -1.04851
7.83773 0.514821
7.83573 0.440453
4.58006 0.913373
4.57991 0.905998
4.5839 1.10893
4.58586 1.16737
4.91114 -1.15164
4.92032 -1.18152
4.72536 -0.459051
4.73846 -0.519701
5.27519 -1.94434
5.2514 -1.9103
4.5869 0.592327
4.58411 0.654544
4.75716 2.36764
4.76007 2.37859
7.1544 -1.2495
7.1458 -1.2602
7.8135 0.944092
7.81783 0.911014
4.68324 -0.25105
4.67994 -0.23286
7.83751 0.597992
7.83685 0.657379
7.73345 -0.173613
7.68497 -0.323921
6.07637 -2.10394
6.08834 -2.0996
5.63796 -2.17942
5.687 -2.18758
7.05187 -1.36633
7.07967 -1.33583
6.41332 3.13267
6.26347 3.21375
4.83357 2.60775
4.83235 2.60416
7.12807 2.51558
7.13442 2.50792
7.79465 1.06441
7.78046 1.14044
7.3916 2.14036
7.36455 2.18507
7.22001 2.39723
7.25592 2.3485
7.68747 1.49238
7.69436 1.47153
7.65938 -0.392878
7.61084 -0.51233
7.58751 -0.564345
6.59022 3.0193
6.51065 3.0727
4.63112 1.70911
4.62759 1.67994
4.60555 1.47366
4.60135 1.42329
5.98529 -2.13898
5.85703 -2.17356
5.59236 -2.17321
5.51621 -2.14635
4.85305 -0.966055
4.93787 2.84331
4.97886 2.91623
5.99655 3.31267
6.03623 3.30191
6.1171 3.27384
6.13752 3.26702
6.4526 3.10951
5.6335 3.35229
5.65977 3.35454
6.81222 2.84202
6.29603 -1.99232
6.45545 -1.88992
6.89792 -1.52704
7.00959 -1.4131
5.93601 -2.15462
5.93466 -2.15511
4.58089 0.983675
4.58084 0.976873
4.58375 1.10387
4.85318 -0.966489
4.88183 -1.05915
4.60342 0.335779
4.5946 0.457081
4.62989 0.0918914
4.62517 0.128568
4.58704 0.589346
4.77886 2.44119
4.79261 2.48596
6.95061 2.71108
7.01258 2.64759
7.2446 -1.13527
7.25568 -1.12111
7.82649 0.827111
7.82243 0.87257
5.88413 -2.16888
5.8824 -2.16931
4.58345 1.04037
4.58357 1.09863
4.95212 -1.27647
4.94363 -1.25175
4.6069 1.48745
4.79794 -0.765729
4.77342 -0.670075
5.40054 -2.0738
5.42277 -2.09223
4.59206 0.524113
4.58716 0.58653
7.54959 1.84235
7.55381 1.83337
4.88972 2.74381
4.86183 2.67803
4.59578 1.35418
4.59614 1.35914
4.652 1.85955
4.65381 1.87245
5.4814 -2.1283
5.45836 -2.11406
4.85313 -0.966334
5.33381 -2.01204
5.32484 -2.00159
5.14031 -1.72725
5.13884 -1.72462
4.59435 0.460607
4.60481 0.320295
5.8679 3.34128
5.85283 3.34324
4.70307 -0.355745
4.70711 -0.374996
6.24603 -2.02074
6.24598 -2.02077
4.67513 2.00207
4.67476 2.00025
4.85116 2.65383
4.83843 2.62111
6.4936 -1.86413
6.5577 -1.81648
4.99392 2.93985
5.0086 2.96308
4.63586 1.74411
6.24634 -2.02057
6.29314 -1.99387
4.57952 0.842272
4.58 0.79234
5.40646 3.3024
5.55287 3.34224
5.11104 3.09535
5.05462 3.02572
7.82657 0.312155
7.80729 0.157377
5.05029 -1.53404
5.04237 -1.51444
5.20319 -1.83902
5.19911 -1.83174
4.6641 1.9405
4.67165 1.98354
7.46707 -0.798325
7.56896 -0.60298
4.72011 2.21725
4.742 2.30841
6.83989 -1.58119
7.35847 -0.973664
7.42635 -0.86795
7.4314 2.07197
7.503 1.93873
7.26498 2.3358
7.31244 2.26689
7.65919 1.57618
7.60118 1.7259
7.75785 1.24234
7.72226 1.37917
7.83282 0.743558
7.83167 0.769449
7.79029 0.0617922
7.75645 -0.0886802
5.20885 3.18687
5.29104 3.24447
5.60818 3.3506
7.83479 0.422846
5.0381 -1.50325
4.97341 -1.33476
5.12158 -1.68884
4.748 -0.562156
4.77239 -0.665987
5.20564 -1.8433
5.14098 -1.72844
4.66349 1.93659
4.70934 2.17123
4.68728 2.06392
7.45525 -0.819136
6.6941 -1.71017
6.65602 -1.74064
6.62132 -1.76856
7.32594 -1.02234
7.83822 0.547706
7.5932 1.74467
7.59722 1.73531
5.30455 -1.97904
4.75645 2.36479
4.77424 2.42682
7.02615 2.63253
7.07628 2.57653
7.82085 0.885061
7.81162 0.959388
4.66481 -0.145563
4.69289 -0.30367
4.80328 2.51885
4.81686 2.56106
7.16558 2.46859
7.11554 2.53067
7.8046 1.00409
7.77068 1.18715
7.19543 2.42993
7.50729 1.9302
7.41365 2.1031
7.35067 2.20722
7.71349 1.40879
7.66417 1.56162
5.88583 -2.16837
5.97232 -2.1431
4.57953 0.85747
4.58821 1.22831
4.58841 1.2333
4.93602 -1.22889
4.58175 0.713478
4.58132 0.726271
7.13309 -1.27509
7.83073 0.784812
4.62301 1.64428
4.6173 1.59199
5.43849 -2.10232
5.38176 -2.0573
5.81562 3.34862
5.78229 3.35153
4.66282 1.93203
5.50075 -2.13943
5.34756 -2.02736
4.61895 0.181096
5.91496 3.33322
5.01707 2.97577
5.3654 -2.04383
5.70519 3.35572
4.59658 1.36484
4.63925 0.0221393
4.6104 0.263211
4.58015 0.784911
4.58024 0.77765
6.59345 -1.79066
7.1939 -1.19961
4.58077 0.969999
4.58594 1.17123
4.89763 -1.11025
4.58385 0.65946
7.01552 2.64439
6.48613 3.08904
4.62374 1.65082
4.61547 1.57384
5.9846 -2.13918
