7.52954 0.0317832
7.53226 0.0432368
7.50372 1.25377
7.50009 1.26812
5.67771 -1.62758
5.69516 -1.63463
5.15127 -0.912879
5.15268 -0.916593
4.84135 0.78066
4.83966 0.828634
7.16112 -0.80041
7.14226 -0.828296
6.96165 -1.05751
6.98102 -1.03573
7.19667 1.9699
7.20623 1.95455
6.34506 2.79283
6.33033 2.80094
7.55186 0.14069
7.56269 0.204133
7.50219 -0.0734593
7.4962 -0.0958118
7.33487 -0.504259
7.329 -0.516502
7.3739 1.62618
7.35121 1.67731
7.4415 1.45242
7.42106 1.50822
5.53627 2.85172
5.61998 2.88586
5.34034 2.70865
5.4145 2.7739
5.44514 -1.44008
5.42942 -1.42305
5.32674 -1.2762
5.3198 -1.26428
4.84778 1.12629
4.85224 1.20491
4.86989 1.40305
4.87415 1.44249
5.86376 -1.67701
5.8497 -1.67477
5.02013 -0.512375
5.03064 -0.55005
5.08341 -0.72314
5.09285 -0.75039
5.51325 -1.51379
5.56527 -1.55685
5.22896 -1.09233
5.22122 -1.07486
4.95258 1.8931
4.97687 1.99086
4.90722 1.67274
4.91059 1.69052
4.89046 0.111907
4.88556 0.147861
4.85915 0.389465
4.85627 0.417309
4.84196 0.696702
4.84329 0.650327
4.83999 0.863179
4.84101 0.958321
5.26501 2.6225
5.30496 2.66888
5.15853 2.46096
5.15517 2.45494
5.07518 2.28491
5.08199 2.30004
6.24656 -1.60404
6.24901 -1.60285
6.05256 -1.66458
6.01566 -1.66911
5.0088 2.0976
4.98437 2.01865
6.83812 -1.1886
6.86613 -1.16108
7.30408 -0.565312
7.30398 -0.565497
6.15561 2.87305
6.13346 2.87912
5.94605 2.91976
5.94543 2.91985
5.64031 2.89367
5.73837 2.91547
6.64205 -1.36267
6.66842 -1.34091
6.44322 -1.50192
6.46442 -1.48809
7.58707 0.420791
7.58437 0.380819
7.59308 0.604786
7.59317 0.592912
6.62876 2.613
6.60883 2.62825
7.57385 0.890853
7.56977 0.92553
4.98982 -0.400673
4.97125 -0.320931
4.92744 -0.113049
4.93233 -0.138225
7.07526 -0.917416
7.10932 -0.873953
7.18356 -0.766782
7.22366 -0.703675
7.24933 1.88071
7.24884 1.8816
7.55187 1.03542
7.54551 1.0736
6.73752 2.5236
6.747 2.51501
6.91343 2.34936
6.88976 2.37474
7.13682 2.0623
7.11298 2.09766
6.99528 2.2538
7.01083 2.23503
7.48084 -0.143666
7.46367 -0.197792
7.44118 -0.260758
7.44601 -0.247471
7.3991 -0.365673
7.41745 -0.322049
7.34462 -0.484439
7.40884 1.54063
7.45168 1.42352
4.84501 1.08395
4.8566 1.26328
4.86404 0.330729
4.86768 0.293835
4.84138 0.715508
4.84178 0.994302
6.54433 2.67472
6.56429 2.66156
7.53395 1.12614
7.54151 1.09363
7.586 0.771159
7.58088 0.831547
4.96304 -0.284906
4.99565 -0.42349
7.38785 1.59283
7.47258 1.36235
7.46078 1.39758
4.84438 1.04006
4.99873 -0.434953
6.42399 2.75092
6.43844 2.74226
4.85934 1.29622
4.8408 0.733559
4.85146 0.479564
4.85038 0.495758
7.54163 0.0894415
7.52689 0.0197668
5.43761 2.79168
5.51637 2.84102
5.42284 -1.41522
5.37226 -1.34487
4.86184 1.32449
7.5914 0.69184
7.59131 0.697659
4.94864 -0.217377
4.95453 -0.245312
5.06975 -0.682496
5.0521 -0.624394
5.18944 -1.00298
5.1503 -0.910242
4.92858 1.78377
4.94061 1.83891
6.50022 2.70436
6.52373 2.68889
6.82059 2.4463
6.7978 2.46774
5.20908 2.54341
5.16279 2.46789
6.14889 -1.64023
6.13945 -1.6425
7.1188 -0.860501
7.16838 -0.789968
6.99958 -1.01392
6.91135 -1.11325
6.1966 2.85815
6.26171 2.833
5.84153 2.9238
5.9447 2.91988
6.54209 -1.4371
6.56988 -1.41661
7.04315 2.19414
7.0634 2.1673
7.59121 0.513216
7.59045 0.485812
6.28831 2.82042
6.38486 2.77244
7.26456 -0.635619
7.27786 -0.61256
7.57188 0.266256
7.33668 1.70907
5.63612 2.89247
5.32879 2.69665
7.57917 0.326955
5.49616 -1.49631
5.3136 -1.25284
4.88719 1.54531
4.88901 1.55901
4.88816 1.55287
4.89704 1.61174
5.87142 -1.67693
5.76943 -1.66066
5.58896 -1.57553
5.66855 -1.62248
7.59098 0.706116
5.04208 -0.590163
5.01369 -0.48904
5.11753 -0.820333
5.27318 -1.1791
5.23798 -1.11194
4.97929 2.00067
4.90644 0.00451813
4.87492 0.232986
5.24644 2.59858
5.11509 2.37404
5.0672 2.26546
6.34541 -1.55745
6.22209 -1.61324
5.95755 -1.67734
5.0245 2.14478
6.79599 -1.22881
7.03179 -0.97449
7.30477 -0.564001
6.27331 2.82779
6.05021 2.90152
5.77611 2.91976
6.74318 -1.27801
6.35062 -1.55449
6.76106 -1.26161
7.59233 0.660562
6.58714 2.64424
6.6506 2.5967
4.91482 -0.0453012
6.47856 2.71855
7.04639 -0.955582
4.90839 -0.00766104
7.52489 1.17074
7.5257 1.16724
7.48544 1.31915
7.54337 1.08357
7.5586 1.00032
6.82507 2.44197
6.66923 2.58102
6.95565 2.30106
7.07118 2.15648
7.16056 2.02672
7.46066 -0.206843
7.44064 -0.262178
7.42075 -0.313786
7.39197 -0.382378
4.86817 0.28906
4.86165 0.355381
4.85543 0.4274
4.84451 0.605624
4.84641 0.563456
7.57905 0.849262
7.56453 0.963196
7.28408 1.81573
7.29687 1.79108
5.73038 -1.64848
4.87188 0.258956
5.03983 2.19291
7.31989 1.74473
7.50678 1.24254
5.67373 -1.62555
7.21239 1.94417
4.86137 0.358496
4.84365 0.63041
7.31274 1.75983
7.25001 1.87949
7.24594 1.88669
7.37672 -0.416866
7.36452 -0.443098
4.84918 0.519929
4.84757 0.542349
