8.02509 -0.316877
8.04491 -0.252109
4.66987 -1.76944
4.68668 -1.83271
4.25316 1.35826
4.24893 1.30389
4.24273 0.850269
4.24182 0.800029
6.84985 3.29054
6.81148 3.32227
4.36535 -0.431017
4.37424 -0.478924
4.3099 2.06005
4.31325 2.08935
4.87644 -2.56477
4.87417 -2.55438
4.29631 0.00272459
4.29295 0.0297493
7.81541 -0.833801
7.85146 -0.760767
7.82306 2.00376
7.85852 1.92451
5.0341 3.82978
5.0533 3.84027
4.85058 -2.46972
4.85565 -2.48559
7.13559 3.02036
7.20055 2.9522
8.10873 1.08213
8.08961 1.18848
5.24603 -3.11575
5.23163 -3.11776
7.44193 2.65607
7.46313 2.62761
4.63954 3.40251
4.66074 3.44394
8.15508 0.600757
8.1529 0.676355
4.93447 -2.75727
4.91706 -2.6979
5.16263 -3.10485
5.16742 -3.10576
5.07633 -3.04292
5.08815 -3.05527
4.99831 -2.91921
5.02076 -2.95864
4.96646 -2.84291
4.96884 -2.84828
4.71049 -1.92394
4.72192 -1.97335
5.67274 -2.94855
5.66578 -2.95225
4.65606 -1.71081
4.63327 -1.6162
6.64471 3.4542
6.59733 3.4882
5.99115 3.82115
5.99637 3.81908
5.68911 3.90894
5.76416 3.89288
6.24483 3.70587
6.26435 3.69615
6.48489 3.56591
6.48621 3.56509
7.07216 3.08598
7.26056 2.88413
7.21424 2.93737
7.62872 -1.15782
7.66262 -1.10521
7.52775 -1.30741
7.53707 -1.29423
6.99979 -1.91683
7.06557 -1.85154
6.83423 -2.07328
6.87442 -2.03739
4.74539 3.57443
4.74129 3.56881
6.65934 -2.22722
6.64435 -2.23948
7.95179 -0.528854
7.93426 -0.57363
8.15379 0.432314
8.15307 0.414667
4.26689 1.62041
4.26639 1.61414
5.57461 3.92515
5.62855 3.91852
7.6845 -1.06987
7.7384 -0.9777
4.53853 3.16963
4.55199 3.20708
6.95142 3.20069
6.97659 3.17707
4.33244 2.22606
4.33922 2.27247
7.15938 -1.7514
7.20277 -1.70434
5.94956 -2.7724
5.98069 -2.75104
6.03442 -2.71354
6.06324 -2.69253
4.61969 -1.56276
4.57702 -1.38531
4.24148 0.990725
4.24139 0.977271
4.25831 1.48801
4.2582 1.48584
5.87644 3.86137
5.82154 3.87639
4.40695 -0.639316
4.38952 -0.556474
4.25363 0.470734
4.254 0.464464
5.48892 3.93071
5.48638 3.93085
4.34697 2.3146
4.35338 2.36386
4.33732 -0.273488
4.32666 -0.208386
7.90665 1.80875
7.94168 1.71753
7.72661 2.19998
7.76727 2.12059
4.36999 2.47433
4.37334 2.49488
4.40044 2.64296
4.41115 2.69973
5.18255 3.89131
5.18409 3.89184
5.32654 3.92212
5.3446 3.92391
8.06229 1.31591
8.0599 1.32676
7.357 2.76839
7.39694 2.71683
7.48523 2.59639
7.52527 2.53819
6.91847 -1.99535
6.97048 -1.94644
7.60049 2.42143
7.63387 2.36668
4.58607 3.29026
4.59051 3.30166
5.39659 -3.08386
5.43348 -3.07057
4.73626 -2.03322
4.74985 -2.07958
4.79247 -2.24389
4.80434 -2.28727
4.76135 -2.12519
4.76748 -2.14877
7.97322 1.62778
7.97158 1.6325
8.02483 1.46064
8.00289 1.53677
5.86333 -2.82907
5.89805 -2.80668
5.66233 -2.95395
5.74636 -2.90313
6.52112 -2.34269
6.53216 -2.33405
8.06157 -0.192175
7.99313 -0.416713
7.96695 -0.488643
6.66052 3.44202
6.70605 3.40717
6.87675 3.26695
6.91413 3.23411
5.96804 3.82995
5.98752 3.82269
6.04254 3.80017
6.07312 3.78704
5.78569 3.88667
5.65043 3.91569
4.29228 1.91334
4.29451 1.93281
4.3218 2.15387
6.20835 3.72466
6.14613 3.7538
6.43104 3.60017
6.42122 3.60591
7.29121 2.84931
6.74731 -2.15069
6.77752 -2.12489
7.07857 -1.83781
4.74997 3.58007
8.15012 0.72288
8.14527 0.789968
6.32249 -2.49978
6.34158 -2.4854
6.44854 -2.40097
6.46862 -2.38516
6.57068 -2.30138
6.59574 -2.28078
6.70532 -2.18709
4.66161 -1.73376
4.93195 3.76616
4.93438 3.76804
8.15217 0.398453
8.15619 0.543414
4.51841 -1.13775
4.52561 -1.16795
4.49221 -1.02659
4.49575 -1.04182
4.24813 0.585128
4.24771 0.594868
4.44636 2.85801
4.44628 2.8577
4.4866 3.00616
4.47944 2.98274
7.40843 -1.46564
7.42832 -1.44066
7.31163 -1.58292
7.34119 -1.54821
4.44189 -0.802812
4.439 -0.789457
4.46549 -0.910554
4.46667 -0.915662
4.24286 1.09162
4.2431 1.10427
6.18558 -2.60355
6.17275 -2.61334
4.57528 -1.37827
4.57307 -1.36922
4.57592 -1.3808
8.00888 -0.369787
4.88741 3.73046
4.85126 3.69662
8.12947 0.15066
8.12664 0.13023
4.47936 -0.970836
4.48122 -0.978741
4.24482 0.723267
4.24225 0.773762
7.05233 3.10559
7.0137 3.14231
6.74758 3.37474
6.77121 3.35522
4.306 2.03425
4.30187 1.99643
4.28377 1.82145
4.28219 1.80559
4.26804 0.271111
4.26789 0.272787
5.33738 -3.10284
5.34231 -3.10179
4.83566 -2.40989
4.82997 -2.38965
8.13664 0.871411
8.14232 0.82245
8.1274 0.954155
8.13191 0.919543
4.52264 3.12521
4.51709 3.10746
5.49759 -3.04123
5.51661 -3.03258
5.65286 -2.95908
5.6022 -2.9866
5.81098 -2.8632
8.07933 -0.123303
7.92815 -0.58853
7.9226 -0.602466
6.54116 3.52816
6.54295 3.52687
8.15607 0.565548
4.28073 1.79107
4.27661 1.74199
7.26005 -1.64203
7.24244 -1.66179
5.93748 -2.78062
5.92178 -2.79112
8.13196 0.168425
8.13739 0.21742
4.69932 -1.88386
4.24792 1.23126
4.24822 1.28522
6.32011 3.66579
6.35678 3.64427
7.30792 2.82851
7.32693 2.80587
4.79323 3.63516
4.83322 3.67881
6.20906 -2.58597
6.26595 -2.54328
8.14394 0.283665
8.14255 0.268873
4.24872 1.29476
4.25479 1.41603
4.24219 0.78677
4.24146 0.900305
4.26184 1.54854
4.2604 1.52482
4.38537 -0.535608
4.36223 -0.414266
4.90418 -2.66237
4.89379 -2.62243
4.86874 -2.53336
4.85906 -2.49679
4.28104 0.137613
4.3087 -0.0899434
4.25879 0.38987
4.26606 0.295748
7.87152 -0.717632
7.79633 -0.870888
5.29999 -3.11172
7.86641 1.90611
7.81385 2.02382
4.37466 2.50199
4.39147 2.59779
4.50936 3.08188
4.49746 3.04516
5.25392 3.90952
5.18669 3.89251
8.11358 1.05224
8.0861 1.20621
5.22435 -3.11769
7.29621 -1.60104
4.67073 3.45999
4.62409 3.37406
4.56307 3.23528
4.57243 3.25807
5.58407 -2.99721
5.52211 -3.03006
4.94505 -2.78296
5.11446 -3.07879
5.1621 -3.10464
5.06991 -3.03259
5.03505 -2.98786
4.99185 -2.90142
4.9657 -2.84144
8.1453 0.298099
8.10871 0.0152977
8.11382 0.043242
8.10153 -0.0216997
7.75307 -0.951214
7.90326 -0.646733
7.67766 -1.0812
7.6131 -1.18208
7.57869 -1.23315
7.51049 -1.3317
6.38618 -2.4505
6.40509 -2.43597
4.50521 -1.08224
4.51056 -1.10489
4.26206 1.55166
4.27126 1.6783
4.46563 2.93155
4.46234 2.92026
7.36101 -1.52414
7.38522 -1.49475
5.93874 -2.77974
5.98572 -2.7478
6.02201 -2.72182
6.08313 -2.67889
4.53177 -1.19313
4.54867 -1.26369
4.24155 0.927182
4.24189 1.04077
4.2554 1.42712
4.26194 1.54999
4.34668 -0.325665
4.41921 -0.700155
4.25781 0.402906
4.25047 0.529672
5.43415 3.93008
5.493 3.93047
5.40207 3.9294
4.3151 -0.134333
4.27965 0.150832
7.77651 2.10171
7.90119 1.82248
7.94383 1.71169
7.71886 2.21489
4.35729 2.39067
4.42963 2.78604
4.93689 3.76973
4.99228 3.80649
5.08617 3.855
5.1173 3.8686
5.30841 3.91903
8.05946 1.32862
8.02969 1.44333
7.54753 2.50489
7.5836 2.44859
7.42177 2.68438
7.45405 -1.4074
7.47529 -1.37987
7.68097 2.28461
7.64119 2.35426
4.61162 3.34603
4.70098 3.51089
4.55954 3.22712
4.81089 -2.31462
4.78621 -2.21805
4.82252 -2.3565
7.97332 1.62748
8.00063 1.54406
5.90096 -2.80484
5.83497 -2.84705
6.09743 3.77696
6.29033 3.68198
4.44582 2.85586
4.43301 2.80223
6.27809 -2.53443
6.51057 -2.35136
6.63059 -2.25135
4.27222 1.68948
4.24608 0.648983
4.42948 -0.746745
4.45264 -0.852566
4.45404 -0.859056
4.24468 1.15617
6.10413 -2.66296
4.24515 1.17909
4.24526 0.671026
5.37682 -3.09146
5.44818 -3.06436
4.42522 -0.726352
6.36692 3.63828
7.67842 2.28916
4.77366 -2.17378
5.82568 -2.85316
8.09028 -0.0768818
6.11856 3.76693
4.29713 1.95454
4.4315 2.79505
6.51832 3.54357
