5.93759 2.44769
5.97661 2.45083
6.18739 2.42292
6.18924 2.42227
7.21791 1.24324
7.23002 1.20551
5.13408 1.03003
5.13418 1.03154
7.2994 0.879121
7.30666 0.802661
5.37523 -0.549099
5.3798 -0.559475
5.46801 -0.737977
5.4764 -0.751501
5.19359 1.48772
5.21334 1.57919
5.40423 2.07411
5.39028 2.05068
5.51981 2.23143
5.57503 2.28847
7.19088 -0.114497
7.1969 -0.0983998
5.20627 0.00810727
5.19627 0.0591086
5.12746 0.716453
5.12758 0.709317
7.30618 0.379749
7.30436 0.362994
6.68659 2.12327
6.77086 2.03577
6.40278 2.33262
6.41553 2.32499
5.67478 2.36375
5.77099 2.41117
6.84198 -0.713001
6.86246 -0.689459
6.74963 -0.813326
6.70451 -0.855927
7.01475 -0.476417
6.99885 -0.502118
7.29913 0.881314
7.28285 0.977047
5.57671 -0.900308
5.55101 -0.867849
5.24751 1.70254
5.21969 1.60448
5.15662 1.26195
5.16338 1.30984
6.3017 -1.11848
6.32239 -1.10936
5.31658 1.89875
5.32877 1.92533
6.5273 -0.999143
6.5096 -1.01152
6.97937 1.76411
6.96909 1.77968
7.08591 1.5737
7.1162 1.51076
5.91779 -1.14751
5.95508 -1.15488
5.73253 -1.05645
5.72158 -1.04754
6.10819 -1.16387
6.06832 -1.16382
7.07909 -0.362733
7.1091 -0.30391
7.26271 0.121978
7.26397 0.127182
5.22282 -0.0714862
5.23845 -0.130852
5.13613 0.511998
5.13589 0.515472
5.16215 0.2666
5.1666 0.235476
6.64525 2.15886
6.61394 2.18645
7.31616 0.633606
7.31665 0.590617
7.24174 1.16309
7.2532 1.12071
7.27461 1.0252
7.27414 1.02781
6.52478 2.25542
6.53664 2.24659
7.27572 1.01999
7.29921 0.880731
5.29161 -0.322181
5.29028 -0.317866
5.25313 -0.18932
5.26117 -0.218653
5.22184 -0.0675156
5.12834 0.911683
5.1282 0.904759
6.56584 2.22382
6.5985 2.19959
6.84002 1.95706
6.80348 1.99958
6.51218 2.26457
6.42706 2.31764
5.12703 0.832062
5.12716 0.847155
6.6848 2.12503
6.68399 2.12577
5.1335 1.01953
5.32463 -0.415881
5.33343 -0.440221
7.29926 0.880406
5.22124 -0.0650162
5.21861 -0.0535665
5.27553 -0.268943
5.27209 -0.256811
6.0204 2.44817
5.87305 2.44007
6.18256 2.42398
6.29453 2.3853
6.62782 -0.924721
6.6183 -0.932162
6.98561 -0.521888
6.93256 -0.597635
5.14291 1.14647
5.38439 -0.569283
5.34225 -0.464171
5.51966 -0.820633
5.46192 -0.727553
5.21764 1.59701
5.18737 1.45478
6.20471 -1.14864
6.21047 -1.14686
5.35804 1.98795
5.42448 2.10492
5.59069 2.30162
5.48121 2.18709
7.05023 1.64289
7.04135 1.65952
5.82443 -1.11264
5.82013 -1.11025
7.15537 -0.20345
7.23129 0.00506616
5.19093 0.0868834
5.20882 -0.004202
5.12887 0.65032
5.12714 0.774479
5.13884 0.479362
5.14711 0.388145
7.28827 0.249169
7.31473 0.487137
5.79266 2.41822
6.08144 2.44434
5.67115 2.36169
6.78596 -0.775088
6.8772 -0.671379
6.58141 -0.959562
7.05883 -0.4005
7.13368 1.47206
7.15832 1.4127
5.14517 1.16819
5.31127 -0.379022
5.42354 -0.651358
5.63779 -0.972396
5.64089 -0.976046
5.64221 -0.977487
5.17333 1.37598
5.26683 1.76264
5.28097 1.80575
6.40023 -1.07466
6.18599 -1.15189
5.30324 1.86673
5.45797 2.15538
6.42841 -1.05886
6.99793 1.73407
6.91943 1.85154
7.03468 1.6713
6.01242 -1.164
5.83825 -1.11777
7.14054 -0.236979
7.23331 0.0116097
7.28607 0.236521
5.18054 0.146958
5.12906 0.64413
5.14828 0.377305
5.12934 0.638233
7.31604 0.518352
6.607 2.19228
6.6828 2.12684
7.31419 0.687445
7.20096 1.29792
7.18036 1.35536
7.25618 1.10971
7.23234 1.19706
7.26377 1.07326
5.26634 -0.237702
5.24742 -0.167689
6.85439 1.93962
6.86757 1.92272
7.31093 0.754185
5.12695 0.782024
5.1279 0.897603
6.30555 2.38034
6.9005 1.87806
7.20832 1.27514
6.31701 2.37464
6.36129 2.354
7.169 1.38696
7.31292 0.724013
6.88887 1.89457
5.2439 -0.154132
