6.14446 0.962431
6.15046 0.968087
6.03526 0.763856
6.03521 0.7633
6.3987 0.49421
6.42051 0.561418
6.05558 0.529276
6.06779 0.483745
6.37083 0.863383
6.32071 0.925927
6.41839 0.735941
6.40333 0.807288
6.29599 0.353614
6.33117 0.373534
6.16102 0.364038
6.21375 0.3332
6.1678 0.969203
6.13564 0.950883
6.03205 0.642085
6.03566 0.765768
6.4237 0.623707
6.38138 0.444328
6.09127 0.434345
6.03631 0.597544
6.27675 0.96719
6.38941 0.834689
6.07947 0.867688
6.03272 0.631508
6.42566 0.697888
6.25031 0.333741
6.11367 0.39707
