6.37802 2.66704
6.33693 2.68718
5.54496 2.70922
5.53127 2.70063
7.4812 1.03282
7.48287 1.02446
5.0307 -0.230083
5.02075 -0.187314
5.09581 -0.48422
5.0982 -0.4921
5.02861 1.84397
5.00474 1.74427
6.7465 2.40224
6.6723 2.46681
4.91239 0.779504
4.91223 0.784061
5.365 2.55976
5.35187 2.5453
6.06744 -1.53354
6.15251 -1.51429
5.87978 -1.53827
5.87082 -1.53617
5.08696 2.0471
5.08856 2.05146
6.9117 -0.993473
6.90441 -1.00167
5.77389 2.79156
5.74621 2.78692
7.01735 2.09894
7.04874 2.0562
7.13786 1.92317
7.14352 1.91408
7.19075 -0.612617
7.162 -0.660081
7.51653 0.743362
7.51857 0.718256
5.16704 -0.705733
5.15866 -0.681583
5.31512 -1.04476
5.3383 -1.08896
5.23154 -0.868554
5.21611 -0.830656
5.41527 -1.21181
5.39818 -1.18493
5.54256 -1.36388
5.51846 -1.34078
4.98133 1.62486
4.99789 1.71239
4.94742 1.39711
4.95485 1.45329
4.91625 0.651075
4.91631 0.649138
4.91341 0.905736
4.91349 0.913802
5.24932 2.40399
5.23848 2.38454
5.15924 2.23216
5.16955 2.25509
6.26084 -1.47822
6.23286 -1.48808
5.6992 -1.48068
5.73402 -1.49605
6.7456 -1.15995
6.76421 -1.14355
7.24757 -0.510606
7.22829 -0.547098
7.3418 -0.311321
7.33576 -0.325886
7.4365 -0.0422001
7.43702 -0.0403656
7.48856 0.188458
7.49032 0.198545
4.92797 0.448076
4.92751 0.45344
4.96075 0.15216
4.96899 0.0964509
6.15432 2.76057
6.16261 2.7583
5.95277 2.79945
5.97657 2.79611
6.45729 -1.37808
6.36717 -1.42881
6.65634 -1.2369
6.58593 -1.29063
7.39431 1.3688
7.40535 1.33598
7.46252 1.1235
7.45951 1.13831
7.51669 0.43395
7.51474 0.40408
7.52034 0.552536
7.52151 0.598167
5.00811 -0.127995
4.99767 -0.0742657
7.04319 -0.834197
7.04348 -0.833823
7.42958 1.25541
7.42003 1.2898
6.82043 2.33
6.75967 2.38955
6.95097 2.18513
6.9449 2.19248
6.40493 2.65165
6.44519 2.62875
7.35643 1.47944
7.36776 1.44825
4.91886 1.08142
4.91631 1.04245
4.91899 0.583755
4.91898 0.584143
4.91428 0.714322
4.91613 1.0374
6.54863 2.5613
6.57293 2.54489
7.50512 0.874814
7.50072 0.911361
5.0679 -0.383597
5.05927 -0.349853
7.18702 1.84051
7.19781 1.82146
6.32386 2.69386
6.28108 2.71332
4.91628 1.03998
5.11099 -0.533857
5.1169 -0.553173
7.37778 -0.220983
7.38081 -0.213167
7.26923 -0.468265
7.28478 -0.437161
7.37721 1.42077
4.93451 1.28063
4.92577 1.17419
5.04261 -0.281523
5.03476 -0.248217
5.08543 -0.448884
4.9385 0.334655
4.93965 0.322849
7.26076 1.69913
7.27689 1.66617
6.39187 2.65942
4.91234 0.775029
7.21049 1.79785
7.23338 1.75459
7.33622 1.53043
5.44688 2.63954
5.62913 2.7502
7.52037 0.636115
7.51947 0.695011
7.48882 0.984638
7.47842 1.04893
5.01883 -0.178622
5.27151 -0.95766
5.29179 -0.998242
5.47521 -1.28989
5.42735 -1.22981
5.00276 1.73584
5.04301 1.89737
6.65941 2.47773
6.74886 2.40002
5.30403 2.48384
5.40358 2.59791
6.16346 -1.51193
6.02486 -1.53735
5.78855 -1.5178
5.88898 -1.53895
5.1218 2.14058
5.08471 2.04046
7.08553 -0.774188
7.10305 -0.750145
6.91888 -0.985039
6.83934 -1.06935
7.29997 -0.405383
7.31968 -0.36253
7.46613 0.0741886
7.4666 0.076251
4.945 0.273305
4.94907 0.239271
5.64708 2.7586
5.84908 2.79998
6.5562 -1.31285
6.48115 -1.36252
7.08486 2.00419
6.99795 2.12507
6.26986 2.71846
6.16753 2.75651
7.13993 -0.694721
7.22199 -0.558461
7.28501 1.64875
7.31118 1.59
5.64434 2.75763
5.4356 2.62963
7.51423 0.782526
5.12645 -0.583335
5.15313 -0.665118
5.19481 -0.777658
5.36287 -1.12957
5.25148 -0.915752
5.61141 -1.425
4.963 1.51188
4.97668 1.59701
5.05741 1.9502
4.93786 1.31235
5.25927 2.42018
5.20213 2.31942
5.15153 2.21338
5.97285 -1.54263
6.26425 -1.47663
6.35953 -1.43308
5.62164 -1.43201
6.77448 -1.13418
6.97834 -0.914104
6.68321 -1.21416
7.25726 -0.492306
7.35878 -0.269646
7.39988 -0.160644
7.40272 -0.152412
7.50472 0.300881
4.99386 -0.0537978
4.98495 -0.00281091
4.9223 0.520593
4.92255 0.516677
4.93322 0.388153
4.97919 0.0325501
6.05736 2.78434
5.93242 2.80028
7.50779 0.327439
6.50481 2.59112
6.52371 2.57853
7.04253 -0.83507
7.45237 1.16605
7.46738 1.10359
7.51967 0.50118
7.41766 1.29823
7.44113 1.21331
7.47155 1.08092
7.49493 0.950371
6.8344 2.31596
6.59124 2.5307
6.88814 2.2575
6.94173 2.19617
7.0974 1.98596
4.91929 0.577698
4.91634 0.647262
6.4871 2.60321
7.51286 0.797333
7.51066 0.82062
7.24889 1.72301
7.23618 1.74914
7.32208 1.56568
7.17926 1.8538
7.44403 1.20267
6.4571 2.62163
