7.28851 1.52649
7.30621 1.48178
7.47464 0.683787
7.47643 0.633744
7.43481 1.03111
7.44247 0.992767
5.07587 -0.205139
5.07216 -0.189175
5.14277 -0.458289
5.15364 -0.494107
5.37099 -1.01391
5.34641 -0.97111
5.47876 -1.17675
5.52571 -1.2354
5.07686 1.8128
5.06927 1.78111
5.43085 2.51844
5.37735 2.45953
6.0768 -1.45109
6.0823 -1.44985
5.88976 -1.45039
5.84641 -1.44026
5.13842 2.01385
5.16817 2.09444
5.75125 2.70426
5.82702 2.71697
6.46631 -1.29863
6.53017 -1.25664
7.00269 2.03715
7.008 2.02992
6.16807 2.6837
6.21528 2.66653
6.41514 2.5753
6.43792 2.56274
7.16565 -0.559521
7.1259 -0.62513
5.55062 2.61644
5.61064 2.65083
7.47123 0.741693
7.47403 0.707174
5.17631 -0.567435
5.20778 -0.654459
5.28305 -0.840114
5.30467 -0.885735
5.61635 -1.32313
5.60884 -1.31594
5.02857 1.59434
5.00912 1.48427
4.99348 1.36735
5.00767 1.47466
4.9723 1.13929
4.96721 1.0666
5.30855 2.36683
5.3595 2.43924
6.27 -1.39762
6.31075 -1.37909
5.21351 2.19733
5.17996 2.12444
6.86545 -0.96528
6.93033 -0.893726
6.7144 -1.11319
6.67255 -1.15009
5.70975 -1.38751
5.69003 -1.37399
7.30543 -0.276103
7.28945 -0.314628
7.38242 -0.0581162
7.39826 -0.0028335
7.43833 0.173673
7.44957 0.238006
5.03588 -0.0137345
5.04628 -0.0664247
4.96129 0.884309
4.96171 0.908697
4.96302 0.687468
4.96229 0.713226
4.97868 0.416765
4.97566 0.452301
5.00513 0.177378
5.02195 0.0637527
5.86498 2.72194
5.9575 2.72193
6.93965 -0.882439
6.99947 -0.806996
7.33594 1.4006
7.35824 1.33424
7.41614 1.12179
7.40821 1.16085
7.4738 0.476657
7.46895 0.402392
7.47504 0.516997
7.47708 0.59653
5.09598 -0.291517
5.11383 -0.358234
7.45113 0.93479
7.44721 0.96463
6.75241 2.32251
6.7748 2.30056
6.57854 2.46905
6.62255 2.4347
6.93397 2.1245
6.90113 2.16424
6.33713 2.61577
6.36112 2.6047
5.12368 -0.39333
4.96216 0.933518
4.96399 1.01316
4.96045 0.802453
6.49578 2.5272
6.49916 2.52492
7.40038 1.19044
7.40658 1.16714
7.4617 0.856278
7.46341 0.842088
5.15788 -0.507962
5.17234 -0.555181
7.07307 1.93375
7.10263 1.8877
7.32069 -0.237788
7.33458 -0.20193
7.2385 -0.425911
7.22865 -0.445614
7.32987 1.41903
4.98095 1.25062
4.97708 1.20348
5.08751 -0.256733
5.08593 -0.25007
4.9839 0.360457
4.98771 0.321712
4.96604 0.610488
4.96721 0.582806
7.22805 1.66094
7.23218 1.65249
7.17759 1.75943
7.17429 1.76559
5.03257 0.00410481
5.02551 0.0417339
4.96048 0.778421
7.07149 -0.710518
7.06262 -0.723554
7.27189 1.56547
7.32266 1.44001
7.47691 0.602021
7.47446 0.693352
7.44394 0.982984
7.42886 1.06564
5.06426 -0.153535
5.32495 -0.928153
5.40355 -1.06775
5.54256 -1.2527
5.43501 -1.11858
5.05125 1.70451
5.09585 1.88322
6.66512 2.40054
6.70094 2.36909
5.36479 2.44571
5.45377 2.5411
6.17271 -1.43041
6.06361 -1.45227
5.79882 -1.42732
5.93364 -1.45363
5.17303 2.10749
5.11227 1.93634
6.78566 -1.04821
6.7932 -1.04123
7.23986 -0.423079
7.28371 -0.327706
7.41392 0.0588219
7.42681 0.114781
4.96086 0.75406
4.99016 0.298966
5.00114 0.20712
5.72717 2.69738
5.85387 2.72141
6.56527 -1.23301
6.41955 -1.32498
6.95585 2.09791
7.00991 2.02717
6.07416 2.7071
6.27531 2.64478
7.05385 -0.735539
7.18623 -0.523843
7.25194 1.61013
7.26171 1.58818
5.64969 2.66988
5.50697 2.58485
7.46994 0.76366
5.23202 -0.718358
5.1731 -0.557577
5.24435 -0.750302
5.4214 -1.09725
5.26016 -0.78964
5.6183 -1.32486
5.00878 1.4823
5.03594 1.63083
5.10638 1.91855
4.99068 1.3425
5.26772 2.3027
5.25762 2.2846
5.2479 2.26542
5.9825 -1.45767
6.20267 -1.42011
6.3686 -1.35318
5.71052 -1.3879
6.79789 -1.0367
6.93526 -0.887846
6.63133 -1.18254
7.15105 1.80716
7.13056 1.84208
7.21015 -0.480854
7.31263 -0.258427
7.34355 -0.177224
7.36478 -0.115681
7.45641 0.286661
5.05136 -0.0926076
5.03388 -0.00311497
4.96436 0.648025
4.96908 0.547175
4.97305 0.485496
4.98128 0.387016
5.02296 0.0574198
6.06188 2.71011
6.0477 2.71217
7.46593 0.369113
7.40725 1.16438
7.42314 1.09313
7.47481 0.499527
7.38225 1.25689
7.38596 1.24337
7.42579 1.07923
7.45381 0.91811
6.84042 2.23461
6.53912 2.49707
6.84498 2.22965
6.84953 2.22444
7.05646 1.95954
6.49257 2.52942
6.44567 2.55796
7.46443 0.832109
6.30546 2.63119
7.20403 1.70929
7.19826 1.72057
7.20331 1.71076
6.38347 2.59341
7.36252 1.32112
