5.97308 2.49843
5.88408 2.49128
6.18404 2.4681
6.23933 2.44878
6.99955 -0.557104
7.02129 -0.523843
7.24781 1.24434
7.25202 1.2312
7.33288 0.823234
7.33032 0.850264
5.16507 1.50615
5.1816 1.58274
5.48086 2.25659
5.49444 2.27062
7.29334 0.130996
7.28731 0.104585
5.17117 0.0317955
5.16578 0.0592981
5.09877 0.734167
5.09917 0.709989
5.13394 0.250569
5.13323 0.25608
6.78375 2.07095
6.74881 2.10723
5.86126 2.48827
5.76702 2.46264
6.39937 2.37869
6.43405 2.35793
6.73838 -0.873082
6.7302 -0.880803
6.90984 -0.680823
6.88556 -0.711828
5.11168 1.1299
5.11304 1.14985
7.31465 0.962379
7.31197 0.978121
5.27795 -0.383643
5.27312 -0.368228
5.37017 -0.624529
5.34984 -0.576014
5.43548 -0.755938
5.41311 -0.712142
5.53862 -0.921345
5.54655 -0.932554
5.21693 1.7223
5.20865 1.69312
5.1274 1.28083
5.1287 1.29004
6.29619 -1.16698
6.35631 -1.1405
6.10377 -1.21367
6.12622 -1.20974
5.28505 1.91912
5.27691 1.89732
5.37033 2.09601
5.38452 2.12081
5.63093 2.39163
5.57027 2.34646
6.56168 -1.0201
6.49662 -1.06558
6.99975 1.78791
7.0131 1.76619
7.1068 1.59808
7.15445 1.49903
5.72859 -1.11368
5.67544 -1.07044
5.91415 -1.20036
5.88349 -1.19041
7.11939 -0.350873
7.13202 -0.326102
7.22555 -0.10429
7.21982 -0.120593
5.10915 0.49667
5.10659 0.53356
7.33176 0.354282
7.3337 0.371632
6.67592 2.17865
6.67124 2.18277
6.81064 2.04112
6.83085 2.01725
7.34529 0.604607
7.34543 0.591678
7.30203 1.02621
7.29834 1.04679
6.55675 2.27605
6.59494 2.24762
7.32613 0.881723
7.32397 0.899794
7.31083 0.985045
5.25727 -0.316671
5.20798 -0.140097
5.20577 -0.130648
5.10008 0.929134
5.09961 0.905435
7.28251 1.11687
7.28614 1.10277
6.89385 1.9394
6.90731 1.92197
7.33671 0.779847
7.33957 0.744927
6.50875 2.31092
6.46542 2.33793
5.18719 -0.0474333
5.19139 -0.0673264
5.09794 0.81553
5.09834 0.864945
5.10415 1.01439
5.29465 -0.432439
5.29698 -0.438901
5.24754 -0.284398
5.23938 -0.255626
6.05148 2.49367
5.86934 2.49009
6.09503 2.48766
6.29117 2.43057
7.03754 -0.497266
6.95556 -0.619908
7.34425 0.497939
7.34484 0.521287
5.31237 -0.480669
5.33343 -0.534888
5.48456 -0.840017
5.45719 -0.796285
5.18894 1.61555
5.15149 1.4343
6.19921 -1.19709
6.24855 -1.1818
5.32543 2.00902
5.35561 2.06774
5.5501 2.32785
5.47597 2.25098
6.64846 -0.953005
6.61502 -0.981069
7.08997 1.63071
7.06991 1.66826
5.82068 -1.16708
5.76641 -1.13691
7.17768 -0.228909
7.17889 -0.226223
7.31275 0.225209
7.26339 0.0145134
5.15594 0.110502
5.17858 -0.0040141
5.10009 0.66809
5.09855 0.775156
5.13813 0.22154
5.11984 0.37265
5.73499 2.44888
6.07796 2.49136
5.66676 2.41522
6.86487 -0.736855
6.80966 -0.798039
6.7108 -0.898204
7.08117 -0.422126
7.15525 1.49725
7.18987 1.41387
5.39142 -0.669091
5.52649 -0.90317
5.60182 -0.997622
5.63808 -1.03747
5.14443 1.39466
5.22159 1.73681
5.25063 1.82536
5.12233 1.23933
6.3947 -1.12339
6.05878 -1.21503
5.29662 1.94736
5.42263 2.17822
6.4674 -1.08262
6.97431 1.82697
6.9404 1.87603
7.05486 1.69485
6.00889 -1.21519
5.96186 -1.20771
7.17901 -0.225946
7.25616 -0.0105176
7.17914 -0.225617
7.31616 0.245379
5.1524 0.130966
5.10081 0.644798
5.11749 0.396317
5.10184 0.622609
5.11865 0.383767
7.34398 0.490529
6.63698 2.21163
6.68193 2.17352
7.34422 0.494714
7.34222 0.688478
7.22257 1.32315
7.21846 1.33461
7.27835 1.13559
7.2665 1.17845
7.29206 1.07431
5.21931 -0.183666
5.22646 -0.210783
6.71205 2.14388
6.60109 2.24246
6.91839 1.90714
6.86695 1.97389
7.34097 0.724281
5.09791 0.799953
5.09858 0.880941
6.32518 2.41527
5.28584 -0.408146
6.93206 1.88771
5.11401 1.16465
7.24447 1.25545
6.36058 2.3977
6.38061 2.38836
7.19058 1.41216
5.19425 -0.080353
6.84152 2.00476
5.233 -0.234407
