7.65318 -0.242764
7.66109 -0.218196
7.76094 0.23143
7.76568 0.269343
4.64472 1.13407
4.64186 1.07519
5.09493 -1.43316
5.07561 -1.38979
5.0353 -1.29063
5.00563 -1.21064
4.67409 1.54449
4.67486 1.55189
4.71524 1.8479
4.71943 1.87275
6.08999 -1.99699
6.00247 -2.02915
5.62239 -2.04568
5.61259 -2.04386
4.64481 0.619948
4.64743 0.555152
7.09522 -1.22532
7.11816 -1.19857
4.7026 -0.00559748
4.70121 0.0036598
6.66453 2.87812
6.73735 2.82077
6.47744 -1.78611
6.40545 -1.83454
6.82712 -1.50553
6.80661 -1.52523
7.36817 -0.850817
7.32383 -0.921678
7.43269 1.95176
7.39719 2.01798
7.6792 1.33088
7.68754 1.2993
7.71674 -0.0136635
7.72323 0.0151825
7.57384 -0.456582
7.57369 -0.456962
5.31442 3.13367
5.28815 3.11525
5.51343 3.22626
5.52432 3.22913
5.12059 2.95617
5.12176 2.95759
5.14409 -1.54233
5.15527 -1.56397
4.65114 1.26721
4.65279 1.29527
5.89237 -2.05454
5.80294 -2.06587
4.87022 -0.789068
4.86927 -0.785792
4.82921 -0.632106
4.81232 -0.565029
5.44447 -1.9535
5.4474 -1.95547
4.64004 0.747269
4.63924 0.783949
4.9433 2.65991
4.92026 2.61047
6.20774 -1.94587
6.22866 -1.9347
4.75797 2.07619
4.76949 2.1283
7.45889 -0.694981
7.48686 -0.640698
6.13997 3.179
6.161 3.17011
6.40437 3.05347
6.42098 3.04454
5.89264 3.24394
5.94872 3.23373
6.58332 2.94043
6.81119 2.75662
6.74865 2.81171
6.60433 -1.69489
6.69039 -1.62583
6.54277 -1.73949
6.58307 -1.71062
7.26844 -1.00187
7.3111 -0.940821
7.78183 0.493851
7.78132 0.474657
4.78044 -0.42787
4.78533 -0.450533
5.24486 -1.72154
5.28222 -1.77682
6.95496 -1.3798
7.02784 -1.30484
4.77603 2.15677
4.79521 2.23192
7.7813 0.675394
7.77916 0.722049
5.36981 -1.88512
5.38505 -1.89948
7.68712 -0.13024
7.6207 -0.336745
5.99633 -2.03049
6.10518 -1.99197
5.60358 -2.04022
5.60907 -2.04261
5.70646 -2.0632
7.02807 -1.30459
7.02819 -1.30445
7.15803 -1.14989
7.16265 -1.14414
6.25323 3.13205
6.31459 3.10127
7.35496 2.09105
7.38095 2.04658
7.27145 2.22257
7.29831 2.18188
7.18364 2.3483
7.18597 2.34514
7.62727 1.49805
7.65041 1.42806
7.71927 1.16483
7.70263 1.2398
7.77236 0.816555
7.76923 0.85261
7.61521 -0.351527
6.57625 2.94527
6.52197 2.98154
4.66368 1.43983
4.66232 1.42357
5.90174 -2.05367
5.77306 -2.06449
5.5218 -2.00482
5.48591 -1.98189
6.21544 3.14811
6.34331 3.08724
6.83084 2.73948
6.38466 -1.84677
6.35716 -1.8634
6.9093 -1.42683
4.63977 0.949404
4.6393 0.913304
4.64721 1.19908
4.64589 1.1673
4.93945 -1.02014
4.94196 -1.02824
4.9481 -1.0473
4.97323 -1.11973
5.29045 -1.78909
4.66006 0.368612
4.65639 0.419133
4.68489 0.12303
4.68244 0.142104
4.64178 0.689136
4.64323 0.653582
4.8274 2.34647
4.8328 2.36549
6.93362 2.63996
6.94836 2.62534
7.06179 2.50074
7.07105 2.48994
7.75225 0.98259
7.74605 1.02566
6.17817 -1.95846
4.64178 1.0403
4.68176 1.61501
4.68197 1.61693
4.66834 1.48773
4.64994 0.523171
4.98214 2.74189
5.00558 2.78528
7.48425 1.84849
7.51552 1.78184
5.76944 3.25597
5.80936 3.25386
6.87065 -1.46418
7.5784 1.63343
7.56541 1.66615
6.57987 2.94288
4.65443 1.32004
4.65731 1.35942
4.91298 -0.933287
4.89312 -0.867501
5.22204 -1.68524
5.21909 -1.67995
4.65101 0.493452
4.66787 0.281567
4.67784 0.183782
4.67475 0.21208
4.64016 1.00443
4.639 0.876754
4.63885 0.821452
5.87361 3.24763
5.85357 3.25024
6.08393 3.19852
6.08114 3.19934
6.85648 2.71575
4.75867 -0.324273
4.77847 -0.41879
4.70161 1.75885
4.69933 1.7444
4.73013 -0.17313
4.74909 -0.275299
5.29295 -1.79288
5.2978 -1.7998
4.75285 2.05033
4.74266 2.00094
5.6659 3.25397
5.65988 3.25318
5.41339 3.18881
5.48167 3.21428
5.1985 3.04047
5.18619 3.02747
7.7744 0.360998
7.74687 0.134709
5.04655 -1.32052
5.11416 -1.47753
4.72475 1.90495
4.70914 1.80857
4.80577 2.27055
4.81548 2.30632
6.78255 -1.54624
6.84263 -1.49113
7.31969 -0.927971
7.39301 -0.810534
7.39466 2.02253
7.44105 1.93575
7.22804 2.2861
7.24377 2.26359
7.59814 1.58193
7.70069 1.24772
7.67798 1.33537
7.74194 0.107049
7.69506 -0.100928
5.21672 3.05774
5.39447 3.17957
5.61445 3.24766
5.12655 2.96273
5.05631 2.86763
7.77739 0.401313
5.03909 -1.301
5.16555 -1.58251
5.20084 -1.6481
4.68922 1.67529
4.68305 1.62611
4.69081 1.68638
4.7386 1.97909
4.86592 -0.774226
4.88697 -0.846829
4.80394 -0.530486
4.84989 -0.713546
4.908 2.57875
4.88371 2.51923
5.02716 2.82229
4.96053 2.69938
4.77049 2.13312
4.75565 2.06462
7.43404 -0.740101
7.51809 -0.578196
6.03113 3.21444
5.9885 3.22435
5.88034 3.24648
6.70502 -1.61402
6.59373 -1.70267
6.5045 -1.76813
7.24587 -1.03411
7.21644 -1.07488
7.4154 -0.772183
7.78314 0.582325
7.52936 1.75068
7.55421 1.69276
4.85003 2.42302
4.85051 2.42465
6.9558 2.61761
7.01105 2.55802
7.78291 0.5986
7.7768 0.76458
7.76075 0.922839
7.7588 0.93957
4.71965 -0.114513
4.72297 -0.133812
7.13194 2.41481
7.0804 2.47848
7.16535 -1.14074
7.72436 1.14134
7.74298 1.04282
7.46943 1.87926
7.34962 2.10002
7.31381 2.15762
7.17672 2.35751
7.65459 1.41434
7.62044 1.51836
7.76526 0.887198
6.47639 3.01128
6.45047 3.02679
4.85218 2.42986
6.88166 2.69151
4.67541 1.55816
5.82143 3.25329
5.73584 3.25604
6.24808 -1.92414
6.30726 -1.89338
5.33504 -1.84414
5.22856 -1.69674
4.67128 0.245028
6.09672 3.19428
5.67756 3.25488
5.71758 3.25647
4.99106 -1.17128
4.66078 1.40471
7.02856 -1.30403
4.68688 0.108176
7.61246 1.54173
4.66976 0.262245
4.87688 2.49983
6.36534 3.07591
4.94334 -1.03271
5.41103 -1.92432
7.5728 -0.458945
7.52768 -0.558194
6.51409 2.98674
4.85491 -0.733481
