5.35574 -2.2635
5.30099 -2.2156
6.10635 -2.22461
6.18827 -2.18
5.84156 -2.33063
5.83513 -2.33285
5.68042 -2.35982
5.68546 -2.35979
4.95755 -1.58642
4.98324 -1.65239
4.67257 -0.606478
4.72217 -0.808626
5.05299 -1.82016
5.06765 -1.85077
4.59454 2.04859
4.58632 1.99934
7.56742 -0.776233
7.58368 -0.74461
7.04208 2.73708
7.04211 2.73706
7.15773 2.60546
7.15009 2.61454
7.85788 1.12695
7.86525 1.08715
7.441 2.20683
7.45151 2.18925
7.35748 2.33833
7.34762 2.35291
7.76703 1.4849
7.7528 1.52933
7.90886 0.717474
7.91226 0.609978
7.75887 -0.34171
7.72825 -0.425776
7.81988 -0.144329
7.82723 -0.117101
5.06406 3.24249
5.10573 3.2835
5.24641 3.38548
5.30163 3.41456
5.58203 -2.35794
5.59988 -2.36002
7.87714 0.122649
7.86476 0.0513588
7.90634 0.379641
7.90192 0.320451
4.94514 -1.55088
4.91731 -1.47115
4.53923 1.63743
4.54366 1.67955
4.52029 1.42292
4.51816 1.39935
4.67224 -0.605046
5.10634 -1.93242
5.12922 -1.9731
5.9371 3.4506
5.93576 3.45096
6.16423 3.37259
6.11533 3.39096
6.38855 3.26114
6.40847 3.24881
5.69923 3.48743
5.68872 3.48764
6.84523 2.9283
6.8822 2.89512
7.45994 -0.958946
7.49917 -0.895904
6.46668 -2.00034
6.40333 -2.04593
6.64105 -1.86943
6.60395 -1.8988
6.85788 -1.68108
6.8002 -1.73382
7.00304 -1.53886
6.99199 -1.55059
5.27333 -2.18546
5.26318 -2.1737
6.02927 -2.2608
6.03705 -2.25766
5.93827 -2.29897
5.93614 -2.29991
5.53272 -2.34934
5.52228 -2.34715
4.50077 0.913466
4.50057 0.903426
4.5056 1.1545
4.50603 1.16746
4.51863 0.416714
4.52179 0.371287
4.56653 -0.0377325
4.5553 0.0496626
4.50578 0.642152
4.50517 0.655829
4.60907 -0.29304
4.5961 -0.221607
4.80374 -1.1091
4.78514 -1.04411
4.85661 -1.28762
4.85585 -1.28504
7.7949 -0.231136
7.77083 -0.306791
6.23252 -2.15505
6.08748 -2.23378
4.67181 -0.603033
7.08497 -1.4522
7.09257 -1.44386
5.81953 3.4742
5.93463 3.45118
6.29275 3.31307
6.27696 3.32139
4.72005 2.59199
4.69882 2.52043
4.74249 2.66452
4.74003 2.65731
4.77432 2.75068
4.78713 2.78444
7.08072 2.69342
7.10271 2.66913
7.26029 2.47532
7.22311 2.52366
6.56773 -1.92574
6.50418 -1.97458
6.92364 -1.61776
6.89667 -1.64456
7.51956 2.06865
7.54286 2.02498
7.81494 1.31811
7.8082 1.34422
7.71945 -0.449115
7.68269 -0.536888
7.67883 -0.546127
6.76304 2.99827
6.73421 3.02234
6.51513 3.18246
6.53449 3.16984
4.53714 1.61539
4.52807 1.51875
4.5254 1.48707
4.51685 1.38109
4.5139 1.33925
4.74519 -0.900214
4.85438 2.93725
4.86499 2.95815
4.61331 2.15088
4.62704 2.22253
5.71429 3.4866
5.93538 3.45104
6.05051 3.41584
6.27266 3.32331
6.49919 3.19326
5.7035 3.48738
5.62756 3.48794
5.65162 3.48813
6.90892 2.86945
7.04936 -1.49037
7.08097 -1.45661
6.35942 -2.07371
6.75424 -1.77345
6.70262 -1.81855
6.28704 -2.12168
5.17617 -2.05438
5.21462 -2.11082
4.50186 1.02968
4.50145 0.976966
4.50054 0.859988
4.50052 0.839954
4.50885 1.24581
4.50767 1.21679
4.50408 1.10396
4.51222 0.507681
4.51557 0.460207
4.52524 0.329748
4.53689 0.204581
4.5343 0.228184
4.57124 -0.0699227
4.50231 0.732474
4.50308 0.709072
4.50813 0.59063
4.80734 2.83369
4.81114 2.84342
4.65857 2.36634
4.65945 2.37042
7.64902 1.80204
7.6639 1.76727
7.16011 -1.36611
7.14084 -1.38864
7.30706 -1.18165
7.26842 -1.23274
7.89406 0.893451
7.89348 0.899221
7.80718 -0.18905
5.39709 -2.29139
5.3745 -2.27877
4.74795 -0.910911
4.75578 -0.940336
4.50234 1.04046
4.50237 1.05155
6.70625 3.04494
6.65249 3.08511
6.55125 3.1585
6.59506 3.12792
4.62905 -0.397651
4.61357 -0.317593
4.51158 0.525423
4.51028 0.541964
4.6048 2.10693
4.60858 2.12665
4.57505 -0.09382
4.59029 -0.187749
4.64247 2.29386
4.64615 2.31113
4.63335 2.25183
7.70154 1.67332
7.70958 1.65258
7.64934 -0.610148
7.62595 -0.66165
5.55864 3.482
5.49821 3.47585
4.95753 3.11313
4.96384 3.1222
4.56687 1.87205
4.56637 1.8685
7.35342 -1.11927
7.90451 0.778071
7.90867 0.723175
4.53474 1.58947
4.53116 1.55123
4.64178 -0.460366
4.90077 3.02367
4.91075 3.04128
4.52852 0.29236
4.5311 0.264502
4.8298 -1.19862
4.81983 -1.1643
5.48554 -2.33559
5.44577 -2.31956
5.00637 3.17871
4.99933 3.1702
5.37811 3.44518
5.39857 3.45223
5.79066 -2.34356
5.88565 -2.3178
5.70961 -2.35633
7.89464 0.248432
7.88711 0.187321
4.94903 -1.56241
4.99866 -1.6896
5.04212 -1.79725
5.08959 -1.89741
4.58469 1.99
4.59722 2.063
7.56615 -0.778557
7.62329 -0.666992
7.61867 1.87013
7.58954 1.93216
4.7591 2.71127
4.74316 2.66636
7.11939 2.64994
7.16169 2.60076
7.83749 1.22578
7.87922 1.0016
7.41084 -1.03537
7.37249 -1.09223
7.48084 2.13849
7.4017 2.27118
7.31373 2.4014
7.3936 2.28381
7.73938 1.56864
7.78165 1.43791
7.91216 0.574884
7.90876 0.720992
7.85472 0.00147535
7.83797 -0.0724156
5.14556 3.3168
5.20408 3.36003
5.42454 3.45807
5.77856 -2.34671
7.91046 0.451232
4.89917 -1.41685
4.88638 -1.37949
5.01923 -1.74145
5.16914 -2.04267
4.5762 1.93569
7.67229 -0.560851
7.50789 -0.881165
7.42961 -1.0071
7.91215 0.501234
6.07336 -2.24011
5.98661 -2.27989
5.89077 -2.31577
5.96176 -2.28972
5.54893 -2.35189
4.67426 2.42966
4.66359 2.38813
7.89975 0.835473
7.89533 0.881816
4.77796 -1.01937
4.85878 -1.29482
5.17138 -2.04675
4.72728 2.6169
4.67724 2.44043
7.19539 2.55893
7.04212 2.73704
7.88621 0.952794
7.83239 1.24819
7.29017 2.43448
7.55709 1.99722
7.49855 2.10718
7.4001 2.27373
7.7922 1.40139
7.72181 1.61862
4.54901 1.72984
4.55191 1.75521
4.51184 1.31222
4.87667 2.98035
4.84482 2.91728
5.59986 3.48694
5.98445 -2.28065
4.76396 -0.969351
4.50036 0.796389
4.50995 1.27896
4.50632 1.18084
4.87968 -1.36026
4.53375 0.233427
4.54646 0.118275
4.5007 0.77579
4.50449 0.668692
4.82079 2.86632
7.19775 -1.32141
7.90223 0.811634
6.60313 3.12239
7.6765 1.73684
4.97859 3.14219
4.93277 3.07618
4.56694 1.87249
4.55855 1.80788
4.99515 3.16451
7.63515 1.8343
7.57276 1.96642
7.36019 -1.10997
4.89364 3.01094
4.5109 1.29461
4.54524 1.69651
4.52238 1.45028
4.55762 1.80095
4.50056 0.786206
4.5009 0.923701
4.54874 0.0987055
5.23393 -2.13849
7.22896 -1.28292
7.25326 -1.25254
6.62665 3.10473
4.83315 2.89348
