4.68077 -1.19589
4.68589 -1.21468
5.31873 -2.63672
5.2663 -2.60102
5.42739 -2.67003
5.44774 -2.67109
5.86423 -2.56911
5.91981 -2.54327
5.23543 -2.57824
5.19123 -2.53551
5.09771 -2.40169
5.09855 -2.40293
8.00555 0.167963
8.00858 0.191342
4.60224 -0.884102
4.61753 -0.946566
4.37387 0.913671
4.37396 0.937999
4.50989 -0.465114
4.54006 -0.612273
5.61144 3.70244
5.59875 3.70256
4.45473 2.06153
4.45574 2.07037
4.5534 2.58823
4.55819 2.60808
7.31355 -1.37757
7.33589 -1.3499
6.99903 -1.72737
7.02824 -1.69884
6.40947 -2.23375
6.42299 -2.22333
5.573 -2.66636
5.56202 -2.66894
4.78021 -1.55739
4.76693 -1.51257
4.8341 -1.73518
4.82194 -1.69431
7.86706 -0.398083
7.85513 -0.431825
4.86573 3.34589
4.83762 3.30842
5.16533 3.61103
5.18911 3.62333
4.94673 3.44574
4.96812 3.46651
6.01541 -2.4913
6.03931 -2.47786
8.02031 0.301076
8.01822 0.274903
7.98407 0.0323292
7.9826 0.0239174
6.8237 3.12767
6.81842 3.13219
6.5953 3.30531
6.61056 3.29478
4.44018 1.95061
4.43815 1.93428
4.4746 2.18954
4.47437 2.18823
7.65702 -0.865403
7.65158 -0.875399
7.77253 -0.632407
7.76217 -0.655558
5.95888 3.63541
6.04642 3.60441
6.40941 3.42759
6.34485 3.46395
6.13082 3.57114
6.18607 3.54688
7.14173 2.81901
7.08827 2.87695
6.98816 2.97704
7.00881 2.95749
7.40133 -1.26369
7.44281 -1.20732
7.54304 -1.05685
7.51866 -1.09499
6.65873 -2.03845
6.64169 -2.05315
6.83704 -1.88453
6.83705 -1.88453
8.03159 0.578247
8.03161 0.587553
8.02415 0.766498
8.02495 0.756778
4.72985 -1.37709
4.75073 -1.45317
4.90665 -1.95762
4.90673 -1.95781
4.75455 3.16738
4.72464 3.10678
5.44982 3.69695
5.50789 3.70172
5.73666 -2.62304
5.74136 -2.62172
4.64304 -1.04978
4.63988 -1.03703
7.73042 1.91158
7.72703 1.91922
4.79219 3.23645
4.81886 3.28025
6.12284 -2.4272
6.15353 -2.4087
6.20951 -2.37204
6.26619 -2.33499
5.40282 -2.66645
5.33622 -2.64433
5.24764 -2.5893
4.9963 -2.1895
4.98374 -2.16158
5.07431 -2.35741
5.04308 -2.29567
5.1423 -2.47155
5.16162 -2.49583
4.37396 0.875293
4.37403 0.850115
4.37486 1.0401
4.37412 0.977115
4.38958 1.41161
4.3863 1.35817
4.39799 1.53188
4.39469 1.48647
4.48583 -0.34043
4.49094 -0.367791
4.54886 -0.654264
4.39324 0.384985
4.39741 0.331829
4.38436 0.520953
4.38784 0.462286
4.44499 -0.0885986
4.45226 -0.137281
4.41131 0.183112
4.42019 0.101784
6.29818 3.49072
6.20518 3.53721
4.52839 2.47273
4.5146 2.40683
4.59734 2.755
4.5906 2.73036
7.20455 2.74734
7.23843 2.70764
8.00156 0.976145
7.9976 1.00396
7.95731 1.22529
7.94521 1.27925
7.4351 2.44447
7.37485 2.53096
7.30491 2.62465
7.30821 2.62052
6.74947 -1.96181
6.83698 -1.88459
7.07683 -1.64816
6.93313 -1.79366
7.51921 2.31206
7.48983 2.35975
7.59866 2.17509
7.5872 2.19577
4.88456 -1.8929
4.8831 -1.88816
7.89371 1.47298
7.90381 1.43878
7.83914 1.64039
7.84589 1.62139
6.4364 -2.21281
6.53642 -2.13747
6.35763 -2.27039
5.69486 -2.63807
5.65214 -2.65029
7.94239 -0.152758
7.95484 -0.104344
7.90577 -0.27987
7.92024 -0.232631
7.89258 -0.32258
7.83206 -0.491374
7.82187 -0.517588
4.89734 3.38907
6.91957 3.04268
6.87453 3.08301
6.77783 3.16594
6.76515 3.17618
6.71067 3.21983
6.66502 3.25438
6.51982 3.35792
5.84425 3.66794
5.86081 3.66307
4.42746 1.84827
4.43246 1.8907
4.44634 1.99791
4.47321 2.18125
4.49436 2.30523
6.07299 3.59525
6.47331 3.38711
6.43961 3.40858
6.19449 3.54265
7.05497 2.91089
6.92833 3.0349
6.56458 -2.11442
6.73979 -1.97056
6.9196 -1.80626
7.1225 -1.60055
8.02868 0.677325
8.02159 0.799225
6.55082 -2.12573
4.71964 3.09607
4.77454 3.20371
8.02993 0.453552
8.03143 0.496613
4.41348 1.71144
4.41644 1.7431
4.40131 1.57237
4.40469 1.61478
4.37818 0.660517
4.3762 0.723079
4.38368 0.533614
4.38084 0.592702
4.6243 2.84472
4.62546 2.8487
7.77893 1.79807
7.76931 1.82168
7.68825 2.00172
7.68085 2.01714
4.68243 3.0049
4.66795 2.96903
7.21705 -1.49377
7.23303 -1.4754
4.5824 -0.800309
4.37815 1.17004
4.38026 1.23111
4.37488 1.04114
4.37624 1.10411
4.86097 -1.82188
4.85906 -1.81551
5.67276 3.69678
5.61806 3.70186
4.55282 -0.672657
4.56283 -0.717485
4.71613 3.08743
4.69235 3.03098
4.7183 3.09282
5.30652 3.66824
5.32264 3.67225
7.16623 2.7919
7.18013 2.7762
7.16517 -1.55292
7.18746 -1.52782
7.14117 -1.57977
4.92902 -2.0203
4.93126 -2.02599
8.02988 0.644864
5.69688 -2.63734
5.69829 -2.63677
4.91932 3.41557
5.11655 3.58363
5.08431 3.56303
5.78746 3.67979
5.75395 3.68554
4.45321 2.05146
8.01671 0.85458
4.70524 -1.28654
4.66465 -1.13574
4.80696 -1.64642
4.78514 -1.57325
4.95149 -2.08275
4.95616 -2.09408
5.03273 -2.27155
5.0125 -2.22883
5.053 3.53984
5.0184 3.51251
5.80234 -2.59799
5.95103 -2.52616
8.01358 0.234764
8.00286 0.147118
4.38487 1.2946
4.38581 1.35122
4.37412 0.977022
4.37387 0.913615
4.37677 0.786612
4.37403 0.850077
4.39358 1.47186
4.39029 1.42232
4.38845 0.453185
4.39229 0.397063
5.5261 3.70287
5.61491 3.70222
4.42649 0.048277
4.43504 -0.0184171
7.7181 -0.748242
7.70856 -0.767469
4.5608 2.61782
4.5355 2.50801
7.98149 1.10275
7.97477 1.13949
7.37232 2.53453
7.30847 2.62017
7.49343 -1.13268
7.44297 -1.20709
7.35816 -1.32053
7.28054 -1.41896
7.55944 2.24426
7.53983 2.27783
7.86766 1.55657
7.87593 1.53115
5.52745 -2.67192
5.60722 -2.66111
4.75447 -1.46763
5.21396 3.63417
5.13534 3.59505
5.29688 3.66491
5.98893 -2.50634
6.04561 -2.47433
5.7742 -2.60837
8.02249 0.327116
7.96979 -0.0368184
7.9859 0.0429355
7.95729 -0.0945506
7.60855 -0.950514
7.81255 -0.539857
7.59158 -0.979768
7.38997 -1.27934
7.58926 -0.983635
8.03152 0.592286
6.08812 -2.44871
4.71824 -1.3339
5.41003 3.69109
5.70768 -2.63352
4.62934 -0.99462
4.65564 -1.10007
4.40706 1.6417
4.41026 1.67894
4.38066 0.596912
4.37827 0.657894
4.64562 2.90779
4.62953 2.86167
4.37628 1.10546
4.37806 1.16761
4.65685 -1.10486
5.50271 -2.67469
5.51654 -2.67368
4.96289 -2.10969
5.07637 -2.36192
5.12293 -2.44181
4.37486 1.04061
4.39945 1.55063
4.47079 -0.255401
4.3987 0.316375
4.38393 0.5275
4.466 -0.227014
4.4072 0.223043
4.58377 2.70635
4.49921 2.32964
4.60758 2.78954
7.24273 2.70238
8.01475 0.872002
7.92937 1.3441
7.43704 2.44154
7.26707 -1.43489
7.63684 2.10452
7.63208 2.1136
7.47793 2.37846
4.86266 -1.82783
4.90575 -1.95498
7.91728 1.38962
7.81381 1.70961
5.61638 -2.65834
7.93985 -0.162581
6.72666 3.20779
4.42527 1.83044
4.43562 1.91574
6.30197 -2.30996
6.28266 -2.32375
4.62431 -0.973989
4.42035 1.78146
4.37615 0.724384
4.65188 2.92434
4.49637 2.31539
7.8083 1.72444
7.73397 1.9036
7.64198 2.0946
4.38038 1.23483
5.69868 3.6934
5.37661 3.68545
8.02809 0.407828
5.82186 3.673
5.73037 3.68986
5.47217 -2.67408
6.71908 3.21353
6.8289 3.12331
6.18535 -2.38814
5.09368 -2.39427
5.17971 -2.51946
6.34606 -2.27918
6.62358 3.28558
4.42298 1.80704
7.92674 -0.210255
