5.84843 2.27142
5.78447 2.24682
6.54232 -0.843364
6.62403 -0.778014
7.12503 1.23981
7.11888 1.25887
5.22475 0.974045
5.2325 1.08766
5.92922 -0.98143
5.88908 -0.964395
6.11894 -1.00757
6.17683 -1.00007
7.11891 -0.0427024
7.12435 -0.0281567
5.22551 0.562788
5.23328 0.455337
7.22368 0.453441
7.21084 0.335468
6.19822 2.27658
6.29015 2.24519
6.41361 2.18649
6.46166 2.15604
6.31461 -0.966471
6.38524 -0.934627
5.98793 2.29961
5.95539 2.29454
6.78604 -0.620018
6.78819 -0.617553
6.46874 -0.889985
6.43281 -0.912262
6.93222 -0.424202
6.92703 -0.432589
5.24603 1.20469
5.23443 1.10711
7.19102 0.988946
7.19413 0.973777
7.22362 0.737511
7.22461 0.724758
5.47742 -0.50557
5.47787 -0.506418
5.57557 -0.678583
5.56509 -0.66322
5.34175 1.64165
5.35619 1.6824
5.28513 1.42858
5.27406 1.37302
5.51302 2.00382
5.54063 2.03973
5.41626 1.83434
5.40925 1.81945
5.64341 2.15157
5.59038 2.10142
6.78995 1.85777
6.79875 1.84693
7.02028 1.49707
6.99434 1.54812
6.90909 1.69626
6.91438 1.68825
5.74503 -0.874793
5.70227 -0.833875
7.07769 -0.147813
7.03762 -0.234705
7.16106 0.0920582
7.18755 0.201173
5.393 -0.301121
5.39881 -0.316768
5.32301 -0.0706787
5.3223 -0.0681399
5.28722 0.0900234
5.27144 0.169391
5.2195 0.790137
5.21995 0.837437
5.24829 0.313987
5.24808 0.315429
7.22446 0.46112
7.22832 0.582792
7.16372 1.10446
7.15063 1.15493
7.10146 1.3081
7.08911 1.34008
7.19982 0.941428
7.17288 1.06991
7.20906 0.877409
6.72209 1.93596
6.67832 1.98075
6.54703 2.09549
6.56785 2.07903
6.76053 1.89336
6.64415 2.01415
6.62244 2.03406
6.50364 2.12768
6.51298 2.12182
6.82216 1.81668
6.83973 1.79406
5.35113 -0.167539
5.35906 -0.194834
7.22182 0.758588
7.21651 0.815486
7.21264 0.852051
5.30932 -0.0149683
5.30698 -0.00481199
5.21958 0.754557
5.21993 0.707133
5.73114 2.21663
5.88537 2.28337
6.79091 -0.614212
6.85937 -0.526769
6.66146 -0.746123
6.53303 -0.849599
5.23276 1.09099
5.22354 0.952162
5.47704 -0.504813
5.43703 -0.411835
5.63364 -0.757693
5.59436 -0.704351
5.31033 1.53712
5.30693 1.52303
5.46201 1.92078
5.49803 1.9822
6.96913 1.59476
6.9172 1.68369
5.83636 -0.939197
6.01185 -1.00138
6.21557 -0.995023
6.03263 -1.00477
7.12499 -0.0262228
7.08367 -0.134028
5.30344 0.0109496
5.22382 0.591693
5.23485 0.438002
7.22442 0.460553
7.2097 0.327394
6.01603 2.29946
6.09238 2.29658
6.14944 2.28597
6.30529 2.23992
6.42798 -0.915098
6.30248 -0.970137
5.68548 2.18707
6.70863 -0.700226
6.92027 -0.442687
6.98699 -0.330942
5.22023 0.854946
5.24935 1.22766
5.40424 -0.330771
5.42509 -0.383144
5.52575 -0.594918
5.65543 -0.78536
5.37818 1.74295
5.31879 1.56784
5.26367 1.31761
5.57287 2.08115
5.42371 1.84867
7.05808 1.41667
6.85377 1.77489
7.06348 1.40466
5.78498 -0.904445
6.02342 -1.00417
7.01811 -0.273016
7.15883 0.0837156
7.18891 0.207924
5.36617 -0.217766
5.32016 -0.0603938
5.3403 -0.131484
5.26685 0.196002
5.21947 0.772296
5.24805 0.3157
5.22035 0.689945
7.22835 0.605654
7.22607 0.684197
7.06779 1.39514
6.58725 2.06334
6.52327 2.11477
6.35486 2.21706
7.1326 1.21811
6.4052 2.19083
6.40949 2.18874
