7.70778 -0.293887
7.73704 -0.203044
5.50558 3.35508
5.46036 3.34132
5.05817 3.06301
5.08435 3.09429
7.82166 0.174583
7.83684 0.296039
4.59494 1.49533
4.60076 1.55155
4.66243 2.00628
4.6614 2.00011
4.64213 -0.0841651
4.63461 -0.0340483
7.54465 -0.677871
7.52175 -0.722417
6.37732 3.17151
6.29683 3.21331
7.56033 1.84672
7.56297 1.84109
4.7206 2.28002
4.71311 2.24957
6.69194 2.96118
6.70972 2.94718
7.41626 -0.907472
7.41583 -0.908154
7.47774 2.01239
7.4728 2.02161
7.31594 2.28243
7.27988 2.33577
7.6409 1.65716
7.64015 1.65912
7.74888 1.32432
7.757 1.29357
7.77391 -0.0671847
7.7957 0.0296397
7.65308 -0.440773
7.63159 -0.493573
5.7832 -2.20972
5.79563 -2.20744
5.30561 3.27813
5.3849 3.31661
5.11035 3.12408
5.17537 3.18602
4.96344 -1.35138
4.99345 -1.43202
5.07614 -1.63235
5.06549 -1.61011
6.55788 3.05827
6.57661 3.04584
4.62776 1.77875
4.63171 1.80822
6.12211 -2.10353
6.18975 -2.07074
5.49779 -2.16831
5.55409 -2.19023
4.81375 -0.872705
4.7954 -0.805565
5.13403 -1.75536
5.14875 -1.78152
4.60411 0.206091
4.59846 0.25894
4.68471 2.12185
4.68595 2.12745
5.92308 3.34979
5.95699 3.34061
6.17039 3.27228
6.1526 3.2798
6.89727 2.78209
6.85748 2.82019
6.67585 2.97353
6.39217 -1.95153
6.36294 -1.96929
6.79338 -1.64174
6.76167 -1.66927
6.99906 -1.44223
6.93749 -1.50492
7.30249 -1.07628
7.31598 -1.05788
7.84935 0.519178
7.84704 0.433348
4.56821 0.913387
4.56792 0.899049
4.5722 1.11573
4.57393 1.16738
4.89851 -1.15814
4.91071 -1.19784
4.71392 -0.465529
4.72366 -0.510615
5.27046 -1.97457
5.23237 -1.92008
4.59119 0.335419
4.58294 0.453993
4.57478 0.599771
4.57232 0.654736
4.74251 2.36806
4.75693 2.42229
7.17175 -1.24695
7.15365 -1.26945
7.82559 0.936488
7.83321 0.878305
4.67216 -0.257323
4.66618 -0.224419
7.8492 0.573139
7.84834 0.650155
7.74308 -0.182624
7.69833 -0.321257
6.08632 -2.12092
5.67319 -2.21175
5.68297 -2.21338
7.05681 -1.37916
7.09037 -1.34235
6.43196 3.13859
6.26548 3.22983
4.81997 2.61623
4.816 2.60463
7.13252 2.52906
7.14707 2.51151
7.80432 1.07398
7.79344 1.13229
7.39912 2.15048
7.3778 2.1857
7.22756 2.40739
7.27045 2.3492
7.69998 1.49121
7.7035 1.48056
7.66856 -0.401469
7.60163 -0.561528
7.6138 -0.534399
6.59221 3.03523
6.52 3.0837
4.61915 1.71608
4.61477 1.67988
4.59348 1.48068
4.58869 1.42323
5.70858 -2.21277
5.58814 -2.20016
5.49685 -2.16798
4.8369 -0.956499
4.91046 2.82851
4.91626 2.84133
6.00917 3.32732
6.03842 3.31939
6.14452 3.28256
6.14947 3.28091
6.46226 3.12073
5.71031 3.37565
5.73896 3.37359
5.644 3.37388
5.65851 3.37512
6.82747 2.84634
6.32602 -1.99241
6.46972 -1.89861
6.89565 -1.54727
7.02025 -1.4196
5.95066 -2.1713
5.93488 -2.17698
5.99851 -2.15489
6.07994 -2.12378
4.56908 0.990548
4.56898 0.976886
4.57185 1.10388
4.85389 -1.0156
4.86934 -1.06557
4.58218 0.464709
4.58258 0.459117
4.59166 0.328958
4.61846 0.0854222
4.61522 0.110602
4.57525 0.589538
4.75887 2.42876
4.77659 2.48642
7.60606 1.74424
7.60641 1.74343
6.96428 2.71495
7.017 2.66096
7.26217 -1.13269
7.26377 -1.13064
7.8385 0.819559
7.83341 0.876686
5.88436 -2.19116
5.86708 -2.19548
4.57134 1.04038
4.57144 1.09159
4.95293 -1.32306
4.93404 -1.26803
4.59413 1.48739
4.76842 -0.702655
4.78628 -0.772332
5.37613 -2.08635
5.4062 -2.11127
4.58004 0.524309
4.57568 0.579872
4.67322 2.06428
4.67418 2.06929
4.87523 2.7529
4.83803 2.66518
5.77252 -2.21106
4.63779 1.85073
4.64082 1.87239
5.45307 -2.14286
5.41822 -2.12132
5.31233 -2.02308
5.29239 -1.99986
4.59171 0.328341
5.86671 3.36074
5.86166 3.36139
4.69152 -0.362284
4.69228 -0.365897
6.25878 -2.03243
6.21199 -2.05874
4.83696 2.66274
4.83567 2.65944
6.49135 -1.88399
6.57114 -1.82467
4.96842 2.93452
4.99276 2.97302
4.58346 1.3567
4.58 1.30078
4.62294 1.74405
4.56763 0.83538
4.56797 0.799727
5.40509 3.32485
5.52591 3.35916
5.09391 3.1061
5.02927 3.02538
7.83741 0.302007
7.81985 0.162086
5.05106 -1.57785
5.02834 -1.52164
5.18594 -1.84789
5.16116 -1.80358
4.65224 1.9479
4.67314 2.06377
7.48187 -0.795372
7.57712 -0.612587
7.5159 1.93909
7.60569 1.74511
4.70307 2.20665
4.72745 2.30882
6.85145 -1.58824
6.89562 -1.54731
7.36653 -0.983158
7.41724 -0.905882
7.43903 2.08224
7.51018 1.95026
7.27265 2.34612
7.32581 2.26754
7.67175 1.575
7.62095 1.70713
7.76959 1.24124
7.73146 1.38827
7.84521 0.717224
7.84321 0.762197
7.80033 0.0523899
7.76921 -0.0861356
5.20728 3.21258
5.27086 3.25713
5.60691 3.3714
7.84672 0.42732
5.0161 -1.48957
4.95977 -1.34177
5.10592 -1.69689
4.73668 -0.568566
4.75732 -0.656734
5.20084 -1.87393
5.12061 -1.72735
4.65045 1.93645
4.69663 2.17915
7.46312 -0.828403
6.69186 -1.72995
6.66878 -1.74842
6.64775 -1.76534
7.34191 -1.01999
7.84966 0.540513
5.98538 -2.16029
5.28343 -1.9899
4.73901 2.35394
4.7584 2.42727
7.07135 2.60063
7.08955 2.58029
7.83334 0.877212
7.8223 0.963393
4.65361 -0.151899
4.68961 -0.35251
4.84189 -0.974251
4.78302 2.50624
4.80337 2.56947
7.17014 2.4824
7.10381 2.56364
7.81714 0.996205
7.78001 1.19639
7.21009 2.43063
7.51508 1.94069
7.42678 2.10373
7.35807 2.21718
7.72573 1.40764
7.67326 1.57061
4.58378 1.36116
5.90138 -2.18608
4.83982 -0.966832
4.56765 0.864384
4.57588 1.22116
4.57666 1.24014
4.9171 -1.21712
4.57012 0.706739
4.56923 0.7337
7.12692 -1.30079
7.84158 0.788881
4.60939 1.63582
4.60536 1.59894
5.41172 -2.11608
5.3429 -2.05715
5.81443 3.36821
5.79138 3.37023
4.6485 1.92314
5.49632 -2.16774
5.34109 -2.05513
4.60593 0.189093
5.88249 3.35803
5.01518 3.00665
4.96327 2.92601
6.29373 -2.01257
5.34179 -2.05597
4.62935 0.00426471
4.5797 1.29493
4.5793 1.28835
4.59806 0.263412
4.56826 0.785104
4.56845 0.770812
4.92323 2.85466
5.68915 3.37591
6.59124 -1.81016
7.25485 -1.14198
4.56884 0.963082
4.57417 1.17809
4.88814 -1.12636
4.57167 0.666941
7.02877 2.64815
6.48812 3.10494
4.61185 1.65774
4.60199 1.56547
7.62626 -0.506172
4.58603 1.39067
