6.0946 0.984247
6.14676 1.03343
6.00201 0.778404
5.99847 0.742374
6.46249 0.530546
6.46439 0.536395
6.40644 0.906129
6.36868 0.953253
6.45468 0.756609
6.43929 0.829519
6.0092 0.517158
6.01132 0.504064
6.35289 0.321169
6.33877 0.305357
6.30034 1.0174
6.28101 1.03369
6.24871 1.03999
6.02822 0.897306
5.99627 0.657742
6.02489 0.887797
6.47022 0.650205
6.42409 0.419974
6.05178 0.411852
6.01744 0.484111
6.27266 1.03941
6.42856 0.856989
6.02585 0.891153
5.99912 0.61237
6.4708 0.672146
6.39248 0.375404
6.10217 0.327988
6.29524 0.284343
6.27701 0.271941
6.19676 0.263803
6.20202 0.261031
6.21236 0.261899
6.12772 0.310167
