6.24536 -2.40111
6.21504 -2.42237
4.74555 -1.58185
4.76967 -1.6691
5.25799 -2.71942
5.25404 -2.71673
8.03846 0.180307
8.04706 0.246855
4.571 -0.906156
4.57441 -0.920104
4.35301 1.35814
4.35202 1.3454
4.34113 0.932722
4.34131 0.977154
4.34179 0.850153
4.34145 0.831267
4.35671 1.43074
4.36013 1.48631
5.7391 3.74228
5.74813 3.74014
4.47811 -0.483106
4.47983 -0.491518
4.35803 0.406612
4.35436 0.462831
5.58042 3.75909
5.51514 3.75972
4.41918 2.06117
4.42259 2.09104
5.34604 3.74127
5.40837 3.75206
6.878 -1.89266
6.8464 -1.92278
5.04939 -2.45919
5.05307 -2.46748
6.40838 -2.28428
6.448 -2.25375
4.79713 -1.76128
4.7709 -1.67318
7.9641 -0.192985
7.97433 -0.1557
7.90303 -0.390907
7.88415 -0.444286
5.90332 -2.61361
5.86661 -2.63415
8.05239 0.31311
8.04717 0.247799
8.01785 0.0450012
8.00973 -0.00147558
7.98962 -0.0931676
7.99828 -0.0549174
6.63515 3.32372
6.64213 3.31859
6.8465 3.15451
6.85911 3.14374
4.40683 1.9714
4.40216 1.93391
4.43415 2.16442
4.44091 2.20908
7.69674 -0.857479
7.67316 -0.900831
7.81008 -0.624916
7.78455 -0.681929
5.99929 3.67168
5.96494 3.68384
6.41491 3.47148
6.39818 3.4809
6.19166 3.59153
6.11364 3.62579
7.11236 2.90153
7.10059 2.91429
7.44603 -1.25712
7.46416 -1.23248
7.56512 -1.08288
7.5614 -1.0887
6.7039 -2.04742
6.65137 -2.09273
7.0502 -1.72509
7.03778 -1.73786
8.05368 0.777574
8.05704 0.73661
6.03826 -2.53642
6.07479 -2.5137
4.69659 -1.40056
4.70593 -1.43463
5.41873 3.75373
5.43062 3.75471
4.9105 3.49528
4.90229 3.48568
4.61182 -1.07181
4.60351 -1.03824
4.34593 0.641821
4.34774 0.59324
4.61609 2.96363
4.61889 2.9726
7.26684 -1.48645
7.2606 -1.49396
4.75013 3.27088
4.76609 3.2971
4.56052 -0.86191
4.5453 -0.794647
4.34453 1.15055
4.34326 1.10415
4.64879 -1.21846
4.64337 -1.19707
5.24442 -2.70896
5.28328 -2.73043
5.48819 -2.76656
5.4807 -2.76721
5.16411 -2.63772
5.18042 -2.6545
5.09544 -2.54389
5.13878 -2.60693
5.81564 3.72501
4.50881 -0.629685
4.45875 -0.378141
4.4524 -0.34414
4.45839 2.31575
4.45982 2.32676
4.4073 -0.0654493
4.42069 -0.155153
4.37571 0.195683
4.38794 0.0835281
6.30374 3.53508
6.26281 3.55554
7.7165 2.01379
7.70528 2.03717
7.8037 1.81844
7.79512 1.8392
4.54369 2.72317
4.52155 2.63092
4.48208 2.44391
4.47897 2.42904
4.55888 2.77897
4.54593 2.73163
7.21694 2.7849
7.21921 2.78224
8.02883 1.00312
8.03175 0.982494
7.9836 1.25129
7.9826 1.25575
7.44767 2.48258
7.41271 2.53278
7.32041 2.65751
7.27774 2.7111
7.36119 -1.37057
7.35752 -1.37539
6.7925 -1.97035
6.94257 -1.83229
7.11643 -1.65602
7.53977 2.33973
7.52636 2.36151
7.6195 2.20312
7.62261 2.19748
4.85266 -1.94474
4.83383 -1.88389
4.88294 -2.03726
4.87793 -2.02303
4.94119 -2.20357
4.92644 -2.16254
4.98926 -2.32678
4.97992 -2.30249
7.87318 1.63719
7.87029 1.64552
7.92733 1.46982
7.9291 1.46379
5.35033 -2.75816
5.3361 -2.75514
6.48733 -2.22292
6.53535 -2.18674
6.38351 -2.30186
5.63158 -2.73306
5.659 -2.72511
5.59145 -2.74479
5.54255 -2.75828
7.94077 -0.272887
7.95256 -0.234424
7.91806 -0.346433
7.85891 -0.510199
7.86547 -0.493322
4.83737 3.40653
4.82268 3.38646
6.53839 3.39245
6.62895 3.32842
6.68049 3.2895
6.69852 3.27549
6.75369 3.23204
6.7948 3.19815
6.88501 3.12088
6.90934 3.09888
6.52529 3.40158
5.85236 3.71671
5.94437 3.68964
4.41023 1.99754
4.456 2.30279
6.07877 3.64143
6.52311 3.40295
6.46604 3.43929
6.223 3.57578
7.09326 2.92176
7.05803 2.95732
6.61218 -2.12387
6.74929 -2.0094
6.96035 -1.81435
7.13207 -1.63971
8.05928 0.688805
8.04792 0.851151
6.29088 -2.36968
6.34493 -2.33099
6.57465 -2.1547
4.67983 3.12865
4.70498 3.18253
5.13106 3.66417
5.15119 3.67518
5.02537 3.5969
5.04723 3.61373
8.06283 0.501008
8.06309 0.508491
4.3759 1.6881
4.38102 1.74293
4.36945 1.61462
4.36546 1.56473
4.56813 2.80976
4.57976 2.85
4.54069 -0.774711
4.54333 -0.785992
6.13551 -2.4749
6.10171 -2.49722
5.43255 -2.76937
4.82028 -1.83748
4.80732 -1.79409
4.34384 0.723151
4.34292 0.741181
5.68165 3.75018
5.66342 3.75187
4.52182 -0.690206
5.01601 -2.38912
5.01261 -2.38029
4.37467 0.205621
4.36393 0.327156
4.64517 3.04327
4.64155 3.03468
4.66661 3.09658
5.29732 3.72915
5.27606 3.72387
7.17833 2.82856
7.21575 2.78631
8.04666 0.862065
7.16906 -1.59855
4.72915 3.23196
4.71333 3.20112
8.06164 0.624901
5.70339 -2.7084
5.746 -2.69109
4.86517 3.44004
4.79016 3.33801
4.98052 3.56094
4.92263 3.50749
6.95835 3.05369
7.02093 2.99419
5.09264 -2.5397
4.34747 1.23115
4.34755 1.24649
4.41403 2.02713
4.67217 -1.30988
4.66739 -1.29212
4.77057 -1.67211
4.73791 -1.5537
5.97556 -2.57375
5.98722 -2.56736
8.04712 0.247345
8.03079 0.12097
4.35117 1.29464
4.35335 1.37011
4.34147 0.996028
4.3412 0.913654
4.34337 0.786651
4.34131 0.86912
4.36043 1.49116
4.35628 1.42216
4.35371 0.47452
4.35861 0.397611
5.49509 3.75949
5.62391 3.7563
4.38941 0.0710527
4.40319 -0.0364491
7.75668 -0.740545
7.7305 -0.793322
7.76193 1.91594
7.75132 1.9397
4.51227 2.58762
4.49951 2.53044
8.00821 1.12917
8.0104 1.11709
7.38477 2.57224
7.34763 2.62205
7.51497 -1.15807
7.48602 -1.20076
7.40449 -1.31372
7.37664 -1.35045
7.58027 2.27229
7.57602 2.27957
7.21538 -1.54662
7.20731 -1.55576
5.45017 -2.76854
5.43541 -2.76939
5.81726 -2.6574
5.75003 -2.68956
5.61441 -2.73958
4.72068 -1.49148
5.99301 -2.56417
5.98954 -2.56615
8.05783 0.378086
8.00506 -0.0235856
8.02797 0.103603
7.9837 -0.119275
7.63027 -0.975715
7.83528 -0.566637
7.61295 -1.00496
7.57337 -1.06982
7.41147 -1.30468
8.06313 0.525078
6.08687 -2.50642
4.6737 -1.31546
5.075 3.63147
5.09779 3.64639
5.41535 3.75323
4.59815 -1.01664
4.61921 -1.10128
4.36979 1.61855
4.37497 1.67877
4.3484 0.578212
4.34541 0.658429
4.63103 3.00703
4.59831 2.91037
7.21644 -1.54539
7.3049 -1.44068
4.3429 1.08611
4.34507 1.16765
4.62564 -1.12689
5.52456 -2.76118
5.19084 -2.66662
5.14747 -2.61668
4.34196 1.04065
4.36442 1.55046
4.43981 -0.27294
4.47673 -0.476026
4.36304 0.338274
4.35069 0.528041
4.42813 -0.203756
4.37476 0.204676
7.66785 2.11193
7.83682 1.73586
7.84238 1.72123
7.65742 2.13221
4.54552 2.73019
4.47168 2.39246
4.56239 2.79083
5.19524 3.69451
5.20922 3.70072
5.2409 3.71175
7.25493 2.73937
7.99 1.21982
8.04556 0.873211
7.95485 1.36931
7.47386 2.44332
7.31523 -1.42781
7.49821 2.40575
7.60204 2.23426
4.83182 -1.87794
4.85563 -1.95344
4.91789 -2.14075
4.95279 -2.23248
4.9647 -2.26603
5.00959 -2.37272
7.90086 1.55581
7.90166 1.55337
7.90951 1.5281
7.95028 1.38652
5.6707 -2.72019
6.73194 3.24996
6.93571 3.0753
4.39678 1.89162
4.39205 1.85115
6.28151 -2.37653
6.35815 -2.32111
4.99923 3.57755
4.58803 -0.975194
4.38255 1.75799
4.34399 0.705739
4.59127 2.88663
4.34662 1.21527
6.16084 -2.45802
5.09218 -2.53884
5.09166 -2.53784
5.72907 3.74399
8.05795 0.379872
4.87372 -2.01119
5.07029 -2.49919
5.74767 -2.69051
6.83417 3.16534
4.3991 1.91149
8.06244 0.599119
6.18416 -2.44295
4.90275 -2.09283
4.38757 1.80667
4.38932 1.82459
6.94734 3.0642
6.74258 3.24118
7.88012 -0.455225
