7.54303 0.0344747
7.54863 0.0580342
7.51645 1.25424
7.51 1.2797
5.39177 -1.40689
5.41015 -1.43296
5.67358 -1.65398
5.71169 -1.66936
5.13755 -0.920456
5.15013 -0.953631
4.8282 0.780874
4.82623 0.836884
5.14263 2.47094
5.15269 2.48948
7.16689 -0.815376
7.13351 -0.864735
6.15433 2.89404
6.15859 2.89242
5.9155 2.94311
5.94415 2.94083
7.21679 1.96373
7.21784 1.96204
6.36362 2.80265
6.33893 2.81624
7.56313 0.13014
7.57622 0.206833
7.51974 -0.0575987
7.50683 -0.105764
7.43514 -0.313104
7.45561 -0.25919
7.35083 -0.501076
7.33895 -0.525819
7.38322 1.63707
7.36513 1.67782
7.45102 1.46353
7.43447 1.50871
5.53474 2.8768
5.61561 2.90978
5.33859 2.73743
5.39438 2.78653
5.32741 -1.31426
5.30326 -1.27278
4.8335 1.11742
4.8389 1.21267
4.855 1.3938
4.86108 1.4501
4.89341 1.68068
4.89354 1.68154
5.85987 -1.70193
5.78939 -1.6907
5.00138 -0.499721
5.01526 -0.549493
5.06948 -0.730832
5.07119 -0.735768
5.50888 -1.54177
5.54172 -1.56895
5.21416 -1.10051
5.19578 -1.05904
4.93897 1.90189
4.95846 1.98035
4.87805 0.104713
4.87095 0.156838
4.84562 0.389685
4.84353 0.409924
4.82821 0.705148
4.82977 0.650546
4.8264 0.855302
4.82759 0.966561
5.24673 2.63397
5.25231 2.64045
6.24403 -1.62632
6.26399 -1.6166
6.04984 -1.68855
6.03838 -1.68996
4.99438 2.10692
4.98074 2.06286
6.85167 -1.19685
6.85936 -1.1893
6.99547 -1.04147
6.99317 -1.04419
5.73694 2.93896
5.69905 2.93054
6.63952 -1.38494
6.68249 -1.34948
6.44073 -1.5239
6.48055 -1.49793
7.60013 0.42569
7.59658 0.373144
7.60542 0.609417
7.60562 0.58509
6.64319 2.62232
6.63787 2.62639
7.58661 0.891323
7.5815 0.934732
4.95868 -0.327869
4.9808 -0.422854
4.91444 -0.120228
4.91576 -0.127044
7.0812 -0.932819
7.1215 -0.881381
7.20661 -0.755853
7.23527 -0.71075
7.26015 1.8877
7.25473 1.89765
7.56476 1.0359
7.55697 1.0826
6.73594 2.54485
6.75978 2.52325
6.91168 2.37294
6.9024 2.38289
7.15747 2.05597
7.1244 2.10502
7.0203 2.24613
7.023 2.24287
7.49561 -0.140719
7.48307 -0.180255
7.40947 -0.375381
7.41923 -0.352182
7.37053 -0.461021
7.31396 -0.574578
7.32029 -0.562414
7.41828 1.55165
7.46494 1.42401
4.83181 1.09163
4.84201 1.25422
4.82788 0.715728
4.82801 0.986324
6.55965 2.68461
6.56273 2.68258
7.54683 1.12661
7.55639 1.08553
7.59807 0.780628
7.59494 0.81755
4.94632 -0.273623
4.98268 -0.430655
7.40151 1.59333
7.48233 1.37374
7.47737 1.38854
4.83107 1.04008
5.71918 -1.67217
5.74459 -1.68
5.04052 2.24306
5.05992 2.29448
6.42247 2.7714
6.44667 2.75689
4.84549 1.29615
4.82756 0.725883
4.98673 -0.446711
4.83861 0.472111
4.83646 0.504309
7.55556 0.0922209
7.53758 0.00975759
5.43597 2.81853
5.49414 2.85496
5.42345 -1.45032
5.35395 -1.35429
4.84868 1.33215
4.93584 -0.224448
4.94012 -0.244791
5.067 -0.723469
5.03908 -0.631582
5.17461 -1.01117
5.12884 -0.896897
4.91493 1.79259
4.92282 1.82876
6.51514 2.71398
6.55648 2.68679
6.83312 2.45438
6.86936 2.41724
5.19223 2.55399
5.13323 2.45193
6.15735 -1.65893
6.14626 -1.66336
7.12496 -0.876477
7.17974 -0.796893
6.92397 -1.12094
6.99198 -1.04559
6.14667 2.89632
6.26049 2.85306
5.9745 2.93565
5.84018 2.94598
6.53959 -1.45917
6.5849 -1.42577
7.0286 2.23579
7.07474 2.17462
7.60397 0.518001
7.60285 0.478016
6.30774 2.8307
6.39329 2.78744
7.28675 -0.6251
7.2882 -0.622574
7.58342 0.255458
7.34591 1.71984
5.63467 2.91622
5.31042 2.70818
7.59261 0.331996
5.47504 -1.50717
5.28171 -1.233
4.87195 1.53584
4.87602 1.56657
4.87411 1.55281
4.89405 1.68443
5.89822 -1.70153
5.76539 -1.68648
5.58468 -1.60285
5.63361 -1.63171
5.02323 -0.577446
4.99828 -0.488482
5.10372 -0.827961
5.25704 -1.18801
5.23556 -1.14703
4.96565 2.00948
4.89161 0.013632
4.86234 0.225693
5.24414 2.63062
5.09949 2.38383
5.06434 2.30526
6.34291 -1.57944
5.95477 -1.7018
6.09189 -1.67787
5.00314 2.13325
6.8401 -1.2079
7.03768 -0.989785
7.29115 -0.617267
6.2811 2.84381
6.04892 2.92261
5.74917 2.94035
6.74061 -1.30057
6.36809 -1.56514
6.7743 -1.26968
7.60428 0.694743
6.60127 2.65337
6.64902 2.61797
4.91102 -0.101885
6.47705 2.73894
7.05843 -0.962921
4.89612 -0.0146081
7.53495 1.18248
7.54026 1.15931
7.50113 1.31061
7.55666 1.08406
7.56988 1.00917
6.82343 2.46403
6.68264 2.58967
6.96771 2.30884
7.09247 2.14995
7.17204 2.03413
7.60286 0.71803
7.60411 0.699797
7.471 -0.216524
7.43114 -0.323513
7.40784 -0.379212
4.84898 0.348037
4.85385 0.297854
4.84135 0.436047
4.83141 0.598027
4.83258 0.571949
7.59072 0.858418
7.57963 0.948167
7.29014 1.83225
7.31426 1.78575
4.85842 0.259175
5.02509 2.20216
7.33239 1.74855
7.52187 1.23432
5.65624 -1.64509
4.85505 0.28651
7.21852 1.96089
4.84724 0.367174
4.82998 0.638803
7.32196 1.77059
7.26782 1.87403
7.22222 1.95456
7.38695 -0.426447
7.38071 -0.439869
4.83567 0.520149
4.83461 0.534841
