6.37329 2.73092
6.36406 2.73544
5.54009 2.78919
5.46508 2.74216
6.74147 2.47013
6.71422 2.49385
4.87294 0.780146
4.87193 0.808811
6.95019 -1.01693
6.88245 -1.09311
7.14833 1.98472
7.17834 1.93655
7.52478 0.166041
7.53018 0.197646
7.3515 1.60003
7.31775 1.67608
7.41864 1.42573
7.38886 1.50703
5.51691 -1.43899
5.4788 -1.39767
4.88209 1.1476
4.88428 1.18626
5.68781 -1.56301
5.6345 -1.53133
5.06518 -0.542777
5.06758 -0.551387
5.11688 -0.704659
5.14491 -0.785522
5.26674 -1.07147
5.29142 -1.11853
5.18689 -0.893211
5.159 -0.824727
5.36198 -1.24124
5.33116 -1.19274
4.98528 1.87197
4.99047 1.89284
4.94018 1.65145
4.95205 1.71419
4.90562 1.42412
4.90578 1.42528
4.89164 0.388936
4.88985 0.406257
4.875 0.67641
4.87576 0.649798
4.87264 0.882106
4.87324 0.938522
5.30893 2.59494
5.34527 2.63711
5.1989 2.43562
5.1614 2.36833
5.11256 2.26145
5.14529 2.33423
6.0591 -1.60697
5.9717 -1.61771
6.2529 -1.54816
6.20703 -1.56432
5.87101 -1.6155
5.96029 -1.61829
5.04346 2.0752
5.02559 2.01746
6.87886 -1.09677
6.80556 -1.16875
7.26504 1.78283
7.28853 1.73768
7.27895 -0.540983
7.27032 -0.557314
4.92047 0.129273
4.92093 0.126127
6.15872 2.82202
6.07099 2.84607
6.03116 2.85471
5.9487 2.86631
5.69829 2.84935
5.74182 2.85903
6.44939 -1.4476
6.42267 -1.46264
6.64826 -1.308
6.63324 -1.31947
7.55569 0.409017
7.55503 0.39926
6.59407 2.59062
6.56807 2.61052
7.44729 1.33994
7.44809 1.33755
7.5432 0.889724
7.54159 0.90342
7.56145 0.58479
7.56183 0.599653
4.95868 -0.0958011
4.97214 -0.165091
7.061 -0.880406
7.08004 -0.856106
7.19577 -0.686675
7.16443 -0.735999
7.47564 1.23957
7.46911 1.26306
7.52091 1.03428
7.51796 1.05199
6.91763 2.2927
6.85939 2.35514
7.08718 2.07752
7.08554 2.07995
6.93515 2.27224
6.98161 2.21617
6.46048 2.68104
6.47117 2.67496
7.44535 -0.150747
7.43514 -0.182948
7.41572 -0.236921
7.42552 -0.209949
7.37419 -0.342346
7.37954 -0.329612
7.38617 1.51416
7.41984 1.42234
4.87672 1.06549
4.89167 1.28506
4.89862 0.311769
4.89611 0.337153
4.88745 0.435381
4.88439 0.474867
4.87907 0.560612
4.87681 0.610041
4.8738 0.714981
4.87484 1.01347
6.50751 2.65096
6.53475 2.633
7.50301 1.125
7.50577 1.1131
7.55571 0.763592
7.557 0.748407
5.02778 -0.405748
5.00394 -0.312511
7.22166 1.86286
7.23399 1.84108
6.31907 2.75843
6.30901 2.76301
7.35502 1.59162
7.43623 1.37355
7.4209 1.41931
4.87635 1.04003
7.49047 0.00546089
7.4701 -0.0713715
7.32446 -0.452008
7.32678 -0.447372
5.00187 -0.304021
4.99754 -0.285639
5.04379 -0.465363
7.29044 1.73379
7.29649 1.72143
6.41818 2.7062
4.89261 1.29637
4.87262 0.752002
7.50816 0.0827633
7.50041 0.0445563
5.44166 2.72521
5.57324 2.80533
5.42133 -1.32928
5.41627 -1.32225
4.89347 1.30608
7.55981 0.667057
7.55936 0.696481
7.52955 0.98614
7.52746 1.0001
4.97941 -0.200387
4.98914 -0.246565
5.22506 -0.98331
5.20969 -0.947179
4.96139 1.76258
4.98337 1.86332
6.65446 2.54447
6.78869 2.42572
5.24957 2.51801
5.24658 2.51314
6.15534 -1.58338
6.0917 -1.59869
5.07531 2.17062
5.07426 2.16781
7.10401 -0.822115
7.14002 -0.77268
7.01692 -0.938551
6.88093 -1.0947
5.84478 2.87053
5.85098 2.87029
6.54824 -1.383
6.53218 -1.39363
7.08066 2.08683
7.03468 2.14877
6.26507 2.78314
6.23734 2.79345
7.21127 -0.660892
7.25301 -0.588501
7.54417 0.292202
7.3145 1.68317
5.63977 2.83259
5.37567 2.66723
7.54689 0.314843
5.55004 -1.46862
5.41001 -1.3128
4.90499 1.41853
5.78771 -1.60011
5.77913 -1.5986
5.77062 -1.59552
5.59931 -1.50936
7.5577 0.739249
5.08412 -0.606711
5.08907 -0.621878
5.07646 -0.582529
5.05071 -0.49038
5.15072 -0.802005
5.31194 -1.15769
5.2439 -1.02592
4.92154 1.53866
4.9263 1.56824
5.01377 1.97839
4.91811 0.146869
4.90515 0.250511
5.25198 2.52157
5.15258 2.35052
5.07615 2.17268
5.96424 -1.61847
6.31198 -1.52044
6.35167 -1.5023
6.75447 -1.21753
7.01743 -0.937934
6.72736 -1.24108
7.2993 -0.502526
4.94466 -0.0205939
4.94151 -0.00254099
4.93947 0.00997928
6.0533 2.85083
5.84084 2.87028
7.55942 0.480901
6.55174 2.62141
6.61841 2.57245
7.01799 -0.937247
7.49299 1.16754
7.49972 1.14135
7.56038 0.502681
7.48843 1.18754
7.44899 1.33481
7.51143 1.08239
7.5309 0.978589
6.82917 2.38655
6.63546 2.55923
6.92667 2.28236
7.13296 2.00891
7.01524 2.17363
7.4032 -0.269648
7.39535 -0.290008
7.35383 -0.389986
4.90309 0.267609
4.89275 0.373411
4.88272 0.497681
4.87995 0.542857
4.87623 0.624009
6.48228 2.66832
7.5499 0.826393
7.53479 0.952324
5.77592 -1.5976
4.90423 0.25843
7.45707 -0.114252
7.34358 -0.412227
7.28961 1.73547
7.25385 1.80427
7.19766 1.90398
7.54615 0.866125
7.35213 -0.393847
4.88163 0.519401
