6.3741 2.71997
6.35941 2.72717
5.54092 2.77549
5.47642 2.73505
4.99233 1.86741
4.99163 1.8645
6.74234 2.4585
6.70704 2.48922
4.8797 0.780036
4.87884 0.804572
6.9436 -1.01292
6.88622 -1.07745
7.07563 2.08106
7.07937 2.07597
7.13799 1.98789
7.17238 1.9327
7.51899 0.171463
7.52323 0.196259
7.34671 1.59444
7.31059 1.67581
7.38197 1.50678
7.39612 1.46815
5.51661 -1.42179
5.48936 -1.39225
4.88943 1.15215
4.89114 1.18227
5.68997 -1.54917
5.65212 -1.52668
7.5506 0.744618
7.55069 0.74346
5.07481 -0.54928
5.07548 -0.551673
5.12403 -0.700706
5.15604 -0.793035
5.27503 -1.0669
5.30728 -1.12839
5.19454 -0.888988
5.16036 -0.805046
5.37111 -1.2362
5.33237 -1.17524
4.94723 1.64689
4.96092 1.71926
4.91278 1.41949
4.91418 1.43008
4.89859 0.388823
4.89726 0.401708
4.88207 0.67207
4.88271 0.649685
4.87962 0.886153
4.88014 0.934287
5.31833 2.58904
5.34638 2.62161
5.20754 2.43021
5.16274 2.3498
5.12056 2.25643
5.15883 2.34154
6.0605 -1.59465
6.00422 -1.60157
6.25426 -1.53618
6.19797 -1.55601
5.87251 -1.6023
5.94535 -1.60458
5.05088 2.07041
5.03627 2.02323
6.85704 -1.10711
6.7986 -1.16451
7.26011 1.77708
7.27912 1.74057
7.27357 -0.535779
7.26312 -0.555564
4.92737 0.133193
4.92917 0.121043
6.15939 2.8111
6.05763 2.839
6.04937 2.84079
5.94939 2.85486
5.71069 2.83987
5.74255 2.84696
6.45074 -1.43569
6.41316 -1.45685
6.64964 -1.29582
6.62514 -1.31453
7.54898 0.406499
7.54875 0.403204
6.58665 2.58583
6.56889 2.59943
7.43822 1.34488
7.44077 1.33728
7.53664 0.889482
7.53556 0.898691
7.5544 0.579265
7.55492 0.599399
4.96536 -0.0921122
4.98065 -0.170836
7.05795 -0.87249
7.07377 -0.852289
7.1898 -0.683039
7.16945 -0.715067
7.47025 1.23328
7.46071 1.26764
7.51429 1.03404
7.51207 1.04737
6.91852 2.28058
6.85289 2.35095
6.92229 2.27618
6.97536 2.21214
6.45097 2.67601
6.46672 2.66705
7.43776 -0.152262
7.42965 -0.177816
7.41027 -0.231823
7.41765 -0.211519
7.36886 -0.337357
7.37144 -0.331229
7.38132 1.5085
7.41213 1.42408
4.8835 1.06155
4.89917 1.28972
4.90524 0.315604
4.90356 0.332579
4.89416 0.439271
4.89176 0.470346
4.88591 0.564577
4.88403 0.605605
4.88073 0.714868
4.88192 1.01757
6.49964 2.64588
6.51749 2.63411
7.49639 1.12475
7.49813 1.11727
5.03465 -0.401954
5.01342 -0.318908
7.21572 1.85903
7.2308 1.83239
6.31989 2.74737
6.30422 2.7545
7.348 1.59136
4.88319 1.04002
7.48119 -0.00292691
7.46445 -0.0660809
7.315 -0.454793
7.31959 -0.445623
7.41282 1.42208
5.00885 -0.300168
4.99928 -0.259591
5.05343 -0.471867
7.28536 1.72785
7.30513 1.68747
6.41367 2.69819
4.89973 1.2964
4.87942 0.755946
7.501 0.0813349
7.49464 0.0499608
5.44255 2.71053
5.5859 2.79739
4.90024 1.30214
7.55305 0.661757
7.55253 0.696229
7.52257 0.985882
7.51922 1.00831
4.98599 -0.196754
4.99654 -0.246833
5.23268 -0.979103
5.22248 -0.955136
5.42605 -1.31704
5.42172 -1.31161
4.9684 1.75804
4.99266 1.86862
6.65531 2.53304
6.78187 2.42131
5.25871 2.51227
5.26866 2.52506
6.15672 -1.57122
6.08149 -1.58932
5.78092 -1.58498
5.79149 -1.58734
5.08328 2.16548
5.07605 2.14609
7.10084 -0.813905
7.13369 -0.76882
7.00012 -0.946514
6.8738 -1.09036
7.34519 -0.392075
7.34673 -0.388722
5.8455 2.85862
5.82448 2.85627
6.5496 -1.37098
6.52344 -1.3883
7.0896 2.06124
7.02839 2.14471
6.26589 2.77206
6.22538 2.78712
7.19987 -0.666298
7.2477 -0.583355
7.53824 0.297752
7.30976 1.67764
5.64055 2.81978
5.38594 2.66079
7.53998 0.312252
5.56206 -1.46244
5.43638 -1.3292
4.90705 1.36861
5.76375 -1.57813
5.60154 -1.49509
7.55049 0.746423
5.09137 -0.602707
5.10004 -0.629285
5.07795 -0.560332
5.05862 -0.490667
5.15782 -0.798085
5.32024 -1.15311
5.24518 -1.00737
4.92864 1.53407
4.93493 1.57317
5.02125 1.97356
4.91826 0.20115
4.91162 0.254259
5.25321 2.50445
5.1606 2.34549
5.08906 2.17965
5.96571 -1.60548
6.3038 -1.51293
6.35302 -1.49044
6.75786 -1.2034
7.01074 -0.933852
6.7198 -1.23646
7.2921 -0.500776
7.3536 -0.373081
4.95309 -0.0262816
4.94895 -0.00258723
4.94628 0.0138456
6.05396 2.83999
5.85605 2.85866
7.55024 0.430778
6.5437 2.61622
6.60328 2.57342
7.02219 -0.919744
7.48603 1.16729
7.49432 1.13505
7.55341 0.502424
7.48042 1.19191
7.44362 1.32854
7.5046 1.08214
7.52474 0.973755
6.83005 2.37469
6.62789 2.55435
6.92047 2.27836
7.12705 2.0051
7.00278 2.17745
7.39519 -0.271245
7.38992 -0.284922
4.91056 0.263021
4.89942 0.377274
4.88946 0.501589
4.8872 0.538402
4.8831 0.627992
6.4831 2.65726
7.54356 0.821415
7.53099 0.931573
4.91114 0.258317
7.44706 -0.1233
7.28263 1.73333
7.24442 1.80716
7.19451 1.89538
7.53863 0.873615
4.88858 0.519288
