5.64852 1.27451
5.62907 1.21196
5.87566 -0.277036
5.81914 -0.213593
5.61599 0.276838
5.63412 0.198297
6.88108 0.769739
6.87782 0.806243
6.84029 0.249946
6.83267 0.224156
6.20874 -0.427512
6.18853 -0.426492
6.43021 -0.35273
6.47074 -0.324683
6.00971 -0.383128
6.06356 -0.40365
6.01406 1.71478
6.0353 1.72238
5.81928 1.58404
5.83721 1.60419
6.68194 -0.1021
6.64211 -0.156731
5.56674 0.762884
5.56665 0.756885
5.7572 -0.112368
5.79505 -0.176225
6.76614 1.20036
6.78063 1.16602
6.72158 -0.0372992
6.75931 0.0347537
5.6515 0.136156
5.67338 0.0743477
6.53898 1.53787
6.49399 1.57784
6.88481 0.502452
6.88292 0.481125
6.85259 0.940557
6.8494 0.955615
6.39536 1.65471
6.39477 1.65514
6.58044 1.49297
6.56678 1.50928
6.39859 1.65224
6.24826 1.71801
6.19665 1.72922
6.87224 0.841248
6.86955 0.858356
6.66896 1.37772
6.61977 1.44759
6.394 1.65561
6.26795 1.71269
6.88515 0.720549
6.88831 0.676032
5.66243 1.31326
5.67398 1.33968
5.60185 1.0984
5.58486 0.995477
5.58523 0.441955
5.58575 0.437872
5.57269 0.56492
5.57238 0.568493
5.70384 1.40958
5.71315 1.42723
6.14384 1.73456
6.12335 1.73398
6.31648 -0.406003
6.23529 -0.422564
5.90145 1.6575
5.9348 1.68093
6.59106 -0.216966
6.56719 -0.243889
5.80933 -0.198883
5.91453 -0.317833
6.72025 1.29644
6.71885 1.29924
5.59812 0.359436
5.64082 0.173396
5.57852 0.499625
5.57816 0.503204
6.80327 0.138392
6.86508 0.354783
6.10674 -0.418506
6.35161 -0.391576
6.55147 -0.259478
5.95555 -0.347201
6.07481 1.7275
5.77967 1.5337
6.70832 -0.0611335
5.56798 0.64023
5.56866 0.814293
5.72946 -0.0628116
6.71158 1.31151
6.71773 1.30125
6.80875 1.09271
6.78316 0.0884927
5.7113 -0.0216608
5.69344 0.0214151
5.59427 0.382044
5.56853 0.627603
5.75501 1.50237
6.26599 1.71359
6.86811 0.370664
6.88857 0.603878
6.88977 0.645923
6.82035 1.05692
5.74263 1.48263
6.84021 0.992098
6.61949 1.44797
5.60317 1.10606
5.57425 0.904782
5.57186 0.881616
5.57294 0.89086
5.62166 1.17943
6.83343 1.01625
6.86083 0.903168
