7.27519 1.51094
7.28137 1.49531
7.45619 0.669314
7.45882 0.595857
7.41668 1.03044
7.42552 0.986225
5.09352 -0.195392
5.09225 -0.189902
5.16112 -0.448155
5.1753 -0.494892
5.39387 -1.00128
5.34964 -0.92425
5.50415 -1.16273
5.52861 -1.19329
5.09571 1.80062
5.09448 1.7955
5.15854 2.00085
5.18436 2.07082
7.21371 1.64872
7.21454 1.64709
7.25305 -0.350205
7.22271 -0.413901
6.46991 -1.26693
6.50702 -1.24253
6.17024 2.65443
6.18338 2.64966
6.40307 2.55383
6.4201 2.54444
7.13425 -0.574411
7.11179 -0.611472
5.55286 2.57973
5.6423 2.63096
7.45353 0.74104
7.45472 0.726403
5.22733 -0.643667
5.20129 -0.571663
5.30404 -0.828523
5.34223 -0.909093
5.04765 1.58201
5.03276 1.49777
5.01148 1.35573
5.0123 1.36198
4.9947 1.18229
4.98741 1.07813
5.45658 2.50229
5.45667 2.50236
5.33207 2.35206
5.36264 2.39551
6.08059 -1.41772
6.04929 -1.41955
6.27358 -1.36604
6.28892 -1.35907
5.89367 -1.41603
5.89494 -1.41617
5.23507 2.1834
5.20271 2.1131
6.89152 -0.905261
6.84719 -0.954151
6.69494 -1.10133
6.68139 -1.11328
5.7124 -1.34904
5.65005 -1.30629
7.29121 -0.262341
7.27135 -0.310228
7.36129 -0.0643355
7.38311 0.0118324
7.41871 0.167896
7.43364 0.253425
5.05907 -0.0293847
5.0664 -0.0665498
4.98021 0.872628
4.98081 0.908245
4.98228 0.675573
4.98123 0.712778
4.99849 0.404531
4.99447 0.451857
5.02802 0.149718
5.02247 0.187232
5.90514 2.69124
5.95937 2.69124
5.75325 2.67157
5.71694 2.65872
6.98225 -0.7965
6.94126 -0.84819
7.31312 1.41303
7.33984 1.33356
7.39802 1.12113
7.39345 1.14362
7.45704 0.493346
7.45106 0.401733
7.45734 0.503109
7.45812 0.53383
5.13249 -0.347926
5.10814 -0.256885
7.43255 0.934105
7.4265 0.980235
6.75472 2.29126
6.75697 2.28905
6.58077 2.43893
6.60264 2.42186
6.89885 2.13527
6.88403 2.1532
7.02616 1.96999
6.9909 2.01888
6.30889 2.60083
6.34863 2.58248
6.44012 2.53303
6.47137 2.51394
5.15029 -0.411285
4.98148 0.944495
4.98279 1.00155
4.9796 0.813335
7.368 1.24025
7.38422 1.17932
5.10557 -0.24676
5.10659 -0.250818
5.17621 -0.497842
5.18012 -0.510637
6.83455 2.20952
6.82673 2.21787
7.04484 1.94241
7.0866 1.87735
7.29838 -0.244354
7.31652 -0.197539
7.31137 1.41835
4.99909 1.2389
4.99713 1.21493
7.44972 0.790893
7.44637 0.828715
5.00165 0.370539
5.00648 0.321268
4.98443 0.620938
4.98606 0.58236
7.16405 1.74363
7.15538 1.75981
5.05092 0.0145332
5.04239 0.0600649
4.97965 0.777968
7.08106 -0.659707
7.04754 -0.70896
7.2459 1.57963
7.30929 1.4244
7.45861 0.587665
7.45576 0.692663
7.42613 0.982328
7.41279 1.05303
5.08201 -0.143732
5.10038 -0.226
5.34583 -0.916624
5.43805 -1.07434
5.57111 -1.23693
5.45832 -1.10181
5.0702 1.69227
5.09878 1.812
6.66739 2.3699
6.68213 2.35696
5.39051 2.42957
5.45656 2.50227
6.17633 -1.39855
6.16841 -1.40025
5.80291 -1.39134
5.89224 -1.41563
5.19398 2.09395
5.14223 1.95252
6.71802 -1.08029
6.7733 -1.0291
7.21959 1.63669
7.18536 1.70357
7.21414 -0.430648
7.26966 -0.314098
7.39352 0.0528173
7.41126 0.129836
4.9802 0.742116
5.00781 0.308993
5.02149 0.194557
5.75919 2.67291
5.85585 2.68889
6.56892 -1.20087
6.39425 -1.30956
6.97689 2.03729
6.9387 2.08684
6.06401 2.67982
6.02979 2.68362
6.13185 2.664
6.27748 2.61556
7.01441 -0.75424
7.17159 -0.509671
7.23901 1.59504
7.24238 1.58747
5.65178 2.63559
5.53534 2.56705
7.45299 0.750355
5.26362 -0.739369
5.1925 -0.546865
5.26372 -0.739607
5.26381 -0.739805
5.44505 -1.08419
5.62107 -1.2846
5.02801 1.46987
5.06033 1.64475
5.12664 1.90546
5.01131 1.35428
5.2921 2.28928
5.98635 -1.42374
6.1784 -1.39784
6.37217 -1.32179
5.75061 -1.36799
5.27136 2.25523
5.28006 2.27033
6.80768 -0.995918
6.91697 -0.876697
6.60996 -1.16951
7.13766 1.79152
7.10302 1.85052
7.19031 -0.476031
7.29459 -0.254044
7.32154 -0.183702
7.34996 -0.101328
7.43754 0.281105
5.0745 -0.108219
5.05414 -0.00324089
4.98323 0.647579
4.98736 0.557562
4.99279 0.473312
5.00007 0.386572
5.04111 0.0677313
7.44958 0.385397
7.388 1.16367
7.40205 1.10461
7.45728 0.498881
7.36353 1.25558
7.40703 1.07854
7.43723 0.905096
6.76598 2.28
6.51808 2.48349
6.81654 2.22863
6.85493 2.18716
7.04046 1.94922
6.49476 2.49974
7.44393 0.85252
6.29279 2.60866
7.34021 1.33234
6.38567 2.56378
7.33987 1.33346
