5.44224 -2.34768
5.45852 -2.35337
5.29015 -2.23901
5.31638 -2.26196
6.09071 -2.25134
6.18846 -2.19811
5.85621 -2.34731
5.83536 -2.35452
4.95833 -1.63066
4.96953 -1.65943
6.60493 3.13669
6.61074 3.13237
4.66998 -0.645112
4.71157 -0.814626
5.0378 -1.82797
5.03829 -1.82899
4.5831 2.05573
4.57367 1.99921
5.90559 3.47468
5.93777 3.46696
4.7299 2.67237
4.73732 2.69502
7.03304 2.76251
7.04607 2.74906
7.16178 2.61774
7.13956 2.64415
7.86657 1.13554
7.87688 1.07984
7.36751 -1.11859
7.3686 -1.11704
7.44777 2.21594
7.46339 2.18982
7.36448 2.34775
7.36057 2.35354
7.77818 1.48385
7.76102 1.53745
7.91976 0.694306
7.92263 0.60346
7.76719 -0.3495
7.74029 -0.423375
7.83449 -0.131125
7.83605 -0.125352
5.04317 3.24857
5.10673 3.31112
5.21884 3.39351
5.30246 3.43754
5.58231 -2.38486
5.58515 -2.38519
5.69955 -2.3816
5.67038 -2.38554
7.88637 0.114005
7.87624 0.0556664
7.91625 0.370361
7.91283 0.324545
4.92641 -1.53923
4.90488 -1.47754
4.52831 1.64378
4.53206 1.6795
4.50879 1.42287
4.50724 1.40571
4.66205 -0.610819
5.10161 -1.96262
5.11238 -1.98176
4.56426 1.938
4.56913 1.97044
7.57469 -0.784801
7.53331 -0.858601
5.72649 3.50268
5.71114 3.50465
6.16618 3.38818
6.13886 3.39844
6.39036 3.27557
6.42508 3.25409
6.837 2.95145
6.88621 2.90728
7.4673 -0.967618
7.51321 -0.89384
6.48533 -2.00404
6.4069 -2.0605
6.63011 -1.89462
6.60734 -1.91265
6.84613 -1.70812
6.80346 -1.74714
7.01593 -1.54142
6.99515 -1.56349
5.28739 -2.23601
5.23833 -2.17917
5.95111 -2.31358
5.93635 -2.32015
5.53529 -2.37735
5.50839 -2.37169
4.4894 0.91348
4.48933 0.909967
4.49437 1.16104
4.49458 1.16747
4.50779 0.410428
4.51001 0.378525
4.55436 -0.0302562
4.54485 0.0437459
4.49415 0.649298
4.49385 0.656013
4.59843 -0.299062
4.59293 -0.268775
4.79291 -1.11674
4.77037 -1.038
4.84569 -1.29533
4.84084 -1.27883
7.80341 -0.239105
7.78263 -0.304437
5.1905 -2.11353
5.19184 -2.11582
6.2166 -2.18224
6.08767 -2.25281
4.65164 -0.562596
5.96112 3.4596
5.82169 3.49146
6.23598 3.35645
6.27881 3.33614
4.70219 2.58087
4.68653 2.52809
4.7529 2.73735
4.77094 2.7849
7.08481 2.70581
7.11488 2.67258
7.2645 2.48806
7.23661 2.52431
6.58511 -1.92919
6.50764 -1.98872
6.93719 -1.62045
6.89985 -1.65755
7.52653 2.07803
7.55455 2.02554
7.82567 1.3171
7.81655 1.35247
7.72768 -0.456815
7.70112 -0.520231
7.69133 -0.543633
6.77726 3.0023
6.74211 3.03164
6.52352 3.19234
6.5509 3.1745
4.52561 1.61534
4.51715 1.52511
4.51394 1.48702
4.50494 1.37369
4.50296 1.34562
4.73087 -0.891429
4.84034 2.94606
4.86194 2.98863
4.59861 2.14175
4.61547 2.22974
6.05248 3.4316
6.29134 3.32925
6.50099 3.20761
5.60339 3.50642
5.65048 3.50679
6.92178 2.8731
6.37967 -2.07772
6.76945 -1.77646
6.70591 -1.83199
7.08927 -1.46464
6.28666 -2.13937
6.07066 -2.26096
6.03725 -2.27693
4.75227 -0.972682
4.7573 -0.991673
4.49052 1.03627
4.49006 0.976979
4.48929 0.853468
4.48928 0.846495
4.49721 1.23906
4.49657 1.22325
4.49266 1.10398
4.50042 0.514926
4.50427 0.460391
4.51404 0.32993
4.52502 0.211416
4.53656 0.106188
4.56101 -0.0757147
4.49131 0.726094
4.49163 0.716101
4.49681 0.590814
4.78534 2.82
4.79466 2.84389
4.64326 2.35682
4.64629 2.37079
7.65626 1.81178
7.66613 1.78873
7.15429 -1.39036
7.14827 -1.39739
7.31435 -1.19023
7.28392 -1.23047
7.90494 0.886614
7.90329 0.902901
7.81869 -0.186754
5.36912 -2.30693
5.42925 -2.34205
4.73775 -0.918109
4.75151 -0.969765
4.49071 1.04048
4.49072 1.0448
6.70804 3.05918
6.6676 3.0894
6.5663 3.16379
6.55307 3.17303
4.61854 -0.403601
4.60034 -0.309473
4.50004 0.525611
4.49926 0.535572
4.59326 2.11412
4.59563 2.12652
4.56639 -0.109462
4.58003 -0.193555
4.62729 2.28442
4.63307 2.31151
4.62031 2.2522
7.70582 1.69069
7.72101 1.65151
7.65697 -0.619148
7.63885 -0.659078
4.93446 3.11093
4.95062 3.135
5.59169 3.50541
5.49699 3.49577
4.56357 1.9328
4.55509 1.87193
7.36548 -1.12144
7.91529 0.771295
7.91865 0.726921
5.35932 -2.2997
5.3624 -2.30248
4.52251 1.58187
4.51963 1.55118
4.62839 -0.452151
4.88137 3.02341
4.90888 3.07194
4.51788 0.286191
4.51987 0.264685
4.81897 -1.20627
4.80498 -1.15816
5.48827 -2.36536
5.00746 3.2091
4.98804 3.18563
5.34535 3.45471
5.39933 3.47331
5.80641 -2.36149
5.88587 -2.33868
5.60053 -2.38515
7.90423 0.239452
7.89833 0.191528
4.93642 -1.56889
4.97626 -1.67567
5.03744 -1.8272
5.0742 -1.90532
4.5733 1.9971
4.58442 2.06286
7.57941 -0.775911
7.6306 -0.675605
7.62077 1.89034
7.60167 1.93102
4.66047 2.43146
4.66018 2.4303
4.74598 2.71945
4.72819 2.66679
7.12357 2.66259
7.17329 2.60405
7.8495 1.21822
7.88821 1.01049
7.418 -1.04381
7.48771 2.14774
7.41369 2.27176
7.32063 2.41068
7.37881 2.32613
7.75073 1.56757
7.78993 1.44609
7.92248 0.552939
7.9192 0.714434
7.86365 -0.00688647
7.84931 -0.0701533
5.1218 3.32372
5.20498 3.38517
5.46782 3.48873
5.76334 -2.3727
7.92114 0.455238
4.88078 -1.40541
4.87407 -1.38582
5.00521 -1.74866
5.13116 -2.01449
4.56393 1.93557
7.67477 -0.580928
7.51544 -0.890061
7.44374 -1.00503
7.92248 0.494746
6.08541 -2.25383
5.90442 -2.33131
5.98681 -2.29954
5.57704 -2.38389
7.91094 0.828439
7.90853 0.853768
4.76718 -1.02698
4.8596 -1.34142
5.19428 -2.11948
5.15132 -2.05117
4.66005 2.42973
4.71489 2.62462
7.19954 2.57149
7.05415 2.74045
7.89748 0.945711
7.84079 1.2565
7.30324 2.43511
7.09297 -1.46048
7.11216 -1.4387
7.56418 2.00675
7.51033 2.10775
7.40677 2.28271
7.80314 1.40036
7.72995 1.62668
4.5364 1.72202
4.54093 1.7616
4.49984 1.30477
4.8623 2.98937
4.82019 2.90398
5.68852 3.50629
5.59868 3.50625
5.99675 -2.29467
4.48908 0.789847
4.49875 1.28548
4.49473 1.17412
4.87055 -1.37573
4.52192 0.240694
4.53714 0.10143
4.48919 0.782857
4.49351 0.662329
4.81836 2.90011
7.20507 -1.33004
7.0909 -1.46282
7.9123 0.815409
7.68805 1.73575
4.91757 3.08572
4.55415 1.86455
4.54683 1.80783
4.97653 3.16993
7.64707 1.83318
7.57478 1.98591
4.4993 1.29456
4.53424 1.70291
4.51032 1.44279
4.54485 1.79302
4.48915 0.786392
4.48945 0.91706
5.22341 -2.16121
7.22293 -1.30802
7.26049 -1.26106
6.63478 3.11431
4.8193 2.90217
5.7043 3.50545
