6.18109 2.50798
6.28356 2.47218
6.98702 -0.623663
7.04025 -0.542201
7.36931 0.601151
7.36962 0.592569
5.13989 1.52241
5.14888 1.56406
5.72514 -1.16392
5.76608 -1.18662
7.15416 -0.340636
7.15191 -0.345358
7.31988 0.138808
7.30758 0.0849587
5.14019 0.0527078
5.13886 0.0594654
5.07344 0.749806
5.0741 0.710582
5.11097 0.237521
5.10645 0.272614
5.80483 2.51828
5.76373 2.5071
5.96999 2.54025
5.97569 2.53975
6.39637 2.41918
6.3425 2.44607
6.4504 2.38701
6.43406 2.3968
6.96429 -0.655002
6.90504 -0.730683
7.20815 1.43267
7.18041 1.49935
5.08258 1.07353
5.08675 1.13484
5.25352 -0.397135
5.23676 -0.343689
5.32386 -0.590362
5.36125 -0.679626
5.4074 -0.771446
5.36577 -0.689944
5.50779 -0.938369
5.54276 -0.987744
5.19136 1.73882
5.20488 1.78483
6.29132 -1.2098
6.38626 -1.16798
6.0989 -1.2565
6.16465 -1.24501
5.25852 1.93626
5.23567 1.87506
5.34177 2.11446
5.37962 2.18059
5.44929 2.27699
5.4116 2.22589
5.59294 2.41617
5.56618 2.39625
6.75439 -0.897586
6.72665 -0.92477
6.55341 -1.06559
6.59202 -1.03859
7.01703 1.80809
7.04965 1.75498
7.12577 1.61848
7.12523 1.6196
5.6347 -1.09066
5.63895 -1.09411
5.91101 -1.24595
5.82671 -1.2186
7.25434 -0.0958183
7.23907 -0.139231
5.08534 0.483139
5.08073 0.549528
7.3531 0.33304
7.35822 0.378849
6.48763 -1.11086
6.41124 -1.15439
6.80462 2.09012
6.85379 2.03205
7.24095 1.34462
7.22165 1.39786
7.27098 1.25333
7.27518 1.23872
7.32624 1.02711
7.31971 1.06355
6.58497 2.29426
6.59187 2.28913
7.34985 0.882598
7.34575 0.916881
5.28092 -0.481462
5.26662 -0.437802
5.22813 -0.315615
5.19263 -0.187952
5.17922 -0.130483
5.07512 0.944541
5.07436 0.906032
6.70076 2.19469
6.71625 2.17988
7.3067 1.11776
7.31453 1.0873
6.91827 1.95188
6.88859 1.99032
6.79802 2.0977
7.3623 0.762758
7.35733 0.823369
5.19497 -0.197392
5.19985 -0.21665
6.50572 2.35183
6.49928 2.35585
5.1564 -0.0266571
5.16495 -0.0671621
6.79484 2.10119
6.78654 2.11006
6.34219 2.44623
6.33456 2.44969
5.07774 0.999318
5.19402 -0.193587
5.09628 1.23893
5.10284 1.2967
5.22283 -0.298042
5.21051 -0.254581
5.96436 2.53999
5.86623 2.53206
6.14742 2.51538
6.28821 2.47055
7.08005 -0.477109
6.97587 -0.639571
7.3677 0.51634
7.36841 0.649946
7.3358 0.978999
7.33392 0.991153
5.286 -0.495234
5.29002 -0.505593
5.45357 -0.857129
5.45306 -0.856311
5.164 1.63167
5.11982 1.41622
6.19435 -1.23986
6.28216 -1.21265
5.29665 2.02762
5.30254 2.03908
5.51594 2.34992
5.4716 2.30431
6.67566 -0.969588
6.60317 -1.03044
7.12505 1.61995
7.09512 1.67597
5.81737 -1.21513
5.7199 -1.15999
7.19762 -0.244358
7.14389 -0.36104
7.33354 0.205086
7.29103 0.0226502
5.13351 0.0873134
5.15188 -0.00384821
5.07469 0.683777
5.0733 0.775753
5.12654 0.129691
5.09648 0.35938
5.68726 2.47426
6.07502 2.53109
5.6629 2.46224
6.85452 -0.791773
6.83059 -0.8183
6.79066 -0.860339
7.10089 -0.441217
7.17265 1.51756
7.21515 1.4148
5.36337 -0.684583
5.45435 -0.85831
5.56732 -1.01667
5.63443 -1.09042
5.11891 1.41114
5.18548 1.7162
5.22384 1.84267
5.11605 1.39209
6.00501 -1.25944
6.02679 -1.2587
6.38981 -1.1664
5.97623 -1.25601
5.29102 2.01558
5.39142 2.19838
6.50007 -1.10253
6.96102 1.89406
7.07268 1.71565
7.20303 -0.231785
7.27593 -0.0296571
7.20902 -0.216823
7.34161 0.25287
5.07587 0.645388
5.0912 0.412547
5.07757 0.608816
5.09381 0.384355
5.1285 0.11739
7.36599 0.468624
6.66344 2.2287
6.67881 2.21576
7.36752 0.495573
7.36696 0.68939
7.29772 1.1582
7.29666 1.16203
7.24997 1.31744
7.29248 1.17724
7.31704 1.07523
7.33991 0.956085
6.95377 1.90434
6.9592 1.89678
6.73668 2.15977
6.65117 2.23924
6.87791 2.0038
7.36664 0.698725
7.3554 0.840896
5.07304 0.866428
5.07263 0.815566
5.08975 1.18032
5.07265 0.801162
6.39864 2.41784
6.39755 2.4185
5.17078 -0.0936862
5.20851 -0.247932
5.07329 0.880415
