4.71855 -1.16923
4.73667 -1.2357
5.41675 -2.55399
5.38677 -2.5441
5.01124 -2.06464
4.98995 -2.01308
5.04784 3.4433
5.11335 3.4948
4.65949 -0.946335
4.63807 -0.858818
4.57256 -0.57245
4.54632 -0.444485
6.17939 3.49359
6.28212 3.444
4.58376 2.50718
4.60161 2.58102
4.64155 2.72744
4.64202 2.7289
7.29346 2.57584
7.32865 2.52874
7.41704 -1.17695
7.46685 -1.10634
7.25836 -1.38568
7.27303 -1.36751
6.60271 -2.02734
6.63022 -2.00624
6.9517 -1.71798
7.01726 -1.65393
4.82138 -1.52833
4.80587 -1.476
7.82625 -0.40479
7.82569 -0.406337
4.83668 3.18899
4.81416 3.14988
4.9042 3.28903
4.91529 3.30381
4.98857 3.38852
5.01485 3.41403
5.26491 3.57618
5.30805 3.59272
5.81503 -2.51309
5.75337 -2.53568
4.88384 -1.72363
4.87773 -1.70662
6.79621 3.09532
6.77162 3.11642
6.53982 3.28956
6.58163 3.26073
5.7006 3.63138
5.72027 3.62914
4.58968 -0.65179
4.61557 -0.763697
4.52522 2.22097
4.51471 2.16308
4.48714 1.98608
4.48898 1.99834
7.72842 -0.641207
7.7432 -0.607908
7.60854 -0.875074
7.62556 -0.844734
5.95192 3.57988
5.96013 3.57697
6.33231 3.41713
6.4031 3.37726
7.07414 2.83414
7.08462 2.82279
6.94275 2.96416
6.99476 2.9149
7.51771 -1.02701
7.46966 -1.10219
6.78436 -1.87408
6.82574 -1.83828
7.10745 -1.55958
7.09149 -1.57653
7.99533 0.573942
7.99525 0.533813
6.37222 -2.20008
6.41076 -2.17423
6.284 -2.26162
6.25201 -2.28104
4.93992 -1.88573
4.96292 -1.94546
4.80229 3.1283
4.79525 3.11406
5.48547 3.63184
5.50203 3.6332
4.69697 2.88993
4.68139 2.84711
7.70534 1.87782
7.6852 1.92316
7.98657 0.780899
7.98878 0.753228
4.76821 -1.35001
4.76381 -1.33506
5.44857 -2.56117
5.32404 -2.51155
5.3456 -2.52263
5.31084 -2.50325
5.03045 -2.10481
5.04943 -2.14714
5.1199 -2.28121
5.11844 -2.2791
6.10446 -2.37381
6.089 -2.38225
5.29963 -2.49309
5.25114 -2.45395
5.26863 -2.46786
5.19782 -2.39597
5.17496 -2.36328
4.41327 0.890736
4.41338 0.850069
4.41414 1.01723
4.41368 0.977069
4.42802 1.38923
4.42613 1.35836
4.43649 1.50947
4.43483 1.48666
4.51792 -0.294464
4.53688 -0.395988
4.43459 0.359588
4.43682 0.331187
4.42526 0.495835
4.42729 0.461644
4.48821 -0.11514
4.48845 -0.11679
4.45339 0.157271
4.45716 0.122714
5.93885 3.58357
5.83641 3.60894
6.13064 3.51351
6.29175 3.43943
4.56499 2.42699
4.55544 2.38137
7.19034 2.70429
7.19742 2.696
7.96943 0.944371
7.95735 1.02926
7.92717 1.19548
7.90235 1.30619
7.3478 -1.27156
7.31076 -1.32028
6.6955 -1.9511
6.53107 -2.08456
7.03143 -1.63915
6.92194 -1.74791
7.49562 2.28033
7.4835 2.30002
7.57445 2.14251
7.54605 2.1938
7.41147 2.41098
7.44695 2.35769
7.85516 1.47661
7.87481 1.41009
7.7993 1.64414
7.81739 1.59321
5.58851 -2.5692
5.55315 -2.57218
5.67691 -2.55502
5.64409 -2.56246
7.91171 -0.124035
7.91472 -0.112349
7.86564 -0.287876
7.86813 -0.27974
7.86337 -0.295232
7.83242 -0.386777
7.82495 -0.408288
4.89103 3.26926
4.94725 3.34322
6.87209 3.02921
6.84752 3.05121
6.65791 3.20486
6.63663 3.22097
6.51355 3.30787
4.53526 2.27974
4.50112 2.08121
5.80563 3.61444
5.77825 3.62014
6.06611 3.54041
6.41622 3.36896
6.4093 3.37336
7.01107 2.89844
6.91412 2.99184
6.50585 -2.10277
6.86992 -1.7964
6.72841 -1.92403
7.11146 -1.55538
6.32629 -2.23227
4.76644 3.05776
6.03687 -2.41123
6.03862 -2.41039
4.67974 -1.02387
4.68285 -1.03561
4.45658 1.7382
4.45705 1.74328
4.44381 1.59876
4.44511 1.61497
4.41677 0.682884
4.41551 0.722439
4.42201 0.555834
4.42027 0.59206
4.72567 2.96518
4.71902 2.94945
7.74588 1.783
7.72856 1.82551
7.68102 1.93207
7.63827 2.02115
7.15873 -1.50234
7.20096 -1.45381
4.63132 -0.830332
4.41863 1.19351
4.41993 1.23106
4.41504 1.06443
4.4159 1.10407
6.18673 -2.32424
4.8485 3.20721
4.66537 -0.96919
4.66628 -0.972595
6.72039 3.15776
6.71494 3.16194
4.50493 -0.220478
4.50724 -0.234764
7.15536 -1.50622
7.1306 -1.5341
4.96324 -1.94636
4.96597 -1.95331
5.97944 -2.44142
5.9378 -2.4616
7.99076 0.397052
7.98449 0.306483
4.47251 1.87625
4.47179 1.87108
7.96208 0.12428
7.95059 0.053889
4.49796 2.06198
4.96989 3.36795
7.9817 0.841444
7.98253 0.832013
4.74315 -1.25978
4.70442 -1.11652
4.8487 -1.61696
4.84277 -1.59711
4.9869 -2.00625
5.01865 -2.08034
5.11629 -2.27544
5.08245 -2.21345
5.14245 3.51379
5.37199 3.60995
5.40459 3.61921
5.90639 -2.47533
5.86221 -2.49571
7.97513 0.22034
7.97021 0.177682
4.4235 1.29456
4.42408 1.32895
4.41345 0.95413
4.41329 0.913569
4.41505 0.786567
4.4133 0.82722
4.43202 1.44949
4.43023 1.42251
4.42953 0.427956
4.43168 0.396422
5.56217 3.63698
5.60402 3.63681
4.49534 2.04569
4.46901 0.0221634
4.47156 0.00225756
7.67191 -0.757458
7.68248 -0.736736
4.57747 2.48185
4.62156 2.65563
4.65673 2.77509
4.63963 2.7212
7.15197 2.74868
7.17689 2.72018
7.95038 1.07198
7.93325 1.16559
7.26057 2.61787
7.35742 2.48937
7.46873 -1.10358
7.39 -1.21487
7.30416 -1.32846
7.25542 -1.38937
7.53556 2.21212
7.49833 2.27583
7.82846 1.56026
7.84718 1.50272
7.99382 0.647605
7.99325 0.667887
5.63386 -2.56342
5.59878 -2.56901
4.79455 -1.43934
4.86536 -1.67028
5.21101 3.55253
5.17868 3.53579
5.43566 3.62451
6.02747 -2.4162
5.98821 -2.43679
5.71823 -2.54464
7.98046 0.266497
7.92934 -0.0519905
7.93339 -0.0328074
7.92639 -0.0656243
4.9092 -1.79801
4.93389 -1.86811
4.48017 1.93471
7.69173 -0.718198
7.77849 -0.526244
7.56557 -0.949129
7.3648 -1.24968
7.54058 -0.99079
7.99473 0.482844
4.76979 -1.35524
5.68915 -2.55312
4.44979 1.66823
4.45073 1.67912
4.41911 0.619198
4.41761 0.657254
4.66893 2.81002
4.70263 2.90617
4.4166 1.12883
4.41771 1.16756
4.51061 -0.254405
4.6942 -1.07849
5.47531 -2.56778
5.50713 -2.57102
5.0715 -2.19028
5.1599 -2.34355
5.21971 -2.42053
4.41431 1.04057
4.43972 1.55081
4.44018 0.290897
4.42321 0.526861
4.48994 -0.126486
4.44444 0.244126
4.62763 2.67901
4.55164 2.36227
7.22819 2.65834
7.13825 2.76432
7.97547 0.896689
7.90015 1.3152
7.39221 2.43939
7.20979 -1.44331
7.61227 2.07147
7.59123 2.11164
7.45417 2.34648
7.87944 1.39318
7.78556 1.68168
5.53998 -2.57135
7.89964 -0.170603
6.76935 3.11827
4.46259 1.79761
4.46357 1.80663
6.07852 -2.38776
4.41466 0.746707
4.72883 2.97222
4.66122 2.78802
4.54204 2.31409
7.72639 1.83054
7.76817 1.72821
7.63502 2.02761
4.75253 3.02661
4.42078 1.25825
5.6455 3.63477
7.99329 0.440405
4.46381 1.80845
4.46368 1.80744
5.74292 3.62558
7.99298 0.674223
5.23933 -2.44178
6.69078 3.18022
6.82262 3.0732
4.93713 -1.87756
5.37076 -2.53675
7.77034 1.72261
7.785 -0.510477
6.61731 3.23551
7.89652 -0.181962
