6.17984 -2.5989
6.18218 -2.59724
8.0175 -0.323746
8.03906 -0.253277
4.6728 -1.75302
4.69487 -1.83611
4.2589 1.35825
4.25442 1.30069
4.24842 0.850263
4.24745 0.796748
6.84899 3.28365
6.80769 3.31781
4.26384 1.48479
4.2639 1.48587
4.37049 -0.42811
4.37574 -0.456459
4.31619 2.06012
4.32001 2.09354
4.88315 -2.54836
4.88315 -2.54835
4.30261 -0.00114488
4.29838 0.0328271
7.8089 -0.8351
7.84774 -0.756396
7.81724 2.00431
7.85505 1.91983
5.03298 3.81668
5.05856 3.83066
5.20221 3.88558
5.18933 3.88227
4.85708 -2.45697
4.86435 -2.47975
7.1336 3.01431
7.19444 2.95047
8.10434 1.0778
8.08379 1.19214
7.43775 2.65277
7.45672 2.6273
4.65186 3.40626
4.66807 3.43794
5.37363 -3.07359
5.37927 -3.07218
8.14947 0.612675
8.14754 0.679724
4.94195 -2.73899
4.92866 -2.69368
5.18448 -3.08352
5.22818 -3.09182
5.00794 -2.89794
5.03877 -2.95208
4.98138 -2.83748
5.00445 -2.88953
5.07384 -3.00202
5.09035 -3.02321
4.7186 -1.92639
4.72885 -1.97069
5.68552 -2.92866
5.66267 -2.94078
4.66654 -1.72644
4.64072 -1.61929
6.64385 3.4473
6.59336 3.48352
5.98627 3.81513
5.98513 3.81551
5.70469 3.89702
5.76278 3.88459
6.2401 3.70037
6.26342 3.68875
6.48047 3.56078
6.4853 3.5578
7.066 3.08423
7.25464 2.88245
7.21221 2.93121
7.62508 -1.15352
7.66642 -1.08936
7.52427 -1.30331
7.52995 -1.29527
6.99324 -1.91553
7.06404 -1.84526
6.82708 -2.07186
6.87286 -2.03098
4.75316 3.56807
4.74064 3.55092
6.65951 -2.21911
6.64043 -2.23472
7.94795 -0.524323
7.93292 -0.562718
8.14861 0.437171
8.1476 0.412615
4.2731 1.62427
4.2723 1.61417
5.57993 3.91543
5.6174 3.91082
7.67764 -1.07124
7.73482 -0.973476
4.54681 3.16903
4.55064 3.17968
6.95055 3.19375
6.97024 3.17527
4.33932 2.23033
4.34496 2.26889
7.15784 -1.74508
7.19822 -1.70128
5.93728 -2.77036
5.9737 -2.74537
6.03464 -2.70357
6.05687 -2.68736
4.62535 -1.55877
4.58734 -1.4007
4.24704 0.98749
4.24697 0.977264
5.87509 3.85325
5.80719 3.87183
4.4122 -0.636341
4.39627 -0.560618
4.25939 0.467198
4.25955 0.464374
4.35338 2.31467
4.36034 2.36818
4.34375 -0.277442
4.33196 -0.205386
7.90104 1.80928
7.93811 1.71273
7.72056 2.20054
7.76386 2.116
4.37203 2.44593
4.37939 2.49111
4.4083 2.64785
4.41736 2.69586
5.33172 3.91266
5.33261 3.91274
8.0686 1.26299
8.05552 1.32242
7.35495 2.76218
7.39032 2.71651
7.48312 2.59
7.51898 2.53789
6.91162 -1.99399
6.96893 -1.9401
7.67709 2.28062
7.68883 2.25937
7.59705 2.4168
7.62779 2.36639
4.59641 3.29341
4.59742 3.296
5.36571 -3.07476
4.74171 -2.02437
4.7581 -2.0803
4.79848 -2.23412
4.81324 -2.28804
4.77198 -2.13531
4.77566 -2.14948
7.96746 1.62832
7.94081 1.70508
8.01925 1.46117
7.99867 1.53259
5.86166 -2.81925
5.88728 -2.80272
5.65135 -2.94636
5.74357 -2.89284
6.517 -2.33769
6.53234 -2.32569
8.05718 -0.188067
7.98898 -0.412824
7.96095 -0.489841
6.65334 3.43998
6.70217 3.40261
6.87016 3.26508
6.91041 3.22972
6.04128 3.79264
6.06233 3.78361
5.77944 3.87978
5.64895 3.90675
4.29797 1.9098
4.30061 1.93287
4.32753 2.1503
6.20741 3.7172
6.13608 3.75061
6.43011 3.59282
6.41248 3.60314
7.28919 2.84319
6.73987 -2.14921
6.77594 -2.11841
7.07228 -1.83656
4.76714 3.5853
8.14507 0.720988
8.13984 0.79338
6.31352 -2.498
6.34177 -2.47673
6.44017 -2.39931
6.4688 -2.37676
6.56284 -2.29982
6.59592 -2.27263
6.70151 -2.18246
4.66905 -1.73684
4.93144 3.75197
4.94084 3.75921
8.14634 0.390053
8.15085 0.541413
4.52366 -1.13404
4.5317 -1.16775
4.49747 -1.02288
4.50183 -1.04162
4.25357 0.58828
4.25328 0.594777
4.45559 2.86375
4.45376 2.85716
4.49638 3.01225
4.48719 2.98218
7.40061 -1.46679
7.42383 -1.43764
7.30355 -1.58411
7.33669 -1.54519
4.44691 -0.799271
4.44474 -0.789266
4.4646 -0.880431
4.47272 -0.915461
4.24851 1.09489
4.24869 1.10426
4.58084 -1.37434
4.57256 -1.3405
4.58324 -1.38383
8.00303 -0.370955
4.89377 3.72177
4.86319 3.69315
8.12374 0.148512
8.11986 0.12045
4.4846 -0.967135
4.48729 -0.97854
4.25051 0.72326
4.24778 0.776968
7.05145 3.09862
7.01004 3.138
6.74671 3.36782
6.76433 3.35327
5.51069 3.91994
5.49168 3.92118
4.31173 2.03068
4.308 1.99649
4.29015 1.82541
4.28818 1.80565
4.27417 0.267345
4.27341 0.275913
5.32033 -3.08445
4.84396 -2.40433
4.83632 -2.37719
8.13146 0.870873
8.13762 0.817804
8.12287 0.949673
8.12634 0.923044
4.52921 3.11983
4.52516 3.10687
5.45674 -3.04429
5.51286 -3.01875
5.62029 -2.96319
5.5912 -2.979
5.82377 -2.84328
8.0733 -0.125565
7.92422 -0.583902
7.91634 -0.603716
6.57348 3.49767
6.54026 3.52099
8.15071 0.568919
4.28637 1.78756
4.28254 1.74205
7.25182 -1.64324
7.2409 -1.6555
8.12716 0.172914
8.13187 0.215348
4.70604 -1.88129
4.25365 1.23126
4.25396 1.28855
6.31919 3.6584
6.34802 3.64148
7.30367 2.82516
7.32015 2.80554
4.80118 3.62865
4.83265 3.663
6.17487 -2.6025
6.26025 -2.53865
8.13837 0.281577
8.13634 0.259912
4.25428 1.29476
4.26063 1.41942
4.24773 0.786763
4.24707 0.903559
4.26751 1.54524
4.26285 1.46534
4.3907 -0.532592
4.36864 -0.418198
4.91115 -2.64535
4.90349 -2.61592
4.88315 -2.54834
4.86925 -2.49583
4.28724 0.133807
4.31408 -0.0869001
4.26363 0.398626
4.26405 0.393291
7.86519 -0.718895
7.7927 -0.866604
5.29666 -3.09007
7.8607 1.90665
7.81041 2.0192
4.38229 2.50674
4.3976 2.59397
4.51952 3.0882
4.50539 3.04458
5.16769 3.87481
5.25914 3.89999
8.10792 1.0558
8.08184 1.202
5.249 -3.09363
7.29171 -1.59801
4.68438 3.46414
4.63121 3.36823
4.57378 3.23854
4.59331 3.2861
5.58079 -2.98509
5.5452 -3.00396
4.95809 -2.77821
5.13384 -3.05987
5.1581 -3.07304
5.10711 -3.03598
5.04525 -2.96534
5.00717 -2.89583
4.97397 -2.82317
8.14037 0.302718
8.10282 0.0130853
8.10913 0.0476336
8.09393 -0.0326557
7.74641 -0.952543
7.89948 -0.642284
7.67414 -1.07705
7.60603 -1.18312
7.57514 -1.22896
7.51375 -1.31811
6.37748 -2.44878
6.40527 -2.42742
4.51047 -1.07853
4.51664 -1.10469
4.26823 1.55549
4.27718 1.67833
4.47512 2.93746
4.46995 2.91971
7.35307 -1.5253
7.38073 -1.49173
5.93154 -2.7739
5.98595 -2.73749
6.01536 -2.71643
6.08334 -2.6692
4.537 -1.18944
4.55545 -1.2665
4.24714 0.923928
4.24747 1.04076
4.26088 1.42394
4.26783 1.55002
4.35188 -0.322721
4.42589 -0.704255
4.26358 0.399365
4.25605 0.529582
5.43254 3.92041
5.47943 3.9211
5.40728 3.91987
4.32148 -0.138251
4.28512 0.153928
7.77059 2.10227
7.89767 1.81775
7.93831 1.71221
7.71548 2.21033
4.3631 2.38705
4.43775 2.79109
4.95054 3.76576
4.99751 3.79693
5.10237 3.85029
5.12251 3.85909
5.33083 3.9125
8.05307 1.33263
8.02544 1.43912
7.54538 2.49838
7.57747 2.4483
7.4197 2.67811
7.44634 -1.40854
7.47171 -1.37565
7.67502 2.28433
7.63771 2.34957
4.62285 3.34945
4.7085 3.50473
4.5664 3.22151
4.81716 -2.30443
4.79477 -2.21879
4.83185 -2.35731
7.96915 1.62335
7.99494 1.5446
5.89932 -2.79515
5.8241 -2.84306
5.9886 3.81422
6.0962 3.76957
6.28117 3.67906
6.53507 3.52443
4.44394 2.81783
4.43904 2.79729
6.27828 -2.5255
6.50236 -2.34973
6.62292 -2.24983
4.27848 1.69336
4.25156 0.652159
4.43448 -0.743217
4.45838 -0.852375
4.45906 -0.855515
4.25037 1.15947
6.09806 -2.65804
4.25071 1.17585
4.25098 0.667696
5.44403 -3.04906
4.43091 -0.726163
6.36238 3.633
4.77937 -2.1645
5.82397 -2.84314
8.08577 -0.0726669
6.1135 3.76136
4.30371 1.95863
4.43846 2.79454
