4.69572 -1.61702
4.70353 -1.64529
7.95596 -0.379371
7.99165 -0.262735
4.88128 3.58984
4.92721 3.63461
8.08668 0.198396
8.08811 0.209475
4.30539 1.3582
4.30215 1.31649
4.29316 0.960642
4.29323 0.97721
4.29455 0.850208
4.29371 0.803591
4.30972 1.45809
4.31144 1.48609
5.83881 3.79442
5.75122 3.81514
4.30801 0.437335
4.30629 0.463613
5.53497 3.84211
5.52886 3.84217
4.36707 2.06064
4.37401 2.12132
4.35362 -0.0324781
4.34241 0.0577497
4.58042 3.06454
4.59343 3.10191
7.11743 2.96533
7.14497 2.93643
7.40385 2.62608
7.4048 2.6248
6.93801 -1.90457
6.86011 -1.97885
7.23559 -1.5941
7.20817 -1.62487
5.48559 -2.89996
5.48114 -2.90171
4.85204 -2.17456
4.82572 -2.08918
4.86863 -2.22741
4.89058 -2.29475
5.32518 -2.91799
5.30247 -2.9164
5.07667 -2.74618
5.10954 -2.79078
5.14361 -2.82945
5.16724 -2.85343
4.78431 -1.94627
4.78498 -1.94916
5.56076 -2.87623
5.63706 -2.8463
8.0994 0.330746
8.09864 0.321249
8.06736 0.0635722
8.06295 0.0383612
8.04044 -0.0741034
8.04864 -0.0379004
6.66934 3.36396
6.68809 3.3502
6.87925 3.19306
6.89262 3.18164
5.97554 3.75072
5.87996 3.78207
4.37501 2.1277
4.39194 2.2396
7.75495 -0.845865
7.7048 -0.938102
7.8651 -0.613938
7.81735 -0.720577
6.20172 3.65578
6.20415 3.65457
6.44471 3.51923
6.46984 3.50369
7.07347 3.01081
7.20668 2.86884
7.19576 2.88138
7.59559 -1.11878
7.62057 -1.08001
6.76919 -2.06037
6.82023 -2.01479
7.10252 -1.73966
7.05113 -1.79247
4.81606 3.51658
4.80449 3.50071
8.09695 0.793806
8.10406 0.707053
6.36977 -2.38533
6.34331 -2.40565
6.66094 -2.15346
6.60874 -2.19617
5.01082 3.69918
4.99319 3.68763
4.85828 3.56668
4.8279 3.53117
8.1066 0.476496
8.1033 0.395996
4.3234 1.6555
4.32014 1.61439
4.29897 0.614599
4.29974 0.594021
4.55053 2.97757
4.53885 2.94007
7.33615 -1.47626
7.2996 -1.52022
5.98777 -2.65326
5.95912 -2.6708
4.50154 -0.825531
4.51465 -0.883424
4.29558 1.12218
4.29509 1.10421
7.14532 -1.6939
7.16138 -1.67648
6.21292 -2.50027
6.25701 -2.4694
4.60308 -1.25072
4.58318 -1.17215
4.67116 -1.52643
4.67089 -1.5253
5.67075 3.82844
5.72488 3.81963
5.86414 3.78749
4.41389 -0.403537
4.39637 -0.309755
4.45475 -0.612252
4.45095 -0.594172
4.40526 2.3152
4.41074 2.35735
4.38473 -0.241307
4.37488 -0.181091
7.76806 2.00893
7.73519 2.07743
7.85325 1.81378
7.82572 1.88036
4.47414 2.68882
4.46822 2.66416
4.41932 2.40486
4.42839 2.46057
5.14651 3.77307
5.10123 3.75273
5.23187 3.80456
5.20733 3.79611
8.02006 1.28734
8.03414 1.22335
8.06742 1.04128
8.08003 0.952149
7.46605 2.53828
7.468 2.53544
7.3383 2.71171
7.33654 2.71393
7.42701 -1.36089
7.3883 -1.41166
6.85556 -1.98286
6.95611 -1.88766
7.64864 2.24233
7.6721 2.19986
7.56922 2.37935
7.57856 2.36402
4.76062 3.43937
4.72785 3.38901
4.69014 3.32195
4.69425 3.32929
4.63752 3.20997
4.65427 3.24946
4.78583 -1.95268
4.82494 -2.08609
4.86715 -2.22321
7.92088 1.6327
7.90463 1.67949
7.97405 1.46542
7.96445 1.49875
5.39829 -2.91696
5.40805 -2.91709
5.23316 -2.89367
5.72014 -2.80641
5.68693 -2.8225
5.55389 -2.87897
5.55224 -2.87974
5.66188 -2.83557
6.48369 -2.29717
6.49701 -2.28676
8.02165 -0.154804
7.95534 -0.38133
7.95218 -0.389994
6.63653 3.38886
6.58974 3.42194
6.81386 3.24911
6.82812 3.23736
6.04783 3.72255
6.00509 3.73918
5.6369 3.83434
4.34402 1.88109
4.35001 1.93338
4.39613 2.26561
6.08707 3.70761
6.18616 3.66315
6.19984 3.65675
6.25581 3.62801
6.27431 3.61804
6.42265 3.53326
6.34171 3.58063
6.47788 3.49858
6.53012 3.46402
7.24489 2.82543
6.67958 -2.13724
6.7631 -2.06591
7.01751 -1.82569
4.76993 3.45445
8.10413 0.705628
8.09476 0.82171
6.67068 -2.14496
8.1002 0.34032
8.10765 0.525205
4.56616 -1.10404
4.56788 -1.11128
4.54007 -0.992805
4.55105 -1.03998
4.53034 2.91027
4.51438 2.85275
4.48139 -0.738318
4.49295 -0.787665
4.5217 -0.913835
6.13374 -2.55636
6.13024 -2.55867
6.02372 -2.63045
6.03641 -2.62194
4.62585 -1.34257
4.61309 -1.29036
4.6425 -1.40837
7.95564 -0.380409
5.04941 -2.69731
5.0652 -2.72486
4.97432 -2.53416
4.98294 -2.55502
8.07738 0.131119
8.0708 0.0835157
4.76065 -1.86035
4.75846 -1.85301
4.52706 -0.937166
4.53642 -0.976908
4.29662 0.723206
4.29426 0.769502
4.47639 -0.715924
4.35816 2.00174
4.35764 1.997
4.34184 1.8575
4.3367 1.80615
4.93527 -2.43217
4.94218 -2.45013
4.32382 0.23685
4.31813 0.30123
8.08956 0.866522
7.46769 -1.3064
7.49497 -1.26878
4.77224 -1.90295
4.76146 -1.86317
5.80961 -2.75886
5.78569 -2.77268
8.10434 0.699794
5.40928 -2.91709
5.2222 -2.88954
5.00922 -2.6167
4.99972 -2.59782
8.02447 -0.143883
7.89242 -0.546431
7.87211 -0.597466
7.01351 3.06934
7.03803 3.04603
8.10728 0.596218
4.332 1.75912
4.33061 1.74255
4.3 1.2312
4.30023 1.27403
6.73949 3.3102
6.76051 3.29308
6.94331 3.136
6.96578 3.1149
6.13843 -2.55324
4.71974 -1.70798
4.67152 -1.52784
8.0933 0.264669
8.08507 0.185972
4.30179 1.2947
4.3065 1.39738
4.29362 1.02387
4.29332 0.91371
4.29443 0.786709
4.29336 0.897026
4.31342 1.51852
4.30788 1.42194
4.43383 -0.508171
4.42267 -0.451359
4.30398 0.505065
4.31053 0.398393
5.45032 3.84126
5.5617 3.84039
4.95667 -2.48762
4.96527 -2.51309
4.33741 0.10299
4.3576 -0.0622573
7.81322 -0.729265
7.76266 -0.831211
7.81238 1.91119
7.78151 1.98032
4.44412 2.54522
4.44725 2.56302
4.6101 3.14456
4.57117 3.0398
5.24655 3.80831
5.30172 3.82222
8.04562 1.16618
8.06022 1.08578
7.18292 -1.65337
7.25434 -1.57285
4.66257 3.26558
4.68935 3.32063
5.43466 -2.91179
5.41112 -2.91685
5.03685 -2.676
5.01952 -2.63788
5.11834 -2.80396
5.07177 -2.73678
5.20217 -2.87565
5.82857 -2.74794
5.87401 -2.72201
4.73533 -1.76428
5.91377 -2.69955
8.05506 -0.00483007
8.02841 -0.12716
7.69009 -0.96378
7.86859 -0.605883
7.64403 -1.04157
7.54876 -1.19154
7.54638 -1.19507
7.54162 -1.20206
6.40679 -2.35761
6.30433 -2.43426
6.08507 -2.5893
6.04564 -2.61552
4.96276 3.66415
5.04322 3.72102
5.4227 3.83921
4.55304 -1.04848
4.56592 -1.10305
4.31821 1.58652
4.32514 1.67855
4.30163 0.551095
4.29758 0.659208
4.55361 2.9863
4.53161 2.91522
7.28689 -1.53503
7.3439 -1.46694
4.29416 1.05786
4.29702 1.16771
4.5799 -1.15917
4.29381 1.04071
4.31555 1.55024
4.39441 -0.298645
4.46438 -0.660044
4.31271 0.369189
4.30264 0.528823
4.37314 -0.16998
4.3294 0.179
7.72039 2.10699
7.86778 1.77753
7.89093 1.71666
7.68697 2.17197
4.49145 2.76389
4.45618 2.60798
4.4988 2.79264
5.06435 3.73262
5.16506 3.78137
5.37243 3.83421
7.27266 2.79309
7.26635 2.80066
8.00135 1.36514
8.08507 0.912284
7.99099 1.40505
7.3678 2.67328
7.40295 2.62734
7.5233 2.45269
7.52782 2.44591
7.38335 -1.4178
7.44229 -1.34099
7.52793 2.44574
7.52838 2.44504
7.62641 2.28199
7.60948 2.31159
4.72298 3.37994
4.62193 3.17605
4.86783 -2.22512
4.90981 -2.35522
4.91329 -2.36437
7.93541 1.58999
7.94886 1.54893
6.70561 3.3366
6.91667 3.16007
6.31168 3.59845
6.53289 3.46223
6.27986 -2.45266
6.43401 -2.33617
6.55904 -2.23715
6.53381 -2.25793
4.94557 3.65093
4.32913 1.72481
4.297 0.678499
4.51025 2.83621
4.29765 1.18688
4.99119 -2.57564
5.62337 3.83609
5.74889 -2.79111
7.91161 -0.499685
6.32558 3.59024
4.61735 3.16389
5.37448 3.83455
4.93345 -2.4276
5.93915 -2.68379
6.84177 3.22599
4.35705 1.99175
6.59737 -2.20598
6.47029 -2.3082
6.97938 3.10192
6.7759 3.28039
7.91585 -0.488666
6.55934 3.44348
