6.74934 -0.264916
6.75127 -0.262417
5.45943 1.07293
5.45172 1.00968
6.86223 1.30886
6.87499 1.28159
6.90081 0.0154567
6.86401 -0.066611
6.4545 1.81929
6.44264 1.8274
7.01221 0.497702
7.01422 0.519773
6.38615 -0.586638
6.39912 -0.579721
6.16867 -0.640235
6.0815 -0.633238
5.96926 -0.597888
6.03291 -0.620408
5.78831 -0.457526
5.85891 -0.524207
6.22626 1.92733
6.19128 1.93308
6.03257 1.93923
6.01761 1.9379
5.79575 1.83084
5.81713 1.8489
6.62322 -0.413843
6.60036 -0.435702
5.43992 0.841191
5.44579 0.948654
5.50221 1.29029
5.48929 1.23425
5.72123 -0.368011
5.76784 -0.431148
5.56818 1.49536
5.59549 1.5565
5.66142 1.67594
5.62943 1.62557
6.62732 1.6679
6.6358 1.65807
6.76465 1.48995
6.75611 1.50346
5.61328 -0.175019
5.62068 -0.1907
5.54694 0.00249863
5.55531 -0.0222035
5.49387 0.207445
5.47318 0.306917
5.43906 0.684128
5.44279 0.58701
5.46817 0.339396
5.45571 0.433404
7.0009 0.386863
6.97969 0.267428
7.01432 0.670342
7.0078 0.760061
6.94727 0.143433
6.96291 0.201398
6.93709 1.1162
6.92684 1.14668
6.47025 1.80815
6.54065 1.75012
6.40105 1.85409
6.3872 1.86181
6.83685 1.36162
6.81951 1.39543
6.97863 0.963065
6.9768 0.971487
6.27491 -0.626705
6.25674 -0.629697
5.87647 -0.539978
5.95349 -0.588571
5.91625 1.90701
5.98897 1.92932
6.67887 -0.352017
6.75307 -0.259784
5.44658 0.958971
5.4617 1.08812
5.53032 1.39499
5.53525 1.40994
5.718 1.75538
5.71363 1.74939
6.89163 1.24389
6.8482 1.33881
6.90903 0.0350593
6.84189 -0.109554
5.66795 -0.281389
5.6301 -0.209523
5.53663 0.0346614
5.5182 0.103719
5.45391 0.449625
5.44847 0.506271
7.00203 0.395094
7.01434 0.521906
6.50286 -0.517514
6.32906 -0.607485
6.06659 -0.631639
5.78187 -0.449511
6.32704 1.89313
6.12107 1.94315
5.8943 1.89559
5.72064 1.75862
6.54045 -0.486974
6.81301 -0.162496
6.51244 -0.510272
5.47833 1.18314
5.43905 0.814425
5.43839 0.72024
5.52796 1.38671
5.69635 -0.332386
7.00047 0.832544
6.99535 0.869532
5.61186 1.59197
6.61852 1.67747
6.69366 1.58795
6.75096 1.51085
6.81128 1.41046
6.90657 1.20692
6.94493 0.136109
5.58214 -0.0950488
5.50723 0.147095
5.47218 0.312672
5.44468 0.557231
6.33085 1.89184
6.97829 0.260965
7.01524 0.641161
6.95324 1.06182
6.33431 1.89032
6.98033 0.955014
6.99237 0.890289
6.57024 1.72498
6.96155 1.03322
