7.50498 -0.392634
7.46863 -0.477572
4.7476 1.32839
4.75013 1.35985
5.82439 -1.88829
5.83067 -1.8886
4.96546 -0.763777
4.97195 -0.784685
4.84344 -0.276277
4.82815 -0.198357
4.75685 0.294632
4.76023 0.260773
4.72904 0.782487
4.72847 0.798534
7.21039 -0.928246
7.20689 -0.933427
6.62109 -1.54726
6.59413 -1.56715
7.69513 0.461325
7.69759 0.527284
7.68288 0.862969
7.68726 0.821862
7.58303 -0.177095
7.5631 -0.237746
5.3258 2.94705
5.24976 2.87728
5.52356 3.06011
5.43801 3.02122
7.68321 0.3042
7.67507 0.235352
5.32008 -1.57318
5.27421 -1.50283
5.14373 -1.25263
5.18272 -1.33473
4.77142 1.56487
4.77794 1.6165
4.7874 1.68334
4.79595 1.73834
4.82629 1.90203
4.83878 1.96375
6.02851 -1.86265
5.99469 -1.87046
5.68889 -1.86724
5.64253 -1.85247
4.91557 -0.583749
4.93096 -0.641124
5.47613 -1.75112
5.54638 -1.80276
5.38045 -1.65185
5.3673 -1.63519
5.00622 -0.892603
5.03496 -0.977108
5.12008 2.71344
5.13494 2.73623
6.37775 2.93807
6.39677 2.92829
6.10759 3.05608
6.15301 3.04044
5.93466 3.09641
5.99089 3.08497
5.70567 3.1035
5.7373 3.1057
6.42238 -1.68548
6.3815 -1.70907
6.82383 -1.37358
6.78297 -1.41073
7.30751 -0.779341
7.34562 -0.716527
7.46867 1.67525
7.45274 1.71236
6.55164 2.8324
6.53527 2.84317
7.50314 1.59086
7.52207 1.54103
4.72907 0.928965
4.7298 1.02401
5.13883 -1.24217
5.10475 -1.15969
4.80257 -0.0571934
4.78607 0.0517018
4.74581 0.41832
4.73957 0.498558
4.82315 -0.171844
4.80911 -0.0960848
7.46074 -0.49553
7.51937 -0.356959
7.63264 1.17018
7.63162 1.17453
6.89949 2.53766
6.853 2.5834
6.99085 2.43996
6.99809 2.43148
6.98921 -1.20377
7.01434 -1.17602
7.3751 1.87428
7.38812 1.84888
7.2983 2.01482
7.29921 2.01326
7.18043 2.19703
7.20712 2.1584
7.09779 2.31058
7.10782 2.29761
7.5886 1.3394
7.58241 1.36081
7.66566 0.995502
7.67234 0.949154
7.54589 -0.286636
7.60011 -0.119871
4.7379 1.18957
4.73575 1.14754
5.61182 -1.83776
5.57613 -1.82079
4.75053 0.361314
4.74795 0.391275
4.73307 0.633067
4.73244 0.65213
4.72873 0.896764
4.98688 2.45449
4.95732 2.3806
4.94712 2.35144
4.95083 2.36293
4.88621 -0.471739
4.88879 -0.482498
4.73072 1.0402
4.73096 1.05706
4.74293 1.26853
5.9783 -1.87394
5.95925 -1.877
5.73532 -1.87873
4.85731 -0.341717
6.70238 2.7186
6.72439 2.70085
6.63768 2.77108
6.6838 2.73381
4.76329 0.233317
4.76742 0.195505
4.73698 0.543288
4.7381 0.521737
4.73195 0.670459
4.72885 0.766177
7.11409 -1.05685
7.12423 -1.04445
6.94453 -1.25346
7.69652 0.678172
7.694 0.733518
7.38367 -0.647258
7.36241 -0.687223
5.35312 -1.61786
5.33069 -1.58953
5.01167 2.51051
6.30482 2.97606
6.27713 2.98898
7.61746 -0.058768
7.64453 0.0539387
4.76824 1.5372
4.76259 1.48816
5.87937 -1.88693
5.90467 -1.88481
5.40896 -1.68523
5.4142 -1.69037
4.91933 2.26853
4.89945 2.20148
6.21526 -1.79636
6.22518 -1.79231
7.54192 1.4854
7.55361 1.45227
7.6162 -0.0638475
6.0785 -1.84815
6.11947 -1.83448
4.88931 -0.484536
5.00322 -0.883457
5.00131 -0.877541
7.65494 0.112048
7.64485 0.0554981
5.42406 3.01374
5.3355 2.95451
5.21801 -1.40426
5.22586 -1.42012
4.75251 1.38812
4.74497 1.29569
4.81614 1.85176
4.80829 1.80903
4.97604 -0.797508
4.94301 -0.684629
5.06895 -1.06951
5.04733 -1.01255
6.6217 2.78274
6.98799 2.44322
6.92341 2.51265
5.0706 2.63031
5.04446 2.5817
6.27481 -1.76673
6.2266 -1.79159
7.1673 -0.986312
7.21953 -0.915109
6.25147 3.00101
6.16411 3.03599
5.87566 3.10346
5.83035 3.10706
6.52125 -1.62065
6.69114 -1.49052
7.25856 -0.85594
7.27717 -0.827563
7.33743 1.94553
7.34531 1.93115
7.1119 2.29209
7.15837 2.22858
7.61177 1.25608
7.60896 1.26711
7.69775 0.553182
7.69326 0.421191
6.44259 2.90206
6.45416 2.89571
7.66649 0.177689
5.22905 2.85569
5.56349 3.07351
5.62408 3.08979
5.17644 2.79225
7.68934 0.368282
5.23594 -1.4391
5.32659 -1.58347
5.14163 -1.2483
4.76029 1.4665
4.77878 1.62317
4.76992 1.55233
4.79859 1.75331
4.85901 2.05386
4.89008 -0.487581
4.99315 -0.850674
5.47081 -1.74605
5.55269 -1.80737
5.08533 -1.11087
4.77013 0.172241
4.78186 0.0810384
5.10248 2.68376
6.32439 -1.74257
4.86379 2.07496
4.86163 2.0657
6.33747 2.9597
6.08883 3.06181
5.76483 3.10599
6.03963 3.075
5.65805 3.0961
6.72192 -1.46523
6.49136 -1.64028
6.87028 -1.32819
7.35474 -0.700703
7.69801 0.635834
7.43109 1.75992
7.48853 1.6278
6.46596 2.88867
7.14572 -1.01613
6.94122 -1.25697
4.87471 2.11659
4.80406 -0.0667269
7.64695 1.10119
7.6285 1.18776
7.64942 1.08748
7.65223 1.07378
6.81165 2.62311
6.77937 2.65209
7.05416 2.36462
7.08731 -1.09067
7.07999 -1.09955
7.4116 1.80145
7.29392 2.02217
7.24322 2.10372
7.25407 2.08705
7.56316 1.42294
7.65994 1.02959
7.67784 0.909202
7.69111 0.773669
7.4122 -0.594392
7.4094 -0.599879
6.75481 2.67407
7.26088 2.07646
5.92855 -1.88228
5.44048 -1.71705
5.84128 -1.88819
5.40217 -1.67828
6.12711 -1.83205
6.06279 -1.85257
5.02607 2.54408
7.42327 -0.572143
7.07597 -1.1044
7.03499 -1.15268
7.69792 0.644119
