6.06075 -2.75324
5.99035 -2.80619
4.57625 -1.55059
4.5427 -1.40126
8.07161 -0.274823
8.08075 -0.244959
8.18543 0.426805
8.18604 0.447311
4.21801 1.3583
4.2153 1.32346
4.20785 0.85031
4.20731 0.820115
6.85514 3.33274
6.83472 3.34963
4.33392 -0.448811
4.34931 -0.531796
4.27143 2.05966
4.27189 2.06366
4.25718 1.92973
4.24665 1.81232
4.83514 -2.66567
4.85134 -2.73212
4.8192 -2.59125
4.83334 -2.65613
4.23857 0.221488
4.23544 0.254413
7.85526 -0.825852
7.87417 -0.787532
5.39357 -3.20048
5.41487 -3.18645
6.43648 3.6436
6.4083 3.66065
7.85864 2.00041
7.8798 1.95313
4.35296 2.61341
4.33736 2.51731
4.78323 -2.42377
4.78637 -2.44296
7.14781 3.0574
7.20825 2.99397
8.13556 1.10867
8.12524 1.16609
5.12832 -3.30195
5.12128 -3.30137
5.2565 -3.2694
5.25507 -3.27027
7.46756 2.67625
7.49806 2.63529
7.65589 -1.17579
7.63976 -1.20042
7.66195 2.38219
7.68113 2.34832
4.72738 3.65077
4.65706 3.55178
5.53825 -3.11241
5.57407 -3.09066
8.01971 1.58497
7.99763 1.65152
5.85188 -2.90333
5.89911 -2.87059
8.18728 0.601379
8.18571 0.655731
4.92061 -3.0088
4.93382 -3.05014
4.8842 -2.87161
4.88459 -2.87274
4.66081 -1.90891
4.67949 -1.98962
5.64374 -3.04414
5.6101 -3.0663
4.96154 -3.13279
4.95717 -3.12193
5.00666 -3.22945
5.01412 -3.24021
4.59192 -1.61517
4.58762 -1.5973
6.65001 3.49644
6.62163 3.5168
6.0234 3.85671
6.05018 3.84609
5.77261 3.94363
5.71604 3.95574
4.42201 2.94335
4.41756 2.92352
7.10984 3.09667
7.29682 2.89441
7.274 2.92065
7.54906 -1.33251
7.58064 -1.28782
7.03985 -1.92478
7.07496 -1.88993
6.87799 -2.08197
6.88401 -2.07659
6.65828 -2.27613
6.66763 -2.2678
6.42051 -2.47343
6.40397 -2.48732
4.63033 -1.77664
4.63892 -1.81294
7.97534 -0.556596
7.96033 -0.59494
7.72646 -1.0615
7.76035 -1.00356
4.49627 3.19685
4.48782 3.17332
6.14057 -2.69252
6.11403 -2.71365
6.95675 3.24321
7.01547 3.1881
4.2903 2.19989
4.3041 2.29436
4.25742 1.93243
4.25765 1.93493
7.16885 -1.7901
7.23062 -1.72309
4.51932 -1.29926
4.53451 -1.36366
4.58505 -1.58721
4.45736 -1.03532
4.45907 -1.04304
4.20744 1.01053
4.20722 0.977311
4.22492 1.50744
4.22373 1.48569
4.37478 -0.657528
4.36528 -0.612385
4.21837 0.492387
4.22001 0.465017
5.49829 3.98699
5.4543 3.98944
5.38912 3.98804
5.42475 3.98888
4.30775 2.3142
4.31077 2.33739
4.25839 0.0260097
4.26016 0.0111892
4.2979 -0.249282
4.29422 -0.226754
5.37505 -3.20915
7.94102 1.80552
7.96352 1.74691
7.7636 2.1965
7.78811 2.14863
4.35789 2.64258
4.37315 2.72342
4.9209 3.83875
4.90198 3.82619
5.07569 3.92242
5.02145 3.89843
5.15237 3.94977
5.10749 3.93437
5.31343 3.98194
5.2948 3.98009
4.79981 -2.49588
4.76968 -2.36505
8.08533 1.35191
8.06049 1.44915
7.61155 2.46534
7.56354 2.54003
7.3866 2.78447
7.36956 2.80646
6.96042 -2.00367
6.97998 -1.98528
7.62153 2.44974
7.62332 2.44681
7.45542 -1.45965
7.4558 -1.45916
4.56865 3.38092
4.5483 3.33621
4.62421 3.4938
4.61619 3.48041
4.52276 3.27099
4.53315 3.29766
4.72118 -2.15839
4.71802 -2.14448
4.75556 -2.30386
4.75113 -2.28266
5.77819 -2.95325
5.83607 -2.9143
5.76136 -2.966
5.73093 -2.98785
4.7013 -2.0794
4.68286 -2.00369
8.08843 -0.217323
8.01857 -0.440524
8.00372 -0.481307
8.16806 0.205716
8.17062 0.229885
8.14411 0.0285778
8.14627 0.0428274
6.70447 3.45449
6.72979 3.43511
6.91709 3.2784
6.93694 3.26095
5.99518 3.86871
5.9041 3.90264
5.84769 3.92201
5.82393 3.92883
5.65923 3.96852
4.28674 2.17572
6.21407 3.77036
6.20765 3.77337
6.2735 3.73918
6.26999 3.74116
6.5101 3.5952
6.4916 3.60805
4.40137 2.85574
4.40881 2.88809
4.43305 2.98612
7.237 2.96254
7.30357 2.88675
7.11707 -1.84545
6.83301 -2.12291
6.79221 -2.1596
4.65487 3.54864
8.181 0.734467
8.1785 0.769078
6.73405 -2.20997
6.72191 -2.2207
6.60636 -2.31983
6.49769 -2.41072
6.46752 -2.43577
6.37478 -2.51016
6.34045 -2.53782
4.64224 -1.8289
4.61602 -1.71489
4.48627 -1.16042
4.48837 -1.16919
4.2304 1.59775
4.23146 1.61398
4.21484 0.565833
4.21356 0.595424
7.36109 -1.57565
7.36869 -1.56673
4.41117 -0.824494
4.40384 -0.790624
4.43564 -0.936871
4.43135 -0.916835
4.20828 1.07157
4.20889 1.10431
6.18526 -2.65848
6.22032 -2.63174
8.04471 -0.362639
4.8485 3.78366
4.8366 3.77252
8.17867 0.320971
8.18435 0.403707
4.20996 0.723308
4.20839 0.754135
7.05768 3.14827
7.03615 3.16873
6.75289 3.41707
6.81329 3.36716
4.2709 2.05613
4.26434 1.99604
5.35124 -3.2208
5.33432 -3.23088
6.34402 3.69905
6.33426 3.70505
8.16831 0.874701
8.17107 0.850891
8.15515 0.981595
8.16601 0.898107
4.48239 3.15815
4.46766 3.11106
4.74401 3.67422
4.74457 3.67499
5.68363 -3.01809
4.98354 -3.1892
4.96582 -3.14205
8.11624 -0.109455
6.54648 3.57065
6.58907 3.53996
5.63358 3.9729
7.31042 -1.63463
7.25186 -1.70031
5.947 -2.83662
5.94144 -2.84034
8.14207 0.0167937
8.12651 -0.0601825
4.65822 -1.89963
4.65151 -1.87248
4.21288 1.2313
4.21306 1.26485
4.24164 1.75071
4.24097 1.74163
4.44813 3.04378
4.44929 3.04866
4.76706 -2.3517
7.33391 2.84897
7.36844 2.80786
4.50963 3.23546
4.51843 3.26077
6.55786 -2.36075
6.54505 -2.3718
6.10492 3.82194
6.13655 3.80721
6.78909 -2.16244
4.21463 1.2948
4.21905 1.39532
4.20824 0.78681
4.20709 0.880383
4.35349 -0.553655
4.32301 -0.390194
5.55234 3.98328
5.54214 3.98446
4.85925 -2.77216
4.83455 -2.66217
4.81096 -2.55938
4.80387 -2.52033
4.27416 -0.0963389
4.27579 -0.108574
4.22911 0.33627
4.24694 0.132314
7.91029 -0.709898
7.8186 -0.897119
5.31971 -3.24009
7.90136 1.90282
7.83489 2.05214
4.3541 2.62108
4.3312 2.47495
4.4502 3.05239
5.22222 3.96742
5.27762 3.97716
8.14827 1.03044
8.11218 1.232
5.25214 -3.27161
5.18922 -3.29266
5.05579 -3.28222
7.32371 -1.61955
4.59498 3.43692
4.58075 3.40954
5.60399 -3.0707
5.52248 -3.12096
4.87031 -2.81019
5.0485 -3.27665
4.90218 -2.94089
4.88528 -2.87519
4.9133 -2.98711
4.94069 -3.07567
5.66476 -3.02986
4.96345 -3.136
4.26316 1.98557
7.79384 -0.94308
7.92637 -0.673968
4.45657 3.07434
7.69923 -1.10661
7.60044 -1.25877
7.5007 -1.40055
4.74995 3.68106
8.18828 0.555451
6.27693 -2.58794
6.29462 -2.57339
6.2402 -2.61686
4.47302 -1.10495
4.4733 -1.10613
4.23512 1.66644
4.23671 1.68905
7.40966 -1.51699
7.41272 -1.51327
7.49787 -1.40438
5.98437 -2.81046
5.98014 -2.81333
6.08185 -2.73802
4.49975 -1.21574
4.50711 -1.24649
4.47097 -1.09616
4.44516 -0.979939
4.20732 0.947105
4.20769 1.04081
4.22187 1.44664
4.22733 1.54983
4.31485 -0.343687
4.37831 -0.675055
4.22251 0.424589
4.21635 0.530228
5.444 3.98928
5.5667 3.98134
5.37037 3.98728
4.27605 -0.110345
5.44048 -3.17194
5.46679 -3.15668
7.81276 2.0983
7.92272 1.85145
7.97767 1.7085
7.73957 2.24275
4.32177 2.41281
4.37993 2.75512
4.8593 3.79232
4.96027 3.86495
4.99174 3.8825
5.08548 3.92672
5.1792 3.95665
8.09622 1.30551
8.05518 1.46854
7.5606 2.54451
7.62112 2.4504
7.43439 2.72263
7.5021 2.62948
7.71591 2.28629
7.49525 -1.40786
7.45 -1.4665
4.54427 3.32552
4.70307 -2.08715
4.73487 -2.2136
4.73853 -2.23086
8.0339 1.54093
5.91079 -2.86268
8.17468 0.270594
8.16339 0.163385
5.88455 3.91014
6.06307 3.84029
4.41116 2.89766
4.39609 2.83245
6.78553 -2.16564
6.67619 -2.2604
6.53108 -2.38388
6.43674 -2.46054
6.31241 -2.55969
4.21254 0.629538
4.39888 -0.768344
4.41749 -0.853733
4.42333 -0.880732
4.20985 1.13598
8.18825 0.542218
4.21116 1.19887
4.21023 0.691415
5.49309 -3.1395
6.47051 3.62159
7.94219 -0.637772
4.24611 1.80522
4.39034 -0.72751
5.89252 3.9071
5.43018 -3.17857
5.48199 -3.1466
7.43728 2.71877
8.02758 1.56119
5.83911 -2.91209
8.16072 0.141504
8.11784 -0.102685
6.14951 3.80105
6.23718 3.75847
6.32568 3.71018
4.79612 3.73267
4.38885 2.79815
6.39371 3.66941
4.39467 2.82585
