6.40527 2.29909
6.40195 2.30083
7.19643 1.24245
7.20647 1.21116
5.1558 1.01662
5.15774 1.04498
7.28606 0.806325
7.28782 0.787874
5.37907 -0.491828
5.40317 -0.546567
5.49345 -0.723927
5.53198 -0.78607
5.21409 1.47447
5.21708 1.48829
5.42985 2.05756
5.39457 1.9983
5.5478 2.21334
5.57858 2.24514
7.16427 -0.12233
7.17952 -0.0815707
5.22694 0.0143164
5.21819 0.0589725
5.15731 0.524036
5.15896 0.501225
7.28662 0.399231
7.28195 0.3564
6.70574 2.06847
6.76159 2.01048
5.99838 2.41537
5.97918 2.41603
6.18994 2.38846
6.14343 2.39803
5.71376 2.34302
5.77414 2.37278
6.78618 -0.739458
6.84466 -0.672231
6.51808 -0.972027
6.50373 -0.980928
6.75772 -0.770376
6.68604 -0.838048
7.02679 -0.412492
6.98164 -0.48546
7.27377 0.906561
7.26192 0.976276
5.32337 -0.339165
5.31633 -0.318809
5.60489 -0.884747
5.55425 -0.820792
5.2695 1.68834
5.25073 1.6222
5.17762 1.24838
5.18831 1.32407
5.34025 1.88345
5.36958 1.94736
6.84152 1.91799
6.85781 1.89795
6.9638 1.74594
6.93452 1.79028
7.0709 1.55618
7.0887 1.51919
5.92046 -1.10864
6.01183 -1.12671
5.73545 -1.01408
5.75811 -1.0294
6.1107 -1.1273
6.01798 -1.1272
6.30526 -1.0832
6.29521 -1.0862
7.05013 -0.371258
7.09263 -0.287959
7.23835 0.11481
7.24566 0.144909
5.25162 -0.0909208
5.26217 -0.130999
5.14851 0.833971
5.14856 0.839125
5.18274 0.278299
5.19101 0.220402
6.62321 2.14464
6.60113 2.16409
7.29523 0.654449
7.29597 0.589855
7.15347 1.36882
7.18166 1.28967
7.2137 1.18646
7.22773 1.13458
7.25576 1.01338
7.27762 0.879935
5.28181 -0.206925
5.27266 -0.173545
5.24584 -0.0676647
6.54226 2.2086
6.56817 2.18938
6.82744 1.93503
6.7832 1.9865
6.67506 2.09846
6.66127 2.11111
5.34619 -0.40398
5.35962 -0.441169
6.35102 2.32701
6.34714 2.32882
7.27971 0.865069
5.24234 -0.0530256
5.23114 -0.0043407
5.14878 0.714327
5.14882 0.708815
5.29565 -0.257834
5.2956 -0.257662
5.87573 2.40384
5.95413 2.41311
6.63563 -0.883271
6.5981 -0.912604
6.94407 -0.541589
6.91602 -0.581626
5.16444 1.13318
5.14989 0.910119
5.42739 -0.598309
5.36373 -0.452313
5.54489 -0.806701
5.46547 -0.676029
5.23985 1.58266
5.21315 1.4695
5.38147 1.97281
5.48105 2.13547
5.62187 2.28148
5.48498 2.14117
7.02166 1.65165
7.02082 1.65324
5.82723 -1.07189
5.86508 -1.08793
6.20748 -1.1125
6.17195 -1.11787
7.13843 -0.187049
7.20583 -0.00243017
5.21608 0.0699074
5.15072 0.636828
5.16813 0.40009
7.26945 0.267911
7.29311 0.480772
5.83865 2.39377
6.08399 2.41
6.28322 2.35676
6.297 2.35192
6.40461 -1.03915
6.40014 -1.0412
5.67451 2.32078
6.76892 -0.758592
6.88676 -0.620604
7.04278 -0.384956
7.11817 1.45395
7.13564 1.41187
5.1495 0.898621
5.16953 1.18209
5.29587 -0.258591
5.33748 -0.379971
5.44662 -0.638612
5.64531 -0.932441
5.1941 1.36256
5.29934 1.7812
5.30278 1.79166
5.30818 1.80647
5.48337 2.13897
7.01667 1.66035
6.90435 1.83394
7.02018 1.65436
5.67377 -0.959647
6.01495 -1.12721
7.11273 -0.245165
7.21547 0.0288851
7.26279 0.22967
5.20077 0.158452
5.14841 0.773976
5.17218 0.362545
5.15025 0.650117
7.29553 0.53877
6.58385 2.17734
6.64093 2.12953
7.29405 0.686703
7.15287 1.37034
7.18526 1.2796
7.2397 1.09046
7.24344 1.07251
7.24945 1.04615
5.29552 -0.257391
5.26802 -0.155986
6.51473 2.23007
7.28885 0.776176
6.87781 1.87112
6.49874 2.24032
7.29328 0.70861
6.87374 1.8769
6.50636 2.23555
