6.06361 0.997808
6.14446 1.07405
5.98135 0.787448
5.97564 0.729366
6.40314 0.964444
6.3985 0.97024
6.0821 0.313482
6.09765 0.292243
6.47723 0.769457
6.46801 0.813139
6.48525 0.543507
6.48339 0.525563
5.98563 0.530596
5.99175 0.492917
6.3787 0.306451
6.35148 0.275958
6.39009 0.978129
6.30675 1.04835
6.16749 1.07553
6.02537 0.947727
5.97402 0.667475
5.99928 0.873209
6.49521 0.664443
6.49354 0.684042
6.02724 0.39787
6.00935 0.435499
6.44949 0.405488
6.44607 0.398757
6.27076 1.07301
6.44682 0.867393
6.00675 0.899507
5.97823 0.600474
6.45035 0.40837
6.49552 0.658046
6.05503 0.35162
6.32898 0.2651
6.29111 0.239326
6.16653 0.245993
6.19812 0.229327
6.26033 0.234546
