5.89482 1.31802
5.8793 1.29823
6.09778 1.46326
6.09387 1.46196
6.51089 1.2795
6.49769 1.297
6.65111 1.0442
6.62498 1.09925
5.73065 0.647175
5.72989 0.66215
5.93481 -0.00773525
5.90878 0.0293575
6.11002 -0.138977
6.04799 -0.112131
6.23886 -0.158864
6.25865 -0.158807
6.49059 -0.031976
6.49063 -0.0319426
5.83362 0.167106
5.85877 0.109116
6.69909 0.882284
6.6766 0.972999
6.62744 0.163473
6.62811 0.164793
5.76796 0.363185
5.76319 0.38487
6.33722 1.42648
6.29116 1.44466
6.70259 0.387043
6.71109 0.430548
5.933 1.35695
6.719 0.791919
6.71595 0.811161
6.48025 1.31641
6.56768 1.20132
6.66633 1.00592
6.67043 0.994767
6.60939 1.12853
5.97919 1.40427
5.81295 1.16907
5.82222 1.1915
6.21173 1.46756
6.10478 1.46391
6.4067 1.37889
5.76069 1.0088
5.76786 1.0366
5.73265 0.782331
5.73901 0.855278
5.73529 0.592392
5.73904 0.534606
6.72728 0.690035
6.72943 0.657153
5.74259 0.898087
5.74664 0.924825
6.37025 -0.120532
6.38721 -0.110322
6.00962 -0.0808921
5.95012 -0.0280797
5.79723 0.262896
5.81222 0.219639
6.67045 0.270628
6.67991 0.300279
6.4904 -0.03212
6.29722 -0.145926
5.87848 0.0763035
6.15098 -0.154551
6.56395 0.0614093
5.77712 0.325269
6.58457 0.0892272
6.62884 0.166441
5.74912 0.470033
6.72423 0.513914
6.7275 0.556466
6.72952 0.590426
5.83601 1.22057
5.80754 1.1551
5.99467 1.41633
6.01122 1.42582
5.74453 0.499269
6.72415 0.739346
5.73055 0.720064
5.75834 0.99669
5.73955 0.52964
5.79293 1.11624
5.75416 0.97301
