5.4443 -2.37014
5.47823 -2.38202
6.12219 -2.24734
6.18859 -2.21119
5.86679 -2.35936
5.83552 -2.37018
4.95889 -1.66262
4.95963 -1.66453
6.60621 3.14697
6.62169 3.13548
4.66811 -0.673015
4.70392 -0.81896
4.57483 2.06088
4.57115 2.03881
5.88295 3.49199
5.93921 3.47849
4.72091 2.67798
4.73537 2.72213
7.0265 2.78087
7.04893 2.75773
7.16471 2.62661
7.13194 2.66554
7.87284 1.14174
7.88528 1.07456
7.37255 -1.12453
7.3789 -1.11553
7.45267 2.22252
7.47198 2.19023
7.78624 1.48309
7.76695 1.54332
7.92763 0.677574
7.93012 0.598753
7.7732 -0.355127
7.74898 -0.421641
4.90688 3.093
4.90647 3.09228
5.09637 3.32016
5.02809 3.25296
5.19959 3.39911
5.10744 3.33091
5.23464 3.41811
5.30305 3.45414
5.49351 3.50962
5.49625 3.51014
5.71303 -2.39696
5.65947 -2.40419
7.89304 0.107762
7.88454 0.0587775
7.92341 0.363658
7.92071 0.327501
4.91288 -1.53081
4.8959 -1.48216
4.52042 1.64838
4.52368 1.67946
4.50049 1.42283
4.49936 1.4103
4.65468 -0.614988
5.0982 -1.98443
5.10022 -1.98801
5.02754 -1.83324
5.02049 -1.81578
4.55641 1.94289
4.56485 1.99912
7.52311 -0.89212
7.57987 -0.7909
5.75552 3.51191
5.72118 3.51632
6.16759 3.39944
6.15586 3.40385
6.39167 3.286
6.43708 3.25791
6.83105 2.96816
6.88911 2.91605
7.47262 -0.973882
7.51502 -0.90573
6.49881 -2.00672
6.40947 -2.07102
6.62221 -1.91282
6.60978 -1.92266
6.83765 -1.72765
6.80581 -1.75677
7.02525 -1.54327
6.99742 -1.57281
5.23865 -2.20428
5.22038 -2.18312
5.96038 -2.32414
5.9365 -2.33477
5.53714 -2.39757
5.49836 -2.38942
4.48625 1.16576
4.48631 1.16748
4.49996 0.405888
4.5015 0.383753
4.54557 -0.0248567
4.5373 0.0394727
4.48574 0.654459
4.48567 0.656146
4.59075 -0.303412
4.59065 -0.30284
4.7851 -1.12226
4.75971 -1.03359
4.83781 -1.30089
4.83 -1.27434
7.80956 -0.244861
7.79115 -0.302737
5.1596 -2.09061
5.17643 -2.11921
6.08781 -2.26612
6.2051 -2.20188
4.48127 0.851156
4.48128 0.849989
4.48194 0.977771
4.48193 0.976989
4.63708 -0.533392
5.98004 3.46562
5.82326 3.50393
6.19758 3.38581
6.28012 3.34665
4.68929 2.57285
4.67765 2.53362
4.73742 2.72772
4.75924 2.78523
7.08776 2.71475
7.12366 2.67508
7.26753 2.49726
7.24636 2.52478
7.15597 -1.40073
7.15356 -1.40362
6.59765 -1.93168
6.51014 -1.99894
6.94697 -1.62239
6.90214 -1.66694
7.53157 2.08481
7.56298 2.02595
7.36951 2.35452
7.36987 2.35398
7.83342 1.31637
7.82257 1.35843
7.73362 -0.462376
7.71443 -0.508202
7.70036 -0.541832
6.78752 3.00522
6.74782 3.03836
6.52959 3.19948
6.55436 3.18333
4.51728 1.6153
4.50927 1.5297
4.50567 1.48698
4.49634 1.36835
4.49507 1.35021
4.72054 -0.885084
4.8302 2.95242
4.84352 2.97869
4.58799 2.13516
4.60711 2.23495
6.05391 3.44298
6.30429 3.33336
6.50229 3.21797
5.64966 3.52027
5.61699 3.52001
6.93107 2.87574
6.39428 -2.08063
6.78044 -1.77864
6.70828 -1.8417
7.09153 -1.47387
6.28638 -2.15214
5.27268 -2.24518
6.07949 -2.27051
6.03739 -2.29063
4.74489 -0.977891
4.7584 -1.02892
4.48881 1.23419
4.48855 1.22792
4.48441 1.10399
4.4919 0.520159
4.4961 0.460524
4.50595 0.330062
4.51832 0.199306
4.52795 0.111478
4.55362 -0.0798979
4.48336 0.721486
4.48337 0.721177
4.48864 0.590947
4.76946 2.81011
4.78276 2.84423
4.6322 2.34994
4.63679 2.37106
7.66149 1.81882
7.66774 1.80422
7.31961 -1.19643
7.29511 -1.22882
7.9128 0.881675
7.91037 0.905559
7.827 -0.185095
5.38257 -2.33819
5.41722 -2.35843
4.73038 -0.923307
4.74283 -0.970053
6.70933 3.06947
6.67851 3.09249
4.61095 -0.407898
4.59079 -0.303609
4.4917 0.525747
4.49129 0.530955
4.58492 2.11932
4.58629 2.12643
4.56014 -0.120759
4.57263 -0.197748
4.61633 2.2776
4.62362 2.31177
4.61088 2.25247
7.70891 1.70323
7.72926 1.65073
7.8423 -0.13121
7.84351 -0.126556
7.66249 -0.625648
7.64816 -0.657221
4.90774 3.09432
4.9425 3.1461
4.5543 1.92704
4.54662 1.87185
7.36077 -1.14105
7.92308 0.766401
7.92586 0.729626
5.33703 -2.3046
5.35136 -2.31752
5.28213 -2.25635
4.51367 1.57639
4.51131 1.55114
4.61873 -0.446219
4.9054 3.09034
4.86737 3.02323
4.5102 0.281736
4.51176 0.264817
4.81115 -1.21179
4.79427 -1.15372
5.49024 -2.38686
5.00825 3.23104
4.9799 3.19677
5.3217 3.4616
5.39988 3.48854
5.81778 -2.37444
5.88602 -2.35377
7.91116 0.232967
7.90643 0.194567
4.48132 0.914628
4.48132 0.913489
4.48112 0.78649
4.48106 0.787778
4.92731 -1.57358
4.96007 -1.6656
5.034 -1.84919
5.06309 -1.91103
4.56525 2.00212
4.57518 2.06277
7.58882 -0.774033
7.63588 -0.681826
7.62229 1.90494
7.61043 1.93019
4.65829 2.46181
4.65177 2.43554
4.73651 2.72536
4.71758 2.66709
7.12658 2.67172
7.18168 2.60643
7.85818 1.21277
7.89469 1.0169
7.42317 -1.0499
7.49267 2.15441
7.42234 2.27218
7.32562 2.41739
7.36822 2.35643
7.75893 1.5668
7.7959 1.45201
7.92993 0.53709
7.92673 0.709697
5.57472 -2.40346
5.58364 -2.40395
7.8701 -0.0129256
7.8575 -0.0685194
5.10487 3.32865
5.20563 3.40307
5.49827 3.5103
5.75235 -2.39146
5.59455 -2.40382
7.92885 0.458131
4.86749 -1.39715
4.86518 -1.39039
4.99508 -1.75386
5.10373 -1.99414
4.55541 1.93548
7.67656 -0.595428
7.5207 -0.896259
7.45395 -1.00352
7.92993 0.49006
5.91428 -2.34254
5.98695 -2.31368
4.8037 2.89388
4.80748 2.90319
7.91902 0.823358
7.91805 0.833511
4.75939 -1.03248
4.86019 -1.37507
5.20691 -2.16486
5.13682 -2.05435
4.48239 1.04049
4.64886 2.42276
4.70594 2.6302
7.20253 2.58056
7.06283 2.74292
7.90562 0.940595
7.84686 1.2625
7.31267 2.43556
7.10501 -1.45871
7.17084 -1.38322
7.56929 2.01363
7.51884 2.10816
7.4116 2.2892
7.81104 1.39962
7.73583 1.63249
4.5273 1.71636
4.533 1.76622
4.49118 1.29939
4.85202 2.99582
4.81664 2.92411
5.67059 3.52
5.59785 3.51998
6.00548 -2.30461
4.49066 1.29019
4.48635 1.16927
4.86397 -1.38691
4.51337 0.245943
4.5306 0.089617
4.48111 0.785226
4.48312 0.727821
4.48558 0.657734
7.21036 -1.33628
7.09748 -1.46725
7.91957 0.818136
4.48328 1.06969
6.56235 3.17775
7.6964 1.73496
4.54496 1.85884
4.53837 1.80779
4.96309 3.17384
7.65567 1.83237
7.57624 1.99998
4.49093 1.29452
4.5263 1.70754
4.5016 1.43738
4.53563 1.78729
5.21582 -2.17762
7.21858 -1.32614
7.26571 -1.26721
6.64066 3.12123
5.70589 3.51811
7.84467 -0.121923
