6.21839 2.02334
6.29094 1.99852
6.00948 2.037
5.92437 2.01599
7.04449 0.931178
7.05062 0.897991
5.50537 1.53594
5.49214 1.49751
5.59281 1.72027
5.61818 1.76256
5.59684 -0.308909
5.56027 -0.225029
5.48957 -0.0300962
5.47025 0.0352074
6.36631 -0.692002
6.47428 -0.634411
6.14971 -0.740911
6.19243 -0.736481
5.95019 -0.6991
5.96238 -0.703412
5.76827 -0.563909
5.7772 -0.572343
5.9014 2.00896
5.808 1.96016
6.86232 -0.211344
6.79898 -0.308604
6.59978 -0.538276
6.65283 -0.486498
5.40182 1.1085
5.4142 1.19139
5.38094 0.877607
5.38286 0.91273
5.44117 1.32798
5.43518 1.30203
7.06371 0.804322
7.06682 0.775247
5.70855 1.87749
5.70415 1.87218
6.72027 1.6645
6.67217 1.72026
6.79905 1.55359
6.75204 1.62242
6.86355 -0.209181
6.91242 -0.113481
6.9748 0.0372336
6.9953 0.096787
5.65304 -0.407416
5.60974 -0.332626
5.44589 0.129547
5.43626 0.174709
5.37958 0.65033
5.38053 0.62545
5.39968 0.401568
5.40675 0.348226
6.45898 1.90895
6.42163 1.93512
7.0519 0.336087
7.04302 0.28607
7.07367 0.61125
7.07193 0.536758
7.01192 1.07721
7.01515 1.0641
6.96833 1.2109
6.96057 1.23375
7.02069 1.04316
6.5842 1.81243
6.60192 1.79566
6.91196 1.34957
6.9341 1.29968
6.98979 1.149
7.03768 0.965118
7.02958 1.00304
6.88179 1.41409
6.88162 1.41444
6.51046 1.87194
6.6087 1.78879
6.25589 -0.727674
6.35036 -0.697823
5.85689 -0.643922
5.85817 -0.644725
6.14993 2.03501
6.32532 1.98631
6.06334 2.04001
5.90766 2.01176
6.72487 -0.409489
6.73082 -0.402316
5.3891 0.994459
5.39472 1.04989
5.47097 1.43334
5.52774 1.59261
5.64659 1.80152
5.5653 1.66929
6.62285 1.77395
6.92536 -0.0849832
6.95681 -0.0112068
5.52406 -0.137954
5.60206 -0.31883
5.51755 -0.120735
5.46069 0.0710395
5.38998 0.489097
5.3882 0.507697
7.06791 0.468567
7.06238 0.412859
6.48168 -0.629972
6.10842 -0.737464
6.04791 -0.730815
5.71028 -0.491688
6.40466 1.9441
6.36575 1.96679
6.11306 2.04078
5.7933 1.94929
5.7107 1.87981
6.86275 -0.210649
6.73748 -0.393545
6.56836 -0.564415
5.41894 1.21982
5.37775 0.779435
5.3776 0.757776
5.44406 1.33881
5.68142 -0.453931
7.0544 0.871708
7.06763 0.765676
5.54684 1.63398
6.73887 1.64074
6.84358 1.48244
6.85551 1.46211
6.88302 1.41164
6.90857 1.35727
7.01253 0.156008
5.5209 -0.129844
5.4315 0.198208
5.41712 0.281386
5.38695 0.52443
6.48193 1.89468
7.02709 0.212379
7.07298 0.658157
6.95118 1.259
