5.34834 -2.23693
5.30761 -2.20129
6.11591 -2.20828
6.18816 -2.16894
5.66696 -2.3445
5.69453 -2.34429
4.95708 -1.55938
4.99162 -1.64808
4.72865 -0.804959
4.68617 -0.631835
5.06227 -1.81539
5.08559 -1.86409
4.60154 2.04423
4.59406 1.99942
7.61796 -0.663246
7.56271 -0.770688
7.85258 1.1217
7.85815 1.09161
7.43686 2.20126
7.44425 2.1889
7.3532 2.33257
7.3397 2.35253
7.76022 1.48554
7.74778 1.52436
7.90309 0.703497
7.90593 0.613961
7.75378 -0.336949
7.7209 -0.427243
7.81095 -0.152399
7.82185 -0.11206
5.07683 3.23877
5.10512 3.26662
5.26326 3.38057
5.30112 3.40051
5.78445 -2.33151
5.78781 -2.33089
5.58186 -2.34149
5.60889 -2.34464
4.91189 3.02251
4.91244 3.02342
7.8715 0.127932
7.85774 0.0487264
7.90028 0.385313
7.89525 0.317949
4.95659 -1.558
4.92491 -1.46725
4.54591 1.63354
4.55075 1.67958
4.52731 1.42295
4.52483 1.39547
5.10922 -1.91397
5.13951 -1.96782
5.95894 3.4339
5.93446 3.44054
6.16304 3.36307
6.10094 3.38638
6.38745 3.25231
6.39833 3.24558
5.69367 3.476
5.6677 3.47652
6.85027 2.91416
6.87975 2.8877
7.45545 -0.953646
7.49059 -0.897165
6.45527 -1.99808
6.40116 -2.03702
6.64773 -1.85403
6.60188 -1.89034
6.86505 -1.66456
6.79821 -1.72567
6.99516 -1.5373
6.99006 -1.54271
6.02153 -2.25199
6.03693 -2.24578
5.53115 -2.33223
5.53077 -2.33215
4.50772 0.913458
4.50744 0.899429
4.51246 1.15051
4.51303 1.16745
4.52526 0.420555
4.52899 0.366864
4.57397 -0.0423013
4.56168 0.0532784
4.51289 0.637784
4.51209 0.655716
4.66826 2.37237
4.66768 2.37019
7.88737 0.897659
7.88746 0.896964
4.61557 -0.289359
4.59803 -0.192783
4.81035 -1.10443
4.79416 -1.04785
7.7897 -0.226265
7.76362 -0.308229
6.24224 -2.13843
6.08736 -2.22215
7.08207 -1.44467
7.09606 -1.42932
5.81821 3.46366
5.91376 3.44454
6.33513 3.28067
6.27578 3.31195
4.73097 2.59878
4.70633 2.51574
4.75048 2.65954
4.74171 2.63391
4.78742 2.75883
4.79703 2.78416
7.15524 2.5979
7.1566 2.59626
7.07823 2.68585
7.09527 2.66702
7.25772 2.46753
7.21486 2.52327
6.55711 -1.92363
6.50207 -1.96593
6.91536 -1.61611
6.89473 -1.63662
7.51529 2.06292
7.53573 2.02464
7.80838 1.31873
7.80311 1.33918
7.71443 -0.44441
7.67143 -0.547067
7.67119 -0.547651
6.75436 2.99581
6.72938 3.01666
6.51 3.17642
6.52446 3.16699
4.54419 1.61542
4.53474 1.51487
4.5324 1.48711
4.52412 1.38561
4.52058 1.33536
4.75394 -0.905582
4.86296 2.93186
4.86639 2.93862
4.6223 2.15646
4.63411 2.21812
5.73084 3.47395
5.92755 3.44194
6.0493 3.40621
6.25963 3.31916
6.49809 3.18449
5.7042 3.47586
5.64234 3.47664
5.65232 3.47672
6.90106 2.86722
7.01652 -1.51493
7.07472 -1.4528
6.34705 -2.07125
6.74495 -1.7716
6.70062 -1.81034
6.28727 -2.11087
5.19972 -2.06537
5.22859 -2.10774
5.27909 -2.17021
5.27339 -2.16422
5.88908 -2.30386
5.93601 -2.2874
4.50878 1.02564
4.50841 0.976958
4.50741 0.863973
4.50739 0.835956
4.51597 1.24993
4.51446 1.21284
4.51107 1.10395
4.86248 -1.27966
4.8661 -1.29084
4.51943 0.503253
4.52247 0.460095
4.53208 0.329637
4.57749 -0.0663831
4.50904 0.736373
4.51007 0.704776
4.51505 0.590517
4.82079 2.84206
4.82121 2.84313
7.64459 1.79608
7.66254 1.75416
7.0341 2.73477
7.03952 2.72922
7.16367 -1.3513
7.1363 -1.38329
7.30261 -1.1764
7.25894 -1.23414
7.80015 -0.190453
5.42122 -2.28609
5.38141 -2.26384
5.88552 -2.30492
5.88201 -2.3058
4.75418 -0.906513
4.75486 -0.909072
4.50945 1.04046
4.50948 1.05568
6.70516 3.03623
6.64326 3.08249
6.55014 3.14963
6.58523 3.12513
4.63548 -0.394014
4.62166 -0.322555
4.51864 0.525308
4.51702 0.54587
4.61185 2.10254
4.61648 2.12674
4.58034 -0.0842609
4.59656 -0.1842
4.65174 2.29963
4.65414 2.31091
4.64132 2.25161
7.00736 2.76156
7.69892 1.6627
7.70259 1.65324
7.64467 -0.604648
7.61946 -0.660167
5.53844 3.4677
5.49895 3.46368
4.95863 3.09509
4.97334 3.11624
4.57449 1.87209
4.5681 1.82646
7.34405 -1.12065
7.89792 0.782212
7.90167 0.732769
4.54221 1.59411
4.5382 1.55126
4.67429 -0.580962
4.64996 -0.465385
4.53503 0.296129
4.53796 0.26439
4.83642 -1.19395
4.8289 -1.16806
5.48387 -2.31739
5.4557 -2.30604
5.7805 -2.332
5.39811 3.43934
5.39812 3.43935
5.00644 3.16099
5.00582 3.16023
7.88878 0.253919
7.88026 0.184749
4.95674 -1.55845
5.01235 -1.69811
5.04499 -1.77894
5.09899 -1.89258
4.59165 1.98566
4.60505 2.06308
7.55747 -0.78029
7.61875 -0.661647
7.61739 1.85778
7.58213 1.93286
4.76712 2.70628
4.75285 2.66609
7.11684 2.64221
7.15454 2.59873
7.83014 1.23039
7.87373 0.996173
7.40647 -1.03022
7.37683 -1.07416
7.47664 2.13284
7.40317 2.25644
7.30951 2.39572
7.39411 2.27082
7.73245 1.56929
7.77659 1.4329
7.90213 0.725162
7.90585 0.588295
7.84926 0.00658535
7.83104 -0.0737982
5.00883 3.16361
5.16008 3.31257
5.20352 3.34466
5.39807 3.43933
5.39815 3.43935
7.90393 0.448784
4.91041 -1.42384
4.8939 -1.37563
5.02779 -1.73705
4.67886 -0.601302
4.68085 -0.609802
5.17617 -2.0317
4.58385 1.93577
7.67078 -0.548582
7.50328 -0.875728
7.42097 -1.00837
7.90585 0.505199
6.06599 -2.23172
5.98648 -2.26767
5.53175 -2.33233
5.18295 -2.04155
4.66551 2.36143
4.68292 2.42942
7.89291 0.839771
7.88719 0.899128
4.78455 -1.01472
4.85828 -1.26648
4.73485 2.61218
4.68779 2.44699
7.19286 2.55126
7.04827 2.7197
7.87932 0.957123
7.82725 1.24311
7.28219 2.4341
7.55276 1.99139
7.49135 2.10683
7.39588 2.26806
7.78551 1.40202
7.71683 1.6137
4.55672 1.73463
4.55862 1.7513
4.51916 1.31677
4.88546 2.97483
4.85987 2.92541
5.60058 3.47515
5.97624 -2.27131
4.77178 -0.969091
4.50726 0.800387
4.5168 1.27498
4.51341 1.18495
4.88525 -1.3508
4.5522 0.128644
4.54108 0.228921
4.50773 0.771471
4.5112 0.67258
4.82228 2.84567
7.19327 -1.31613
7.89608 0.809326
6.60204 3.11363
7.66943 1.7375
4.94206 3.07036
4.57534 1.87771
4.56571 1.80791
5.18676 -2.04689
5.835 -2.31955
7.62787 1.83498
7.57152 1.95452
7.35567 -1.10465
4.91271 3.02383
4.51799 1.29465
4.55196 1.6926
4.52976 1.45486
4.56543 1.80579
4.54053 0.234276
4.50754 0.786092
4.5079 0.927759
4.55623 0.0941085
5.24036 -2.1246
7.23264 -1.26759
7.24884 -1.24733
6.62167 3.09888
4.84161 2.88817
4.91341 3.02495
5.26448 -2.15364
