6.35767 -0.73785
6.25389 -0.771846
6.26675 2.04901
6.21482 2.06678
7.07889 0.887151
7.06743 0.94918
5.47827 1.55345
5.45093 1.47398
5.56323 1.73938
5.61325 1.82275
5.53284 -0.240615
5.55761 -0.297441
5.43604 0.049308
5.46385 -0.0447108
6.1414 -0.785031
6.24447 -0.774344
6.38667 1.99683
6.4348 1.96908
5.85383 2.03425
5.80405 2.00824
6.00581 2.08165
6.02508 2.08212
6.84865 -0.28766
6.82107 -0.329997
6.60317 -0.580233
6.67611 -0.509039
6.5895 -0.592851
6.50067 -0.658569
5.37573 1.1246
5.38305 1.1736
5.35353 0.894528
5.35362 0.896038
7.08192 0.866826
7.09162 0.776161
5.41528 1.34449
5.43044 1.40567
5.67603 1.8985
5.61372 1.82335
6.70279 1.73325
6.693 1.74459
6.81876 1.57661
6.79686 1.60868
6.9157 1.40437
6.90723 1.42227
5.76294 -0.614587
5.742 -0.590912
5.94546 -0.745417
5.91413 -0.728719
6.89912 -0.200373
6.93321 -0.133614
7.00745 0.0468444
7.01731 0.0754812
5.58981 -0.366154
5.62343 -0.42424
5.41187 0.160853
5.43336 0.0601072
5.35284 0.635137
5.35254 0.642732
5.37365 0.386775
5.37626 0.367053
6.49156 1.93035
6.47326 1.94317
7.0756 0.312494
7.07244 0.294731
7.09958 0.585454
7.09862 0.544615
7.03215 1.10084
7.04096 1.06505
7.0023 1.19239
6.98792 1.23476
7.0526 1.0211
6.57009 1.86794
6.62186 1.81893
6.94552 1.33928
6.95963 1.30749
7.017 1.15
6.5406 1.89173
6.64165 1.79887
6.37588 2.00323
6.32639 2.0273
6.24717 -0.773968
6.38629 -0.723966
6.20171 2.06902
6.32177 2.02952
5.9907 2.07864
5.90397 2.05667
6.71368 -0.468874
6.75195 -0.422772
5.3624 1.01095
5.3646 1.03269
5.4434 1.45115
5.51262 1.64045
5.6134 1.82296
5.52393 1.66657
6.68298 1.75551
6.85633 1.51658
6.87494 1.48479
5.85334 -0.692541
5.81881 -0.664411
6.95992 -0.0748101
6.97821 -0.0319208
5.50967 -0.184896
5.57456 -0.334458
5.48436 -0.11116
5.43433 0.0560625
5.36028 0.507437
5.36019 0.508359
7.09269 0.443897
7.09043 0.421114
6.4727 -0.677663
6.04179 -0.776716
6.03932 -0.776445
6.03391 -0.774711
5.67701 -0.511286
5.68422 -0.520262
6.4386 1.96638
6.38151 2.00013
6.10956 2.08343
5.75317 1.97063
5.70647 1.93134
6.79471 -0.366406
6.883 -0.230256
6.59382 -0.589068
5.35059 0.774455
5.3531 0.881183
5.39339 1.23559
5.40993 1.31933
5.67474 -0.508322
7.09477 0.738654
7.08117 0.872695
5.51765 1.65283
6.75787 1.66292
6.88256 1.47049
6.93416 1.3651
7.04338 0.165088
5.49545 -0.14431
5.39999 0.219469
5.49131 -0.132423
5.39178 0.266988
5.35053 0.769196
5.35879 0.530253
5.35058 0.763945
5.36013 0.509188
6.4943 1.92865
7.04976 0.189804
7.0984 0.665641
7.05553 1.00847
6.97051 1.28157
