6.085 1.51351
6.0374 1.49775
6.32173 1.48738
6.3404 1.47699
6.57992 1.24929
6.52862 1.31731
6.47801 -0.0989283
6.52203 -0.0548507
6.24938 -0.211715
6.29878 -0.199559
5.70098 0.589703
5.69623 0.68293
5.70653 0.880749
5.71057 0.917861
5.89905 -0.0288048
5.85035 0.0405784
6.05177 -0.173289
6.04105 -0.168648
5.80161 0.14825
5.8349 0.0714852
6.742 0.846591
6.71628 0.950377
5.73845 0.346419
5.72422 0.411171
6.63492 1.16055
6.65262 1.12663
6.76301 0.627464
6.76319 0.623541
6.73062 0.359134
6.74662 0.441006
6.65304 0.139549
6.6695 0.176126
5.83456 1.30087
5.79873 1.23688
6.20188 1.52257
6.40361 1.4343
6.46084 1.39274
6.59956 1.22225
6.68763 1.04216
6.69906 1.01107
5.85307 1.33628
5.77747 1.18459
5.7875 1.20888
6.19741 1.52386
6.19601 1.52381
6.44643 1.40498
6.74993 0.805248
6.74811 0.816938
6.03202 1.49565
6.02501 1.49209
5.93375 1.42969
5.93923 1.43417
5.73078 1.02727
5.75624 1.12587
5.69988 0.802565
5.70267 0.834532
5.70235 0.573584
5.70345 0.556582
6.76247 0.640834
6.75697 0.725162
6.75338 0.781719
5.75788 1.13243
5.76178 1.14414
6.35933 -0.178507
6.42586 -0.138448
5.96532 -0.10699
5.94287 -0.0870668
5.76367 0.243198
5.76204 0.248803
6.69677 0.24442
6.71818 0.311545
6.58746 0.025056
6.18742 -0.210605
5.84278 0.0552738
6.14435 -0.208491
6.59991 0.0409047
5.76609 0.235455
6.61089 0.0585889
6.60341 0.0456231
5.71747 0.452049
6.75352 0.484756
6.75975 0.56596
6.76299 0.630025
5.98172 1.46727
6.66254 1.10527
5.92984 1.42587
5.70992 0.500087
5.69643 0.70059
5.87543 1.36673
5.72067 0.975188
5.70801 0.511722
