6.46085 -0.190032
6.36496 -0.247709
5.65392 0.778828
5.65228 0.710065
6.3019 1.56538
6.3956 1.51324
6.5951 1.31716
6.573 1.34645
6.76966 0.320266
6.75635 0.275213
6.52024 -0.134623
6.56714 -0.087668
6.23548 -0.285524
6.2846 -0.273437
5.86354 1.44775
5.81169 1.37763
5.66706 0.946619
5.66678 0.944897
5.9894 -0.210032
6.03215 -0.241129
5.84773 -0.0590351
5.83955 -0.0473785
5.75569 0.121196
5.7583 0.115166
5.68216 0.385858
5.69611 0.322362
5.66041 0.549719
5.66338 0.516061
6.67433 1.18631
6.65967 1.2144
6.8052 0.568811
6.79516 0.455294
6.80347 0.639372
6.8061 0.580816
6.68888 0.103866
6.72932 0.193734
6.27247 1.57402
6.43737 1.48503
6.63952 1.24849
6.62875 1.26722
6.55267 1.36908
6.49223 1.43505
6.17954 1.59415
6.78995 0.817028
6.78345 0.858751
6.01438 1.56504
5.98061 1.54788
6.69988 1.13129
6.71626 1.09533
5.91566 1.50083
5.94685 1.52629
5.74903 1.25979
5.75453 1.27236
5.68787 1.05376
5.69789 1.09257
5.66706 0.488452
5.67379 0.43579
6.76066 0.95877
6.74811 1.00193
6.07524 1.58615
6.79656 0.771996
5.71463 1.15913
5.71799 1.16923
6.3444 -0.257771
6.47774 -0.176195
5.91071 -0.139161
5.93324 -0.165538
5.72394 0.220626
5.7045 0.287636
6.73454 0.206817
6.7713 0.327179
6.13296 -0.279302
6.20512 -0.28498
6.58881 -0.0611916
6.09404 -0.265613
6.6367 0.00820416
5.86356 -0.0800718
5.79972 0.0299076
5.7529 0.128046
6.66237 0.0529382
5.675 0.427915
5.86757 1.45312
5.87341 1.45946
6.0622 1.58369
6.06937 1.58563
6.80603 0.579581
6.79374 0.444704
6.8032 0.677594
6.76762 0.931545
5.96368 1.53822
6.72274 1.07893
5.66558 0.501136
5.65592 0.829711
6.80044 0.734864
5.65723 0.585119
5.74558 1.25017
5.65361 0.676142
5.65443 0.63967
5.66673 0.944399
5.66664 0.943615
5.80049 1.35929
5.73145 1.2093
6.7727 0.910904
6.7382 1.03337
