6.35321 -0.761515
6.26607 -0.790062
7.08585 0.925182
7.07965 0.958768
5.46384 1.56277
5.42897 1.46145
5.54747 1.74957
5.58121 1.8058
6.69403 1.7677
6.70633 1.75325
5.51823 -0.248916
5.53178 -0.280009
5.43134 0.0110893
5.45015 -0.0524946
6.13697 -0.808529
6.20329 -0.801653
6.40323 2.0077
6.44239 1.98512
6.1808 2.09471
6.21301 2.08887
5.8285 2.04772
5.80195 2.03385
6.00398 2.10402
6.06055 2.10541
6.84084 -0.329112
6.83284 -0.341391
6.65121 -0.557456
6.68851 -0.521045
6.58459 -0.618952
6.51382 -0.671304
5.34048 0.902589
5.33987 0.888189
5.36184 1.13318
5.36646 1.16413
7.09675 0.852055
7.10482 0.776648
5.40198 1.35308
5.42825 1.45903
5.65871 1.90969
5.61085 1.85196
6.82926 1.58886
6.82073 1.60136
6.93391 1.39879
6.92083 1.42643
5.76106 -0.641878
5.72392 -0.599886
5.94377 -0.769942
5.88943 -0.740981
6.9186 -0.19464
6.94429 -0.144337
7.02484 0.0519632
7.02903 0.0641335
5.58614 -0.396021
5.60766 -0.4332
5.39888 0.153473
5.41635 0.0715884
5.33997 0.627826
5.33906 0.651054
5.35978 0.378897
5.36002 0.37708
7.08822 0.299928
7.08812 0.299345
7.11338 0.571715
7.11284 0.5488
7.04293 1.11342
7.05472 1.06556
7.0204 1.18254
7.00248 1.2353
7.0641 1.03012
6.56257 1.8975
6.63247 1.83132
6.96339 1.33379
6.97322 1.31165
7.03149 1.15053
6.55666 1.90227
6.5005 1.94571
6.5444 1.91204
6.65921 1.80424
6.37409 2.02498
6.33441 2.04427
6.24288 -0.796781
6.40402 -0.736868
6.31999 2.05121
6.22555 2.08467
5.95958 2.09518
5.90201 2.0806
6.70773 -0.500503
6.7632 -0.433667
5.34817 1.01973
5.34856 1.02353
5.42871 1.46064
5.48924 1.6271
5.59791 1.83298
5.52112 1.70075
6.7116 1.74673
6.8439 1.56548
6.88455 1.49601
5.85156 -0.718443
5.79794 -0.674768
6.97833 -0.0693919
6.9896 -0.0429532
5.50555 -0.218429
5.56039 -0.342507
5.46403 -0.0974338
5.42177 0.0489295
5.34744 0.501976
5.34632 0.51606
7.10588 0.430758
7.10536 0.42551
6.46801 -0.702582
6.07305 -0.803194
6.45427 1.97667
6.38931 2.01661
6.1077 2.10614
5.73179 1.98199
5.70421 1.95879
6.8252 -0.351951
6.89376 -0.240677
6.60565 -0.600515
5.33738 0.78261
5.3465 0.99786
5.37978 1.244
5.39271 1.3095
7.10923 0.724261
7.09405 0.87317
5.66116 -0.520145
5.64384 -0.49248
5.67252 -0.537039
5.50343 1.66202
6.76799 1.67473
6.90122 1.46477
6.94779 1.36927
6.01106 -0.792229
6.03749 -0.799711
7.05981 0.169924
5.48221 -0.151831
5.38322 0.230793
5.47542 -0.132324
5.37829 0.25932
5.33725 0.76951
5.35841 0.391267
5.33736 0.756433
7.06184 0.17778
7.11195 0.669626
7.07321 0.990871
6.98081 1.29359
