7.67372 -0.261994
7.68965 -0.212497
5.51046 3.27505
5.47051 3.26289
7.78378 0.210047
7.79245 0.279385
4.61671 1.11784
4.61539 1.0906
4.98944 -1.26211
4.976 -1.22587
4.64432 1.526
4.64699 1.55176
4.68755 1.86402
4.689 1.87261
5.60341 -2.10257
5.68763 -2.11816
5.43462 -2.01646
5.4285 -2.0114
4.61852 0.604708
4.61984 0.572098
4.93224 2.72946
4.97148 2.80668
7.11954 -1.24015
7.12964 -1.22837
4.69179 -0.114666
4.67616 -0.010524
4.76556 2.24808
4.76858 2.26033
5.71481 3.30183
5.73556 3.30147
6.67484 2.90936
6.742 2.85647
6.8529 -1.52124
6.81562 -1.55704
7.38626 -0.872127
7.35844 -0.916591
7.44964 1.97457
7.42563 2.01934
7.62349 1.58651
7.59395 1.66346
7.70541 1.32841
7.72338 1.26032
7.73825 -0.0337954
7.75049 0.0206205
7.60365 -0.450636
7.59352 -0.475523
5.31105 3.18891
5.24479 3.14246
5.04112 -1.39969
5.04357 -1.40626
5.14568 -1.63306
5.12102 -1.58157
6.49229 3.03966
6.54286 3.00611
4.62242 1.24937
4.62511 1.29514
6.18744 -1.99996
6.20192 -1.99294
5.93685 -2.09536
5.95075 -2.09195
5.70304 -2.11969
5.79441 -2.12035
4.80323 -0.646816
4.7787 -0.549404
4.8561 -0.84873
4.85415 -0.841626
4.61331 0.731776
4.61216 0.78439
4.73042 2.09336
4.73807 2.12798
7.49258 -0.68826
7.49271 -0.688016
6.14472 3.21691
6.21491 3.18726
5.95077 3.2747
5.96719 3.27171
6.8411 2.77056
6.87057 2.74234
6.61406 2.956
6.40039 -1.8791
6.30753 -1.93552
6.57285 -1.75783
6.59934 -1.73886
6.80152 -1.57006
6.71794 -1.64262
7.2422 -1.08514
7.27121 -1.0456
7.28694 -1.02366
7.29345 -1.01436
7.80723 0.503378
7.80604 0.459118
4.94433 -1.13458
4.94558 -1.13867
4.75542 -0.442035
4.77735 -0.543567
6.98 -1.39507
7.01476 -1.35932
7.03631 2.57236
6.9791 2.63406
7.80681 0.663272
7.80666 0.676352
7.70817 -0.149944
7.6499 -0.330919
6.03319 -2.06431
6.09751 -2.04099
5.51583 -2.06734
5.56699 -2.08962
5.6976 -2.11982
7.03888 -1.33264
7.05158 -1.31871
6.25793 3.16951
6.36315 3.11671
7.76925 1.03929
7.74636 1.16187
7.37186 2.1138
7.33777 2.17014
7.28849 2.2455
7.32949 2.18338
7.20016 2.37052
7.21775 2.34667
7.65462 1.49547
7.67038 1.44781
7.63528 -0.370312
7.55405 -0.563664
7.55043 -0.571744
6.58497 2.97746
6.4861 3.04381
4.66255 1.69082
4.66126 1.68009
4.63727 1.4552
4.63462 1.42345
5.99465 -2.07914
5.8279 -2.11482
5.89353 -2.10612
4.84826 -0.820127
4.83375 -0.766375
4.85998 -0.862769
5.36048 -1.95083
5.36386 -1.95398
5.0179 2.88652
5.02006 2.89037
6.03048 3.256
6.04508 3.25093
6.10614 3.23055
6.2403 3.177
6.36704 3.11481
6.40393 3.09377
6.42724 3.08003
6.77216 2.83065
6.30209 -1.93893
6.41799 -1.86708
6.90402 -1.47333
4.61278 0.965113
4.6121 0.913336
4.62042 1.21467
4.61846 1.16733
4.90026 -0.995769
4.91464 -1.04228
5.2182 -1.76296
5.23369 -1.78606
4.63433 0.353696
4.62832 0.436373
4.6599 0.108884
4.65333 0.159983
4.61408 0.70615
4.6162 0.654022
4.83135 2.47386
4.8347 2.48477
4.78516 2.32019
4.79831 2.36647
7.04742 2.55964
7.10005 2.49817
7.19845 -1.14205
7.23442 -1.09606
7.78059 0.964776
7.77532 1.00138
7.79493 0.846947
7.79361 0.861757
4.61528 1.04033
4.65144 1.59618
4.65548 1.63235
4.64043 1.4876
4.62365 0.523599
7.51393 1.8457
7.53291 1.80525
4.92779 2.71992
4.92434 2.71178
5.7667 3.30093
5.78879 3.29976
6.89692 -1.48019
4.62778 1.33555
4.62952 1.35929
4.88579 -0.9483
5.2876 -1.86502
5.31333 -1.89565
5.18491 -1.70432
5.16986 -1.67732
4.62527 0.478531
4.63922 0.299161
4.65233 0.168998
4.6457 0.229928
4.61295 0.988653
4.61167 0.860912
4.61161 0.838184
5.87102 3.29018
5.82964 3.29556
4.73341 -0.33857
4.74605 -0.398895
5.06818 2.95772
5.11665 3.0208
4.70171 -0.172207
4.71721 -0.255735
5.39693 -1.98461
5.39343 -1.98139
5.25204 -1.81391
5.27085 -1.84071
4.71754 2.02841
4.71181 2.00063
4.88846 2.63043
4.88839 2.63027
5.70156 3.30149
5.66309 3.30002
6.49952 -1.81197
6.5224 -1.79496
4.66979 1.74426
6.25222 -1.96608
6.25879 -1.96234
5.41024 3.24041
5.59003 3.29104
5.15874 3.06542
5.122 3.02661
7.7981 0.338809
7.77432 0.145007
5.04826 -1.41818
5.0813 -1.49442
4.697 1.9211
4.67894 1.80843
7.54755 -0.577745
7.49375 -0.685921
4.76487 2.2451
4.78133 2.30729
6.80953 -1.56268
6.89177 -1.48514
7.33731 -0.948729
7.42735 -0.805487
7.41135 2.04499
7.46919 1.93711
7.24482 2.30868
7.27525 2.2651
7.6262 1.57929
7.5889 1.67608
7.72701 1.24524
7.6981 1.35527
7.76391 0.0864889
7.72295 -0.0953639
5.21311 3.11696
5.34686 3.20944
5.61154 3.29546
7.80347 0.411095
5.00925 -1.31634
5.10444 -1.54451
5.16398 -1.66705
4.7038 1.95748
4.77774 -0.545318
4.81468 -0.69194
5.20039 -1.73161
4.85808 2.55179
4.85273 2.53867
4.88802 2.62931
4.74271 2.15043
4.72459 2.0643
7.43954 -0.78457
6.00801 3.26209
5.89925 3.28534
6.7 -1.65822
6.62251 -1.72021
6.54628 -1.77772
7.2835 -1.02858
7.434 -0.794097
7.80816 0.566598
7.55837 1.74795
7.57375 1.71209
4.80728 2.39642
4.81586 2.42564
7.04143 2.56664
6.933 2.68168
7.80473 0.717699
7.80161 0.773885
7.78805 0.905677
7.78304 0.948665
4.69421 -0.128919
7.1504 -1.20303
7.15362 2.43233
7.14803 2.43939
7.77164 1.02481
7.74615 1.1629
7.1569 2.42807
7.48663 1.9024
7.37918 2.10144
7.33109 2.18088
7.68135 1.41182
7.64031 1.53801
7.79784 0.817918
4.84578 2.51892
6.91388 2.70066
4.64891 1.57359
4.65952 1.66695
5.51102 -2.06505
5.50959 -2.06413
5.81876 3.29713
5.75768 3.30095
5.51227 -2.06578
5.35965 -1.95007
4.64567 0.23018
5.02208 2.89354
4.67627 1.79084
5.6227 3.29681
6.21062 -1.98824
4.9694 -1.20804
4.63161 1.3866
7.09019 -1.27481
4.66524 0.06909
4.64279 0.262684
6.37002 3.11327
4.92257 -1.06794
5.36009 -1.9505
6.4809 3.04728
4.82885 -0.748231
4.94993 -1.15178
