4.72252 -1.16642
4.74201 -1.23791
5.41562 -2.54169
5.39382 -2.5345
5.015 -2.05652
4.99646 -2.01165
5.05661 3.44074
5.113 3.48508
4.65888 -0.925786
4.64184 -0.856156
4.57361 -0.556718
4.55016 -0.442314
5.95118 3.57403
5.95101 3.57407
6.17868 3.48788
6.27456 3.44159
4.58995 2.51103
4.60618 2.57817
4.64639 2.72443
4.6478 2.72874
7.07264 2.82959
7.06758 2.83482
7.29191 2.57114
7.32376 2.5285
7.41432 -1.17375
7.46425 -1.10298
6.59649 -2.0261
6.62898 -2.00119
6.94672 -1.71699
7.0161 -1.6492
4.82571 -1.52527
4.81184 -1.47848
7.82301 -0.401761
7.82101 -0.40727
4.84097 3.18313
4.81365 3.13571
4.91121 3.28699
4.91486 3.29186
4.99298 3.38249
5.01446 3.40336
5.27677 3.57273
5.30776 3.58461
5.8095 -2.50679
5.75957 -2.52509
4.89146 -1.72836
4.88273 -1.70405
6.79332 3.09191
6.77096 3.11111
6.53398 3.28791
6.57858 3.25714
5.71062 3.62372
5.7192 3.62274
4.59364 -0.649545
4.62394 -0.780476
4.53055 2.22428
4.51896 2.16044
4.49136 1.98344
4.4936 1.99839
7.72361 -0.642167
7.74225 -0.600184
7.60333 -0.876114
7.62277 -0.84145
6.36051 3.39558
6.40244 3.37197
6.93796 2.9628
6.99328 2.91042
7.51505 -1.02387
7.46957 -1.09501
6.77881 -1.87298
6.82455 -1.83341
7.10243 -1.55859
7.07135 -1.59159
7.99151 0.572509
7.99145 0.541891
6.36497 -2.19864
6.4109 -2.16783
6.28415 -2.25502
6.24741 -2.27731
4.94343 -1.87817
4.94935 -1.89356
4.80731 3.12419
4.80356 3.11659
5.48922 3.62499
5.50142 3.62599
4.70471 2.89475
4.68731 2.84694
7.7027 1.87427
7.6808 1.92357
7.98247 0.783477
7.98499 0.751808
4.77246 -1.34702
4.76349 -1.31652
5.43876 -2.5469
5.32275 -2.4975
5.33134 -2.50191
5.3175 -2.49419
5.04228 -2.11359
5.05662 -2.14556
5.14048 -2.29648
5.12718 -2.27718
6.11059 -2.36333
6.08893 -2.37516
5.31303 -2.49015
5.22997 -2.41749
5.22788 -2.41518
5.25728 -2.44559
5.30068 -2.48009
5.20367 -2.38801
5.19053 -2.36923
4.41742 0.888322
4.41752 0.850064
4.41828 1.01482
4.41784 0.977064
4.43207 1.38688
4.43032 1.35837
4.44055 1.50711
4.43906 1.48668
4.52476 -0.308191
4.54172 -0.398956
4.43894 0.356914
4.44096 0.33112
4.42956 0.493191
4.43144 0.461576
4.45782 0.154551
4.46105 0.124918
5.95143 3.57395
5.83563 3.60266
6.12238 3.51088
6.29104 3.43377
4.56624 2.40971
4.55974 2.37869
7.18885 2.69976
7.1931 2.69478
7.96605 0.941027
7.95311 1.03192
7.924 1.19234
7.89784 1.30902
7.25252 -1.38654
7.25107 -1.38827
7.34199 -1.27242
7.30803 -1.31707
6.68966 -1.94994
6.5298 -2.07937
7.02665 -1.6382
6.92076 -1.7431
7.49314 2.27699
7.48946 2.28297
7.5719 2.13909
7.54172 2.19359
7.40891 2.40753
7.44225 2.35746
7.85111 1.47699
7.87175 1.40707
7.79511 1.64454
7.81439 1.59024
5.57994 -2.55944
5.5522 -2.56178
5.66985 -2.54697
5.64323 -2.55301
7.90848 -0.121012
7.91049 -0.113192
7.86141 -0.288719
7.86265 -0.284699
7.86029 -0.292354
7.845 -0.337584
7.81839 -0.414223
4.90687 3.28048
4.95164 3.33721
6.86709 3.02779
6.84467 3.04787
6.65236 3.20328
6.63364 3.21745
6.51289 3.30261
4.53956 2.27706
4.50634 2.08445
5.80084 3.60887
5.77744 3.61374
6.06539 3.53463
6.41021 3.36705
6.40611 3.36965
7.00645 2.89713
6.91262 2.9873
6.49922 -2.10145
6.86469 -1.79536
6.7272 -1.91907
7.11024 -1.55041
6.32289 -2.22812
4.77138 3.05371
6.03236 -2.4061
6.03854 -2.40313
4.68372 -1.02107
4.68752 -1.03545
4.46111 1.74102
4.46133 1.7433
4.44829 1.60154
4.44936 1.61499
4.48925 -0.093216
4.49238 -0.11457
4.42083 0.685238
4.41965 0.722372
4.42604 0.558173
4.42442 0.591992
4.73225 2.96499
4.71999 2.93598
7.65607 1.97513
7.68026 1.92474
7.15259 -1.50325
7.19759 -1.45154
7.97792 0.840743
7.97778 0.842107
4.63647 -0.833492
4.42289 1.19598
4.4241 1.23106
4.41927 1.06688
4.42008 1.10406
6.18688 -2.31737
4.85529 3.20523
4.66934 -0.966391
4.67095 -0.97244
6.71973 3.15246
6.7094 3.16036
4.50829 -0.214395
4.51123 -0.232506
7.63429 2.02051
7.63377 2.02157
7.15198 -1.50394
7.14752 -1.50896
5.98568 -2.43075
5.93772 -2.454
7.98647 0.390857
7.98086 0.309881
4.4775 1.87935
4.47636 1.87113
7.95697 0.1169
7.94719 0.0570654
4.50266 2.06203
4.9777 3.36567
4.74714 -1.25697
4.70974 -1.11872
4.85309 -1.61386
4.84884 -1.59962
4.99054 -1.99838
5.02553 -2.07883
5.10746 -2.24372
5.09003 -2.21178
5.15251 3.51086
5.35369 3.59699
5.40431 3.61136
5.90154 -2.46981
5.86843 -2.48509
7.97108 0.218821
7.96672 0.180954
4.42757 1.29455
4.42811 1.3266
4.41759 0.95172
4.41744 0.913564
4.41908 0.786562
4.41743 0.824814
4.43607 1.44714
4.43443 1.42252
4.43385 0.425301
4.43583 0.396354
5.56597 3.63005
5.60287 3.62989
4.49961 2.04304
4.47349 0.0194146
4.47541 0.00443383
7.66684 -0.758469
7.67964 -0.733387
4.58201 2.47902
4.62796 2.65961
4.66159 2.77205
4.64073 2.70595
7.15043 2.744
7.18076 2.70931
7.94711 1.06874
7.92888 1.16833
7.25552 2.61763
7.35585 2.48459
7.46601 -1.10038
7.38442 -1.21569
7.29813 -1.32935
7.25277 -1.38624
7.53304 2.20874
7.49397 2.27562
7.82433 1.56065
7.84416 1.49973
7.99036 0.628714
7.98919 0.670438
5.62612 -2.55461
5.59787 -2.55911
4.79883 -1.43632
4.86504 -1.65211
5.2107 3.54374
5.18326 3.52953
5.45255 3.61959
5.99914 -2.42369
5.98814 -2.42945
5.71176 -2.53728
7.97582 0.259795
7.92509 -0.0535876
7.92776 -0.0409358
7.92314 -0.0625795
4.9143 -1.79538
4.94206 -1.87417
4.48476 1.93476
7.69084 -0.710947
7.77379 -0.527181
7.56284 -0.945904
7.36211 -1.24651
7.53546 -0.991544
7.99083 0.481382
4.77567 -1.35768
5.68833 -2.54411
4.45429 1.67102
4.45498 1.67914
4.42315 0.621544
4.42176 0.657187
4.67649 2.81473
4.70863 2.906
4.42084 1.13129
4.42188 1.16756
4.5155 -0.257406
4.69818 -1.07569
5.48266 -2.55776
5.50613 -2.56016
5.08439 -2.19984
5.16935 -2.34147
5.23064 -2.41813
4.41846 1.04056
4.44396 1.55083
4.44455 0.288215
4.42734 0.526794
4.44836 0.246345
4.63225 2.67613
4.55715 2.3657
7.22666 2.6537
7.13373 2.76303
7.97134 0.899287
7.89707 1.31216
7.38747 2.43916
7.20376 -1.4442
7.60969 2.06799
7.58693 2.11143
7.45157 2.34299
7.87546 1.39356
7.78259 1.67874
5.53036 -2.5604
7.89541 -0.171447
6.764 3.11675
4.46381 1.76773
4.4678 1.80417
6.07424 -2.38289
4.41871 0.749057
4.73808 2.97797
4.66708 2.78785
4.54684 2.31396
7.72557 1.82267
7.76383 1.72862
4.75907 3.02613
7.978 0.840055
4.42503 1.26072
5.63944 3.6281
4.96909 -1.9441
7.98956 0.443896
4.46876 1.81152
4.46824 1.80747
5.72909 3.62119
7.98863 0.683472
6.68781 3.17671
6.82196 3.06792
4.94279 -1.87631
7.07412 2.82802
7.72422 1.82592
5.36953 -2.52335
7.76872 1.71604
7.78189 -0.507568
6.61665 3.23024
7.89334 -0.178983
