7.63464 -0.225411
7.63531 -0.22334
7.55445 -0.438946
7.54439 -0.462459
5.31751 3.08305
5.32814 3.09016
7.74033 0.250727
7.74152 0.260281
4.67 1.14872
4.66574 1.06129
5.14264 -1.45971
5.1048 -1.37478
5.04498 -1.23088
5.03237 -1.19689
4.74022 1.83336
4.74689 1.87288
6.05608 -1.96587
6.0097 -1.98291
5.37888 -1.82714
5.34946 -1.79224
4.66854 0.633701
4.67233 0.53986
7.07328 -1.21195
7.10488 -1.17509
6.65523 2.84993
6.70419 2.81137
7.35185 -0.831585
7.32829 -0.869232
7.75864 0.485151
7.75878 0.488824
7.69734 0.0045042
7.69863 0.010275
5.51623 3.1803
5.57674 3.19623
5.12429 2.89545
5.15719 2.93536
5.14498 -1.46429
5.18781 -1.54724
4.67706 1.2833
4.67777 1.29538
4.70699 1.60237
4.70874 1.61618
5.84601 -2.01199
5.81066 -2.01647
5.62093 -1.99055
5.54346 -1.95596
4.90595 -0.813176
4.89827 -0.786842
4.85266 -0.618831
4.84401 -0.584476
4.66416 0.76125
4.66367 0.783551
4.92175 2.52406
4.94919 2.59232
5.03676 2.76572
5.04358 2.77617
4.89263 2.44623
4.87859 2.40826
7.43303 -0.692246
7.48158 -0.597997
6.38356 3.02928
6.41136 3.01436
5.91627 3.20232
5.93204 3.19944
6.60062 2.89183
6.77964 2.74767
6.73926 2.78325
6.60897 -1.65401
6.66408 -1.60979
6.51562 -1.72294
6.5225 -1.71801
7.25175 -0.982198
7.29063 -0.926557
5.307 -1.74099
5.28122 -1.70285
6.96189 -1.33564
6.93236 -1.36602
4.80354 2.14424
4.8217 2.21541
7.75562 0.725204
7.75829 0.666765
4.7294 -0.0122553
4.72496 0.0171006
7.66813 -0.112459
7.62651 -0.248946
7.5295 -0.496346
7.5935 -0.34217
5.95704 -1.99443
6.11217 -1.9473
5.71445 -2.01209
5.71201 -2.01158
7.0688 2.45253
7.04804 2.47687
7.10934 -1.1697
7.15203 -1.11658
7.01719 -1.27635
7.04099 -1.25007
6.249 3.09826
6.27076 3.08733
7.4172 1.93093
7.43032 1.90533
7.33908 2.06968
7.37006 2.01667
7.25608 2.20188
7.27017 2.18053
7.14592 2.3557
7.1632 2.33334
7.6026 1.50037
7.6037 1.49703
7.6541 1.33324
7.63198 1.40983
7.69485 1.16713
7.68303 1.22042
7.74674 0.844173
7.7524 0.778948
7.59656 -0.334066
6.53822 2.93448
6.50235 2.95845
4.6875 1.42596
4.68732 1.42369
5.90917 -2.00616
5.71599 -2.01212
5.53041 -1.94981
5.45751 -1.90042
4.91196 2.5015
6.18922 3.12358
6.19301 3.12205
6.32189 3.06236
6.44895 2.99221
6.41682 3.01135
6.8215 2.71116
6.35274 -1.82731
6.31196 -1.85197
6.91406 -1.38487
4.66413 0.935227
4.66384 0.913275
4.67138 1.18501
4.67065 1.16727
4.97805 -1.04415
4.99957 -1.10619
5.23783 -1.63749
5.26788 -1.68255
5.33257 -1.77252
4.68328 0.382072
4.68172 0.403576
4.66678 0.673782
4.66762 0.653185
6.87647 2.65959
6.91931 2.61709
7.72667 0.998667
7.72398 1.01738
6.14806 -1.93082
4.6657 1.04027
4.69016 1.45321
4.7009 0.197153
4.70096 0.196587
4.67367 0.522785
7.00476 -1.29017
7.45746 1.85101
7.49982 1.76072
5.77191 3.2154
5.79018 3.21443
6.41821 -1.78821
6.4101 -1.79358
6.84694 -1.44973
7.42879 -0.700423
7.42846 -0.701053
7.56881 1.59452
7.5394 1.66859
6.57015 2.91342
4.67847 1.30605
4.68239 1.35953
6.28542 -1.86533
6.21258 -1.90326
4.93751 -0.919738
4.92907 -0.891762
4.95176 -0.966483
4.67424 0.506918
4.69372 0.26569
4.66472 1.01866
4.66366 0.89105
4.66344 0.806353
6.08627 3.16004
6.06508 3.16631
6.85187 2.68306
4.78146 -0.31137
4.79147 -0.359144
4.69422 1.49123
4.69383 1.48785
4.73168 1.77752
4.72648 1.74452
4.77073 -0.254536
4.77786 -0.292954
4.77049 2.00123
4.77495 2.02284
5.66852 3.21106
5.63741 3.207
5.45327 -1.89729
4.96751 -1.01435
7.72208 0.125443
7.72206 0.125296
5.41631 3.14088
5.23559 3.0172
7.75301 0.381023
7.72248 0.12805
5.1439 -1.46225
5.08157 -1.31941
4.74978 1.89038
4.7364 1.8087
4.87898 -0.719989
4.88319 -0.73484
4.84314 2.2938
4.8463 2.30544
6.75764 -1.53106
6.797 -1.4967
7.30282 -0.908086
7.36202 -0.815089
7.3788 2.00119
7.41532 1.93452
7.2129 2.26573
7.21535 2.26222
7.57272 1.58432
7.67577 1.25006
7.65884 1.31644
7.75933 0.576283
7.75745 0.459628
7.72148 0.122437
7.66989 -0.105949
7.72211 0.125614
5.22007 3.00292
5.43946 3.15134
5.61708 3.20453
5.08914 2.84703
7.75386 0.392485
5.22939 -1.62222
5.06742 -1.28644
5.23411 -1.631
4.71432 1.66068
4.70096 1.55201
4.72066 1.70492
4.77 1.99859
4.87139 -0.692611
4.91601 -0.847881
4.82766 -0.517062
4.708 0.136225
4.70937 0.125559
4.95496 2.6041
5.03182 2.75739
4.99038 2.68065
4.79638 2.11698
4.78425 2.06491
7.48853 -0.584093
7.42908 -0.699899
6.12963 3.1457
6.03348 3.17585
5.93854 3.19791
5.86222 3.20921
5.72909 3.21549
5.71576 3.21476
6.70968 -1.57299
6.56586 -1.68569
6.50908 -1.72784
7.21191 -1.0391
7.20004 -1.05555
7.39862 -0.752406
7.7594 0.597247
7.50319 1.75314
7.53657 1.67532
4.80917 -0.437633
6.97748 2.55671
6.98351 2.5502
7.75908 0.629157
7.75414 0.756077
4.74331 -0.101118
4.75201 -0.151629
6.99141 2.54129
7.11052 2.40099
7.17943 -1.08212
7.10777 -1.17161
7.70466 1.12186
7.71645 1.0595
7.45391 1.85838
7.3218 2.09868
7.29821 2.13663
7.20484 2.27704
7.62987 1.41666
7.60251 1.50063
7.73666 0.931264
7.7333 0.955149
7.73911 0.910634
6.47225 2.97827
4.85824 2.34567
5.40045 -1.84763
4.69998 0.205465
5.8239 3.21285
6.40851 -1.79452
6.18629 -1.91454
4.6944 0.258427
5.01061 -1.13811
4.6871 1.42105
6.81129 -1.48402
7.6024 1.50093
4.69409 0.261849
6.36112 3.04219
7.50923 -0.540923
6.47589 2.9759
4.8661 2.36979
