5.44474 -2.3749
5.4824 -2.38808
6.13212 -2.24472
6.18862 -2.21396
5.86903 -2.36191
5.83555 -2.37349
6.60649 3.14914
6.62401 3.13613
4.66771 -0.678917
4.7023 -0.819876
4.57308 2.06197
4.57156 2.05287
5.87816 3.49565
5.93952 3.48093
4.71901 2.67916
4.73443 2.72627
7.02512 2.78475
7.04953 2.75957
7.16533 2.62849
7.13033 2.67006
7.87417 1.14306
7.88706 1.07344
7.37362 -1.12579
7.38108 -1.11521
7.4537 2.22392
7.47379 2.19032
7.78794 1.48293
7.7682 1.54456
7.92929 0.674035
7.93171 0.597757
7.77447 -0.356317
7.75081 -0.421275
4.9052 3.0953
4.9039 3.09303
5.08162 3.30971
5.0249 3.25389
5.1958 3.40022
5.10759 3.33492
5.25359 3.43154
5.30318 3.45765
5.48732 3.51142
5.49635 3.51312
5.71589 -2.4002
5.65716 -2.40813
7.89445 0.106441
7.88629 0.0594356
7.92493 0.36224
7.92238 0.328127
4.91002 -1.52903
4.894 -1.48314
4.959 -1.66941
4.95762 -1.66556
4.51875 1.64935
4.52191 1.67945
4.49873 1.42282
4.49769 1.41127
4.65312 -0.61587
5.09748 -1.98904
5.09764 -1.98933
5.02538 -1.83435
5.01676 -1.81302
4.55475 1.94393
4.56303 1.9991
7.52515 -0.891711
7.58096 -0.79219
5.76166 3.51386
5.72331 3.51879
6.16789 3.40182
6.15945 3.40499
6.39194 3.28821
6.43962 3.25871
6.82979 2.97169
6.88972 2.91791
7.47374 -0.975207
7.5138 -0.910831
6.50166 -2.00728
6.41001 -2.07324
6.62054 -1.91667
6.6103 -1.92477
6.83586 -1.73178
6.80631 -1.7588
7.02722 -1.54366
6.99791 -1.57478
5.22608 -2.19495
5.21658 -2.18395
5.96234 -2.32637
5.93653 -2.33786
5.53753 -2.40185
5.49624 -2.39317
4.48454 1.16676
4.48456 1.16749
4.4983 0.404928
4.4997 0.384858
4.54371 -0.0237145
4.5357 0.0385688
4.48397 0.655551
4.48394 0.656175
4.78344 -1.12342
4.75858 -1.03658
4.83614 -1.30207
4.8277 -1.27339
7.81086 -0.246079
7.79295 -0.302378
5.15306 -2.08576
5.17317 -2.11993
6.08784 -2.26891
6.20267 -2.20603
4.47964 0.852105
4.47965 0.849991
4.48031 0.978717
4.48029 0.976991
4.634 -0.527214
5.98405 3.46689
5.82359 3.50657
6.18945 3.39202
6.2804 3.34887
4.68657 2.57115
4.67578 2.53479
4.75677 2.7853
4.73496 2.72781
7.08839 2.71664
7.12552 2.6756
7.26817 2.4992
7.24843 2.52488
7.15844 -1.40037
7.15464 -1.4049
6.60031 -1.9322
6.51067 -2.0011
6.94904 -1.6228
6.90263 -1.66892
7.53263 2.08624
7.56477 2.02603
7.37052 2.35587
7.37172 2.35407
7.83506 1.31622
7.82385 1.35969
7.73487 -0.463553
7.71724 -0.505657
7.70227 -0.541451
6.78969 3.00583
6.74902 3.03978
6.53087 3.20099
6.55463 3.1855
4.51551 1.61529
4.5076 1.53067
4.50392 1.48697
4.49453 1.36723
4.49339 1.35118
4.71835 -0.883742
4.82805 2.95377
4.83963 2.97658
4.58575 2.13376
4.60534 2.23605
6.05421 3.44539
6.30703 3.33423
6.50256 3.22017
5.64949 3.52313
5.62247 3.52291
6.93303 2.8763
6.39738 -2.08124
6.78276 -1.77911
6.70878 -1.84375
7.09201 -1.47583
6.28632 -2.15484
5.26861 -2.24608
6.07712 -2.27455
6.03742 -2.29353
4.74333 -0.978993
4.75766 -1.03312
4.48703 1.23316
4.48686 1.22891
4.48328 1.12475
4.4901 0.521266
4.49438 0.460552
4.50424 0.33009
4.5169 0.196744
4.52612 0.112597
4.55206 -0.0807828
4.48175 0.720554
4.48172 0.721362
4.48691 0.590975
4.76609 2.80802
4.78025 2.8443
4.62987 2.34848
4.63478 2.37112
7.6626 1.82031
7.66808 1.8075
7.32072 -1.19774
7.29748 -1.22847
7.91446 0.88063
7.91187 0.906121
4.48269 1.10364
4.4827 1.10399
7.82876 -0.184745
5.38542 -2.3448
5.41467 -2.36189
4.72883 -0.924406
4.741 -0.970114
6.7096 3.07164
6.68082 3.09315
4.60935 -0.408807
4.59018 -0.309713
4.48994 0.525775
4.48961 0.529979
4.58316 2.12042
4.58431 2.12641
4.55881 -0.123149
4.57106 -0.198636
4.61402 2.27616
4.62162 2.31183
4.60889 2.25253
7.70956 1.70589
7.73101 1.65057
7.84361 -0.132436
7.84523 -0.126213
7.66366 -0.627023
7.65013 -0.656828
4.90793 3.0995
4.94079 3.14844
4.55234 1.92582
4.54482 1.87183
7.35977 -1.1452
7.92473 0.765365
7.92739 0.730198
5.33231 -2.30564
5.34902 -2.3207
5.28042 -2.26003
4.5118 1.57522
4.50955 1.55113
4.61668 -0.444964
4.90049 3.08686
4.8644 3.02319
4.50857 0.280794
4.51005 0.264845
4.80949 -1.21296
4.792 -1.15278
5.49066 -2.39141
5.00842 3.23568
4.97817 3.19913
5.31669 3.46306
5.4 3.49176
5.82019 -2.37718
5.88605 -2.35696
7.91262 0.231595
7.90814 0.195209
4.4797 0.915574
4.47969 0.913491
4.47954 0.786491
4.47944 0.788723
4.95698 -1.66368
4.92538 -1.57457
5.03327 -1.85385
5.06074 -1.91224
4.56358 2.00316
4.57322 2.06275
7.59082 -0.773636
7.637 -0.683142
7.62261 1.90803
7.61228 1.93002
4.65783 2.46823
4.64999 2.43665
4.73453 2.72659
4.71533 2.66715
7.12722 2.67366
7.18345 2.60694
7.86002 1.21162
7.89607 1.01826
7.42426 -1.05119
7.49372 2.15582
7.42418 2.27227
7.32667 2.41881
7.36618 2.36228
7.76067 1.56664
7.79717 1.45326
7.93151 0.533737
7.92833 0.708695
5.57252 -2.40733
5.58401 -2.40796
7.87146 -0.0142031
7.85923 -0.0681738
5.10155 3.32961
5.20576 3.40674
5.50302 3.51367
5.75003 -2.39543
5.59804 -2.4078
7.93048 0.458743
4.86468 -1.3954
4.8633 -1.39136
4.99294 -1.75496
5.09793 -1.98983
4.55361 1.93546
7.67694 -0.598495
7.52178 -0.897526
7.45611 -1.00321
7.93151 0.489069
5.91636 -2.34491
5.98698 -2.31668
4.80024 2.89173
4.80493 2.90326
7.92073 0.822284
7.92007 0.829226
4.58886 -0.302424
4.75779 -1.03361
4.86031 -1.38219
5.20958 -2.17446
5.13376 -2.05503
4.48076 1.04049
4.64649 2.42129
4.70405 2.63138
7.20316 2.58248
7.06467 2.74344
7.90734 0.939512
7.84814 1.26377
7.31467 2.43566
7.10756 -1.45834
7.18177 -1.37288
7.57038 2.01509
7.52064 2.10824
7.41262 2.29058
7.81271 1.39946
7.73708 1.63372
4.52537 1.71516
4.53132 1.7672
4.48935 1.29826
4.84984 2.99719
4.81627 2.92917
5.6668 3.5229
5.59767 3.52287
6.00733 -2.30671
4.48895 1.29119
4.48458 1.16824
4.86257 -1.38927
4.51156 0.247053
4.52921 0.0871181
4.47952 0.784303
4.483 0.682812
4.48391 0.656761
7.21148 -1.33759
7.09888 -1.46819
7.9211 0.818713
6.56475 3.17843
7.69817 1.7348
4.54302 1.85763
4.53658 1.80778
4.96024 3.17467
7.65749 1.8322
7.57655 2.00295
4.48915 1.29451
4.52462 1.70851
4.49976 1.43623
4.53368 1.78608
5.21421 -2.1811
7.21766 -1.32998
7.26682 -1.26851
6.6419 3.12269
5.70622 3.52079
7.84678 -0.120018
