7.08107 -0.599626
7.08824 -0.588663
7.42604 0.64566
7.42786 0.594716
7.38705 1.02935
7.38826 1.02333
5.43126 -0.980628
5.41682 -0.955483
5.03369 1.25714
5.04269 1.33556
6.27964 -1.31269
6.24906 -1.32248
5.19141 1.97962
5.19176 1.98058
6.66033 -1.08023
6.69653 -1.05024
7.17126 1.66173
7.18353 1.63761
7.23273 -0.317511
7.19814 -0.390114
5.05285 0.204495
5.03868 0.314459
5.9779 2.63932
5.96255 2.64065
6.3893 2.51474
6.3829 2.51794
6.17394 2.60452
6.12135 2.61683
6.95899 -0.772445
6.95433 -0.778406
7.25229 1.48419
7.24499 1.50173
5.25927 -0.626029
5.25198 -0.605878
5.18655 -0.414916
5.19168 -0.431282
5.33834 -0.80958
5.3551 -0.844929
5.54729 -1.13891
5.5334 -1.12364
5.07884 1.56186
5.07141 1.51983
5.12871 1.7793
5.14132 1.82224
5.02042 1.09697
5.02217 1.12206
5.50293 2.4732
5.55705 2.51769
6.08683 -1.36277
5.99338 -1.36824
5.90028 -1.35777
5.99159 -1.3682
5.27032 2.16062
5.26357 2.14596
5.37079 2.3277
5.36787 2.32374
6.80704 -0.945318
6.81688 -0.935678
7.06726 1.84857
7.06077 1.85915
5.71672 -1.28615
5.70576 -1.27863
7.31401 -0.11183
7.2878 -0.186406
7.32676 -0.0745004
7.35835 0.0358025
7.39415 0.201523
7.38663 0.158454
5.09697 -0.0549634
5.09929 -0.0667541
5.01113 0.853535
5.01205 0.907506
5.01377 0.65613
5.01219 0.712046
5.02874 0.409699
5.02522 0.451129
5.69387 2.59294
5.75669 2.61517
7.4071 0.279276
7.42028 0.397115
6.47585 -1.21463
6.4683 -1.21893
5.163 -0.33108
5.15087 -0.285723
7.40219 0.932986
7.39884 0.958534
6.7587 2.23754
6.70095 2.29123
6.58449 2.38876
6.55312 2.41109
6.99318 1.95825
6.96261 2.00063
7.40988 0.88481
7.40966 0.886641
5.19499 -0.441456
5.19292 -0.435133
5.11296 -0.134179
5.112 -0.130066
5.01306 0.962437
5.01352 0.98258
5.0109 0.831121
7.36791 1.12002
7.36914 1.11524
7.34416 1.21243
7.34768 1.19923
6.88572 2.09907
6.85494 2.13443
7.31641 1.30637
7.30005 1.35515
5.13659 -0.229628
5.14229 -0.252111
6.82077 2.17193
6.79621 2.19818
6.3351 2.542
6.32775 2.54534
7.41796 0.806429
7.42219 0.758794
5.01448 0.638016
5.01687 0.581631
5.12698 -0.19116
7.14192 1.7178
7.12448 1.75036
5.08092 0.0315774
5.07562 0.0598584
5.01098 0.777227
6.2811 2.56663
6.25915 2.5745
7.02291 -0.685107
7.0972 -0.574004
7.42707 0.562913
7.42519 0.691536
7.39478 0.981172
7.38652 1.03242
5.38291 -0.89615
5.44315 -1.00029
5.61778 -1.21117
5.59263 -1.18534
5.10117 1.67226
5.10402 1.6844
6.67121 2.31833
6.63153 2.35087
5.43254 2.4032
5.4614 2.43497
6.18252 -1.34407
6.35475 -1.27927
5.2294 2.07107
5.19118 1.97895
6.57543 -1.1479
6.74077 -1.00927
7.20384 1.59579
7.15451 1.69414
5.80932 -1.33218
5.77754 -1.31631
7.24503 -0.290258
7.17089 -0.443378
7.36018 0.0430033
7.38584 0.154443
5.01182 0.722594
5.05749 0.172324
5.03738 0.325794
5.81693 2.62877
5.85909 2.63574
6.57488 -1.14832
6.57274 -1.14977
6.92191 2.05415
6.91066 2.06875
5.94726 2.63995
6.06774 2.62933
6.94844 -0.785518
7.14767 -0.48651
7.21643 1.56868
7.27854 1.41714
5.65539 2.5764
5.58484 2.53598
7.42408 0.727677
5.26943 -0.652812
5.22475 -0.529056
5.2983 -0.720512
5.32355 -0.77696
5.48645 -1.06133
5.62561 -1.21864
5.05945 1.44956
5.10018 1.6675
5.15976 1.88407
5.04868 1.37561
5.37673 2.33498
5.99265 -1.36829
6.13068 -1.35405
6.37818 -1.26888
5.8175 -1.33479
5.27789 2.17561
5.31827 2.24564
6.88654 -0.858151
6.82387 -0.928502
6.57502 -1.14822
7.05724 1.86456
7.11576 1.76596
7.15789 -0.468148
7.26382 -0.246563
7.28464 -0.194565
7.32573 -0.0778696
7.40603 0.271831
5.10866 -0.115002
5.08727 -0.0034467
5.01409 0.646849
5.01724 0.574538
5.02504 0.453398
5.03095 0.385842
5.07144 0.0849646
7.42167 0.413182
7.35653 1.16251
7.3671 1.12365
7.42647 0.497745
7.32556 1.27627
7.37636 1.07741
6.76416 2.23199
6.49845 2.44995
7.01257 1.93123
7.28613 1.39737
7.41048 0.879605
7.41002 0.883752
5.21355 -0.496277
5.02952 1.21924
6.48022 2.46101
6.43649 2.48778
5.1114 -0.127432
6.48905 2.45577
