7.01439 -0.631247
7.06005 -0.56137
7.39271 0.619515
7.39365 0.593455
5.1136 1.5394
5.11471 1.54455
6.58877 2.33096
6.63173 2.29567
6.28647 -1.25259
6.20228 -1.27955
6.68425 -1.00355
6.62079 -1.05613
7.12434 1.67612
7.14925 1.62712
5.72165 -1.21455
5.77513 -1.2442
7.18658 -0.331095
7.17098 -0.363824
7.3476 0.146966
7.32875 0.0644637
5.04699 0.766136
5.04791 0.711201
5.08699 0.223895
5.07849 0.289879
5.96692 2.58167
6.04255 2.57513
6.39345 2.4586
6.35917 2.47572
6.12517 2.56102
6.17808 2.54863
6.97512 -0.686837
6.92537 -0.750373
7.22636 1.45393
7.20706 1.50033
5.05219 1.01466
5.0593 1.11917
5.228 -0.411223
5.19879 -0.318065
5.29673 -0.605344
5.31468 -0.648192
5.37808 -0.787639
5.3613 -0.754803
5.47559 -0.956147
5.52102 -1.02029
5.59861 -1.11057
5.53883 -1.04484
5.16551 1.75552
5.19393 1.85227
5.55417 2.44106
5.56209 2.44758
6.09382 -1.30124
6.14427 -1.29242
5.90759 -1.29337
5.9124 -1.29392
5.23081 1.95416
5.20058 1.87316
5.31194 2.13373
5.34371 2.18923
5.4169 2.29791
5.37468 2.24068
6.78017 -0.913302
6.71378 -0.978372
7.03508 1.82916
7.08782 1.74327
7.28439 -0.0869719
7.25918 -0.158695
5.06047 0.469008
5.05372 0.566203
5.75081 2.54941
5.76049 2.55283
7.37538 0.310858
7.38383 0.386385
6.48277 -1.15367
6.41995 -1.18946
6.85464 2.07478
6.87774 2.0475
7.25987 1.3667
7.25519 1.37959
7.29002 1.27556
7.30536 1.22228
7.35152 1.02804
7.34457 1.06683
7.36864 0.931749
7.36827 0.93455
6.93436 1.97629
6.93135 1.98046
7.37462 0.88351
7.36946 0.92667
5.24991 -0.478525
5.23621 -0.436701
5.1977 -0.314513
5.15976 -0.165766
5.15148 -0.130311
5.04907 0.96063
5.048 0.906656
6.72613 2.21106
6.76179 2.17696
7.33195 1.11869
7.34122 1.08264
6.8215 2.11286
7.38603 0.781378
7.38483 0.795984
5.17088 -0.210692
5.18174 -0.253539
5.12426 -0.00496153
5.13735 -0.0669906
6.80554 2.13038
6.76389 2.17488
6.33927 2.48574
6.30341 2.50203
5.05017 0.983575
5.16636 -0.192586
5.0697 1.24282
5.07766 1.31296
6.50269 2.39271
6.48324 2.40498
7.11747 1.68925
7.09902 1.72369
5.11407 0.0504157
5.11235 0.0596301
5.19703 -0.31229
5.19412 -0.302024
5.89237 2.57827
5.86299 2.57589
6.28527 2.51031
6.19739 2.54183
6.99568 -0.658744
7.11718 -0.467935
7.3922 0.535556
7.39141 0.690291
7.36014 0.979896
7.35574 1.00827
5.42438 -0.873248
5.44894 -0.916208
5.13796 1.64849
5.11063 1.52372
6.55454 2.35581
6.67561 2.25889
6.18937 -1.28374
6.31287 -1.24084
5.26855 2.04577
5.25512 2.01348
5.48028 2.37296
5.46708 2.35938
6.59137 -1.07957
6.70407 -0.986905
7.15758 1.60997
7.12042 1.68371
5.81404 -1.26362
5.67712 -1.18123
7.21718 -0.263295
7.12309 -0.457447
7.35524 0.184072
7.3199 0.0311471
5.12296 0.00138596
5.124 -0.00367498
5.04816 0.700159
5.04694 0.776376
5.09805 0.147281
5.0721 0.345523
5.79909 2.56155
6.07195 2.57257
6.86269 -0.826183
7.12123 -0.46091
7.19071 1.53865
7.2413 1.41576
5.65943 2.51014
5.64197 2.50014
7.39105 0.701765
5.27608 -0.553624
5.26039 -0.509373
5.33652 -0.699407
5.39686 -0.822552
5.53221 -1.03606
5.63078 -1.14351
5.09419 1.42711
5.15002 1.69596
5.19636 1.86042
5.09014 1.39927
5.5272 2.41623
5.99991 -1.30436
6.07381 -1.30185
6.38499 -1.20884
5.90333 -1.29219
5.2855 2.08291
5.36051 2.21835
6.85291 -0.837653
6.84301 -0.848763
6.531 -1.12139
7.00072 1.88189
7.09128 1.73737
7.12205 -0.459436
7.22811 -0.237882
7.29657 -0.0496435
7.24022 -0.207639
7.36819 0.260693
5.04983 0.646004
5.06375 0.429495
5.05222 0.594413
5.06787 0.384968
5.10496 0.104012
7.38896 0.445749
7.32175 1.16123
7.32586 1.14612
7.39184 0.496469
7.28201 1.29999
7.31704 1.18076
7.34246 1.07616
6.70003 2.23611
6.92361 1.99064
6.98122 1.911
6.7624 2.17636
6.88907 2.03423
7.38777 0.755671
7.37793 0.858578
5.25645 -0.49783
5.04676 0.851498
5.0466 0.831634
5.08306 1.35192
5.06461 1.19657
5.04668 0.786404
6.4323 2.43565
6.41362 2.44709
5.06298 1.17501
5.14628 -0.107609
5.04757 0.896298
6.46636 2.41541
