5.97071 2.53041
5.95575 2.5292
6.18179 2.49845
6.27299 2.46659
6.99001 -0.607759
7.03572 -0.537815
7.36395 0.596949
7.36412 0.592366
5.14591 1.51853
5.1567 1.56852
7.31354 0.136941
7.30274 0.0896482
5.14759 0.0477111
5.1453 0.0594254
5.07949 0.746069
5.08009 0.71044
5.11646 0.240639
5.11285 0.268663
5.81832 2.51111
5.76451 2.49647
6.39708 2.40965
6.44649 2.38006
6.95128 -0.661172
6.90038 -0.726178
7.20399 1.4278
7.17432 1.49913
5.08953 1.087
5.09303 1.13843
5.25935 -0.393911
5.24544 -0.349553
5.3668 -0.67463
5.33007 -0.586933
5.41411 -0.76774
5.37295 -0.687164
5.51515 -0.934302
5.54366 -0.974557
5.19728 1.735
5.20574 1.76381
6.29249 -1.19957
6.37911 -1.16142
6.10006 -1.24627
6.15546 -1.23658
5.26485 1.93216
5.24552 1.88038
5.34859 2.11005
5.38079 2.1663
5.4567 2.2722
5.42978 2.23571
5.60201 2.41031
5.56716 2.38435
6.74849 -0.89399
6.7296 -0.912505
6.51123 -1.08559
6.58477 -1.03417
7.0129 1.80327
7.04092 1.75766
7.13348 1.58815
7.12083 1.61446
5.72595 -1.15213
5.64444 -1.08583
5.91176 -1.23506
5.84027 -1.21187
7.14646 -0.342904
7.14742 -0.341013
7.24746 -0.0978424
7.23447 -0.134778
5.09103 0.486372
5.08691 0.545713
7.348 0.338115
7.35236 0.377124
6.48874 -1.10107
6.46263 -1.11595
6.79318 2.09363
6.84831 2.02851
7.23662 1.33956
7.21398 1.40204
7.26662 1.24824
7.26828 1.24248
7.32046 1.02689
7.3146 1.05955
6.57823 2.28991
6.5926 2.27921
7.34418 0.882389
7.34055 0.912798
5.28209 -0.464048
5.27357 -0.438053
5.23509 -0.315867
5.20015 -0.193029
5.18556 -0.130523
5.08109 0.94086
5.0804 0.905889
6.69496 2.19094
6.70582 2.18055
7.30092 1.11755
7.30774 1.091
6.91565 1.94474
6.87793 1.99359
6.79265 2.09424
7.35687 0.758497
7.35104 0.829635
5.20048 -0.194348
5.20116 -0.19704
6.50644 2.34206
6.49119 2.35157
5.16376 -0.0316213
5.17127 -0.0672014
6.79239 2.09452
6.79173 2.09523
5.08405 1.00292
5.20035 -0.193817
5.10418 1.25411
5.1086 1.29298
5.22874 -0.294782
5.21741 -0.254831
5.98389 2.52961
5.86698 2.52203
6.1349 2.50876
6.28892 2.461
7.06989 -0.481925
6.97102 -0.634873
7.3621 0.511944
7.36347 0.623007
7.33023 0.978794
7.32893 0.987235
5.2923 -0.491754
5.30039 -0.512593
5.46098 -0.85304
5.45405 -0.841968
5.16996 1.62782
5.12738 1.42054
6.19551 -1.22964
6.27413 -1.20528
5.30352 2.02317
5.31522 2.04593
5.5241 2.34465
5.47263 2.29171
6.66916 -0.965626
6.606 -1.01864
7.11667 1.62252
7.0891 1.67413
5.81816 -1.20365
5.73033 -1.15482
7.15091 -0.333593
7.19315 -0.240025
7.32857 0.209894
7.28443 0.020706
5.13601 0.1077
5.15826 -0.00388785
5.08076 0.680029
5.07933 0.77561
5.13306 0.125666
5.10206 0.362551
5.69866 2.4682
6.07572 2.52159
5.66382 2.45101
6.85699 -0.778651
6.82559 -0.813459
6.77319 -0.868621
7.09618 -0.436655
7.16851 1.51273
7.20916 1.41458
5.36985 -0.681005
5.47159 -0.869029
5.57557 -1.01212
5.6353 -1.07777
5.12501 1.4072
5.19359 1.72083
5.23024 1.83853
5.11749 1.35716
6.00617 -1.24916
6.01603 -1.24882
6.39098 -1.15612
5.99315 -1.24761
5.29236 1.99928
5.39888 2.19356
6.493 -1.09822
6.95948 1.88526
6.9545 1.89248
7.06842 1.71068
7.19729 -0.23039
7.27121 -0.0250839
7.20188 -0.218924
7.33553 0.25108
5.08183 0.645247
5.09748 0.408669
5.08337 0.612112
5.09974 0.384214
5.13389 0.120451
7.36073 0.473858
6.65712 2.22462
6.67955 2.20573
7.36195 0.495367
7.36105 0.689172
7.29309 1.1528
7.28945 1.16595
7.24264 1.32144
7.2751 1.21824
7.31107 1.07501
7.33309 0.962879
6.7308 2.15597
6.6392 2.24001
6.95126 1.89706
6.87536 1.99683
7.3605 0.704832
7.35024 0.83685
5.07905 0.869844
5.07858 0.811889
6.33838 2.43874
6.95327 1.8942
5.09555 1.17658
5.0786 0.804538
6.38985 2.41319
6.39358 2.41145
5.17639 -0.0905004
5.21436 -0.2447
5.07918 0.876781
