7.64591 -0.235964
7.65098 -0.220212
7.56616 -0.449915
7.56233 -0.45888
7.75286 0.238993
7.75621 0.265792
4.65463 1.13981
4.65122 1.06974
5.11438 -1.44525
5.08705 -1.38391
5.04594 -1.28568
5.01611 -1.20525
4.68462 1.55103
4.68472 1.55194
4.72503 1.8422
4.73019 1.8728
6.0767 -1.98479
6.0053 -2.01103
5.333 -1.8145
5.31257 -1.79027
4.65411 0.625338
4.65719 0.54916
7.08662 -1.22008
7.1141 -1.18804
6.66089 2.86707
6.72436 2.81709
6.45052 -1.7894
6.40727 -1.81849
6.81801 -1.49997
6.80844 -1.50917
7.36178 -0.84328
7.31756 -0.913941
7.42669 1.9437
7.39858 1.99615
7.70914 -0.00654375
7.71359 0.0132593
5.31561 3.11413
5.30348 3.10563
5.51453 3.20825
5.54486 3.21624
5.12204 2.93237
5.13565 2.94888
5.14353 -1.50997
5.16802 -1.55741
4.6613 1.27352
4.66258 1.29531
4.69173 1.61125
4.69235 1.6161
5.87421 -2.03787
5.80596 -2.04651
5.58046 -2.0072
5.61585 -2.023
4.88422 -0.798516
4.88063 -0.786204
4.8384 -0.626903
4.82474 -0.57265
5.44791 -1.93152
5.48641 -1.95756
4.64949 0.752748
4.64881 0.783793
4.96273 2.6704
4.9315 2.60341
4.86655 2.43215
4.86165 2.41889
6.20963 -1.92921
6.21788 -1.9248
4.76772 2.07011
4.77768 2.11517
7.44698 -0.697358
7.48479 -0.623964
6.13829 3.16559
6.14193 3.16405
6.39621 3.04399
6.41936 3.03156
5.87729 3.23211
5.94218 3.22029
6.5901 2.92139
6.79883 2.75311
6.74497 2.80056
6.60615 -1.67887
6.68008 -1.61954
6.53213 -1.73301
6.55934 -1.71352
7.2619 -0.994159
7.31126 -0.923525
7.77285 0.490482
7.77257 0.480152
5.3014 -1.77679
5.25911 -1.71422
7.00251 -1.31638
6.9461 -1.3744
4.78134 2.13043
4.80559 2.22545
7.77228 0.672012
7.76901 0.743641
4.71207 -0.00161203
4.71048 0.00890561
5.37337 -1.86239
5.41438 -1.90104
7.67968 -0.123272
7.61037 -0.338805
7.55665 -0.471799
7.59059 -0.389386
5.98093 -2.01636
6.10792 -1.97446
5.70959 -2.04317
5.6441 -2.02952
7.06681 2.47949
7.06158 2.48561
7.13729 -1.15973
7.15849 -1.13334
7.02381 -1.29354
7.03298 -1.28342
6.25157 3.11881
6.29741 3.09581
7.34873 2.08268
7.38684 2.01748
7.26543 2.21446
7.28729 2.18135
7.17168 2.3478
7.17631 2.3418
7.6176 1.49896
7.64335 1.42107
7.66962 1.33178
7.66077 1.36244
7.7097 1.16573
7.69495 1.23221
7.76618 0.782855
7.76041 0.849304
7.60811 -0.344883
6.56135 2.94104
6.51429 2.97249
4.67301 1.43439
4.67212 1.42362
5.90465 -2.03505
5.75069 -2.04397
5.52518 -1.98327
5.50648 -1.97132
4.88757 2.49225
6.20665 3.1379
6.33492 3.07749
6.82718 2.72838
6.37215 -1.83914
6.32569 -1.86723
6.91116 -1.41038
4.64932 0.943848
4.64892 0.913293
4.65668 1.19356
4.6556 1.16728
4.95398 -1.02918
4.98355 -1.11443
5.23221 -1.67339
5.23723 -1.68092
5.30813 -1.78508
4.66916 0.373887
4.66632 0.413036
4.69373 0.128033
4.69273 0.135781
4.65158 0.683119
4.65279 0.653427
4.84234 2.35577
4.845 2.36514
6.88286 2.67579
6.93698 2.62211
7.74222 0.98889
7.7374 1.02241
6.16637 -1.94763
4.65115 1.04029
4.67821 1.48778
4.65924 0.52302
4.98405 2.7154
5.01769 2.77768
7.01902 -1.29886
7.47375 1.84948
7.50937 1.77357
5.77041 3.24007
5.80184 3.23841
6.86136 -1.45851
7.57464 1.61818
7.55522 1.66711
6.57606 2.93134
4.66385 1.31456
4.66714 1.35946
4.92259 -0.927977
4.90721 -0.877008
4.94855 -1.01314
4.66011 0.498729
4.678 0.275345
4.68686 0.189011
4.68503 0.205768
4.64979 1.01001
4.64866 0.882356
4.64849 0.815535
6.08485 3.18344
6.07485 3.1864
6.86417 2.69415
4.7676 -0.319216
4.7877 -0.415198
4.71339 1.76616
4.70997 1.74445
4.74604 -0.205032
4.76036 -0.282218
4.76533 2.05808
4.75357 2.00105
5.66693 3.23715
5.65107 3.23508
4.9518 -1.02303
5.4145 3.17057
5.42602 3.17486
5.21257 3.03165
5.2089 3.02777
7.76601 0.368846
7.73716 0.131067
5.05237 -1.30125
5.12578 -1.47156
4.73456 1.89924
4.71983 1.80862
4.82041 2.27966
4.82756 2.30598
6.77279 -1.54029
6.82525 -1.49325
7.3133 -0.920437
7.38087 -0.812319
7.38859 2.01437
7.43109 1.93528
7.22211 2.27812
7.23263 2.26305
7.58818 1.58286
7.69092 1.24864
7.67065 1.32813
7.77392 0.581754
7.7737 0.548349
7.73418 0.11432
7.6852 -0.102896
5.218 3.0368
5.41131 3.16901
5.61548 3.23076
5.19111 3.00846
5.06917 2.85956
7.76817 0.397854
5.19057 -1.59807
5.04988 -1.29545
5.21388 -1.6414
4.69906 1.66957
4.68572 1.5611
4.70251 1.69365
4.75091 1.98673
4.86803 -0.74273
4.89835 -0.847241
4.81324 -0.525225
4.86234 -0.721187
4.92566 2.58828
4.89466 2.51235
5.02897 2.79704
4.97218 2.69206
4.78042 2.12693
4.76664 2.06473
7.4321 -0.724375
7.50651 -0.580507
6.03205 3.19932
5.96892 3.21399
5.87359 3.23259
6.70685 -1.59794
6.58281 -1.69602
6.5063 -1.75234
7.23256 -1.03607
7.21002 -1.0673
7.40882 -0.764432
7.77394 0.588108
7.51911 1.75164
7.5473 1.68593
4.79013 -0.425948
6.9643 2.59374
7.00026 2.55496
7.77384 0.59778
7.76803 0.761288
7.75109 0.928909
7.75022 0.936354
4.70093 0.0753643
4.72892 -0.109263
4.73435 -0.140794
7.04734 2.50181
7.12354 2.40939
7.17087 -1.11777
7.71664 1.13371
7.73258 1.04935
7.46335 1.87108
7.33871 2.09949
7.30769 2.14939
7.18749 2.3267
7.64513 1.41523
7.61341 1.51141
7.7531 0.913049
6.47477 2.99834
6.43529 3.02197
4.85455 2.39701
6.87027 2.68828
4.68478 1.55271
5.8224 3.23744
5.72812 3.24016
6.22554 -1.92064
6.3091 -1.8772
5.35896 -1.84542
4.68034 0.250279
6.13081 3.16823
5.69761 3.23955
5.71856 3.24039
4.99873 -1.15828
4.67109 1.41111
4.69454 0.121999
7.60852 1.52574
4.67929 0.26209
4.8934 2.50875
6.36369 3.0627
5.42904 -1.91506
7.52045 -0.551425
6.49912 2.98249
4.86412 -0.728265
