6.16215 -2.58455
6.20918 -2.5511
7.99544 -0.343684
8.02207 -0.256667
4.70032 -1.777
4.71863 -1.84594
4.27557 1.35823
4.27091 1.29838
4.26496 0.850243
4.26381 0.787225
6.84648 3.26364
6.79667 3.30484
4.28028 1.47522
4.28094 1.48595
4.27667 0.456582
4.27618 0.464103
4.33442 2.0603
4.33962 2.10572
4.9158 -2.54528
4.90157 -2.50336
4.32089 -0.0123758
4.31416 0.0417602
7.79001 -0.838869
7.83698 -0.743706
4.5487 3.10516
4.54669 3.09937
5.02973 3.77867
5.07383 3.80276
5.26007 3.86874
5.20455 3.85446
4.87594 -2.41994
4.88962 -2.4628
7.1278 2.99676
7.17671 2.94544
7.4256 2.6432
7.43811 2.62641
7.23245 -1.64122
7.26771 -1.60167
4.68762 3.41715
4.68935 3.42053
4.62969 3.30355
4.61772 3.27938
5.48356 -2.98342
5.50186 -2.97816
5.35914 -3.02016
5.41676 -3.00575
4.79597 -2.13752
4.80499 -2.16677
8.1332 0.647267
8.13198 0.689502
4.96366 -2.68595
4.96232 -2.68141
5.03347 -2.84157
5.02467 -2.8217
5.19813 -3.00879
5.23388 -3.0212
5.11994 -2.95787
5.11557 -2.95226
4.74215 -1.93351
4.74897 -1.96297
5.7226 -2.87092
5.65365 -2.90749
5.75338 -2.85191
5.79789 -2.82499
4.67414 -1.67711
4.66237 -1.62825
8.07227 -0.0621602
8.07267 -0.0604027
6.69076 3.38918
6.69279 3.38769
5.98242 3.79204
5.94743 3.80352
5.74993 3.86242
5.75878 3.86052
6.22634 3.68438
6.25422 3.67049
6.46766 3.54589
6.48264 3.53662
7.04972 3.07752
7.23745 2.87757
7.20631 2.91335
7.61451 -1.14107
7.65734 -1.0746
6.97425 -1.91176
7.02407 -1.86231
6.80633 -2.06775
6.86831 -2.01239
7.06895 -1.81698
7.0595 -1.82669
4.7757 3.54961
4.73877 3.49898
6.66002 -2.19558
6.62907 -2.2209
7.93679 -0.51117
7.929 -0.531047
8.13355 0.451266
8.13172 0.406658
4.29113 1.63546
4.28945 1.61425
4.26955 0.597545
4.26966 0.594511
7.72441 -0.961217
7.70506 -0.994311
4.47413 -0.844878
4.47773 -0.860767
4.26492 1.10441
4.26492 1.10424
6.94802 3.17359
6.95181 3.17004
4.3593 2.24274
4.36161 2.25851
7.15335 -1.72674
7.18501 -1.69239
5.93795 -2.73951
5.95341 -2.72891
6.03527 -2.67462
6.03837 -2.67236
4.57445 -1.27093
4.57112 -1.25779
4.64177 -1.54718
4.61728 -1.44536
4.26317 0.978098
4.26317 0.977245
5.87116 3.82968
5.76554 3.85858
4.38579 -0.419448
4.38022 -0.389667
4.42745 -0.627707
4.41587 -0.572645
4.37197 2.31486
4.38 2.37651
4.36244 -0.288919
4.34734 -0.196678
7.80037 2.0059
7.75393 2.10264
7.88428 1.81086
7.84488 1.90615
4.38079 2.38088
4.39695 2.48016
4.43112 2.66205
4.43538 2.68463
5.34704 3.88467
5.29265 3.87554
8.04281 1.30985
8.06629 1.20314
8.09545 1.0379
8.09159 1.06519
7.34899 2.74413
7.3711 2.71559
7.477 2.57146
7.50071 2.53701
6.89173 -1.99004
6.96443 -1.92169
7.66689 2.2669
7.7031 2.20135
7.58707 2.40338
7.61014 2.36554
5.43157 -3.00311
5.31383 -3.02682
4.75752 -1.99867
4.78206 -2.08237
4.85494 -2.34372
4.84012 -2.29037
7.95077 1.62989
7.92615 1.70077
8.00305 1.46269
7.9864 1.52046
5.28097 -3.02532
5.61948 -2.92432
5.73547 -2.86298
6.50506 -2.32316
6.53287 -2.30142
8.04445 -0.176144
7.97692 -0.401536
7.94352 -0.493319
6.64127 3.42672
6.63135 3.43374
6.85103 3.25966
6.89959 3.21699
6.0542 3.76404
6.03457 3.77168
5.76131 3.85979
5.64463 3.8808
4.31447 1.89951
4.31831 1.93305
4.34415 2.13993
6.2047 3.69553
6.10691 3.74133
6.2881 3.65239
6.26071 3.66716
6.42744 3.57147
6.38711 3.59507
7.28333 2.82544
6.71826 -2.14492
6.77134 -2.09959
7.05331 -1.8328
4.81697 3.60047
8.13043 0.715494
8.12408 0.803284
6.28748 -2.49283
6.34232 -2.45154
6.41589 -2.39449
6.46933 -2.35241
6.54008 -2.2953
6.59643 -2.24898
6.69046 -2.16902
4.92996 3.71076
4.95957 3.7336
8.12944 0.365672
8.13537 0.535603
4.53889 -1.12329
4.54936 -1.16717
4.51274 -1.0121
4.51948 -1.04103
4.48238 2.88043
4.47549 2.85558
4.52477 3.02991
4.50969 2.98054
7.37791 -1.47012
7.41079 -1.42886
7.2801 -1.58756
7.32365 -1.53641
4.46147 -0.788991
4.46141 -0.788712
4.49027 -0.914878
4.59697 -1.36295
4.57541 -1.27476
4.60448 -1.39263
7.98605 -0.374344
4.91222 3.69654
4.89782 3.68306
8.10712 0.142278
8.10018 0.0920655
4.49982 -0.956393
4.5049 -0.977955
4.26704 0.723241
4.26383 0.786273
6.9994 3.12547
7.03286 3.09366
6.7442 3.34775
6.74438 3.3476
5.50715 3.89292
5.58423 3.88793
4.32837 2.0203
4.3258 1.99667
4.30868 1.83691
4.30557 1.80583
4.29197 0.256415
4.28944 0.284988
4.86803 -2.38818
4.86002 -2.35975
8.11644 0.869313
8.12399 0.80432
8.10972 0.936663
8.11017 0.933207
7.48992 -1.32425
7.51394 -1.29114
5.85476 -2.79187
5.85618 -2.79105
8.05579 -0.132131
7.91282 -0.570471
7.89815 -0.607345
6.53762 3.49993
6.57178 3.47595
7.04806 3.07914
7.04874 3.0785
8.13514 0.578704
4.30273 1.77737
4.29977 1.74223
8.11325 0.185942
8.11584 0.209336
4.72552 -1.87382
4.27026 1.23124
4.27059 1.29128
6.3165 3.63695
6.32257 3.63339
7.29135 2.81546
7.30048 2.8046
4.82426 3.60976
4.831 3.61711
6.08913 -2.63745
6.24368 -2.52522
4.68792 -1.73044
8.12222 0.275517
8.1183 0.233905
4.27085 1.29474
4.27715 1.41446
4.26383 0.786744
4.26337 0.913005
4.28396 1.53566
4.27757 1.4218
4.40616 -0.523839
4.38771 -0.429899
4.27283 0.5242
4.2804 0.398884
4.89884 -2.49305
4.93132 -2.59605
4.30522 0.122761
4.32968 -0.0780673
7.84681 -0.722562
7.78214 -0.854168
7.84399 1.90822
7.80043 2.00577
4.40446 2.52053
4.4154 2.58287
4.54932 3.10675
4.52839 3.04291
5.1512 3.83607
5.27428 3.87233
8.06906 1.18936
8.09143 1.06616
7.2275 -1.64682
7.27867 -1.58923
4.72401 3.47621
4.67873 3.40078
4.60484 3.248
4.65194 3.35126
5.54317 -2.95896
5.57086 -2.94846
4.93916 -2.6175
4.93226 -2.59843
4.99595 -2.76441
5.07285 -2.90441
5.0573 -2.87757
4.99798 -2.77016
5.1256 -2.96218
5.17292 -2.99836
4.69237 -1.74649
8.12605 0.316121
8.0857 0.0066638
8.09551 0.0603799
8.07169 -0.0647358
7.72708 -0.956399
7.88852 -0.629372
7.6635 -1.06451
7.5855 -1.18613
7.56483 -1.21681
7.52352 -1.27744
6.35224 -2.44377
6.40581 -2.40261
6.08395 -2.64096
6.08013 -2.6435
4.52573 -1.06775
4.5343 -1.1041
4.28615 1.56661
4.29437 1.6784
4.27232 0.534107
4.26761 0.659695
4.50269 2.95462
4.49205 2.9181
7.33001 -1.52869
7.36769 -1.48295
4.26464 1.09054
4.26692 1.16774
5.91025 -2.75664
5.9866 -2.70756
5.99607 -2.70078
6.05757 -2.65919
4.55219 -1.17873
4.26337 0.914482
4.26368 1.04074
4.28494 1.5501
4.36697 -0.314177
4.44528 -0.716155
4.28118 0.388556
4.27254 0.529313
5.42787 3.89234
5.43797 3.89249
5.42242 3.89222
4.34 -0.149624
4.30099 0.162915
7.75331 2.10389
7.88718 1.80363
7.92135 1.7138
7.70548 2.19688
4.44682 2.73807
4.45764 2.78497
4.45988 2.79374
4.99015 3.75422
5.0127 3.76919
5.13769 3.83136
5.10558 3.81699
5.4059 3.89065
8.03453 1.34429
8.01309 1.42691
7.53914 2.47949
7.55968 2.44744
7.4137 2.65991
7.42396 -1.41183
7.46131 -1.3634
7.6576 2.28349
7.62759 2.33596
4.65677 3.35977
4.73033 3.48686
4.5863 3.20521
4.8352 -2.27512
4.82039 -2.22101
7.95706 1.61139
7.97842 1.54615
5.89453 -2.767
5.85798 -2.79002
6.09263 3.74812
6.51184 3.51705
6.27885 -2.49957
6.47853 -2.345
6.60066 -2.24541
4.29663 1.70464
4.26756 0.661434
4.46337 2.80704
4.44899 -0.732977
4.46196 -0.791276
4.26696 1.16909
4.93181 -2.59728
5.59542 3.88715
4.44745 -0.725614
6.34918 3.61768
4.57198 3.16719
6.09883 3.74518
4.32283 1.9705
4.57946 3.18705
5.59708 -2.93646
6.74186 3.34958
6.58123 3.46925
