6.18967 -0.528739
6.28172 -0.515295
5.99045 -0.485399
5.95859 -0.465489
5.90128 1.77473
5.82746 1.72297
6.65182 -0.261992
6.69419 -0.207145
5.52583 1.03193
5.52091 0.991536
6.81314 -0.0103477
6.81095 -0.0152409
5.52047 0.473786
5.52428 0.439326
6.93993 0.447569
6.94466 0.499298
6.40883 -0.466256
6.30369 -0.510281
6.02675 1.82647
6.02928 1.8267
5.73872 1.62687
5.75808 1.64861
6.56478 -0.352435
6.53941 -0.37669
5.50711 0.799705
5.50594 0.722226
5.7981 -0.322726
5.80465 -0.331592
6.88768 1.05512
6.90414 0.988176
5.63681 1.45102
5.6384 1.45457
6.70557 1.44445
6.73038 1.40525
6.84257 1.18351
6.81258 1.25458
5.69158 -0.150416
5.66648 -0.0972287
5.63256 -0.0180055
5.6129 0.0399787
5.55591 0.242699
5.55388 0.252449
6.29329 1.80015
6.22991 1.82064
6.50485 1.67206
6.53969 1.64103
6.94581 0.738543
6.94558 0.741747
6.89086 0.199598
6.90308 0.244879
6.85818 1.14415
6.87976 1.07996
6.4665 1.70143
6.42318 1.73321
6.64154 1.53309
6.62455 1.55337
6.93038 0.858362
6.92218 0.910486
6.36541 1.76802
6.3576 1.77156
6.58043 1.60106
6.59482 1.58634
6.91921 0.924342
6.92068 0.917601
5.59234 1.3317
5.56789 1.24974
5.51495 0.532111
5.51169 0.569928
6.29635 -0.512885
6.11036 -0.523185
5.89811 -0.425095
6.07546 -0.516721
5.81005 1.70609
5.92589 1.78959
6.73352 -0.149416
6.62137 -0.29634
5.51348 0.91766
5.54104 1.13341
5.74162 -0.238768
5.78703 -0.306871
6.805 1.27046
6.78098 1.31824
6.85436 0.0879874
6.80262 -0.0314203
5.55995 0.224476
5.5826 0.140312
5.52895 0.40329
5.51738 0.504641
6.94924 0.586715
6.92975 0.37382
6.08748 -0.520731
6.43372 -0.451318
6.52746 -0.386917
5.86966 -0.397794
6.13 1.83438
6.2189 1.82212
6.02519 1.826
5.73214 1.6185
6.75886 -0.110067
5.54278 1.14335
5.50915 0.854444
5.50644 0.678228
5.54853 1.17019
5.71336 -0.193924
5.68627 1.54389
5.63574 1.44823
6.66181 1.50724
6.76187 1.35278
6.85667 1.14865
6.86288 0.111957
5.6488 -0.0571733
5.59827 0.0856503
5.53702 0.349513
5.5101 0.594401
6.29714 1.79919
6.91995 0.319052
6.94951 0.621814
6.94475 0.749938
6.88644 1.05936
6.64783 1.52584
6.93444 0.832878
5.5989 1.35248
5.62947 1.43219
6.88683 1.05814
