6.44523 -0.272954
6.42028 -0.287964
5.66587 0.25323
5.65527 0.299158
6.83873 0.770347
6.84283 0.724482
6.80383 0.286251
6.78099 0.208944
6.2223 -0.355474
6.15142 -0.351893
6.02264 -0.314499
6.0478 -0.324091
6.64354 -0.0690788
6.60549 -0.121276
5.63483 1.02213
5.62618 0.969966
5.65671 1.12968
5.67162 1.18569
5.92767 -0.246395
5.9624 -0.271654
5.80283 -0.0854853
5.82937 -0.130261
6.71725 0.0508074
6.72582 0.0671774
5.71551 0.0982832
5.69453 0.157525
5.82032 1.48957
5.87927 1.55586
6.07238 1.65509
6.0146 1.6413
6.49924 1.50033
6.44684 1.54688
6.2831 1.6393
6.18874 1.66068
6.565 1.43554
6.59935 1.39261
6.84425 0.542834
6.83761 0.467789
6.81819 0.899854
6.81111 0.933195
6.84597 0.651882
6.84708 0.627247
6.41541 1.57139
6.33561 1.61548
6.67795 1.27373
6.64927 1.32362
5.77913 1.43022
5.80627 1.47342
6.53795 1.46507
6.17295 1.6641
6.80656 0.951393
6.79334 0.999658
6.83199 0.829403
6.82785 0.855991
6.73833 1.156
6.72469 1.18595
5.70714 1.28565
5.74843 1.38006
5.62748 0.46596
5.63121 0.436797
5.61323 0.840155
5.60955 0.73645
6.83393 0.816214
5.61414 0.588475
5.6179 0.544144
6.16146 1.66527
6.12469 1.66422
6.33043 -0.331946
6.52306 -0.209173
5.86021 -0.168909
5.92369 -0.243242
5.64978 0.324573
5.68221 0.196913
6.76863 0.172881
6.81666 0.340532
6.11976 -0.349401
6.28575 -0.343651
6.5695 -0.163751
6.01719 -0.310887
6.67278 -0.0267201
5.76991 -0.026672
5.75448 0.0032602
5.74099 0.0310492
6.77417 1.06535
6.77762 1.05636
6.72809 0.0722833
5.63595 0.405726
5.92109 1.5905
5.80995 1.47832
5.97218 1.62308
6.09709 1.66179
6.82972 0.408889
6.84605 0.591362
6.8457 0.689804
6.77794 1.05536
5.75022 1.3832
6.77854 1.0535
6.80856 0.943594
5.94591 1.60808
6.64621 1.32815
6.6954 1.2442
5.645 1.08024
5.62327 0.502137
5.61396 0.855617
5.60984 0.693437
5.61233 0.612842
5.61967 0.526569
5.68121 1.21343
5.61145 0.652077
5.62137 0.918501
5.7493 1.38169
