5.35825 -2.27255
5.29873 -2.22048
6.10309 -2.23018
6.18831 -2.18378
5.84461 -2.33411
5.83518 -2.33737
4.95771 -1.59564
4.98039 -1.65386
4.67203 -0.614527
4.71996 -0.809876
5.04982 -1.82179
5.06153 -1.84624
4.59216 2.05008
4.58369 1.99931
5.93041 3.45571
5.93618 3.45432
7.0402 2.74238
7.04293 2.73956
7.15858 2.60802
7.1479 2.62071
7.85969 1.12874
7.86767 1.08562
7.44241 2.20873
7.45399 2.18937
7.35894 2.34029
7.35031 2.35304
7.76936 1.48468
7.75451 1.53102
7.91113 0.712647
7.91442 0.60862
7.7606 -0.343333
7.73076 -0.425276
7.82292 -0.141579
7.82907 -0.11882
5.05971 3.24375
5.10594 3.28925
5.24067 3.38715
5.3018 3.41935
5.58209 -2.36354
5.59681 -2.36526
5.68477 -2.36478
5.68235 -2.3651
7.87906 0.120848
7.86715 0.0522562
7.90841 0.377708
7.90419 0.321304
4.94124 -1.54845
4.91472 -1.47248
4.53696 1.63875
4.54124 1.67954
4.51789 1.42291
4.51589 1.40068
4.67012 -0.606249
5.10535 -1.93871
5.12571 -1.97491
7.56902 -0.778115
7.56834 -0.779328
6.16464 3.37584
6.12023 3.39252
6.38893 3.26414
6.41194 3.24991
5.70113 3.49133
5.69588 3.49143
6.84352 2.93313
6.88304 2.89766
7.46148 -0.960752
7.50209 -0.895474
6.47056 -2.00111
6.40408 -2.04896
6.63877 -1.87468
6.60466 -1.90169
6.85543 -1.68672
6.80088 -1.73659
7.00572 -1.53939
6.99265 -1.55328
5.27626 -2.19599
5.25801 -2.17484
6.03191 -2.26381
6.03709 -2.26172
5.94094 -2.30201
5.93618 -2.30413
5.53325 -2.35518
5.51939 -2.35226
4.4984 0.913469
4.49823 0.904789
4.50326 1.15586
4.50365 1.16746
4.51637 0.415404
4.51934 0.372795
4.56399 -0.036175
4.55312 0.04843
4.50336 0.64364
4.50281 0.655867
4.60685 -0.294295
4.59544 -0.231434
4.80148 -1.11069
4.78206 -1.04284
4.85433 -1.28923
4.85272 -1.28375
7.79667 -0.232796
7.77329 -0.306301
6.2292 -2.16071
6.08752 -2.23775
4.66761 -0.594608
7.08596 -1.45476
7.09138 -1.44881
5.94037 3.45301
5.81998 3.4778
6.2783 3.32411
6.27736 3.32461
4.71633 2.58967
4.69626 2.52202
4.73977 2.66622
4.73945 2.66528
4.76986 2.7479
4.78376 2.78453
7.08157 2.696
7.10524 2.66985
7.26117 2.47797
7.22592 2.5238
6.57135 -1.92646
6.5049 -1.97752
6.92646 -1.61832
6.89733 -1.64726
7.52101 2.0706
7.5453 2.0251
7.81717 1.3179
7.80994 1.34594
7.72117 -0.45072
7.68653 -0.533418
7.68143 -0.545607
6.76601 2.99911
6.73585 3.02428
6.51688 3.18452
6.53791 3.17081
4.53474 1.61538
4.5258 1.52008
4.52301 1.48706
4.51437 1.37955
4.51162 1.34058
4.74221 -0.898384
4.85146 2.93908
4.86451 2.96481
4.61025 2.14898
4.62463 2.22403
5.70864 3.49091
6.05092 3.41912
6.27711 3.32472
6.49957 3.19625
5.70326 3.4913
5.62253 3.49179
5.65138 3.49202
6.9116 2.87021
7.06055 -1.482
7.08311 -1.45791
6.36364 -2.07454
6.75741 -1.77407
6.70331 -1.82135
6.28696 -2.12536
5.17995 -2.06797
5.20985 -2.11186
4.49949 1.03105
4.49908 0.976968
4.49819 0.85863
4.49818 0.841316
4.50643 1.2444
4.50536 1.21814
4.5017 1.10397
4.50976 0.50919
4.51321 0.460246
4.52291 0.329786
4.53743 0.178544
4.53237 0.224691
4.56911 -0.0711294
4.50002 0.731145
4.50069 0.710536
4.50577 0.590668
4.80276 2.83084
4.80771 2.84352
4.65538 2.36436
4.65671 2.3705
7.65052 1.80407
7.66437 1.77174
7.1589 -1.37117
7.14239 -1.39046
7.30858 -1.18344
7.27165 -1.23227
7.89633 0.892027
7.89552 0.899988
7.80958 -0.188571
5.38887 -2.2932
5.37215 -2.28386
4.74582 -0.912411
4.7561 -0.950994
4.49992 1.04047
4.49994 1.05014
6.70663 3.0479
6.65564 3.086
6.55163 3.16153
6.59841 3.12887
4.62686 -0.39889
4.61082 -0.315901
4.50918 0.525462
4.50799 0.540632
4.60239 2.10843
4.60588 2.12663
4.57325 -0.0970788
4.58815 -0.188958
4.63931 2.2919
4.64342 2.31121
4.63063 2.25191
7.70243 1.67694
7.71196 1.65236
7.65093 -0.612023
7.62864 -0.661115
5.56552 3.48688
5.49796 3.48
4.95715 3.11928
4.9606 3.12424
4.56439 1.87203
4.56672 1.88879
7.35662 -1.1188
7.90676 0.776659
7.91075 0.723956
4.53219 1.58789
4.52876 1.55122
4.63899 -0.458654
4.89673 3.02362
4.91036 3.04767
4.52631 0.291074
4.52876 0.26454
4.82755 -1.20021
4.81673 -1.16302
5.48611 -2.34179
5.44238 -2.32417
5.0066 3.18504
4.99698 3.17342
5.37128 3.44716
5.39873 3.45662
5.79394 -2.3473
5.8857 -2.32215
5.67655 -2.36507
7.89664 0.246561
7.88945 0.188197
4.94641 -1.56376
4.99399 -1.6867
5.04115 -1.80349
5.08638 -1.89906
4.58231 1.99148
4.59456 2.06297
7.5691 -0.777969
7.62481 -0.668786
7.61911 1.87434
7.59207 1.93192
4.75637 2.71298
4.73986 2.66645
7.12026 2.65258
7.1641 2.60145
7.83999 1.2242
7.88109 1.00345
7.41234 -1.03713
7.37101 -1.09839
7.48227 2.14042
7.4042 2.2713
7.31517 2.40333
7.39052 2.29263
7.74175 1.56842
7.78337 1.43961
7.91431 0.570312
7.91094 0.719626
7.85658 -0.000266695
7.84034 -0.0719443
5.14061 3.31824
5.20427 3.36527
5.43355 3.46446
5.77539 -2.35212
7.91268 0.452067
4.89534 -1.41446
4.88382 -1.38081
5.01631 -1.74295
5.16122 -2.0368
4.57359 1.93567
7.67281 -0.565034
7.50947 -0.883018
7.43255 -1.00667
7.9143 0.499882
6.07587 -2.24297
5.99156 -2.28185
5.89361 -2.31901
5.98665 -2.28403
5.55478 -2.35855
4.67131 2.42975
4.66294 2.39716
7.90208 0.834007
7.89808 0.875972
4.77571 -1.02096
4.85895 -1.30453
5.1672 -2.04767
4.7247 2.61851
4.67365 2.43819
7.19626 2.56155
7.04463 2.73775
7.88856 0.951318
7.83414 1.24992
7.29289 2.43461
7.55857 1.99921
7.501 2.1073
7.40149 2.2756
7.79448 1.40118
7.72351 1.6203
4.54639 1.72821
4.54963 1.75654
4.50934 1.31067
4.87368 2.98223
4.83969 2.91451
5.59962 3.49097
5.98718 -2.28377
4.7613 -0.969439
4.49801 0.795026
4.50762 1.28032
4.50391 1.17944
4.87778 -1.36348
4.53128 0.234941
4.5445 0.11474
4.4983 0.777262
4.5022 0.667366
4.82029 2.87336
7.19927 -1.32321
7.90433 0.81242
6.60351 3.12538
7.6789 1.73661
4.96865 3.13515
4.9296 3.07817
4.56423 1.87081
4.55611 1.80787
4.99127 3.16564
7.63763 1.83406
7.57318 1.97048
7.36172 -1.11178
4.88699 3.00624
4.50849 1.2946
4.54295 1.69785
4.51987 1.44872
4.55496 1.7993
4.49818 0.786245
4.49852 0.922317
4.54619 0.100273
5.23174 -2.14322
7.2277 -1.28815
7.25477 -1.25431
6.62834 3.10673
4.83026 2.89529
