7.68912 -0.276416
7.71108 -0.208222
5.50825 3.31124
5.43095 3.28772
5.09182 3.0419
5.11376 3.06813
7.80091 0.19401
7.81252 0.286916
4.59571 1.10566
4.59554 1.10215
4.95505 -1.24072
4.95377 -1.23729
4.62199 1.51213
4.62608 1.55167
4.59881 0.593278
4.59915 0.584807
4.92813 2.78656
4.94636 2.82244
7.13778 -1.25127
7.13826 -1.25071
4.66933 -0.100873
4.65737 -0.0211618
7.51613 -0.683561
7.50581 -0.703638
6.28082 3.18787
6.37335 3.13982
4.75476 2.30128
4.74185 2.24875
5.74262 3.33505
5.71275 3.33558
6.68257 2.9328
6.7274 2.89749
6.87222 -1.53302
6.85181 -1.55262
7.39983 -0.888111
7.38439 -0.912775
7.46235 1.99167
7.44696 2.02037
7.63136 1.61846
7.61484 1.6615
7.72507 1.32656
7.73858 1.27536
7.75438 -0.0488942
7.77093 0.024699
7.626 -0.446176
7.60839 -0.489445
5.30853 3.23034
5.21227 3.16287
5.006 -1.37785
5.02091 -1.41791
5.13014 -1.66593
5.09591 -1.59448
6.52195 3.04807
6.55812 3.02408
4.60088 1.236
4.60435 1.29504
4.65584 1.79618
4.65747 1.80834
6.13602 -2.0574
6.19642 -2.02812
5.74781 -2.16078
5.78804 -2.16107
5.58942 -2.14411
5.59384 -2.14583
4.78374 -0.657848
4.77402 -0.619234
4.83695 -0.859572
4.82758 -0.825319
5.18024 -1.75944
5.19401 -1.78394
4.62688 0.219285
4.62433 0.243049
4.59327 0.720157
4.59236 0.76164
4.70975 2.10624
4.7145 2.12774
6.14829 3.24535
6.25534 3.20011
6.91658 2.72782
6.84851 2.793
6.642 2.96393
6.39667 -1.91185
6.33259 -1.95079
6.59542 -1.77158
6.59564 -1.77142
6.79784 -1.60247
6.73772 -1.65467
6.9793 -1.42658
6.91552 -1.49153
7.26946 -1.08113
7.30018 -1.03927
7.82627 0.510523
7.82458 0.447465
4.59174 0.91336
4.59173 0.912854
4.92361 -1.14523
4.92981 -1.16543
4.73665 -0.452659
4.75307 -0.528666
5.27986 -1.91451
5.27017 -1.90065
6.99879 -1.40652
7.00494 -1.40018
7.0183 2.62296
7.00199 2.64055
7.80156 0.951594
7.80265 0.943288
4.69417 -0.24486
4.69351 -0.241189
7.82598 0.622513
7.82551 0.664506
7.72396 -0.164723
7.6718 -0.32655
6.06015 -2.08906
6.09178 -2.07759
5.6032 -2.14752
5.69098 -2.16213
7.04699 -1.35368
7.06912 -1.3294
6.39493 3.12682
6.26145 3.1976
7.78511 1.05498
7.76765 1.14849
7.38419 2.13038
7.35148 2.18444
7.30127 2.26269
7.3101 2.24931
7.21255 2.3872
7.24158 2.34782
7.67513 1.49354
7.68535 1.46262
7.65033 -0.384402
7.58951 -0.531613
7.57358 -0.567124
6.58825 3.00358
6.50143 3.06185
4.64292 1.70224
4.64024 1.67999
4.61747 1.46672
4.61385 1.42335
5.9888 -2.1165
5.90732 -2.14047
5.93791 -2.13216
5.86454 -2.14845
5.88739 -2.14542
5.59652 -2.14661
5.53531 -2.12501
4.85565 -0.927257
4.96793 2.85954
4.99433 2.90652
5.9491 3.30712
5.98411 3.29821
6.03407 3.28467
6.09005 3.26523
6.12573 3.25332
6.25895 3.19866
6.44307 3.09844
5.62315 3.33099
5.66101 3.33423
6.79717 2.83775
6.2983 -1.97226
6.44138 -1.88134
6.90019 -1.50705
4.59254 0.976894
4.59254 0.976859
4.60033 1.22636
4.59789 1.16735
4.87086 -0.977488
4.89415 -1.05281
4.61503 0.34251
4.60727 0.449302
4.64116 0.0982744
4.63498 0.146295
4.59331 0.718911
4.59593 0.654352
4.79858 2.45346
4.80842 2.48551
4.77244 2.36721
4.76322 2.33477
7.11577 2.51139
7.12181 2.50434
6.93712 2.70725
6.97439 2.66906
7.22727 -1.13782
7.24769 -1.1117
7.81463 0.834562
7.81161 0.868508
4.59541 1.04036
4.63075 1.60046
4.6356 1.64392
4.61949 1.48751
4.80945 -0.759214
4.80054 -0.724445
5.42462 -2.06142
5.42725 -2.0636
4.60393 0.52392
7.5362 1.84361
7.54596 1.8228
4.90402 2.73484
4.88531 2.69071
4.6078 1.34718
4.60868 1.35919
4.66603 1.86826
4.66662 1.87251
4.8654 -0.95956
5.15706 -1.71864
5.14357 -1.69442
4.60596 0.46734
4.61774 0.312357
5.86907 3.32208
5.84412 3.32533
4.71447 -0.349294
4.72173 -0.383973
5.03865 2.97153
5.02762 2.95718
5.3553 -2.00099
5.38323 -2.02666
5.22136 -1.82968
5.22747 -1.83839
4.69106 2.01197
4.68867 2.00039
4.86517 2.64504
4.85172 2.61046
6.49583 -1.84453
6.54444 -1.80839
4.6486 1.74416
6.24835 -2.00022
6.28024 -1.98203
4.59125 0.849072
4.59187 0.78505
5.40788 3.27911
5.57947 3.32555
5.12892 3.08413
5.07964 3.02605
7.81588 0.322167
7.7949 0.15273
5.04953 -1.49064
5.05666 -1.50709
4.67619 1.93321
4.67157 1.90518
7.45246 -0.801239
7.56092 -0.593501
4.73692 2.22771
4.75636 2.308
6.82849 -1.57424
7.35052 -0.964298
7.43533 -0.830525
7.42387 2.06183
7.4903 1.93812
7.25741 2.32561
7.29887 2.26624
7.6468 1.57735
7.59657 1.70719
7.74626 1.24343
7.71319 1.37019
7.8206 0.769541
7.82028 0.776605
7.78038 0.0710692
7.74387 -0.0911908
5.21041 3.16137
5.31116 3.23185
5.60943 3.33008
7.82302 0.418432
4.98687 -1.32784
5.06165 -1.5179
5.13704 -1.6809
4.6777 1.94127
4.75917 -0.555831
4.78828 -0.675736
5.21037 -1.81301
5.1633 -1.72963
4.72187 2.16342
4.7013 2.06406
7.44749 -0.809993
5.91342 3.31448
6.69632 -1.69066
6.64343 -1.73297
6.59519 -1.77175
7.31018 -1.02466
7.82693 0.554802
7.58012 1.7459
7.5884 1.72658
5.24776 -1.86783
5.3254 -1.96833
4.77521 2.37646
4.78988 2.42638
7.06319 2.57281
7.80853 0.892805
7.80109 0.955435
4.67585 -0.139311
4.69612 -0.255481
7.13923 -1.24952
4.82327 2.53129
4.83018 2.55276
4.84115 2.5833
7.16109 2.45497
7.12731 2.4976
7.79222 1.01187
7.76146 1.17804
7.18096 2.42923
7.49953 1.91976
7.4007 2.10248
7.34336 2.19739
7.70142 1.40993
7.65521 1.55275
4.59125 0.850648
7.82003 0.780796
4.63663 1.65274
4.62908 1.58513
5.46573 -2.08832
5.4224 -2.05947
5.8168 3.32928
5.77332 3.33308
5.50511 -2.11156
5.35214 -1.99806
4.6318 0.173206
5.01894 2.94509
5.38881 -2.0318
5.66476 3.33433
6.23273 -2.00854
4.95315 -1.2356
4.60974 1.37301
7.1364 -1.25289
4.64901 0.0397756
4.62256 0.263013
4.59188 0.78472
4.59188 0.784397
4.59254 0.976823
4.907 -1.09436
6.48417 3.07335
5.51188 -2.11452
4.62877 1.5821
5.96687 -2.1229
4.95131 -1.23028
