4.75121 -1.14618
4.76114 -1.18262
5.14208 -2.18764
5.11056 -2.1337
4.96178 3.26757
4.98341 3.29377
5.36996 3.54559
5.30558 3.52428
5.32118 -2.39822
5.30174 -2.38507
4.58123 -0.443219
4.57783 -0.426649
4.65987 -0.795893
4.67021 -0.838044
5.94557 3.52925
5.86834 3.54778
6.17351 3.44666
6.21996 3.42423
4.63461 2.53882
4.63915 2.55762
4.68131 2.70266
4.68947 2.72755
6.99772 2.86174
7.06153 2.79591
7.1776 2.66567
7.16081 2.68562
7.90047 1.16907
7.92226 1.05131
7.28071 2.5372
7.28847 2.52681
7.39474 -1.15068
7.42425 -1.10886
6.55165 -2.0172
6.62007 -1.96473
7.47421 2.25151
7.50976 2.19205
7.8217 1.47975
7.81559 1.49885
7.96229 0.603889
7.9631 0.578023
5.56934 -2.48745
5.54524 -2.48596
4.85697 -1.5032
4.85493 -1.49632
7.79967 -0.379904
7.78725 -0.414006
4.87186 3.14089
4.85285 3.1079
5.12076 3.42206
5.11045 3.41443
5.43558 3.56044
5.49848 3.57226
7.92241 0.0802677
7.92106 0.0724781
4.9464 -1.76253
4.91875 -1.68554
6.77244 3.06734
6.76615 3.07275
4.48567 1.6686
4.48679 1.67929
4.62225 -0.633349
4.95729 -1.7939
4.98254 -1.85637
4.56898 2.24815
4.54959 2.14134
4.52185 1.96444
4.527 1.99873
7.68892 -0.649088
7.73537 -0.544465
7.56573 -0.883616
7.60266 -0.817758
5.78761 3.56486
5.76542 3.56771
6.39742 3.33192
6.4899 3.2747
6.90348 2.95301
6.9133 2.94371
7.49582 -1.00121
7.48986 -1.01053
6.73881 -1.86504
6.81597 -1.79829
7.06626 -1.55141
7.00746 -1.61385
6.3126 -2.18824
6.4119 -2.12165
6.28518 -2.20738
6.21426 -2.25042
5.76736 -2.45881
5.80394 -2.4493
4.50685 -0.00107798
4.50406 0.0206543
7.68365 1.84864
7.67449 1.86925
7.95288 0.802077
7.95697 0.750783
4.80308 -1.3254
4.78226 -1.25457
7.83664 -0.270209
7.82867 -0.295252
5.16154 -2.21996
5.19158 -2.26302
6.15481 -2.28779
6.0884 -2.32406
4.44735 0.870903
4.4474 0.850029
4.44811 0.997457
4.44788 0.977029
4.46127 1.36988
4.46057 1.35851
4.46979 1.49009
4.46955 1.48682
4.57415 -0.407223
4.57661 -0.420369
4.47034 0.337628
4.47089 0.330633
4.46062 0.474117
4.46139 0.461089
6.05504 3.49476
5.82994 3.5573
6.06274 3.49192
6.28592 3.39294
7.20727 -1.39319
7.1762 -1.4303
7.30004 -1.27858
7.28838 -1.29392
6.64749 -1.94157
6.52066 -2.04195
6.99006 -1.63094
6.91225 -1.70827
7.55352 2.11435
7.53962 2.13945
7.39045 2.38269
7.40833 2.35583
7.76485 1.64738
7.79276 1.56884
7.86755 1.31316
7.84911 1.38468
7.77102 -0.457038
6.83103 3.01756
6.82416 3.02372
6.61229 3.19192
6.61208 3.19208
6.55629 3.23091
6.56002 3.22848
4.49566 1.76247
4.49176 1.72764
4.48059 1.61513
4.47455 1.54991
4.47336 1.53577
4.67501 -0.857142
4.57062 2.2577
4.54403 2.10786
5.59882 3.57976
5.68201 3.57552
6.06017 3.49299
6.36131 3.3515
6.50801 3.26362
6.97196 2.88734
6.90183 2.9546
6.4514 -2.09196
6.82695 -1.78788
6.71844 -1.88323
7.10147 -1.51454
6.29832 -2.19825
4.80702 3.02454
4.80984 3.03004
5.99986 -2.36909
6.03801 -2.35081
5.91039 -2.409
5.93715 -2.39854
4.71239 -1.00083
4.72125 -1.03433
4.48879 0.145974
4.49002 0.134773
4.52108 -0.0983198
4.45013 0.702223
4.4495 0.721886
4.45515 0.575046
4.45436 0.591505
4.76699 2.9335
4.77973 2.96364
4.73036 2.84572
4.72708 2.83731
4.58352 2.31964
4.59493 2.37225
7.9474 0.859927
7.94157 0.917264
4.45363 1.2138
4.45423 1.23102
4.44977 1.08456
4.45019 1.10403
6.18796 -2.26782
5.40338 -2.44938
5.38575 -2.44001
7.8636 -0.177793
5.04646 -2.00666
5.04367 -2.00127
4.90432 3.19095
4.91161 3.20159
4.69795 -0.946199
4.70464 -0.971321
6.71494 3.11423
6.66947 3.14903
4.53259 -0.17051
4.54001 -0.216216
7.62873 1.96697
7.60047 2.0247
4.58201 2.31296
4.57542 2.28203
6.90015 -1.71966
5.61184 -2.48683
5.63695 -2.4845
7.86958 -0.156743
7.87926 -0.119424
7.95548 0.346169
7.95467 0.334399
4.5135 1.9017
4.50929 1.87146
7.95737 0.744848
7.95762 0.741539
5.46271 -2.47059
5.44412 -2.46602
4.47477 1.55223
4.47465 1.55097
4.53656 2.06237
4.77669 -1.23611
4.74811 -1.13461
5.49876 -2.47976
5.09064 -2.09445
5.14825 -2.19898
5.01681 -1.94161
5.03433 -1.98087
5.01163 3.32464
4.94406 3.24577
5.40227 3.55477
5.2271 3.48915
5.86417 -2.42726
5.88669 -2.41956
7.94188 0.207867
7.9415 0.204559
4.45691 1.29452
4.45717 1.30969
4.44746 0.934336
4.44738 0.913529
4.44816 0.786528
4.44726 0.807456
4.89904 -1.62764
4.88718 -1.5942
4.46526 1.43014
4.46476 1.42266
4.46504 0.406142
4.46575 0.395867
5.59336 3.58001
5.59457 3.58001
4.53037 2.02386
7.63027 -0.765763
7.65913 -0.709221
4.6147 2.45865
4.6488 2.5937
4.69667 2.75019
4.67083 2.66842
7.13929 2.71023
7.21001 2.62712
7.8964 1.18875
7.92327 1.04516
7.21913 2.61587
7.34448 2.45016
7.44593 -1.07672
7.34418 -1.22161
7.25464 -1.33574
7.23297 -1.36292
7.51452 2.18381
7.46047 2.27401
7.79457 1.56345
7.82223 1.47805
7.9628 0.478273
7.95992 0.688838
5.52867 -2.48485
5.59127 -2.4871
4.82969 -1.41454
4.86276 -1.5218
7.89851 -0.0395208
7.89357 -0.0613241
5.03579 3.34876
5.20838 3.47944
5.58935 3.57976
5.66196 -2.48058
5.70337 -2.47514
7.93565 0.166151
7.9423 0.211446
4.95114 -1.77645
5.01018 -1.92472
4.51787 1.9351
7.68437 -0.658636
7.73991 -0.53394
7.54309 -0.922636
7.3427 -1.22365
7.49849 -0.996977
7.96272 0.470837
4.81813 -1.37525
5.95557 -2.38955
5.98759 -2.37559
4.45235 0.638468
4.45163 0.6567
4.73181 2.84915
4.75437 2.9047
4.45146 1.14904
4.45199 1.16752
4.55078 -0.279058
4.72685 -1.05545
5.22336 -2.30296
5.076 -2.06773
5.24074 -2.32577
5.24522 -2.33144
5.26147 -2.34773
4.44842 1.04053
4.47605 0.268866
4.45717 0.526309
4.48323 0.198395
4.47664 0.262356
4.59956 2.39209
4.66653 2.65477
7.21563 2.62025
7.10107 2.75377
7.94146 0.918065
7.87359 1.28894
7.35328 2.43752
7.15804 -1.45092
7.59104 2.04289
7.55592 2.10994
7.43284 2.31778
7.84584 1.39634
7.76114 1.65753
6.72539 3.1058
4.49827 1.78643
4.48797 1.69194
6.04339 -2.34776
4.50179 0.0375944
4.44796 0.766009
4.8048 3.01949
4.70935 2.78665
7.71945 1.76378
7.73256 1.73156
7.64808 1.92665
4.8062 3.0227
7.12646 -1.48676
7.95069 0.82981
4.45571 1.2785
5.36505 -2.42945
5.40732 -2.45114
5.59577 3.57995
5.0139 -1.93425
7.96266 0.469081
4.50447 1.8337
4.50111 1.80762
5.27756 -2.36275
6.66632 3.15142
6.81719 3.02987
7.10021 2.75471
7.69243 1.82891
7.75703 1.66859
7.75947 -0.486581
6.61189 3.19222
5.71288 3.57388
7.88853 -0.0822681
6.60908 3.1942
