7.52008 -0.406772
7.49176 -0.472959
5.32324 2.98911
5.4036 3.04281
4.72764 1.34001
4.72923 1.35975
5.79058 -1.92606
5.82454 -1.92774
4.8242 -0.287174
4.80383 -0.183434
4.73769 0.283521
4.73992 0.261104
4.70786 0.782832
4.70773 0.786507
6.63863 2.79964
6.64505 2.79458
6.61725 -1.5811
6.61714 -1.58118
7.71451 0.468598
7.71627 0.515544
7.70346 0.850033
7.70572 0.828788
7.59883 -0.191887
7.58521 -0.233335
5.52124 3.0982
5.51346 3.09467
5.20324 2.87492
5.22037 2.89571
7.70084 0.287696
7.69556 0.243038
5.25803 -1.53459
5.24658 -1.51703
5.14001 -1.3093
5.1581 -1.34739
4.75175 1.57631
4.75681 1.6164
4.79971 1.88552
4.81799 1.97585
6.02271 -1.89973
5.99179 -1.90686
5.65789 -1.90187
5.6359 -1.89486
4.89579 -0.594669
4.90323 -0.622413
4.96121 -0.827175
4.94999 -0.788715
5.46917 -1.79559
5.47364 -1.79887
5.3491 -1.66796
5.3235 -1.63552
5.00204 -0.953297
5.01406 -0.988646
5.09464 2.7294
5.13138 2.78573
6.40589 2.95296
6.40819 2.95178
6.1177 3.08175
6.16516 3.06541
5.93272 3.12824
6.0338 3.10767
5.6875 3.13539
5.75399 3.14001
6.63148 2.80512
6.72337 2.7317
6.7225 2.73247
6.41855 -1.71917
6.40802 -1.72524
6.8199 -1.40818
6.8034 -1.42319
7.32132 -0.795613
7.36212 -0.728371
7.22197 -0.947112
7.23012 -0.935452
7.49045 1.6732
7.46741 1.72687
4.86867 2.18477
4.86897 2.18594
7.52452 1.58885
7.53706 1.55585
4.70813 0.916827
4.70904 1.03609
5.10651 -1.22948
5.08241 -1.17117
4.78023 -0.0434754
4.76742 0.0411394
4.72636 0.407046
4.71823 0.511668
4.80372 -0.182843
4.80341 -0.181156
7.47569 -0.509525
7.542 -0.352445
6.89702 2.57097
6.87195 2.59564
7.0083 2.45123
7.06614 2.38344
6.99775 -1.22592
7.03277 -1.18726
7.38795 1.89157
7.40931 1.8499
7.31075 2.03157
7.32084 2.0143
7.21186 2.18739
7.22425 2.16946
7.07687 2.37044
7.12472 2.30851
7.60859 1.33752
7.59755 1.37577
7.6513 1.17122
7.64806 1.18583
7.69325 0.935867
7.68367 1.00226
7.56136 -0.301115
7.62161 -0.115582
7.4446 -0.57309
7.4339 -0.594992
6.47039 2.91523
6.46736 2.91726
4.71628 1.17615
4.71542 1.15937
5.55052 -1.85395
5.54766 -1.85259
4.72906 0.374502
4.72758 0.391606
4.71209 0.645952
4.71188 0.652465
4.70805 0.909467
4.96344 2.4692
4.95286 2.44274
4.91481 2.33399
4.92864 2.37686
6.73075 2.72527
4.70928 1.04022
4.70934 1.04453
4.7229 1.28019
5.72895 -1.91944
4.85336 -0.420236
4.83253 -0.32651
4.74424 0.222278
4.74713 0.195835
4.71707 0.531744
4.71757 0.522071
4.71171 0.658728
4.70781 0.779097
7.13248 -1.06805
7.13306 -1.06735
6.96292 -1.26466
7.39744 -0.663487
7.37141 -0.712435
6.55281 2.86088
4.97232 2.48926
6.09046 3.09141
6.043 3.10545
6.30296 3.00659
6.28889 3.01315
7.64284 -0.0358324
7.66075 0.0387563
4.74565 1.52316
4.7416 1.48807
4.7749 1.74475
4.78281 1.7949
6.09082 -1.87829
6.05386 -1.89057
5.88122 -1.92485
5.86773 -1.92608
4.89746 2.28224
4.86957 2.18814
6.17 -1.84741
6.2213 -1.82644
5.67318 3.13451
5.66627 3.13361
7.5502 1.51901
7.56854 1.46704
7.63218 -0.0787995
4.98283 -0.894717
4.97062 -0.856827
5.39498 -1.72423
5.36537 -1.68776
7.67544 0.116137
7.66842 0.0768048
5.42166 3.05319
5.30444 2.974
5.17265 -1.37605
5.20084 -1.43298
4.73259 1.39972
4.72406 1.29559
4.79533 1.86387
4.78525 1.80892
4.92347 -0.695423
4.94682 -0.777787
5.04685 -1.08172
5.04323 -1.07217
6.98547 2.47721
6.9416 2.52438
5.04529 2.64619
5.04047 2.63723
6.29766 -1.78771
6.27542 -1.79917
7.17627 -1.00959
7.20656 -0.96913
6.2496 3.03156
6.19618 3.05296
6.51742 -1.65438
6.71278 -1.50371
7.27207 -0.871858
7.30367 -0.823667
7.35006 1.96252
7.36669 1.93218
7.1442 2.28218
7.17539 2.23957
7.63131 1.25425
7.62418 1.28217
7.71655 0.560234
7.71177 0.409557
7.68347 0.161793
5.22622 2.902
5.52313 3.09884
5.62191 3.12538
5.14898 2.80948
7.70926 0.375757
5.23703 -1.50112
5.29823 -1.59805
5.11884 -1.26001
4.73783 1.45256
4.7591 1.63462
4.74887 1.55223
4.77391 1.73798
4.8317 2.0369
4.88156 -0.540977
4.96848 -0.849781
4.86995 -0.493115
5.41396 -1.74302
5.54578 -1.85152
5.0496 -1.08865
4.75116 0.161246
4.75973 0.094629
5.05116 2.65605
6.32053 -1.77656
4.84321 2.08779
4.83801 2.06546
7.41955 -0.62279
6.43126 2.93858
6.34904 2.98349
6.10146 3.08778
5.83006 3.14051
6.03769 3.10688
5.82888 3.14066
5.82684 3.14078
5.67688 3.1348
6.71804 -1.49939
6.51601 -1.6553
6.88966 -1.34
7.36868 -0.717129
7.71675 0.624055
7.45331 1.75783
7.50332 1.64243
4.86502 -0.471909
7.16363 -1.02705
6.93133 -1.29818
7.7127 0.740534
7.71339 0.726312
4.78552 -0.0772253
7.6678 1.09508
7.66902 1.08917
7.66919 1.08821
7.66939 1.08725
6.80923 2.65588
6.7992 2.66489
7.07218 2.37625
7.13096 -1.06997
7.08847 -1.12155
7.42462 1.81897
7.27218 2.09629
7.27038 2.09919
7.26291 2.11088
7.58352 1.42102
7.66993 1.08415
7.69604 0.916028
7.71131 0.758883
6.46482 2.91894
6.79157 2.67171
5.92257 -1.92048
5.95489 -1.91491
5.8283 3.14071
5.40557 -1.735
5.32166 -1.63276
6.12309 -1.86739
5.00223 2.55903
7.69879 0.89293
7.06509 -1.1497
7.0436 -1.17502
7.71648 0.65108
