6.18325 -0.56281
6.20693 -0.559351
5.98424 -0.518327
5.92827 -0.483348
5.86941 1.79168
5.82441 1.76012
6.64256 -0.311161
6.71062 -0.223053
5.50672 1.04373
5.49882 0.978929
6.81127 1.30663
6.82949 1.26768
6.83838 -0.00292104
6.82622 -0.0300255
5.49843 0.487395
5.50369 0.439813
6.43249 1.75879
6.42376 1.76475
6.95779 0.42979
6.96468 0.505191
6.40221 -0.501396
6.33192 -0.530826
6.1823 1.85961
6.2325 1.85137
6.02412 1.85854
6.08618 1.86406
6.63479 -0.319235
6.55696 -0.393674
5.48677 0.812262
5.48523 0.710406
5.77598 -0.335759
5.80012 -0.368459
6.92137 1.00169
6.91323 1.03478
5.61706 1.46378
5.63626 1.50676
5.71536 1.64109
5.69728 1.61264
6.72012 1.46144
6.76175 1.39563
5.67117 -0.16201
5.62851 -0.0716015
5.62654 -0.067019
5.59391 0.0291917
5.53805 0.232553
5.53066 0.268126
6.49396 1.71492
6.5488 1.66606
6.96553 0.718914
6.96349 0.747018
6.90709 0.183434
6.92545 0.251464
6.90154 1.07469
6.87794 1.14487
6.49076 1.71736
6.48261 1.72334
6.95021 0.864199
6.94678 0.885995
6.56892 1.64632
6.6037 1.61074
6.92813 0.97303
6.93736 0.930686
5.55581 1.28951
5.54767 1.26222
5.49525 0.520921
5.491 0.570417
6.35627 1.80398
6.32252 1.81935
6.29018 -0.545643
6.16285 -0.561381
5.89174 -0.458944
6.03868 -0.538385
5.78334 1.7203
5.92306 1.82407
6.77381 -0.130313
6.63984 -0.314228
5.49388 0.929763
5.5182 1.12037
5.71853 -0.252371
5.73514 -0.277284
6.80217 1.32472
6.8319 1.26221
6.87009 0.0727544
6.78005 -0.119646
5.55277 0.16607
5.56274 0.12903
5.50664 0.417069
5.49665 0.505131
6.96798 0.568062
6.95092 0.380052
6.08147 -0.552651
6.45719 -0.468399
6.52028 -0.425059
5.84386 -0.412996
6.2529 1.84445
6.12731 1.8672
5.98565 1.84702
5.72874 1.65992
6.7761 -0.126756
5.52423 1.15481
5.48789 0.842307
5.48545 0.691186
5.54414 1.24771
5.70819 -0.235966
5.6639 1.55834
5.60411 1.43018
6.64798 1.56163
6.65933 1.54787
6.66793 1.53631
6.77692 1.37035
6.87103 1.16542
6.88649 0.118908
5.62748 -0.0692845
5.56964 0.104973
5.51836 0.33891
5.49017 0.583079
6.30695 1.82615
6.93697 0.302105
6.96843 0.627382
6.95622 0.818862
6.90588 1.06007
6.38368 1.78868
6.95191 0.853543
5.57864 1.36499
