6.45124 -0.241061
6.399 -0.272481
5.67144 0.298513
5.66943 0.307202
6.82881 0.710747
6.82904 0.708174
6.79069 0.299334
6.76237 0.203462
6.22719 -0.329514
6.19239 -0.327756
6.60914 -0.085391
6.5923 -0.1085
5.66006 1.0705
5.64179 0.960324
5.66026 1.0714
5.688 1.17558
5.95141 -0.232409
6.02651 -0.287036
5.81928 -0.0757978
5.83318 -0.0992541
5.73069 0.106909
5.71849 0.141353
5.63471 0.535117
5.63484 0.533688
5.89904 1.54126
5.90285 1.54555
6.00387 1.6101
6.00319 1.60994
6.44101 1.52581
6.42985 1.53573
6.19399 1.63389
6.29001 1.61214
6.57581 1.393
6.59209 1.37266
6.82963 0.557386
6.82129 0.462983
6.80579 0.885186
6.8043 0.892228
6.82962 0.647071
6.83135 0.60864
6.71205 0.0807985
6.73103 0.122975
6.42315 1.54095
6.31397 1.60127
6.66317 1.26402
6.64138 1.30193
5.79872 1.42165
5.80834 1.43695
6.52036 1.45353
6.168 1.63952
6.78385 0.97401
6.77805 0.995159
6.81582 0.824644
6.80783 0.875921
6.72984 1.13266
6.70082 1.19639
5.72325 1.2757
5.75078 1.33863
5.66013 1.07089
5.66017 1.07103
5.6427 0.474611
5.64759 0.43641
6.155 1.63852
5.62574 0.741242
5.62523 0.726772
6.81955 0.799207
5.63361 0.547418
5.62939 0.597139
6.3358 -0.303417
6.50563 -0.196489
5.87964 -0.157467
5.92736 -0.213356
5.66839 0.31201
5.69826 0.206033
6.75614 0.18531
6.79921 0.335396
6.12483 -0.32244
6.25834 -0.32371
6.57636 -0.127304
6.04516 -0.294412
6.6589 -0.0132877
5.80203 -0.0449878
5.77188 0.0135092
5.7455 0.0678176
6.70391 0.0651658
5.65097 0.41426
5.90555 1.54778
5.83211 1.46863
6.0027 1.60972
6.08643 1.6325
6.81588 0.422664
6.83073 0.586851
6.82921 0.706228
5.78848 1.405
6.77099 1.02086
6.79281 0.93896
5.95275 1.58121
6.61429 1.34212
6.75701 1.06394
6.68758 1.22272
5.63954 0.501752
5.62525 0.723291
5.62985 0.845807
5.62899 0.602559
5.70597 1.22756
5.62766 0.661333
5.63881 0.928462
5.63291 0.87827
5.76899 1.37307
6.76266 1.0473
