5.44236 -2.34897
5.45966 -2.35503
5.2897 -2.23999
5.30606 -2.2543
6.09005 -2.25245
6.18847 -2.19887
5.85682 -2.34801
5.83537 -2.35543
4.95836 -1.63251
4.96896 -1.65973
6.605 3.13728
6.61137 3.13255
4.66987 -0.646722
4.71113 -0.814876
4.58262 2.05602
4.57314 1.9992
5.90429 3.47568
5.93785 3.46763
4.72938 2.67269
4.7372 2.69659
7.03266 2.76356
7.04623 2.74956
7.16195 2.61826
7.13912 2.64538
7.86693 1.1359
7.87737 1.07953
7.3678 -1.11894
7.3692 -1.11696
7.44806 2.21632
7.46389 2.18984
7.36478 2.34814
7.36111 2.35356
7.77865 1.4838
7.76136 1.53779
7.92021 0.693341
7.92307 0.603188
7.76754 -0.349825
7.74079 -0.423275
7.8351 -0.130575
7.83641 -0.125695
5.0423 3.24882
5.10677 3.31227
5.21769 3.39384
5.30249 3.4385
5.58232 -2.38598
5.58453 -2.38624
5.70033 -2.38249
5.66975 -2.38662
7.88676 0.113645
7.87672 0.0558459
7.91667 0.369974
7.91328 0.324715
4.92563 -1.53874
4.90436 -1.47781
4.52785 1.64405
4.53157 1.6795
4.50831 1.42286
4.50679 1.40597
4.66162 -0.61106
5.10142 -1.96388
5.11168 -1.98212
5.03717 -1.82829
5.0371 -1.82811
4.56381 1.93828
4.56925 1.97454
7.57499 -0.785153
7.53146 -0.862774
5.72817 3.50321
5.71172 3.50532
6.16627 3.38883
6.13984 3.39875
6.39044 3.27618
6.42578 3.25431
6.83666 2.95241
6.88638 2.90778
7.46761 -0.96798
7.51379 -0.893754
6.48611 -2.0042
6.40704 -2.0611
6.62965 -1.89567
6.60748 -1.91323
6.84564 -1.70925
6.80359 -1.7477
7.01647 -1.54153
6.99528 -1.56403
5.28798 -2.23811
5.23729 -2.1794
5.95164 -2.31419
5.93636 -2.321
5.53539 -2.37851
5.50781 -2.37271
4.48893 0.91348
4.48886 0.91024
4.4939 1.16131
4.4941 1.16747
4.50734 0.410166
4.50952 0.378827
4.55385 -0.0299447
4.54441 0.0434994
4.49366 0.649595
4.49337 0.656021
4.59799 -0.299313
4.5928 -0.27074
4.79246 -1.11706
4.76976 -1.03775
4.84524 -1.29565
4.84021 -1.27857
7.80377 -0.239438
7.78312 -0.304339
5.18871 -2.11221
5.19095 -2.11602
6.21593 -2.18337
6.08768 -2.2536
4.6508 -0.560911
5.96221 3.45995
5.82178 3.49218
6.23377 3.35815
6.27888 3.33675
4.70145 2.58041
4.68602 2.5284
4.75201 2.73679
4.77026 2.78492
7.08498 2.70632
7.11538 2.67273
7.26467 2.48859
7.23717 2.52434
6.58583 -1.92933
6.50779 -1.98931
6.93775 -1.62056
6.89998 -1.65809
7.52682 2.07842
7.55503 2.02557
7.82612 1.31706
7.8169 1.35282
7.72802 -0.457136
7.70189 -0.519537
7.69185 -0.543529
6.77785 3.00247
6.74244 3.03203
6.52387 3.19275
6.55158 3.17469
4.52512 1.61533
4.5167 1.52537
4.51347 1.48702
4.50445 1.37339
4.50251 1.34588
4.73028 -0.891063
4.83976 2.94642
4.86087 2.98805
4.598 2.14137
4.61498 2.23004
6.05256 3.43226
6.29209 3.32948
6.50106 3.20821
5.60238 3.50719
5.65043 3.50757
6.92231 2.87325
6.38051 -2.07789
6.77009 -1.77659
6.70605 -1.83255
7.0894 -1.46517
6.28664 -2.1401
6.07437 -2.25998
6.03726 -2.27772
4.75185 -0.972982
4.75736 -0.993822
4.49005 1.03655
4.48959 0.97698
4.48882 0.853196
4.48881 0.846767
4.49673 1.23878
4.49611 1.22352
4.49218 1.10398
4.49993 0.515228
4.50379 0.460399
4.51358 0.329938
4.52463 0.210717
4.53606 0.106493
4.56058 -0.0759561
4.49085 0.725828
4.49116 0.716393
4.49634 0.590822
4.78443 2.81943
4.79398 2.84391
4.64262 2.35642
4.64574 2.37081
7.65656 1.81219
7.66622 1.78962
7.15405 -1.39137
7.14858 -1.39776
7.31465 -1.19059
7.28456 -1.23037
7.9054 0.886329
7.9037 0.903055
7.81917 -0.186658
5.3699 -2.30873
5.42855 -2.343
4.73732 -0.918409
4.75101 -0.969781
4.49022 1.04048
4.49023 1.04452
6.70811 3.05977
6.66823 3.08958
6.56267 3.16698
6.55314 3.17363
4.6181 -0.403849
4.59979 -0.309135
4.49956 0.525619
4.4988 0.535305
4.59278 2.11442
4.59509 2.12652
4.56603 -0.110114
4.57961 -0.193797
4.62666 2.28403
4.63252 2.31152
4.61976 2.25222
7.706 1.69141
7.72148 1.65146
7.65729 -0.619523
7.63938 -0.658971
4.93274 3.10971
4.95015 3.13564
5.59306 3.50638
5.49694 3.4966
4.56304 1.93246
4.55461 1.87193
7.36521 -1.12257
7.91574 0.771012
7.91907 0.727077
5.35803 -2.29998
5.36177 -2.30335
4.522 1.58155
4.51915 1.55118
4.62784 -0.451809
4.88056 3.0234
4.9088 3.07322
4.51744 0.285934
4.51941 0.264692
4.81852 -1.20659
4.80437 -1.1579
5.48838 -2.3666
5.00751 3.21036
4.98757 3.18627
5.34399 3.45511
5.39936 3.47419
5.80706 -2.36224
5.88587 -2.33955
5.59653 -2.38621
7.90463 0.239078
7.8988 0.191703
4.93589 -1.56916
4.97532 -1.67508
5.03724 -1.82845
5.07356 -1.90565
4.57282 1.9974
4.58389 2.06286
7.57996 -0.775803
7.6309 -0.675964
7.62086 1.89118
7.60218 1.93097
4.66035 2.43321
4.6597 2.4306
4.74544 2.71979
4.72758 2.6668
7.12374 2.66312
7.17378 2.60419
7.85 1.21791
7.88858 1.01086
7.4183 -1.04416
7.48799 2.14812
7.41419 2.27178
7.32092 2.41107
7.3782 2.32789
7.75121 1.56753
7.79027 1.44643
7.92291 0.552025
7.91963 0.714161
7.86402 -0.00723488
7.84979 -0.0700591
5.12081 3.32401
5.20502 3.38622
5.46962 3.49001
5.76271 -2.37378
7.92158 0.455405
4.88001 -1.40493
4.87356 -1.38608
5.00462 -1.74896
5.12958 -2.01331
4.56344 1.93556
7.67487 -0.581764
7.51576 -0.890432
7.44433 -1.00494
7.92291 0.494475
6.08591 -2.2544
5.90499 -2.33196
5.98682 -2.30035
5.57821 -2.38523
7.9114 0.828145
7.90908 0.852599
4.76673 -1.0273
4.85963 -1.34336
5.19501 -2.12209
5.15048 -2.05135
4.65941 2.42933
4.71437 2.62494
7.19971 2.57201
7.05465 2.7406
7.89795 0.945415
7.84114 1.25685
7.30378 2.43514
7.09366 -1.46038
7.11579 -1.43527
7.56447 2.00715
7.51082 2.10777
7.40705 2.28309
7.8036 1.40032
7.73029 1.62701
4.53588 1.72169
4.54047 1.76187
4.49934 1.30446
4.86171 2.98974
4.81916 2.90342
5.68748 3.50709
5.59863 3.50705
5.99726 -2.29524
4.48861 0.789574
4.49829 1.28575
4.49424 1.17384
4.87017 -1.37638
4.52142 0.240997
4.53676 0.100748
4.48871 0.783152
4.49305 0.662064
4.81826 2.90152
7.20538 -1.3304
7.09128 -1.46308
7.91272 0.815566
7.68854 1.7357
4.91693 3.08612
4.55362 1.86422
4.54634 1.80783
4.97576 3.17015
7.64756 1.83313
7.57486 1.98672
4.49882 1.29456
4.53378 1.70318
4.50981 1.44248
4.54432 1.79269
4.48867 0.786399
4.48897 0.916784
5.22298 -2.16216
7.22268 -1.30906
7.26079 -1.26141
6.63512 3.11471
4.81873 2.90253
5.70439 3.50618
