6.99573 -0.640094
7.05216 -0.553735
7.38339 0.612201
7.38408 0.593102
5.12407 1.53264
5.12832 1.55232
6.58999 2.31446
6.61126 2.29699
6.28838 -1.23577
6.20384 -1.26285
6.63935 -1.02484
6.60972 -1.04938
7.11121 1.68015
7.13967 1.62419
5.72304 -1.19438
5.79505 -1.23431
7.17367 -0.334895
7.16339 -0.356469
7.33656 0.143716
7.32032 0.072627
5.05753 0.759631
5.05834 0.710955
5.09654 0.229322
5.08963 0.283002
5.76938 2.53713
5.76166 2.53503
5.96814 2.56517
6.01592 2.56104
6.39462 2.4429
6.35253 2.46391
6.17682 2.53356
6.17923 2.533
6.97963 -0.662887
6.91727 -0.742531
7.21911 1.44546
7.19645 1.49994
5.0643 1.03811
5.07024 1.12541
5.23816 -0.405612
5.21391 -0.328272
5.30754 -0.599376
5.33323 -0.660712
5.38976 -0.781189
5.36308 -0.728969
5.48841 -0.949066
5.54037 -1.02242
5.61297 -1.10264
5.56026 -1.04469
5.17581 1.74887
5.2026 1.8401
6.09584 -1.28342
6.18879 -1.26717
5.24185 1.94703
5.20976 1.86106
5.32382 2.12606
5.36726 2.20195
5.4298 2.28958
5.37659 2.21744
5.56907 2.43159
5.56362 2.42754
6.7699 -0.907042
6.71891 -0.957022
7.02789 1.82076
7.07262 1.74793
5.90904 -1.2746
5.86925 -1.26169
7.27242 -0.0904955
7.25117 -0.150943
5.07037 0.474637
5.06448 0.559562
7.3665 0.319693
7.37363 0.383383
6.4847 -1.13662
6.40643 -1.18122
6.83472 2.08089
6.8682 2.04135
7.25233 1.3579
7.24183 1.38687
7.28243 1.2667
7.29334 1.22883
7.34145 1.02767
7.33313 1.07408
7.36475 0.883147
7.35944 0.927617
5.26528 -0.488896
5.24832 -0.437139
5.20982 -0.314952
5.17285 -0.174603
5.16253 -0.13038
5.05945 0.954222
5.0585 0.906407
6.71603 2.20454
6.74365 2.17813
7.32189 1.11832
7.33237 1.07758
6.92516 1.97067
6.91663 1.98173
6.81215 2.10682
7.37658 0.773962
7.37388 0.806891
5.18048 -0.205394
5.19277 -0.253939
5.13706 -0.013603
5.14835 -0.0670589
6.80128 2.11876
6.77291 2.14906
6.34043 2.47
6.2966 2.48992
5.06115 0.989846
5.17738 -0.192985
5.07549 1.19902
5.08769 1.30648
6.50389 2.37658
6.46998 2.39797
7.11063 1.68126
7.10906 1.68418
5.12335 0.0556859
5.12262 0.0595663
5.20731 -0.306615
5.19639 -0.268121
5.92104 2.56302
5.86428 2.55844
6.28644 2.49455
6.18012 2.53269
6.98806 -0.651368
7.10676 -0.464443
7.38244 0.527902
7.38195 0.689943
7.35044 0.979538
7.34705 1.00146
5.43598 -0.86684
5.45058 -0.892371
5.14833 1.64179
5.11273 1.47266
6.53094 2.35732
6.67686 2.24199
6.1913 -1.26673
6.30116 -1.23009
5.27951 2.03869
5.27304 2.02316
5.49449 2.36378
5.46888 2.33745
6.59599 -1.06033
6.69276 -0.980008
7.14464 1.61394
7.11088 1.68079
5.81536 -1.24445
5.69416 -1.17277
7.20939 -0.255752
7.12673 -0.428125
7.3466 0.192442
7.3084 0.0277627
5.12709 0.0350386
5.13511 -0.00374398
5.05872 0.693634
5.05744 0.776128
5.1094 0.140275
5.08181 0.351043
5.69436 2.50613
6.07317 2.55604
6.84802 -0.826279
6.84374 -0.831031
6.83658 -0.838561
7.11328 -0.453213
7.18352 1.53025
7.23089 1.41538
5.66056 2.4916
5.65795 2.49011
7.38181 0.694516
5.27798 -0.525341
5.27037 -0.503866
5.34721 -0.693502
5.41963 -0.836712
5.54565 -1.02864
5.63223 -1.12237
5.10391 1.42083
5.16414 1.70402
5.20701 1.85354
5.10174 1.4059
5.6302 2.47184
6.00194 -1.28647
6.05508 -1.28466
6.3869 -1.19204
5.93173 -1.27809
5.28766 2.05656
5.37232 2.21072
6.51868 -1.11388
6.98491 1.88674
7.08387 1.72872
7.21812 -0.235453
7.28835 -0.0416828
7.22779 -0.211297
7.3576 0.257577
5.0602 0.645758
5.07468 0.422745
5.06232 0.60015
5.0782 0.384724
5.11434 0.109341
7.37981 0.45486
7.31202 1.16087
7.31433 1.1524
7.38215 0.496112
7.26925 1.30694
7.30938 1.17182
7.33274 1.0758
7.35786 0.93822
6.68193 2.23727
6.93537 1.957
6.97245 1.90534
6.75216 2.16975
6.88463 2.02211
7.38051 0.716
7.36896 0.851535
5.26845 -0.498264
5.05723 0.857445
5.05697 0.825234
5.0745 1.19018
5.09794 1.38049
5.05703 0.792282
6.41889 2.42855
6.40722 2.4357
5.15604 -0.102064
5.05781 0.889972
6.46002 2.40412
