4.70026 -1.61381
4.70967 -1.64783
7.98723 -0.263619
7.97064 -0.317836
4.88999 3.5873
4.9268 3.62319
8.08228 0.196747
8.08438 0.212968
4.30974 1.35819
4.3067 1.31912
4.29754 0.958096
4.29761 0.977205
4.29886 0.850203
4.29806 0.806115
4.31401 1.45559
4.31588 1.48611
5.85187 3.78443
5.75012 3.8085
4.31257 0.434534
4.31068 0.463542
5.53911 3.83454
5.52761 3.83465
4.37182 2.06069
4.37844 2.11856
4.35838 -0.0354038
4.34652 0.0600768
4.58894 3.06984
4.59994 3.10143
7.11592 2.96075
7.14035 2.93512
6.93254 -1.90349
6.85886 -1.97374
7.22908 -1.59506
7.20463 -1.62249
4.83008 -2.0821
4.79116 -1.9498
4.87965 -2.23791
4.89839 -2.29542
5.22812 -2.87418
5.23002 -2.87504
5.31959 -2.9026
5.31497 -2.90227
5.1223 -2.78613
5.08444 -2.73476
5.13179 -2.7969
5.17362 -2.83934
5.55848 -2.86668
5.6345 -2.83685
7.95093 -0.38135
7.94959 -0.385128
8.09511 0.329138
8.09394 0.314471
8.06285 0.061879
8.05731 0.0302263
8.0358 -0.0758416
8.04514 -0.0346254
6.66622 3.36029
6.68741 3.34475
6.87627 3.18954
6.89193 3.17616
5.97454 3.7447
5.87014 3.77894
4.3804 2.13105
4.39641 2.23682
7.74964 -0.846924
7.70191 -0.934704
7.86009 -0.614939
7.81436 -0.717053
6.19912 3.65099
6.1965 3.65214
6.44137 3.51535
6.46349 3.50167
7.07692 3.0011
7.2022 2.86757
7.19423 2.87673
7.59284 -1.11553
7.61522 -1.08079
6.76378 -2.0593
6.77953 -2.04524
7.10741 -1.72841
7.04991 -1.7875
4.82193 3.51177
4.81655 3.50438
8.093 0.792326
8.09977 0.709748
6.36294 -2.38398
6.34346 -2.39894
6.66107 -2.14733
6.60578 -2.19257
5.02131 3.69613
4.9981 3.68092
4.86304 3.56017
4.82744 3.51856
8.10268 0.480168
8.09916 0.394444
4.57025 -1.10115
4.56722 -1.08893
4.3281 1.65842
4.32461 1.61441
4.30325 0.617081
4.30411 0.59395
4.55677 2.97712
4.53765 2.91578
7.32983 -1.47719
7.29605 -1.51782
5.98795 -2.64532
5.95361 -2.66634
4.50553 -0.822715
4.52002 -0.886722
4.30004 1.12477
4.29948 1.1042
7.14416 -1.68912
7.15794 -1.67417
6.20832 -2.49654
6.26391 -2.45761
4.60725 -1.24778
4.58867 -1.17442
5.65662 3.82394
5.71952 3.81371
5.86312 3.78135
4.41798 -0.401222
4.40148 -0.31289
4.45872 -0.610003
4.45605 -0.597305
4.4101 2.31525
4.41522 2.35456
4.3841 -0.210689
4.37888 -0.178822
7.76336 2.00938
7.73246 2.07376
7.84873 1.8142
7.82293 1.87661
4.48071 2.6929
4.47308 2.66113
4.42492 2.40835
4.43296 2.45771
5.15877 3.76949
5.10522 3.74544
5.23589 3.79722
5.19245 3.78226
8.01674 1.28407
8.02946 1.22629
8.0639 1.0378
8.07563 0.954916
7.46442 2.53334
7.46313 2.5352
7.33667 2.70677
7.33118 2.71367
7.42101 -1.36177
7.3855 -1.40835
6.84981 -1.98172
6.95487 -1.88261
7.64598 2.23876
7.66759 2.19964
7.56662 2.37585
7.57397 2.3638
4.77133 3.44264
4.73345 3.38442
4.70013 3.325
4.72771 3.37421
4.64582 3.2125
4.65964 3.24507
4.87179 -2.21567
4.83336 -2.09191
7.91654 1.63311
7.9015 1.6764
7.96983 1.46582
7.96125 1.49559
5.27142 -2.88799
5.33446 -2.90239
5.40303 -2.90328
5.71789 -2.79809
5.67892 -2.81696
5.67126 -2.82096
5.54939 -2.86924
6.48058 -2.29339
6.49067 -2.2855
8.01833 -0.151698
7.95199 -0.378202
6.63584 3.38335
6.58369 3.42022
6.80838 3.24755
6.82508 3.23378
6.03878 3.71967
6.0008 3.73445
5.63577 3.82758
4.34832 1.87841
4.35462 1.93342
4.40159 2.269
6.08631 3.70158
6.25509 3.62232
6.26721 3.61578
6.42196 3.5277
6.3351 3.57853
6.47718 3.49298
6.52392 3.46205
7.23011 2.83586
6.67395 -2.13613
6.7619 -2.06101
7.01229 -1.82466
4.77571 3.44972
8.10004 0.704094
8.09049 0.824394
6.6678 -2.14146
8.09635 0.343924
8.10362 0.523692
4.54405 -0.989997
4.55565 -1.03983
4.53732 2.91461
4.52004 2.85234
4.4868 -0.741636
4.49754 -0.787512
4.52627 -0.913683
6.13391 -2.54893
6.12527 -2.55464
6.03101 -2.618
6.03658 -2.61427
4.63006 -1.3396
4.61857 -1.29263
4.67113 -1.5058
4.64804 -1.41066
5.06033 -2.69333
5.08283 -2.73258
4.98286 -2.53105
4.99502 -2.56048
8.07305 0.129495
8.06717 0.0869181
4.76609 -1.85826
4.76073 -1.84031
4.53103 -0.934368
4.54101 -0.976756
4.30093 0.723201
4.2987 0.76692
4.48053 -0.713579
4.3625 1.99904
4.36228 1.99704
4.34666 1.8605
4.34124 1.8062
4.94232 -2.42744
4.95696 -2.46549
4.32846 0.234003
4.32231 0.303594
8.08565 0.866115
7.47022 -1.29585
7.49221 -1.26553
5.53543 -2.87263
4.78997 -1.94595
4.76806 -1.86516
5.80284 -2.75418
5.79447 -2.75901
8.10089 0.680963
5.41173 -2.90325
5.01879 -2.61321
5.0048 -2.58541
8.01991 -0.145593
7.88945 -0.542932
7.87108 -0.589102
7.00848 3.06791
7.03647 3.0413
8.10322 0.598767
4.33626 1.75646
4.3351 1.74259
4.30433 1.2312
4.30455 1.27152
6.73881 3.30473
6.75503 3.29152
6.94262 3.1305
6.96075 3.11347
6.14545 -2.54124
4.72437 -1.70471
4.67712 -1.52853
8.08909 0.263091
8.07993 0.178557
4.30629 1.29469
4.31077 1.39489
4.29799 1.02134
4.29769 0.913705
4.2989 0.786703
4.29774 0.894481
4.3177 1.51603
4.3123 1.42196
4.43786 -0.505891
4.42776 -0.454482
4.30852 0.50228
4.31491 0.398322
5.4544 3.83381
5.58945 3.83131
4.9652 -2.48682
4.9701 -2.50131
4.3421 0.100112
4.36167 -0.0599564
7.80806 -0.730294
7.75973 -0.827756
7.80778 1.91163
7.77876 1.97661
4.4499 2.54881
4.45188 2.56013
4.61895 3.15007
4.57753 3.03934
5.26187 3.80385
5.30573 3.8149
8.04221 1.1628
8.05568 1.08863
7.40134 2.62247
7.39978 2.62456
7.54367 -1.19188
7.54337 -1.19233
7.17643 -1.65432
7.25079 -1.57046
4.67161 3.26833
4.69486 3.31612
5.42461 -2.9016
5.04229 -2.66272
5.03396 -2.64441
5.12475 -2.7898
5.08293 -2.73272
5.22539 -2.87228
5.80947 -2.75036
5.86904 -2.71635
4.67566 -1.52326
4.74158 -1.76687
5.92117 -2.6869
8.0506 -0.00650289
8.02211 -0.136245
7.68463 -0.964868
7.86555 -0.602305
7.6412 -1.03823
7.54428 -1.19098
7.54241 -1.19372
6.40693 -2.35104
6.29725 -2.43286
6.08524 -2.58178
6.04062 -2.61145
4.97264 3.66128
5.04818 3.71424
5.42203 3.83141
4.55702 -1.04567
4.57069 -1.10289
4.32288 1.58942
4.32962 1.67857
4.30589 0.553567
4.30194 0.659137
4.5618 2.9914
4.53737 2.9148
7.28047 -1.53598
7.34035 -1.46454
4.29861 1.06043
4.3014 1.1677
4.58407 -1.15622
4.2982 1.0407
4.32 1.55026
4.39855 -0.296301
4.46549 -0.643568
4.3173 0.36637
4.30702 0.528752
4.37796 -0.172942
4.33354 0.181341
7.7156 2.10744
7.86496 1.77373
7.88651 1.71708
7.68428 2.16835
4.49637 2.76083
4.45756 2.58872
4.50447 2.79247
5.07566 3.72932
5.16904 3.77409
5.36193 3.82444
7.27104 2.78819
7.26174 2.79936
7.99652 1.36818
8.08147 0.908722
7.98777 1.40187
7.5229 2.44567
7.37714 -1.41871
7.4395 -1.3377
7.52522 2.44209
7.53451 2.4275
7.62187 2.28177
7.60685 2.30805
4.73262 3.38287
4.62711 3.17181
4.79054 -1.9478
4.8754 -2.22577
4.91482 -2.34708
4.92168 -2.3651
7.93226 1.58687
7.94455 1.54934
6.69996 3.335
6.91151 3.15861
6.20774 3.64666
6.31097 3.59284
6.5322 3.45671
6.28001 -2.44582
6.42745 -2.33487
6.55296 -2.23595
6.53395 -2.2516
4.95047 3.64423
4.33386 1.72775
4.30128 0.680983
4.51707 2.84046
4.30211 1.18946
4.99983 -2.57249
5.62744 3.82866
5.74111 -2.78573
7.90681 -0.500643
6.32214 3.58625
4.62395 3.16341
5.37851 3.8272
4.93847 -2.41776
5.478 -2.89013
5.93933 -2.67563
6.84107 3.22046
4.36203 1.99484
6.5975 -2.19971
4.83171 -2.08668
6.47043 -2.30175
6.97646 3.09848
6.77286 3.27682
7.91259 -0.485617
6.55615 3.43973
