7.29382 1.53268
7.31609 1.4764
7.48197 0.689545
7.48274 0.668194
7.44202 1.03137
7.44875 0.997694
5.06885 -0.209017
5.06417 -0.188886
5.13547 -0.46232
5.14502 -0.493795
5.36189 -1.01893
5.34513 -0.989753
5.46866 -1.18233
5.52456 -1.25216
5.06936 1.81765
5.05924 1.77538
5.42061 2.52486
5.35828 2.45623
6.07535 -1.46391
6.09321 -1.45987
5.88821 -1.46406
5.8272 -1.4498
5.13042 2.01902
5.15579 2.08776
5.84955 2.73373
5.75047 2.71711
6.46488 -1.31124
6.53938 -1.26225
6.99421 2.0614
7.01433 2.034
6.16721 2.69534
6.22797 2.67325
6.41995 2.58385
6.43706 2.57441
7.17814 -0.553597
7.13151 -0.630563
5.54973 2.63105
5.59805 2.65873
7.47828 0.741952
7.48172 0.699523
5.17485 -0.589193
5.20001 -0.658753
5.2747 -0.844725
5.28973 -0.876443
5.60488 -1.32947
5.55733 -1.2839
5.02098 1.59924
5.00602 1.51463
4.98632 1.37198
5.00052 1.47936
4.96339 1.12218
4.95918 1.06202
5.29919 2.3727
5.34983 2.44467
6.26857 -1.41018
6.31943 -1.38706
5.70813 -1.40203
5.73996 -1.41608
5.20493 2.20287
5.17827 2.14497
6.87271 -0.969708
6.92627 -0.910645
6.72215 -1.11791
6.66903 -1.16474
7.31108 -0.281578
7.29665 -0.316378
7.39083 -0.0556419
7.40428 -0.00866832
7.44614 0.175972
7.4559 0.231871
5.02665 -0.0075081
5.03827 -0.066375
4.95377 0.888957
4.9541 0.908876
4.95535 0.692201
4.95475 0.713405
4.97079 0.421633
4.96817 0.452478
4.99823 0.173457
5.01372 0.068836
5.95676 2.73414
5.85949 2.73415
6.95593 -0.874717
7.00632 -0.811171
7.34501 1.39566
7.36557 1.33451
7.42335 1.12206
7.41514 1.16248
7.48047 0.470018
7.47607 0.402654
7.48208 0.522522
7.48398 0.596784
5.09427 -0.316993
5.1064 -0.362335
7.45852 0.935062
7.45575 0.956127
6.75149 2.33494
6.7819 2.30514
6.57766 2.48103
6.63047 2.43981
6.94794 2.12022
6.90794 2.16863
6.34837 2.62172
6.36609 2.61354
5.1131 -0.386186
4.95448 0.92915
4.95651 1.01778
4.95283 0.798123
6.504 2.5325
6.51692 2.52378
7.46598 0.87964
7.4699 0.847176
5.15059 -0.511987
5.16372 -0.554869
7.0843 1.93031
7.10901 1.89181
7.32956 -0.235175
7.34177 -0.203677
7.2457 -0.42766
7.2202 -0.478665
7.33723 1.4193
4.97373 1.25529
4.9691 1.19893
5.08053 -0.260587
5.07798 -0.249782
4.97684 0.356446
4.98024 0.321889
4.95872 0.606331
4.95971 0.582983
7.23313 1.66688
7.23914 1.65462
7.18297 1.76572
7.18181 1.7679
5.02527 -4.41031e-05
5.02232 0.0157
4.95286 0.778602
7.28223 1.55984
7.32797 1.44622
7.48367 0.607321
7.4819 0.693626
7.45091 0.983241
7.43526 1.07066
5.05719 -0.157435
5.31664 -0.932741
5.38409 -1.05564
5.5312 -1.25897
5.43381 -1.13599
5.04371 1.70938
5.09468 1.91156
6.66422 2.41273
6.70842 2.37392
5.35492 2.45191
5.45266 2.55655
6.17127 -1.44308
6.03243 -1.46775
5.7972 -1.44164
5.94996 -1.46861
5.16507 2.11263
5.10036 1.92991
7.06834 -0.72959
7.06864 -0.729175
6.80886 -1.03721
6.80064 -1.04576
7.2492 -0.420328
7.2893 -0.33312
7.42204 0.0612108
7.433 0.108791
4.95316 0.758812
4.98314 0.294977
4.99304 0.212118
5.71472 2.7069
5.85309 2.73413
6.56382 -1.2458
6.42961 -1.33111
6.96267 2.10231
7.02156 2.0236
6.08884 2.71487
6.27445 2.65641
7.19205 -0.529481
7.06928 -0.72822
7.25708 1.61614
7.2694 1.58846
5.64886 2.68352
5.49569 2.59193
7.47669 0.768953
5.21938 -0.709828
5.16585 -0.561581
5.23665 -0.754555
5.4123 -1.10227
5.25878 -0.809634
5.61723 -1.34043
5.00157 1.48695
5.02624 1.6253
5.09832 1.92376
4.98247 1.33781
5.26639 2.32119
5.24899 2.29002
5.23225 2.25697
5.98096 -1.47117
6.21232 -1.42897
6.36718 -1.36567
5.69661 -1.3948
6.79416 -1.05224
6.94196 -0.891928
6.63984 -1.18772
7.15638 1.81338
7.14151 1.83872
7.21805 -0.482772
7.3198 -0.260172
7.35231 -0.174646
7.37068 -0.121391
7.46392 0.288872
5.04216 -0.0863965
5.02582 -0.00306487
4.95685 0.648203
4.96181 0.543042
4.9652 0.490343
4.97381 0.387193
5.01616 0.0535535
6.06118 2.72165
6.02921 2.7263
7.47244 0.362634
7.0676 -0.730642
7.41458 1.16465
7.43153 1.08856
7.48179 0.499784
7.38777 1.26334
7.39454 1.23869
7.43326 1.07951
7.46041 0.923288
6.83949 2.24726
6.54749 2.50247
6.85169 2.23398
6.86386 2.22005
7.06282 1.96365
6.49171 2.541
6.45538 2.5631
7.47223 0.824345
6.31049 2.64015
7.211 1.71142
7.19027 1.75201
7.20842 1.71673
6.3826 2.60521
7.37154 1.31621
7.41393 1.16753
