5.6524 1.20583
5.65024 1.19889
5.90228 -0.261354
5.85885 -0.212609
5.65851 0.193231
5.63652 0.288501
6.86109 0.746092
6.85356 0.830396
6.82124 0.268916
6.80567 0.216207
6.21583 -0.38987
6.13241 -0.385657
6.43764 -0.313287
6.44658 -0.307101
6.01646 -0.347268
6.10318 -0.380313
6.68912 -0.0474651
6.62298 -0.138205
5.78104 -0.0983212
5.82433 -0.171345
6.75057 1.18218
6.75393 1.17421
6.69425 -0.0391241
6.74181 0.0516958
5.6954 0.0868545
5.66278 0.178952
5.84802 1.56954
5.8318 1.55129
6.06361 1.69094
6.02972 1.68285
6.55148 1.4887
6.46935 1.56167
6.27395 1.67528
6.22713 1.68589
6.60897 1.41905
6.56801 1.47024
6.86362 0.523553
6.85925 0.474157
6.83462 0.919289
6.82823 0.949384
6.86763 0.658257
6.86791 0.6519
6.40515 1.61173
6.36428 1.63431
6.69753 1.28659
6.68285 1.31212
5.75316 1.44159
5.76146 1.45479
6.55995 1.47952
6.55716 1.48286
6.18427 1.69519
6.85274 0.83551
6.85235 0.83801
6.81955 0.98388
6.81359 1.00562
6.63625 1.38153
6.65873 1.3496
5.68579 1.29883
5.71353 1.36226
5.61053 1.01015
5.60596 0.982453
5.6073 0.454498
5.6095 0.43731
5.59044 0.79601
5.58878 0.749273
5.7275 1.39497
5.74564 1.42936
5.59394 0.576996
5.59556 0.557942
6.15304 1.69835
6.10994 1.69712
6.32331 -0.369747
6.33301 -0.365
6.48776 -0.273836
6.54615 -0.225978
5.93356 1.64043
5.93788 1.64346
5.83448 -0.184068
5.91928 -0.279193
5.62511 0.34122
5.66094 0.184829
6.78517 0.156413
6.83978 0.347336
6.11328 -0.383788
6.32206 -0.370074
6.5604 -0.212044
5.98776 -0.328226
5.96348 1.6544
5.90077 1.61322
6.69116 -0.044518
5.73516 -0.0163578
6.73751 1.20953
6.79248 1.07372
6.75438 0.0800229
5.73225 -0.00975492
5.72938 -0.0028431
5.61605 0.394419
5.78348 1.48991
6.84805 0.390637
6.86635 0.597338
6.86756 0.668043
6.79819 1.0561
6.80868 1.0235
6.70576 1.27267
5.6035 0.961442
5.62497 1.09261
5.6017 0.502647
5.59386 0.868031
5.58942 0.65388
5.59027 0.626467
5.59984 0.515302
5.58996 0.639812
5.59825 0.905303
5.64942 1.19528
5.64709 1.18604
6.85108 0.844558
