7.72682 -0.311709
7.7473 -0.248098
6.16611 -2.12252
6.18757 -2.11084
5.02385 3.08455
5.03141 3.09359
5.0262 -1.60129
5.03562 -1.62547
4.76265 -0.785707
4.76241 -0.784693
5.12423 -1.81801
5.11098 -1.79035
4.63826 2.02134
4.63467 1.99984
4.61438 -0.0671203
4.61139 -0.0471942
7.57374 -0.672067
7.53801 -0.741574
6.38137 3.20383
6.33795 3.22638
7.56481 1.88991
7.58888 1.83865
4.68575 2.25834
4.6838 2.2504
7.33073 2.30233
7.29813 2.35053
7.72445 1.4889
7.72143 1.4983
7.77318 1.32204
7.77578 1.31215
7.76409 -0.194762
7.79357 -0.0855899
7.68071 -0.435262
7.67175 -0.457269
5.7837 -2.25805
5.83226 -2.24915
5.58098 -2.25512
5.58931 -2.25609
5.5545 3.40674
5.50291 3.39879
5.30265 3.32672
5.33995 3.34482
5.10694 3.18009
5.13786 3.20956
4.95477 2.98318
4.9607 2.99314
7.84187 0.155666
7.8209 0.0349061
7.86848 0.415088
7.86023 0.304814
4.95458 -1.41721
4.96545 -1.44641
6.59453 3.06867
6.59547 3.06804
4.5642 1.42312
4.56299 1.40974
4.59912 1.76096
4.60544 1.8081
4.79008 -0.886102
4.76281 -0.786313
5.40894 -2.18066
5.47859 -2.22047
5.9276 3.3858
6.02022 3.36071
6.07868 3.34238
6.15677 3.31306
5.66447 3.41596
5.65601 3.41614
6.87757 2.83745
6.86663 2.84792
6.78883 -1.6818
6.7861 -1.68417
6.99437 -1.48349
6.95991 -1.51858
7.43183 -0.925821
7.44554 -0.903787
6.39541 -1.98619
6.38973 -1.99028
6.68283 -1.7732
6.59102 -1.8459
4.5442 0.913416
4.54362 0.884966
4.54849 1.12953
4.54976 1.16741
4.8729 -1.1713
4.87987 -1.19396
4.69073 -0.478658
4.69365 -0.4922
5.19381 -1.9399
5.20032 -1.94922
4.56005 0.440723
4.5668 0.343642
4.55022 0.614857
4.54841 0.655125
4.72275 2.40628
4.71281 2.3689
7.20692 -1.24178
7.16956 -1.2882
7.85011 0.921078
7.85487 0.884738
4.6497 -0.270037
4.63831 -0.207312
7.87273 0.537752
7.87163 0.635516
4.84508 -1.07992
4.84151 -1.06745
7.76238 -0.200696
7.72539 -0.315857
6.26958 -2.06458
6.08674 -2.1611
7.06684 -1.40516
7.11205 -1.35557
6.46973 3.1506
6.26957 3.26242
4.75076 2.50805
4.74575 2.49117
4.79239 2.63342
4.78286 2.60557
7.14153 2.55638
7.1727 2.51878
7.82392 1.09336
7.81974 1.11575
6.50137 -1.91257
6.49098 -1.92056
7.49292 2.03281
7.49825 2.02284
7.41435 2.17097
7.40466 2.187
7.24287 2.42799
7.25195 2.41567
7.68716 -0.41888
6.70876 2.98287
6.70403 2.98682
6.60964 3.05764
6.59626 3.06751
6.53894 3.106
4.59489 1.7302
4.5888 1.67976
4.56976 1.49449
4.56916 1.48727
5.49639 -2.22868
5.53305 -2.24262
4.80395 -0.936274
4.85973 2.80111
4.88637 2.86009
4.66947 2.18575
4.67124 2.19498
5.81841 3.40701
5.88644 3.39416
6.03473 3.35702
6.19121 3.2974
6.04286 3.35482
6.48183 3.14347
5.70788 3.41542
5.80484 3.40845
6.85838 2.85511
6.93648 -1.54229
7.04187 -1.43278
6.33355 -2.02582
6.69614 -1.76192
6.69007 -1.76722
5.98036 -2.20511
5.93534 -2.22131
6.02644 -2.18669
6.04791 -2.17849
4.54515 1.00448
4.54494 0.976915
4.54772 1.10391
4.90522 -1.27285
4.89148 -1.23045
4.55728 0.480006
4.55872 0.459505
4.56801 0.329052
4.5953 0.0723112
4.59506 0.0741895
4.55136 0.589927
7.62135 1.76481
7.63152 1.74107
6.99199 2.72282
7.02593 2.68805
7.27924 -1.14886
7.25274 -1.1839
7.86285 0.804255
7.86164 0.817869
7.76322 -0.197819
5.88482 -2.23631
5.83603 -2.24852
4.54678 1.04041
4.54685 1.07734
4.9146 -1.30101
4.92332 -1.32643
6.69944 2.99053
4.6692 -0.374924
4.66411 -0.348607
4.55567 0.524706
4.5524 0.566377
4.64886 2.07946
4.65801 2.12716
4.67592 2.21671
4.84585 2.77133
4.83027 2.73458
6.78134 2.92109
7.65013 1.69461
7.66503 1.65677
7.62016 -0.575772
7.61142 -0.595036
5.72066 -2.26387
5.74194 -2.2633
5.57634 -2.25427
5.56406 -2.25095
4.60897 1.83284
4.61449 1.87227
5.26879 -2.04545
5.26082 -2.03617
7.29483 -1.12789
6.2846 -2.05613
4.57518 1.55143
4.57812 1.58284
4.55787 1.34081
4.55625 1.3146
4.59675 1.74393
5.32726 -2.11146
5.29829 -2.08021
4.56916 0.31592
4.57399 0.263804
4.54353 0.821413
4.5436 0.8147
5.65547 -2.26507
5.40232 3.37029
5.47409 3.39168
5.0592 3.12788
5.01142 3.06837
7.858 0.282729
7.84427 0.17125
5.05261 -1.66648
4.99992 -1.53625
5.09343 -1.75332
5.15099 -1.86585
4.62819 1.96289
4.64611 2.0635
7.51187 -0.789386
7.59364 -0.632057
7.54235 1.9366
7.61038 1.79033
4.69795 2.30966
4.8092 2.68005
4.80374 2.66464
7.10345 2.60163
7.11556 2.58767
6.87488 -1.60252
6.89105 -1.58754
7.38286 -1.0024
7.40051 -0.975536
7.4545 2.10305
7.46061 2.09207
7.28737 2.36593
7.35292 2.26884
7.69603 1.57272
7.75003 1.40663
7.79338 1.239
7.75332 1.39493
7.87031 0.663854
7.86659 0.747499
7.8206 0.0334129
7.79466 -0.0810564
5.20411 3.26467
5.22997 3.28279
5.60438 3.4128
7.86968 0.435933
4.93339 -1.35533
4.97152 -1.46185
5.07417 -1.71321
4.71373 -0.581558
4.72697 -0.638108
5.38702 -2.16291
5.4873 -2.22537
5.19114 -1.93599
5.07994 -1.72518
4.62402 1.93618
7.47906 -0.847185
6.76029 -1.7066
7.37428 -1.01524
7.34748 -1.05439
7.87273 0.526015
5.98582 -2.20337
4.68341 -0.444964
5.24273 -2.01082
4.70366 2.33194
4.72837 2.42813
7.857 0.862339
7.84394 0.971511
4.63093 -0.164741
4.81913 -0.990314
4.85565 -1.11619
4.74313 2.48142
4.77602 2.58652
7.17937 2.51037
7.08117 2.62725
7.84257 0.980222
7.79894 1.2151
7.23981 2.43206
7.53004 1.96081
7.45338 2.10501
7.37308 2.23737
7.75041 1.40532
7.69071 1.58787
4.56033 1.37481
5.9329 -2.22197
4.81281 -0.967728
4.54357 0.878396
4.55088 1.20667
4.55284 1.254
4.58234 0.183083
4.5799 0.205079
4.54656 0.69308
4.54471 0.748757
7.11442 -1.35287
7.86357 0.797129
4.58178 1.61868
4.58116 1.61302
5.36116 -2.14207
5.3334 -2.1179
5.812 3.40794
5.80981 3.40813
7.68464 1.60472
7.62937 -0.555994
4.99119 3.03953
4.61946 1.90511
5.27427 -2.05156
4.93204 2.94561
6.28907 -2.05359
5.2971 -2.07894
4.6093 -0.0319612
7.33198 -1.07673
5.63762 3.4153
4.98197 3.02475
4.55521 1.29482
4.55385 1.27255
4.56847 1.4789
4.57481 0.25415
4.54416 0.785496
4.54454 0.756953
4.91843 2.92136
4.54465 0.949063
4.5503 1.19198
4.86889 -1.15901
4.59302 0.0914405
4.54699 0.682102
7.05562 2.65577
6.49216 3.13716
4.58774 1.67177
7.64402 -0.522804
