4.52328 -1.41497
4.55634 -1.5621
8.09942 -0.249692
8.10217 -0.240686
8.20428 0.433876
8.20552 0.475411
4.197 1.35832
4.1952 1.33516
4.18701 0.850335
4.18668 0.832118
6.8583 3.35796
6.84861 3.36597
4.31514 -0.459444
4.32589 -0.517423
4.23495 1.91593
4.22677 1.82471
4.80841 -2.73098
4.81468 -2.75671
4.78645 -2.61322
4.78537 -2.60627
4.22116 0.190036
4.21607 0.243451
4.27446 -0.234885
4.27492 -0.237676
7.87907 -0.821101
7.88775 -0.803527
5.36701 -3.28778
5.34145 -3.30423
5.50218 -3.19013
5.52545 -3.17442
6.4397 3.6693
6.43826 3.67017
7.8799 1.99841
7.89251 1.97024
4.32675 2.5971
4.31595 2.53065
5.2296 4.00635
5.27596 4.0145
4.75098 -2.42098
4.75772 -2.46217
7.15511 3.07953
7.19133 3.04153
8.1516 1.12453
8.14653 1.15271
4.91663 -3.32094
4.91676 -3.32947
7.48287 2.68831
7.50552 2.6579
7.68056 -1.17216
7.62685 -1.25417
7.67405 2.39848
7.71451 2.32703
8.02793 1.61833
8.01216 1.66589
5.70042 -3.05175
5.6934 -3.05742
4.95525 -3.46805
4.95542 -3.45307
5.0843 -3.47522
5.04053 -3.49306
4.84161 -2.89945
4.85192 -2.95524
4.85649 -2.98791
4.86737 -3.04223
4.65989 -2.01942
4.65562 -1.99877
5.65466 -3.08444
5.64528 -3.09062
4.89105 -3.17706
4.89101 -3.17585
5.21808 -3.38844
5.26898 -3.35547
5.09944 -3.46423
5.15433 -3.43174
5.98867 -2.84275
5.96508 -2.85952
6.65317 3.52168
6.63616 3.53389
6.21817 3.79626
6.17257 3.81866
6.04268 3.87796
6.05469 3.8732
5.77765 3.97396
5.77508 3.97451
4.24429 2.00799
4.24307 1.99582
4.39941 2.96185
4.39125 2.92543
4.44218 3.12501
4.43907 3.11314
7.13236 3.10306
7.56179 -1.34751
7.60667 -1.284
7.06379 -1.92953
7.08057 -1.91288
6.90248 -2.08683
6.88952 -2.09914
4.73565 3.71965
4.76673 3.75673
8.20465 0.652465
8.20498 0.643624
6.65766 -2.30472
6.68093 -2.28398
6.43501 -2.49106
6.40511 -2.51618
6.22745 -2.65834
6.24025 -2.6479
4.5926 -1.7201
4.61192 -1.80176
7.98941 -0.573175
7.98263 -0.59049
4.93769 3.89759
4.94085 3.8997
7.75154 -1.05649
7.77346 -1.01901
6.09167 -2.76472
6.16127 -2.70931
6.95993 3.26861
7.0387 3.19469
4.27001 2.21773
4.28311 2.30744
4.2364 1.93221
4.23779 1.94731
7.31084 2.9088
7.31994 2.89794
7.1745 -1.81323
7.24726 -1.7343
6.08109 -2.77321
6.0025 -2.83146
4.48504 -1.24815
4.50989 -1.35346
4.56176 -1.58659
4.63448 -1.90873
4.63256 -1.89888
4.46528 -1.16488
4.46643 -1.16992
4.43271 -1.02019
4.43791 -1.04374
4.18711 1.02237
4.18681 0.977335
4.20497 1.51906
4.20313 1.48559
4.19731 0.505326
4.19969 0.465348
5.50389 4.02063
5.47322 4.02233
5.39499 4.02333
5.43523 4.02427
4.28431 2.31396
4.2853 2.32158
4.23642 0.0395048
4.24109 0.000391345
5.47523 -3.21159
5.45217 -3.22668
7.96155 1.80359
7.97657 1.76447
7.78571 2.19442
7.80057 2.16539
5.01749 3.93937
5.00263 3.9328
5.13346 3.9843
5.17118 3.99367
4.76553 -2.49291
4.74231 -2.38341
8.1005 1.3669
8.08312 1.43492
4.90164 -3.24448
4.90107 -3.24146
7.62934 2.47254
7.58529 2.54108
6.98549 -2.00865
6.98565 -2.00849
7.46111 -1.4829
7.4715 -1.46973
7.38055 -1.58269
7.38483 -1.57759
4.52883 3.3688
4.52331 3.35666
4.7009 -2.19134
4.68967 -2.14202
4.73337 -2.33991
4.72087 -2.28004
5.81575 -2.96704
5.84203 -2.94936
5.76772 -3.00341
4.63658 -1.91941
4.6768 -2.0888
8.10449 -0.232352
8.03377 -0.454753
8.0257 -0.476923
8.18521 0.189652
8.19026 0.237254
8.16433 0.0361606
8.17064 0.0779854
4.8396 3.82699
4.82297 3.8132
6.73073 3.46194
6.74398 3.4518
6.9412 3.28524
6.95058 3.277
5.83354 3.95667
5.86372 3.94625
5.99976 3.89621
5.94639 3.91609
5.66437 3.99942
6.28956 3.75784
6.27323 3.76707
6.52509 3.61262
6.49908 3.63068
4.40618 2.98807
7.2581 2.96853
7.14009 -1.85002
6.98451 -2.00958
6.81685 -2.16449
8.19946 0.741391
8.19836 0.756595
6.75972 -2.21507
6.72129 -2.24902
6.62 -2.33642
6.5263 -2.4164
6.46687 -2.46574
4.61939 -1.83766
4.58878 -1.70361
4.20893 1.58442
4.21086 1.61389
4.19495 0.554302
4.19316 0.595756
4.2654 2.18443
4.2659 2.18871
7.33755 -1.63353
7.33986 -1.63093
4.39281 -0.837452
4.38284 -0.791322
4.41719 -0.949889
4.41028 -0.917535
4.18762 1.05959
4.18845 1.10433
5.92731 -2.8873
5.91644 -2.89591
4.56488 -1.60145
4.57816 -1.65965
8.06612 -0.358368
8.19963 0.351212
8.2021 0.387092
4.18913 0.723332
4.18816 0.742406
7.06087 3.17377
7.04956 3.18452
6.75606 3.44237
6.83844 3.37429
5.42752 -3.24328
5.40316 -3.2629
5.53973 -3.16362
5.56254 -3.14877
6.37404 3.70859
6.35001 3.72336
6.4526 3.66096
6.4948 3.63359
4.3503 2.73668
4.35047 2.73768
4.81423 3.80447
8.18724 0.876667
8.18826 0.867887
8.17173 0.997994
8.18639 0.885297
4.91637 -3.31522
4.90092 -3.24108
4.6869 3.65683
4.71646 3.69799
8.11561 -0.189205
4.88163 3.86028
6.54966 3.59604
6.61663 3.54778
5.61439 4.00794
4.25068 2.06873
6.34343 -2.56585
6.33977 -2.56888
7.25748 -1.72333
8.15833 0.00157231
8.13749 -0.101484
4.19194 1.23133
4.19206 1.25267
4.22182 1.76306
4.22023 1.74142
4.41542 3.02343
4.42192 3.05066
4.73555 -2.34897
7.34944 2.8612
7.37686 2.82856
4.57948 3.48018
4.58982 3.502
4.47897 3.23769
4.48338 3.25038
6.58482 -2.3661
6.55882 -2.38855
6.1345 3.837
6.10937 3.8487
6.80193 -2.17806
4.19425 1.29483
4.1977 1.38294
4.18795 0.786833
4.18655 0.868477
4.33484 -0.564214
4.29957 -0.375809
5.55771 4.01551
5.52294 4.01952
4.82453 -2.80653
4.80058 -2.68496
4.7871 -2.61768
4.77347 -2.54072
4.21138 0.304238
4.2276 0.121366
4.27736 -0.25159
4.25689 -0.119275
7.93345 -0.705276
7.8319 -0.912795
5.33089 -3.31286
5.37832 -3.27834
7.92224 1.90086
7.84747 2.06906
4.33231 2.63466
4.30554 2.45898
4.42696 3.07141
5.32237 4.01882
5.20343 4.00174
8.16899 1.01741
8.12776 1.24742
4.93639 -3.41383
4.93569 -3.39023
5.27537 -3.34998
4.83186 -2.85201
4.82787 -2.8256
5.61527 -3.11229
5.57782 -3.13727
4.98934 -3.50537
4.97905 -3.49688
5.09634 -3.4673
4.85418 -2.97103
4.87787 -3.10402
4.87879 -3.11075
5.67992 -3.06727
4.87903 -3.11439
4.89899 -3.22891
5.21176 -3.39403
5.15983 -3.42663
4.24969 2.05943
7.81821 -0.938219
7.94018 -0.690243
4.45769 3.17551
7.71211 -1.1218
7.61343 -1.27408
7.52682 -1.39671
4.62776 3.57083
4.65487 3.61166
4.79654 3.78617
8.20674 0.562378
8.20278 0.685981
6.27624 -2.61956
6.30985 -2.59192
6.20604 -2.67521
4.21359 1.65307
4.21698 1.70135
4.60991 3.53743
7.51344 -1.41486
4.48061 -1.22924
4.48228 -1.2362
4.62785 -1.87745
4.47411 -1.20266
4.452 -1.10684
4.44881 -1.09242
4.424 -0.980642
4.18687 0.95901
4.18726 1.04083
4.20183 1.4583
4.20671 1.54974
4.29582 -0.354457
4.35411 -0.660203
4.20141 0.437547
4.19596 0.53056
5.44975 4.02385
5.60666 4.00892
5.35161 4.02156
4.25372 -0.0966288
7.83443 2.09626
7.93559 1.86877
7.99789 1.7066
7.75195 2.2594
4.30054 2.42604
4.95306 3.90621
5.06671 3.96099
5.11119 3.97646
8.11815 1.29173
8.06992 1.48311
7.64241 2.45142
7.5681 2.56724
7.44173 2.74486
7.39215 2.809
7.5245 2.63056
7.73679 2.2873
7.50099 -1.43137
7.42861 -1.52396
7.42096 -1.53334
7.34013 -1.63061
4.50734 3.31427
4.54389 3.4044
4.49397 3.28079
4.68361 -2.11877
4.70579 -2.21108
4.7173 -2.26537
8.05346 1.53909
5.88598 -2.91777
8.19197 0.254406
8.18314 0.170792
5.78108 3.97298
5.8892 3.93804
6.10103 3.85236
4.38053 2.87861
4.37415 2.85041
6.78493 -2.19335
6.70223 -2.26557
6.53045 -2.41306
6.4661 -2.46637
6.40332 -2.51766
4.19249 0.617918
4.38059 -0.781252
4.39648 -0.854431
4.40498 -0.893685
4.18904 1.12392
8.20668 0.52497
4.19085 1.2107
4.18929 0.703599
4.55498 3.43063
7.9468 -0.6751
6.24112 3.78401
4.46222 3.18929
4.22526 1.80501
8.1338 -0.117629
4.3695 -0.728203
4.35592 -0.669016
5.91251 3.92914
4.92639 -3.36033
7.46039 2.71988
8.0421 1.57555
5.87503 -2.92528
8.17762 0.125675
6.32891 3.73597
4.38652 2.90634
4.36337 2.80001
4.35132 2.74188
6.16769 3.8211
6.40932 3.68754
4.36491 2.80733
5.93938 -2.87847
