6.39874 1.04219
6.43309 0.989943
5.94078 0.805199
5.93081 0.703832
6.5175 0.792398
6.51963 0.783704
6.43002 0.281533
6.42819 0.278229
6.01053 1.02103
6.00421 1.00639
6.14093 1.13658
6.23819 1.13967
6.23842 0.171116
6.29998 0.177707
6.0408 0.289156
6.08917 0.223129
6.5239 0.565528
6.51773 0.505978
5.93937 0.556974
5.94789 0.50458
6.35728 1.07713
6.45476 0.949833
6.0966 1.10655
6.02027 1.03793
5.93036 0.68658
5.94901 0.844573
6.52823 0.683251
6.51407 0.807439
6.42539 0.274449
6.42733 0.276775
6.4832 0.386265
6.26703 1.13897
6.48267 0.887816
5.96927 0.915906
5.93724 0.577121
6.49784 0.435423
6.53042 0.638147
5.95337 0.479292
5.95456 0.471731
5.987 0.374689
5.99671 0.351278
6.10718 0.211031
6.19048 0.167094
6.32989 0.194881
5.97977 0.394531
6.37412 0.223562
