6.18706 -0.542598
6.25129 -0.533216
5.98792 -0.498793
5.94626 -0.472754
5.88832 1.78163
5.82622 1.73808
6.64805 -0.281993
6.70087 -0.213616
5.51806 1.03673
5.51192 0.986408
6.82341 -0.00732666
6.81716 -0.021255
5.51151 0.479322
5.5159 0.439524
6.9472 0.440337
6.95281 0.501695
6.40613 -0.48055
6.31517 -0.518638
6.23119 1.83363
6.23399 1.83317
6.02568 1.83952
6.05243 1.8419
6.59326 -0.33893
6.54655 -0.383599
5.49883 0.804813
5.49751 0.717418
5.7891 -0.328027
5.8028 -0.346589
6.91115 0.993674
6.89709 1.05085
5.62878 1.45621
5.63753 1.4758
5.72829 1.63274
5.72504 1.62763
6.71149 1.45136
6.74314 1.40134
6.82799 1.24086
6.81903 1.26211
5.68328 -0.155132
5.65103 -0.0868041
5.63011 -0.0379432
5.60518 0.0355907
5.54865 0.238571
5.54444 0.258826
6.50042 1.68949
6.5434 1.65121
6.95383 0.730559
6.95287 0.743892
6.89746 0.193023
6.91218 0.247558
6.89302 1.06474
6.86622 1.14444
6.47637 1.70791
6.42712 1.74403
6.65001 1.53866
6.64529 1.54429
6.93845 0.860737
6.93219 0.900524
6.57575 1.61947
6.59843 1.59627
6.92284 0.944147
6.92747 0.922923
5.58946 1.35468
5.55966 1.25482
5.50694 0.527559
5.50327 0.570127
6.36161 1.78298
6.30583 1.80839
6.29384 -0.52621
6.13171 -0.538722
5.89552 -0.438864
6.0605 -0.525534
5.79919 1.71187
5.92474 1.80362
6.74991 -0.141645
6.62888 -0.303616
5.50551 0.922583
5.53175 1.12811
5.73223 -0.244302
5.76592 -0.294836
6.81676 1.26685
6.7896 1.32088
6.86076 0.081791
6.79344 -0.0673087
5.55703 0.200718
5.57452 0.135723
5.51988 0.408895
5.50895 0.504841
6.95686 0.579127
6.93836 0.376355
6.08504 -0.533715
6.44326 -0.458266
6.52454 -0.402432
5.85917 -0.403978
6.23513 1.83278
6.1289 1.84773
6.0091 1.83455
5.73069 1.63612
6.76587 -0.116856
5.53523 1.14801
5.5005 0.849507
5.4979 0.683499
5.54675 1.20172
5.71126 -0.211025
5.67717 1.54977
5.62287 1.44089
6.65564 1.53147
6.76799 1.35993
6.86251 1.15547
6.87248 0.114785
5.64013 -0.0620999
5.58662 0.0935104
5.52943 0.3452
5.50199 0.589796
6.30122 1.8104
6.92687 0.312159
6.9572 0.624079
6.94942 0.777975
6.89453 1.05965
6.36885 1.77894
6.65176 1.53664
6.94155 0.841284
5.59038 1.35774
6.40539 1.75713
