7.6374 -0.22799
7.63914 -0.222575
7.55731 -0.441628
7.54877 -0.461584
5.31703 3.09088
5.32186 3.0941
7.74339 0.247859
7.74511 0.261628
4.66624 1.14654
4.66219 1.06336
5.13719 -1.45944
5.10046 -1.37702
5.04521 -1.24428
5.02839 -1.19894
4.73651 1.83552
4.74281 1.87286
6.06112 -1.97049
6.00863 -1.98978
5.37753 -1.83575
5.34044 -1.79176
4.66501 0.631657
4.66863 0.542134
7.07654 -1.21394
7.10934 -1.17568
6.65661 2.85412
6.70912 2.81276
6.41896 -1.79325
6.40941 -1.79967
7.35428 -0.834443
7.32567 -0.880161
7.76232 0.48653
7.76232 0.486598
7.70022 0.00180359
7.70229 0.0110045
5.51582 3.18713
5.56895 3.20112
5.12374 2.90447
5.15192 2.93867
5.14286 -1.47203
5.18298 -1.54972
4.6732 1.28091
4.67405 1.29536
4.70326 1.60454
4.70473 1.61616
5.8529 -2.01832
5.80951 -2.02381
5.61969 -1.99848
5.53152 -1.95911
4.90064 -0.809593
4.89396 -0.786686
4.84917 -0.620804
4.8393 -0.581585
5.49751 -1.93657
5.45194 -1.90576
4.66057 0.759172
4.66004 0.78361
4.9147 2.52026
4.94478 2.59508
5.03194 2.76875
5.03308 2.7705
4.9855 2.6827
4.97986 2.6706
4.88625 2.44279
4.87445 2.41086
7.43301 -0.700144
7.48237 -0.604344
6.38665 3.03288
6.41745 3.01634
5.90674 3.2096
5.93452 3.20454
6.59805 2.89905
6.78433 2.749
6.74065 2.78748
6.60828 -1.66009
6.66799 -1.61217
6.51965 -1.7254
6.53151 -1.71691
7.25423 -0.985122
7.29567 -0.925816
5.30563 -1.74974
5.27581 -1.70563
6.97182 -1.33094
6.93572 -1.36807
4.79811 2.14086
4.81776 2.21786
7.75841 0.740399
7.76171 0.668047
4.72517 -0.00965359
4.72142 0.0150974
5.43644 -1.89126
5.44877 -1.90288
7.67095 -0.115102
7.61613 -0.289525
7.53613 -0.490345
7.59779 -0.341314
5.96288 -1.99979
6.11113 -1.95394
5.71327 -2.01969
5.69541 -2.01596
7.06831 2.45912
7.05135 2.47901
7.11296 -1.17126
7.15361 -1.12068
7.01881 -1.28055
7.03903 -1.25822
6.24963 3.10328
6.27728 3.08941
7.41964 1.93421
7.42148 1.93062
7.34144 2.07286
7.37416 2.01687
7.25836 2.20496
7.27436 2.18073
7.15221 2.35377
7.1664 2.33541
7.60626 1.50002
7.61983 1.45899
7.6579 1.33288
7.63485 1.41267
7.69848 1.16679
7.68594 1.2233
7.75008 0.845427
7.75663 0.769947
7.59949 -0.336812
6.54388 2.93608
6.50527 2.96188
4.68396 1.42802
4.6836 1.42367
5.90807 -2.01322
5.72447 -2.01991
5.52913 -1.95799
4.90772 2.50416
6.17473 3.13466
6.19635 3.12592
6.32508 3.06605
6.82289 2.71537
6.35749 -1.8302
6.31126 -1.85815
6.91335 -1.3911
4.66051 0.937334
4.66019 0.913279
4.66779 1.1871
4.66697 1.16727
4.97216 -1.04049
4.99565 -1.1082
5.23646 -1.64626
5.26039 -1.68215
5.3266 -1.77559
4.67983 0.380072
4.67795 0.405888
4.66307 0.676064
4.66399 0.653244
6.87344 2.66811
6.92363 2.61832
7.73047 0.996277
7.72726 1.01861
6.15253 -1.93493
4.66214 1.04028
4.68905 1.48023
4.67014 0.522843
4.98628 2.68434
5.00273 2.7148
7.00825 -1.2923
7.46144 1.85064
7.50215 1.76386
5.77155 3.22143
5.79303 3.22029
6.85047 -1.45187
7.57023 1.6003
7.54327 1.66823
6.57159 2.9178
4.6749 1.30813
4.67866 1.35952
6.29428 -1.8667
6.21186 -1.90962
4.93387 -0.921752
4.92373 -0.888155
4.95098 -0.977888
4.67079 0.504916
4.68988 0.26805
4.69743 0.195141
4.69708 0.198368
4.66107 1.01655
4.65999 0.888925
4.65978 0.808598
6.08593 3.16576
6.06747 3.17122
6.85641 2.68435
4.77807 -0.313288
4.79055 -0.372846
4.68994 1.48857
4.68985 1.48783
4.72721 1.77474
4.72244 1.7445
4.76469 -0.242435
4.77358 -0.29033
4.76636 2.00118
4.77564 2.0462
5.66813 3.21744
5.64075 3.21386
4.96367 -1.01647
5.41586 3.14819
5.22985 3.0208
7.75619 0.378046
7.72577 0.126797
5.07444 -1.31497
5.13941 -1.46456
4.74606 1.89255
4.73235 1.80868
4.87527 -0.722036
4.87789 -0.731261
4.83758 2.29035
4.84172 2.30557
6.76134 -1.53331
6.80431 -1.49581
7.30538 -0.911105
7.36663 -0.814412
7.38119 2.00441
7.41938 1.93471
7.21515 2.26876
7.21958 2.26243
7.5765 1.58396
7.67947 1.24971
7.66172 1.3193
7.7629 0.57762
7.76229 0.486063
7.72507 0.122845
7.67363 -0.105203
5.21956 3.01133
5.43251 3.1557
5.61669 3.21094
5.08426 2.85009
7.75736 0.393798
5.2199 -1.61632
5.06313 -1.28864
5.22917 -1.63354
4.71059 1.66286
4.69696 1.55199
4.71622 1.70216
4.76534 1.99569
4.87056 -0.70503
4.91169 -0.847725
4.82413 -0.519057
4.7044 0.13414
4.70518 0.128137
4.94713 2.59987
5.03111 2.76735
4.98585 2.68349
4.79248 2.11941
4.77977 2.06487
7.42982 -0.705936
7.49292 -0.583216
6.13198 3.15052
6.03313 3.18159
5.94597 3.20184
5.865 3.21493
5.72118 3.22154
5.71901 3.22142
6.70899 -1.57909
6.57 -1.68821
6.5084 -1.73383
7.21696 -1.03836
7.20248 -1.05842
7.40111 -0.755346
7.76295 0.595013
7.50708 1.75277
7.53919 1.67791
4.80451 -0.434777
6.97426 2.56576
6.9876 2.55137
7.76269 0.621487
7.75759 0.757373
4.73979 -0.103109
4.74769 -0.148981
7.00508 2.53164
7.11371 2.40305
7.17734 -1.09084
7.70759 1.12476
7.72039 1.05702
7.45622 1.86148
7.32593 2.09888
7.30053 2.13975
7.2006 2.28918
7.63373 1.4163
7.60517 1.50327
7.74004 0.932534
7.73838 0.944339
7.74125 0.922338
6.47286 2.98317
6.4175 3.01631
4.85734 2.3582
5.38942 -1.84704
4.69989 0.17288
5.82353 3.21886
6.19664 -1.91615
4.69096 0.256435
5.00771 -1.14304
4.68319 1.41862
6.81059 -1.49024
7.6039 1.507
4.69048 0.261908
6.36174 3.0472
5.45016 -1.9042
7.51197 -0.54349
6.48157 2.97751
4.86005 2.36653
