4.70187 -1.61267
4.71184 -1.64873
7.98565 -0.263932
7.97814 -0.288491
4.89308 3.5864
4.92665 3.61913
8.08072 0.196161
8.08305 0.214208
4.31128 1.35819
4.30831 1.32006
4.29909 0.957193
4.29917 0.977203
4.30039 0.850202
4.2996 0.80701
4.31553 1.45471
4.31746 1.48612
5.85651 3.78088
5.74972 3.80614
4.31418 0.43354
4.31223 0.463516
5.54058 3.83185
5.52716 3.83199
4.37351 2.0607
4.38001 2.11758
4.36008 -0.036442
4.34798 0.0609025
4.59196 3.07172
4.60225 3.10127
7.11539 2.95913
7.13871 2.93466
6.9306 -1.9031
6.85842 -1.97192
7.22677 -1.5954
7.20338 -1.62165
4.83163 -2.07958
4.79435 -1.95283
4.88355 -2.24163
4.90116 -2.29566
5.31753 -2.89693
5.31936 -2.89731
5.2291 -2.8686
5.23382 -2.87075
5.12683 -2.78448
5.12378 -2.78034
5.1276 -2.78534
5.17589 -2.83435
5.56166 -2.86172
5.63359 -2.83349
7.94922 -0.38169
7.94726 -0.387234
8.09359 0.328567
8.09228 0.312066
8.06124 0.0612782
8.05531 0.0273398
8.03416 -0.0764584
8.0439 -0.0334633
6.66512 3.35899
6.68717 3.34281
6.87521 3.18829
6.89169 3.17422
5.97419 3.74257
5.86666 3.77783
4.38232 2.13223
4.39799 2.23583
7.74776 -0.8473
7.70089 -0.933498
7.85831 -0.615294
7.81329 -0.715803
6.19885 3.64887
6.19355 3.6512
6.44019 3.51397
6.46124 3.50096
7.07815 2.99765
7.20061 2.86712
7.19368 2.87508
7.59186 -1.11438
7.61332 -1.08107
6.76186 -2.05892
6.76508 -2.05604
7.10914 -1.72441
7.04948 -1.78573
4.82402 3.51006
4.82083 3.50569
8.0916 0.7918
8.09825 0.710705
6.36051 -2.3835
6.34351 -2.39656
6.66112 -2.14515
6.60473 -2.19129
5.02503 3.69505
4.99984 3.67853
4.86473 3.55786
4.82728 3.51409
8.10129 0.481471
8.09769 0.393893
4.57173 -1.10011
4.56699 -1.08096
4.32977 1.65946
4.32619 1.61442
4.30477 0.617961
4.30567 0.593925
4.54009 2.91633
4.55898 2.97696
7.32759 -1.47752
7.29479 -1.51698
5.98801 -2.6425
5.95166 -2.66476
4.50695 -0.821716
4.52192 -0.887892
4.30163 1.12568
4.30104 1.1042
7.14374 -1.68742
7.15672 -1.67334
6.20669 -2.49521
6.26636 -2.45343
4.60873 -1.24674
4.59061 -1.17523
5.65161 3.82235
5.71761 3.81161
5.86276 3.77917
4.41943 -0.4004
4.40329 -0.314003
4.46013 -0.609205
4.45786 -0.598417
4.41182 2.31527
4.41681 2.35357
4.38387 -0.199825
4.3803 -0.178017
7.76169 2.00953
7.7315 2.07245
7.84713 1.81435
7.82194 1.87528
4.48304 2.69436
4.47481 2.66005
4.42691 2.40958
4.43458 2.4567
5.16312 3.76823
5.10663 3.74286
5.23732 3.79462
5.18717 3.77734
8.01557 1.28291
8.0278 1.22734
8.06265 1.03657
8.07407 0.955897
7.46383 2.53154
7.46133 2.53512
7.33609 2.70502
7.32927 2.71358
7.41888 -1.36209
7.3845 -1.40718
6.84777 -1.98132
6.95444 -1.88082
7.64504 2.23749
7.66599 2.19956
7.56569 2.37461
7.57233 2.36372
4.77514 3.4438
4.74471 3.39704
4.70367 3.32608
4.73545 3.38278
4.64877 3.2134
4.66154 3.24351
4.87344 -2.21299
4.83688 -2.09526
7.91499 1.63326
7.90039 1.6753
7.96833 1.46596
7.96012 1.49447
5.40125 -2.89838
5.71709 -2.79514
5.67608 -2.815
5.67459 -2.81578
5.54837 -2.86547
6.47948 -2.29205
6.48842 -2.28505
8.01716 -0.150596
7.95079 -0.377071
6.63559 3.38139
6.58154 3.41961
6.80643 3.247
6.824 3.23252
6.03557 3.71865
5.99927 3.73277
5.63537 3.82519
4.34985 1.87746
4.35626 1.93344
4.40353 2.2702
6.08604 3.69944
6.25484 3.62029
6.26469 3.61498
6.42171 3.52573
6.33275 3.57778
6.47693 3.49099
6.52172 3.46135
7.22487 2.83956
6.67195 -2.13573
6.76148 -2.05927
7.01045 -1.82429
4.77776 3.44804
8.09859 0.703549
8.08898 0.825347
6.66678 -2.14021
8.09499 0.345203
8.10218 0.523155
4.54546 -0.989001
4.55728 -1.03978
4.52205 2.85219
4.53721 2.90684
4.48872 -0.742813
4.49917 -0.787458
4.52789 -0.913629
6.13396 -2.5463
6.1235 -2.55321
6.0336 -2.61357
6.03663 -2.61154
4.63155 -1.33855
4.62052 -1.29344
4.671 -1.49796
4.65 -1.41147
5.0642 -2.69192
5.08478 -2.72781
4.98589 -2.52995
4.99931 -2.56242
8.07151 0.128919
8.06588 0.0881254
4.76802 -1.85752
4.76153 -1.8358
4.53243 -0.933375
4.54264 -0.976701
4.30245 0.723199
4.30027 0.766004
4.482 -0.712747
4.36403 1.99808
4.36392 1.99706
4.34838 1.86157
4.34284 1.80622
4.94483 -2.42577
4.9622 -2.47094
4.3301 0.232993
4.32379 0.304433
8.08426 0.865971
7.47112 -1.2921
7.49123 -1.26438
5.52795 -2.87042
4.79146 -1.94352
4.7704 -1.86587
5.80043 -2.75251
5.79758 -2.75416
8.09967 0.674281
5.4126 -2.89834
5.02218 -2.61198
5.0066 -2.58101
8.01829 -0.1462
7.8884 -0.54169
7.87071 -0.586134
7.0067 3.0674
7.03592 3.03962
8.10178 0.599672
4.33777 1.75552
4.33669 1.74261
4.30586 1.2312
4.30608 1.27063
6.73857 3.30279
6.75308 3.29097
6.94238 3.12854
6.95896 3.11296
6.14795 -2.53698
4.72601 -1.70355
4.67928 -1.52942
8.0876 0.26253
8.07811 0.175925
4.30789 1.29469
4.31229 1.39401
4.29953 1.02043
4.29924 0.913703
4.30048 0.786701
4.29929 0.893579
4.31922 1.51514
4.31386 1.42197
4.43929 -0.505082
4.42957 -0.45559
4.31013 0.501291
4.31647 0.398297
5.45585 3.83116
5.5993 3.82809
4.96823 -2.48653
4.97181 -2.49713
4.34376 0.0990913
4.36311 -0.0591399
7.80623 -0.730659
7.75869 -0.82653
7.80615 1.91178
7.77778 1.9753
4.45195 2.55008
4.45353 2.55911
4.62209 3.15202
4.57979 3.03917
5.2673 3.80226
5.30715 3.81231
8.041 1.16161
8.05407 1.08965
7.40075 2.62068
7.39793 2.62447
7.54265 -1.19068
7.54133 -1.19263
7.17413 -1.65466
7.24953 -1.56961
4.67481 3.26931
4.69681 3.31453
5.4294 -2.89618
5.04422 -2.65801
5.03908 -2.64672
5.12703 -2.78477
5.08734 -2.73111
5.22235 -2.86391
5.80269 -2.75121
5.86728 -2.71435
4.67726 -1.52212
4.7438 -1.76779
5.9238 -2.68241
8.04902 -0.00709647
8.01988 -0.139469
7.6827 -0.965254
7.86447 -0.601035
7.64019 -1.03705
7.5453 -1.18672
7.53714 -1.1987
6.40698 -2.34871
6.29474 -2.43236
6.08529 -2.57911
6.03884 -2.61
4.97615 3.66026
5.04994 3.71183
5.42179 3.82864
4.55843 -1.04467
4.57242 -1.10284
4.32453 1.59045
4.33121 1.67857
4.3074 0.554445
4.30349 0.659111
4.56471 2.99321
4.53952 2.91465
7.27819 -1.53631
7.33909 -1.46369
4.30018 1.06135
4.30295 1.1677
4.58555 -1.15518
4.29976 1.0407
4.32159 1.55027
4.40002 -0.295469
4.46588 -0.637722
4.31893 0.36537
4.30858 0.528727
4.37968 -0.173993
4.33501 0.182172
7.7139 2.1076
7.86396 1.77238
7.88493 1.71723
7.68332 2.16706
4.49812 2.75974
4.45805 2.58189
4.50648 2.79242
5.07967 3.72816
5.17046 3.77151
5.35821 3.82097
7.27047 2.78645
7.2601 2.79889
7.9948 1.36926
8.08019 0.907457
7.98663 1.40074
7.52115 2.44559
7.37494 -1.41903
7.43851 -1.33653
7.52426 2.4408
7.53668 2.42128
7.62026 2.28169
7.60591 2.30679
4.73625 3.38398
4.62895 3.1703
4.79284 -1.948
4.87809 -2.22601
4.9166 -2.34419
4.92465 -2.36535
7.93115 1.58576
7.94303 1.54948
6.69796 3.33443
6.90968 3.15809
6.21634 3.64009
6.31072 3.59085
6.53196 3.45475
6.28006 -2.44339
6.42513 -2.33441
6.5508 -2.23552
6.53399 -2.24935
4.95221 3.64185
4.33553 1.72879
4.3028 0.681864
4.51949 2.84196
4.3037 1.19038
5.0029 -2.57138
5.62888 3.82602
5.73835 -2.78382
7.9051 -0.500982
6.32092 3.58484
4.62629 3.16324
5.37994 3.82459
4.94025 -2.41426
5.47688 -2.88599
5.93939 -2.67274
6.84083 3.21849
4.3638 1.99594
6.59755 -2.19749
4.83424 -2.0869
6.47048 -2.29945
6.97542 3.09726
6.77178 3.27555
7.91143 -0.484535
6.55502 3.4384
