6.37896 2.65433
6.33153 2.67757
5.54593 2.6933
5.54445 2.69237
7.47281 1.03251
7.47557 1.01873
5.03886 -0.225576
5.03004 -0.18765
5.10429 -0.479535
5.10822 -0.492462
5.03733 1.83834
5.0164 1.75093
6.66395 2.46142
6.69016 2.43862
5.37689 2.55229
5.35324 2.52625
6.06913 -1.51864
6.13982 -1.50264
5.88159 -1.52239
5.84699 -1.51431
5.09626 2.04109
5.10295 2.05923
5.79008 2.77919
5.74712 2.77198
7.00335 2.10323
7.04138 2.05145
6.21489 2.72638
6.16353 2.74506
7.19542 -0.58783
7.15548 -0.653766
7.50835 0.743061
7.51085 0.712201
5.16864 -0.681777
5.16698 -0.67699
5.32475 -1.03944
5.33974 -1.06803
5.24043 -0.863646
5.23069 -0.839724
5.42588 -1.20595
5.42188 -1.19967
5.55589 -1.35652
5.51976 -1.32189
4.98952 1.61957
4.99953 1.67247
4.95574 1.39173
4.96462 1.45887
4.92533 1.04913
4.92486 1.04243
5.25935 2.39769
5.25785 2.39501
5.16853 2.22633
5.17119 2.23225
6.26248 -1.46383
6.3565 -1.42108
5.70111 -1.46385
5.75286 -1.48669
6.90373 -0.988615
6.90892 -0.98289
6.71267 -1.17557
6.75521 -1.13806
7.24133 -0.504559
7.21992 -0.545064
7.33523 -0.304958
7.32739 -0.323852
7.42673 -0.0450757
7.43002 -0.0335846
7.47949 0.185787
7.48296 0.205675
4.92162 0.908803
4.92164 0.909644
4.92262 0.712411
4.92257 0.714166
4.93713 0.442419
4.93621 0.453234
4.96876 0.156716
4.97856 0.0905432
5.95358 2.78614
5.95687 2.78568
6.45886 -1.36424
6.38808 -1.40409
6.65794 -1.22274
6.57652 -1.28489
7.02547 -0.841745
7.03557 -0.829003
7.38376 1.37454
7.39684 1.33566
7.45414 1.1232
7.45002 1.14348
7.50894 0.441666
7.50647 0.403775
7.51215 0.546115
7.51348 0.597871
5.01032 -0.0951023
5.00544 -0.0699786
6.74755 2.38803
6.81219 2.32468
6.95986 2.1597
6.93699 2.18738
6.39387 2.6458
6.44001 2.61955
7.35043 1.47243
7.3571 1.45406
4.92165 0.910501
4.92457 1.0375
4.92029 0.779635
6.53908 2.55514
6.57391 2.53163
7.49759 0.868902
7.49134 0.920696
5.07588 -0.379188
5.07028 -0.357287
7.18012 1.83606
7.18642 1.82495
6.32481 2.681
6.27552 2.70343
5.11946 -0.529179
5.12692 -0.553536
7.13226 1.9156
7.13625 1.90939
7.36746 -0.224019
7.37245 -0.211137
7.25824 -0.471501
7.27642 -0.435129
7.36866 1.42046
4.9429 1.2752
4.93504 1.17948
5.05072 -0.277044
5.04401 -0.248552
5.08726 -0.42156
4.9467 0.339317
4.94834 0.322643
4.92748 0.588578
4.92768 0.58374
7.25485 1.69223
7.26882 1.6637
6.38664 2.6501
4.92029 0.779372
7.20465 1.79103
7.22209 1.75806
7.32501 1.53653
5.44792 2.62249
5.55508 2.69775
7.51252 0.629955
7.51153 0.694718
7.48071 0.984339
7.46824 1.05906
5.02703 -0.174089
5.28117 -0.952329
5.30967 -1.00936
5.48702 -1.28337
5.42871 -1.21016
5.01152 1.73018
5.05511 1.90427
6.66039 2.46444
6.74037 2.39454
5.31491 2.47701
5.44643 2.62105
6.16513 -1.4972
6.01022 -1.52391
5.79038 -1.50166
5.91707 -1.52501
5.13106 2.1346
5.08693 2.01346
7.08186 -0.764647
7.09569 -0.745659
6.89754 -0.995157
6.83106 -1.06431
7.28911 -0.40858
7.31318 -0.356239
7.4567 0.0714122
7.45941 0.0832123
4.9203 0.779104
4.95316 0.277941
4.95848 0.233462
5.66155 2.74754
5.84994 2.78589
6.55779 -1.29889
6.47099 -1.35633
7.07132 2.00834
6.99064 2.12035
6.15154 2.74804
6.27081 2.70559
7.12481 -0.701887
7.21581 -0.552481
7.27904 1.64177
7.30224 1.58967
5.64531 2.74177
5.44753 2.62214
7.50552 0.791199
5.13488 -0.578681
5.16589 -0.673725
5.20376 -0.772715
5.37345 -1.12373
5.25302 -0.893438
5.61265 -1.40691
4.97125 1.50654
4.98672 1.60273
5.06609 1.94458
4.94741 1.31779
5.26073 2.39993
5.21216 2.31313
5.16654 2.22148
5.97456 -1.52753
6.25355 -1.46681
6.36113 -1.41901
5.63768 -1.42405
6.77869 -1.11665
6.97055 -0.90936
6.67442 -1.2088
7.24889 -0.490271
7.35044 -0.267619
7.3897 -0.16364
7.39586 -0.145776
7.496 0.298312
5.00366 -0.0604079
4.9936 -0.00286465
4.92478 0.648961
4.93075 0.525395
4.93168 0.511043
4.9419 0.387948
4.9871 0.0370434
6.05817 2.77093
5.95077 2.78626
7.50023 0.334968
6.49547 2.58509
6.50337 2.57983
7.04786 -0.812855
7.44429 1.16575
7.4608 1.09591
7.51157 0.500882
7.41136 1.29088
7.43116 1.21874
7.46361 1.08063
7.48777 0.944754
6.83549 2.30126
6.58244 2.52502
6.88035 2.25247
6.92507 2.20128
7.09 1.98119
6.48807 2.59015
7.50549 0.791548
7.50544 0.792098
7.15122 1.88493
7.24079 1.72053
7.23024 1.74221
7.31612 1.55872
7.1756 1.84381
7.41002 1.29525
7.43759 1.19516
6.44619 2.61586
