7.537 -0.422615
7.51767 -0.467789
5.32042 3.03537
5.36644 3.06612
4.69288 1.16199
4.68737 1.0487
5.14131 -1.38382
5.13123 -1.3612
4.70526 1.35304
4.7058 1.35964
4.76285 1.82019
4.77176 1.87299
6.02537 -1.93769
6.01625 -1.94104
5.75268 -1.96839
5.81768 -1.97161
4.80263 -0.299385
4.7973 -0.272232
4.71621 0.271069
4.71716 0.261474
4.69002 0.646153
4.69487 0.526015
7.05341 -1.19984
7.05389 -1.19927
6.6468 2.8244
6.67417 2.80285
7.73624 0.476749
7.7372 0.502386
7.61654 -0.208464
7.60999 -0.228391
5.51877 3.13868
5.60922 3.1625
5.12765 2.84047
5.18926 2.91524
7.7206 0.269199
7.71852 0.251653
5.19992 -1.49845
5.21729 -1.53209
4.72971 1.58914
4.73314 1.61629
4.77816 1.90776
4.79469 1.98941
5.62849 -1.94224
5.61618 -1.93675
4.93829 -0.835004
4.92452 -0.787793
4.87389 -0.606811
4.8727 -0.602083
4.68599 0.773909
4.68579 0.783191
4.96466 2.54723
4.97602 2.57548
5.06614 2.74728
5.10749 2.81068
4.93145 2.46719
4.90381 2.39244
6.36472 3.00739
6.37391 3.00245
6.1551 3.10154
6.17876 3.09339
5.97957 3.15394
5.93055 3.16391
5.76833 3.17816
5.77269 3.17847
6.61628 2.84782
6.75108 2.73957
6.73075 2.75748
6.61317 -1.61701
6.64026 -1.59527
7.3368 -0.813848
7.34473 -0.800777
7.23664 -0.964389
7.25992 -0.931072
7.51485 1.6709
7.48385 1.74312
5.31533 -1.6877
5.31414 -1.68593
4.8366 2.16481
4.84569 2.20045
7.54848 1.5866
7.55385 1.57246
5.06567 -1.20408
5.05739 -1.18403
4.7552 -0.0281019
4.74651 0.0293021
4.70064 0.444995
4.70457 0.394411
7.49244 -0.525208
7.56736 -0.347385
5.92146 -1.96177
6.11849 -1.90686
6.89425 2.60831
6.8932 2.60935
7.07177 2.4124
7.02787 2.46385
7.12198 -1.11706
7.14242 -1.09163
7.00732 -1.25075
7.05291 -1.20042
7.40236 1.91095
7.43305 1.85104
7.3247 2.05034
7.34508 2.01547
7.24216 2.18315
7.2447 2.1793
7.10756 2.36747
7.14367 2.32074
7.631 1.33541
7.6145 1.39255
7.67275 1.16921
7.66528 1.20286
7.70516 1.00087
7.70386 1.00983
7.72637 0.836535
7.72661 0.833773
7.57869 -0.317341
7.6457 -0.110775
7.48838 -0.533512
7.46098 -0.589589
6.50379 2.92471
6.48459 2.93754
5.9159 -1.96314
5.88436 -1.96605
5.64367 -1.94575
5.53821 -1.89996
5.50378 -1.87664
4.70499 0.389281
4.70476 0.391977
4.93778 2.4853
4.8786 2.31444
4.89941 2.37893
6.29223 3.04485
6.30251 3.03983
6.41301 2.98091
6.44023 2.9647
6.81304 2.68552
6.32384 -1.80969
6.31624 -1.81429
4.68618 0.922391
4.68606 0.913249
4.69327 1.17227
4.69306 1.16724
5.01388 -1.06644
5.02342 -1.09393
5.3115 -1.68196
5.31352 -1.68499
5.36896 -1.75381
4.68942 0.65988
4.6897 0.652826
6.12079 -1.9058
4.68735 1.04025
4.6982 1.2577
4.70047 1.29325
5.72181 -1.96507
4.8101 -0.333493
4.80476 -0.309468
5.46138 -1.8454
5.4085 -1.79539
4.7229 0.209906
4.7244 0.196205
4.69515 0.522436
6.98352 -1.27722
6.46033 -1.72559
6.41437 -1.75601
6.8767 -1.38715
6.82548 -1.43664
7.41288 -0.681675
7.3995 -0.706831
6.56135 2.88675
6.2315 -1.85696
6.21698 -1.86452
4.69527 0.519109
4.68695 1.03155
4.68599 0.903993
4.68569 0.792682
6.0884 3.12521
6.05054 3.13641
6.82419 2.67521
7.67127 -0.0101287
7.67892 0.0217416
4.72033 1.50744
4.71808 1.48796
4.7589 1.79442
4.75106 1.74464
5.8273 -1.97124
4.87296 2.29762
4.8639 2.26703
5.67089 3.17221
5.62382 3.16606
7.55948 1.55667
7.58527 1.48359
7.65008 -0.0955562
4.95654 -0.896684
4.95997 -0.907336
5.46949 -1.85132
4.9909 -1.00143
7.69841 0.12072
7.69483 0.100683
5.41902 3.09637
5.27054 2.99527
5.1728 -1.44739
5.12505 -1.34645
4.71026 1.41271
4.70063 1.29549
4.77245 1.87719
4.76108 1.80881
4.90156 -0.70752
4.91549 -0.756639
6.98265 2.5153
6.96197 2.53753
7.18632 -1.03567
7.19259 -1.02731
6.24751 3.06581
6.23212 3.07197
6.73509 -1.51731
6.75249 -1.50213
7.28721 -0.889698
7.33337 -0.819302
7.36421 1.98157
7.39064 1.93333
7.1804 2.27108
7.19446 2.25187
7.6532 1.25219
7.64125 1.29905
7.73762 0.568137
7.73251 0.39652
7.7025 0.143978
5.22319 2.95169
5.48184 3.12475
5.61948 3.16526
5.11887 2.82838
7.73159 0.384133
5.23823 -1.56987
5.26643 -1.61439
5.09352 -1.27302
4.71267 1.43693
4.73705 1.64746
4.72527 1.55212
4.74769 1.7217
4.80109 2.01789
4.87647 -0.616967
4.9423 -0.848833
4.84913 -0.504907
4.97061 -0.939772
4.72991 0.148925
4.73493 0.10986
5.00264 2.62985
5.03619 2.69675
5.0181 2.66325
4.82015 2.10216
4.81153 2.06519
7.42424 -0.66076
6.11533 3.1163
5.88465 3.1694
6.03561 3.14091
5.8453 3.17442
5.77746 3.17852
5.69603 3.17417
6.7139 -1.53585
6.54063 -1.67031
6.5133 -1.69068
6.91139 -1.35324
7.38342 -0.7345
7.73775 0.610854
7.47822 1.75549
7.5199 1.65883
4.83752 -0.455031
7.18371 -1.03929
6.92024 -1.34436
7.7331 0.748188
7.73653 0.677114
5.04354 -1.14922
4.76473 -0.0889907
4.77829 -0.167761
6.88825 2.6141
7.09113 2.38848
7.17699 -1.04815
7.09797 -1.1462
7.68682 1.10422
7.69242 1.0746
7.43921 1.8386
7.29661 2.09747
7.28408 2.11763
7.23282 2.19699
7.60634 1.41887
7.70181 1.02209
7.71604 0.923531
7.72605 0.839349
6.46848 2.94817
5.38705 -1.77493
5.82613 3.17624
6.33423 -1.80358
6.12324 -1.90476
5.27723 -1.63038
5.02832 -1.10808
6.81559 -1.44615
6.35729 3.01166
7.73728 0.658881
4.90291 2.38967
