7.6672 -0.255897
7.6806 -0.214304
5.51139 3.25975
5.48723 3.2524
7.77654 0.216827
7.78396 0.276201
4.62559 1.12298
4.62378 1.08571
5.05736 -1.40979
5.05351 -1.40115
5.00398 -1.27115
4.98539 -1.22104
4.65376 1.53186
4.65582 1.5518
4.69633 1.85891
4.69865 1.87266
5.6787 -2.09736
5.60632 -2.08395
4.62686 0.60954
4.62859 0.566725
7.11183 -1.23545
7.126 -1.21892
4.70128 -0.120497
4.6841 -0.00602668
6.67157 2.89946
6.74817 2.83913
6.84472 -1.51626
6.80309 -1.55624
7.38053 -0.86537
7.34746 -0.918204
7.44426 1.96734
7.41662 2.01891
7.6971 1.3292
7.71695 1.25397
7.73143 -0.0274121
7.74185 0.0188963
7.5942 -0.452521
7.58723 -0.469638
5.31212 3.17139
5.25854 3.13383
5.14518 -1.6044
5.13163 -1.57612
6.47975 3.0361
6.5364 2.99852
4.63153 1.25503
4.63389 1.29518
5.92316 -2.08279
5.96902 -2.07155
5.79711 -2.10313
5.74593 -2.10276
4.81146 -0.642152
4.78834 -0.550313
4.62179 0.736688
4.62075 0.78425
4.90579 2.63966
4.89854 2.6241
6.20409 -1.97805
6.24949 -1.9538
4.73915 2.08792
4.74803 2.12808
7.4819 -0.690391
7.49085 -0.673012
6.14322 3.20489
6.19781 3.18182
6.42012 3.07176
6.42412 3.06961
5.93234 3.26495
5.96134 3.25967
6.60225 2.95265
6.83506 2.76339
6.81215 2.78358
6.40196 -1.86525
6.35361 -1.89463
6.56331 -1.75202
6.6009 -1.72509
6.78602 -1.57117
6.70958 -1.63753
7.23067 -1.08683
7.23762 -1.07736
7.28108 -1.01675
7.29904 -0.991039
7.79917 0.500357
7.7982 0.464045
4.76335 -0.437544
4.78079 -0.518269
6.97206 -1.39023
7.0189 -1.34205
4.77092 2.22782
4.77515 2.24442
7.01403 2.58321
6.96943 2.63131
7.7987 0.680504
7.79869 0.681361
7.7015 -0.143697
7.64064 -0.332766
6.02179 -2.05385
6.09993 -2.02552
5.53981 -2.05707
5.58033 -2.07471
5.70041 -2.10188
7.03545 -1.32374
7.04416 -1.31419
6.25644 3.15763
6.34775 3.11181
7.75846 1.05457
7.76255 1.03266
7.36665 2.10679
7.35069 2.13316
7.28309 2.23823
7.31961 2.18291
7.19492 2.36348
7.20767 2.34618
7.64595 1.49629
7.66405 1.44155
7.73775 1.16309
7.72947 1.2004
7.62891 -0.364356
6.58359 2.96642
6.47962 3.03618
4.67085 1.68599
4.67014 1.68013
4.64564 1.45032
4.64341 1.42349
5.99712 -2.06334
5.81241 -2.10061
5.89613 -2.0895
5.51529 -2.04645
4.86183 -0.835118
4.84517 -0.773383
5.44619 -2.0023
5.38782 -1.95229
5.40991 -1.97292
6.03397 3.24225
6.09785 3.22092
6.23242 3.16784
6.35951 3.10607
6.76158 2.82765
6.83791 2.7609
6.40811 -1.86106
6.90569 -1.45858
4.62134 0.960132
4.62072 0.913326
4.62891 1.20973
4.62716 1.16732
4.91269 -1.0035
4.9233 -1.03783
4.94935 -1.11862
4.95329 -1.12998
5.22149 -1.74198
5.25169 -1.78702
4.64249 0.358426
4.63722 0.430907
4.66783 0.113369
4.66256 0.154314
4.62287 0.700755
4.62477 0.653883
4.84521 2.48248
4.84581 2.48445
4.79855 2.32852
4.80925 2.36616
7.04428 2.54995
7.09086 2.49556
7.18627 -1.14385
7.22881 -1.08945
7.7716 0.970424
7.76355 1.02642
7.7866 0.852183
7.786 0.858903
6.20096 -1.97938
6.18464 -1.98687
4.62369 1.04032
4.66105 1.60215
4.66388 1.62746
4.64928 1.48764
4.63198 0.523464
4.97846 2.79305
4.98219 2.79996
7.50452 1.84659
7.5274 1.79783
5.76757 3.28667
5.80876 3.28449
6.88859 -1.47511
7.58565 1.66288
7.58509 1.6643
4.63623 1.33063
4.63833 1.35933
4.89441 -0.94354
4.86592 -0.849141
5.29087 -1.84412
5.33513 -1.89681
5.19668 -1.69827
5.18547 -1.67815
4.63343 0.483262
4.64831 0.293583
4.66042 0.173686
4.65491 0.224269
4.62158 0.993655
4.62034 0.865935
4.62025 0.832879
5.87184 3.27669
5.82352 3.28298
6.84164 2.75746
4.74142 -0.334037
4.75633 -0.405203
5.08533 2.95795
5.1179 3.00034
4.67885 1.74472
4.67879 1.7443
4.70409 -0.136761
4.72732 -0.261938
5.26501 -1.80724
5.28919 -1.84169
4.72874 2.03536
4.72159 2.00073
5.66397 3.28555
5.7087 3.28725
6.50109 -1.7982
6.51308 -1.78928
4.67832 1.74109
5.41124 3.22405
5.5595 3.26941
5.17135 3.05751
5.14236 3.02688
7.79058 0.345844
7.76561 0.141742
5.04772 -1.38733
5.09172 -1.48907
4.7058 1.91598
4.68851 1.80848
4.77749 2.25295
4.79216 2.30698
6.80139 -1.55773
6.87619 -1.48704
7.33172 -0.942147
7.41646 -0.807087
7.40606 2.03787
7.46027 1.93668
7.2395 2.30152
7.26527 2.26462
7.61738 1.58012
7.71886 1.24601
7.69172 1.34896
7.75694 0.0930079
7.71411 -0.0971282
5.21426 3.09818
5.36196 3.19997
5.61246 3.2803
5.04963 2.90824
5.03146 2.88322
7.7952 0.407994
5.01871 -1.31147
5.12253 -1.55576
5.17566 -1.66104
4.71483 1.96433
4.865 -0.846034
4.786 -0.540646
4.82585 -0.698791
5.21607 -1.73245
4.87391 2.56034
4.86255 2.5325
5.02365 2.87107
4.93802 2.7135
4.75152 2.14494
4.73444 2.0644
7.43779 -0.77047
7.54046 -0.573733
6.02935 3.24364
6.0263 3.24435
5.89325 3.27302
6.70156 -1.6445
6.61366 -1.71482
6.5256 -1.78024
7.27157 -1.03033
7.4281 -0.787149
7.80023 0.571585
7.54917 1.74882
7.56755 1.70596
4.82083 2.40485
4.82685 2.42533
6.94017 2.66153
7.0319 2.56393
7.79857 0.684069
7.79374 0.770935
7.7794 0.911118
7.77535 0.945781
4.70197 -0.124526
7.14814 2.42527
7.13795 2.43786
7.15512 -1.18337
7.76294 1.03027
7.73927 1.15609
7.48118 1.89507
7.37007 2.101
7.32561 2.1735
7.157 2.41393
7.67287 1.41262
7.63401 1.53178
7.78792 0.839011
4.84781 2.49062
6.90367 2.69776
4.65732 1.5687
4.66919 1.67296
5.81959 3.28355
5.75076 3.28671
6.29162 -1.9309
6.30371 -1.92461
5.36288 -1.92942
4.65379 0.234888
5.63993 3.28364
5.71568 3.28753
4.97627 -1.19638
4.64086 1.39234
7.07065 -1.28407
4.67211 0.0814831
7.62006 1.57259
4.65134 0.262545
6.36854 3.10143
4.92916 -1.05677
5.37624 -1.94219
7.54721 -0.559012
7.54164 -0.571264
6.47952 3.03625
4.83711 -0.743555
5.43775 -1.99651
6.47789 3.03725
