5.6514 1.22359
5.64477 1.20227
5.8954 -0.26541
5.83751 -0.200441
5.63121 0.285485
5.65451 0.184536
6.86626 0.752207
6.85983 0.824149
6.82616 0.26401
6.81265 0.218263
6.21399 -0.399605
6.14693 -0.396217
6.43572 -0.323488
6.45283 -0.311648
6.01472 -0.356542
6.09293 -0.386348
5.8393 1.5734
5.8397 1.57384
6.69037 -0.0573379
6.62793 -0.142996
5.77488 -0.101954
5.8229 -0.182973
6.75459 1.18688
6.76083 1.17209
6.69847 -0.0441027
6.74634 0.0473142
5.65654 0.177256
5.6897 0.08362
6.04773 1.69789
6.034 1.69461
6.54825 1.50142
6.47572 1.56585
6.27136 1.68547
6.238 1.69302
6.6117 1.42654
6.58141 1.46437
6.8691 0.518096
6.86537 0.475959
6.83926 0.924789
6.8337 0.950995
6.87376 0.660061
6.87381 0.658878
6.40225 1.62315
6.3724 1.63964
6.70307 1.29023
6.69305 1.30766
5.74581 1.4448
5.74687 1.44648
6.56525 1.483
6.55965 1.48969
6.18747 1.70399
6.85778 0.836994
6.8568 0.843272
6.82189 0.997944
6.81932 1.00731
6.63186 1.3988
6.66137 1.35687
5.67975 1.30256
5.70331 1.35642
5.60899 1.03727
5.6005 0.985821
5.6016 0.451254
5.60336 0.437456
5.58399 0.783517
5.58291 0.752903
5.72138 1.39875
5.74486 1.44325
5.58822 0.573747
5.58923 0.561847
6.15066 1.70772
6.11341 1.70665
6.32152 -0.379226
6.30215 -0.383178
6.53164 -0.247985
6.55269 -0.230735
5.92525 1.64484
5.93708 1.65315
5.8272 -0.188359
5.91805 -0.289186
5.61813 0.345931
5.65529 0.181619
6.78985 0.151753
6.84632 0.349262
6.11159 -0.392767
6.32991 -0.375783
6.55783 -0.225712
5.97943 -0.333133
6.00717 1.68309
5.83842 1.57228
6.69576 -0.0489707
5.73369 -0.0283718
6.73037 1.23762
6.79669 1.07863
6.76183 0.0822134
5.72683 -0.012834
5.72009 0.00343057
5.61041 0.391218
5.77611 1.49313
6.85324 0.385472
6.8721 0.59903
6.87374 0.661884
6.80392 1.05631
6.8172 1.01501
6.70869 1.28072
5.59593 0.946788
5.6193 1.09611
5.5956 0.502791
5.58817 0.871544
5.58364 0.642685
5.58402 0.630324
5.59423 0.512113
5.58388 0.636341
5.5917 0.901568
5.64224 1.19118
5.63509 1.16278
6.8536 0.859716
