5.95409 2.43892
5.97735 2.44079
7.21161 1.243
7.22509 1.20102
5.14046 1.02609
5.1411 1.03548
7.29548 0.857757
7.30113 0.798321
5.37635 -0.532291
5.38666 -0.555687
5.47548 -0.733853
5.49271 -0.761646
5.19961 1.48383
5.21443 1.55251
5.41174 2.06925
5.39154 2.03531
5.52802 2.22612
5.57607 2.27575
7.18307 -0.116796
7.1918 -0.0934609
5.21368 0.00311053
5.2027 0.0590687
5.13351 0.712716
5.13357 0.709175
5.14213 0.515409
5.14242 0.51144
7.30044 0.385467
7.29778 0.361059
6.69221 2.10719
6.76814 2.02835
6.18813 2.41288
6.17615 2.41534
6.4035 2.3229
6.41163 2.31804
5.68622 2.35766
5.77191 2.3999
6.8256 -0.720766
6.85723 -0.684403
6.75201 -0.800721
6.69909 -0.85068
7.01828 -0.457656
6.9938 -0.49723
7.29169 0.888723
7.27671 0.976821
5.29951 -0.323064
5.29781 -0.318138
5.58498 -0.895741
5.55196 -0.854039
5.25396 1.69837
5.2288 1.60968
5.16278 1.25797
5.1707 1.31401
6.30286 -1.10825
6.31523 -1.1028
5.32352 1.89426
5.34075 1.9318
6.52005 -0.994723
6.51234 -1.00012
6.9748 1.75878
6.95894 1.78279
7.08151 1.56856
7.10813 1.51323
5.91857 -1.1361
5.97173 -1.14662
5.73336 -1.04438
5.73131 -1.04271
6.10893 -1.15313
6.05355 -1.15307
7.07059 -0.365235
7.10427 -0.299229
7.25556 0.119875
7.2586 0.132385
5.23128 -0.0771898
5.24541 -0.130895
5.16819 0.270033
5.17376 0.231052
6.63878 2.15469
6.60185 2.18722
7.31002 0.639723
7.31058 0.590393
7.22536 1.20007
7.24572 1.12478
6.51803 2.25107
6.52286 2.24747
7.26893 1.02371
7.29288 0.880498
5.2553 -0.17168
5.26723 -0.215211
5.22888 -0.0675594
5.1343 0.908001
5.13424 0.904616
6.55892 2.21935
6.59925 2.18943
6.84636 1.93892
6.79753 1.99575
6.5129 2.25479
6.41897 2.31336
5.13317 0.835549
5.13323 0.843402
6.68194 2.11723
6.67732 2.12146
5.13682 0.960731
5.33096 -0.412389
5.34111 -0.440499
7.29352 0.875905
5.22743 -0.0614972
5.22104 -0.0337264
5.28143 -0.265682
5.27899 -0.25706
6.00345 2.4392
5.87383 2.42944
6.23057 2.39845
6.29523 2.37574
6.63011 -0.912556
6.61237 -0.926422
6.97342 -0.52767
6.92771 -0.592936
5.14923 1.14257
5.39701 -0.577802
5.34855 -0.460691
5.52707 -0.816545
5.46296 -0.712432
5.22416 1.5928
5.19493 1.4591
5.36491 1.98351
5.44108 2.11389
5.59984 2.29571
5.48232 2.17361
7.04185 1.64546
7.03532 1.65768
5.82524 -1.10083
5.83271 -1.104
6.20571 -1.13825
6.20094 -1.13897
7.1504 -0.198637
7.22382 0.00286615
5.19831 0.0819013
5.2152 -0.00424164
5.13494 0.646571
5.13317 0.774337
5.13908 0.567618
5.15328 0.391651
7.28275 0.254669
7.30839 0.485269
5.80616 2.41104
6.08219 2.43426
5.67214 2.34969
6.78095 -0.770246
6.88001 -0.656478
6.54362 -0.977478
7.05412 -0.395938
7.12912 1.46675
7.15167 1.41246
5.15232 1.17227
5.29286 -0.303566
5.31896 -0.379301
5.43031 -0.647617
5.64311 -0.964342
5.17942 1.37205
5.27637 1.76808
5.28737 1.80162
6.4014 -1.06438
6.22531 -1.13237
5.30469 1.84904
5.46542 2.15057
6.42019 -1.05384
7.00343 1.71243
6.915 1.84637
7.03043 1.66633
5.65035 -0.971268
6.01316 -1.1532
5.75912 -1.0602
5.71358 -1.02706
7.13238 -0.239381
7.22807 0.0166796
7.27924 0.23451
5.18648 0.150331
5.13502 0.643989
5.15529 0.372973
5.13514 0.641528
7.31002 0.524344
6.60068 2.1882
6.67051 2.12763
7.30828 0.687227
7.1964 1.2926
7.17232 1.35974
7.25134 1.10406
7.2578 1.07304
7.2682 1.02749
5.27491 -0.24348
5.25336 -0.164318
6.85174 1.93239
6.85667 1.92606
7.30445 0.760639
5.13307 0.778243
5.13409 0.901117
6.3014 2.37297
6.89384 1.87602
7.2007 1.27929
6.30782 2.36978
6.35722 2.34675
7.16445 1.38165
7.30715 0.719493
6.88443 1.88938
5.25216 -0.159705
