6.25608 -2.40981
6.19895 -2.44985
4.735 -1.58929
4.75654 -1.66724
8.04867 0.184137
8.05585 0.239674
4.34293 1.35815
4.34146 1.33927
4.33098 0.938634
4.33113 0.977165
4.33179 0.850165
4.33134 0.825406
4.34676 1.43653
4.34982 1.48627
5.74166 3.75771
5.77705 3.74934
4.34743 0.413118
4.34418 0.462996
5.5708 3.77667
5.51804 3.77718
4.40814 2.06106
4.4123 2.09745
4.37818 0.0759767
4.37794 0.0778679
5.38733 3.76732
5.33659 3.75854
7.10438 2.92579
7.10504 2.9251
6.89071 -1.89518
6.84931 -1.93466
7.17933 -1.60237
7.17761 -1.6043
4.86352 -2.02777
4.85983 -2.01524
5.46174 -2.79801
5.47782 -2.79639
5.24937 -2.75403
5.26886 -2.7629
5.0298 -2.46632
5.04215 -2.49415
5.11907 -2.6243
5.12391 -2.63218
6.40804 -2.29996
6.45576 -2.26319
5.79946 -2.68677
5.75927 -2.7062
4.78565 -1.76938
4.77054 -1.7186
7.97746 -0.180913
7.98496 -0.153581
7.91419 -0.38868
7.8994 -0.430501
5.91468 -2.62654
5.84983 -2.66282
8.06234 0.316845
8.05802 0.262652
8.02834 0.0489339
8.01815 -0.00935617
8.00038 -0.0891305
8.0129 -0.0338236
6.64239 3.33224
6.65573 3.32245
6.85344 3.16267
6.87149 3.14725
5.96169 3.70042
5.96689 3.69872
4.39648 1.97785
4.39099 1.9338
4.42163 2.15664
4.43054 2.21555
7.70906 -0.85502
7.67986 -0.908724
7.82173 -0.622591
7.79149 -0.690114
6.41662 3.4851
6.41472 3.48617
6.1934 3.60538
6.13295 3.63193
7.10334 2.92687
7.57179 -1.09073
7.57432 -1.08681
7.4599 -1.25508
7.47079 -1.24028
6.71792 -2.0502
6.65437 -2.10502
7.10195 -1.68638
7.04061 -1.74942
8.06284 0.781011
8.06699 0.730351
6.03787 -2.55459
6.08547 -2.52498
4.68627 -1.40785
4.69203 -1.42887
4.89944 3.5104
4.88308 3.49127
8.07269 0.50824
8.06754 0.38258
4.60214 -1.07865
4.59222 -1.03862
4.35876 1.61457
4.36182 1.65318
4.33598 0.636056
4.33758 0.593406
4.59773 2.9522
4.60442 2.97365
7.28151 -1.48429
7.26886 -1.49952
5.98926 -2.58461
5.97646 -2.59245
4.73708 3.28157
4.74208 3.28979
4.53603 -0.801187
4.5611 -0.911932
4.33416 1.14454
4.33306 1.10416
4.63911 -1.2253
4.63062 -1.1918
5.14681 -2.66127
5.14731 -2.66179
5.82746 3.73804
4.47407 -0.515672
4.49638 -0.622057
4.44925 -0.383519
4.44053 -0.336859
4.44714 2.31563
4.44943 2.33324
4.39561 -0.058265
4.41089 -0.1607
6.30546 3.54884
6.28069 3.56123
7.72742 2.01276
7.71161 2.0457
7.81419 1.81745
7.8016 1.84791
4.53095 2.72417
4.51026 2.63796
4.54694 2.78641
4.54077 2.76385
4.46779 2.43502
4.46794 2.43591
5.26192 3.73946
5.26663 3.74109
7.99142 1.25903
7.99368 1.24878
8.03701 1.0112
8.04198 0.976068
7.45158 2.49441
7.42446 2.53334
7.3242 2.66899
7.29019 2.7117
7.37513 -1.36852
7.36404 -1.38307
6.80586 -1.973
6.94544 -1.84401
7.12872 -1.65846
7.54616 2.34832
7.5377 2.36205
7.62567 2.21143
7.63309 2.19798
4.7765 3.34825
4.77686 3.34889
4.93015 -2.22149
4.90841 -2.16098
4.97724 -2.34632
4.95972 -2.30074
7.88328 1.63624
7.87756 1.65272
7.93756 1.46885
7.93682 1.47143
5.36329 -2.79384
5.31156 -2.78287
5.54027 -2.78435
5.52737 -2.78799
6.50313 -2.22606
6.53502 -2.20203
6.39153 -2.31163
5.64798 -2.75173
5.6611 -2.74792
5.60944 -2.76527
7.95163 -0.27072
7.96048 -0.241843
7.92597 -0.353836
6.63056 3.34122
6.53739 3.40708
6.68211 3.30244
6.7119 3.27928
6.76643 3.23565
6.80185 3.20645
6.88664 3.13388
6.92153 3.10234
5.96959 3.69766
5.96799 3.69829
5.85488 3.73184
4.39903 1.99742
4.44333 2.29491
6.08053 3.65545
6.23185 3.58606
6.47181 3.45012
6.47655 3.44698
7.10758 2.92235
6.62695 -2.1268
6.75223 -2.02146
6.97245 -1.81675
7.13505 -1.65186
8.06878 0.692367
8.05784 0.844916
6.30803 -2.37308
6.34459 -2.34692
6.58204 -2.1637
4.66748 3.13877
4.68508 3.17647
5.10433 3.67196
5.13949 3.69118
5.0022 3.60365
5.03573 3.62946
8.06692 0.371478
8.07277 0.512122
4.36423 1.68086
4.37002 1.74288
4.5507 2.79892
4.56558 2.8504
4.52813 -0.767004
4.53266 -0.786346
4.56123 -0.912522
6.13514 -2.49215
6.08724 -2.52379
4.66219 -1.31692
4.6605 -1.30999
5.19735 -2.71081
5.23616 -2.74486
5.40577 -2.79963
8.03995 0.11708
8.03938 0.11293
4.80765 -1.84233
4.79126 -1.78744
4.56134 -0.912974
4.56213 -0.916334
4.33384 0.723162
4.33262 0.747178
5.68441 3.76675
5.6775 3.76739
4.5122 -0.695652
5.00538 -2.41508
4.99623 -2.39128
4.3639 0.212234
4.35423 0.321666
4.65056 3.09775
7.18209 2.83994
7.20982 2.80862
8.05574 0.863009
7.16522 -1.61828
4.7305 3.26936
4.70077 3.2114
5.5245 -2.78869
4.82212 -1.8937
4.81852 -1.88043
8.0715 0.618706
5.70541 -2.73045
5.7333 -2.71912
7.86675 -0.516182
7.86318 -0.525157
4.95884 3.56725
4.92361 3.53473
6.97003 3.057
7.02455 3.00517
4.82384 3.41843
8.0727 0.527045
5.0813 -2.5674
5.11215 -2.61343
4.33742 1.23116
4.33753 1.25232
4.40187 2.01958
4.75977 -1.67973
4.72375 -1.54783
8.05692 0.251021
8.04062 0.121861
4.34071 1.29465
4.34343 1.37589
4.33134 1.00192
4.33106 0.913666
4.33301 0.786663
4.33116 0.87503
4.35047 1.49696
4.34603 1.42212
4.46865 -0.488458
4.46667 -0.47836
4.34318 0.480989
4.34843 0.397777
5.48561 3.77681
5.6267 3.77308
4.39331 -0.0420452
4.37792 0.0781133
7.76865 -0.738156
7.73731 -0.801345
7.77262 1.91494
7.75772 1.9483
4.4975 2.57843
4.48834 2.53741
4.62619 3.0358
4.63339 3.05506
8.01613 1.13701
8.02095 1.11046
7.38863 2.58395
7.35978 2.62264
7.52166 -1.16595
7.49938 -1.19879
7.22363 -1.55218
5.43002 -2.79984
5.83016 -2.67209
5.61662 -2.76364
4.71019 -1.49889
8.01601 -0.0194789
7.99182 -0.126879
7.64294 -0.973187
7.84233 -0.574948
7.61954 -1.01271
7.5663 -1.09925
7.42125 -1.30828
6.08648 -2.5243
5.99952 -2.57811
4.66824 -1.34084
5.05019 3.6387
5.08619 3.66226
5.41693 3.77171
4.58846 -1.02348
4.60791 -1.10166
4.35855 1.61157
4.36402 1.67872
4.3385 0.57247
4.33528 0.658594
4.62441 3.03036
4.5841 2.9114
7.23136 -1.54319
7.31316 -1.44624
4.33258 1.08012
4.33489 1.16766
4.61595 -1.13372
5.1727 -2.69132
5.14492 -2.65889
4.33177 1.04066
4.35407 1.55042
4.4302 -0.278384
4.35238 0.344821
4.34052 0.528207
4.41638 -0.196538
4.36515 0.199239
7.67898 2.11089
7.84337 1.74469
7.85266 1.72026
7.66368 2.14063
4.534 2.73737
4.46838 2.43829
4.54837 2.79123
5.16629 3.70294
5.19984 3.71784
5.27459 3.74312
7.25869 2.75074
7.22651 2.78936
7.97932 1.30935
8.05393 0.881485
7.96276 1.37713
7.48529 2.44386
7.32965 -1.42569
7.41813 -1.31252
7.5045 2.41422
7.58432 2.28498
7.58718 2.2801
7.5867 2.28094
4.81693 3.40854
4.82008 3.4134
4.77396 3.34398
4.84016 -1.9521
4.90725 -2.15804
4.93391 -2.23085
4.9531 -2.28488
4.9881 -2.37085
7.90818 1.56305
7.91166 1.55243
7.9433 1.44842
7.96053 1.38555
5.68589 -2.73749
6.73355 3.26275
6.93733 3.08821
4.38489 1.88424
4.38177 1.85756
6.43072 3.47622
6.52692 3.41451
6.28116 -2.39276
6.37471 -2.3244
4.98789 3.59306
4.57678 -0.975568
4.37082 1.7507
4.33404 0.699971
4.57349 2.87556
4.33625 1.20926
6.17234 -2.46735
5.07043 -2.54677
5.05768 -2.52248
5.70238 3.76441
7.87012 -0.507962
5.40929 3.77098
5.04908 -2.50692
6.83578 3.17818
4.38883 1.91789
8.072 0.602702
6.18379 -2.45995
4.8862 -2.0914
4.37658 1.80656
4.37763 1.81733
6.95412 3.07219
6.74964 3.24949
7.88769 -0.462307
6.53179 3.41106
