5.93764 2.44767
5.97661 2.4508
6.18739 2.42289
6.18921 2.42226
7.2179 1.24324
7.23001 1.2055
5.1341 1.03002
5.1342 1.03155
7.29939 0.879059
7.30665 0.802648
5.37523 -0.549051
5.37982 -0.559464
5.46803 -0.737965
5.47644 -0.75153
5.19361 1.48771
5.21334 1.57911
5.40425 2.07409
5.39028 2.05063
5.51983 2.23141
5.57503 2.28843
7.19085 -0.114503
7.19689 -0.0983856
5.20629 0.00809287
5.19629 0.0591085
5.12747 0.716442
5.12759 0.709317
7.30617 0.379766
7.30434 0.362989
6.68661 2.12322
6.77085 2.03575
6.40279 2.33259
6.41552 2.32497
5.67481 2.36373
5.77099 2.41114
6.84193 -0.713023
6.86244 -0.689444
6.74964 -0.813289
6.70449 -0.855912
7.01476 -0.476363
6.99883 -0.502104
7.29911 0.881335
7.28283 0.977047
5.57674 -0.900295
5.55101 -0.867809
5.24753 1.70253
5.21972 1.60449
5.15663 1.26194
5.1634 1.30985
6.3017 -1.11845
6.32237 -1.10934
5.3166 1.89873
5.32881 1.92535
6.52728 -0.99913
6.50961 -1.01149
6.97935 1.7641
6.96906 1.77969
7.0859 1.57369
7.11617 1.51076
5.91779 -1.14748
5.95512 -1.15486
5.73254 -1.05641
5.72161 -1.04752
6.10819 -1.16384
6.06828 -1.16379
7.07907 -0.362741
7.10909 -0.303896
7.26269 0.121972
7.26395 0.127197
5.22285 -0.0715026
5.23847 -0.130852
5.13614 0.512008
5.1359 0.515461
5.16217 0.26661
5.16662 0.235463
6.64523 2.15885
6.6139 2.18645
7.31614 0.633624
7.31664 0.590616
7.24168 1.16321
7.25317 1.12072
7.27459 1.0252
7.27413 1.0278
6.52476 2.25541
6.5366 2.24659
7.2757 1.02001
7.2992 0.880731
5.29161 -0.322128
5.2903 -0.317866
5.25314 -0.189269
5.26119 -0.218643
5.22186 -0.0675157
5.12836 0.911672
5.12822 0.904758
6.56582 2.22381
6.5985 2.19956
6.84003 1.95701
6.80346 1.99957
6.51218 2.26454
6.42704 2.31762
5.12705 0.832072
5.12717 0.847144
6.68479 2.125
6.68397 2.12575
5.13351 1.01936
5.32465 -0.415871
5.33345 -0.440222
7.29924 0.880393
5.22126 -0.0650061
5.21861 -0.0535093
5.27555 -0.268933
5.27211 -0.256811
6.02035 2.44815
5.87305 2.44004
6.18264 2.42393
6.29453 2.38527
6.62783 -0.924686
6.61829 -0.932146
6.98558 -0.521905
6.93254 -0.597621
5.14293 1.14646
5.38442 -0.569308
5.34227 -0.464161
5.51968 -0.820622
5.46192 -0.727509
5.21766 1.597
5.18739 1.45479
6.20471 -1.14862
6.21045 -1.14684
5.35806 1.98794
5.42452 2.10495
5.59072 2.30161
5.48122 2.18705
7.0502 1.6429
7.04133 1.65951
5.82443 -1.1126
5.82016 -1.11023
7.15536 -0.203436
7.23127 0.00505982
5.19095 0.086869
5.20883 -0.00420212
5.12889 0.650309
5.12716 0.774479
5.13884 0.479562
5.14712 0.388155
7.28825 0.249185
7.31472 0.487132
5.7927 2.4182
6.08145 2.44431
5.67116 2.36166
6.78594 -0.775074
6.87721 -0.671336
6.5813 -0.959613
7.05882 -0.400487
7.13366 1.47205
7.1583 1.4127
5.1452 1.1682
5.31129 -0.379023
5.42355 -0.651347
5.63787 -0.972442
5.64092 -0.976032
5.64221 -0.97745
5.17334 1.37597
5.26686 1.76265
5.28099 1.80574
6.40023 -1.07463
6.18608 -1.15184
5.30324 1.86668
5.45799 2.15537
6.42839 -1.05884
6.99795 1.73401
6.91941 1.85152
7.03467 1.67128
6.01242 -1.16397
5.83816 -1.1177
7.14052 -0.236985
7.23329 0.0116243
7.28605 0.236515
5.18056 0.146968
5.12908 0.644129
5.1483 0.377292
5.12935 0.638242
7.31602 0.51837
6.60699 2.19227
6.68276 2.12685
7.31418 0.687445
7.20094 1.2979
7.18034 1.35538
7.25617 1.10969
7.23232 1.19707
7.26375 1.07326
5.26637 -0.237718
5.24744 -0.167679
6.85438 1.9396
6.86754 1.92273
7.31092 0.754204
5.12697 0.782013
5.12792 0.897613
6.30553 2.38032
6.90048 1.87805
7.2083 1.27515
6.31699 2.37463
6.36128 2.35398
7.16899 1.38695
7.3129 0.724
6.88886 1.89455
5.24392 -0.154148
