5.97286 2.5014
5.89075 2.49481
6.18383 2.47092
6.24247 2.45044
6.99867 -0.561816
7.02263 -0.525143
7.24967 1.24441
7.2534 1.2328
7.33452 0.824519
7.33226 0.848327
5.16329 1.5073
5.17929 1.58141
5.47842 2.25816
5.48615 2.26615
7.29522 0.131549
7.28874 0.103196
5.16898 0.033276
5.16388 0.0593099
5.09697 0.735274
5.0974 0.710031
5.13231 0.249646
5.13133 0.257251
6.78456 2.07315
6.75295 2.10596
5.85727 2.4904
5.76679 2.46579
6.39916 2.38157
6.43521 2.35999
6.73768 -0.876817
6.73181 -0.882358
6.91369 -0.678995
6.88694 -0.713163
7.15671 1.49848
7.17867 1.44567
5.10962 1.12591
5.11118 1.14879
7.3156 0.967564
7.31379 0.978188
5.27622 -0.384598
5.27054 -0.366491
5.36985 -0.629189
5.348 -0.57703
5.4335 -0.757036
5.40937 -0.709818
5.53643 -0.92255
5.54629 -0.936461
5.21502 1.72354
5.20836 1.70008
5.12557 1.28201
5.12653 1.2888
6.29584 -1.17001
6.35843 -1.14244
6.10342 -1.2167
6.12894 -1.21224
5.28317 1.92033
5.27399 1.89575
5.3683 2.09732
5.38417 2.12504
5.62824 2.39336
5.56998 2.34998
6.56382 -1.0214
6.49581 -1.06896
7.00097 1.78934
7.01568 1.76539
7.15576 1.50054
7.1081 1.59961
5.72835 -1.11725
5.67255 -1.07187
5.91393 -1.20359
5.87947 -1.19241
7.1219 -0.350131
7.13346 -0.327489
7.22759 -0.10369
7.22119 -0.121912
5.10747 0.495712
5.10476 0.534691
7.33327 0.352778
7.33544 0.372143
6.67783 2.17989
6.67483 2.18254
6.80887 2.04617
6.83247 2.0183
7.34711 0.602795
7.34723 0.591744
7.30375 1.02628
7.29986 1.04798
6.55874 2.27734
6.59472 2.25056
7.32781 0.881785
7.32551 0.901003
7.31302 0.982861
5.25521 -0.316596
5.20733 -0.145366
5.20389 -0.130637
5.09831 0.930225
5.09782 0.905477
7.28422 1.11693
7.28815 1.10167
6.89186 1.9451
6.90808 1.92409
7.33789 0.786305
7.34118 0.746189
6.50853 2.31381
6.46782 2.3392
5.18501 -0.0459624
5.18951 -0.0673148
5.09612 0.814497
5.09654 0.866057
5.10228 1.01333
5.29278 -0.433474
5.29471 -0.438819
5.24579 -0.285364
5.23734 -0.255552
6.04519 2.49701
5.86912 2.49306
6.09874 2.48962
6.29096 2.4334
7.04055 -0.495839
6.957 -0.6213
7.34591 0.499242
7.34672 0.531582
5.31051 -0.481701
5.33035 -0.532814
5.48237 -0.841228
5.4569 -0.800534
5.18718 1.61669
5.14925 1.43302
6.19886 -1.20012
6.25093 -1.18399
5.32339 2.01034
5.35186 2.06571
5.54768 2.32942
5.47564 2.25497
6.65038 -0.954179
6.61418 -0.984564
7.09245 1.62994
7.07169 1.6688
5.82045 -1.17048
5.76306 -1.13857
7.17519 -0.238647
7.18022 -0.227506
7.31422 0.223785
7.26535 0.0150894
5.15375 0.111978
5.17669 -0.00400235
5.09829 0.6692
5.09676 0.775198
5.1381 0.209583
5.11818 0.371711
5.73161 2.45068
6.07775 2.49417
5.66649 2.41855
6.86413 -0.740743
6.81114 -0.799473
6.71789 -0.894846
7.08257 -0.423477
7.15657 1.49879
7.19185 1.41394
5.38941 -0.670199
5.52138 -0.899994
5.59938 -0.998971
5.63782 -1.04122
5.14262 1.39582
5.21877 1.7352
5.24873 1.82658
5.12184 1.2514
6.39435 -1.12643
6.05229 -1.21825
5.29622 1.95219
5.42042 2.17965
6.46984 -1.0841
6.97293 1.83239
6.94171 1.87756
7.05612 1.69633
6.00867 -1.21839
5.96755 -1.21185
7.18071 -0.226359
7.25756 -0.0118726
7.18126 -0.224994
7.31796 0.245909
5.15064 0.129967
5.09905 0.64484
5.11562 0.397466
5.10012 0.621633
5.11689 0.383809
7.34554 0.488978
6.63885 2.21284
6.68171 2.17659
7.34587 0.494775
7.34397 0.688543
7.22392 1.32473
7.22084 1.33331
7.27973 1.13719
7.26864 1.17729
7.29383 1.07437
5.21755 -0.184665
5.224 -0.209124
6.7138 2.145
6.60463 2.24223
6.92145 1.9062
6.86774 1.97603
7.34279 0.722472
5.0961 0.801073
5.09675 0.8799
6.32641 2.41746
5.28549 -0.413381
6.93403 1.88832
5.1123 1.16576
7.24672 1.25422
6.3633 2.39914
6.38181 2.39051
7.19193 1.41373
5.19259 -0.081297
6.84493 2.00371
5.23127 -0.235365
