7.68862 -0.275947
7.71038 -0.208361
5.50832 3.31006
5.43223 3.28691
5.09272 3.04133
5.11386 3.06659
7.80035 0.194532
7.81187 0.286671
4.59639 1.10606
4.59618 1.10177
4.95616 -1.24142
4.9545 -1.23692
4.62271 1.51258
4.62676 1.55167
5.39008 -2.03114
5.39719 -2.03701
4.59945 0.59365
4.59982 0.584393
4.92826 2.7847
4.94718 2.82193
7.13719 -1.2509
7.13798 -1.24999
4.67006 -0.101322
4.65798 -0.0208159
7.51537 -0.683714
7.50538 -0.703134
6.28452 3.18505
6.37324 3.13897
4.75568 2.30185
4.74262 2.24873
5.74409 3.33393
5.71282 3.33448
6.68232 2.93203
6.72788 2.89616
6.87159 -1.53263
6.85064 -1.55276
7.39938 -0.887591
7.38355 -0.912899
7.46193 1.99111
7.44627 2.02034
7.63111 1.61742
7.61416 1.66156
7.72443 1.32662
7.73809 1.27487
7.75385 -0.0484032
7.77027 0.0245664
7.62528 -0.446321
7.6079 -0.488992
5.30861 3.22899
5.21332 3.1622
5.00714 -1.37856
5.02164 -1.41753
5.13158 -1.66683
5.09672 -1.59406
6.52098 3.0478
6.55762 3.0235
4.60158 1.23643
4.60503 1.29505
4.65659 1.79665
4.65816 1.80834
6.13769 -2.05553
6.1966 -2.02697
5.74636 -2.15945
5.78825 -2.15975
5.59188 -2.14346
5.59491 -2.14464
4.78437 -0.65749
4.77417 -0.616963
4.83757 -0.859219
4.82845 -0.825849
5.18226 -1.76094
5.19523 -1.78401
4.62749 0.21964
4.62503 0.242622
4.59392 0.720535
4.59252 0.784709
4.71042 2.10583
4.71527 2.12775
6.14817 3.24443
6.25403 3.1997
6.9171 2.72636
6.84827 2.79227
6.64109 2.96367
6.39679 -1.91079
6.33177 -1.95029
6.59468 -1.77114
6.59576 -1.77036
6.79796 -1.60142
6.73707 -1.65428
6.97575 -1.42924
6.91493 -1.49117
7.26857 -1.08126
7.29976 -1.03877
7.82565 0.51029
7.82398 0.447844
4.59237 0.913359
4.59237 0.913225
4.92428 -1.14489
4.93033 -1.16456
4.73726 -0.452314
4.75386 -0.529151
5.28011 -1.91289
5.27119 -1.90013
6.99818 -1.40614
7.00526 -1.39885
7.01888 2.62132
7.00125 2.64034
7.80091 0.952
7.80183 0.945033
4.69476 -0.244526
4.69424 -0.241639
7.82536 0.623839
7.8249 0.664891
7.72344 -0.164242
7.67108 -0.326692
6.05927 -2.08825
6.09197 -2.0764
5.60132 -2.1458
5.6912 -2.16075
7.04673 -1.35299
7.06855 -1.32905
6.39394 3.1265
6.26133 3.19668
7.7846 1.05447
7.76696 1.14893
7.38379 2.12985
7.35077 2.1844
7.30085 2.26213
7.31098 2.24679
7.21215 2.38665
7.24081 2.34778
7.67446 1.49361
7.68487 1.46214
7.64984 -0.383943
7.58835 -0.532655
7.57283 -0.567274
6.58814 3.00273
6.50093 3.06126
4.64356 1.70187
4.64092 1.68
4.61811 1.46635
4.61453 1.42335
5.98899 -2.11528
5.90873 -2.13889
5.9381 -2.13091
5.86335 -2.14736
5.88759 -2.14414
5.59674 -2.14517
5.53634 -2.12385
4.85579 -0.92516
4.96956 2.86042
4.99517 2.90599
5.95097 3.30569
5.98344 3.29743
6.03395 3.28374
6.08858 3.26477
6.1251 3.25258
6.25834 3.19795
6.44256 3.09784
5.62259 3.32984
5.66107 3.33313
6.79636 2.83752
6.29843 -1.97118
6.44062 -1.88088
6.90031 -1.50597
4.5932 0.976512
4.5926 0.931509
4.60098 1.22598
4.59856 1.16735
4.87182 -0.978082
4.89482 -1.05247
4.61566 0.342873
4.60795 0.448882
4.64177 0.0986194
4.63551 0.147254
4.59398 0.718496
4.59658 0.654341
4.79964 2.45413
4.80928 2.48549
4.77328 2.36718
4.7634 2.33239
7.11355 2.51296
7.1211 2.50414
6.93639 2.70704
6.9714 2.67118
7.22633 -1.13796
7.24726 -1.11119
7.81399 0.834965
7.81102 0.868289
4.59606 1.04035
4.63094 1.59596
4.63625 1.64354
4.62017 1.48751
4.81007 -0.758862
4.802 -0.727384
5.42593 -2.06075
5.42749 -2.06205
4.60457 0.52391
7.53548 1.84367
7.54554 1.82223
4.90479 2.73435
4.88658 2.69139
4.60845 1.3468
4.60936 1.3592
4.66679 1.86874
4.66731 1.87251
4.86606 -0.959194
5.15797 -1.71817
5.14382 -1.69279
4.60659 0.467704
4.61844 0.311927
4.5932 0.977207
5.86913 3.32105
5.84365 3.32436
4.71508 -0.348945
4.72252 -0.384458
5.04151 2.97356
5.02894 2.9572
5.3897 -2.03082
5.35654 -2.00035
5.22235 -1.82917
5.22888 -1.83847
4.69192 2.0125
4.68943 2.0004
4.86592 2.64456
4.85291 2.61111
6.49595 -1.84347
6.54373 -1.80796
4.64929 1.74417
6.24847 -1.99911
6.27954 -1.98139
4.59244 0.791757
4.59188 0.849439
5.40796 3.27785
5.58091 3.32465
5.12989 3.08353
5.08099 3.02607
7.8153 0.322708
7.79424 0.152479
5.04949 -1.48828
5.05746 -1.50668
4.67687 1.93282
4.67171 1.90158
7.45167 -0.801396
7.56048 -0.592988
4.73783 2.22828
4.75714 2.30798
6.82787 -1.57386
7.35009 -0.963792
7.43582 -0.828502
7.42346 2.06129
7.48962 1.93809
7.257 2.32506
7.2981 2.2662
7.64613 1.57741
7.59632 1.70617
7.74563 1.24349
7.71269 1.36971
7.81994 0.770945
7.81967 0.776991
7.77984 0.0715706
7.74319 -0.0913265
5.21049 3.15992
5.31232 3.23112
5.6095 3.32897
7.82239 0.418194
4.9876 -1.32746
5.06304 -1.51876
5.13788 -1.68047
4.67855 1.9418
4.75978 -0.555489
4.78914 -0.676263
5.21063 -1.81137
5.16451 -1.7297
4.72255 2.163
4.70205 2.06407
7.44707 -0.809498
5.91296 3.31354
6.69644 -1.6896
6.64275 -1.73255
6.5936 -1.77194
7.30933 -1.02478
7.82632 0.555186
7.57941 1.74597
7.58793 1.72611
5.25054 -1.8699
5.32652 -1.96775
4.77625 2.37711
4.79072 2.42635
7.06248 2.57261
7.80787 0.893223
7.80052 0.955222
4.67645 -0.138973
4.6963 -0.252877
7.1396 -1.24801
4.82435 2.53196
4.8309 2.55231
4.8413 2.58126
7.16084 2.45424
7.12799 2.49571
7.79155 1.01229
7.76096 1.17755
7.18017 2.42919
7.49911 1.9192
7.4 2.10244
7.34297 2.19686
7.70076 1.40999
7.65472 1.55227
4.59188 0.85028
7.81945 0.780579
4.63738 1.6532
4.62971 1.58476
5.46721 -2.08756
5.4246 -2.05959
5.81686 3.32823
5.77283 3.33209
5.50534 -2.11007
5.35239 -1.9965
4.63249 0.172779
5.01904 2.94342
5.66258 3.33317
6.23202 -2.00788
4.95368 -1.23471
4.61045 1.37346
7.1349 -1.25361
4.64954 0.040729
4.62322 0.263003
4.90751 -1.0935
6.48406 3.0725
5.51415 -2.11392
4.62949 1.58255
5.96591 -2.12202
4.95126 -1.22773
