6.08241 1.52371
6.04197 1.51032
6.31893 1.49841
6.34821 1.48212
6.59392 1.24316
6.5349 1.32143
6.47545 -0.112518
6.52841 -0.0594915
6.24742 -0.222153
6.30901 -0.206997
5.69496 0.578042
5.6894 0.687146
5.69816 0.864519
5.70437 0.921689
5.89179 -0.0330798
5.84883 0.02814
6.03995 -0.18025
6.03964 -0.180115
5.79512 0.144424
5.82407 0.0776623
6.74477 0.863278
6.72432 0.945787
5.73246 0.343017
5.71632 0.416507
6.62782 1.18847
6.65569 1.13507
6.76873 0.629148
6.76926 0.6175
6.73631 0.353471
6.75383 0.443128
6.65811 0.134503
6.67796 0.178616
5.82122 1.29327
5.79143 1.24007
6.20726 1.5312
6.44734 1.41517
6.4569 1.40823
6.60603 1.2265
6.69195 1.04952
6.70487 1.01438
5.84544 1.33962
5.77027 1.18774
5.77639 1.20255
6.19486 1.53388
6.45449 1.41027
6.75559 0.806914
6.75311 0.822851
6.02953 1.50547
6.0133 1.49722
5.93119 1.43975
5.94552 1.45146
5.72471 1.03102
5.74799 1.12116
5.69324 0.806671
5.6953 0.830323
5.69566 0.569768
5.69623 0.561041
6.17884 1.53266
6.76713 0.668851
6.763 0.732289
6.7603 0.774836
5.75177 1.1362
5.76071 1.16309
6.35711 -0.19027
6.4337 -0.144155
5.95633 -0.112285
5.9414 -0.0990352
5.75805 0.240006
5.7539 0.254295
6.70211 0.239102
6.72595 0.313831
6.60712 0.0366385
6.17017 -0.220769
5.83669 0.0516867
6.14301 -0.219436
6.60721 0.0367444
5.76422 0.220265
6.60728 0.0368626
6.60723 0.0367759
5.71105 0.4484
6.75946 0.47884
6.76629 0.567886
6.76868 0.636752
5.97909 1.47761
6.67131 1.10143
5.92097 1.42975
5.7029 0.500253
5.68951 0.696638
5.87471 1.37947
5.71302 0.970825
5.70162 0.508086
