4.70818 -1.60822
4.72035 -1.65225
4.90516 3.58288
4.92608 3.60328
8.07462 0.193874
8.07788 0.219053
4.3173 1.35818
4.31462 1.32371
4.30516 0.953662
4.30525 0.977196
4.30636 0.850195
4.30564 0.81051
4.32147 1.45125
4.32362 1.48615
5.74819 3.79692
5.85056 3.77271
4.32051 0.429654
4.31831 0.463417
5.54633 3.82136
5.52543 3.82156
4.3801 2.06077
4.38615 2.11375
4.36668 -0.0405002
4.35368 0.0641305
4.60378 3.07907
4.61127 3.10061
7.11329 2.95279
7.13231 2.93284
6.92301 -1.90159
6.85668 -1.96483
7.21775 -1.59672
7.19848 -1.61835
4.8377 -2.06972
4.80681 -1.96471
4.89883 -2.25619
4.912 -2.2966
5.30875 -2.87274
5.33603 -2.87847
5.23296 -2.8468
5.24868 -2.85395
4.98002 -2.48446
4.98163 -2.4881
5.05604 -2.64727
5.06209 -2.65712
5.18474 -2.81481
5.15741 -2.78708
5.57412 -2.84233
5.63004 -2.82039
5.79243 -2.74396
5.80773 -2.73656
8.0114 -0.150227
8.01196 -0.148194
7.94256 -0.38302
7.93816 -0.395466
8.08765 0.326337
8.08576 0.302664
8.05498 0.0589295
8.04749 0.016056
8.02773 -0.0788694
8.03904 -0.0289206
6.66079 3.3539
6.68622 3.33524
6.87107 3.18342
6.89074 3.16662
5.876 3.76597
5.9728 3.73422
4.37017 1.99425
4.36412 1.94565
4.3898 2.13688
4.40419 2.23197
7.74039 -0.848769
7.69689 -0.928784
7.85135 -0.616682
7.80915 -0.710915
6.19781 3.6406
6.18202 3.64753
6.43556 3.50859
6.45243 3.49816
7.08294 2.98418
7.1944 2.86535
7.19155 2.86862
7.58804 -1.10988
7.6059 -1.08216
6.75355 -2.05727
6.68892 -2.11302
7.11592 -1.7088
7.04779 -1.77882
8.08613 0.789748
8.0923 0.714443
6.35104 -2.38162
6.34371 -2.38725
6.6613 -2.13665
6.60062 -2.1863
6.03687 -2.60075
6.04353 -2.59661
5.03958 3.69081
5.00664 3.66923
4.87133 3.54883
4.83425 3.50548
8.09584 0.486564
8.09196 0.391741
4.57752 -1.09602
4.56607 -1.0498
4.33628 1.6635
4.33239 1.61445
4.31071 0.621404
4.31174 0.593826
4.55105 2.92316
4.56762 2.97633
7.31882 -1.47881
7.28985 -1.51365
5.98825 -2.63149
5.94402 -2.65856
4.51248 -0.81781
4.52938 -0.892466
4.30782 1.12927
4.30713 1.10419
7.14212 -1.68079
7.15195 -1.67013
6.2003 -2.49003
6.27593 -2.43708
4.61451 -1.24266
4.59823 -1.17838
5.63552 3.81555
5.71017 3.80341
5.8575 3.77116
4.42511 -0.397188
4.41038 -0.318351
4.46564 -0.606085
4.46494 -0.602762
4.41854 2.31534
4.42301 2.3497
4.38293 -0.154293
4.38599 -0.174797
7.75517 2.01015
7.72771 2.06736
7.84086 1.81494
7.81807 1.87007
4.49216 2.70003
4.48155 2.65585
4.43469 2.41442
4.44093 2.45275
5.11216 3.73275
5.16455 3.75628
5.18087 3.76306
5.2429 3.78443
8.01098 1.27836
8.02131 1.23142
8.05777 1.03174
8.06796 0.959735
7.4615 2.52447
7.45432 2.53478
7.33383 2.69816
7.32184 2.71322
7.41056 -1.36331
7.38061 -1.40259
6.8398 -1.97973
6.95272 -1.87381
7.64135 2.23253
7.65973 2.19926
7.56209 2.36976
7.56596 2.36341
4.71753 3.33029
4.74333 3.37634
4.66028 3.2169
4.66898 3.23742
4.87987 -2.20253
4.85064 -2.10837
7.90896 1.63383
7.89605 1.671
7.96248 1.46651
7.95568 1.49008
5.39429 -2.87922
5.71396 -2.7836
5.68681 -2.79675
5.66317 -2.80607
5.54437 -2.85073
6.47517 -2.2868
6.47963 -2.28331
7.97924 -0.265211
7.98062 -0.260699
7.94606 -0.37265
6.63463 3.37375
6.57314 3.41723
6.79882 3.24484
6.81979 3.22756
6.02301 3.71465
5.99332 3.72621
5.86128 3.7703
4.37054 1.99713
4.35581 1.87374
4.36265 1.9335
4.4111 2.2749
6.08499 3.69107
6.25385 3.61239
6.25485 3.61185
6.42074 3.51802
6.32359 3.57487
6.47595 3.48321
6.51312 3.45861
7.20436 2.85403
6.66414 -2.13418
6.75972 -2.0521
7.00322 -1.82286
8.09292 0.701422
8.08305 0.82907
6.66278 -2.13536
8.08965 0.350202
8.09659 0.521056
4.55098 -0.985106
4.56366 -1.03957
4.5299 2.85162
4.53549 2.87175
4.49622 -0.747416
4.50554 -0.787247
4.53424 -0.913418
6.13419 -2.53599
6.1166 -2.54761
4.63738 -1.33444
4.62813 -1.29659
4.67046 -1.46731
4.65768 -1.41465
5.07935 -2.6864
5.0924 -2.70918
4.99774 -2.52563
5.01358 -2.56396
8.06551 0.126666
8.06083 0.0928449
4.77556 -1.85463
4.76467 -1.81817
4.53793 -0.929493
4.549 -0.97649
4.30843 0.723192
4.30643 0.762422
4.48775 -0.709495
4.35507 1.86572
4.34913 1.80628
4.97839 -2.48104
4.95461 -2.4192
4.33653 0.229043
4.32958 0.307712
8.07884 0.865407
7.47464 -1.27747
7.4874 -1.25987
5.4987 -2.8618
4.79729 -1.93404
4.77955 -1.86864
8.09488 0.648159
5.41599 -2.87915
5.03545 -2.60714
5.01697 -2.5704
7.88428 -0.536837
7.86928 -0.574532
6.99972 3.06542
7.03375 3.03307
4.82663 3.49612
8.09616 0.603208
4.34368 1.75184
4.34291 1.74267
4.31187 1.23119
4.31206 1.26714
6.73761 3.29521
6.74547 3.28881
4.37096 2.00039
6.94142 3.12091
6.95198 3.11098
6.15769 -2.52033
4.73244 -1.69902
4.68774 -1.53293
8.08176 0.260341
8.07097 0.165639
4.31413 1.29469
4.31821 1.39056
4.30558 1.01691
4.30529 0.913696
4.30667 0.786694
4.30535 0.890049
4.32517 1.51168
4.31998 1.422
4.44488 -0.501919
4.43663 -0.459922
4.31641 0.497429
4.32255 0.398198
5.46152 3.82082
5.6338 3.81574
4.35026 0.0950999
4.36875 -0.0559482
7.79908 -0.732085
7.75462 -0.821738
7.79977 1.91238
7.77397 1.97016
4.45995 2.55507
4.45996 2.5551
4.63436 3.15966
4.58862 3.03853
5.28856 3.79607
5.3127 3.80216
8.03627 1.15693
8.04777 1.09361
7.39845 2.61369
7.39067 2.62412
7.53866 -1.18597
7.53335 -1.1938
7.16513 -1.65599
7.2446 -1.5663
4.68735 3.27313
4.70445 3.30827
5.44812 -2.87503
5.13534 -2.76642
5.10455 -2.72484
5.21046 -2.83118
5.76938 -2.75542
5.86039 -2.7065
4.68353 -1.5177
4.75247 -1.77138
5.93407 -2.66487
8.04283 -0.00941683
8.01247 -0.146208
7.67513 -0.966764
7.86026 -0.596072
7.63626 -1.03242
7.54929 -1.17008
7.51655 -1.21817
6.40718 -2.33959
6.28491 -2.43041
6.08552 -2.56868
6.0315 -2.60405
4.98985 3.65627
5.05682 3.70243
5.42087 3.8178
4.56394 -1.04078
4.57917 -1.10261
4.33101 1.59447
4.33742 1.6786
4.31332 0.557874
4.30953 0.659013
4.57607 3.00028
4.54801 2.91403
7.26928 -1.53762
7.33415 -1.46037
4.30635 1.06492
4.30903 1.16769
4.59133 -1.1511
4.30585 1.0407
4.32777 1.5503
4.40576 -0.292219
4.46741 -0.614867
4.32529 0.36146
4.31465 0.528628
4.38651 -0.178192
4.34074 0.185419
7.70726 2.10823
7.86004 1.76711
7.87879 1.7178
7.67958 2.16203
4.50494 2.75548
4.45998 2.55518
4.51434 2.79219
5.09536 3.72359
5.17601 3.76137
5.34365 3.80741
7.26823 2.77966
7.25371 2.79708
7.9881 1.37347
8.07519 0.902516
7.98217 1.39633
7.51433 2.44526
7.36632 -1.4203
7.43463 -1.33196
7.5205 2.43574
7.54518 2.39695
7.61397 2.28139
7.60226 2.30187
4.7516 3.38865
4.7858 3.44146
4.63614 3.16441
4.80185 -1.94878
4.88859 -2.22692
4.92355 -2.3329
4.93629 -2.36636
7.92678 1.58144
7.93706 1.55004
6.69013 3.33221
6.90252 3.15605
6.24994 3.6144
6.30975 3.58308
6.531 3.44709
6.28027 -2.4339
6.41604 -2.3326
6.54235 -2.23384
6.53419 -2.24057
4.95901 3.63255
4.34209 1.73287
4.30874 0.685309
4.52896 2.84785
4.30989 1.19397
5.01513 -2.56692
5.72756 -2.77636
5.05152 -2.64017
7.89845 -0.50231
6.31615 3.5793
4.63545 3.16258
5.38552 3.81439
4.94721 -2.40061
5.47249 -2.86979
5.93964 -2.66142
6.83987 3.21082
6.59774 -2.18879
4.84412 -2.08775
5.67222 -2.80281
6.47067 -2.2905
6.97137 3.09249
6.76757 3.27059
7.90692 -0.480306
6.5506 3.43319
