7.6642 -0.253083
7.67642 -0.215138
5.51182 3.25268
5.49495 3.24755
7.7732 0.219957
7.78004 0.274731
4.62969 1.12536
4.62765 1.08346
5.06541 -1.4148
5.05825 -1.39871
5.01069 -1.27533
4.98973 -1.21881
4.65812 1.53457
4.6599 1.55182
4.70038 1.85655
4.7031 1.87268
5.66664 -2.08628
5.60766 -2.07536
4.63071 0.611771
4.63263 0.564245
7.10827 -1.23328
7.12432 -1.21456
4.70493 -0.118298
4.68777 -0.00395101
6.67006 2.89489
6.75102 2.83113
6.84095 -1.51396
6.80385 -1.5496
7.37788 -0.862252
7.3424 -0.918948
7.44178 1.964
7.41245 2.01871
7.69327 1.32956
7.71398 1.25103
7.72828 -0.024466
7.73786 0.0181004
7.58984 -0.453391
7.58433 -0.466922
5.31261 3.16331
5.26488 3.12985
5.14495 -1.59117
5.13653 -1.5736
6.5037 3.01473
6.53343 2.99501
4.63573 1.25764
4.63794 1.2952
5.91684 -2.07699
5.97745 -2.06213
5.79835 -2.09518
5.77525 -2.09502
4.81527 -0.639999
4.79348 -0.553467
4.6257 0.738956
4.62471 0.784185
4.91383 2.644
4.90319 2.62118
6.20487 -1.97115
6.24502 -1.94971
4.74318 2.0854
4.75263 2.12813
7.47697 -0.691374
7.49 -0.666088
6.14252 3.19934
6.18992 3.17931
6.41674 3.06784
6.42345 3.06424
5.92383 3.26045
5.95863 3.25411
6.5968 2.9511
6.82995 2.76194
6.77813 2.80759
6.40269 -1.85886
6.39598 -1.86293
6.55891 -1.74933
6.60162 -1.71874
6.73856 -1.60667
6.70573 -1.63518
7.27837 -1.01356
7.30163 -0.980278
7.79546 0.498963
7.79458 0.466319
4.76701 -0.435471
4.78176 -0.503754
5.22324 -1.73265
5.22378 -1.73346
6.9684 -1.38799
7.02082 -1.33408
4.77201 2.2126
4.77945 2.24174
6.99771 2.59473
6.96496 2.63005
7.79497 0.680525
7.79457 0.689289
7.69842 -0.140813
7.63636 -0.333619
6.01653 -2.04902
6.10105 -2.01838
5.55348 -2.05346
5.58649 -2.06784
5.70171 -2.09359
7.03387 -1.31964
7.04074 -1.3121
6.25575 3.15215
6.34064 3.10956
7.36425 2.10355
7.35666 2.11609
7.28059 2.23487
7.31504 2.18269
7.19251 2.36022
7.20302 2.34596
7.64195 1.49667
7.66112 1.43866
7.73379 1.16346
7.72133 1.21959
7.62598 -0.361607
6.58295 2.96132
4.67468 1.68376
4.67424 1.68015
4.64951 1.44807
4.64746 1.4235
5.99826 -2.05605
5.80526 -2.09404
5.89733 -2.08183
5.51669 -2.03753
4.86271 -0.822066
4.85044 -0.776617
5.45471 -1.99793
5.40043 -1.95296
5.41759 -1.96898
6.04725 3.23209
6.09403 3.21648
6.22878 3.16361
6.35604 3.10203
6.7567 2.82626
6.8364 2.75631
6.40354 -1.85827
6.90646 -1.45178
4.62529 0.957833
4.6247 0.913321
4.63283 1.20744
4.63117 1.16731
4.91842 -1.00707
4.9273 -1.03578
4.94908 -1.10334
4.95756 -1.12778
5.25999 -1.78746
4.64626 0.360609
4.64133 0.428384
4.67148 0.115439
4.66682 0.151697
4.62692 0.698265
4.62872 0.653818
4.80473 2.33237
4.8143 2.36602
7.04803 2.53941
7.08661 2.49436
7.18064 -1.14467
7.22098 -1.0931
7.76745 0.973031
7.75917 1.03058
7.78276 0.854599
7.78249 0.857586
6.19608 -1.9749
6.15013 -1.99599
4.62756 1.04032
4.66549 1.6049
4.66776 1.6252
4.65336 1.48766
4.63583 0.523401
4.97925 2.78209
4.98721 2.79681
7.50018 1.847
7.52485 1.7944
5.76797 3.28009
5.81798 3.27745
6.88474 -1.47277
7.5841 1.65657
7.58087 1.66469
4.64013 1.32836
4.6424 1.35935
4.89839 -0.941343
4.87175 -0.853075
5.31059 -1.85617
5.34519 -1.89735
5.20212 -1.69548
5.19267 -1.67854
4.6372 0.485445
4.6525 0.291008
4.66415 0.175849
4.65916 0.221657
4.62556 0.995963
4.62434 0.868254
4.62424 0.83043
5.87222 3.27046
5.8207 3.27717
6.84482 2.74852
4.74511 -0.331945
4.76107 -0.408115
5.09324 2.95805
5.11847 2.99089
4.68373 1.74774
4.68319 1.74432
4.70599 -0.124726
4.73198 -0.264801
5.271 -1.80417
5.29236 -1.8346
4.7339 2.03857
4.7261 2.00077
5.66438 3.27887
5.69507 3.28004
6.50181 -1.79184
6.50878 -1.78666
4.67928 1.7177
5.4117 3.2165
5.54541 3.25943
5.17717 3.05386
5.15175 3.02701
7.78711 0.349092
7.7616 0.140235
5.04747 -1.37302
5.09653 -1.4866
4.70986 1.91362
4.69293 1.8085
4.78355 2.25672
4.79715 2.30684
6.79736 -1.55526
6.869 -1.48792
7.32915 -0.939109
7.41144 -0.807826
7.40361 2.03458
7.45615 1.93648
7.23705 2.29822
7.26066 2.2644
7.61326 1.5805
7.71511 1.24636
7.68877 1.34605
7.75373 0.0960166
7.71003 -0.0979424
5.21479 3.08951
5.36892 3.1956
5.61289 3.27331
5.06559 2.91955
5.03679 2.87988
7.79138 0.406562
5.02308 -1.30923
5.13088 -1.56095
5.18106 -1.65827
4.71993 1.96749
4.8697 -0.846204
4.78984 -0.538469
4.831 -0.701953
4.88122 2.56428
4.86708 2.52966
5.0244 2.86062
4.94285 2.71047
4.75558 2.14241
4.73899 2.06445
7.43699 -0.763963
7.53566 -0.574689
6.02973 3.23739
6.0182 3.24006
5.89049 3.26733
6.70228 -1.63817
6.60958 -1.71233
6.51606 -1.7814
7.26606 -1.03114
7.2262 -1.08637
7.42538 -0.783942
7.79656 0.573886
7.54492 1.74921
7.56469 1.70313
4.82709 2.40874
4.83192 2.42518
6.94348 2.65223
7.02743 2.56267
7.79528 0.666099
7.79011 0.769573
7.7754 0.91363
7.77181 0.94445
4.70558 -0.122477
4.70571 -0.123218
7.14467 2.42303
7.12562 2.44656
7.15729 -1.1743
7.73607 1.15293
7.75876 1.0329
7.47866 1.89168
7.36587 2.1008
7.32308 2.1701
7.16122 2.40184
7.66895 1.41298
7.6311 1.52891
7.78334 0.848745
6.47885 3.03091
6.47349 3.03412
4.84875 2.47759
6.89895 2.69642
4.66119 1.56644
4.67366 1.67573
5.81997 3.27727
5.74756 3.28014
6.28229 -1.92945
6.30447 -1.91792
5.36437 -1.91989
5.29874 -1.8422
5.223 -1.73229
4.65754 0.237061
5.64789 3.27756
5.71609 3.28088
4.97944 -1.191
4.64513 1.39499
7.06163 -1.28835
4.67527 0.087203
7.61843 1.56598
4.65529 0.262481
4.85183 2.48631
6.36785 3.09596
4.9322 -1.05161
5.3837 -1.93836
7.55269 -0.537569
7.53865 -0.568463
4.84093 -0.741396
5.43919 -1.98728
