6.3523 -0.766344
6.27036 -0.793186
7.08728 0.932943
7.08215 0.960725
5.4609 1.56467
5.42785 1.46865
5.54426 1.75164
5.57461 1.80224
6.69234 1.77432
6.70947 1.75421
5.51525 -0.25061
5.52651 -0.276451
5.43038 0.00328957
5.44736 -0.0540832
6.13607 -0.813325
6.19361 -0.807359
6.4066 2.00992
6.44394 1.9884
6.1686 2.10119
6.21265 2.0932
5.82333 2.05047
5.80152 2.03908
6.0036 2.10859
6.06779 2.11017
6.83924 -0.337571
6.83524 -0.343716
6.66101 -0.552807
6.69104 -0.523495
6.58358 -0.624279
6.5165 -0.673903
5.33784 0.904216
5.3371 0.886607
5.359 1.13493
5.36307 1.1622
7.09978 0.84904
7.10751 0.776747
5.39927 1.35483
5.42516 1.45927
5.65518 1.91197
5.61036 1.85792
6.8314 1.59137
6.8256 1.59987
6.93763 1.39765
6.9236 1.42728
5.76068 -0.647448
5.72023 -0.601718
5.94343 -0.774948
5.88439 -0.743483
6.92258 -0.19347
6.94655 -0.146525
7.02839 0.0530079
7.03142 0.0618176
5.58539 -0.402116
5.60444 -0.435029
5.39623 0.151966
5.41288 0.0739316
5.35712 0.377384
5.35693 0.378991
5.33735 0.626334
5.33631 0.652753
7.09051 0.297647
7.09096 0.30018
7.11619 0.568911
7.11574 0.549654
7.04513 1.11599
7.05752 1.06566
7.02409 1.18053
7.00545 1.23541
7.06645 1.03196
6.56104 1.90353
6.63464 1.83385
6.96704 1.33268
6.976 1.31249
7.03445 1.15064
6.55993 1.90442
6.50174 1.94912
6.55765 1.90625
6.66279 1.80534
6.37373 2.02941
6.33605 2.04774
6.24201 -0.801402
6.40764 -0.739501
6.31963 2.05564
6.2298 2.08746
5.95323 2.09855
5.90161 2.08548
6.70651 -0.506957
6.7655 -0.43589
5.34527 1.02152
5.34528 1.02166
5.42598 1.46241
5.48447 1.62438
5.59475 1.83502
5.52055 1.70772
6.7168 1.74514
6.84136 1.57546
6.88651 1.4983
5.85119 -0.723729
5.79368 -0.676882
6.98209 -0.0682861
6.99193 -0.0452047
5.50471 -0.225273
5.5575 -0.344149
5.45987 -0.0946324
5.41921 0.0474738
5.34488 0.500524
5.34351 0.517795
7.10858 0.428077
7.10841 0.426407
6.46705 -0.707668
6.08061 -0.808696
6.45746 1.97877
6.3909 2.01998
6.10732 2.11078
5.72743 1.98431
5.70375 1.9644
6.83142 -0.349001
6.89596 -0.242804
6.60806 -0.602851
5.33469 0.784274
5.34521 1.02072
5.377 1.24571
5.3892 1.3075
7.11218 0.721324
7.09668 0.873267
5.65799 -0.521892
5.63647 -0.487506
5.67212 -0.54289
5.50053 1.6639
6.77006 1.67715
6.90502 1.4636
6.95057 1.37012
6.00488 -0.795299
6.03716 -0.804441
7.06316 0.17091
5.47951 -0.153365
5.37979 0.233104
5.47218 -0.132304
5.37553 0.257755
5.33454 0.769574
5.35835 0.368548
5.33466 0.7549
7.10223 0.381139
7.08031 0.249362
7.0643 0.175326
7.11471 0.67044
7.07682 0.98728
6.98291 1.29604
