4.74808 -1.14838
4.7614 -1.19722
5.13003 -2.1787
5.10451 -2.13503
5.03914 -2.00436
5.03834 -2.00244
4.96211 3.27691
4.97994 3.29851
5.35935 3.54868
5.30582 3.53096
5.3101 -2.40066
5.29687 -2.3917
4.5804 -0.45558
4.57482 -0.428355
4.65907 -0.807698
4.66697 -0.839878
5.94618 3.53413
5.87734 3.55065
6.17407 3.45115
6.22591 3.42612
4.62975 2.5358
4.63556 2.55985
4.67751 2.70503
4.68493 2.72768
6.99496 2.86951
7.06274 2.79958
7.17884 2.66942
7.16436 2.68662
7.90312 1.17169
7.92582 1.04908
7.28193 2.54089
7.29232 2.52699
7.39688 -1.1532
7.42861 -1.10822
6.55653 -2.01817
6.62104 -1.9687
6.9147 -1.71064
6.92281 -1.70271
7.47628 2.25429
7.51339 2.19222
7.96562 0.59681
7.96627 0.576031
5.56481 -2.49546
5.54601 -2.4943
4.85357 -1.50561
4.85024 -1.49438
7.80221 -0.382285
7.79093 -0.413272
4.8685 3.14549
4.8477 3.1094
5.11319 3.42427
5.11074 3.42245
5.44697 3.56851
5.4987 3.57823
7.92523 0.0776263
7.92457 0.0737943
4.94041 -1.75881
4.91482 -1.68755
6.77472 3.07002
6.76667 3.07692
4.48233 1.67054
4.48325 1.67927
4.61913 -0.635113
4.95583 -1.80321
4.97822 -1.85859
4.5648 2.24555
4.54626 2.14342
4.51853 1.96651
4.52336 1.99869
7.6927 -0.648334
7.73612 -0.550534
7.56983 -0.882799
7.60485 -0.820338
5.77899 3.57145
5.76966 3.57265
6.39797 3.33633
6.49498 3.27632
6.90723 2.95408
6.93248 2.93017
7.49791 -1.00368
7.48765 -1.01973
6.74316 -1.8659
6.8169 -1.80212
7.0702 -1.55219
7.00842 -1.61779
6.31831 -2.18938
6.41179 -2.12668
6.28507 -2.21256
6.21787 -2.25335
5.7723 -2.46443
5.79917 -2.45745
4.50313 0.00120644
4.50086 0.0188464
4.72541 2.84586
4.72629 2.84828
7.68572 1.85143
7.67512 1.8753
7.9561 0.800051
7.96065 0.742947
4.79975 -1.32775
4.77767 -1.25268
7.83924 -0.272645
7.83228 -0.294532
5.16726 -2.24051
5.18411 -2.26466
6.14999 -2.29602
6.08846 -2.32962
5.26831 -2.36529
5.26792 -2.36486
4.44409 0.8728
4.44415 0.850033
4.44486 0.999348
4.4446 0.977032
4.45809 1.37173
4.45728 1.3585
4.4666 1.49195
4.46623 1.4868
4.56877 -0.396437
4.57281 -0.418037
4.46692 0.339729
4.46763 0.330686
4.45724 0.476194
4.45813 0.461142
6.04376 3.50338
5.83056 3.56224
6.06923 3.49398
6.28648 3.39739
7.93047 1.01676
7.94431 0.919526
7.2122 -1.39247
7.17838 -1.43287
7.30461 -1.27791
7.29052 -1.29644
6.65208 -1.94248
6.52165 -2.04603
6.9942 -1.63176
6.9132 -1.71214
7.55552 2.11704
7.53364 2.15655
7.39246 2.38539
7.41202 2.35601
7.82502 1.47944
7.82779 1.47005
7.76815 1.64707
7.79511 1.57117
7.87083 1.31285
7.85166 1.3872
7.77618 -0.452375
6.83496 3.01868
6.82639 3.02635
6.61665 3.19315
6.61443 3.19484
6.55885 3.23393
6.56056 3.23281
4.49187 1.76012
4.48845 1.72957
4.47707 1.61511
4.67063 -0.854458
4.56723 2.25981
4.53993 2.10531
5.61341 3.5844
5.68645 3.58068
6.06074 3.49752
6.36679 3.35324
6.50856 3.268
6.97589 2.88846
6.90301 2.95816
6.45661 -2.093
6.83106 -1.78869
6.71939 -1.88713
7.10243 -1.51845
6.301 -2.2015
4.80314 3.02772
4.81026 3.04162
6.0034 -2.37312
6.03806 -2.35651
5.91437 -2.41353
5.93721 -2.4046
4.70926 -1.00304
4.71758 -1.03445
4.48595 0.14085
4.48637 0.137011
4.51795 -0.10009
4.44694 0.700373
4.44625 0.721939
4.45198 0.573208
4.4511 0.591558
4.75988 2.92908
4.77456 2.96379
4.57884 2.31673
4.59091 2.37237
7.95072 0.857838
7.94531 0.911154
4.45029 1.21186
4.45095 1.23102
4.44645 1.08264
4.44691 1.10403
6.18784 -2.27322
5.39809 -2.45658
5.36163 -2.43721
7.86712 -0.177091
4.89898 3.19251
4.91196 3.21145
4.69483 -0.948398
4.70097 -0.971443
6.71546 3.1184
6.67382 3.15027
4.52995 -0.17529
4.53687 -0.21799
7.62933 1.9728
7.6041 2.02436
4.57802 2.31307
4.5744 2.29614
5.60731 -2.49483
5.63764 -2.49202
7.8722 -0.159196
7.88269 -0.118739
7.95886 0.351036
7.95752 0.331729
4.50958 1.89927
4.5057 1.87143
7.96066 0.742778
7.96067 0.742684
5.46996 -2.48112
5.43868 -2.47342
5.36002 -2.4363
5.35317 -2.43131
4.53287 2.06234
4.77338 -1.23844
4.74393 -1.13288
5.49957 -2.48866
5.07986 -2.08645
5.14185 -2.20038
5.01395 -1.9478
5.04336 -2.0133
5.01195 3.33352
4.94062 3.25047
5.40249 3.56093
5.21821 3.49173
5.86842 -2.4321
5.88676 -2.42584
7.94506 0.20906
7.94425 0.201988
4.45372 1.29452
4.454 1.31153
4.44421 0.936229
4.44412 0.913533
4.44499 0.786532
4.44401 0.809346
4.89319 -1.62401
4.88333 -1.59618
4.46208 1.432
4.46146 1.42265
4.46165 0.408228
4.46249 0.39592
5.59038 3.58546
5.59547 3.58544
4.52702 2.02595
7.63426 -0.764969
7.66136 -0.711853
4.61114 2.46086
4.64792 2.60605
4.69285 2.75257
4.66634 2.66854
7.1405 2.71391
7.20679 2.63618
7.90008 1.18644
7.92601 1.04788
7.22309 2.61607
7.34572 2.45391
7.44812 -1.07929
7.34856 -1.22096
7.25937 -1.33505
7.23513 -1.36546
7.51662 2.18664
7.46413 2.27419
7.79781 1.56314
7.8247 1.48049
7.96603 0.4959
7.96311 0.686834
5.52415 -2.49283
5.59199 -2.49503
4.82633 -1.41691
4.86301 -1.53594
7.90124 -0.0420758
7.89703 -0.0606328
5.02915 3.35069
5.20864 3.48678
5.57342 3.5844
5.66785 -2.48728
5.69863 -2.48324
7.93175 0.119876
7.94595 0.216712
4.94713 -1.77851
5.00272 -1.91918
4.51427 1.93506
7.68508 -0.664334
7.7436 -0.533204
7.54524 -0.92517
7.34482 -1.22614
7.50252 -0.996386
7.96578 0.471986
4.8135 -1.37334
5.95932 -2.39382
5.98765 -2.38146
4.44917 0.636624
4.44838 0.656753
4.72512 2.84499
4.74927 2.90484
4.44812 1.14711
4.44871 1.16753
4.54694 -0.2767
4.72372 -1.05765
5.20193 -2.28707
5.07029 -2.06898
5.23277 -2.32753
5.24071 -2.33758
5.26952 -2.36645
4.44516 1.04053
4.47121 1.55096
4.47262 0.270973
4.45392 0.526361
4.48405 0.158818
4.47356 0.260612
4.59482 2.38914
4.66274 2.65713
7.21683 2.6239
7.10463 2.75478
7.94476 0.915993
7.87616 1.29148
7.35701 2.4377
7.16313 -1.45017
7.59307 2.04562
7.5593 2.1101
7.43488 2.32053
7.84919 1.39603
7.76348 1.65984
6.7296 3.10699
4.49495 1.78836
4.48421 1.6896
6.04675 -2.35159
4.47224 1.56297
4.49903 0.0325966
4.44477 0.764162
4.79754 3.01497
4.70474 2.78678
7.72012 1.77019
7.73597 1.73124
7.65165 1.92632
4.80107 3.02308
7.12924 -1.48863
7.95366 0.830926
4.45237 1.27657
5.40823 -2.46112
5.60052 3.58519
5.00902 -1.93532
7.96559 0.466338
4.50058 1.83129
4.49753 1.8076
6.66866 3.15417
6.81771 3.03402
7.09737 2.76269
7.6959 1.82858
7.7583 1.67375
7.76192 -0.488867
6.6124 3.19636
5.71355 3.57923
7.89275 -0.0784585
6.58301 3.21713
