4.69171 -1.18817
4.70059 -1.22076
5.42436 -2.63704
5.4243 -2.63701
5.05497 -2.27318
5.06396 -2.29108
5.8507 -2.5537
5.93727 -2.51345
5.20572 -2.50917
5.20831 -2.51226
5.11292 -2.38098
5.13823 -2.41808
7.99463 0.163867
7.9958 0.172917
4.61261 -0.876783
4.63184 -0.955349
4.52043 -0.459143
4.56004 -0.652352
4.46653 2.06166
4.46675 2.06352
4.55671 2.54212
4.57076 2.60024
7.30394 2.6076
7.36167 2.53032
7.43535 -1.19853
7.44955 -1.17842
7.29758 -1.37992
7.32867 -1.34139
6.98533 -1.72465
7.02506 -1.68584
6.40983 -2.21697
6.41469 -2.21324
5.63907 -2.62675
5.64983 -2.62506
4.79212 -1.54897
4.76602 -1.46089
4.84637 -1.72652
4.83887 -1.70132
7.85512 -0.400465
7.84679 -0.424021
4.91586 3.3814
4.85689 3.30281
5.16445 3.58676
5.20175 3.60605
4.95884 3.42917
4.99056 3.45997
5.26955 3.63193
5.31002 3.64745
5.99906 -2.48087
6.03911 -2.45835
8.00966 0.297083
8.00861 0.283899
6.81574 3.1183
6.80424 3.12817
6.57924 3.30075
6.60218 3.28492
5.72746 3.67233
5.71638 3.6736
4.45125 1.94371
4.45009 1.9344
4.48926 2.19864
4.48604 2.18095
7.76007 -0.634893
7.75474 -0.646805
7.64372 -0.868056
7.64437 -0.866901
5.95686 3.61933
6.02144 3.59647
6.40758 3.41302
6.32715 3.45832
6.17889 3.53441
6.18421 3.53207
7.15147 2.79162
7.08418 2.86456
6.97501 2.97331
7.00475 2.94516
7.3865 -1.26587
7.40015 -1.24732
7.53571 -1.04822
7.50447 -1.09707
6.64373 -2.03548
6.63848 -2.04001
6.82179 -1.88151
6.83378 -1.87114
8.02098 0.520304
8.02111 0.583613
6.28304 -2.3062
6.28303 -2.3062
4.74089 -1.3693
4.76559 -1.45933
4.91628 -1.93681
4.92299 -1.95424
4.76837 3.15607
4.73921 3.09699
5.46014 3.6781
5.5062 3.68189
5.71992 -2.60398
5.73924 -2.59856
4.6534 -1.04247
4.65195 -1.03663
4.64472 2.85742
4.64138 2.84825
7.72316 1.90181
7.71492 1.92036
8.01426 0.763496
8.01432 0.762808
4.80615 3.22503
4.81754 3.24373
6.10963 -2.41649
6.17042 -2.37985
6.28301 -2.30622
6.19738 -2.36219
5.42442 -2.63705
5.33274 -2.60637
5.33876 -2.60946
5.26593 -2.56439
5.47306 -2.64294
5.46928 -2.64258
5.02682 -2.21214
5.00224 -2.15751
5.20919 -2.51298
5.15837 -2.44967
4.38527 0.907034
4.38542 0.850102
4.38623 1.03348
4.38557 0.977102
4.40071 1.40513
4.39783 1.35823
4.40913 1.52539
4.40631 1.48653
4.48894 -0.29405
4.50424 -0.375953
4.56216 -0.662422
4.40521 0.377633
4.40881 0.331643
4.3962 0.513682
4.39926 0.4621
4.4575 -0.0962817
4.46274 -0.13135
4.42349 0.175632
4.43089 0.107842
5.85415 3.64831
5.84173 3.65139
6.29633 3.476
6.18606 3.53113
4.54376 2.48229
4.52642 2.39946
4.61011 2.74704
4.60543 2.72994
7.20044 2.73488
7.22656 2.70427
7.99226 0.966948
7.98595 1.01128
7.94858 1.21666
7.93281 1.28704
6.73496 -1.95893
6.7145 -1.97621
7.06369 -1.64555
6.92989 -1.78042
7.51238 2.30287
7.47771 2.35917
7.59165 2.16566
7.57529 2.1952
7.42875 2.43422
7.44526 2.40942
7.88255 1.47403
7.89541 1.43047
7.8276 1.64148
7.83764 1.61323
6.4195 -2.20946
6.53677 -2.12112
6.34904 -2.25994
5.52274 -2.64431
5.55947 -2.64116
7.93351 -0.144443
7.94323 -0.106661
7.89415 -0.282188
7.90516 -0.246268
7.88412 -0.314664
7.81458 -0.507175
7.80958 -0.52004
4.91724 3.38328
6.90583 3.03878
6.86671 3.0738
6.77603 3.15162
6.75071 3.17208
6.6954 3.2155
6.6568 3.24471
6.51801 3.34344
4.44035 1.85628
4.44359 1.88376
4.45832 1.99803
4.47042 2.08685
4.5062 2.29785
5.838 3.65205
5.83084 3.65354
6.071 3.57937
6.45679 3.38186
6.43084 3.39838
6.18503 3.53166
7.04226 2.90729
6.92421 3.02243
6.54879 -2.11129
6.90522 -1.80341
6.73661 -1.95757
7.11932 -1.58755
8.01853 0.673516
8.01445 0.76024
6.54292 -2.11611
6.2831 -2.30616
4.7331 3.08505
4.79861 3.21104
8.01901 0.437802
8.02092 0.492671
4.42596 1.71919
4.42819 1.74315
4.41361 1.58001
4.41639 1.61483
4.38935 0.666992
4.38758 0.722894
4.39477 0.540046
4.39226 0.592516
7.77663 1.77588
7.75751 1.82278
7.68616 1.98155
7.66852 2.0183
4.70513 3.01903
4.68446 2.96783
7.20017 -1.49625
7.22375 -1.46915
4.59656 -0.809
4.38987 1.17684
4.39174 1.23109
4.3865 1.04789
4.38772 1.1041
5.66982 3.67906
5.63391 3.6824
4.5631 -0.666833
4.5655 -0.677584
4.70921 3.02976
4.7226 3.06155
7.16222 2.77973
7.16831 2.77285
7.1481 -1.55543
7.17817 -1.52157
7.13191 -1.57354
4.93892 -1.99889
4.94813 -2.02228
8.01934 0.65149
4.9182 3.38444
5.11564 3.55835
5.09662 3.54619
5.73682 3.67086
5.78461 3.66266
7.98046 0.0751144
7.97349 0.032448
4.46621 2.05954
8.00658 0.850777
8.01416 0.764768
4.71621 -1.2788
4.66852 -1.10166
4.81904 -1.63789
4.80182 -1.58016
4.96177 -2.06054
4.97398 -2.09016
5.03193 -2.22455
5.06772 -2.29751
5.07815 3.53251
5.01739 3.48452
5.81983 -2.5681
5.93902 -2.51248
8.00245 0.230589
7.99359 0.155797
4.39605 1.29459
4.39689 1.34477
4.38551 0.970395
4.38527 0.913602
4.38785 0.786599
4.3854 0.84346
4.40471 1.46539
4.40185 1.42237
4.40034 0.445882
4.40369 0.396877
5.53654 3.68379
5.61179 3.68348
4.4388 0.0407178
4.44561 -0.0124323
7.70529 -0.750797
7.70128 -0.758888
4.57839 2.62876
4.54744 2.50057
7.97249 1.09384
7.96275 1.14704
7.29462 2.61951
7.36805 2.52159
7.48628 -1.12426
7.42765 -1.20934
7.34278 -1.32279
7.27327 -1.4104
7.55253 2.23496
7.52782 2.27725
7.85631 1.55764
7.86761 1.52292
5.68029 -2.61628
5.6048 -2.63469
4.76569 -1.45971
4.86754 -1.79464
5.21312 3.61102
5.14787 3.57792
5.33434 3.65401
6.06271 -2.44512
5.98872 -2.48629
5.75865 -2.59067
8.01076 0.310199
7.95808 -0.0412103
7.97143 0.0220591
7.94835 -0.0861772
4.87473 -1.81572
4.87878 -1.82721
7.65111 -0.8542
7.80501 -0.530969
7.58405 -0.970899
7.38283 -1.27092
7.57517 -0.985706
8.02045 0.615815
6.08854 -2.42956
4.73302 -1.34002
5.40827 3.67046
5.69465 -2.61311
4.6397 -0.987312
4.66352 -1.08284
4.41943 1.64938
4.42198 1.67899
4.39179 0.603363
4.38966 0.657709
4.63242 2.82156
4.66212 2.90732
4.38795 1.11222
4.38954 1.1676
4.66738 -1.09742
5.51384 -2.64422
4.99158 -2.13098
5.09978 -2.35677
5.14945 -2.43598
4.38628 1.0406
4.41111 1.55068
4.48107 -0.249579
4.4107 0.309
4.3953 0.527315
4.47857 -0.234733
4.41798 0.229146
4.59647 2.69843
4.51438 2.33909
4.62258 2.78912
7.23852 2.68963
8.00338 0.879148
7.92091 1.33574
7.42421 2.44093
7.25049 -1.43733
7.62973 2.09495
7.62025 2.11303
7.4712 2.3694
7.90633 1.39065
7.80563 1.70153
5.59626 -2.63543
7.92821 -0.164903
6.72485 3.19332
4.43634 1.82355
4.44865 1.92383
4.63635 -0.973589
4.43289 1.78925
4.3873 0.730846
4.67371 2.93792
4.50959 2.31502
7.79671 1.72553
7.73178 1.88245
7.63997 2.0752
4.39207 1.24161
5.68399 3.67721
5.38679 3.66684
8.01818 0.417107
5.94289 -2.51046
6.71089 3.20388
6.82708 3.1088
4.89888 -1.88597
6.18574 -2.36995
6.34643 -2.26193
6.62177 3.27109
4.43474 1.80716
7.91799 -0.202065
