6.03535 -2.79194
6.07328 -2.7634
4.53195 -1.40885
4.57145 -1.58464
8.087 -0.260917
8.0926 -0.242594
8.19586 0.430718
8.19682 0.46286
4.20638 1.35831
4.20418 1.32994
4.19632 0.850324
4.19589 0.826757
6.85689 3.34669
6.84241 3.35867
4.32353 -0.454695
4.33635 -0.523843
4.24488 1.92209
4.23565 1.81918
4.82035 -2.70181
4.83105 -2.74572
4.80102 -2.60344
4.8064 -2.62813
4.22893 0.204084
4.22472 0.248347
7.86844 -0.823223
7.88168 -0.796383
5.47747 -3.18285
5.51179 -3.15968
6.43826 3.65782
6.42488 3.66592
7.8704 1.99931
7.88683 1.9626
4.33846 2.60439
4.32551 2.52469
5.26559 3.99587
5.28435 3.99917
4.76538 -2.42223
4.77052 -2.45359
7.15185 3.06964
7.19889 3.02029
8.14443 1.11745
8.13702 1.15869
4.97075 -3.30754
4.97473 -3.31826
5.31556 -3.28566
5.26239 -3.31792
7.47603 2.68292
7.50219 2.6478
7.66954 -1.17378
7.63261 -1.23016
7.66865 2.3912
7.6996 2.33654
8.02426 1.60343
8.00567 1.65947
5.0391 -3.3719
5.07637 -3.39012
4.86927 -2.9336
4.86075 -2.88743
4.89084 -3.02749
4.88376 -2.99214
4.66846 -2.00549
4.66623 -1.9947
5.64979 -3.06644
5.62957 -3.07976
4.9251 -3.15493
4.93245 -3.18879
5.15072 -3.3699
5.14002 -3.37645
5.98629 -2.82878
5.95479 -2.85118
6.65176 3.51041
6.62967 3.52626
6.17828 3.80351
6.21627 3.78484
6.03407 3.86847
6.05267 3.86109
5.7754 3.96042
5.74871 3.96613
4.2532 2.00243
4.25255 1.99592
4.4095 2.95359
4.403 2.92458
4.45274 3.11637
4.45165 3.11222
7.12231 3.10021
7.5561 -1.34081
7.59504 -1.28571
7.0531 -1.92741
7.07806 -1.90263
6.89185 -2.08472
6.8871 -2.08923
4.76532 3.72869
4.77983 3.74601
8.19653 0.649418
8.19655 0.648923
6.65793 -2.29195
6.67499 -2.27675
6.42854 -2.48318
6.40361 -2.50412
6.22776 -2.64395
6.23156 -2.64085
4.60945 -1.74535
4.62398 -1.80676
7.98312 -0.56577
7.97267 -0.592478
7.74034 -1.05873
7.7676 -1.01211
4.47411 3.18305
4.47105 3.17454
6.15203 -2.70181
6.09385 -2.74813
6.95851 3.25727
7.02832 3.19175
4.27636 2.19124
4.29248 2.3016
4.24579 1.93231
4.24666 1.94178
7.30763 2.89908
7.30904 2.89741
7.17197 -1.8029
7.23983 -1.7293
5.99273 -2.82353
4.50035 -1.27098
4.52089 -1.35802
4.57291 -1.59121
4.64471 -1.90481
4.64452 -1.90384
4.44372 -1.02694
4.44736 -1.04343
4.19619 1.01708
4.19593 0.977324
4.21388 1.51387
4.21233 1.48563
4.36414 -0.66355
4.3624 -0.655295
4.20672 0.499546
4.20877 0.4652
5.50139 4.0056
5.45289 4.0083
5.39237 4.00757
5.44372 4.00877
4.29478 2.31407
4.29667 2.32864
4.24624 0.033477
4.24961 0.00521441
4.28487 -0.241278
4.28349 -0.232828
5.47154 -3.18757
5.43692 -3.21024
7.95238 1.80445
7.97074 1.75663
7.77583 2.19535
7.79501 2.15791
4.35401 2.69647
4.36058 2.73126
4.89334 3.84678
4.89141 3.8455
5.04348 3.9318
5.01104 3.91745
5.14189 3.96892
5.14558 3.96983
4.78084 -2.49424
4.75454 -2.37521
8.09373 1.36021
8.07301 1.44128
4.95764 -3.28414
4.95262 -3.25755
7.62595 2.46224
7.57558 2.54061
6.97429 -2.00643
6.98312 -1.99812
7.45857 -1.47251
7.46449 -1.46501
4.54662 3.37421
4.53447 3.34753
4.70996 -2.17662
4.70233 -2.14312
4.74328 -2.32381
4.73438 -2.28121
5.79897 -2.96088
5.83937 -2.9337
5.76488 -2.9867
5.70323 -3.03098
4.64492 -1.90586
4.68774 -2.0846
8.09732 -0.225639
8.02698 -0.448397
8.01588 -0.478881
8.17755 0.196827
8.18149 0.233963
8.1553 0.0327737
8.15975 0.0622815
4.83786 3.80304
4.83528 3.80091
6.719 3.45861
6.73764 3.44435
6.93043 3.28218
6.94449 3.26983
5.8314 3.9438
5.8432 3.93973
5.99771 3.88393
5.9275 3.91008
5.66207 3.98562
4.27514 2.18295
6.28238 3.7495
6.27178 3.7555
6.51839 3.60484
6.49337 3.62221
4.41818 2.9872
7.24868 2.96586
7.12981 -1.84798
6.92194 -2.05638
6.80584 -2.1623
8.19122 0.738298
8.18949 0.762171
6.74826 -2.21279
6.72157 -2.23637
6.61391 -2.32901
6.51352 -2.41386
6.46716 -2.45236
6.39162 -2.5135
6.34007 -2.55503
4.6296 -1.83375
4.60095 -1.70865
4.47565 -1.16792
4.47605 -1.1696
4.21852 1.59038
4.22006 1.61393
4.20384 0.559453
4.20227 0.595608
7.37744 -1.57325
7.37778 -1.57285
4.40101 -0.831664
4.39222 -0.79101
4.42543 -0.944074
4.41969 -0.917222
4.19685 1.06495
4.19758 1.10432
5.91706 -2.87898
5.91398 -2.88141
4.57374 -1.59519
4.5773 -1.6108
8.05656 -0.360276
8.19027 0.337705
8.19417 0.394514
4.19843 0.723321
4.19719 0.747645
7.05944 3.16238
7.04357 3.17747
6.75464 3.43107
6.82721 3.37111
5.39992 -3.23514
5.39901 -3.23588
5.51587 -3.15659
5.5495 -3.13469
4.26721 2.12309
5.36046 -3.25907
5.39018 -3.24136
6.36063 3.70433
6.34298 3.71518
4.83393 3.79956
8.17878 0.875788
8.18058 0.860295
8.16432 0.990669
8.17729 0.891019
5.00653 -3.36163
4.99402 -3.34994
4.93712 -3.21834
4.46908 3.16905
4.45976 3.13924
4.71241 3.6646
4.72901 3.68772
5.6895 -3.03976
8.11995 -0.137857
4.86731 3.82637
6.54824 3.5847
6.60432 3.54428
5.62296 3.99229
4.25959 2.06318
7.32707 -1.63218
7.25497 -1.71305
8.15107 0.00837118
8.12814 -0.10499
4.20129 1.23132
4.20144 1.25811
4.23067 1.75755
4.22949 1.74151
4.43003 3.03252
4.43415 3.04977
4.74963 -2.35019
7.3425 2.85574
7.3736 2.81871
4.5985 3.48597
4.60155 3.4924
4.49267 3.23669
4.5013 3.26153
6.57277 -2.36371
6.55267 -2.38107
6.10738 3.83675
6.1569 3.81368
6.79619 -2.17108
4.20335 1.29482
4.20723 1.38847
4.19701 0.786823
4.19573 0.873795
4.34317 -0.559498
4.31004 -0.382234
5.55531 4.00111
5.53151 4.00386
4.84376 -2.81001
4.81575 -2.67478
4.79789 -2.59131
4.78705 -2.53161
4.2193 0.318545
4.23624 0.126256
4.27598 -0.184727
4.26531 -0.11451
7.92311 -0.707341
7.82596 -0.905793
5.32597 -3.28083
7.91292 1.90174
7.84185 2.0615
4.34204 2.6286
4.317 2.46611
4.43734 3.06292
5.30314 4.00092
5.21182 3.98641
8.15973 1.02323
8.1208 1.24053
5.22351 -3.33571
7.33281 -1.62568
4.57083 3.42957
4.56648 3.42121
5.61023 -3.09372
5.55501 -3.13055
4.84635 -2.81892
4.84977 -2.83405
4.87547 -2.95767
4.89627 -3.05944
4.90643 -3.09719
5.68402 -3.04317
4.91485 -3.12082
5.20049 -3.35047
5.10672 -3.38683
4.2592 2.05953
7.80732 -0.940391
7.93401 -0.682974
7.70636 -1.11501
7.60763 -1.26724
7.51515 -1.39842
4.63985 3.56093
4.6538 3.58193
4.83119 3.79673
8.19849 0.559284
8.19642 0.651294
6.27655 -2.60544
6.30305 -2.58365
6.2214 -2.64897
4.22321 1.65904
4.22579 1.69586
4.63067 3.54375
7.50649 -1.41018
6.08143 -2.75753
4.48916 -1.22321
4.49337 -1.2408
4.64406 -1.90173
4.47272 -1.15568
4.46147 -1.10652
4.45985 -1.09919
4.43345 -0.980328
4.196 0.953693
4.19638 1.04082
4.21078 1.45309
4.21592 1.54978
4.30432 -0.349646
4.36479 -0.666755
4.21084 0.431759
4.20506 0.530411
5.44722 4.00867
5.58881 3.9966
5.35999 4.00625
4.26366 -0.102735
7.82475 2.09717
7.92984 1.86103
7.98886 1.70745
7.74642 2.25197
4.31002 2.42013
4.3635 2.74489
4.94968 3.88428
4.96201 3.89115
5.07509 3.94568
5.13971 3.96815
8.10835 1.29788
8.06333 1.4766
4.98736 -3.33738
7.63292 2.45096
7.56475 2.55709
7.43845 2.73493
7.38159 2.8085
7.51449 2.63008
7.72746 2.28685
7.49843 -1.42087
7.42159 -1.51924
7.41845 -1.52309
7.38117 -1.56874
4.52383 3.3193
4.58638 3.46145
4.50489 3.27185
4.6923 -2.10465
4.71878 -2.2122
4.72678 -2.24995
8.04472 1.53991
5.90536 -2.8876
8.18425 0.261636
8.17432 0.167484
5.81087 3.95018
5.88712 3.92558
6.08408 3.84697
4.39406 2.88702
4.38395 2.84239
6.7852 -2.18097
6.6906 -2.26326
6.53073 -2.40003
6.45298 -2.46376
6.3297 -2.56312
4.20144 0.623109
4.38876 -0.775487
4.40586 -0.854119
4.41318 -0.887899
4.19834 1.12931
8.19845 0.532674
4.19992 1.20541
4.19864 0.698157
6.48645 3.62666
7.94474 -0.658427
6.22652 3.77937
4.23457 1.80511
8.12676 -0.111039
4.37881 -0.727893
5.90358 3.91929
7.45007 2.71938
8.03561 1.56913
5.85899 -2.91939
8.17007 0.132745
6.15974 3.81233
6.32747 3.72445
4.39647 2.8982
4.37475 2.79918
6.40234 3.67944
4.3782 2.8156
5.92047 -2.87648
