6.04625 -2.74148
6.01406 -2.76569
4.57503 -1.48108
4.55512 -1.39249
8.05382 -0.290908
8.06705 -0.247694
8.17336 0.422279
8.17357 0.429327
4.23145 1.35828
4.22816 1.31598
4.22119 0.850294
4.2205 0.812432
6.85312 3.3166
6.82583 3.33917
4.34594 -0.442005
4.3643 -0.540995
4.28615 2.05981
4.28771 2.07349
4.8748 -2.71638
4.86919 -2.69339
4.85105 -2.62681
4.84023 -2.57715
4.27249 0.0173531
4.27239 0.0181137
4.24971 0.241617
4.24783 0.261428
7.84002 -0.828892
7.86548 -0.777296
5.38727 -3.15946
5.38888 -3.1584
5.34988 -3.17625
5.34567 -3.17746
6.43442 3.62715
6.38913 3.65455
7.84503 2.00169
7.87166 1.94218
4.36246 2.57902
4.35105 2.50877
4.80387 -2.42556
4.80471 -2.43066
7.14314 3.04323
7.21908 2.96354
8.1253 1.09852
8.11162 1.17466
5.21164 -3.22062
5.24627 -3.21301
7.45776 2.66853
7.48737 2.62877
7.6542 2.37176
7.65976 2.36194
4.69219 3.56248
4.74367 3.63494
5.52999 -3.08194
5.57746 -3.05312
8.01445 1.56362
7.98834 1.64233
5.87551 -2.86193
5.85984 -2.87279
8.17627 0.5557
8.17316 0.663619
5.07534 -3.19005
5.10758 -3.20861
4.96404 -3.01209
4.95591 -2.98664
4.9042 -2.82745
4.91583 -2.86136
4.67981 -1.91466
4.69572 -1.98339
5.63675 -3.01835
5.62145 -3.02843
5.00801 -3.10361
5.00057 -3.08512
4.61645 -1.65175
4.60508 -1.60453
6.64798 3.48028
6.61234 3.50586
6.01107 3.84311
6.03815 3.83237
5.76938 3.92422
5.67826 3.94373
6.26275 3.72669
6.26786 3.72415
4.43647 2.93151
4.43441 2.92229
7.09543 3.09258
7.28295 2.89048
7.22918 2.95228
7.64249 -1.17404
7.64823 -1.16513
7.54091 -1.32291
7.56397 -1.29027
7.02453 -1.92174
7.07137 -1.87525
6.86125 -2.07865
6.88034 -2.0616
6.65867 -2.25784
6.65911 -2.25744
6.41124 -2.46214
6.4044 -2.46788
4.65448 -1.81282
4.6562 -1.82009
7.96633 -0.545986
7.94605 -0.597788
5.58658 3.95795
5.55449 3.9619
7.71041 -1.0647
7.75195 -0.993667
4.52191 3.2128
4.50721 3.17191
6.95471 3.22695
7.0006 3.18388
4.30642 2.2099
4.31753 2.28599
7.16523 -1.7753
7.21997 -1.71592
4.54125 -1.33198
4.55027 -1.37018
4.5983 -1.57786
4.22046 1.00296
4.22029 0.977296
4.23769 1.50001
4.23691 1.48575
5.88155 3.89207
5.87579 3.89364
4.38708 -0.650562
4.36861 -0.562753
4.23186 0.484105
4.23301 0.464806
5.49471 3.96546
5.46657 3.96703
5.38536 3.96546
5.39102 3.9656
4.32275 2.31436
4.32707 2.34752
4.31298 -0.25854
4.30663 -0.219729
5.43676 -3.13327
5.42431 -3.14038
5.37418 -3.16559
7.92787 1.80676
7.95517 1.73568
7.74945 2.19783
7.78014 2.13791
4.37072 2.62446
4.38768 2.71436
4.95278 3.82947
4.91421 3.80385
5.03349 3.87644
5.0559 3.88635
5.11554 3.91082
5.1645 3.92761
5.37334 3.96449
5.30693 3.95792
4.82175 -2.49778
4.78772 -2.35555
8.07563 1.34231
8.04601 1.45825
7.36476 2.7919
7.42198 2.71803
7.4932 2.62054
7.54907 2.53934
6.94438 -2.00049
6.97635 -1.97043
7.61348 2.43891
7.643 2.3905
4.59413 3.38868
4.58343 3.36517
4.65519 3.50323
4.63319 3.4665
4.54697 3.27836
4.56438 3.32304
4.71566 -2.06669
4.71865 -2.07688
4.76974 -2.28082
4.77071 -2.28436
4.72117 -2.0869
4.73655 -2.14609
5.74893 -2.94695
5.7569 -2.94203
8.07816 -0.207705
8.00884 -0.431417
7.98966 -0.484113
8.15707 0.215997
8.15805 0.225169
6.68766 3.44972
6.72071 3.42442
6.90166 3.27402
6.92822 3.25069
5.89115 3.88877
5.99225 3.85111
6.07083 3.81851
6.04727 3.82863
5.80931 3.9127
5.65594 3.94875
4.27078 1.92674
4.27144 1.93257
4.30015 2.16736
6.21188 3.75288
6.18412 3.76589
6.5005 3.58405
6.48954 3.59166
4.41429 2.83806
4.42312 2.87639
4.45025 2.98487
7.2235 2.95871
7.29884 2.87243
6.77546 -2.15627
6.78351 -2.1494
7.10235 -1.84253
4.67251 3.5342
8.16919 0.730035
8.16579 0.777068
6.59763 -2.30921
6.47938 -2.40709
6.46794 -2.41659
6.3553 -2.50629
6.34088 -2.51791
6.6683 -2.24947
6.71971 -2.2046
4.65686 -1.82329
4.63346 -1.7221
8.17576 0.523124
8.17636 0.550981
4.49856 -1.15175
4.50261 -1.16872
4.47232 -1.04063
4.47277 -1.04258
4.24414 1.60628
4.24465 1.61404
4.22758 0.573213
4.22662 0.595211
7.43799 -1.46129
7.44531 -1.4521
7.34217 -1.57843
7.35817 -1.55965
4.42292 -0.816202
4.41729 -0.790178
4.44744 -0.92854
4.44484 -0.916387
4.22151 1.07924
4.22197 1.10429
6.20703 -2.62096
6.13703 -2.67435
8.03101 -0.365373
4.86338 3.76331
4.83532 3.73704
8.16525 0.301617
8.17299 0.414341
4.22329 0.723292
4.22134 0.761642
7.05563 3.13195
7.02757 3.15863
6.75086 3.40088
6.79719 3.36259
4.28433 2.04776
4.2787 1.99619
4.25964 1.80646
4.25953 1.80536
6.32481 3.69294
6.32417 3.69334
8.1562 0.873442
8.16007 0.840013
8.14454 0.9711
8.15297 0.906306
4.49779 3.14555
4.48657 3.10968
5.67684 -2.99304
5.76263 -2.93849
8.10212 -0.114752
6.54444 3.5544
6.57143 3.53495
5.64586 3.95047
8.17635 0.552802
4.25943 1.80435
4.25694 1.7747
7.29115 -1.63746
7.24825 -1.68558
5.94336 -2.8152
5.92532 -2.82727
4.67394 -1.8936
4.65872 -1.83203
4.22628 1.23129
4.22651 1.27264
4.25432 1.7428
4.25425 1.74176
7.32397 2.84114
7.35256 2.8071
4.52926 3.23403
4.53409 3.24795
4.76316 3.65976
4.78894 3.6879
6.5406 -2.35732
6.53624 -2.36109
6.10207 3.80481
6.113 3.79972
4.22766 1.29479
4.23272 1.40324
4.22122 0.786794
4.22024 0.888002
4.36543 -0.546897
4.33801 -0.399401
4.87717 -2.72838
4.85713 -2.64702
4.82607 -2.52243
4.82332 -2.50727
4.27165 0.0248254
4.28838 -0.101448
4.24046 0.35677
4.25932 0.13932
7.89546 -0.712856
7.81008 -0.887087
5.31234 -3.19211
7.88799 1.90408
7.82684 2.04131
4.34762 2.48517
4.36829 2.61224
4.47094 3.05797
4.4675 3.04734
5.23425 3.94545
5.24573 3.94747
8.135 1.03878
8.10221 1.22214
5.2805 -3.20062
5.17841 -3.22226
5.12419 -3.21545
7.31319 -1.61247
4.62291 3.44543
4.59724 3.39603
5.59649 -3.04303
5.48073 -3.10865
4.89801 -2.8001
5.04608 -3.159
5.03856 -3.15287
5.0316 -3.14326
4.93954 -2.93806
4.98156 -3.05001
4.9339 -2.92253
4.93149 -2.91697
5.64248 -3.01445
8.13101 0.0236618
8.13155 0.0266396
8.13024 0.0197193
7.77825 -0.946191
7.91753 -0.663551
7.69098 -1.09689
7.63984 -1.17815
7.59212 -1.24897
7.49815 -1.38306
6.27737 -2.5677
6.28487 -2.56153
6.26179 -2.57996
4.48533 -1.09627
4.48755 -1.10566
4.2489 1.675
4.24934 1.68118
7.39105 -1.51972
7.4022 -1.50618
5.98488 -2.78652
5.96431 -2.80048
6.08234 -2.71545
4.512 -1.20709
4.523 -1.25307
4.46888 -1.02567
4.45871 -0.979489
4.22041 0.939485
4.22077 1.04079
4.23469 1.43917
4.24052 1.54989
4.32702 -0.336794
4.39395 -0.684655
4.23601 0.416296
4.2294 0.530015
5.44023 3.96664
5.53991 3.96285
5.38239 3.96534
4.29099 -0.11952
5.4613 -3.12099
5.39093 -3.15734
7.7989 2.0996
7.91449 1.84037
7.96473 1.70972
7.73165 2.23209
4.33535 2.40434
4.39894 2.76695
4.88884 3.78372
4.97251 3.8426
5.02613 3.87248
5.0976 3.90458
5.22533 3.94322
8.0822 1.31433
8.04575 1.45921
7.55565 2.5295
7.60677 2.44971
7.42959 2.70808
7.4832 -1.40312
7.48883 -1.39582
7.70255 2.28565
4.56917 3.3331
4.78717 -2.35317
4.75387 -2.21524
4.78725 -2.35345
8.02138 1.54211
5.90704 -2.84059
8.16362 0.280955
8.15075 0.158644
4.41019 2.8209
4.43143 2.91028
6.65952 -2.25709
6.53148 -2.3652
6.41794 -2.45681
6.29241 -2.55573
4.22536 0.636975
4.45261 2.9939
4.41058 -0.760083
4.43093 -0.853287
4.43508 -0.872441
4.22317 1.14371
6.12706 -2.68156
4.22416 1.1913
4.22362 0.683617
5.47049 -3.11512
6.45207 3.61573
7.93924 -0.613882
4.40368 -0.727067
4.75206 -2.20887
8.01829 1.552
5.83211 -2.89102
8.14989 0.151635
8.1369 0.0628773
8.1073 -0.092816
6.13767 3.788
4.27223 1.93907
6.32361 3.69367
4.8151 3.71714
6.10873 -2.69547
4.40516 2.79697
6.38372 3.6578
6.31751 3.69706
