7.71818 -0.303617
7.75149 -0.20016
6.18111 -2.0969
6.18739 -2.09349
5.03943 3.07477
5.05545 3.09391
5.04702 -1.61424
5.04876 -1.61871
4.58665 1.55149
4.58147 1.50145
5.1287 -1.78946
5.12554 -1.78287
4.64924 2.0145
4.64681 1.99996
4.62698 -0.0748596
4.62193 -0.0412252
7.56053 -0.674702
7.53062 -0.732876
6.37953 3.18915
6.31928 3.22045
7.56277 1.8703
7.57712 1.83976
4.70158 2.26818
4.69711 2.25002
6.69716 2.97699
6.69987 2.97485
7.32401 2.2933
7.28572 2.34994
7.71376 1.48991
7.71356 1.49052
7.76215 1.32308
7.76725 1.30372
7.7848 -0.0773713
7.80949 0.0323913
7.66816 -0.437764
7.65351 -0.473753
5.78347 -2.23611
5.81563 -2.23021
5.57975 3.39089
5.5041 3.37924
5.30399 3.30466
5.36036 3.33201
5.10849 3.15466
5.15489 3.19887
7.83302 0.163952
7.82809 0.135573
7.85897 0.423984
7.84977 0.30089
4.95384 -1.3745
4.97817 -1.43988
6.57789 3.06394
6.58691 3.05796
4.57522 1.42317
4.57466 1.41699
4.61213 1.76904
4.61737 1.80815
4.80083 -0.880019
4.77747 -0.794563
4.59083 0.204451
4.59144 0.198743
5.92555 3.36945
5.99151 3.35158
6.11891 3.31163
6.1549 3.29812
6.88651 2.81231
6.86247 2.83533
6.69469 2.97888
6.38966 -1.97363
6.37985 -1.97959
6.7909 -1.66361
6.77501 -1.67741
6.9965 -1.46475
6.94973 -1.51238
7.32088 -1.07357
7.32478 -1.06825
7.42478 -0.917508
7.43208 -0.905765
7.86219 0.523998
7.86082 0.472736
4.5551 0.913403
4.55466 0.891361
4.55926 1.12327
4.56074 1.1674
4.88453 -1.16532
4.89651 -1.20431
4.70126 -0.472697
4.70728 -0.500562
5.21132 -1.9309
5.24977 -1.98591
4.57044 0.446748
4.5781 0.336704
4.56137 0.608007
4.55927 0.654949
4.73903 2.41641
4.72629 2.36852
7.19095 -1.24413
7.16234 -1.27969
7.83898 0.928075
7.84513 0.881085
4.6599 -0.264264
4.65096 -0.21508
7.86214 0.54564
7.86106 0.642163
7.75373 -0.192595
7.7131 -0.318309
6.21138 -2.07995
6.08655 -2.14285
7.06229 -1.39336
7.1022 -1.34957
6.45258 3.14515
6.26771 3.24762
4.80491 2.62562
4.79791 2.60514
7.13744 2.54397
7.16106 2.51548
7.81502 1.08456
7.8078 1.12326
7.48624 2.02382
7.48705 2.0223
7.40744 2.16167
7.39246 2.18641
7.23592 2.41864
7.26444 2.37995
7.67871 -0.410975
6.59442 3.05285
6.53034 3.09588
4.6059 1.72379
4.60059 1.67981
4.58023 1.4884
4.58014 1.48733
5.58348 -2.22998
5.62303 -2.23537
5.53709 -2.21683
5.52339 -2.21162
4.81891 -0.945457
4.88277 2.81355
4.89994 2.85157
5.84725 3.38497
5.87415 3.37989
6.02312 3.34354
6.17077 3.2909
6.04084 3.33873
6.47295 3.13314
5.70899 3.39736
5.77492 3.39262
5.65562 3.39776
5.65712 3.39789
6.84435 2.85113
6.36745 -1.98736
6.4855 -1.90823
6.91794 -1.54455
7.03205 -1.42679
5.96687 -2.18976
5.93513 -2.20118
6.01376 -2.17225
6.06245 -2.15365
4.55602 0.998152
4.55586 0.976902
4.55868 1.1039
4.85485 -1.07052
4.85552 -1.07267
4.90446 -1.22904
4.90015 -1.21575
4.56859 0.47306
4.56956 0.459329
4.57875 0.328877
4.60582 0.0782643
4.60421 0.0907227
4.56221 0.58975
4.75886 2.48692
4.75353 2.46957
7.61441 1.75547
7.62012 1.74214
6.97941 2.71925
7.02188 2.67575
7.27225 -1.14064
7.25888 -1.15832
7.8518 0.811204
7.84876 0.845251
5.88461 -2.21581
5.85013 -2.22444
4.55793 1.0404
4.55802 1.08381
4.92342 -1.28604
4.94109 -1.33748
4.67927 -0.369221
4.67679 -0.35639
4.76535 -0.748344
4.77338 -0.779638
5.34912 -2.10023
5.35943 -2.10877
4.56674 0.524525
4.56297 0.572505
4.65993 2.07257
4.67041 2.12729
4.85919 2.76297
4.83272 2.70053
7.64595 1.67765
7.65375 1.65784
7.61284 -0.567145
7.60901 -0.575577
5.70063 -2.24106
5.75583 -2.23958
4.62206 1.84096
4.62645 1.87232
5.42173 -2.15897
5.41316 -2.15367
5.28856 -2.03529
5.26521 -2.00811
7.28012 -1.13005
6.27287 -2.04537
6.48885 -1.90596
6.58601 -1.83373
4.96627 2.96985
4.97523 2.98402
4.56949 1.34802
4.56704 1.30832
4.60864 1.74398
4.57937 0.321832
4.58476 0.263629
4.55447 0.827755
4.55467 0.807902
5.66918 -2.24164
5.40358 3.34966
5.49679 3.37743
5.07496 3.11799
5.01312 3.04051
7.84881 0.291336
7.83352 0.167217
5.05191 -1.6263
5.01283 -1.52962
5.12136 -1.77404
5.16686 -1.8577
4.63911 1.95608
4.65838 2.06362
7.49825 -0.792104
7.58614 -0.623216
7.53034 1.93773
7.60825 1.7698
4.68421 2.19491
4.71134 2.30928
4.82178 2.67221
4.81894 2.66421
7.09945 2.58951
7.10391 2.58437
6.86424 -1.59603
6.89312 -1.56927
7.37544 -0.993661
7.40809 -0.944003
7.44748 2.0936
7.48131 2.03285
7.28076 2.35703
7.34061 2.26825
7.68516 1.57374
7.71571 1.48363
7.78258 1.24001
7.74164 1.39834
7.85891 0.688087
7.85597 0.754172
7.81144 0.0419868
7.78332 -0.0833201
5.20555 3.24102
5.24854 3.27114
5.60553 3.39402
7.85944 0.432093
4.94519 -1.34926
4.99177 -1.47443
5.08859 -1.7058
4.72415 -0.575659
4.74075 -0.646566
5.4914 -2.19916
5.43284 -2.16536
5.19554 -1.90781
5.09841 -1.72617
4.63602 1.93631
4.68257 2.18791
4.67687 2.16029
7.47182 -0.838657
6.68937 -1.75184
6.68289 -1.75702
6.67699 -1.76177
7.35958 -1.0174
7.30785 -1.09186
7.86232 0.532555
5.98562 -2.18381
4.6862 -0.403366
5.2606 -2.00164
4.71971 2.34193
4.74194 2.42774
7.84627 0.869082
7.83412 0.967825
4.64123 -0.15891
4.82947 -0.98302
4.7606 2.4923
4.78844 2.57878
7.17518 2.49767
7.09125 2.59894
7.83103 0.987479
7.79034 1.20661
7.22632 2.43141
7.52325 1.95168
7.4413 2.10443
7.36626 2.2282
7.73926 1.40637
7.6829 1.58015
4.57098 1.36861
5.5533 -2.22119
5.91859 -2.20567
4.82507 -0.967321
4.5545 0.872034
4.56223 1.21325
4.56366 1.24771
4.55726 0.699282
4.55584 0.74192
7.1201 -1.32922
7.85358 0.793384
4.59432 1.62646
4.59215 1.60662
5.38412 -2.13027
5.33773 -2.09022
5.8131 3.3899
5.80145 3.39092
7.68034 1.58727
7.61687 -0.558488
5.00594 3.03027
4.63265 1.91329
5.30461 -2.05318
4.59152 0.197941
4.99248 3.00989
4.94622 2.93671
6.29118 -2.03497
5.31739 -2.06851
4.6184 -0.0155126
5.65119 3.39747
5.00266 3.02502
4.56633 1.29487
4.56541 1.27973
4.58004 1.48608
4.58506 0.260088
4.5551 0.785318
4.5554 0.763246
4.92061 2.89107
5.6603 3.39797
6.58879 -1.83173
4.55563 0.955428
4.56114 1.18567
4.87763 -1.14419
4.5582 0.675218
7.04343 2.65231
6.49033 3.12253
4.59869 1.6654
4.58707 1.55621
7.63595 -0.515252
