4.69866 -1.18326
4.70994 -1.22464
5.42239 -2.6155
5.40571 -2.61001
5.04777 -2.22769
5.07806 -2.28798
5.87595 -2.52814
5.84209 -2.54389
5.18064 -2.45089
5.21945 -2.49709
5.1226 -2.36779
5.16347 -2.42772
4.61921 -0.872125
4.64095 -0.960939
4.56728 -0.651113
4.52715 -0.455343
6.21536 3.50653
6.18297 3.52216
4.55882 2.51278
4.57876 2.59526
7.30123 2.59937
7.35311 2.52991
7.4306 -1.19294
7.45403 -1.15973
7.28741 -1.38141
7.32408 -1.33598
6.63379 -2.0335
6.6364 -2.03151
6.97661 -1.72292
7.02304 -1.67756
5.62643 -2.61237
5.64835 -2.60892
4.79971 -1.54362
4.776 -1.46364
4.85418 -1.72101
4.84965 -1.70579
7.84752 -0.40198
7.84149 -0.419054
4.86916 3.29924
4.91745 3.36359
5.1639 3.57132
5.20979 3.59506
4.96655 3.41863
5.00484 3.45582
5.22649 3.60143
5.30951 3.63326
6.00996 -2.46225
6.03898 -2.44593
8.00289 0.294541
8.0025 0.289623
6.81068 3.11234
6.79522 3.12561
6.56902 3.29785
6.59685 3.27865
5.72559 3.66113
5.68997 3.6652
4.56985 -0.663015
4.57373 -0.679802
4.45829 1.93932
4.45769 1.93448
4.49858 2.20443
4.49348 2.17632
7.75214 -0.636475
7.75001 -0.641236
7.6346 -0.869875
7.63949 -0.861154
5.95558 3.60911
6.00555 3.59142
6.40642 3.40375
6.31589 3.45474
7.15768 2.77419
7.08158 2.85667
6.96665 2.97094
7.00216 2.93731
7.53104 -1.04272
7.49545 -1.0984
6.81209 -1.87958
6.83169 -1.86262
8.01443 0.581105
8.01424 0.493423
6.40851 -2.20728
6.41007 -2.20624
6.28329 -2.29464
6.27499 -2.29968
4.74792 -1.36434
4.76545 -1.42823
4.92241 -1.92357
4.93334 -1.95196
4.77716 3.14887
4.75374 3.10142
5.46671 3.66611
5.50512 3.66927
5.70927 -2.59185
5.73789 -2.58382
4.65999 -1.03781
4.65963 -1.03638
4.65826 2.86585
4.65175 2.84795
7.71854 1.89559
7.70722 1.92109
8.00708 0.768008
8.00769 0.760324
4.81503 3.21775
4.8167 3.22049
6.10123 -2.40967
6.18117 -2.36149
6.21663 -2.3383
6.18966 -2.35593
5.43771 -2.61896
5.33048 -2.58178
5.35124 -2.59246
5.27758 -2.54854
5.48663 -2.62446
5.46745 -2.62263
5.03511 -2.20182
5.01401 -2.15493
5.23264 -2.50782
5.1686 -2.43575
4.39253 0.902808
4.39267 0.850093
4.39347 1.02926
4.39286 0.977093
4.40779 1.40101
4.40517 1.35826
4.41623 1.52127
4.4137 1.48656
4.49092 -0.264536
4.5127 -0.381148
4.41283 0.372954
4.41607 0.331525
4.40373 0.509055
4.40653 0.461982
4.46546 -0.101171
4.4694 -0.127575
4.43124 0.170872
4.4377 0.111698
5.87611 3.63152
5.84035 3.64038
6.17198 3.52666
6.29516 3.46663
4.55354 2.48838
4.53395 2.39477
4.61823 2.74197
4.61487 2.72967
7.19782 2.72695
7.219 2.70213
7.98634 0.961095
7.97853 1.01594
7.94303 1.21117
7.92491 1.29201
7.37687 -1.26729
7.37137 -1.27453
6.72473 -1.9569
6.57313 -2.08196
7.05532 -1.64389
6.92783 -1.77199
7.50804 2.29703
7.47 2.3588
7.58719 2.15966
7.56771 2.19484
7.42427 2.4282
7.45465 2.38257
7.87545 1.4747
7.89007 1.42519
7.82027 1.64217
7.83239 1.60804
6.46284 -2.16658
6.537 -2.11071
5.5334 -2.62547
5.55784 -2.62337
7.92786 -0.139152
7.93584 -0.108136
7.88676 -0.283662
7.89556 -0.254946
7.87874 -0.309626
7.80346 -0.51723
7.80176 -0.5216
4.92528 3.37326
6.89708 3.0363
6.86174 3.06795
6.77489 3.14251
6.74151 3.16948
6.68568 3.21274
6.65157 3.23856
6.51685 3.33422
4.44856 1.86138
4.45068 1.87934
4.46595 1.99811
4.51373 2.29316
4.47499 2.06499
5.82961 3.6423
5.80898 3.64659
6.06973 3.56927
6.44627 3.37851
6.42525 3.3919
7.03418 2.90499
6.9216 3.0145
6.53873 -2.10929
6.89607 -1.80159
6.73449 -1.94887
7.1173 -1.57928
8.01206 0.671091
8.00922 0.731667
6.53789 -2.10999
6.34331 -2.25297
4.74174 3.07798
4.81393 3.21571
8.01206 0.427779
8.01335 0.464595
4.4339 1.72412
4.43568 1.74319
4.42144 1.58487
4.42384 1.61487
4.39646 0.671112
4.39482 0.722776
4.40183 0.544139
4.39952 0.592398
7.77516 1.76176
7.75001 1.82349
7.68482 1.96872
7.66068 2.01904
4.71957 3.02801
4.69496 2.96707
7.18942 -1.49783
7.21784 -1.46518
4.60557 -0.81453
4.39733 1.18116
4.39905 1.23109
4.3939 1.05217
4.39503 1.10409
5.66794 3.66778
5.65095 3.66936
4.71994 3.02898
4.72114 3.03183
7.15966 2.77199
7.16079 2.77071
7.13723 -1.55703
7.17225 -1.51759
7.12602 -1.56957
4.94523 -1.98527
4.95887 -2.01991
8.01263 0.655707
5.11506 3.54225
5.10446 3.53548
5.94821 -2.49475
5.93818 -2.49961
5.75572 3.65641
5.78279 3.65176
7.98767 0.161183
7.96755 0.0380068
4.47446 2.06174
4.93084 3.37932
8.00013 0.848358
8.00596 0.782202
4.72319 -1.27387
4.67782 -1.10551
4.82673 -1.63247
4.81244 -1.58455
4.96831 -2.04641
4.98532 -2.08767
5.09584 -2.31838
5.04455 -2.22178
5.09416 3.52785
5.01675 3.46671
5.83097 -2.54908
5.93062 -2.50292
7.99537 0.227932
7.98769 0.161321
4.40317 1.29458
4.40394 1.34067
4.39275 0.966178
4.39254 0.913593
4.3949 0.786591
4.39263 0.83925
4.41179 1.46127
4.4092 1.42241
4.40791 0.441235
4.41095 0.396759
5.54318 3.67166
5.60978 3.67138
4.47402 2.05899
4.44663 0.0359074
4.45234 -0.00862383
7.69714 -0.752422
7.69665 -0.753428
4.58958 2.63573
4.55504 2.49583
7.96676 1.08817
7.9551 1.15185
7.28579 2.61908
7.3653 2.51323
7.48173 -1.1189
7.41789 -1.21077
7.33299 -1.32423
7.26864 -1.40494
7.54813 2.22903
7.52017 2.27688
7.84909 1.55832
7.86231 1.51768
5.66868 -2.60306
5.60324 -2.61774
4.77316 -1.45444
4.86697 -1.76217
5.21259 3.59628
5.15584 3.56702
5.35941 3.64671
6.07359 -2.42654
5.98859 -2.47346
5.74876 -2.5794
8.0033 0.299433
7.95063 -0.0440052
7.96157 0.00783446
7.94265 -0.0808487
4.88366 -1.81113
4.89307 -1.83782
4.46836 2.0169
7.69041 -0.76527
7.80021 -0.525313
7.57926 -0.965255
7.37824 -1.26552
7.5662 -0.987024
8.01341 0.630788
8.01421 0.490153
6.0888 -2.41737
4.74242 -1.34391
5.40715 3.65734
5.69324 -2.59765
4.64629 -0.982661
4.66248 -1.04775
4.4273 1.65426
4.42943 1.67903
4.39887 0.607469
4.39691 0.657591
4.63426 2.79589
4.67262 2.90702
4.39538 1.11653
4.39684 1.16759
4.67433 -1.09251
5.5121 -2.62526
5.00983 -2.14452
5.11482 -2.35346
5.16633 -2.43227
4.39355 1.04059
4.41853 1.55071
4.48762 -0.245875
4.41835 0.304307
4.40253 0.527198
4.48657 -0.239645
4.42484 0.23303
4.60455 2.6934
4.52404 2.3451
4.63213 2.78885
7.23584 2.68152
7.99615 0.883696
7.91553 1.33042
7.41591 2.44053
7.23994 -1.43888
7.6252 2.08886
7.61273 2.11267
7.46692 2.36364
7.89936 1.39131
7.80043 1.69638
5.58232 -2.61956
7.9208 -0.166381
6.72369 3.18411
4.44338 1.81916
4.45694 1.92898
4.64401 -0.973335
4.44087 1.79421
4.39439 0.734958
4.68759 2.94656
4.518 2.31478
7.78933 1.72622
7.73038 1.86899
7.63869 2.06286
4.39951 1.24593
5.67465 3.66691
5.39328 3.655
8.01187 0.423012
6.70568 3.19775
6.82592 3.09957
4.90879 -1.88379
6.18599 -2.35837
6.62061 3.26186
4.44222 1.80723
7.91242 -0.196853
