7.57731 0.0413155
7.59023 0.0956441
7.54878 1.25543
7.5402 1.28933
5.32909 -1.4098
5.36264 -1.45738
5.66309 -1.72106
5.66479 -1.72174
5.03646 -0.749065
5.02202 -0.702585
5.49779 -1.61266
5.47353 -1.5882
5.10267 -0.939715
5.13316 -1.0201
6.5951 2.70748
6.55888 2.7346
6.90746 2.42997
6.93269 2.40244
4.79478 0.781418
4.79286 0.835858
5.10293 2.49585
5.14646 2.57606
6.14585 -1.71849
6.1535 -1.71563
7.18155 -0.853415
7.15063 -0.899138
6.15124 2.94472
6.21296 2.92119
5.83809 3.00228
5.9409 2.99407
7.07672 2.22883
7.05182 2.26147
6.41079 2.82761
6.3608 2.85514
7.59178 0.103324
7.61062 0.213694
7.56433 -0.0172863
7.53385 -0.13106
7.48845 -0.264907
7.49349 -0.251633
7.39137 -0.492988
7.36425 -0.549501
7.40692 1.66473
7.40053 1.67913
7.4752 1.49176
7.46853 1.50997
5.53085 2.94055
5.5525 2.94938
5.33413 2.81059
5.34325 2.81861
5.28982 -1.34348
5.26123 -1.29438
4.81714 1.37029
4.82785 1.46944
4.85371 1.65603
4.86065 1.70068
5.83488 -1.76286
5.84996 -1.76526
4.97924 -0.558427
4.97694 -0.549861
5.17655 -1.12128
5.14369 -1.04718
4.90438 1.92424
4.91169 1.95365
4.8465 0.0864258
4.8338 0.179654
4.81125 0.390244
4.81116 0.391155
5.20348 2.66111
5.1537 2.5872
4.95182 2.10554
4.97212 2.17482
6.23759 -1.68296
6.30208 -1.65156
7.04236 -1.04006
7.00749 -1.08132
5.73347 2.99584
5.83446 3.00219
6.6331 -1.44153
6.71823 -1.37127
6.43438 -1.57976
6.52156 -1.52292
7.26466 -0.728843
7.26493 -0.728387
7.63333 0.438144
7.62762 0.353637
7.63679 0.621186
7.63725 0.565207
7.61903 0.892518
7.61684 0.911119
4.92675 -0.345504
4.93804 -0.393991
7.09629 -0.971969
7.11284 -0.950852
6.88334 -1.21616
6.84304 -1.25724
7.28766 1.90545
7.26968 1.93844
4.79405 0.966634
4.7942 0.986522
4.80617 0.453308
4.80581 0.457873
4.88344 -0.13771
4.87699 -0.10287
7.432 -0.40545
7.44681 -0.371436
7.53487 1.30873
7.51751 1.36668
7.59751 1.0371
7.59578 1.04746
6.73194 2.59887
6.79225 2.54421
7.17349 2.09398
7.15342 2.12375
7.62854 0.799833
7.6311 0.765677
7.53316 -0.133229
7.53238 -0.135683
7.41239 -0.450259
7.33905 -0.598067
7.3619 -0.554112
7.44226 1.57964
7.49863 1.42525
4.805 1.23124
4.79884 1.11082
5.65422 -1.71651
5.61187 -1.69465
4.79818 0.593079
4.79625 0.651092
4.79292 0.857342
6.67703 2.64415
6.70429 2.62213
7.57956 1.12782
7.58315 1.1124
7.60147 1.01338
7.61006 0.957142
4.90383 -0.244947
4.95104 -0.448127
7.3402 1.80679
7.3126 1.8603
7.43624 1.59461
4.79725 1.04012
4.79805 1.09595
4.80507 1.23236
5.70884 -1.73829
5.72319 -1.74271
4.79879 0.579116
4.80183 0.5207
4.79476 0.706869
4.79414 0.726078
5.01419 2.2962
5.02242 2.31801
7.05703 -1.02206
7.0701 -1.00608
7.23303 2.00046
7.20829 2.04039
6.1064 -1.73058
6.04307 -1.74816
6.41862 2.82346
6.46758 2.7941
4.81029 1.29599
4.80564 1.23993
4.96088 -0.487128
7.59097 0.0992853
7.56475 -0.0156826
5.43181 2.88677
5.43764 2.89042
5.30912 -1.37733
5.41656 -1.52775
4.81522 1.35162
4.8807 1.81418
4.87981 1.80936
4.90329 -0.242419
4.90351 -0.243465
5.06028 -0.82374
5.006 -0.64985
5.53786 -1.6443
5.42416 -1.53765
5.13754 -1.03164
5.0743 -0.862979
6.55304 2.73844
6.62991 2.68208
6.99631 2.33084
6.86412 2.47439
5.14941 2.58086
5.06227 2.41361
6.19925 -1.69739
6.13972 -1.72099
7.13945 -0.914074
7.20862 -0.814495
6.95606 -1.1405
6.97395 -1.12068
6.04902 2.97508
6.25738 2.90404
6.04113 2.97699
5.83674 3.00233
6.53322 -1.51527
6.62307 -1.44903
6.99995 2.32641
7.10357 2.19323
7.63639 0.530163
7.63437 0.458203
6.35713 2.85684
6.41474 2.82559
7.61273 0.228012
7.36937 1.74723
5.63103 2.97593
5.26373 2.73747
7.62676 0.344808
5.23247 -1.24132
5.4217 -1.53458
5.21706 -1.20953
4.83322 1.51179
4.843 1.58579
4.83842 1.55264
4.87872 1.80307
4.88736 1.84717
5.88772 -1.76487
5.75519 -1.75168
4.97576 -0.545403
5.06861 -0.847349
5.2064 -1.18617
4.93099 2.03188
4.85389 0.0367964
4.83036 0.207155
5.23856 2.70814
5.05984 2.40871
5.05731 2.40305
6.33656 -1.63532
6.9348 -1.16299
7.05239 -1.02793
6.3009 2.88451
6.04695 2.97571
5.6865 2.98826
6.04566 2.97606
6.7341 -1.35792
6.41248 -1.5922
6.80795 -1.2902
7.31075 -0.648876
7.26401 -0.729877
7.63608 0.674757
6.63721 2.67655
6.64512 2.67072
4.90201 -0.236204
6.47321 2.79077
7.08903 -0.981572
4.86493 -0.0322651
7.56051 1.21232
7.57729 1.13914
7.50671 1.4022
7.58804 1.08521
7.59855 1.03167
6.81936 2.51899
6.71672 2.61167
6.99824 2.32854
7.2005 2.05249
7.1466 2.13335
7.62487 0.838182
7.63482 0.711317
7.49728 -0.241127
7.45676 -0.347493
7.32957 -0.615806
4.81678 0.329372
4.81769 0.320066
7.62038 0.88169
7.35743 1.77251
7.30539 1.87385
7.26339 1.94944
5.94712 -1.76354
5.96325 -1.76121
4.82421 0.259732
4.98838 2.2252
5.99547 -1.75571
5.55529 -1.65804
5.57388 -1.67193
7.36417 1.75828
5.93532 -1.76437
7.56023 1.21342
4.82318 0.268039
4.81132 0.389232
4.80968 0.408779
5.60367 -1.68969
