6.20272 -0.459444
6.22862 -0.455661
5.63307 1.29901
5.60972 1.22391
5.85133 -0.291366
5.81464 -0.250184
5.59724 0.26618
5.60899 0.215258
5.5653 0.446105
5.56616 0.438335
6.90361 0.483729
6.90394 0.487312
6.8577 0.232611
6.85735 0.231419
6.42342 -0.388772
6.49282 -0.340749
6.00354 -0.415897
6.02736 -0.424976
5.9771 1.73442
6.03267 1.75431
5.7946 1.59716
5.83414 1.64158
6.67155 -0.157271
6.6596 -0.17366
5.54847 0.774164
5.54805 0.746267
5.64509 1.33514
5.68283 1.42255
5.73541 -0.125204
5.75064 -0.150902
6.78037 1.21697
6.80502 1.15854
6.75007 -0.0289136
6.7753 0.0192721
5.64527 0.0854983
5.65327 0.062919
6.52755 1.58281
6.5165 1.59263
6.22182 1.75322
6.20711 1.75797
6.86902 0.959992
6.86874 0.961308
6.41715 1.66903
6.40348 1.67906
6.59916 1.50526
6.57556 1.53342
6.49307 1.6109
6.89005 0.846491
6.88526 0.876947
6.67831 1.40341
6.65942 1.43024
6.38524 1.69005
6.29542 1.73073
6.90592 0.696871
6.89972 0.78444
5.57063 1.03792
5.56559 1.00738
5.555 0.554869
5.55379 0.568932
6.31026 -0.439008
6.17588 -0.457564
5.87211 1.6731
5.93199 1.71516
6.64429 -0.19173
6.58379 -0.259958
5.55335 0.893045
5.5603 0.962173
5.78859 -0.211103
5.9102 -0.353141
6.74622 1.28848
6.73789 1.30506
5.57672 0.361024
5.62298 0.16326
5.57434 0.375266
5.55954 0.503644
6.90527 0.512604
6.88669 0.361146
6.81981 0.121924
6.86102 0.246652
6.10076 -0.45023
6.37836 -0.411041
6.54393 -0.299463
5.92611 -0.364539
6.13548 1.76762
6.13583 1.76757
6.13506 1.76759
5.73962 1.52728
6.7238 -0.0761247
5.55239 0.879129
5.54912 0.651871
5.72425 -0.105261
5.73176 1.5145
5.72292 1.498
6.69467 1.37798
6.73126 1.31704
6.82362 1.11007
6.80945 0.0962324
5.69215 -0.0325404
5.6606 0.0435821
5.57497 0.371078
5.55063 0.617431
6.27553 1.73981
6.90888 0.609854
6.88533 0.353521
6.90935 0.626432
6.84059 1.05767
6.86794 0.964496
6.62817 1.47182
6.89892 0.790848
5.58437 1.11767
5.64162 1.32611
5.59628 1.16495
6.84979 1.02908
6.86974 0.956725
