5.87617 2.25667
5.78649 2.22218
6.79214 -0.587679
6.77628 -0.606027
6.54729 -0.816977
6.61136 -0.765739
7.11043 1.23928
7.10096 1.26864
5.23776 0.966013
5.2403 1.00331
6.92104 1.64928
6.90425 1.67641
5.9309 -0.956939
5.91646 -0.950807
6.12054 -0.984425
6.15008 -0.980599
5.23838 0.570099
5.2473 0.44668
6.19986 2.25445
6.26537 2.23208
6.4153 2.16359
6.45262 2.13995
6.31921 -0.942018
6.41534 -0.89868
5.98984 2.27631
5.9083 2.26362
6.9056 -0.436826
6.91595 -0.421859
5.25999 1.19607
5.24817 1.09661
7.1731 1.00679
7.17997 0.973255
5.49306 -0.49693
5.5094 -0.527698
5.59275 -0.669095
5.56726 -0.631717
5.35627 1.63227
5.37856 1.69517
5.2986 1.41988
5.29121 1.38281
5.53015 1.99275
5.5845 2.06341
5.43198 1.82418
5.4123 1.78232
5.66228 2.13937
5.59267 2.07354
6.78022 1.84641
6.78357 1.84229
7.01027 1.48538
6.97545 1.55392
5.7469 -0.847637
5.72219 -0.823989
7.14556 0.087497
7.11287 -0.0170421
7.05924 -0.153244
7.0266 -0.224031
5.39735 -0.265712
5.41327 -0.308554
5.34247 -0.0838184
5.33817 -0.0682385
5.30022 0.0974093
5.28815 0.158114
5.23289 0.781868
5.23342 0.837118
5.24862 0.434205
5.26181 0.323228
7.21106 0.474454
7.21438 0.578687
7.17586 0.212677
7.19658 0.331269
7.14742 1.11334
7.13677 1.15441
7.09122 1.29615
7.0703 1.35033
7.19255 0.901736
7.15907 1.0694
7.19613 0.876932
6.71155 1.92365
6.64611 1.99063
6.5322 2.08592
6.53853 2.08091
6.76902 1.85995
6.63832 1.99824
6.63337 2.00278
6.48522 2.11793
6.50412 2.10606
6.81229 1.80516
6.82453 1.78941
5.36456 -0.159904
5.37475 -0.194931
7.20402 0.805687
7.21024 0.739063
7.19752 0.867107
5.32196 -0.00778832
5.32129 -0.0049009
5.23294 0.762147
5.23334 0.706816
5.75463 2.20414
5.88726 2.26026
6.75102 -0.633128
6.84825 -0.516002
6.66664 -0.718637
6.51897 -0.835984
5.2467 1.08239
5.23743 0.960094
5.47941 -0.469492
5.45122 -0.403996
5.65064 -0.748307
5.63847 -0.731785
5.32398 1.5283
5.3256 1.53369
5.47752 1.91076
5.50065 1.9502
6.89484 1.69054
6.95947 1.58348
5.83814 -0.913376
5.96065 -0.964119
6.21716 -0.971863
6.07649 -0.982997
7.10774 -0.0313014
7.07234 -0.123056
5.32028 -0.000419919
5.23761 0.583177
5.24744 0.445155
7.1977 0.339342
7.20982 0.456255
6.06027 2.27594
6.09401 2.27467
6.11921 2.26998
6.30694 2.21761
6.43267 -0.890196
6.28009 -0.953845
5.68764 2.16077
6.69707 -0.689029
6.9277 -0.403258
6.97627 -0.320558
5.23357 0.846707
5.26593 1.23713
5.42813 -0.346893
5.44282 -0.383785
5.54116 -0.586407
5.65739 -0.756876
5.39254 1.73367
5.3209 1.5165
5.27733 1.30878
5.58979 2.07021
5.45292 1.86445
7.03996 1.42223
6.84374 1.76317
7.04975 1.40046
5.80802 -0.893008
6.0251 -0.97966
6.99875 -0.278716
7.1476 0.0945917
7.17392 0.20351
5.37948 -0.210203
5.32504 -0.0207027
5.35606 -0.131582
5.2803 0.203644
5.23288 0.771979
5.26425 0.3057
5.23357 0.697459
7.21443 0.619515
7.21256 0.6837
7.05757 1.38321
6.57224 2.05366
6.52497 2.09178
6.34525 2.19996
7.21098 0.727596
7.12209 1.20584
6.38414 2.17968
6.40006 2.17195
