4.71911 -1.16883
4.73743 -1.23602
5.41659 -2.55223
5.38777 -2.54273
5.01178 -2.06348
4.99088 -2.01288
5.04909 3.44293
5.1133 3.49341
4.6594 -0.943399
4.63861 -0.858437
4.57271 -0.570203
4.54687 -0.444175
6.17929 3.49278
6.28104 3.44365
4.58465 2.50773
4.60227 2.58061
4.64224 2.72701
4.64285 2.72888
7.29324 2.57517
7.32795 2.5287
7.41665 -1.17649
7.46722 -1.10482
7.25753 -1.3858
7.26994 -1.37043
6.60182 -2.02716
6.63004 -2.00552
6.95099 -1.71784
7.01709 -1.65325
4.822 -1.52789
4.80672 -1.47636
7.82579 -0.404358
7.82502 -0.40647
4.8373 3.18815
4.81408 3.14786
4.9052 3.28874
4.91523 3.30211
4.9892 3.38766
5.01479 3.4125
5.26661 3.57569
5.30801 3.59156
5.81424 -2.51219
5.75426 -2.53417
4.88493 -1.7243
4.87845 -1.70625
6.7958 3.09483
6.77153 3.11566
6.53899 3.28933
6.58119 3.26021
5.70203 3.63029
5.72012 3.62822
4.59024 -0.651469
4.61677 -0.766094
4.52598 2.22145
4.51532 2.16271
4.48774 1.9857
4.48964 1.99835
7.72773 -0.641344
7.74307 -0.606804
7.6078 -0.875223
7.62516 -0.844264
5.95181 3.57905
5.95883 3.57656
6.33634 3.41405
6.40301 3.37651
7.07393 2.8335
7.08231 2.82442
6.94206 2.96396
6.99455 2.91426
7.51733 -1.02657
7.46892 -1.1023
6.78357 -1.87392
6.82557 -1.83759
7.10673 -1.55944
7.08861 -1.57868
7.99478 0.573737
7.9947 0.534967
6.37119 -2.19987
6.41078 -2.17332
6.28403 -2.26068
6.25135 -2.28051
4.94042 -1.88465
4.96368 -1.94505
4.803 3.12772
4.79644 3.11442
5.48601 3.63086
5.50194 3.63217
4.69807 2.89062
4.68223 2.84709
7.70496 1.87732
7.68458 1.92322
7.98599 0.781267
7.98824 0.753025
4.76882 -1.34958
4.76377 -1.33241
5.44717 -2.55913
5.32386 -2.50954
5.34356 -2.51967
5.31179 -2.50196
5.03214 -2.10606
5.05046 -2.14691
5.12284 -2.28339
5.11969 -2.27882
6.10533 -2.37231
6.08899 -2.38123
5.30154 -2.49267
5.25202 -2.45276
5.2732 -2.46961
5.19866 -2.39483
5.17719 -2.36413
4.41386 0.890391
4.41397 0.850068
4.41473 1.01688
4.41427 0.977068
4.4286 1.3889
4.42673 1.35836
4.43707 1.50913
4.43544 1.48666
4.51889 -0.296425
4.53757 -0.396412
4.43521 0.359206
4.43741 0.331178
4.42587 0.495458
4.42788 0.461634
4.48886 -0.11554
4.489 -0.116482
4.45402 0.156882
4.45771 0.123029
5.94065 3.5822
5.8363 3.60805
6.12946 3.51314
6.29165 3.43862
4.56517 2.42452
4.55606 2.38099
7.19013 2.70364
7.1968 2.69583
7.96895 0.943894
7.95674 1.02964
7.92672 1.19503
7.90171 1.30659
7.34697 -1.27168
7.31037 -1.31983
6.69467 -1.95093
6.53089 -2.08381
7.03075 -1.63901
6.92177 -1.74723
7.49527 2.27985
7.48435 2.29758
7.57409 2.14202
7.54543 2.19377
7.41111 2.41049
7.44628 2.35766
7.85458 1.47666
7.87437 1.40966
7.7987 1.6442
7.81696 1.59279
5.58729 -2.5678
5.55301 -2.5707
5.6759 -2.55387
5.64397 -2.56111
7.91125 -0.123604
7.91412 -0.11247
7.86503 -0.287997
7.86735 -0.280449
7.86293 -0.294821
7.83422 -0.379749
7.82401 -0.409136
4.89329 3.27086
4.94788 3.34236
6.87138 3.02901
6.84711 3.05073
6.65712 3.20463
6.6362 3.22047
6.51346 3.30712
4.53587 2.27936
4.50186 2.08167
5.80495 3.61365
5.77813 3.61923
6.06601 3.53958
6.41536 3.36868
6.40885 3.37283
7.01041 2.89825
6.9139 2.99119
6.50491 -2.10258
6.86917 -1.79625
6.72824 -1.92332
7.11128 -1.55467
6.3258 -2.23167
4.76715 3.05718
6.03622 -2.41049
6.0386 -2.40935
4.68031 -1.02347
4.68352 -1.03558
4.45723 1.7386
4.45766 1.74329
4.44445 1.59916
4.44571 1.61497
4.41735 0.68322
4.4161 0.722429
4.42258 0.556168
4.42086 0.59205
4.72661 2.96515
4.71916 2.94753
7.74129 1.79282
7.72795 1.82557
7.68091 1.93102
7.63763 2.02121
7.15785 -1.50247
7.20048 -1.45349
4.63206 -0.830783
4.41924 1.19386
4.42052 1.23106
4.41565 1.06478
4.4165 1.10407
6.18676 -2.32326
4.84947 3.20693
4.66594 -0.968791
4.66695 -0.972573
6.7203 3.157
6.71415 3.16171
4.50541 -0.219609
4.50781 -0.234441
7.15488 -1.50589
7.13302 -1.53051
5.98033 -2.43989
5.93778 -2.46051
7.99015 0.396167
7.98397 0.306969
4.47323 1.87669
4.47244 1.87109
7.96135 0.123226
7.9501 0.0543427
4.49863 2.06198
4.97101 3.36762
7.98117 0.841247
7.98186 0.833436
4.74372 -1.25938
4.70518 -1.11684
4.84932 -1.61652
4.84364 -1.59747
4.98742 -2.00512
5.01964 -2.08012
5.11503 -2.27091
5.08353 -2.21321
5.14388 3.51337
5.36938 3.6081
5.40455 3.61809
5.90569 -2.47454
5.8631 -2.4942
7.97455 0.220123
7.96971 0.178149
4.42409 1.29456
4.42465 1.32861
4.41405 0.953786
4.41388 0.913568
4.41563 0.786566
4.41389 0.826876
4.4326 1.44915
4.43083 1.42251
4.43014 0.427577
4.43227 0.396412
5.56271 3.63599
5.60386 3.63582
4.49595 2.04531
4.46965 0.0217707
4.47211 0.00256845
7.67118 -0.757602
7.68207 -0.736258
4.57812 2.48145
4.62248 2.6562
4.65742 2.77465
4.63979 2.71902
7.15175 2.74801
7.17745 2.71863
7.94991 1.07152
7.93263 1.16598
7.25985 2.61783
7.3572 2.48868
7.46836 -1.10314
7.3892 -1.21499
7.3033 -1.32859
7.25504 -1.38892
7.5352 2.21164
7.49771 2.2758
7.82787 1.56031
7.84675 1.50229
7.99332 0.644906
7.99267 0.668251
5.63276 -2.56216
5.59865 -2.5676
4.79517 -1.43891
4.86532 -1.66768
5.21097 3.55128
5.17934 3.53489
5.43808 3.6238
6.02342 -2.41727
5.9882 -2.43574
5.7173 -2.54359
7.9798 0.26554
7.92873 -0.0522187
7.93259 -0.0339686
7.92593 -0.0651893
4.90993 -1.79763
4.93506 -1.86898
4.48083 1.93472
7.6916 -0.717162
7.77782 -0.526378
7.56518 -0.948668
7.36441 -1.24923
7.53985 -0.990898
7.99417 0.482635
4.77063 -1.35559
5.68904 -2.55183
4.45043 1.66863
4.45133 1.67913
4.41969 0.619533
4.41821 0.657244
4.67001 2.81069
4.70349 2.90614
4.4172 1.12918
4.41831 1.16756
4.51131 -0.254834
4.69477 -1.07809
5.47636 -2.56635
5.50698 -2.56947
5.07334 -2.19165
5.16125 -2.34325
5.22126 -2.42019
4.4149 1.04057
4.44033 1.55081
4.4408 0.290513
4.4238 0.526852
4.48985 -0.122022
4.445 0.244443
4.62829 2.6786
4.55242 2.36276
7.22798 2.65768
7.13761 2.76413
7.97488 0.89706
7.89971 1.31477
7.39154 2.43936
7.20893 -1.44344
7.6119 2.07097
7.59062 2.11161
7.4538 2.34598
7.87887 1.39324
7.78514 1.68126
5.5386 -2.56978
7.89904 -0.170723
6.76858 3.11805
4.46276 1.79334
4.46417 1.80628
6.07791 -2.38707
4.41524 0.747043
4.73015 2.97304
4.66206 2.78799
4.54272 2.31407
7.72627 1.82944
7.76755 1.72827
7.63492 2.0266
4.75347 3.02654
4.42138 1.2586
5.64463 3.63382
4.96376 -1.94527
7.99276 0.440904
4.46452 1.80889
4.46433 1.80745
5.74094 3.62495
7.99235 0.675544
5.2377 -2.43801
6.69036 3.17972
6.82253 3.07245
4.93794 -1.87738
5.37059 -2.53484
7.77011 1.72167
7.78456 -0.510061
6.61722 3.23476
7.89606 -0.181536
