5.34683 -2.2315
5.30896 -2.19837
6.11787 -2.20494
6.18814 -2.16668
5.66421 -2.34136
5.69639 -2.34112
4.95923 -1.55964
4.99334 -1.6472
4.72997 -0.804209
4.68914 -0.63779
5.06416 -1.81442
5.08925 -1.86681
4.60297 2.04334
4.59564 1.99944
7.61623 -0.66359
7.56175 -0.769553
7.85149 1.12063
7.85669 1.09253
7.43602 2.20012
7.44277 2.18883
7.35232 2.33139
7.33808 2.35246
7.75883 1.48567
7.74676 1.52335
7.90201 0.697584
7.90463 0.614776
7.75274 -0.335975
7.7194 -0.427543
7.80913 -0.154049
7.82075 -0.111028
5.07944 3.23801
5.105 3.26317
5.26671 3.37957
5.30102 3.39764
5.78442 -2.32865
5.78969 -2.32768
5.58183 -2.33812
5.61073 -2.34149
4.91213 3.01857
4.91432 3.02224
7.87034 0.129012
7.85631 0.0481879
7.89904 0.386473
7.89388 0.317437
4.95698 -1.55386
4.92647 -1.46645
4.54727 1.63274
4.5522 1.67959
4.52875 1.42296
4.5262 1.39468
4.75552 -0.90567
4.75494 -0.903555
5.10981 -1.91019
5.14161 -1.96673
5.96341 3.43049
5.93419 3.4384
6.16279 3.36112
6.098 3.38545
6.38722 3.25051
6.39625 3.24492
5.69253 3.47366
5.6634 3.47425
6.8513 2.91127
6.87925 2.88618
7.45453 -0.952562
7.48883 -0.897423
6.45294 -1.99761
6.40071 -2.0352
6.6491 -1.85088
6.60146 -1.88861
6.86652 -1.66118
6.7978 -1.72401
6.99355 -1.53698
6.98967 -1.54109
6.01995 -2.25019
6.03691 -2.24335
4.50914 0.913457
4.50884 0.898611
4.51386 1.14969
4.51446 1.16745
4.52661 0.421341
4.53047 0.365959
4.57549 -0.0432359
4.56299 0.054018
4.51435 0.636891
4.5135 0.655693
4.67038 2.37369
4.66943 2.37014
7.88592 0.898571
7.88619 0.896488
4.6169 -0.288607
4.59842 -0.186887
4.81171 -1.10348
4.796 -1.04861
7.78863 -0.225269
7.76215 -0.308523
6.24423 -2.13503
6.08734 -2.21977
7.08147 -1.44313
7.09677 -1.42635
5.81794 3.4615
5.90949 3.44319
6.3438 3.27404
6.27553 3.31002
4.7332 2.60017
4.70786 2.51479
4.75211 2.65853
4.74205 2.62913
4.7901 2.7605
4.79905 2.7841
7.1547 2.59628
7.15801 2.59229
7.07772 2.6843
7.09375 2.66659
7.2572 2.46594
7.21317 2.52318
6.55494 -1.9232
6.50164 -1.96417
6.91367 -1.61578
6.89433 -1.63499
7.51442 2.06174
7.53427 2.02457
7.80704 1.31885
7.80206 1.33815
7.7134 -0.443447
6.75258 2.9953
6.72839 3.0155
6.50895 3.17519
6.52241 3.16641
4.54563 1.61543
4.53611 1.51408
4.53383 1.48711
4.52561 1.38653
4.52195 1.33456
4.75581 -0.906734
4.86472 2.93076
4.86668 2.93463
4.62414 2.1576
4.63556 2.21722
5.73423 3.47136
5.92595 3.44008
6.04905 3.40424
6.25697 3.31831
6.49787 3.18269
5.70434 3.47351
5.64536 3.47433
5.65246 3.47439
6.89945 2.86677
7.0098 -1.51996
7.07344 -1.45202
6.34452 -2.07075
6.74304 -1.77122
6.70021 -1.80866
6.28732 -2.10866
5.20637 -2.0703
5.23145 -2.10711
5.28245 -2.16947
5.27472 -2.16135
5.89098 -2.30061
5.93599 -2.28482
4.5102 1.02482
4.50983 0.976956
4.50882 0.864788
4.50879 0.835138
4.51742 1.25078
4.51585 1.21203
4.5125 1.10395
4.86361 -1.27775
4.8683 -1.29221
4.52091 0.502347
4.52388 0.460072
4.53348 0.329614
4.57877 -0.0656591
4.51041 0.737171
4.5115 0.703897
4.51646 0.590494
7.64368 1.79486
7.66226 1.75148
7.03246 2.7343
7.03899 2.72761
7.1644 -1.34826
7.13537 -1.38219
7.3017 -1.17533
7.25701 -1.23442
7.79871 -0.19074
5.42616 -2.285
5.38282 -2.26078
5.88549 -2.30225
5.88008 -2.3036
4.51091 1.04045
4.51094 1.05652
6.70494 3.03445
6.64137 3.08196
6.54991 3.14781
6.58322 3.12456
4.63679 -0.393271
4.62331 -0.32357
4.52008 0.525285
4.5184 0.546669
4.61329 2.10164
4.6181 2.12675
4.58143 -0.0823056
4.59784 -0.183475
4.65364 2.30081
4.65578 2.31086
4.64295 2.25156
7.00024 2.76658
7.69839 1.66053
7.70116 1.65338
7.64371 -0.603523
7.61915 -0.65763
5.53253 -2.32911
5.53106 -2.32871
5.53431 3.46477
5.4991 3.46119
4.95885 3.09139
4.97529 3.11502
4.57605 1.87209
4.56846 1.81786
7.34213 -1.12093
7.89658 0.783059
7.90014 0.736022
4.54374 1.59506
4.53964 1.55127
4.67464 -0.575713
4.65163 -0.466412
4.53636 0.2969
4.53937 0.264367
4.83778 -1.19299
4.83075 -1.16883
5.48353 -2.31367
5.45773 -2.30328
5.77824 -2.32942
5.39827 3.43665
5.40108 3.43749
5.00849 3.1597
5.00604 3.15667
7.88758 0.255042
7.87886 0.184223
5.01515 -1.69986
4.95841 -1.55759
5.04557 -1.7752
5.10091 -1.89159
4.59307 1.98478
4.60665 2.06309
7.55569 -0.780644
7.61777 -0.660494
7.61713 1.85525
7.58062 1.933
4.76876 2.70526
4.75484 2.66603
7.11632 2.64063
7.15303 2.5983
7.82864 1.23134
7.87261 0.995062
7.40558 -1.02917
7.37772 -1.07047
7.47578 2.13169
7.40523 2.25053
7.30865 2.39456
7.39251 2.27074
7.73103 1.56943
7.77555 1.43188
7.90074 0.726032
7.90456 0.591038
7.84814 0.00763058
7.82963 -0.074081
5.01801 3.17011
5.16305 3.31171
5.20341 3.34152
5.38888 3.43282
5.40923 3.4395
7.9026 0.448284
4.91271 -1.42527
4.89544 -1.37483
5.02955 -1.73615
4.68021 -0.600533
4.68264 -0.610905
5.17675 -2.02796
4.58542 1.93579
7.50234 -0.874616
7.4192 -1.00863
7.90456 0.50601
6.06449 -2.23001
5.98646 -2.26517
5.52752 -2.32752
5.18528 -2.04035
4.66591 2.35588
4.68469 2.42937
7.89151 0.840651
7.88538 0.902978
4.78589 -1.01377
4.85818 -1.2607
4.7364 2.61121
4.68994 2.44833
7.19234 2.54969
7.04953 2.71615
7.87791 0.958009
7.8262 1.24207
7.28055 2.43402
7.55188 1.9902
7.48988 2.10676
7.39499 2.26686
7.78414 1.40215
7.71582 1.6127
4.55829 1.73561
4.56 1.75051
4.52066 1.3177
4.88726 2.97371
4.86295 2.92707
5.60073 3.47273
5.97456 -2.2694
4.77338 -0.969038
4.50867 0.801205
4.5182 1.27417
4.51486 1.18579
4.88639 -1.34887
4.55338 0.130765
4.5426 0.227992
4.50917 0.770587
4.51257 0.673375
4.82258 2.84144
7.19236 -1.31506
7.89482 0.808854
6.60181 3.11184
7.66799 1.73764
7.66958 -0.547972
4.94396 3.06916
4.57706 1.87877
4.56717 1.80792
5.19007 -2.04706
5.83497 -2.3168
7.62638 1.83512
7.57127 1.95208
7.35475 -1.10356
4.91541 3.02386
4.51944 1.29465
4.55333 1.6918
4.53127 1.4558
4.56702 1.80678
4.54186 0.23505
4.50896 0.786069
7.67218 -0.541873
4.50933 0.928589
4.55776 0.0931682
5.24167 -2.12176
7.2334 -1.26445
7.24794 -1.24627
6.62065 3.09768
4.84334 2.88709
4.82362 2.84372
4.9182 3.02834
7.66997 -0.547094
5.26263 -2.14699
