6.18303 -0.563965
6.20439 -0.560845
5.98403 -0.519443
5.92724 -0.483953
5.86833 1.79225
5.82431 1.76138
6.64225 -0.312828
6.71117 -0.223592
5.50607 1.04413
5.49807 0.978501
6.81042 1.30997
6.83011 1.26787
6.83923 -0.00266929
6.82674 -0.0305266
5.49768 0.487857
5.50299 0.439829
6.43279 1.75962
6.42345 1.766
6.95839 0.429188
6.96536 0.505391
6.40198 -0.502587
6.33288 -0.531523
6.17951 1.8611
6.23241 1.85241
6.02403 1.85963
6.08811 1.86533
6.63716 -0.31811
6.55755 -0.39425
5.48608 0.812688
5.48453 0.710006
5.77523 -0.336201
5.79996 -0.369709
6.92195 1.00215
6.91415 1.03386
5.61639 1.46421
5.63618 1.50853
5.71462 1.64157
5.6957 1.61178
6.72061 1.46201
6.76281 1.3953
5.67048 -0.162403
5.62722 -0.0707327
5.62634 -0.0686804
5.59327 0.0288261
5.53745 0.232209
5.52987 0.268657
6.49359 1.71637
6.54911 1.66691
6.9662 0.718249
6.9641 0.747197
6.90764 0.182886
6.92621 0.251688
6.90203 1.07526
6.87861 1.1449
6.49158 1.7179
6.48647 1.72165
6.95088 0.864397
6.94762 0.885164
6.56853 1.64785
6.604 1.61157
6.92844 0.974681
6.93793 0.931129
5.55389 1.28578
5.54699 1.26264
5.49459 0.520542
5.49029 0.570434
6.35596 1.80517
6.32348 1.81997
6.28997 -0.546754
6.16463 -0.562676
5.89152 -0.460091
6.03744 -0.539119
5.78243 1.72078
5.92296 1.82524
6.77517 -0.129665
6.64047 -0.314834
5.49322 0.930173
5.51743 1.11993
5.71775 -0.252832
5.73339 -0.276281
6.80289 1.32494
6.83272 1.26196
6.87063 0.0722381
6.77929 -0.122637
5.55253 0.16409
5.56207 0.128647
5.50588 0.417536
5.49595 0.505148
6.96861 0.56743
6.95164 0.380263
6.08127 -0.553733
6.45799 -0.468978
6.52003 -0.426352
5.84298 -0.413512
6.25392 1.84511
6.12721 1.86831
5.98431 1.84774
5.72863 1.66128
6.77668 -0.127321
5.5236 1.15519
5.48717 0.841896
5.48474 0.691626
5.54399 1.25034
5.70802 -0.237391
5.66314 1.55883
5.60304 1.42956
6.64756 1.56325
6.6598 1.54842
6.66906 1.53596
6.77743 1.37095
6.87152 1.16599
6.88729 0.119144
5.62676 -0.0696951
5.56867 0.105628
5.51772 0.33855
5.48949 0.582695
6.30727 1.82705
6.93755 0.301531
6.96907 0.627571
6.95661 0.821198
6.90653 1.0601
6.38452 1.78924
6.9525 0.854243
5.57797 1.36541
