6.24716 -2.44555
6.27559 -2.42563
4.7158 -1.60285
4.73063 -1.65651
4.91977 3.57863
4.92539 3.58411
8.06725 0.191107
8.07162 0.224913
4.32458 1.35817
4.32224 1.32814
4.31249 0.949392
4.3126 0.977187
4.31359 0.850186
4.31294 0.814743
4.32866 1.44707
4.33106 1.48618
5.74634 3.78578
5.82967 3.76607
4.32816 0.424956
4.32566 0.463298
5.55328 3.80866
5.52333 3.80895
4.38807 2.06085
4.39358 2.10912
4.37467 -0.0454078
4.36057 0.068034
4.61807 3.08797
4.62219 3.09981
7.11076 2.94511
7.12456 2.93064
6.91383 -1.89977
6.85459 -1.95626
7.20683 -1.59833
7.19255 -1.61436
4.84504 -2.0578
4.82188 -1.97906
4.91731 -2.2738
4.92511 -2.29774
5.45973 -2.85086
5.46834 -2.84999
5.29813 -2.84349
5.3562 -2.85567
5.23762 -2.82044
5.26665 -2.83364
4.99416 -2.47931
5.00219 -2.49739
5.07395 -2.64074
5.09242 -2.67083
5.19544 -2.79118
5.19474 -2.79048
5.58917 -2.81888
5.62574 -2.80453
6.40742 -2.3285
6.46988 -2.28037
5.78301 -2.73323
5.81964 -2.71552
8.00176 -0.158946
8.00429 -0.149725
7.9345 -0.384628
7.92715 -0.405421
5.9143 -2.66185
5.93535 -2.65007
8.08046 0.323639
8.07787 0.291294
8.04741 0.0560892
8.03803 0.00241041
8.01996 -0.0817851
8.03318 -0.0234271
6.65556 3.34775
6.68047 3.32947
6.86606 3.17752
6.88959 3.15743
5.90035 3.74735
5.97112 3.72413
4.37765 1.98959
4.37067 1.93359
4.39884 2.14249
4.41167 2.22731
7.73149 -0.850545
7.69205 -0.923084
7.84293 -0.618361
7.80413 -0.705004
6.19656 3.63059
6.16808 3.6431
6.42996 3.50208
6.44178 3.49477
7.08874 2.9679
7.58342 -1.10444
7.59693 -1.08348
6.74342 -2.05526
6.65983 -2.12737
7.12412 -1.68993
7.04575 -1.77047
8.07951 0.787265
8.08511 0.718963
6.03715 -2.58763
6.05545 -2.57625
5.05717 3.68569
5.01488 3.65797
4.87932 3.53791
4.84813 3.50145
8.08927 0.492723
8.08502 0.389138
4.58451 -1.09109
4.57169 -1.0393
4.34416 1.66839
4.33988 1.61448
4.31789 0.625567
4.31908 0.593707
4.56432 2.93141
4.57808 2.97557
7.30822 -1.48037
7.28389 -1.50964
5.98853 -2.61817
5.94625 -2.64406
4.51917 -0.813087
4.53839 -0.897997
4.3153 1.13361
4.3145 1.10419
7.14016 -1.67278
7.14618 -1.66625
6.19258 -2.48377
4.6215 -1.23773
4.60743 -1.18219
5.65443 3.80108
5.70116 3.79348
5.84897 3.76174
4.46929 -0.586842
4.47377 -0.608178
4.43197 -0.393304
4.41895 -0.32361
4.42667 2.31542
4.43052 2.34502
4.3817 -0.0946187
4.39307 -0.170791
7.74729 2.01089
7.72314 2.06121
7.83328 1.81566
7.81339 1.86378
4.50318 2.70689
4.48971 2.65077
4.4441 2.42028
4.44861 2.44796
5.11885 3.72053
5.13295 3.72686
5.2039 3.75636
5.24964 3.77211
8.00542 1.27287
8.01346 1.23635
8.05187 1.0259
8.06058 0.964376
7.45868 2.51593
7.44583 2.53437
7.33109 2.68987
7.31285 2.71279
7.40049 -1.36479
7.3759 -1.39704
6.83015 -1.97782
6.95065 -1.86535
7.63689 2.22653
7.65216 2.1989
7.55773 2.36389
7.55825 2.36304
4.73429 3.3354
4.75286 3.36854
4.6742 3.22114
4.67798 3.23006
4.88766 -2.18988
4.86728 -2.12422
7.90166 1.63451
7.89079 1.66581
7.9554 1.46718
7.95032 1.48478
5.38588 -2.85606
5.71018 -2.76964
5.70152 -2.77384
5.64741 -2.79517
5.53954 -2.8329
6.53188 -2.23176
6.53442 -2.22985
6.40614 -2.3294
7.9714 -0.266777
7.9749 -0.255341
7.94035 -0.367304
6.63347 3.36451
6.56298 3.41434
6.68506 3.32599
6.73626 3.28619
6.78962 3.24223
6.81469 3.22156
6.00783 3.70983
5.98613 3.71827
5.85946 3.75937
4.37864 1.99721
4.42026 2.28059
6.08373 3.68095
6.29156 3.58259
6.24795 3.60477
6.41957 3.50869
6.3125 3.57134
6.47477 3.47381
6.50273 3.45531
7.1782 2.8725
6.65383 -2.13214
6.7576 -2.04339
6.99447 -1.82112
8.08606 0.698849
8.07589 0.833573
6.33924 -2.37928
6.34396 -2.3759
6.59549 -2.18006
4.645 3.15716
4.64887 3.16545
8.08319 0.356248
8.08982 0.518517
4.55765 -0.980397
4.56494 -1.01172
4.53978 2.85114
4.53554 2.83648
4.50529 -0.752982
4.51325 -0.786991
4.54191 -0.913163
6.13446 -2.52353
6.10826 -2.54084
4.64443 -1.32946
4.63732 -1.3004
4.66981 -1.43024
4.66696 -1.41849
5.09766 -2.67972
5.10163 -2.68664
5.01207 -2.52041
5.02178 -2.54392
8.05825 0.123942
8.05474 0.0985523
4.78468 -1.85114
4.76847 -1.79686
4.54458 -0.924799
4.5567 -0.976234
4.31565 0.723184
4.31387 0.75809
4.4947 -0.705561
4.35673 1.80636
4.36138 1.85291
4.98606 -2.4623
4.96644 -2.41127
4.34431 0.224267
4.33659 0.311677
4.63753 3.13904
7.18892 2.86064
7.19291 2.85614
8.07228 0.864726
7.47889 -1.25977
7.48277 -1.25441
5.47059 -2.84962
4.80435 -1.92258
4.79063 -1.87199
8.0891 0.616571
5.4201 -2.85595
5.0515 -2.60129
5.04155 -2.58151
7.8793 -0.530968
7.86754 -0.560502
6.99128 3.06303
7.03114 3.02514
4.82584 3.47404
8.08935 0.607483
4.35083 1.74738
4.35044 1.74275
4.31913 1.23118
4.3193 1.26293
4.37974 2.00584
6.94027 3.11167
6.94355 3.10859
6.16948 -2.5002
4.7402 -1.69354
4.69797 -1.53716
8.0747 0.257692
8.06235 0.153199
4.32169 1.29468
4.32538 1.38639
4.3129 1.01265
4.31261 0.913687
4.31415 0.786685
4.31268 0.885781
4.33236 1.5075
4.32738 1.42203
4.45163 -0.498094
4.44516 -0.465161
4.32402 0.492757
4.3299 0.398078
5.46836 3.80831
5.63178 3.80362
4.35812 0.0902731
4.37557 -0.0520885
7.79043 -0.73381
7.7497 -0.815944
7.79205 1.91311
7.76935 1.96395
4.47062 2.5617
4.46802 2.55007
4.5993 3.03775
5.31426 3.78859
5.31942 3.78989
8.03055 1.15127
8.04015 1.0984
7.39566 2.60524
7.38189 2.6237
7.53383 -1.18028
7.5237 -1.19522
7.15425 -1.65759
7.23864 -1.56229
4.70251 3.27774
4.71369 3.30071
5.14538 -2.74427
5.12538 -2.71725
5.19609 -2.7916
5.72784 -2.76066
5.85205 -2.69702
4.6911 -1.51236
4.76296 -1.77572
8.03535 -0.0122228
8.0066 -0.140715
7.66598 -0.968589
7.85517 -0.590069
7.63151 -1.02682
7.55413 -1.14995
7.49165 -1.24171
6.08579 -2.55607
6.02241 -2.59668
5.00642 3.65144
5.06513 3.69105
5.41975 3.80471
4.57085 -1.03591
4.58733 -1.10234
4.33883 1.59933
4.34493 1.67864
4.32047 0.562021
4.31685 0.658894
4.5898 3.00882
4.55826 2.91328
7.2585 -1.5392
7.32819 -1.45635
4.3138 1.06924
4.31638 1.16768
4.59833 -1.14616
4.31321 1.04069
4.33524 1.55033
4.4127 -0.288287
4.33299 0.356732
4.322 0.528508
4.395 -0.183405
4.34768 0.189346
7.69922 2.10898
7.8553 1.76074
7.87137 1.7185
7.67506 2.15595
4.5132 2.75034
4.46236 2.52197
4.52384 2.79192
5.11433 3.71807
5.18278 3.749
5.32604 3.79102
7.26552 2.77144
7.24598 2.79489
7.98 1.37856
8.06915 0.89654
7.97678 1.39099
7.50608 2.44486
7.3559 -1.42183
7.42994 -1.32644
7.51596 2.42962
7.55546 2.36754
7.60636 2.28103
7.59784 2.29592
4.77017 3.3943
4.79554 3.43349
4.66085 3.19212
4.81273 -1.94972
4.90129 -2.22802
4.93195 -2.31924
4.95035 -2.36758
7.92149 1.57622
7.92984 1.55072
6.73647 3.28604
6.89386 3.1536
4.36325 1.8708
4.36306 1.86922
6.30857 3.57367
6.52984 3.43783
6.28052 -2.42228
6.40485 -2.33038
4.96724 3.62131
4.35003 1.73779
4.31593 0.689475
4.54113 2.85542
4.31738 1.19832
5.03085 -2.56119
5.71451 -2.76734
5.06015 -2.61907
7.8904 -0.503916
6.31039 3.5726
5.39228 3.80205
4.95562 -2.38409
6.8387 3.20155
4.37012 1.92955
4.85608 -2.08879
5.66813 -2.78771
6.96647 3.08672
6.76247 3.26459
7.90145 -0.475191
6.54526 3.4269
