7.53648 -0.422128
7.51688 -0.467948
5.3205 3.03394
5.36759 3.06541
4.69356 1.16238
4.68801 1.04833
5.14127 -1.38155
5.13202 -1.36079
4.70595 1.35264
4.70652 1.35964
4.76352 1.8198
4.7725 1.873
6.02446 -1.93684
6.01645 -1.93979
5.75385 -1.96709
5.81789 -1.97026
4.80329 -0.299009
4.79748 -0.269432
4.71687 0.271453
4.71786 0.261463
4.69066 0.646525
4.69554 0.525602
6.64655 2.82364
6.67328 2.80259
7.73557 0.476498
7.73655 0.502791
7.61599 -0.207954
7.60923 -0.228543
5.51885 3.13744
5.60639 3.16049
5.12775 2.83883
5.19022 2.91464
7.71999 0.269769
7.71781 0.251388
5.20156 -1.49947
5.21817 -1.53164
4.73039 1.58875
4.73387 1.61629
4.7783 1.90447
4.79541 1.98899
5.62871 -1.9408
5.61835 -1.93617
4.93925 -0.835656
4.9253 -0.787821
4.87452 -0.606453
4.87355 -0.602608
4.68665 0.774286
4.68645 0.783181
4.96594 2.54792
4.97682 2.57498
5.06702 2.74673
5.10939 2.81171
4.93261 2.46782
4.90456 2.39197
6.36415 3.00674
6.3728 3.0021
6.15395 3.10093
6.17835 3.09253
5.9815 3.15246
5.93061 3.16281
5.76584 3.17685
5.77211 3.17728
6.61675 2.84651
6.75023 2.73932
6.7305 2.75671
6.6133 -1.6159
6.63955 -1.59484
7.33632 -0.813287
7.34526 -0.798549
7.23619 -0.963857
7.259 -0.931207
7.5141 1.67097
7.48334 1.74262
5.31558 -1.68611
5.31512 -1.68543
4.83758 2.16543
4.84641 2.20001
7.54774 1.58667
7.55333 1.57195
5.06693 -1.20487
5.05816 -1.18364
4.75597 -0.0285749
4.74715 0.0296663
4.70066 0.4537
4.70524 0.3948
7.49193 -0.524725
7.56658 -0.347541
5.9204 -1.9608
6.11868 -1.90565
6.89434 2.60716
6.89255 2.60892
7.07186 2.4112
7.02727 2.46347
7.12236 -1.11549
7.14213 -1.09089
7.00703 -1.24999
7.05279 -1.19946
7.40191 1.91036
7.43232 1.851
7.32427 2.04976
7.34433 2.01543
7.24174 2.18259
7.24394 2.17927
7.10641 2.36782
7.14309 2.32036
7.63031 1.33548
7.61398 1.39203
7.67209 1.16927
7.66475 1.20234
7.70479 0.998868
7.70324 1.0096
7.72577 0.836307
7.72584 0.83541
7.57816 -0.316841
7.64496 -0.110923
7.48704 -0.53473
7.46015 -0.589756
6.50277 2.92442
6.48406 2.93692
5.9161 -1.96185
5.89173 -1.9641
5.64149 -1.94375
5.53844 -1.89847
5.50516 -1.87593
4.70573 0.388826
4.70546 0.391966
4.93855 2.48481
4.87971 2.31504
4.90185 2.38366
6.29569 3.0422
6.30193 3.03916
6.4129 2.98
6.43916 2.96436
6.81279 2.68476
6.32298 -1.80917
6.31637 -1.81316
4.68684 0.922008
4.68673 0.913248
4.69392 1.17189
4.69373 1.16724
5.01495 -1.0671
5.02413 -1.09357
5.3141 -1.68389
5.31488 -1.68506
5.37005 -1.75325
4.69009 0.659465
4.69036 0.652815
6.11998 -1.90505
4.68799 1.04025
4.69848 1.25087
4.70116 1.29284
5.72203 -1.96367
4.81143 -0.336162
4.80562 -0.309993
5.46162 -1.84387
5.41047 -1.7955
4.72356 0.210287
4.7251 0.196194
4.69579 0.522425
6.98289 -1.27684
6.4584 -1.72583
6.4145 -1.75489
6.87208 -1.3906
6.82484 -1.43625
7.4124 -0.681116
7.39863 -0.707003
6.56109 2.88596
6.22989 -1.85671
6.21711 -1.86336
4.6959 0.519473
4.68762 1.03194
4.68666 0.904379
4.68636 0.792274
6.08846 3.12417
6.0501 3.13551
6.82336 2.67497
7.6704 -0.0109196
7.67836 0.0222651
4.7211 1.50793
4.7188 1.48796
4.75972 1.79493
4.75179 1.74464
5.82855 -1.96985
4.87372 2.29714
4.86407 2.2646
5.67096 3.17105
5.62512 3.16506
7.5592 1.55551
7.58476 1.48308
7.64952 -0.0950406
4.95668 -0.894557
4.96068 -0.906948
5.47202 -1.85145
4.9916 -1.00105
7.6977 0.120579
7.69402 0.0999482
5.41911 3.09504
5.27158 2.99462
5.17367 -1.44695
5.12635 -1.34726
4.71095 1.41231
4.70136 1.29549
4.77313 1.87679
4.76182 1.80882
4.90223 -0.707148
4.91645 -0.75729
6.98274 2.51412
6.96135 2.53712
7.18602 -1.03487
7.19302 -1.02552
6.24758 3.06476
6.23101 3.07139
6.73442 -1.5169
6.75116 -1.50229
7.28674 -0.889149
7.33245 -0.819436
7.36378 1.98098
7.3899 1.93329
7.17929 2.27142
7.19387 2.25149
7.65253 1.25225
7.64072 1.29853
7.73697 0.567894
7.73187 0.396921
7.70191 0.144526
5.22329 2.95016
5.4831 3.12396
5.61955 3.16403
5.11975 2.82782
7.7309 0.383875
5.2382 -1.56777
5.26741 -1.61389
5.0943 -1.27262
4.71344 1.43741
4.73773 1.64706
4.726 1.55213
4.74849 1.7222
4.80203 2.01847
4.87662 -0.614709
4.94308 -0.848861
4.84977 -0.504544
4.97305 -0.944681
4.73056 0.149304
4.7357 0.109391
5.00406 2.63061
5.03632 2.69494
5.01892 2.66274
4.82086 2.10172
4.81235 2.0652
7.4241 -0.659592
6.1149 3.11542
5.88297 3.16851
6.03567 3.13987
5.84479 3.17338
5.77898 3.17736
5.69544 3.17296
6.71402 -1.53474
6.53988 -1.66985
6.51342 -1.68957
6.91072 -1.35284
7.38297 -0.733966
7.7371 0.61126
7.47745 1.75556
7.51939 1.65833
4.83836 -0.45555
7.18309 -1.03891
6.92058 -1.34294
7.73248 0.747952
7.73581 0.678628
5.0435 -1.14678
4.76537 -0.0886287
4.77908 -0.168243
6.88413 2.61701
7.09056 2.38811
7.17557 -1.04882
7.09768 -1.14544
7.68629 1.1037
7.69171 1.07505
7.43876 1.838
7.29586 2.09743
7.28366 2.11706
7.23367 2.19455
7.60564 1.41894
7.70078 1.02428
7.71543 0.9233
7.72566 0.837221
6.46837 2.94727
5.38729 -1.77339
5.8262 3.17514
6.33202 -1.80385
6.12136 -1.90446
5.2786 -1.63046
5.02884 -1.10718
6.81572 -1.44502
7.05328 -1.1989
7.05296 -1.19928
6.35718 3.01075
7.73664 0.658641
4.90401 2.39026
