6.21716 -2.46005
6.27127 -2.42213
4.72005 -1.59985
4.73637 -1.65888
8.06313 0.189564
8.06813 0.228181
4.32864 1.35817
4.3265 1.3306
4.31659 0.94701
4.3167 0.977182
4.31761 0.850181
4.31701 0.817104
4.33267 1.44473
4.33522 1.4862
5.7453 3.77957
5.81802 3.76237
4.33243 0.422335
4.32976 0.463231
5.55716 3.80158
5.52216 3.80192
4.39251 2.0609
4.39773 2.10654
4.37913 -0.0481447
4.36442 0.070211
4.62604 3.09292
4.62828 3.09937
5.32965 3.78411
5.3232 3.78299
7.10935 2.94084
7.12024 2.92941
6.90871 -1.89876
6.85342 -1.95148
7.20074 -1.59922
7.18924 -1.61213
4.84913 -2.05115
4.83028 -1.98707
4.92761 -2.28361
4.93242 -2.29837
5.42429 -2.84276
5.47044 -2.83813
5.2922 -2.82718
5.36744 -2.84296
5.24022 -2.80574
5.27667 -2.82232
5.00205 -2.47643
5.01365 -2.50257
5.08394 -2.6371
5.10671 -2.67421
5.59757 -2.80581
5.62335 -2.79569
6.40755 -2.32218
6.46675 -2.27657
5.77775 -2.72725
5.82628 -2.70379
7.99638 -0.163809
8.00001 -0.150578
7.93 -0.385525
7.921 -0.410973
5.88798 -2.6688
5.93077 -2.64486
8.07645 0.322135
8.07348 0.284954
8.04319 0.0545052
8.03275 -0.00519961
8.01563 -0.0834112
8.0299 -0.0203634
6.65265 3.34432
6.67499 3.32792
6.86326 3.17423
6.88894 3.1523
5.91393 3.73696
5.97018 3.71851
4.38181 1.98699
4.37517 1.93363
4.40389 2.14563
4.41585 2.2247
7.72653 -0.851536
7.68935 -0.919905
7.83824 -0.619298
7.80133 -0.701708
6.19586 3.62501
6.1603 3.64063
6.42683 3.49845
6.43584 3.49288
7.09197 2.95881
7.58085 -1.1014
7.59192 -1.08422
7.47955 -1.2522
7.48017 -1.25134
6.73778 -2.05414
6.65862 -2.12242
7.12869 -1.6794
7.04461 -1.76581
8.07582 0.785881
8.0811 0.721484
6.03731 -2.58032
6.06209 -2.5649
4.67164 -1.41817
4.67234 -1.42072
5.06698 3.68283
5.01947 3.65169
4.88378 3.53182
4.85586 3.49919
8.0856 0.496159
8.08115 0.387686
4.58841 -1.08833
4.57623 -1.03915
4.34855 1.67112
4.34406 1.6145
4.3219 0.627889
4.32318 0.59364
4.57171 2.93601
4.58391 2.97514
7.30231 -1.48124
7.28056 -1.5074
5.9887 -2.61074
5.95294 -2.63263
4.52291 -0.810452
4.54342 -0.901082
4.31948 1.13603
4.31861 1.10418
7.13907 -1.6683
7.14296 -1.66408
6.18827 -2.48028
4.6254 -1.23497
4.61257 -1.18432
5.66498 3.79302
5.69614 3.78795
5.84421 3.7565
4.47035 -0.571087
4.47878 -0.611251
4.43579 -0.391138
4.42373 -0.326543
4.4312 2.31547
4.43471 2.34241
4.38101 -0.0613389
4.39701 -0.168557
6.3079 3.56834
6.30602 3.56928
7.74289 2.0113
7.72059 2.05777
7.82906 1.81605
7.81078 1.86026
4.50933 2.71071
4.49426 2.64793
4.44934 2.42354
4.45289 2.44529
5.21674 3.75262
5.2534 3.76525
8.00232 1.2698
8.00908 1.2391
8.04858 1.02265
8.05646 0.966964
7.45711 2.51117
7.4411 2.53414
7.32956 2.68525
7.30783 2.71255
7.39488 -1.36562
7.37327 -1.39395
6.82477 -1.97675
6.9495 -1.86062
7.5552 2.36049
7.55376 2.36283
7.63441 2.22319
7.64794 2.19869
4.74363 3.33824
4.75817 3.36419
4.68196 3.2235
4.683 3.22595
4.892 -2.18282
4.87655 -2.13306
7.89759 1.6349
7.88787 1.66291
7.95145 1.46755
7.94734 1.48183
5.38119 -2.84314
5.63862 -2.7891
5.53684 -2.82296
6.52552 -2.2305
6.53455 -2.22369
6.40291 -2.32546
7.96702 -0.26765
7.97171 -0.252353
7.93717 -0.364322
6.63283 3.35935
6.55732 3.41274
6.68441 3.32078
6.73087 3.28467
6.78448 3.24077
6.81185 3.21821
6.8938 3.14792
6.9388 3.10724
5.99937 3.70713
5.98211 3.71385
5.85845 3.75328
4.38315 1.99726
4.42536 2.28376
6.08302 3.6753
6.3171 3.56307
6.24438 3.60063
6.41892 3.50349
6.47412 3.46856
6.49693 3.45347
7.16256 2.88354
6.64788 -2.13095
6.75641 -2.03854
6.9896 -1.82015
8.08223 0.697414
8.0719 0.836084
6.33233 -2.3779
6.3441 -2.36948
6.59251 -2.17644
4.64998 3.15309
4.65688 3.16789
5.12292 3.71384
5.10238 3.70261
8.07959 0.35962
8.08605 0.517101
4.56138 -0.97777
4.56432 -0.990399
4.54549 2.85097
4.53669 2.82053
4.51034 -0.756086
4.51755 -0.786848
4.54619 -0.913021
6.13461 -2.51659
6.1036 -2.53707
4.64836 -1.32668
4.64245 -1.30252
5.18649 -2.76516
5.20434 -2.78082
5.02006 -2.5175
5.02636 -2.53274
8.0542 0.122423
8.05134 0.101735
4.78976 -1.84919
4.77059 -1.78497
4.54829 -0.922182
4.56099 -0.976092
4.31968 0.723179
4.31802 0.755675
4.49857 -0.703368
4.99034 -2.45184
4.97303 -2.40684
4.34865 0.221603
4.34049 0.313888
4.63663 3.12071
7.18741 2.85606
7.19665 2.84562
8.06862 0.864346
5.48253 -2.83613
4.80828 -1.91619
4.7968 -1.87386
8.08546 0.609929
5.42239 -2.84301
5.06045 -2.59803
5.05526 -2.58771
5.70828 -2.76169
5.7095 -2.76119
7.87652 -0.527695
7.86658 -0.552678
4.92811 3.5762
4.925 3.57333
6.98658 3.0617
7.02968 3.02072
4.8254 3.46173
8.08562 0.597618
4.35482 1.7449
4.35464 1.74279
4.32317 1.23117
4.32333 1.26058
4.38464 2.00888
6.17605 -2.48897
4.74454 -1.69048
4.70368 -1.53952
8.07077 0.256215
8.05754 0.146262
4.3259 1.29467
4.32937 1.38407
4.31698 1.01028
4.3167 0.913682
4.31833 0.786681
4.31677 0.883401
4.33637 1.50516
4.33151 1.42205
4.4554 -0.495961
4.44992 -0.468083
4.32826 0.490152
4.334 0.398011
5.47218 3.80134
5.63066 3.79686
4.3625 0.0875812
4.37937 -0.0499359
7.78561 -0.734772
7.74696 -0.812712
7.78775 1.91351
7.76677 1.96049
4.47657 2.5654
4.47252 2.54727
4.60525 3.03732
8.02736 1.14811
8.0359 1.10107
7.3941 2.60053
7.377 2.62347
7.53113 -1.17711
7.51831 -1.19601
7.14818 -1.65848
7.23532 -1.56005
4.71097 3.28032
4.71884 3.2965
5.15097 -2.73191
5.13699 -2.71302
5.84741 -2.69172
4.69533 -1.50937
4.76881 -1.77814
8.03118 -0.0137877
8.00333 -0.137652
7.66088 -0.969607
7.85233 -0.586722
7.62886 -1.0237
7.55682 -1.13873
7.47732 -1.25526
6.08595 -2.54904
6.01734 -2.59257
4.66946 -1.41005
5.01566 3.64875
5.06977 3.68471
5.41912 3.7974
4.57475 -1.03316
4.59189 -1.10219
4.3432 1.60204
4.34912 1.67866
4.32446 0.564334
4.32093 0.658827
4.59746 3.01359
4.56398 2.91287
7.25249 -1.54009
7.32486 -1.45411
4.31796 1.07165
4.32048 1.16768
4.60223 -1.14341
4.31732 1.04068
4.33941 1.55035
4.41657 -0.286095
4.33728 0.354095
4.3261 0.528442
4.39973 -0.186313
4.35155 0.191536
7.69474 2.1094
7.85266 1.75719
7.86723 1.71889
7.67254 2.15256
4.5178 2.74747
4.4637 2.50344
4.52914 2.79177
5.12528 3.71488
5.18656 3.7421
5.31532 3.78103
7.264 2.76686
7.24167 2.79366
7.97548 1.3814
8.06578 0.893207
7.97377 1.38802
7.50148 2.44464
7.35009 -1.42269
7.42733 -1.32336
7.51342 2.42621
7.5617 2.34969
7.60211 2.28082
7.59537 2.2926
4.78052 3.39745
4.80097 3.42904
4.6783 3.21554
4.81881 -1.95025
4.90837 -2.22863
4.93664 -2.31163
4.9582 -2.36826
7.91854 1.5733
7.92581 1.5511
5.70742 -2.76199
5.70318 -2.76378
6.73582 3.28088
6.93962 3.10651
6.88903 3.15223
4.36804 1.87377
4.3672 1.86664
6.52919 3.43267
6.28066 -2.41574
6.39818 -2.32906
4.97182 3.61504
4.35445 1.74054
4.31994 0.691799
4.54829 2.85988
4.32156 1.20074
5.11065 -2.67908
5.03961 -2.558
5.06497 -2.60731
7.88591 -0.504812
4.94466 3.5909
5.39604 3.79517
4.96031 -2.37489
5.10807 -2.67593
6.83805 3.19638
4.37426 1.92697
8.08553 0.607779
4.86275 -2.08937
5.66584 -2.77929
4.36101 1.8064
4.36107 1.80705
4.35961 1.79284
6.96374 3.0835
6.75963 3.26125
7.89841 -0.472339
6.54227 3.4234
