7.59268 0.0443808
7.60398 0.0919023
7.56327 1.25597
7.55717 1.28008
5.32982 -1.45198
5.34135 -1.46832
4.79545 1.30055
4.80024 1.36008
5.02177 -0.757178
5.00024 -0.687887
4.88957 -0.250164
4.88642 -0.23412
5.48317 -1.63446
5.43525 -1.58616
5.08705 -0.948345
5.10842 -1.00472
6.61087 2.71765
6.58043 2.74044
6.9056 2.45508
6.94598 2.41101
4.80279 0.321259
4.8089 0.259981
4.77981 0.781661
4.7782 0.827357
5.08514 2.50701
5.11828 2.56807
4.98579 2.27347
5.00581 2.32843
6.1641 -1.73524
6.19812 -1.72256
7.18812 -0.87046
7.16345 -0.906949
6.14985 2.96743
6.23733 2.93409
5.93945 3.01793
5.87407 3.02315
6.6303 -1.46618
6.53898 -1.53354
7.10171 2.22116
7.06465 2.26975
7.54516 -0.141646
7.5101 -0.248319
7.40953 -0.489364
7.38757 -0.535129
7.41753 1.67712
7.41638 1.67971
7.48604 1.50441
7.4838 1.51053
5.33219 2.8423
5.32135 2.83236
5.52913 2.96881
5.52472 2.96681
7.64096 0.343753
7.62596 0.216931
5.25145 -1.31963
5.24239 -1.30406
4.80056 1.36333
4.81296 1.47811
4.83592 1.64498
4.84591 1.70926
5.84555 -1.79346
5.86814 -1.79338
5.62572 -1.73394
5.64451 -1.7444
4.97602 -0.606286
4.96296 -0.55758
5.1597 -1.13058
5.14087 -1.08813
4.88888 1.93425
4.89073 1.94169
4.83237 0.0782317
4.81715 0.189878
5.1842 2.67321
5.14379 2.61321
4.93014 2.09383
4.96853 2.22481
6.23471 -1.70834
6.31915 -1.66722
6.04009 -1.77443
6.05078 -1.77145
7.03423 -1.0739
7.0139 -1.09796
6.31029 2.90237
6.36938 2.87199
5.80736 3.02577
5.73194 3.02103
6.43155 -1.60475
6.42688 -1.60744
6.75373 -1.36295
6.734 -1.38088
7.27442 -0.740346
7.28331 -0.725686
7.64821 0.443724
7.64507 0.397288
7.65085 0.62646
7.65142 0.556299
7.63356 0.893054
7.63337 0.894662
4.91244 -0.353405
4.91888 -0.381058
6.55721 2.75713
6.48032 2.80771
7.10305 -0.989511
7.10377 -0.98859
6.89731 -1.22468
6.8358 -1.28739
7.29998 1.9134
7.28374 1.9432
4.77925 0.958054
4.77953 0.99506
4.79242 0.445338
4.79073 0.46714
4.86971 -0.145485
4.85987 -0.0923632
7.45818 -0.381791
7.46419 -0.367968
7.59114 1.14204
7.57653 1.20455
7.54579 1.32148
7.53512 1.35708
6.80681 2.5536
6.74252 2.61186
6.96874 -1.15067
6.97016 -1.1491
7.15426 2.149
7.16607 2.13191
7.64204 0.804898
7.64761 0.730566
7.50883 -0.251938
7.5486 -0.130149
7.49742 -0.282187
7.4236 -0.46076
7.3503 -0.608592
7.35691 -0.595858
7.453 1.59219
7.51372 1.4258
4.78971 1.22175
4.78447 1.11919
5.71276 -1.77024
5.70148 -1.76696
5.5922 -1.71664
4.80199 0.329708
4.79675 0.39048
4.78335 0.602187
4.78172 0.651329
4.7783 0.866321
5.04306 2.41924
5.0349 2.39883
6.69199 2.6538
6.73016 2.62295
7.59423 1.12836
7.59478 1.12598
7.6227 0.967061
7.61305 1.03027
4.89831 -0.291404
4.93686 -0.455956
7.347 1.82535
7.33205 1.85434
7.25929 1.98487
7.27622 1.95628
7.4518 1.59518
4.7821 1.04014
4.78277 1.08709
4.79091 1.2406
6.65253 2.68644
6.66035 2.68013
4.80893 0.259774
4.80926 0.256685
4.78471 0.570955
4.78731 0.520936
4.78045 0.698575
4.77926 0.735212
7.07003 -1.02999
7.10191 -0.990998
6.96602 -1.15369
7.2395 2.01813
7.22979 2.03379
5.56613 -1.7005
5.56331 -1.69833
5.05432 2.44467
6.30928 2.9029
6.30597 2.90445
5.49143 -1.64283
5.49285 -1.64422
7.55213 -0.117825
4.94458 -0.486537
7.60583 0.102249
7.58276 -0.000624396
5.43002 2.91602
5.41396 2.90528
5.28997 -1.38717
5.35987 -1.49249
4.80026 1.36033
4.79508 1.29592
4.86599 1.82274
4.86352 1.80928
5.0507 -0.847897
4.99117 -0.658036
5.41915 -1.56968
5.49039 -1.64177
5.12192 -1.04027
5.05729 -0.867865
6.56903 2.74876
6.6434 2.69391
6.99441 2.35651
6.87802 2.48335
5.13128 2.59224
6.21803 -1.71462
6.13683 -1.74637
7.1458 -0.930528
7.22156 -0.822382
6.07601 2.98937
6.25599 2.92688
6.00137 3.00738
5.83528 3.02623
6.53043 -1.53982
6.63927 -1.45891
7.0257 2.31852
7.11649 2.20156
7.65092 0.535612
7.6485 0.449324
6.37725 2.86748
6.4239 2.84188
7.62579 0.215787
7.37988 1.7595
5.62939 3.00268
5.54302 2.97348
5.27375 2.78274
5.24281 2.7506
7.64159 0.35037
5.23328 -1.28725
5.39993 -1.54577
5.19987 -1.21836
4.81586 1.50101
4.82821 1.5944
4.82243 1.55257
4.86046 1.79173
4.88458 1.91477
5.75062 -1.78086
5.80065 -1.78788
4.95624 -0.532232
5.05228 -0.852815
5.05321 -0.855853
5.1768 -1.16776
4.91546 2.04191
4.83699 0.0471761
4.81603 0.198848
5.23607 2.74275
6.33372 -1.66036
6.97454 -1.14415
7.05869 -1.0443
6.30973 2.90268
6.05649 2.99532
5.65901 3.00926
6.04429 2.99859
6.73121 -1.38337
6.43228 -1.60427
6.82303 -1.29939
7.32077 -0.660681
7.25352 -0.773554
7.65033 0.665802
6.47153 2.81348
7.10274 -0.98993
4.85096 -0.0401769
7.57163 1.2253
7.59388 1.1301
7.51756 1.41486
7.60202 1.08573
7.61109 1.0415
6.81754 2.54362
6.73186 2.62143
7.01097 2.33676
7.16983 2.12623
7.2127 2.06036
7.63406 0.888355
7.64858 0.716478
7.46823 -0.358239
7.37528 -0.55983
7.34845 -0.612039
7.63368 0.892117
7.3765 1.76666
7.31202 1.89194
5.94289 -1.7906
5.98817 -1.78408
4.97197 2.23549
6.06621 -1.76669
5.52811 -1.67201
5.56907 -1.70267
7.37841 1.76263
7.57651 -0.0266888
5.90974 -1.79294
6.00408 -1.78136
5.6584 -1.75099
