7.20227 1.24266
7.21363 1.20726
5.1499 1.02026
5.15134 1.04133
7.28969 0.826107
7.29294 0.791893
5.37802 -0.507391
5.39682 -0.550074
5.48654 -0.727745
5.51688 -0.776676
5.20852 1.47807
5.21606 1.51299
5.42288 2.06205
5.39341 2.01254
5.5402 2.21825
5.57762 2.25691
7.1715 -0.120201
7.18424 -0.0861439
5.22464 -0.00429205
5.21223 0.0590095
5.15147 0.520718
5.1526 0.505154
7.29193 0.393937
7.28804 0.358192
6.70054 2.08336
6.76411 2.01736
5.97857 2.4259
5.97845 2.42591
6.18924 2.39785
6.15601 2.40469
6.40457 2.30851
6.40584 2.30775
5.70317 2.34865
5.77328 2.38321
6.80134 -0.732269
6.8495 -0.676913
6.51603 -0.982946
6.5098 -0.986807
6.75553 -0.782047
6.69106 -0.842907
7.02352 -0.429863
6.98632 -0.489987
7.28066 0.899701
7.2676 0.976485
5.31419 -0.332972
5.3092 -0.318551
5.59724 -0.888976
5.55337 -0.833579
5.26352 1.6922
5.2423 1.61738
5.17191 1.25207
5.18154 1.3202
6.30458 -1.09309
6.30463 -1.09307
5.33382 1.8876
5.35849 1.94138
6.84594 1.92315
6.85389 1.91337
6.96803 1.75088
6.94391 1.7874
7.07498 1.56094
7.09617 1.5169
5.91974 -1.1192
5.99641 -1.13437
5.73464 -1.02578
5.74767 -1.03459
6.11002 -1.13724
6.03166 -1.13715
7.058 -0.368942
7.0971 -0.292293
7.24497 0.116758
7.25064 0.140092
5.2438 -0.0856396
5.25572 -0.130959
5.14243 0.837724
5.14245 0.83927
5.17714 0.27512
5.18438 0.224498
6.6292 2.14851
6.6004 2.17387
7.30091 0.648785
7.30159 0.590062
7.18676 1.29277
7.18935 1.28547
7.21819 1.19169
7.23465 1.13081
7.26082 1.01736
7.28348 0.880152
5.2762 -0.210112
5.26471 -0.168177
5.23932 -0.0676242
6.54867 2.21274
6.58128 2.18854
6.83907 1.93146
6.78871 1.99006
6.43266 2.29101
6.40699 2.30701
6.67771 2.10568
6.66744 2.11509
5.34033 -0.407214
5.3525 -0.440911
7.28502 0.869236
5.23661 -0.0562839
5.22465 -0.0043337
5.14272 0.710883
5.14273 0.708959
5.29018 -0.260853
5.28921 -0.257431
5.875 2.41369
5.97829 2.42589
6.63351 -0.894535
6.60359 -0.917919
6.95536 -0.536236
6.92052 -0.585976
5.15859 1.13679
5.14358 0.90652
5.41571 -0.590421
5.35789 -0.455535
5.53804 -0.810487
5.4645 -0.69003
5.23381 1.58656
5.20615 1.4655
5.3751 1.97693
5.46567 2.12717
5.6134 2.28695
5.48396 2.15365
7.02943 1.64927
7.0264 1.65495
5.82647 -1.08302
5.85263 -1.09411
6.2068 -1.12241
6.1831 -1.12598
7.14304 -0.191506
7.21275 -0.00039312
5.20925 0.0745204
5.22465 -0.00430036
5.14446 0.640693
5.16242 0.396844
7.27456 0.262818
7.29898 0.482502
5.82616 2.40041
6.08329 2.41933
6.29375 2.36233
6.29629 2.36144
5.6736 2.3319
6.77355 -0.763074
6.88416 -0.634401
6.45056 -1.02161
7.04714 -0.38918
7.12238 1.45887
7.14181 1.4121
5.14344 0.90236
5.16291 1.17832
5.29471 -0.275889
5.33036 -0.379713
5.44034 -0.642076
5.64446 -0.944711
5.18845 1.36621
5.29051 1.77615
5.29685 1.79549
6.40313 -1.04916
6.30425 -1.09319
5.30684 1.82284
5.47647 2.14343
6.40801 -1.04642
7.01158 1.68039
6.90845 1.83872
7.02412 1.65896
5.66476 -0.964116
6.01426 -1.13721
7.12029 -0.242941
7.22031 0.0241907
7.26912 0.231532
5.19527 0.155329
5.14233 0.77412
5.16568 0.366556
5.14425 0.646707
7.3011 0.533221
6.59038 2.18156
6.65231 2.1288
7.29952 0.686905
7.18963 1.2847
7.16042 1.36623
7.24418 1.09569
7.24896 1.07272
7.25666 1.03897
5.28759 -0.25204
5.26234 -0.159214
6.51402 2.23976
7.29485 0.770201
6.88397 1.873
6.32543 2.34802
6.50663 2.2445
6.35118 2.33601
7.15771 1.37377
7.29862 0.712796
6.87785 1.8817
6.51015 2.24229
