5.88368 2.25268
5.78704 2.21551
6.79381 -0.578779
6.77301 -0.602857
6.54863 -0.809835
6.60793 -0.762417
7.10648 1.23913
7.09611 1.27128
5.24128 0.963839
5.24197 0.97391
6.92443 1.63594
6.90143 1.67312
5.93136 -0.95031
5.92387 -0.94713
6.12097 -0.978162
6.14284 -0.975329
5.24874 0.476948
5.24186 0.572078
6.2003 2.24846
6.25867 2.22853
6.41576 2.1574
6.45017 2.13559
6.32046 -0.9354
6.4102 -0.89494
5.99036 2.27
5.89555 2.25525
6.8978 -0.440525
6.91281 -0.41882
5.26377 1.19374
5.25252 1.09909
7.16825 1.01162
7.17613 0.973114
5.4973 -0.494592
5.51793 -0.533458
5.5974 -0.666527
5.56785 -0.623191
5.3602 1.62974
5.38461 1.69862
5.30224 1.41752
5.29585 1.38546
5.53479 1.98975
5.5933 2.06583
5.43624 1.82143
5.41312 1.77227
5.66739 2.13607
5.59861 2.07103
6.77758 1.84334
6.77946 1.84103
7.00756 1.48222
6.97033 1.55548
5.74741 -0.840287
5.72758 -0.821313
7.14104 0.086166
7.10972 -0.0139909
7.05424 -0.154714
7.02361 -0.221142
5.39852 -0.256128
5.41718 -0.306331
5.34774 -0.0873748
5.34246 -0.0682651
5.30373 0.0994084
5.29267 0.155061
5.23652 0.779629
5.23707 0.837032
5.26553 0.325342
5.25141 0.444141
7.20744 0.478063
7.2106 0.577576
7.17252 0.215994
7.19245 0.330055
7.14301 1.11574
7.13301 1.15428
7.08845 1.29291
7.06521 1.3531
7.19058 0.890993
7.15533 1.06927
7.19263 0.876803
6.7087 1.92032
6.63739 1.99331
6.52818 2.08333
6.53059 2.08142
6.77132 1.85091
6.63674 1.99393
6.63633 1.99431
6.48023 2.11529
6.50172 2.1018
6.80962 1.80204
6.82041 1.78815
5.3682 -0.157837
5.37899 -0.194958
7.20064 0.803035
7.20624 0.743045
7.19342 0.871182
5.32538 -0.00584499
5.32516 -0.00492497
5.23655 0.764201
5.23697 0.70673
5.76099 2.20076
5.88778 2.25401
6.73986 -0.638422
6.84524 -0.513088
6.66804 -0.711198
6.51516 -0.8323
5.25055 1.08001
5.24119 0.962241
5.48005 -0.459932
5.45507 -0.401874
5.65524 -0.745767
5.65041 -0.739211
5.32796 1.52573
5.33134 1.53696
5.48172 1.90804
5.50136 1.94154
6.88854 1.69247
6.95685 1.58042
5.83862 -0.906388
5.94679 -0.954035
6.21759 -0.965595
6.08836 -0.977105
7.10299 -0.0327004
7.06927 -0.120086
5.32484 -0.00349719
5.24135 0.580872
5.2511 0.447238
7.19423 0.3428
7.20586 0.455092
6.07225 2.26957
6.09445 2.26873
6.11103 2.26565
6.30739 2.21158
6.43397 -0.883305
6.27403 -0.949435
5.68822 2.15365
6.69394 -0.685999
6.92985 -0.391844
6.97336 -0.317748
5.23719 0.844476
5.27041 1.23969
5.43459 -0.351257
5.44761 -0.383959
5.54533 -0.584103
5.65792 -0.749167
5.39642 1.73116
5.32153 1.50109
5.28103 1.3064
5.59454 2.06715
5.46083 1.86872
7.03505 1.42373
6.84103 1.76
7.04603 1.39933
5.81426 -0.889912
6.02556 -0.973027
6.9935 -0.280259
7.14436 0.0977261
7.16962 0.202245
5.38308 -0.208156
5.32636 -0.00995989
5.36032 -0.131609
5.28394 0.205713
5.23651 0.771893
5.26864 0.302988
5.23715 0.699493
7.21066 0.623267
7.20891 0.683565
7.0548 1.37998
6.56817 2.05103
6.52544 2.08556
6.34264 2.19533
7.20743 0.724803
7.11925 1.20252
6.37844 2.17667
6.3975 2.16741
