5.9719 2.51442
5.91992 2.51024
6.18292 2.48328
6.25616 2.45769
6.99478 -0.582432
7.0285 -0.530829
7.25785 1.24471
7.25942 1.23983
7.34169 0.830145
7.34077 0.839855
5.15549 1.51234
5.16915 1.57563
7.30344 0.133969
7.29502 0.0971167
5.15938 0.0397533
5.15554 0.0593618
5.08913 0.740118
5.08963 0.710215
5.1252 0.245604
5.12304 0.262372
6.78808 2.08276
6.7711 2.1004
5.83979 2.49969
5.76577 2.47956
6.39823 2.39417
6.44027 2.369
6.93056 -0.670997
6.89297 -0.719003
7.19735 1.42006
7.16461 1.49877
5.10061 1.10845
5.10304 1.14414
5.26865 -0.388777
5.25928 -0.35889
5.36849 -0.649579
5.33996 -0.581474
5.4248 -0.761839
5.39303 -0.699653
5.52688 -0.927823
5.54511 -0.953556
5.2067 1.72891
5.20712 1.73034
6.29434 -1.18328
6.36771 -1.15096
6.10191 -1.22997
6.14084 -1.22316
5.27495 1.92564
5.26122 1.88885
5.35946 2.10303
5.38265 2.14356
5.4685 2.26457
5.45875 2.25135
5.61647 2.40097
5.56872 2.36541
6.73909 -0.888263
6.73429 -0.892972
6.57322 -1.02713
6.49226 -1.08374
7.00633 1.79559
7.02701 1.76192
7.14576 1.53985
7.11381 1.60627
5.72727 -1.1329
5.65994 -1.07813
5.91296 -1.21771
5.86188 -1.20114
7.13292 -0.346888
7.13972 -0.333557
7.23651 -0.101066
7.22715 -0.127685
5.10009 0.491521
5.09675 0.539637
7.33988 0.346198
7.34303 0.374378
6.80115 2.06827
6.83958 2.02288
7.22973 1.33152
7.20175 1.4087
7.35507 0.594866
7.3551 0.592034
7.31125 1.02655
7.30647 1.05317
6.56749 2.28298
6.59377 2.26342
7.33516 0.882056
7.33226 0.906296
5.24618 -0.316269
5.2045 -0.16842
5.19567 -0.130586
5.09058 0.934997
5.09 0.905662
6.68571 2.18498
6.68923 2.18162
7.29171 1.11721
7.29694 1.09688
6.88314 1.97006
6.91148 1.93335
7.34307 0.814559
7.34822 0.751712
6.50759 2.32649
6.4783 2.34475
5.17547 -0.0395273
5.18133 -0.0672639
5.08817 0.809977
5.08867 0.870921
5.0941 1.00866
5.28458 -0.438001
5.28474 -0.438458
5.11677 1.27828
5.11777 1.28705
5.23814 -0.28959
5.2284 -0.255229
6.01769 2.51164
5.86816 2.50606
6.11496 2.49821
6.29005 2.44578
7.05371 -0.489596
6.96329 -0.627391
7.35318 0.504941
7.35497 0.576619
7.32137 0.978467
7.32097 0.980996
5.30234 -0.486212
5.31691 -0.52374
5.47277 -0.846528
5.45562 -0.819127
5.17945 1.62168
5.13944 1.42742
6.19736 -1.21337
6.26134 -1.19354
5.31448 2.0161
5.33542 2.05684
5.5371 2.33625
5.47428 2.27165
6.65881 -0.959316
6.61051 -0.999855
7.10332 1.62661
7.0795 1.67119
5.81942 -1.18536
5.74837 -1.14586
7.16429 -0.281251
7.18602 -0.233124
7.32066 0.217552
7.27391 0.0176097
5.14418 0.118436
5.16842 -0.00395097
5.09043 0.674059
5.08894 0.775383
5.13795 0.157273
5.11095 0.367601
5.71682 2.45854
6.07684 2.50648
5.66529 2.43311
6.86093 -0.757753
6.81762 -0.805749
6.74537 -0.881811
7.08867 -0.42939
7.16193 1.50505
7.19963 1.41423
5.38063 -0.675048
5.49904 -0.8861
5.58869 -1.00487
5.63669 -1.05762
5.13472 1.40093
5.20652 1.72821
5.24043 1.83194
5.11977 1.30153
6.39284 -1.13975
6.02391 -1.23234
5.29449 1.97332
5.41075 2.18589
6.48049 -1.0906
6.96689 1.85612
6.94745 1.88425
7.06164 1.70277
6.00771 -1.23239
5.99243 -1.22996
7.18815 -0.228168
7.26369 -0.0178008
7.19051 -0.22227
7.32585 0.24823
5.14294 0.125594
5.09132 0.645022
5.10748 0.402493
5.0926 0.61736
5.1092 0.383991
7.35236 0.482193
6.64705 2.21812
6.68073 2.18976
7.35309 0.495041
7.35164 0.688825
7.28572 1.14419
7.27798 1.1722
7.23885 1.30375
7.23097 1.3278
7.30157 1.07466
7.32222 0.973699
5.20986 -0.189034
5.21324 -0.201863
6.72143 2.14992
6.62014 2.24123
6.93482 1.9021
6.87117 1.98541
7.35074 0.714556
5.08816 0.805976
5.08873 0.875344
6.33178 2.42701
5.28395 -0.436284
6.94266 1.89096
5.10478 1.17061
7.25661 1.24884
6.37522 2.40544
6.38709 2.3999
5.18532 -0.0854267
6.85986 1.99913
5.22368 -0.239554
