5.85346 2.26874
5.78484 2.24235
6.78707 -0.614594
6.78619 -0.615613
6.54322 -0.838574
6.62173 -0.775786
7.12238 1.23972
7.11563 1.26064
5.22711 0.972587
5.23506 1.08912
5.92952 -0.976984
5.89405 -0.961928
6.11923 -1.00337
6.17198 -0.996533
5.22785 0.564115
5.23582 0.453765
7.21687 0.412489
7.20841 0.334752
6.19852 2.27256
6.28565 2.24281
6.41391 2.18233
6.46002 2.15312
6.31544 -0.962032
6.41462 -0.917319
5.98828 2.29538
5.94684 2.28893
6.44228 -0.902531
6.43038 -0.90991
6.92799 -0.426208
6.92516 -0.430778
5.24857 1.20312
5.23531 1.0916
7.18777 0.992186
7.19156 0.973683
7.22141 0.735773
7.22206 0.727292
5.48026 -0.504002
5.48359 -0.510281
5.57869 -0.676861
5.56548 -0.657501
5.34439 1.63995
5.36025 1.68472
5.28757 1.427
5.27717 1.37479
5.51613 2.00181
5.5486 2.04403
5.41911 1.8325
5.4098 1.81271
5.64683 2.14935
5.59079 2.09636
6.78818 1.85571
6.796 1.84609
7.01846 1.49495
6.99091 1.54917
6.91097 1.68887
6.91269 1.68627
5.74537 -0.869864
5.70589 -0.832081
7.12629 -0.0138338
7.1224 -0.0262691
7.07434 -0.148799
7.03562 -0.232767
7.15841 0.091279
7.18556 0.2031
5.39379 -0.294693
5.40144 -0.315277
5.32654 -0.0730639
5.32518 -0.0681578
5.28958 0.0913641
5.27447 0.167344
5.22193 0.788636
5.2224 0.837379
5.24835 0.335402
5.25055 0.316834
7.22202 0.46354
7.22579 0.582047
7.16076 1.10607
7.14811 1.15483
7.0996 1.30593
7.08569 1.34194
7.1985 0.934223
7.17037 1.06982
7.20672 0.877322
6.72018 1.93372
6.67248 1.98255
6.54434 2.09375
6.56253 2.07938
6.76207 1.88729
6.64309 2.01126
6.62443 2.02838
6.5003 2.12591
6.51137 2.11896
6.82037 1.81459
6.83697 1.79322
5.35357 -0.166153
5.36191 -0.194851
7.22021 0.749789
7.21425 0.813707
7.20989 0.854784
5.31161 -0.013665
5.30958 -0.00482813
5.22201 0.755935
5.22236 0.707075
5.73541 2.21437
5.88571 2.27918
6.78478 -0.61712
6.85735 -0.524814
6.6624 -0.741134
6.53048 -0.847128
5.2351 1.08955
5.22606 0.953602
5.47747 -0.498402
5.43961 -0.410412
5.63673 -0.755989
5.60237 -0.709331
5.31275 1.53556
5.31017 1.52488
5.46482 1.91896
5.4985 1.97639
6.96738 1.59271
6.91361 1.68479
5.83669 -0.93451
6.00256 -0.994616
6.21586 -0.990819
6.04059 -1.00081
7.12211 -0.0270708
7.08161 -0.132036
5.3065 0.00888578
5.22633 0.590147
5.23714 0.439301
7.22177 0.459773
7.20766 0.329431
6.02406 2.29519
6.09268 2.2926
6.14395 2.28307
6.30559 2.23587
6.42878 -0.91085
6.29842 -0.967179
5.68587 2.1823
6.70653 -0.698193
6.92148 -0.43628
6.98504 -0.329057
5.22265 0.853451
5.25236 1.22938
5.40858 -0.333697
5.42831 -0.38326
5.52854 -0.593373
5.65578 -0.780189
5.38079 1.74126
5.31916 1.55885
5.26615 1.31601
5.57594 2.07916
5.42901 1.85154
7.05479 1.41768
6.85195 1.77276
7.06099 1.4039
5.78916 -0.902369
6.02372 -0.999718
7.0146 -0.274051
7.15689 0.0855934
7.18638 0.207179
5.36859 -0.216393
5.32105 -0.0531889
5.34316 -0.131502
5.26929 0.197389
5.22191 0.772238
5.25096 0.313901
5.22275 0.691309
7.22583 0.60817
7.22361 0.684107
7.06594 1.39298
6.58453 2.06159
6.52358 2.1106
6.35312 2.21396
7.13069 1.21589
6.40138 2.1888
6.40778 2.18569
