5.4424 -2.3494
5.46004 -2.35558
5.28955 -2.24031
5.30262 -2.25175
6.08984 -2.25282
6.18847 -2.19912
5.85703 -2.34824
5.83537 -2.35573
4.95837 -1.63312
4.96877 -1.65983
6.60503 3.13748
6.61158 3.13261
4.66984 -0.647259
4.71098 -0.814959
4.58246 2.05612
4.57296 1.9992
5.90385 3.47601
5.93788 3.46785
4.72921 2.6728
4.73717 2.69711
7.03253 2.76392
7.04629 2.74973
7.16201 2.61843
7.13897 2.6458
7.86705 1.13602
7.87753 1.07943
7.3679 -1.11905
7.3694 -1.11693
7.44815 2.21645
7.46405 2.18985
7.36487 2.34827
7.36129 2.35357
7.7788 1.48379
7.76147 1.5379
7.92036 0.693019
7.92321 0.603098
7.76765 -0.349933
7.74095 -0.423242
7.8353 -0.130392
7.83654 -0.12581
5.04201 3.24891
5.10678 3.31265
5.21731 3.39395
5.3025 3.43882
5.58232 -2.38635
5.58433 -2.38659
5.70059 -2.38278
5.66954 -2.38698
7.88689 0.113525
7.87688 0.0559057
7.9168 0.369845
7.91344 0.324772
4.92537 -1.53858
4.90419 -1.4779
4.5277 1.64414
4.53141 1.67949
4.50815 1.42286
4.50663 1.40606
4.66148 -0.61114
5.10135 -1.9643
5.11144 -1.98224
5.03698 -1.82839
5.03676 -1.82786
4.56366 1.93838
4.56929 1.97591
7.57509 -0.78527
7.53085 -0.864165
5.72873 3.50339
5.71191 3.50555
6.16629 3.38905
6.14017 3.39886
6.39046 3.27638
6.42601 3.25438
6.83654 2.95273
6.88644 2.90795
7.46771 -0.9681
7.51399 -0.893726
6.48637 -2.00425
6.40709 -2.06131
6.6295 -1.89602
6.60753 -1.91342
6.84548 -1.70963
6.80364 -1.74788
7.01665 -1.54156
6.99532 -1.56421
5.28818 -2.23882
5.23695 -2.17947
5.95182 -2.31439
5.93636 -2.32128
5.53543 -2.3789
5.50762 -2.37305
4.48877 0.913481
4.48871 0.910331
4.49374 1.1614
4.49395 1.16747
4.50718 0.410079
4.50935 0.378927
4.55368 -0.0298409
4.54427 0.0434172
4.4935 0.649695
4.49322 0.656024
4.59784 -0.299397
4.59276 -0.271395
4.79231 -1.11716
4.76955 -1.03766
4.84508 -1.29576
4.84 -1.27848
7.80389 -0.239548
7.78329 -0.304306
5.18812 -2.11177
5.19066 -2.11608
6.21571 -2.18375
6.08769 -2.25387
4.65052 -0.56035
5.96257 3.46007
5.82181 3.49242
6.23303 3.35871
6.27891 3.33695
4.7012 2.58026
4.68585 2.52851
4.75171 2.73661
4.77004 2.78492
7.08504 2.70649
7.11555 2.67277
7.26473 2.48876
7.23736 2.52435
6.58607 -1.92938
6.50783 -1.98951
6.93794 -1.62059
6.90003 -1.65827
7.52692 2.07855
7.55519 2.02557
7.82627 1.31704
7.81701 1.35293
7.72814 -0.457243
7.70214 -0.519306
7.69202 -0.543494
6.77805 3.00253
6.74255 3.03216
6.52399 3.19289
6.55181 3.17475
4.52496 1.61533
4.51655 1.52546
4.51331 1.48702
4.50428 1.37328
4.50236 1.34597
4.73008 -0.890941
4.83956 2.94655
4.86052 2.98786
4.5978 2.14124
4.61482 2.23014
6.05259 3.43248
6.29234 3.32956
6.50109 3.20841
5.60204 3.50744
5.65042 3.50783
6.92249 2.87331
6.38079 -2.07795
6.7703 -1.77663
6.70609 -1.83274
7.08944 -1.46535
6.28663 -2.14035
6.07561 -2.25965
6.03726 -2.27799
4.7517 -0.973082
4.75738 -0.994539
4.48989 1.03664
4.48943 0.97698
4.48866 0.853106
4.48866 0.846858
4.49657 1.23869
4.49595 1.22361
4.49202 1.10398
4.49977 0.515329
4.50364 0.460401
4.51342 0.329941
4.52451 0.210484
4.5359 0.106595
4.56044 -0.0760365
4.49069 0.72574
4.491 0.716491
4.49618 0.590824
4.78412 2.81924
4.79375 2.84391
4.64241 2.35629
4.64556 2.37082
7.65666 1.81232
7.66626 1.78992
7.15396 -1.39171
7.14869 -1.39788
7.31475 -1.19071
7.28478 -1.23034
7.90555 0.886234
7.90383 0.903106
7.81933 -0.186626
5.37016 -2.30934
5.42832 -2.34331
4.73718 -0.918509
4.75084 -0.969787
4.49006 1.04048
4.49007 1.04442
6.70814 3.05997
6.66844 3.08964
6.56146 3.16805
6.55317 3.17383
4.61796 -0.403931
4.59961 -0.309022
4.4994 0.525621
4.49865 0.535216
4.59262 2.11452
4.59491 2.12651
4.56591 -0.110331
4.57946 -0.193878
4.62645 2.2839
4.63234 2.31153
4.61958 2.25223
7.70606 1.69165
7.72164 1.65145
7.6574 -0.619648
7.63956 -0.658935
4.93217 3.10931
4.94999 3.13585
5.59352 3.50671
5.49693 3.49688
4.56286 1.93235
4.55444 1.87193
7.36512 -1.12295
7.91589 0.770918
7.91921 0.727129
5.3576 -2.30008
5.36155 -2.30364
4.52183 1.58145
4.51899 1.55118
4.62765 -0.451695
4.88029 3.0234
4.90877 3.07365
4.51729 0.285848
4.51925 0.264695
4.81837 -1.20669
4.80416 -1.15782
5.48842 -2.36701
5.00753 3.21078
4.98742 3.18649
5.34353 3.45524
5.39937 3.47448
5.80728 -2.36249
5.88588 -2.33984
5.5952 -2.38656
7.90476 0.238954
7.89895 0.191762
4.93572 -1.56925
4.97501 -1.67489
5.03717 -1.82888
5.07335 -1.90576
4.57266 1.9975
4.58371 2.06286
7.58014 -0.775767
7.631 -0.676084
7.62089 1.89147
7.60234 1.93095
4.6603 2.43379
4.65954 2.4307
4.74526 2.71991
4.72737 2.66681
7.1238 2.66329
7.17394 2.60424
7.85017 1.2178
7.88871 1.01098
7.4184 -1.04428
7.48809 2.14825
7.41435 2.27179
7.32101 2.4112
7.37799 2.32848
7.75137 1.56751
7.79039 1.44655
7.92305 0.55172
7.91978 0.71407
7.86414 -0.00735102
7.84994 -0.0700277
5.12048 3.3241
5.20503 3.38657
5.47022 3.49044
5.7625 -2.37414
7.92173 0.45546
4.87976 -1.40477
4.87339 -1.38617
5.00443 -1.74906
5.12905 -2.01292
4.56328 1.93556
7.67491 -0.582043
7.51586 -0.890555
7.44452 -1.00491
7.92305 0.494385
6.08608 -2.25459
5.90518 -2.33217
5.98682 -2.30063
5.5786 -2.38567
7.91156 0.828048
7.90926 0.852209
4.76658 -1.02741
4.85964 -1.34401
5.19525 -2.12297
5.1502 -2.05141
4.65919 2.42919
4.7142 2.62505
7.19977 2.57219
7.05482 2.74064
7.89811 0.945317
7.84126 1.25696
7.30396 2.43515
7.0939 -1.46034
7.117 -1.43413
7.56457 2.00728
7.51098 2.10778
7.40714 2.28321
7.80375 1.4003
7.7304 1.62713
4.5357 1.72158
4.54032 1.76196
4.49918 1.30436
4.86151 2.98986
4.81882 2.90324
5.68714 3.50735
5.59862 3.50732
5.99742 -2.29543
4.48845 0.789484
4.49813 1.28585
4.49408 1.17375
4.87005 -1.37659
4.52126 0.241098
4.53663 0.100521
4.48855 0.78325
4.4929 0.661975
4.81823 2.90199
7.20548 -1.33052
7.09141 -1.46316
7.91286 0.815619
7.6887 1.73569
4.91672 3.08625
4.55345 1.86411
4.54618 1.80782
4.9755 3.17023
7.64773 1.83311
7.57489 1.98699
4.49866 1.29456
4.53363 1.70327
4.50965 1.44237
4.54414 1.79258
4.48851 0.786402
4.48881 0.916691
5.22283 -2.16247
7.2226 -1.30941
7.26089 -1.26153
6.63524 3.11484
4.81853 2.90265
5.70442 3.50643
