5.84239 2.27463
5.78403 2.25219
6.54124 -0.849112
6.6268 -0.780687
7.12821 1.23993
7.12278 1.25675
5.22192 0.975794
5.22943 1.08591
5.47432 -0.507279
5.47228 -0.502648
5.92885 -0.986765
5.88312 -0.967354
6.1186 -1.01261
6.18266 -1.00431
7.11224 -0.068763
7.12662 -0.0303518
5.22271 0.561196
5.23022 0.457223
7.22706 0.458525
7.21377 0.336329
6.19787 2.2814
6.29554 2.24804
6.41324 2.19147
6.46363 2.15954
6.3136 -0.971798
6.34998 -0.955397
5.98751 2.30468
5.96565 2.30128
6.78486 -0.626291
6.79051 -0.6198
6.50049 -0.874929
6.43572 -0.915084
6.9373 -0.421793
6.92928 -0.434762
5.24299 1.20657
5.23338 1.12571
7.19493 0.985059
7.19722 0.973891
7.22628 0.739596
7.22766 0.721716
5.57183 -0.68065
5.56462 -0.670082
5.33859 1.64369
5.35132 1.67962
5.2822 1.43047
5.27032 1.37088
5.50928 2.00623
5.53108 2.03457
5.41283 1.83656
5.40859 1.82753
5.6393 2.15422
5.58988 2.10749
6.79207 1.86025
6.80206 1.84794
7.02246 1.49962
6.99845 1.54686
6.90684 1.70512
6.91641 1.69062
5.74463 -0.880709
5.69793 -0.836029
7.08171 -0.14663
7.04003 -0.23703
7.16423 0.0929932
7.18994 0.198861
5.39205 -0.308834
5.39566 -0.318557
5.28439 0.0884145
5.2678 0.171848
5.21658 0.791939
5.21702 0.837506
5.24823 0.29405
5.2454 0.313903
7.22806 0.479754
7.23136 0.583686
7.16727 1.10253
7.15365 1.15504
7.10369 1.3107
7.09321 1.33785
7.20141 0.950074
7.17589 1.07002
7.21188 0.877513
6.72439 1.93864
6.68534 1.9786
5.31911 -0.0690151
5.31888 -0.0681186
6.55026 2.09757
6.57424 2.07862
6.75868 1.90063
6.64542 2.01761
6.62006 2.04087
6.50766 2.1298
6.51491 2.12525
6.82431 1.81919
6.84304 1.79507
5.3482 -0.169202
5.35565 -0.194812
7.22376 0.769147
7.21923 0.81762
7.21593 0.848772
5.30657 -0.0165323
5.30387 -0.00479262
5.21667 0.752904
5.217 0.707202
5.72603 2.21935
5.88495 2.28841
6.79769 -0.611001
6.86179 -0.529114
6.66034 -0.752111
6.53609 -0.852565
5.22995 1.09273
5.22051 0.950435
5.47655 -0.512052
5.43394 -0.413543
5.62994 -0.759738
5.58475 -0.698375
5.30744 1.539
5.30305 1.52081
5.45863 1.92296
5.49746 1.98917
6.97124 1.59722
6.92151 1.68236
5.83598 -0.944822
6.02301 -1.0095
6.21522 -1.00007
6.02308 -1.00951
7.12832 -0.0252451
7.08614 -0.136418
5.29977 0.0134262
5.22082 0.593547
5.23211 0.436444
7.21216 0.324949
7.22729 0.461399
6.0064 2.30458
6.09203 2.30136
6.15602 2.28945
6.30493 2.24477
6.42702 -0.920197
6.30736 -0.973686
5.68501 2.1928
6.71115 -0.702665
6.91883 -0.450375
6.98933 -0.333203
5.21732 0.856741
5.24574 1.2256
5.39904 -0.327259
5.42123 -0.383004
5.52239 -0.596771
5.655 -0.791564
5.37505 1.74497
5.31835 1.57862
5.2607 1.31954
5.56918 2.08353
5.41734 1.84524
7.06202 1.41546
6.85596 1.77744
7.06647 1.40558
5.77996 -0.906937
6.02305 -1.00951
7.02233 -0.271774
7.16116 0.0814623
7.19195 0.208818
5.36327 -0.219414
5.33687 -0.131463
5.26392 0.194337
5.21655 0.772365
5.24493 0.317625
5.21747 0.688308
7.23139 0.602634
7.22901 0.684306
7.07002 1.39774
6.59052 2.06545
6.5229 2.11978
6.35696 2.22079
7.13489 1.22078
6.40979 2.19325
6.41155 2.1924
