7.46112 1.03208
7.46539 1.01074
5.05025 -0.219288
5.043 -0.188119
5.11613 -0.472998
5.12219 -0.492968
5.44191 -1.1971
5.46586 -1.22702
5.04949 1.83048
5.03267 1.76021
5.3935 2.54188
5.35515 2.49966
6.07149 -1.49786
6.12212 -1.4864
5.8841 -1.50024
5.81374 -1.4838
5.10923 2.03271
5.12301 2.07006
5.81266 2.76193
5.7484 2.75115
6.46108 -1.34464
6.51453 -1.3095
6.98381 2.10922
7.03111 2.04483
6.16493 2.72618
6.26158 2.69103
6.43267 2.60648
6.43477 2.60532
7.20194 -0.553244
7.14638 -0.644955
5.54737 2.66974
5.56469 2.67966
7.49693 0.74264
7.50008 0.703753
5.17099 -0.646823
5.17941 -0.670125
5.33819 -1.03202
5.34176 -1.03881
5.25284 -0.856796
5.25104 -0.852377
5.5745 -1.34624
5.52157 -1.29553
5.00096 1.61218
5.00182 1.61676
4.96735 1.38423
4.97825 1.46665
4.93978 1.07687
4.93789 1.04987
5.2744 2.38826
5.29219 2.41355
6.26479 -1.44346
6.34242 -1.40816
5.70378 -1.44038
5.77915 -1.47365
5.1822 2.21756
5.17381 2.19933
6.89195 -0.981435
6.91551 -0.955455
6.66672 -1.19736
6.74266 -1.13041
7.23261 -0.496121
7.20825 -0.542226
7.32606 -0.29608
7.31572 -0.321014
7.4131 -0.0490882
7.42025 -0.0241227
7.46682 0.182059
7.47269 0.215623
5.0141 -0.0512068
5.01707 -0.0662432
4.93383 0.901266
4.93397 0.909353
4.93505 0.704736
4.93479 0.713877
4.94991 0.434526
4.94835 0.452947
4.97995 0.163073
4.99191 0.0823
5.95478 2.76648
5.9206 2.76649
6.66019 -1.20299
6.56338 -1.27688
6.99906 -0.854266
7.02446 -0.822231
7.36905 1.38256
7.38496 1.33523
7.44245 1.12276
7.43677 1.15069
7.49813 0.452432
7.49493 0.403349
7.50073 0.537155
7.50228 0.597458
6.74905 2.36787
6.80068 2.31726
6.57531 2.51277
6.65144 2.45335
6.97225 2.12423
6.92596 2.18026
6.37814 2.63747
6.37925 2.63696
7.34205 1.46265
7.34223 1.46216
4.93412 0.917583
4.9367 1.03001
4.93265 0.786656
6.52576 2.54654
6.56395 2.52076
7.48707 0.860651
7.47826 0.933721
5.08702 -0.373035
5.08565 -0.36766
7.1705 1.82985
7.17052 1.82982
5.13128 -0.52265
5.14089 -0.554042
7.11405 1.92119
7.1259 1.90271
7.35307 -0.228256
7.3608 -0.208304
7.2429 -0.476017
7.26475 -0.432293
7.35672 1.42002
4.9546 1.26764
4.94797 1.18687
5.06204 -0.270795
5.05691 -0.249019
5.08982 -0.383434
4.95815 0.345821
4.96045 0.322357
4.93934 0.595319
4.93984 0.583453
7.2466 1.6826
7.25754 1.66025
4.93266 0.779079
7.19649 1.7815
7.20634 1.76288
7.30938 1.54505
7.50156 0.62136
7.50045 0.69431
7.46939 0.983922
7.45404 1.0732
5.03849 -0.167765
5.29464 -0.94489
5.33461 -1.02487
5.5035 -1.27427
5.43064 -1.18211
5.02375 1.72229
5.07199 1.91391
6.66183 2.44501
6.72824 2.38671
5.3301 2.46748
5.44972 2.59747
6.16746 -1.47665
5.98979 -1.50516
5.79294 -1.47915
5.95626 -1.50556
5.14397 2.12626
5.09002 1.97578
7.07672 -0.751334
7.08542 -0.739399
6.86386 -1.01113
6.8195 -1.05726
7.27396 -0.413041
7.30411 -0.347459
7.44354 0.0675383
7.44938 0.0929256
4.93278 0.771398
4.96454 0.28441
4.9716 0.225357
5.68174 2.7321
5.85114 2.76623
6.56 -1.27941
6.45626 -1.34736
7.05242 2.01413
6.98044 2.11377
6.12773 2.73545
6.27217 2.68719
7.10372 -0.711887
7.20719 -0.544137
7.2707 1.63204
7.28977 1.58921
5.64665 2.71965
5.46579 2.61069
7.49456 0.782973
5.1859 -0.687235
5.14664 -0.572187
5.21625 -0.765819
5.3882 -1.11558
5.25516 -0.8623
5.61439 -1.38166
4.98277 1.4991
5.00071 1.61072
5.07821 1.93675
4.96072 1.3254
5.26287 2.37015
5.22615 2.30435
5.19081 2.23459
5.97696 -1.50646
6.2379 -1.45244
6.36343 -1.39876
5.66005 -1.41294
6.78456 -1.09219
6.95969 -0.90274
6.66215 -1.20133
7.23721 -0.487432
7.3388 -0.264791
7.3755 -0.167819
7.3863 -0.136516
7.48382 0.294727
5.00566 -0.00293963
5.01779 -0.0699457
4.93696 0.648673
4.94255 0.532097
4.94441 0.503183
4.95402 0.387661
4.99814 0.0433131
6.05932 2.75221
5.98025 2.76373
7.48968 0.345474
7.05536 -0.781635
7.43301 1.16533
7.45162 1.08519
7.50026 0.500465
7.4024 1.28042
7.41725 1.22632
7.45254 1.08022
7.47778 0.936916
6.837 2.28076
6.56967 2.51678
6.86947 2.24545
6.90183 2.20841
7.07968 1.97453
6.48944 2.57165
6.48111 2.57672
7.49289 0.803781
6.32384 2.66389
7.17043 1.82998
7.22947 1.71707
7.22195 1.73253
7.3078 1.549
7.17049 1.82987
6.38029 2.63644
7.39541 1.30321
7.4286 1.18466
