7.2951 1.53419
7.31849 1.47509
7.48376 0.690946
7.48427 0.676574
7.44377 1.03144
7.45028 0.998892
5.06714 -0.20996
5.06222 -0.188815
5.13369 -0.463301
5.14292 -0.493719
5.35967 -1.02016
5.34482 -0.994288
5.46621 -1.18369
5.52428 -1.25623
5.06753 1.81883
5.0568 1.77399
5.41812 2.52642
5.35799 2.46021
6.07499 -1.46703
6.09587 -1.4623
5.88783 -1.46738
5.82253 -1.45212
5.12848 2.02028
5.15278 2.08614
5.84616 2.73632
5.75028 2.72024
6.46453 -1.31431
6.54162 -1.26362
6.99215 2.0673
7.01588 2.035
6.167 2.69817
6.23105 2.67488
6.42111 2.58593
6.43685 2.57725
7.18118 -0.552156
7.13288 -0.631885
5.54951 2.6346
5.59499 2.66065
7.47999 0.742015
7.48359 0.697662
5.1745 -0.594485
5.19812 -0.659797
5.27266 -0.845847
5.2861 -0.874182
5.60209 -1.33101
5.5448 -1.27611
5.01913 1.60044
5.00564 1.52407
4.98458 1.3731
4.99847 1.4782
4.96122 1.11802
4.95722 1.0609
5.29691 2.37413
5.34453 2.44181
6.26822 -1.41324
6.32154 -1.389
5.70773 -1.40555
5.74773 -1.42321
5.20284 2.20422
5.17786 2.14996
6.87448 -0.970785
6.92528 -0.91476
6.72403 -1.11906
6.66818 -1.1683
7.21968 -0.483605
7.21824 -0.486342
7.31246 -0.28291
7.2984 -0.316804
7.39287 -0.05504
7.40575 -0.0100876
7.44804 0.176531
7.45744 0.230379
5.02441 -0.00599357
5.03633 -0.0663629
4.95194 0.890087
4.95225 0.90892
4.95349 0.693352
4.95292 0.713448
4.96888 0.422817
4.96635 0.452522
4.99655 0.172503
5.01172 0.0700725
5.95657 2.73711
5.8651 2.73712
6.95989 -0.872839
7.00798 -0.812187
7.34722 1.39445
7.36735 1.33458
7.4251 1.12213
7.41713 1.16139
7.48209 0.468403
7.4778 0.402718
7.48379 0.523865
7.48566 0.596846
5.09386 -0.32319
5.1046 -0.363332
7.46031 0.935128
7.45783 0.954058
6.75126 2.33797
6.78362 2.30625
6.57744 2.48394
6.63239 2.44106
6.95134 2.11918
6.90959 2.1697
6.35111 2.62317
6.3673 2.61569
5.11053 -0.384449
4.95261 0.928088
4.95469 1.0189
4.95098 0.79707
6.506 2.53379
6.52124 2.5235
7.46702 0.885323
7.47147 0.848414
5.14882 -0.512967
5.16162 -0.554793
7.08704 1.92947
7.11056 1.89281
7.33172 -0.23454
7.34352 -0.204102
7.22014 -0.482716
7.24745 -0.428086
7.33902 1.41936
4.97197 1.25642
4.96716 1.19782
5.07883 -0.261525
5.07604 -0.249712
4.97513 0.35547
4.97842 0.321932
4.95694 0.60532
4.95788 0.583026
7.23437 1.66832
7.24083 1.65514
7.18428 1.76725
7.18364 1.76845
5.02349 -0.0010533
5.02154 0.00936738
4.951 0.778645
7.28475 1.55847
7.32927 1.44773
7.48531 0.60861
7.48371 0.693693
7.45261 0.983304
7.43681 1.07188
5.05548 -0.158383
5.31462 -0.933856
5.37935 -1.0527
5.52844 -1.2605
5.43352 -1.14023
5.04188 1.71057
5.0944 1.91845
6.664 2.41569
6.71024 2.37509
5.35264 2.45334
5.45239 2.56031
6.17092 -1.44616
6.02485 -1.47151
5.7968 -1.44512
5.95393 -1.47225
5.16313 2.11388
5.09746 1.92834
7.06911 -0.731587
7.07018 -0.730114
6.81391 -1.03481
6.80237 -1.04682
7.25148 -0.419659
7.29066 -0.334437
7.42401 0.0617919
7.4345 0.107334
4.95129 0.759968
4.98143 0.294006
4.99108 0.213334
5.71169 2.70921
5.85291 2.73708
6.56346 -1.24892
6.43206 -1.3326
6.96433 2.10338
7.0244 2.02273
6.09241 2.71676
6.27424 2.65923
7.19347 -0.530852
7.07244 -0.72672
7.25833 1.6176
7.27127 1.58853
5.64866 2.68684
5.49294 2.59365
7.47833 0.770241
5.2163 -0.707753
5.16408 -0.562555
5.23478 -0.755589
5.41009 -1.1035
5.25845 -0.814498
5.61697 -1.34422
4.99985 1.48807
5.02388 1.62395
5.09636 1.92503
4.98047 1.33667
5.26607 2.32569
5.2469 2.29133
5.22845 2.25491
5.98059 -1.47446
6.21467 -1.43113
6.36684 -1.36871
5.69325 -1.39647
6.79328 -1.05591
6.94358 -0.892921
6.6419 -1.18898
7.15768 1.81489
7.14417 1.8379
7.21989 -0.48322
7.32155 -0.260596
7.35444 -0.174019
7.37211 -0.12278
7.46575 0.28941
5.03992 -0.0848857
5.02386 -0.00305268
4.95502 0.648246
4.96004 0.542037
4.96329 0.491523
4.97199 0.387236
5.0145 0.0526131
6.06101 2.72446
6.02471 2.72974
7.47402 0.361058
7.06648 -0.735325
7.41627 1.16472
7.43357 1.08744
7.48348 0.499847
7.38912 1.26491
7.39662 1.23756
7.43507 1.07958
7.46202 0.924547
6.83926 2.25033
6.54953 2.50378
6.85332 2.23503
6.86735 2.21898
7.06437 1.96465
6.4915 2.54381
6.45775 2.56435
7.47413 0.822456
6.31172 2.64233
7.2127 1.71194
7.18832 1.75966
7.20966 1.71818
6.38239 2.60807
7.37373 1.31502
7.41527 1.1691
