6.35822 -0.734952
6.26429 -0.765721
6.28128 2.04129
6.21505 2.06395
7.07803 0.882495
7.06593 0.948006
5.48004 1.55231
5.45361 1.47552
5.56516 1.73814
5.61357 1.81882
5.53462 -0.239598
5.56078 -0.299576
5.43661 0.0539879
5.46553 -0.0437577
6.14194 -0.782153
6.24107 -0.771875
6.38464 1.9955
6.43387 1.96712
5.85694 2.0326
5.80431 2.00511
6.00604 2.07891
6.02074 2.07927
6.8496 -0.282584
6.81963 -0.328602
6.59729 -0.583022
6.67459 -0.507569
6.59011 -0.589655
6.49906 -0.65701
5.37743 1.12355
5.38508 1.17476
5.35532 0.893424
5.35552 0.897126
7.0801 0.868635
7.09 0.776101
5.4169 1.34344
5.43071 1.39913
5.67815 1.89713
5.61962 1.82654
6.70393 1.72877
6.69165 1.743
6.81748 1.57511
6.79394 1.60958
6.91347 1.40506
6.90556 1.42176
5.76317 -0.611245
5.74421 -0.589813
5.94567 -0.742414
5.91715 -0.727218
6.89674 -0.201075
6.93186 -0.132301
7.00532 0.0462176
7.01587 0.0768707
5.59026 -0.362497
5.62536 -0.423143
5.41346 0.161756
5.43544 0.0587013
5.35441 0.636033
5.35419 0.641713
5.37534 0.38774
5.37825 0.365825
6.48944 1.92895
6.4623 1.94797
7.07405 0.314033
7.07053 0.294167
7.09789 0.587136
7.09688 0.544103
7.03083 1.0993
7.03928 1.06499
7.00009 1.1936
6.98613 1.23469
7.05119 1.02
6.57101 1.86432
6.62056 1.81741
6.94333 1.33995
6.95796 1.30698
7.01522 1.14993
6.53864 1.89044
6.63951 1.79822
6.37609 2.00057
6.32541 2.02522
6.24774 -0.770949
6.38412 -0.722387
6.19833 2.0668
6.32199 2.02687
5.9945 2.07661
5.90421 2.05374
6.71441 -0.465001
6.75057 -0.421438
5.36414 1.00987
5.36657 1.03381
5.44519 1.44999
5.51548 1.64208
5.61557 1.82157
5.52427 1.66239
6.67905 1.75671
6.85785 1.51059
6.87376 1.48341
5.85356 -0.689369
5.82136 -0.663143
6.95767 -0.0754736
6.97681 -0.0305699
5.51017 -0.18079
5.57629 -0.333473
5.48685 -0.112841
5.43586 0.056936
5.36222 0.506241
5.36202 0.508316
7.09107 0.445506
7.0886 0.420575
6.47327 -0.674612
6.04613 -0.774156
6.03988 -0.773469
6.02616 -0.769073
5.67918 -0.510008
5.69191 -0.525856
6.43668 1.96512
6.38056 1.99812
6.10979 2.08065
5.75578 1.96924
5.70674 1.92798
6.79098 -0.368175
6.88168 -0.22898
6.59238 -0.587666
5.35221 0.773457
5.35426 0.860703
5.39505 1.23457
5.41203 1.32053
5.67518 -0.504775
7.093 0.740416
7.07959 0.872637
5.51939 1.65171
6.75663 1.66148
6.88028 1.47119
6.93249 1.36459
7.04137 0.164495
5.49707 -0.143389
5.40205 0.218083
5.49325 -0.132435
5.39343 0.267927
5.35216 0.769158
5.35887 0.557584
5.3522 0.764865
5.36188 0.510182
6.49349 1.92643
7.04828 0.191276
7.09675 0.665153
7.05337 1.01062
6.96925 1.28009
