7.48817 1.2532
7.48798 1.25398
5.53817 2.82065
5.44914 2.76484
6.7395 2.49685
6.73071 2.5045
4.85742 0.780398
4.85608 0.818551
7.15407 -0.782118
7.15296 -0.783758
6.91984 -1.07733
6.96534 -1.02617
7.17208 1.97744
7.19205 1.94539
6.32238 2.78083
6.31982 2.78224
7.53809 0.153585
7.54615 0.200834
7.36251 1.61288
7.33419 1.67668
7.42988 1.43884
7.40468 1.50762
5.43472 2.75463
5.43909 2.75847
5.51761 -1.4785
5.45454 -1.41014
4.86523 1.13713
4.86854 1.19542
4.8881 1.41435
4.89013 1.43319
5.59476 -1.54249
5.68283 -1.59482
5.04305 -0.52784
5.04943 -0.55073
5.10043 -0.713739
5.11933 -0.76826
5.59406 -1.54205
5.59194 -1.54029
5.24771 -1.08198
5.25499 -1.09587
5.16932 -0.902915
5.15589 -0.869942
5.34101 -1.25282
5.32839 -1.23296
4.96921 1.88235
4.98782 1.95723
4.92399 1.66191
4.93168 1.70256
4.90563 0.120701
4.90343 0.136889
4.87567 0.389196
4.87284 0.416709
4.85877 0.68638
4.85981 0.650058
4.8566 0.872807
4.85741 0.94825
5.28735 2.60848
5.34271 2.67273
5.17907 2.44807
5.15834 2.41089
5.09419 2.27297
5.11419 2.31743
6.05589 -1.63528
5.9879 -1.64363
6.24978 -1.57569
6.22783 -1.58342
5.86757 -1.64581
5.91226 -1.64721
5.02643 2.0862
5.00106 2.00421
6.82156 -1.1785
6.87442 -1.12659
7.27865 1.79161
7.27634 1.79603
7.29129 -0.552937
7.28686 -0.561335
6.15719 2.84709
6.10168 2.86231
5.98934 2.88667
5.94709 2.89262
5.6698 2.87113
5.74012 2.88676
6.44628 -1.47495
6.44451 -1.47595
6.64514 -1.33546
6.65123 -1.33043
7.57111 0.414802
7.56944 0.390199
6.61111 2.60162
6.57334 2.63053
7.55826 0.890279
7.55543 0.914283
7.57762 0.597482
7.57769 0.600238
4.99369 -0.342899
4.9866 -0.312451
4.94333 -0.104276
4.95258 -0.151891
7.06801 -0.89859
7.09442 -0.864875
7.15539 -0.78014
7.20947 -0.695028
7.53612 1.03484
7.53149 1.06261
6.91556 2.32054
6.87431 2.36477
7.11157 2.07004
7.09902 2.08865
6.96469 2.26318
6.99597 2.22544
7.46279 -0.147268
7.44773 -0.194739
7.42823 -0.248633
7.4436 -0.206342
7.38643 -0.353807
7.39817 -0.325896
7.39731 1.52717
7.43548 1.42292
4.86114 1.07456
4.87444 1.27436
4.88342 0.302957
4.87901 0.347661
4.87203 0.426444
4.86748 0.485254
4.85787 0.71524
4.8586 1.00405
6.5256 2.66263
6.56619 2.63588
7.51821 1.12556
7.52333 1.10354
7.5661 0.820301
7.57125 0.759586
4.98347 -0.298696
5.012 -0.414465
7.23529 1.87166
7.2413 1.86103
7.37115 1.59221
7.46066 1.34844
7.44049 1.40863
4.86065 1.04004
7.51179 0.0247302
7.48308 -0.0835256
5.02165 -0.450422
6.42584 2.72589
6.42838 2.72437
4.87626 1.29629
4.85698 0.74294
7.52461 0.0860445
7.51367 0.0321405
5.43961 2.75887
5.54416 2.82357
5.42207 -1.3715
5.39465 -1.33336
4.87793 1.31512
7.57533 0.679234
7.57506 0.69706
4.96429 -0.208735
4.97213 -0.24595
5.07311 -0.632418
5.068 -0.615609
5.20756 -0.992975
5.18029 -0.928898
4.94527 1.77299
4.96236 1.85133
6.48199 2.69259
6.48371 2.69146
6.65569 2.56805
6.80437 2.43583
5.22968 2.53049
5.20541 2.49091
6.15217 -1.61131
6.11516 -1.62022
7.11128 -0.840975
7.15449 -0.781504
7.00894 -0.974949
6.89592 -1.10384
6.25991 2.80976
6.26321 2.80849
5.84318 2.8967
5.89703 2.89466
6.54516 -1.41013
6.55153 -1.40543
7.06163 2.14127
7.04914 2.1581
7.57563 0.507368
7.57529 0.49534
6.26455 2.80785
6.37455 2.75409
7.23745 -0.648475
7.26522 -0.600322
7.55778 0.279454
7.32539 1.6959
5.63797 2.86201
5.35209 2.68203
7.56275 0.320794
5.52243 -1.48281
5.36068 -1.28212
4.9009 1.51806
5.82993 -1.63886
5.77437 -1.62909
5.71921 -1.6091
5.59418 -1.54215
7.57405 0.72297
5.06511 -0.605707
5.03252 -0.489721
5.13441 -0.81101
5.2929 -1.16821
5.24097 -1.06855
4.90523 1.5492
4.90647 1.55692
4.9966 1.98948
4.91781 0.0388694
4.8903 0.241901
5.24926 2.5594
5.13416 2.36207
5.07077 2.21587
5.96095 -1.64745
6.33077 -1.53767
6.34858 -1.52953
5.0506 2.15888
6.74667 -1.24999
7.02458 -0.955797
6.74474 -1.25167
7.31585 -0.506549
4.9253 -0.00752756
4.92441 -0.00243477
4.92384 0.00109724
6.26379 2.80822
6.05178 2.87573
5.80904 2.89459
6.46486 -1.46284
6.72625 -1.26731
7.57738 0.578966
6.56986 2.63309
6.65252 2.57071
7.50897 1.16813
7.51213 1.15584
6.48041 2.69363
7.03167 -0.946613
7.46627 1.3296
7.48954 1.24782
7.50683 1.17752
7.52712 1.08297
7.54482 0.989508
6.82715 2.41378
6.65284 2.57044
6.94091 2.29154
7.14652 2.01766
7.04385 2.16486
7.42159 -0.265978
7.40783 -0.301691
7.37257 -0.386248
4.88593 0.278149
4.87744 0.364535
4.86723 0.488704
4.86053 0.614909
4.86331 0.553075
7.56448 0.837829
7.54609 0.981565
5.75355 -1.6226
4.88834 0.258688
5.05784 2.18161
7.48006 -0.0934665
7.32328 -0.491634
7.30461 1.74006
7.27551 1.79763
7.48834 1.25258
7.2049 1.92372
4.86035 0.620153
7.30148 1.74667
7.56343 0.848918
7.36421 -0.405157
7.34474 -0.447045
4.86569 0.51966
4.8634 0.551525
