5.9793 -0.544557
5.90412 -0.497574
5.84403 1.80518
5.82198 1.78972
6.67331 -0.30097
6.7237 -0.235725
5.49149 1.05313
5.48123 0.968886
6.82106 1.32149
6.84414 1.27216
6.85847 0.00299507
6.83838 -0.041803
5.48087 0.498237
5.48728 0.440201
6.43958 1.77827
6.41628 1.79418
6.97201 0.415628
6.98063 0.509885
6.17841 -0.588494
6.15997 -0.587013
6.39693 -0.529389
6.35441 -0.547193
6.23049 1.87583
6.12938 1.89243
6.1199 1.89279
6.02203 1.88409
6.63623 -0.344748
6.57093 -0.407204
5.47057 0.822266
5.46883 0.707238
5.53273 1.27145
5.52944 1.25717
5.75835 -0.346141
5.79651 -0.397828
6.93509 1.01246
6.93491 1.01319
5.60133 1.47394
5.63455 1.54833
5.698 1.65231
5.66001 1.59251
6.7317 1.47496
6.78674 1.38796
5.62225 -0.102015
5.65492 -0.171246
5.57879 0.0205987
5.60459 -0.0554575
5.52383 0.22447
5.51215 0.280613
5.46914 0.692021
5.4688 0.701027
6.55605 1.686
6.54456 1.69624
6.98123 0.703278
6.97775 0.751217
6.92003 0.170557
6.94327 0.256711
6.91298 1.08805
6.89368 1.14546
6.48624 1.74526
6.50708 1.72808
6.81437 1.33538
6.79371 1.37569
6.55976 1.68237
6.61077 1.63018
6.93524 1.01182
6.95065 0.941109
5.47957 0.512007
5.47451 0.570807
6.3491 1.83216
6.34493 1.83406
6.28526 -0.571738
6.19705 -0.586264
5.88666 -0.485908
6.00939 -0.555642
5.76205 1.73161
5.9208 1.85153
6.65259 -0.326574
6.77055 -0.166977
5.47827 0.939404
5.50002 1.10999
6.85113 1.25631
6.81737 1.32937
6.88263 0.0606197
6.79662 -0.122878
5.7009 -0.262669
5.69652 -0.254347
5.54707 0.119626
5.54695 0.120058
5.48886 0.428045
5.48014 0.505522
6.9829 0.553204
6.96779 0.385016
6.07668 -0.578078
6.47589 -0.482006
6.51456 -0.455443
5.8233 -0.425106
6.27677 1.86012
6.12519 1.89303
5.95416 1.86377
5.72612 1.69187
6.78814 -0.138419
5.50946 1.16393
5.47096 0.832639
5.46879 0.701472
5.54104 1.30255
5.70419 -0.268575
6.96606 0.866802
6.96583 0.868444
5.64608 1.56986
5.57891 1.41579
6.63831 1.59963
6.67038 1.56078
6.69465 1.52811
6.78891 1.38435
6.88247 1.17878
6.90531 0.124446
5.61276 -0.0776511
5.54688 0.12033
5.50349 0.330464
5.4743 0.574059
6.31464 1.8473
6.95053 0.288605
6.9835 0.631818
6.92113 1.06063
6.40359 1.80176
6.96516 0.872239
6.9657 0.869366
5.56286 1.37473
