6.39885 1.04029
6.43226 0.989469
5.94181 0.804748
5.93195 0.704482
6.51681 0.791999
6.5187 0.784232
6.42847 0.280647
6.42738 0.27869
6.01144 1.02064
6.00563 1.0072
6.14101 1.13507
6.23537 1.13806
6.24152 0.172942
6.30017 0.179221
6.04185 0.289774
6.08938 0.224886
6.52292 0.564968
6.51686 0.506476
5.94055 0.556304
5.9496 0.500621
6.35599 1.0764
6.45334 0.950457
6.09801 1.10593
6.02037 1.03614
5.93147 0.686094
5.95029 0.845301
6.52739 0.682773
6.51373 0.805438
6.42572 0.276452
6.42687 0.27783
6.48234 0.386753
6.26713 1.13729
6.48176 0.887296
5.97023 0.915489
5.93828 0.577715
6.49663 0.434735
6.52953 0.638653
5.95434 0.478737
5.95537 0.472194
5.98778 0.375144
5.99693 0.353067
6.10869 0.21192
6.19067 0.168676
6.32866 0.195582
5.98096 0.393856
6.37361 0.224733
