7.67046 -0.258945
7.68513 -0.2134
5.51092 3.2674
5.47887 3.25764
7.78016 0.213437
7.7882 0.277793
4.62115 1.12041
4.61958 1.08815
5.04864 -1.40437
5.04838 -1.40378
4.99671 -1.26663
4.9807 -1.22345
4.64904 1.52893
4.6514 1.55178
4.69194 1.86146
4.69382 1.87263
5.69178 -2.10935
5.60486 -2.09326
4.62269 0.607124
4.62421 0.569411
4.9331 2.71739
4.97679 2.80335
7.11569 -1.2378
7.12782 -1.22364
4.69654 -0.117582
4.68013 -0.00827533
5.71525 3.2947
5.72253 3.29457
6.67321 2.90441
6.74509 2.8478
6.84881 -1.51875
6.80797 -1.55797
7.38339 -0.868749
7.35295 -0.917397
7.44695 1.97095
7.42112 2.01913
7.62183 1.57976
7.58954 1.66388
7.70126 1.3288
7.72016 1.25715
7.73484 -0.0306037
7.74617 0.0197584
7.59892 -0.451578
7.59037 -0.472581
5.31159 3.18015
5.25166 3.13815
5.14543 -1.61873
5.12633 -1.57884
6.48602 3.03788
6.53963 3.00232
4.62697 1.2522
4.6295 1.29516
6.19831 -1.98781
6.20308 -1.9855
5.93001 -2.08908
5.95988 -2.08175
5.79576 -2.11174
5.71416 -2.11115
4.80734 -0.644484
4.78278 -0.546897
4.86014 -0.846438
4.85977 -0.845073
4.61755 0.734232
4.61645 0.78432
4.89708 2.63496
4.8935 2.62726
4.73478 2.09064
4.74305 2.12803
7.48724 -0.689325
7.49178 -0.680514
6.14397 3.2109
6.20636 3.18454
6.42378 3.07601
6.42485 3.07543
5.94156 3.26983
5.96426 3.26569
6.83954 2.76582
6.84577 2.75985
6.60816 2.95432
6.40118 -1.87217
6.3077 -1.92897
6.56808 -1.75492
6.60012 -1.73197
6.8023 -1.56321
6.71376 -1.64007
7.23644 -1.08598
7.25442 -1.06148
7.28401 -1.02021
7.29625 -1.0027
7.8032 0.501868
7.80212 0.461582
4.94871 -1.13233
4.94892 -1.13301
4.75938 -0.43979
4.77973 -0.533993
6.97603 -1.39265
7.01683 -1.35069
4.76973 2.24431
4.7705 2.24732
7.03171 2.57073
6.97426 2.63269
7.80276 0.671888
7.80268 0.678856
7.70484 -0.146821
7.64527 -0.331842
6.02749 -2.05908
6.09872 -2.03326
5.52501 -2.06098
5.57366 -2.08217
5.699 -2.11086
7.03717 -1.32819
7.04787 -1.31645
6.25718 3.16357
6.35545 3.11426
7.75143 1.11346
7.7659 1.03598
7.36926 2.11029
7.34423 2.15165
7.28579 2.24186
7.32455 2.18314
7.19754 2.367
7.21271 2.34643
7.65029 1.49588
7.66721 1.44468
7.74204 1.16269
7.73828 1.17961
7.6321 -0.367334
7.54656 -0.57044
7.54553 -0.57272
6.58428 2.97194
6.48286 3.04
4.6667 1.6884
4.6657 1.68011
4.64146 1.45276
4.63902 1.42347
5.99588 -2.07124
5.82015 -2.10771
5.89483 -2.09781
5.51378 -2.05612
4.85864 -0.84094
4.83946 -0.769879
4.86089 -0.849137
5.43698 -2.00704
5.37415 -1.95156
5.4016 -1.97719
6.02972 3.24994
6.03557 3.24791
6.10199 3.22574
6.23636 3.17242
6.36328 3.11044
6.76687 2.82915
6.41305 -1.86407
6.90485 -1.46595
4.61706 0.962623
4.61641 0.913331
4.62466 1.2122
4.62281 1.16732
4.90647 -0.999634
4.91897 -1.04006
5.21984 -1.75247
5.24269 -1.78654
4.63841 0.356061
4.63277 0.43364
4.66386 0.111127
4.65794 0.157148
4.61847 0.703453
4.62048 0.653952
4.83828 2.47817
4.84026 2.48461
4.79186 2.32436
4.80378 2.36632
7.04022 2.56138
7.09545 2.49686
7.19236 -1.14295
7.23162 -1.09275
7.77609 0.9676
7.76943 1.0139
7.79077 0.849565
7.78981 0.86033
4.61949 1.04033
4.65624 1.59916
4.65968 1.62991
4.64485 1.48762
4.62782 0.523531
7.50923 1.84614
7.53016 1.80154
4.93281 2.71677
4.93259 2.71624
5.76713 3.2938
5.79877 3.29213
6.89275 -1.47765
4.63201 1.33309
4.63393 1.35931
4.8901 -0.94592
5.28923 -1.85457
5.32423 -1.89623
5.1908 -1.7013
5.17766 -1.67773
4.62935 0.480896
4.64376 0.296372
4.65637 0.171342
4.6503 0.227098
4.61726 0.991154
4.616 0.863424
4.61593 0.835531
5.87143 3.28343
5.82658 3.28927
4.73741 -0.336304
4.75119 -0.402049
5.07675 2.95783
5.11727 3.01057
4.7029 -0.154484
4.72226 -0.258837
5.25852 -1.81058
5.28002 -1.8412
4.72314 2.03188
4.7167 2.00068
5.71059 3.29458
5.66353 3.29279
6.50031 -1.80508
6.51774 -1.79212
4.67427 1.74428
6.25304 -1.95887
6.25425 -1.95818
5.41074 3.23223
5.57476 3.28022
5.16504 3.06147
5.13218 3.02675
7.79434 0.342327
7.76996 0.143374
5.04799 -1.40285
5.08651 -1.49175
4.7014 1.91854
4.68372 1.80846
7.54472 -0.574415
7.52953 -0.604953
4.77092 2.24887
4.78674 2.30714
6.80552 -1.56024
6.88398 -1.48609
7.33452 -0.945438
7.42191 -0.806287
7.4087 2.04143
7.46473 1.93689
7.24216 2.3051
7.27026 2.26486
7.62185 1.5797
7.58728 1.6695
7.72293 1.24563
7.69491 1.35212
7.76042 0.0897484
7.71853 -0.096246
5.21369 3.10757
5.35441 3.20471
5.612 3.28788
5.03234 2.896
5.02569 2.88684
7.79933 0.409545
5.01398 -1.31391
5.11348 -1.55013
5.16982 -1.66405
4.70932 1.9609
4.78183 -0.543004
4.82026 -0.695365
5.20823 -1.73203
4.866 2.55606
4.85764 2.53559
5.02283 2.88239
4.9302 2.71082
4.74711 2.14769
4.72952 2.06435
7.43867 -0.77752
6.02071 3.25238
5.89625 3.27918
6.70078 -1.65136
6.61808 -1.71752
6.53594 -1.77898
7.27753 -1.02946
7.43105 -0.790623
7.80419 0.569091
7.55377 1.74838
7.57065 1.70902
4.81406 2.40063
4.82136 2.42548
6.93659 2.67161
7.03673 2.56531
7.80165 0.700884
7.79767 0.77241
7.78372 0.908398
7.7792 0.947223
4.69809 -0.126722
7.1519 2.42769
7.15131 2.42843
7.15276 -1.1932
7.76729 1.02754
7.74273 1.15951
7.4839 1.89874
7.37462 2.10122
7.32835 2.17719
7.15242 2.42703
7.67711 1.41222
7.63716 1.5349
7.79288 0.828464
4.8468 2.50477
6.90877 2.69921
4.65312 1.57114
4.66436 1.66996
4.98854 2.82357
5.81917 3.29034
5.75422 3.29383
6.30172 -1.93247
6.30289 -1.93186
5.36127 -1.93974
4.64973 0.232534
4.67729 1.766
5.63131 3.29023
6.28688 -1.94054
6.20595 -1.98395
4.97283 -1.20221
4.63624 1.38947
7.08042 -1.27944
4.66868 0.0752866
4.64707 0.262615
6.36928 3.10735
4.92587 -1.06235
5.36817 -1.94634
6.48021 3.04176
4.83298 -0.745893
5.43618 -2.0065
6.43933 3.06672
4.94964 -1.13519
