7.68424 -0.271843
7.70429 -0.209577
5.50895 3.29976
5.44349 3.27984
5.10062 3.03637
5.11468 3.05317
7.79548 0.199095
7.80616 0.284528
4.60237 1.10952
4.60183 1.09849
4.96595 -1.2475
4.96082 -1.23367
4.62907 1.51653
4.63271 1.5517
4.67336 1.87227
4.67341 1.87254
5.5987 -2.13263
5.61878 -2.13635
5.42959 -2.04862
5.40138 -2.02534
4.60506 0.596903
4.60571 0.580777
4.92943 2.76846
4.95433 2.81745
7.132 -1.24774
7.13553 -1.24363
4.67645 -0.105247
4.66333 -0.0177888
7.50867 -0.68505
7.50164 -0.698723
6.31687 3.16032
6.37231 3.13153
4.7637 2.30684
4.74937 2.24854
5.75693 3.32411
5.71341 3.32488
6.68012 2.92537
6.73203 2.88448
6.86609 -1.52928
6.84034 -1.55402
7.39553 -0.883043
7.37616 -0.913985
7.45832 1.98625
7.4402 2.02004
7.62887 1.60833
7.60822 1.66212
7.71884 1.32715
7.73376 1.27059
7.74926 -0.0441068
7.76445 0.0234058
7.61892 -0.44759
7.60367 -0.485031
5.30933 3.2172
5.22258 3.1564
5.01714 -1.38477
5.02809 -1.41421
5.14427 -1.67472
5.10387 -1.59039
6.51254 3.0454
6.55328 3.01838
4.60771 1.24024
4.61093 1.29507
4.66319 1.80074
4.66421 1.80837
6.15232 -2.03919
6.19816 -2.01696
5.73362 -2.14775
5.79006 -2.14816
4.78992 -0.65435
4.7755 -0.597092
4.84302 -0.856134
4.83601 -0.830489
5.19995 -1.77407
5.20586 -1.78457
4.63283 0.222739
4.6311 0.238889
4.59962 0.723841
4.59829 0.784615
4.7163 2.10216
4.72197 2.12782
6.14716 3.23633
6.24252 3.19604
6.92164 2.71361
6.84616 2.78589
6.63314 2.96141
6.39785 -1.90147
6.32465 -1.94595
6.58826 -1.76722
6.59681 -1.7611
6.79901 -1.5922
6.73145 -1.65085
6.94466 -1.4525
6.90977 -1.48802
7.26082 -1.0824
7.29605 -1.03439
7.82023 0.508257
7.8187 0.45116
4.93018 -1.14186
4.93481 -1.15694
4.7426 -0.449291
4.76077 -0.533391
5.28232 -1.89878
5.28007 -1.89557
6.99283 -1.40289
7.00806 -1.38723
7.02401 2.60692
6.99473 2.63849
7.8199 0.635437
7.81953 0.668262
7.71895 -0.160037
7.66485 -0.327935
6.0516 -2.08121
6.0936 -2.06598
5.69308 -2.14871
7.04442 -1.34701
7.06356 -1.32601
6.38524 3.12374
6.26033 3.18869
7.78008 1.05
7.7609 1.15274
7.38028 2.12513
7.34459 2.18411
7.29722 2.25724
7.3187 2.22469
7.20862 2.38191
7.23402 2.34745
7.66863 1.49416
7.68061 1.45792
7.64555 -0.379934
7.57826 -0.541776
7.56624 -0.568589
6.58721 2.9953
6.49657 3.05613
4.64915 1.69862
4.6469 1.68003
4.62375 1.46307
4.62044 1.42338
5.99066 -2.10465
5.92111 -2.12507
5.93981 -2.11999
5.85292 -2.13779
5.88933 -2.13296
5.57957 -2.12583
5.54538 -2.11376
4.85702 -0.90681
4.98378 2.86809
5.00249 2.9014
5.96732 3.29319
5.97755 3.29059
6.03293 3.27558
6.07579 3.2607
6.11952 3.2461
6.25303 3.19179
6.43805 3.0926
5.61769 3.31977
5.64102 3.32176
6.78924 2.8355
6.2995 -1.96169
6.43397 -1.87682
6.90138 -1.49651
4.59896 0.97316
4.59817 0.913352
4.6067 1.22266
4.60441 1.16734
4.88018 -0.983284
4.90065 -1.04947
4.62115 0.346057
4.61394 0.445203
4.64711 0.101638
4.64015 0.155638
4.59989 0.714865
4.60235 0.654248
4.80897 2.45993
4.81676 2.48528
4.78064 2.36697
4.76489 2.31155
7.0941 2.52669
7.11491 2.50239
6.93001 2.70523
6.94519 2.68967
7.21813 -1.13916
7.24349 -1.10674
7.7951 0.955651
7.79434 0.96094
7.80839 0.838489
7.8059 0.866368
4.60171 1.04035
4.63591 1.58653
4.6419 1.64025
4.62613 1.48754
4.81552 -0.75578
4.81483 -0.7531
4.61018 0.523818
7.52914 1.84427
7.54182 1.81724
4.91156 2.73011
4.89769 2.69739
4.61414 1.34349
4.61529 1.35923
4.87186 -0.95599
5.16589 -1.7141
5.14605 -1.67851
4.61209 0.470888
4.62455 0.308173
4.59901 0.980573
4.59767 0.852799
4.59766 0.846754
5.86969 3.31197
5.83953 3.31589
4.72047 -0.345894
4.72944 -0.388704
5.06658 2.99131
5.04048 2.95735
4.69787 -0.229467
4.70088 -0.245715
5.39183 -2.01723
5.36739 -1.99478
5.23109 -1.82468
5.24123 -1.83913
4.69946 2.01718
4.69601 2.00046
4.87255 2.64041
4.86335 2.61674
5.67235 3.32381
5.66167 3.3234
6.497 -1.83421
6.53745 -1.80413
4.65532 1.7442
6.24958 -1.98939
6.27344 -1.97579
5.40863 3.26684
5.5935 3.31675
5.13837 3.0782
5.09283 3.02622
7.81024 0.327444
7.78838 0.150281
5.04913 -1.46766
5.06447 -1.50307
4.68279 1.92937
4.67301 1.87001
7.44476 -0.802775
7.55668 -0.588505
4.74578 2.23323
4.76393 2.30779
6.82248 -1.57058
7.34633 -0.959361
7.44007 -0.810801
7.4199 2.05649
7.48361 1.9378
7.25342 2.32024
7.29138 2.26588
7.64027 1.57796
7.59414 1.69732
7.74016 1.24401
7.7084 1.36546
7.77515 0.0759584
7.73723 -0.092514
5.21126 3.14729
5.32248 3.22475
5.61009 3.31926
7.81682 0.416106
4.99397 -1.32419
5.07522 -1.52634
5.14519 -1.67671
4.68598 1.94641
4.76506 -0.552498
4.79665 -0.680874
5.21287 -1.79703
5.17506 -1.73026
4.72848 2.1593
4.70868 2.06414
7.4434 -0.805174
5.90893 3.30524
6.69749 -1.68037
6.6368 -1.72892
6.57968 -1.77364
7.30187 -1.02588
7.82098 0.558542
7.57322 1.74655
7.58376 1.72199
5.27486 -1.88795
5.33638 -1.96268
4.78538 2.38279
4.79812 2.42614
7.05629 2.57086
7.81468 0.772023
7.81431 0.778652
7.80204 0.896886
7.79546 0.953323
4.68167 -0.136016
7.14277 -1.23478
4.8338 2.53784
4.83719 2.54839
4.84258 2.56338
7.15872 2.44779
7.13388 2.47914
7.78569 1.01597
7.75661 1.17324
7.17333 2.42886
7.49544 1.91426
7.39388 2.10215
7.33951 2.19221
7.69505 1.41053
7.65048 1.54808
7.81387 0.783847
4.63534 1.58149
4.64389 1.65725
5.48009 -2.08094
5.44887 -2.06088
5.81742 3.31909
5.76859 3.32336
5.50738 -2.09705
5.35452 -1.98285
4.63857 0.169047
5.01994 2.92875
6.22572 -2.0021
4.9583 -1.22686
4.61668 1.37732
7.12175 -1.25984
4.65416 0.0490704
4.62898 0.262909
4.91194 -1.08598
6.48313 3.06508
5.53401 -2.10867
5.95752 -2.11433
4.95087 -1.20539
