4.69369 -1.18677
4.70326 -1.22187
5.4238 -2.63088
5.41899 -2.6293
5.04941 -2.25322
5.06799 -2.29019
5.92508 -2.51517
5.84824 -2.5509
5.19855 -2.49252
5.2115 -2.50793
5.11569 -2.37721
5.14544 -2.42083
7.99265 0.163122
7.99348 0.169567
4.6145 -0.875452
4.63444 -0.956946
4.52235 -0.458057
4.56368 -0.659639
4.46868 2.06168
4.46875 2.06227
6.18846 3.52709
6.18387 3.5293
4.55732 2.53374
4.57305 2.59882
7.30317 2.60525
7.35922 2.53021
7.434 -1.19693
7.45083 -1.17308
7.29467 -1.38035
7.32736 -1.33985
6.98284 -1.72416
7.02448 -1.68347
6.4099 -2.21392
6.41318 -2.2114
5.63546 -2.62264
5.64941 -2.62045
4.79429 -1.54744
4.76854 -1.46055
4.84861 -1.72495
4.84195 -1.7026
7.85295 -0.400898
7.84528 -0.422602
4.8604 3.30179
4.91798 3.37854
5.1643 3.58235
5.20405 3.60291
4.96104 3.42616
4.99464 3.45879
5.25725 3.62322
5.30987 3.6434
6.00217 -2.47555
6.03907 -2.4548
8.00773 0.296356
8.00686 0.285534
6.81429 3.1166
6.80167 3.12744
6.57632 3.29992
6.60066 3.28313
5.72692 3.66913
5.70884 3.6712
4.45326 1.94246
4.45226 1.93442
4.49192 2.20029
4.48817 2.17963
7.75781 -0.635345
7.75339 -0.645214
7.64111 -0.868576
7.64298 -0.865259
5.95649 3.61641
6.0169 3.59503
6.40725 3.41037
6.32394 3.45729
7.15324 2.78664
7.08344 2.86231
6.97262 2.97263
7.00401 2.94292
7.3838 -1.26627
7.39225 -1.25479
7.53437 -1.04665
7.5019 -1.09745
6.64101 -2.03494
6.63789 -2.03762
6.81902 -1.88096
6.83318 -1.86871
8.01905 0.509769
8.0192 0.582896
6.28311 -2.3029
6.28074 -2.30434
4.7429 -1.36788
4.76586 -1.45155
4.91804 -1.93303
4.92595 -1.95359
4.77088 3.15401
4.74336 3.09826
5.46202 3.67467
5.50589 3.67828
5.71687 -2.60052
5.73885 -2.59435
4.65528 -1.04114
4.65415 -1.03656
4.64859 2.85983
4.64434 2.84816
7.72184 1.90003
7.71272 1.92057
8.01221 0.764785
8.01242 0.762098
4.80869 3.22295
4.8173 3.23709
6.10723 -2.41454
6.17349 -2.37461
6.26404 -2.31539
6.19517 -2.36041
5.42822 -2.63188
5.33209 -2.59934
5.34232 -2.6046
5.26926 -2.55986
5.47694 -2.63766
5.46875 -2.63688
5.03237 -2.21626
5.0056 -2.15677
5.21589 -2.5115
5.16129 -2.4457
4.38734 0.905827
4.38749 0.850099
4.3883 1.03227
4.38765 0.977099
4.40273 1.40395
4.39993 1.35823
4.41116 1.52422
4.40842 1.48654
4.4895 -0.285618
4.50665 -0.377437
4.56457 -0.663905
4.40739 0.376296
4.41089 0.331609
4.39835 0.51236
4.40134 0.462066
4.45978 -0.0976787
4.46464 -0.130271
4.42571 0.174272
4.43283 0.108944
5.86042 3.64351
5.84134 3.64824
6.18231 3.52994
6.296 3.47332
4.54655 2.48403
4.52857 2.39812
4.61243 2.74559
4.60813 2.72986
7.19969 2.73262
7.2244 2.70366
7.99057 0.965275
7.98383 1.01262
7.947 1.21509
7.93055 1.28846
6.73204 -1.95835
6.68295 -1.99981
7.0613 -1.64508
6.9293 -1.77801
7.51114 2.3012
7.47551 2.35906
7.59038 2.16394
7.57312 2.1951
7.42747 2.4325
7.44794 2.40175
7.88052 1.47422
7.89389 1.42896
7.82551 1.64168
7.83614 1.61175
6.41643 -2.20885
6.53684 -2.11814
6.34748 -2.25804
5.52578 -2.63892
5.55901 -2.63607
7.9319 -0.142932
7.94112 -0.107083
7.89204 -0.282609
7.90242 -0.248747
7.88259 -0.313225
7.81141 -0.510048
7.80735 -0.520486
4.91979 3.38077
6.90333 3.03807
6.86529 3.07213
6.77571 3.14902
6.74808 3.17134
6.69262 3.21471
6.6553 3.24295
6.51768 3.3408
4.4427 1.85774
4.44562 1.88249
4.4605 1.99805
4.46992 2.06969
4.50835 2.29651
5.8356 3.64927
5.82459 3.65156
6.07064 3.57649
6.45378 3.3809
6.42924 3.39653
7.03995 2.90663
6.92347 3.02017
6.54591 -2.11072
6.9026 -1.80289
6.73601 -1.95508
7.11874 -1.58518
8.01668 0.672823
8.01296 0.752076
6.54148 -2.11436
6.32262 -2.27547
4.73557 3.08303
4.80299 3.21238
8.01703 0.434938
8.01901 0.491954
4.42823 1.7206
4.43033 1.74316
4.41585 1.5814
4.41852 1.61484
4.39138 0.668169
4.38965 0.72286
4.39679 0.541216
4.39433 0.592482
7.77621 1.77185
7.75537 1.82299
7.68578 1.97789
7.66628 2.01851
4.70925 3.02159
4.68746 2.96761
7.1971 -1.4967
7.22206 -1.46802
4.59914 -0.81058
4.392 1.17807
4.39383 1.23109
4.38862 1.04911
4.38981 1.1041
5.66928 3.67584
5.63878 3.67867
4.56497 -0.665774
4.56599 -0.670329
4.71227 3.02953
4.72218 3.05306
7.16149 2.77752
7.16616 2.77224
7.14499 -1.55589
7.17648 -1.52043
7.13023 -1.5724
4.94073 -1.995
4.9512 -2.0216
8.01742 0.652695
5.11547 3.55375
5.09886 3.54313
5.94041 -2.50808
5.93828 -2.50911
5.74222 3.66673
5.78409 3.65954
7.98255 0.0999168
7.97179 0.0340362
4.46858 2.061
4.92107 3.38216
8.00474 0.850086
8.01182 0.769749
4.71821 -1.27739
4.67118 -1.10276
4.82124 -1.63634
4.80486 -1.58141
4.96364 -2.0565
4.97722 -2.08945
5.03547 -2.22378
5.07575 -2.30347
5.08273 3.53118
5.01721 3.47943
5.82302 -2.56266
5.93668 -2.50982
8.00043 0.22983
7.9919 0.157375
4.39809 1.29459
4.39891 1.3436
4.38758 0.96919
4.38735 0.9136
4.38986 0.786597
4.38746 0.842257
4.40673 1.46421
4.40395 1.42238
4.4025 0.444554
4.40576 0.396843
5.53844 3.68033
5.61121 3.68002
4.44104 0.0393434
4.44754 -0.0113442
7.70296 -0.751261
7.69996 -0.757328
4.58159 2.63075
4.54961 2.49922
7.97085 1.09222
7.96056 1.14842
7.2921 2.61938
7.36726 2.5192
7.48498 -1.12273
7.42486 -1.20975
7.33998 -1.3232
7.27195 -1.40884
7.55127 2.23326
7.52563 2.27714
7.85425 1.55783
7.86609 1.52143
5.67697 -2.6125
5.60435 -2.62985
4.76782 -1.45821
4.86738 -1.78536
5.21297 3.6068
5.15014 3.57481
5.3415 3.65192
6.06581 -2.43981
5.98868 -2.48263
5.75582 -2.58745
8.00863 0.307123
7.95595 -0.0420089
7.96861 0.0179949
7.94672 -0.0846547
4.87728 -1.81441
4.88286 -1.83024
7.66234 -0.828791
7.80364 -0.529353
7.58268 -0.969286
7.38153 -1.2694
7.5726 -0.986083
8.01844 0.620093
6.08861 -2.42607
4.7357 -1.34113
5.40795 3.66671
5.69425 -2.60869
4.64158 -0.985983
4.66322 -1.07282
4.42168 1.65077
4.42411 1.679
4.39382 0.604536
4.39173 0.657675
4.63294 2.81423
4.66512 2.90724
4.39007 1.11345
4.39163 1.16759
4.66937 -1.09602
5.51334 -2.63881
4.99679 -2.13485
5.10408 -2.35583
5.15427 -2.43492
4.38836 1.0406
4.41323 1.55069
4.48294 -0.248521
4.41289 0.307659
4.39737 0.527282
4.48085 -0.236136
4.41994 0.230256
4.59878 2.697
4.51714 2.3408
4.62531 2.78904
7.23776 2.68732
8.00131 0.880447
7.91937 1.33422
7.42184 2.44081
7.24747 -1.43777
7.62843 2.09321
7.6181 2.11293
7.46998 2.36776
7.90433 1.39084
7.80414 1.70006
5.59228 -2.6309
7.92609 -0.165325
6.72452 3.19069
4.43835 1.82229
4.45102 1.9253
4.63854 -0.973516
4.43517 1.79067
4.38932 0.732021
4.67767 2.94039
4.51199 2.31495
7.7946 1.72573
7.73138 1.87861
7.6396 2.07168
4.3942 1.24284
5.68132 3.67427
5.38865 3.66346
8.01638 0.418794
6.7094 3.20213
6.82675 3.10617
4.90171 -1.88535
6.18581 -2.36664
6.3465 -2.25879
6.62144 3.26845
4.43687 1.80718
7.9164 -0.200576
