6.34594 -0.80015
6.30042 -0.81506
6.7211 -0.524314
6.70779 -0.539715
5.44028 1.57799
5.42516 1.53405
5.52175 1.76619
5.52841 1.77729
6.69032 1.80921
6.73143 1.76093
6.84519 1.60746
6.85558 1.59067
5.42368 -0.0513086
5.42779 -0.065203
6.43025 2.02545
6.45477 2.01132
6.21016 2.12356
6.11458 2.14089
6.09044 2.14275
6.00098 2.14055
5.78921 2.06861
5.7986 2.07469
6.82976 -0.387944
6.85028 -0.358274
6.57656 -0.661566
6.53529 -0.692095
5.3194 0.915606
5.31769 0.875532
5.33915 1.14719
5.33937 1.14867
7.12098 0.827938
7.12638 0.777442
7.09679 0.984874
7.09977 0.9703
5.38027 1.36711
5.39949 1.44462
5.63044 1.92795
5.60694 1.89961
6.57483 1.92143
6.60914 1.89006
6.96365 1.38967
6.94303 1.43322
5.758 -0.686436
5.6944 -0.614539
5.94102 -0.809984
5.8491 -0.760999
6.13001 -0.846745
6.12655 -0.846527
7.05097 0.0596549
7.04695 0.0467865
6.9504 -0.185279
6.96237 -0.161844
5.58015 -0.444782
5.58191 -0.447829
5.49512 -0.262047
5.49175 -0.252991
5.37768 0.141423
5.38857 0.0903334
5.33965 0.367458
5.3368 0.391417
5.31896 0.615889
5.31706 0.664641
7.13524 0.549949
7.13541 0.555444
7.10616 0.282073
7.11031 0.305878
7.06053 1.13397
7.07717 1.06639
7.04994 1.16645
7.02626 1.23617
7.08287 1.04485
7.10103 0.963175
6.55136 1.9416
6.64981 1.85156
6.99258 1.32485
6.99542 1.31844
7.05515 1.15141
6.51043 1.97299
6.68065 1.82031
6.37118 2.06048
6.34752 2.07198
6.23591 -0.833752
6.43297 -0.757933
6.31709 2.08663
6.25956 2.107
5.90879 2.12218
5.8988 2.11965
6.78158 -0.451455
6.69845 -0.549735
5.32719 1.03268
5.32538 1.0103
5.40728 1.47448
5.45107 1.60531
5.57264 1.8493
5.51654 1.75655
6.75322 1.73397
6.68723 1.81282
6.82583 1.63653
6.90025 1.51434
5.84865 -0.760731
5.76387 -0.691677
7.00831 -0.0605667
7.00817 -0.0609329
5.49897 -0.271993
5.53727 -0.355647
5.43082 -0.075023
5.40128 0.0372837
5.327 0.49036
5.32384 0.529936
7.12505 0.411675
7.12715 0.431923
6.46034 -0.743266
6.13253 -0.846475
6.47985 1.99347
6.40203 2.04352
6.10471 2.14258
5.85756 2.10121
5.70057 2.00319
6.8667 -0.332268
6.91133 -0.25769
6.62495 -0.619204
5.31582 0.795923
5.3384 1.14101
5.35755 1.25772
5.36461 1.29346
7.13283 0.700764
7.11509 0.873945
5.63585 -0.534118
5.58488 -0.452687
5.6693 -0.583846
5.48021 1.67702
5.69772 2.00048
5.69042 1.99269
6.78451 1.69402
6.93167 1.45543
6.97004 1.37608
5.96157 -0.816792
6.03488 -0.837551
7.07988 0.16016
7.00739 -0.0627326
7.08396 0.17703
5.4606 -0.164109
5.3573 0.241988
5.44949 -0.132163
5.35645 0.246914
5.31555 0.770023
5.35613 0.248966
5.31577 0.744167
7.13545 0.58077
7.13405 0.676133
6.99762 1.31321
