7.50654 -0.394097
7.47103 -0.477095
4.74554 1.3296
4.74797 1.35984
5.82089 -1.89219
5.83003 -1.89265
4.96501 -0.770447
4.9698 -0.785872
4.84145 -0.277405
4.82563 -0.196813
4.75487 0.293483
4.75813 0.260807
4.72685 0.782523
4.72633 0.797289
7.21135 -0.93074
7.20876 -0.93457
6.62069 -1.55076
6.59651 -1.5686
7.69713 0.462077
7.69952 0.526069
7.68501 0.861631
7.68917 0.822579
7.58466 -0.178625
7.56538 -0.23729
5.32553 2.95157
5.24667 2.87922
5.52332 3.06405
5.43427 3.02357
7.68503 0.302493
7.67719 0.236147
5.31366 -1.56919
5.27135 -1.5043
5.13923 -1.24983
5.18017 -1.33604
4.76938 1.56605
4.77575 1.61649
4.7869 1.6953
4.79379 1.7396
4.82354 1.90032
4.83663 1.965
6.02791 -1.86649
5.99052 -1.87512
5.68568 -1.87082
5.64184 -1.85686
4.91352 -0.584879
4.92809 -0.639188
5.47541 -1.75572
5.53885 -1.80236
5.37721 -1.65351
5.36254 -1.63494
5.00578 -0.898881
5.0328 -0.978302
5.11745 2.71509
5.13458 2.74135
6.38066 2.93961
6.39795 2.93072
6.10041 3.06157
6.15427 3.04302
5.93446 3.0997
5.99533 3.08732
5.70156 3.10664
5.73902 3.10925
6.42198 -1.68896
6.38424 -1.71075
6.82343 -1.37716
6.78508 -1.41202
7.30894 -0.781025
7.34831 -0.716132
7.47092 1.67504
7.45426 1.71386
6.5514 2.83565
6.53764 2.8447
7.50536 1.59066
7.52362 1.54256
4.7269 0.927709
4.72765 1.02526
5.13896 -1.24925
5.10244 -1.16088
4.80026 -0.0557743
4.78414 0.0506092
4.7438 0.417154
4.73737 0.499914
4.82114 -0.172982
4.80852 -0.104885
7.46229 -0.496978
7.52171 -0.356492
7.63427 1.17209
7.634 1.17324
6.89923 2.5411
6.85496 2.58467
6.99265 2.44113
7.00513 2.42651
6.99009 -1.20606
7.01625 -1.17718
7.37643 1.87607
7.39031 1.84898
7.29959 2.01655
7.30145 2.01337
7.18368 2.19603
7.20889 2.15955
7.09562 2.31678
7.10957 2.29873
7.59066 1.33921
7.58398 1.36236
7.66752 0.996201
7.67518 0.94313
7.54749 -0.288134
7.60234 -0.119427
4.73566 1.18818
4.73365 1.14877
5.60548 -1.83943
5.57319 -1.82408
4.74831 0.362678
4.74584 0.391309
4.7309 0.6344
4.73031 0.652165
4.72659 0.898078
4.98446 2.45601
4.95686 2.38703
4.94378 2.34963
4.94853 2.36437
4.8857 -0.479389
4.88672 -0.483644
4.7285 1.0402
4.72872 1.05576
4.74086 1.26974
5.97769 -1.87784
5.96278 -1.88024
5.73466 -1.88294
4.85475 -0.340144
6.70453 2.71999
6.72414 2.70418
6.63744 2.77438
6.68798 2.73354
4.76132 0.232175
4.76532 0.195539
4.73492 0.542094
4.73598 0.521771
4.72986 0.669246
4.72667 0.767513
7.116 -1.05801
7.12514 -1.04682
6.94643 -1.25462
7.69812 0.686862
7.69595 0.734252
7.38509 -0.648937
7.36285 -0.690759
5.34991 -1.61951
5.32995 -1.59429
5.0076 2.50831
6.30463 2.97922
6.27835 2.99148
7.62009 -0.0563954
7.64621 0.0523681
4.7659 1.53574
4.76042 1.48815
5.87874 -1.89095
5.90083 -1.8891
5.4054 -1.68706
5.40846 -1.69006
4.91706 2.26994
4.89626 2.19976
6.17681 -1.81545
6.22478 -1.79584
7.54277 1.48887
7.55515 1.4538
7.61786 -0.0653942
6.07807 -1.85189
6.12234 -1.83712
4.88692 -0.48445
5.00111 -0.884622
4.99814 -0.875398
7.65706 0.112471
7.64728 0.0577022
5.42381 3.01796
5.33211 2.95664
5.21332 -1.40135
5.22327 -1.42145
4.75045 1.38932
4.74281 1.29568
4.81398 1.85301
4.80591 1.80902
4.97282 -0.795333
4.94099 -0.685746
5.06667 -1.07078
5.04691 -1.01872
6.62397 2.78421
6.98773 2.44673
6.9253 2.51386
5.06798 2.63195
5.04405 2.58745
6.27717 -1.7689
6.23165 -1.79237
7.16823 -0.98872
7.21811 -0.92103
6.25127 3.00417
6.16743 3.03774
5.87059 3.10733
5.83014 3.11055
6.52085 -1.62414
6.69338 -1.49189
7.25996 -0.857586
7.27991 -0.82716
7.33874 1.94729
7.34753 1.93126
7.11524 2.29106
7.16013 2.22972
7.61379 1.25589
7.61053 1.26867
7.6997 0.553911
7.69517 0.419987
6.44541 2.90355
6.45546 2.89804
7.66824 0.176045
5.22875 2.86054
5.55932 3.07613
5.62386 3.09347
5.1736 2.79403
7.6914 0.369056
5.23605 -1.44552
5.32366 -1.58498
5.13911 -1.24959
4.75797 1.46506
4.77674 1.62435
4.76774 1.55232
4.79592 1.75165
4.85619 2.05211
4.88723 -0.485654
4.9906 -0.850582
5.46493 -1.74574
5.55198 -1.81193
5.08164 -1.10857
4.76817 0.171103
4.77957 0.0824443
5.09717 2.68089
6.32399 -1.74608
4.86166 2.07629
4.85919 2.06568
6.33866 2.96216
6.09022 3.06468
5.77164 3.10959
6.03943 3.07829
5.66004 3.10019
6.72152 -1.46877
6.49391 -1.64183
6.87228 -1.32941
7.3562 -0.702431
7.69994 0.634616
7.43338 1.75971
7.49006 1.62932
6.46572 2.89192
7.14757 -1.01726
6.9402 -1.26123
4.87418 2.124
4.80214 -0.067813
7.64923 1.09995
7.63317 1.17674
7.65146 1.08755
7.654 1.07517
6.8114 2.6265
6.78142 2.65342
7.05602 2.36582
7.09182 -1.08853
7.08087 -1.10183
7.41295 1.80326
7.29063 2.03159
7.24638 2.10275
7.25585 2.08821
7.56526 1.42274
7.66097 1.03523
7.67975 0.909917
7.69348 0.768631
7.41379 -0.595884
7.41202 -0.599357
6.75861 2.67383
7.2618 2.07896
5.92793 -1.88624
5.43687 -1.71891
5.84549 -1.89205
5.40143 -1.683
6.12669 -1.83574
6.06581 -1.85534
5.0236 2.54562
7.4208 -0.581803
7.07484 -1.10909
7.03588 -1.15499
7.69984 0.644839
