7.65723 -0.246559
7.66672 -0.217072
7.76545 0.227211
7.77096 0.271324
4.63919 1.13087
4.63663 1.07823
5.08408 -1.42641
5.06922 -1.39307
5.02625 -1.285
4.99978 -1.21364
4.66822 1.54084
4.66936 1.55187
4.70977 1.85108
4.71342 1.87272
6.09741 -2.0038
6.03818 -2.02556
5.63866 -2.06061
5.61078 -2.05545
4.63963 0.616941
4.64199 0.558496
7.10002 -1.22825
7.12043 -1.20445
4.70346 -0.0470413
4.69627 0.000861039
6.66657 2.88429
6.7446 2.82283
6.49245 -1.78428
6.40443 -1.8435
6.83221 -1.50863
6.8056 -1.53419
7.37174 -0.855022
7.33066 -0.920674
7.43603 1.95626
7.40281 2.01825
7.68438 1.33039
7.70088 1.26781
7.72099 -0.017636
7.72861 0.0162555
7.57973 -0.455409
7.5776 -0.460624
5.31376 3.14457
5.27959 3.12062
5.51282 3.23631
5.51285 3.23632
5.14441 -1.56039
5.14815 -1.56763
4.64547 1.26369
4.64733 1.29524
5.90218 -2.06354
5.997 -2.04029
5.80125 -2.07667
5.88474 -2.06609
4.82408 -0.635008
4.80539 -0.560777
4.63477 0.744212
4.63389 0.784036
4.93246 2.65406
4.91398 2.61441
6.20668 -1.95517
6.23468 -1.94022
4.75253 2.07958
4.76329 2.12824
7.46554 -0.693655
7.48801 -0.650035
6.14091 3.18648
6.17163 3.17349
6.40892 3.05875
6.42189 3.05179
5.90411 3.25001
5.95236 3.24122
6.58416 2.94751
6.81809 2.75858
6.7507 2.81794
6.60331 -1.70382
6.69614 -1.62933
6.5487 -1.74311
6.59631 -1.70901
7.27209 -1.00617
7.30762 -0.955331
7.78684 0.495731
7.78619 0.471591
4.7755 -0.430665
4.78402 -0.470104
5.23691 -1.72563
5.26073 -1.76088
6.9599 -1.38281
7.02526 -1.31559
4.77455 2.1773
4.78941 2.23553
6.95987 2.62143
6.95461 2.62711
7.78632 0.677281
7.78483 0.710002
5.36783 -1.8978
5.36868 -1.8986
7.69128 -0.134128
7.62646 -0.335595
6.00433 -2.03783
6.10365 -2.00173
5.58516 -2.04509
5.60077 -2.05189
5.70471 -2.07438
7.0302 -1.31012
7.03281 -1.30727
6.25416 3.13944
6.32417 3.10432
7.35843 2.09573
7.37173 2.07298
7.27481 2.22709
7.30447 2.18218
7.1869 2.35268
7.19224 2.34544
7.63267 1.49754
7.65435 1.43196
7.72461 1.16433
7.70692 1.24404
7.7758 0.835358
7.77414 0.854455
7.61917 -0.355234
6.58147 2.9495
6.56556 2.96033
6.52626 2.98658
4.65847 1.44286
4.65686 1.42355
6.0009 -2.03915
5.78553 -2.07594
5.90011 -2.06405
5.51992 -2.01685
4.86474 -0.791808
4.86266 -0.784115
5.47443 -1.98779
5.42968 -1.95453
5.43537 -1.95983
6.07805 3.20856
6.08516 3.20618
6.22035 3.15381
6.34799 3.09268
6.83289 2.74567
6.39164 -1.85102
6.37472 -1.86125
6.90825 -1.436
4.63445 0.952504
4.63393 0.91331
4.64192 1.20215
4.64048 1.1673
4.93172 -1.01534
4.93657 -1.03101
4.94846 -1.06791
4.96746 -1.12269
5.27925 -1.78849
4.65499 0.365669
4.65085 0.422535
4.67996 0.120239
4.67669 0.145632
4.63632 0.692493
4.63789 0.653669
4.81906 2.34129
4.826 2.36569
7.05673 2.51496
7.07677 2.49156
7.16761 -1.14659
7.1767 -1.13496
7.75784 0.979075
7.75088 1.02747
6.18476 -1.96451
4.63655 1.04031
4.67578 1.61129
4.67674 1.61997
4.66283 1.48771
4.64475 0.523256
4.98108 2.75667
4.99882 2.78952
7.4901 1.84794
7.51895 1.78646
5.7689 3.26484
5.81355 3.26248
6.87583 -1.46733
7.58049 1.64194
7.57109 1.66561
4.64917 1.3231
4.65183 1.35939
4.90761 -0.936249
4.88526 -0.862196
5.21471 -1.689
5.20938 -1.67943
4.64593 0.490508
4.66222 0.285039
4.6728 0.180865
4.66902 0.215602
4.63479 1.00132
4.63361 0.873628
4.63348 0.824754
5.8731 3.25603
5.84044 3.26028
6.85219 2.7278
4.75368 -0.327094
4.77207 -0.414865
5.11159 2.95829
5.11981 2.96899
4.69503 1.75476
4.6934 1.74437
4.72125 -0.15533
4.7428 -0.271439
5.28488 -1.79703
5.2958 -1.81259
4.74588 2.04601
4.73657 2.00088
5.66533 3.26335
5.66479 3.26328
5.41277 3.199
5.51271 3.23627
5.19066 3.04539
5.17353 3.0273
7.77907 0.35662
7.75228 0.136741
5.04689 -1.33982
5.10768 -1.48087
4.71927 1.90814
4.70318 1.80855
4.79759 2.26547
4.80874 2.30651
6.78799 -1.54956
6.85232 -1.48995
7.32317 -0.932067
7.39979 -0.809538
7.39795 2.02696
7.4466 1.93602
7.23136 2.29056
7.24998 2.26389
7.6037 1.5814
7.70614 1.24721
7.68195 1.3393
7.74628 0.102992
7.70056 -0.0998301
5.21601 3.06942
5.38508 3.18547
5.61388 3.25709
5.10258 2.94575
5.04913 2.87214
7.78254 0.403243
5.0332 -1.30403
5.15159 -1.57383
5.19357 -1.65184
4.68373 1.67849
4.68159 1.66146
4.68428 1.68233
4.73173 1.97482
4.88062 -0.8466
4.79876 -0.533422
4.84294 -0.709283
4.89815 2.57343
4.87759 2.52306
5.02614 2.83639
4.95403 2.70346
4.76501 2.13653
4.74952 2.06456
7.43513 -0.748876
7.52455 -0.576906
6.03061 3.22288
5.99942 3.23013
5.88407 3.25415
6.704 -1.62299
6.59982 -1.70639
6.5035 -1.77694
7.2533 -1.03302
7.22003 -1.0791
7.41907 -0.776507
7.78808 0.579222
7.53509 1.75014
7.55806 1.69657
4.8416 2.41777
4.84368 2.42485
6.95116 2.63067
7.01707 2.55973
7.78746 0.623422
7.78169 0.766416
7.76614 0.919453
7.76358 0.941365
4.71448 -0.117441
4.71663 -0.129916
7.13662 2.41783
7.09703 2.46674
7.16234 -1.15327
7.72867 1.1456
7.74878 1.03917
7.47282 1.88383
7.3557 2.10031
7.31722 2.16221
7.17102 2.37381
7.65987 1.41384
7.62436 1.52224
7.77204 0.872775
6.47729 3.0185
6.45893 3.02949
4.85092 2.44741
6.88802 2.69332
4.67018 1.56121
5.82089 3.26213
5.74015 3.2649
6.26066 -1.92609
6.30624 -1.9024
5.32169 -1.84343
5.22652 -1.70981
4.66623 0.242098
5.66637 3.26343
5.71703 3.26545
4.98679 -1.17853
4.65502 1.40113
7.04072 -1.29826
4.68261 0.100463
7.61465 1.55064
4.66444 0.262332
4.86767 2.49486
6.36627 3.08328
4.93924 -1.03966
5.40098 -1.92948
7.56541 -0.487858
7.53171 -0.56197
6.52244 2.98911
4.84976 -0.736392
5.44253 -1.96591
