7.63721 -0.227813
7.63888 -0.222628
7.55711 -0.441443
7.54847 -0.461644
5.31706 3.09034
5.32229 3.09383
7.74318 0.248056
7.74487 0.261535
4.6665 1.14669
4.66243 1.06321
5.1377 -1.45975
5.10076 -1.37686
5.04519 -1.24336
5.02867 -1.1988
4.73676 1.83537
4.74309 1.87286
6.06077 -1.97018
6.0087 -1.98931
5.37763 -1.83516
5.34106 -1.79179
4.66525 0.631797
4.66888 0.541977
7.07632 -1.2138
7.10923 -1.17541
6.65652 2.85383
6.70878 2.81267
6.41826 -1.79333
6.40946 -1.79925
7.35411 -0.834247
7.32585 -0.879409
7.76206 0.486435
7.76207 0.486751
7.70002 0.00198939
7.70204 0.0109543
5.51585 3.18666
5.56948 3.20079
5.12378 2.90385
5.15228 2.93844
5.14285 -1.47119
5.18331 -1.54955
4.67347 1.28107
4.67431 1.29537
4.70352 1.60439
4.70501 1.61616
5.85243 -2.01788
5.80959 -2.02331
5.61977 -1.99794
5.53234 -1.9589
4.901 -0.809839
4.89425 -0.786697
4.84941 -0.620668
4.83962 -0.581784
5.48788 -1.92942
5.45203 -1.90518
4.66082 0.759315
4.66029 0.783606
4.91519 2.52052
4.94509 2.59489
5.03227 2.76854
5.03381 2.77089
4.98601 2.68297
4.98368 2.67798
4.88669 2.44302
4.87473 2.41068
7.4327 -0.700206
7.48231 -0.603907
6.38644 3.03263
6.41708 3.01618
5.90739 3.2091
5.93435 3.20419
6.59823 2.89856
6.78401 2.74891
6.74056 2.78719
6.60833 -1.65967
6.66772 -1.61201
6.51938 -1.72523
6.53089 -1.71699
7.25406 -0.98492
7.29533 -0.925867
5.30572 -1.74914
5.27618 -1.70544
6.97114 -1.33126
6.93548 -1.36793
4.79849 2.1411
4.81803 2.21769
7.75821 0.739353
7.76148 0.667959
4.72546 -0.00983259
4.72166 0.0152352
5.43984 -1.89378
5.44954 -1.90292
7.67076 -0.11492
7.61684 -0.286733
7.53568 -0.490758
7.5975 -0.341373
5.96248 -1.99942
6.1112 -1.95348
5.71335 -2.01917
5.69655 -2.01566
7.06835 2.45867
7.05112 2.47886
7.11242 -1.17152
7.1535 -1.12039
7.01869 -1.28026
7.03917 -1.25766
6.24958 3.10293
6.27683 3.08926
7.41947 1.93398
7.42209 1.92888
7.34127 2.07264
7.37388 2.01685
7.25821 2.20475
7.27407 2.18072
7.15178 2.35391
7.16618 2.33527
7.60601 1.50005
7.61872 1.46161
7.65764 1.33291
7.63465 1.41248
7.69823 1.16681
7.68574 1.2231
7.74985 0.845341
7.75634 0.770566
7.59929 -0.336623
6.54349 2.93597
6.50507 2.96164
4.68421 1.42788
4.68386 1.42367
5.90814 -2.01274
5.72389 -2.01937
5.52922 -1.95743
4.90801 2.50398
6.17573 3.13389
6.19612 3.12566
6.32486 3.0658
6.41932 3.01486
6.41741 3.016
6.82279 2.71508
6.35716 -1.83
6.31131 -1.85773
6.9134 -1.39067
4.66076 0.937189
4.66044 0.913279
4.66804 1.18695
4.66722 1.16727
4.97257 -1.04074
4.99592 -1.10807
5.23655 -1.64566
5.26091 -1.68218
5.32701 -1.77538
4.68007 0.380209
4.67821 0.405729
4.66332 0.675907
4.66424 0.65324
6.87364 2.66752
6.92334 2.61823
7.73021 0.996441
7.72703 1.01853
6.15223 -1.93465
4.66239 1.04028
4.68912 1.47837
4.67038 0.522839
4.98633 2.68365
4.99311 2.69621
7.00801 -1.29215
7.46116 1.85067
7.50199 1.76365
5.77157 3.22101
5.79284 3.21989
6.85022 -1.45173
7.57013 1.5999
7.543 1.66825
6.57149 2.9175
4.67514 1.30798
4.67891 1.35952
6.29367 -1.86661
6.21191 -1.90918
4.93412 -0.921614
4.92409 -0.888404
4.95103 -0.977103
4.67102 0.505054
4.69014 0.267887
4.69767 0.195277
4.69735 0.198204
4.66132 1.01669
4.66025 0.889071
4.66003 0.808443
6.08595 3.16537
6.0673 3.17088
6.8561 2.68426
4.7783 -0.313156
4.79061 -0.371903
4.69023 1.48876
4.69013 1.48783
4.72752 1.77493
4.72272 1.74451
4.76511 -0.243267
4.77387 -0.29051
4.76664 2.00119
4.7756 2.04459
5.66815 3.217
5.64052 3.21339
4.96394 -1.01632
5.4159 3.14768
5.23024 3.02055
7.75597 0.378251
7.72552 0.126702
5.07493 -1.31528
5.13971 -1.4644
4.74632 1.8924
4.73263 1.80868
4.87553 -0.721895
4.87825 -0.731508
4.83796 2.29059
4.84203 2.30557
6.76109 -1.53316
6.80381 -1.49587
7.3052 -0.910898
7.36631 -0.814459
7.38103 2.00419
7.4191 1.9347
7.215 2.26855
7.21929 2.26241
7.57624 1.58399
7.67922 1.24974
7.66153 1.3191
7.76265 0.577528
7.76196 0.484244
7.72487 0.123034
7.67338 -0.105254
5.21959 3.01075
5.43298 3.1554
5.61672 3.2105
5.0846 2.84988
7.75711 0.393707
5.22055 -1.61672
5.06343 -1.28849
5.22951 -1.63337
4.71085 1.66271
4.69724 1.552
4.71653 1.70235
4.76566 1.99589
4.87062 -0.704175
4.91199 -0.847735
4.82437 -0.51892
4.70465 0.134283
4.70546 0.12796
4.94767 2.60017
5.03116 2.76666
4.98615 2.6833
4.79275 2.11924
4.78007 2.06487
7.42977 -0.705526
7.49262 -0.583276
6.13182 3.15019
6.03315 3.18119
5.94546 3.20157
5.86481 3.21453
5.72172 3.22112
5.71878 3.22096
6.70904 -1.57867
6.56972 -1.68804
6.50844 -1.73342
7.21661 -1.03841
7.20231 -1.05822
7.40094 -0.755144
7.76271 0.595167
7.50681 1.7528
7.53901 1.67773
4.80484 -0.434974
6.97448 2.56514
6.98732 2.55129
7.76244 0.622015
7.75735 0.757283
4.74004 -0.102972
4.74799 -0.149163
7.00414 2.5323
7.11349 2.4029
7.17748 -1.09024
7.70739 1.12456
7.72012 1.05719
7.45606 1.86127
7.32565 2.09887
7.30037 2.13954
7.20089 2.28835
7.63346 1.41632
7.60499 1.50309
7.73981 0.932447
7.73803 0.945083
7.74111 0.921532
6.47282 2.98284
4.8574 2.35734
5.39018 -1.84708
4.69989 0.175094
5.82356 3.21845
6.19592 -1.91604
4.6912 0.256572
5.00791 -1.1427
4.68346 1.41879
6.81063 -1.48981
7.6038 1.50658
4.69073 0.261904
6.3617 3.04686
5.45063 -1.90396
7.51178 -0.543313
6.48118 2.9774
4.86047 2.36675
