6.03945 -2.73596
6.02517 -2.7467
4.57446 -1.44851
4.56095 -1.38838
8.04548 -0.298447
8.06062 -0.248976
8.16771 0.420158
8.16773 0.420897
4.66202 -1.8135
4.66471 -1.82362
4.23775 1.35828
4.23419 1.31247
4.22744 0.850287
4.22669 0.808831
6.85217 3.30904
6.82167 3.33426
4.35158 -0.438815
4.37019 -0.539194
4.29304 2.05988
4.29513 2.07809
4.85842 -2.6088
4.85008 -2.57054
4.2794 0.0131061
4.27836 0.0214918
4.25494 0.251053
4.25364 0.264717
7.83288 -0.830318
7.86141 -0.772497
5.3466 -3.15491
5.32936 -3.15986
6.43345 3.61943
6.38014 3.65169
7.83865 2.00229
7.86785 1.93705
4.36463 2.54885
4.35747 2.50477
5.0371 3.86492
5.03918 3.86606
7.14095 3.03659
7.21694 2.95685
8.12049 1.09377
8.10523 1.17867
5.24796 -3.18516
5.24211 -3.18598
7.45316 2.66491
7.48033 2.62844
4.60649 3.39244
4.61251 3.40421
4.70866 3.56749
4.74298 3.61581
5.52612 -3.06766
5.55902 -3.04768
8.01198 1.55361
7.98398 1.63802
8.17012 0.568781
8.16728 0.667316
4.88594 -2.70924
4.88869 -2.71863
5.10165 -3.16437
5.102 -3.16457
5.02926 -3.08886
5.0338 -3.0936
4.97247 -2.97629
4.97245 -2.97625
4.91357 -2.80675
4.93048 -2.85602
4.68871 -1.91735
4.70332 -1.98048
4.62795 -1.6689
4.61326 -1.60792
6.64703 3.47271
6.60798 3.50073
6.00528 3.83673
6.02602 3.82851
5.76786 3.91512
5.66055 3.93809
6.25755 3.72065
6.26684 3.71602
4.44325 2.92596
4.4423 2.92172
7.08867 3.09066
7.27645 2.88863
7.21968 2.95388
7.63849 -1.16933
7.65241 -1.14773
7.53709 -1.31841
7.55616 -1.29142
7.01735 -1.92032
7.06969 -1.86836
6.85341 -2.07709
6.87862 -2.05457
6.40689 -2.45685
6.40459 -2.45877
6.65886 -2.24897
6.65485 -2.25226
7.96211 -0.541012
7.93936 -0.599123
5.63528 3.94202
5.56033 3.95123
7.70289 -1.0662
7.74802 -0.989032
4.53393 3.22028
4.5163 3.17124
6.95376 3.21933
6.99363 3.18191
4.31397 2.21459
4.32383 2.28206
7.16353 -1.76836
7.21497 -1.71256
6.06895 -2.71469
6.08033 -2.70639
4.55153 -1.34731
4.55765 -1.37324
4.60451 -1.57347
4.22656 0.999406
4.22642 0.977288
4.24368 1.49653
4.24309 1.48578
5.88006 3.88315
5.86004 3.88863
4.39285 -0.647297
4.37141 -0.545357
4.23818 0.480223
4.2391 0.464707
5.49303 3.95537
5.47232 3.95652
4.32978 2.31443
4.33471 2.35226
4.32004 -0.26288
4.31244 -0.216436
7.92171 1.80734
7.95125 1.73041
7.74282 2.19845
7.7764 2.13288
4.37935 2.62983
4.3945 2.71011
4.96772 3.82512
4.91994 3.79338
5.135 3.90515
5.17019 3.91723
5.31263 3.94753
5.37679 3.95388
4.83203 -2.49868
4.82088 -2.45475
8.0497 1.4215
8.07108 1.33781
7.36251 2.78508
7.41471 2.71768
7.49088 2.61353
7.54216 2.539
6.93686 -1.999
6.97464 -1.96346
7.60971 2.43384
7.65018 2.36746
4.66972 3.50766
4.64116 3.45997
4.55832 3.28182
4.57197 3.31683
4.72164 -2.05698
4.7277 -2.07766
4.77634 -2.2701
4.78047 -2.2852
4.73284 -2.09801
4.74553 -2.14686
8.03981 1.45924
8.02871 1.49776
5.86781 -2.85542
5.87325 -2.85191
5.72207 -2.95034
5.75384 -2.93074
8.07334 -0.203196
8.00428 -0.427148
7.98307 -0.485428
8.15193 0.220816
8.15215 0.222958
6.67978 3.44749
6.71645 3.41941
6.89443 3.27197
6.92413 3.24587
5.91347 3.8717
5.99088 3.84286
6.09722 3.79832
6.0459 3.82037
5.80245 3.90514
5.65439 3.93948
4.27702 1.92285
4.27814 1.93264
4.30643 2.16344
6.21086 3.74469
6.17309 3.76238
6.49601 3.57883
6.48858 3.58398
4.42359 2.84384
4.42982 2.8709
4.45068 2.95474
7.29662 2.86572
6.76729 -2.15465
6.78178 -2.14228
7.09544 -1.84116
4.68077 3.52743
8.16365 0.727958
8.15983 0.780813
6.4708 -2.40538
6.46813 -2.4076
6.34617 -2.50448
6.34108 -2.50858
6.59172 -2.30555
6.59527 -2.30264
6.71554 -2.19952
4.64163 -1.72549
8.16796 0.430738
8.1705 0.548784
4.50432 -1.14768
4.50929 -1.1685
4.47809 -1.03655
4.47945 -1.04236
4.25058 1.61028
4.25083 1.61407
4.23354 0.576672
4.23274 0.595112
4.46035 2.98983
4.45865 2.98426
7.42941 -1.46256
7.44038 -1.44878
7.3333 -1.57974
7.35324 -1.55633
4.42842 -0.812314
4.42359 -0.789968
4.45297 -0.924635
4.45117 -0.916177
4.22771 1.08283
4.22811 1.10429
6.2008 -2.61591
6.1474 -2.65664
8.02459 -0.366655
4.87036 3.75378
4.83472 3.72041
8.15896 0.292545
8.16767 0.419325
4.22954 0.723285
4.22741 0.76516
7.05467 3.1243
7.02354 3.15389
6.74991 3.39329
6.78965 3.36045
4.29062 2.04384
4.28543 1.99626
4.26665 1.81081
4.26611 1.80543
5.41238 -3.12609
5.42154 -3.12237
4.81342 -2.42482
4.81293 -2.42309
8.15052 0.872852
8.15492 0.834914
8.13956 0.96618
8.14685 0.910149
4.505 3.13965
4.49543 3.10904
5.67365 -2.98129
5.63171 -3.00701
5.63707 -3.0041
5.77667 -2.91663
8.0955 -0.117234
6.54349 3.54678
6.56316 3.53261
5.65161 3.93995
8.17046 0.556503
4.26562 1.8005
4.26068 1.74183
7.28212 -1.63879
7.24657 -1.67867
5.94165 -2.80517
5.91776 -2.82114
4.68131 -1.89077
4.23257 1.23128
4.23281 1.27629
6.36519 3.66062
6.3226 3.68562
7.31931 2.83748
7.34512 2.80674
4.53845 3.23336
4.54144 3.24194
4.77189 3.65262
4.81012 3.69435
6.53251 -2.35572
6.53211 -2.35606
6.10073 3.79678
6.10196 3.79621
4.23378 1.29478
4.23913 1.40695
4.22731 0.786787
4.2264 0.891574
4.37108 -0.543699
4.34504 -0.403716
4.8855 -2.70802
4.86777 -2.63988
4.83316 -2.50512
4.83244 -2.50116
4.27019 0.0954803
4.29428 -0.0981081
4.24578 0.36638
4.26512 0.142604
7.88851 -0.714243
7.80609 -0.882384
5.30877 -3.1689
5.37436 -3.14274
7.88173 1.90467
7.82307 2.03623
4.35532 2.48996
4.37502 2.60804
4.48209 3.06491
4.4762 3.04671
5.23993 3.93508
5.22963 3.93248
8.12878 1.04269
8.09753 1.21751
5.22679 -3.18584
5.17322 -3.18849
5.15426 -3.18611
7.30826 -1.60915
4.63601 3.44941
4.60499 3.38969
5.59289 -3.02972
5.46115 -3.10289
4.911 -2.79536
5.10134 -3.16404
5.0609 -3.13107
5.02355 -3.07966
4.97242 -2.97616
5.00091 -3.03786
4.95072 -2.9164
4.94145 -2.89498
8.12454 0.0212335
8.12641 0.0314596
8.12191 0.00769442
7.77094 -0.94765
7.91339 -0.658669
7.68711 -1.09233
7.63208 -1.17929
7.58822 -1.24438
7.50174 -1.36815
6.27757 -2.55822
6.2803 -2.55598
6.27192 -2.56267
4.4911 -1.09219
4.49423 -1.10543
4.25537 1.67822
4.25454 1.66727
7.38233 -1.521
7.39727 -1.50286
5.98513 -2.77529
5.95688 -2.79446
6.08257 -2.70486
4.51774 -1.20304
4.53045 -1.25615
4.46789 -0.992148
4.46506 -0.979278
4.22655 0.935913
4.2269 1.04079
4.2407 1.43568
4.24671 1.54992
4.33273 -0.333563
4.40128 -0.689155
4.24234 0.412409
4.23552 0.529916
5.43846 3.95603
5.52629 3.95345
5.38807 3.95496
4.29799 -0.12382
5.44849 -3.10955
5.45876 -3.10441
7.7924 2.10022
7.91062 1.83518
7.95866 1.71029
7.72794 2.2271
4.34172 2.40037
4.40785 2.77249
4.90269 3.77969
4.97824 3.83212
5.04273 3.86765
5.10332 3.89413
5.24828 3.93654
8.07562 1.31846
8.0411 1.45462
7.55329 2.52235
7.60004 2.44938
7.42732 2.7012
7.47474 -1.40436
7.4849 -1.39119
7.69628 2.28535
7.65054 2.36684
4.58149 3.33685
4.79405 -2.34198
4.76326 -2.21606
4.79749 -2.35433
8.01551 1.54266
5.90528 -2.83024
5.86414 -2.85775
8.15843 0.285812
8.14483 0.156421
6.31492 3.68979
4.41682 2.81548
4.44093 2.91619
6.53167 -2.35644
6.40913 -2.45506
6.28304 -2.55387
6.54448 -2.34562
6.65116 -2.25544
4.25544 1.67906
4.23138 0.640462
4.41607 -0.756211
4.43723 -0.853078
4.44058 -0.868555
4.22942 1.14732
6.1204 -2.67616
4.23026 1.18776
4.2299 0.679961
5.45989 -3.10368
5.38422 -3.13961
6.44343 3.61298
7.93785 -0.602684
4.40993 -0.72686
5.02662 3.85908
7.65241 2.36358
4.75833 -2.19869
8.01394 1.5477
5.83024 -2.88002
8.14482 0.156384
8.14475 0.155906
8.10235 -0.08819
6.13212 3.78188
4.27946 1.94356
4.82399 3.70986
4.41281 2.79641
6.37903 3.65236
