5.97499 -0.567439
5.88306 -0.509984
5.82188 1.81695
5.81986 1.81554
6.7048 -0.286039
6.73512 -0.246779
5.47821 1.06133
5.46588 0.960125
6.83811 1.31626
6.85691 1.27606
6.87601 0.00815594
6.849 -0.052077
5.46856 0.480473
5.47297 0.440539
6.44576 1.79526
6.42024 1.81269
6.98442 0.403273
6.99454 0.51398
6.17438 -0.609922
6.12748 -0.606157
6.39233 -0.553808
6.37404 -0.56147
6.22874 1.89716
6.15502 1.90926
6.08373 1.91202
6.0202 1.90637
6.63084 -0.373363
6.58312 -0.419006
5.45719 0.830523
5.45948 0.872444
5.52009 1.27925
5.51281 1.24768
5.74298 -0.355198
5.79336 -0.423448
5.5876 1.48281
5.62907 1.57567
5.68285 1.6621
5.63288 1.58344
6.78136 1.42425
6.74181 1.48676
5.61853 -0.132249
5.64074 -0.179303
5.5656 0.0131027
5.58418 -0.0416857
5.51142 0.217419
5.49601 0.291507
5.45648 0.694028
5.46103 0.575749
6.99493 0.689638
6.9902 0.75488
6.93131 0.159324
6.95882 0.261287
6.92297 1.09971
6.90741 1.14596
6.47962 1.77131
6.52099 1.73721
6.40989 1.81934
6.36265 1.84569
6.82368 1.34625
6.80131 1.38987
6.61694 1.64714
6.58717 1.67759
6.96224 0.950202
6.95228 0.995897
6.28098 -0.594503
6.22177 -0.604252
5.88223 -0.50943
5.98383 -0.570696
5.74348 1.74148
5.91884 1.87549
6.66348 -0.337111
6.76331 -0.205412
5.46464 0.947814
5.48415 1.10093
6.8679 1.25117
6.83014 1.33328
6.89356 0.0500341
6.81537 -0.11736
5.68726 -0.270422
5.66901 -0.235783
5.54275 0.0844385
5.53504 0.113291
5.46612 0.505853
5.47335 0.43762
6.99592 0.540242
6.9825 0.389346
6.0725 -0.60026
6.4922 -0.493875
6.50956 -0.481949
5.80537 -0.43567
6.29759 1.87379
6.12348 1.91379
5.92669 1.87837
5.72383 1.71975
6.79844 -0.14839
5.49657 1.17189
5.457 0.824675
5.4562 0.709245
5.53847 1.34805
5.70094 -0.295002
6.98031 0.852614
6.97806 0.868895
5.63091 1.57966
5.55692 1.40324
6.62988 1.63279
6.68002 1.57203
6.71797 1.52096
6.79832 1.39534
6.89245 1.19043
6.92172 0.129276
5.60008 -0.0848562
5.53046 0.131414
5.49052 0.323096
5.46159 0.56684
6.32135 1.86574
6.96236 0.276829
6.99664 0.635687
6.93443 1.06112
6.34296 1.8563
6.97145 0.90652
6.97674 0.878031
6.56201 1.70235
6.94606 1.02107
5.5491 1.38323
