6.08 1.53317
6.04622 1.52199
6.31632 1.50865
6.35546 1.48688
6.60693 1.23747
6.54073 1.32526
6.47308 -0.125137
6.53433 -0.0638008
6.24559 -0.231845
6.3185 -0.213905
5.68937 0.567214
5.68306 0.691062
5.69038 0.849447
5.69861 0.925243
6.03213 -0.184858
6.03849 -0.189483
5.88505 -0.0370494
5.84741 0.0165901
5.78909 0.140871
5.81401 0.0833981
6.74735 0.878772
6.7318 0.941525
5.7269 0.339858
5.70897 0.421462
6.62123 1.21441
6.65854 1.14291
6.77404 0.630712
6.77489 0.611889
6.74159 0.348213
6.76052 0.445098
6.66281 0.129817
6.68581 0.180928
5.80883 1.28622
5.78466 1.24304
6.21723 1.53775
6.45379 1.42047
6.46808 1.40609
6.61203 1.23045
6.69597 1.05635
6.71026 1.01746
5.83836 1.34272
5.76359 1.19067
5.76606 1.19667
6.46059 1.41427
6.19252 1.5431
6.76085 0.808461
6.75775 0.828342
6.02721 1.51458
6.00242 1.50198
5.92882 1.4491
5.95136 1.46751
5.71908 1.0345
5.74032 1.11679
5.68706 0.810483
5.68845 0.826414
5.68945 0.566225
5.68952 0.565181
6.16056 1.54065
6.77146 0.694866
6.76859 0.738907
6.76671 0.768445
5.74609 1.13971
5.75971 1.18068
6.35506 -0.201193
6.44099 -0.149454
5.94799 -0.117202
5.94004 -0.110149
5.75283 0.237042
5.74635 0.259394
6.70707 0.234164
6.73316 0.315953
6.60445 0.0218342
6.15415 -0.230206
6.61173 0.0323825
6.09377 -0.211352
5.99314 -0.153966
5.83104 0.0483558
6.14176 -0.229598
5.76249 0.206161
6.61563 0.0391821
5.70508 0.445011
6.76497 0.473347
6.77237 0.569675
6.77396 0.642998
5.97665 1.48721
6.67946 1.09787
5.91274 1.43335
5.69638 0.500408
5.68308 0.692969
5.87404 1.39129
5.70593 0.966773
5.69567 0.504711
