6.39773 1.0602
6.44096 0.994427
5.93102 0.809466
5.92004 0.697695
6.52412 0.796164
6.52838 0.778714
6.44472 0.289908
6.43585 0.273862
6.00197 1.02478
5.99071 0.998697
6.14012 1.15089
6.26484 1.15485
6.20911 0.153852
6.29822 0.163394
6.03088 0.283309
6.08713 0.206516
6.5332 0.570821
6.52599 0.501271
5.92825 0.563315
5.93172 0.542007
6.36942 1.08405
6.46824 0.943934
6.08328 1.11238
6.01931 1.05488
5.91987 0.691172
5.93693 0.837689
6.53617 0.687772
6.51721 0.826355
6.42224 0.255508
6.43163 0.266805
6.49131 0.381644
6.26613 1.15482
6.49129 0.892724
5.96027 0.919848
5.92739 0.571508
6.50926 0.441926
6.53881 0.633364
5.94416 0.484539
5.94688 0.467356
5.9797 0.370388
5.99463 0.334373
6.09292 0.202628
6.18864 0.152135
6.34152 0.188251
5.96858 0.400913
6.3789 0.212495
