6.24164 -2.3981
6.22063 -2.41282
4.74921 -1.57926
4.76937 -1.65219
5.26453 -2.71051
5.25273 -2.70247
5.43552 -2.75873
5.44077 -2.75901
8.03491 0.178976
8.04292 0.240873
4.57436 -0.903779
4.57906 -0.922955
4.35651 1.35814
4.35569 1.34752
4.34466 0.930669
4.34484 0.977149
4.34526 0.850149
4.34496 0.833302
4.36017 1.42873
4.36371 1.48633
4.48153 -0.481167
4.48632 -0.50453
4.36171 0.404353
4.3579 0.462773
5.58376 3.75298
5.51413 3.75366
4.42301 2.06121
4.42616 2.08881
5.34932 3.73528
5.39971 3.744
6.87358 -1.89178
6.84539 -1.91866
7.03586 -1.73468
7.03678 -1.73379
5.05619 -2.45671
5.05686 -2.45821
6.40849 -2.27883
6.4453 -2.25047
4.80111 -1.75847
4.7764 -1.67546
7.95946 -0.197177
7.97065 -0.156436
7.89915 -0.39168
7.87886 -0.449072
5.89938 -2.60912
5.87244 -2.62419
8.04893 0.311813
8.04405 0.250719
8.01421 0.0436357
8.0068 0.00126073
7.98588 -0.0945694
7.9932 -0.0622416
6.63263 3.32076
6.63741 3.31725
6.84409 3.15167
6.85481 3.14252
4.41042 1.96916
4.40604 1.93395
4.4385 2.16712
4.44451 2.20684
7.69246 -0.858333
7.67084 -0.89809
7.80603 -0.625723
7.78213 -0.679088
6.01257 3.66153
5.96429 3.67862
6.41432 3.46675
6.39243 3.47908
6.19106 3.58672
6.10694 3.62366
7.11552 2.89264
7.09926 2.91026
7.44121 -1.25783
7.46186 -1.22976
7.56274 -1.08008
7.5568 -1.08938
6.69903 -2.04645
6.65032 -2.08847
8.0505 0.77638
8.05358 0.738783
6.0384 -2.53012
6.07045 -2.51018
4.70017 -1.39803
4.71076 -1.43663
5.42208 3.74761
5.44775 3.74972
4.91434 3.49003
4.90896 3.48373
4.61519 -1.06944
4.60743 -1.03811
4.34938 0.643822
4.35127 0.593183
4.62247 2.96759
4.62392 2.97223
7.26174 -1.4872
7.25773 -1.49203
4.75466 3.26717
4.77443 3.29964
4.55996 -0.84295
4.54852 -0.792377
4.34813 1.15264
4.3468 1.10415
4.65215 -1.21609
4.6478 -1.19891
5.22398 -2.67926
5.34013 -2.74341
5.3573 -2.74733
5.49602 -2.7559
5.4798 -2.75731
5.17012 -2.62954
5.19192 -2.65198
5.14452 -2.5991
5.10633 -2.54354
5.07698 -2.49519
5.078 -2.49676
4.36802 1.54932
4.36679 1.5324
5.73834 3.73689
5.81154 3.72048
4.51313 -0.632334
4.46205 -0.376273
4.45652 -0.346669
4.46229 2.31579
4.46343 2.32451
4.41136 -0.0679438
4.42409 -0.153227
4.37857 0.203222
4.39142 0.0854953
6.30314 3.5303
6.2566 3.55356
7.71271 2.01414
7.70308 2.03421
7.80006 1.81878
7.79287 1.83617
4.54473 2.70871
4.52547 2.62848
4.48707 2.44702
4.48281 2.42664
4.56302 2.77639
4.55074 2.7315
7.2156 2.78085
7.22264 2.77261
8.026 1.00031
8.0282 0.984725
7.98076 1.24848
7.97857 1.25828
7.44632 2.47847
7.40863 2.53258
7.3191 2.65352
7.27342 2.71089
7.35636 -1.37128
7.35526 -1.37272
6.78787 -1.96943
6.94158 -1.82822
7.11217 -1.65517
7.03148 -1.7391
7.53756 2.33675
7.52243 2.36132
7.61735 2.20024
7.61898 2.1973
4.8561 -1.93916
4.83914 -1.88435
4.89138 -2.04529
4.88371 -2.02353
4.94502 -2.19734
4.93271 -2.16309
4.99344 -2.32
4.98694 -2.3031
7.86968 1.63752
7.86776 1.64303
7.9237 1.47016
7.92638 1.4611
5.34583 -2.74577
5.34462 -2.74551
6.48184 -2.22183
6.53547 -2.18143
6.38072 -2.29847
5.62589 -2.72658
5.65828 -2.71719
5.58521 -2.73767
5.54847 -2.74781
7.937 -0.273639
7.9498 -0.231848
7.91531 -0.343863
7.85492 -0.510995
7.87255 -0.465631
4.84383 3.40465
4.82228 3.3752
6.56645 3.36777
6.6284 3.32398
6.67992 3.28501
6.69387 3.27417
6.74926 3.23078
6.79235 3.19526
6.88444 3.11636
6.9051 3.09768
6.52471 3.39687
5.85149 3.71145
5.93536 3.68678
4.41412 1.99758
4.46041 2.30552
6.07816 3.63657
6.51774 3.40124
6.46319 3.43598
6.21993 3.57221
7.08913 2.92059
7.04046 2.96972
6.60705 -2.12285
6.74826 -2.00522
6.95615 -1.81352
7.13104 -1.63549
8.05598 0.687568
8.04448 0.853315
6.28492 -2.36849
6.34505 -2.32546
6.57208 -2.15158
4.68412 3.12514
4.71189 3.18464
5.14034 3.66147
5.15525 3.66963
5.03342 3.59456
5.05122 3.60827
8.05929 0.495894
8.05968 0.507211
4.37995 1.69062
4.38483 1.74295
4.36823 1.55183
4.37324 1.61464
4.57419 2.81353
4.58469 2.84986
4.54505 -0.777387
4.54704 -0.785868
6.13564 -2.46891
6.10735 -2.4876
4.82466 -1.8358
4.8129 -1.79639
4.34731 0.723147
4.3465 0.739098
5.68069 3.74443
5.65853 3.74648
4.52516 -0.688315
5.01969 -2.38011
5.0183 -2.37648
4.37468 0.245533
4.3673 0.329063
4.65281 3.04803
4.64702 3.03428
4.67218 3.09618
5.30994 3.72548
5.27934 3.71787
7.17703 2.82461
7.21191 2.78522
8.0435 0.861737
7.21107 -1.54618
7.21243 -1.54464
7.16606 -1.59653
4.72868 3.21898
4.71769 3.19755
8.05822 0.627052
5.70269 -2.70074
5.74086 -2.68524
4.88463 3.45382
4.79477 3.33423
4.98805 3.55875
4.92229 3.49803
6.95429 3.05254
7.01967 2.99038
4.35096 1.23114
4.35103 1.24446
4.41825 2.02975
4.67573 -1.30737
4.66709 -1.27527
4.77449 -1.66934
4.74283 -1.55573
5.95239 -2.57987
5.98332 -2.56292
8.04351 0.24599
8.02778 0.123788
4.3548 1.29464
4.35679 1.36811
4.34499 0.99398
4.34472 0.91365
4.34697 0.786647
4.34483 0.867068
4.36388 1.48915
4.35984 1.42218
4.35737 0.472274
4.36215 0.397553
5.49839 3.75348
5.62294 3.75047
4.39341 0.0685984
4.40662 -0.034506
7.75252 -0.741375
7.72814 -0.790536
7.75822 1.91629
7.7491 1.93671
4.5174 2.59081
4.50339 2.52803
8.00546 1.12645
8.00674 1.1194
7.38343 2.56818
7.34341 2.62185
7.51265 -1.15533
7.48138 -1.20144
7.3995 -1.31445
7.36097 -1.36526
7.57803 2.26927
7.57212 2.27938
7.89816 1.5537
7.8983 1.55328
5.81278 -2.6523
5.75565 -2.67963
5.61365 -2.73123
4.72432 -1.48891
5.9987 -2.55447
5.98947 -2.5597
8.05402 0.372593
8.00126 -0.0250116
8.02343 0.0970656
7.98088 -0.116634
7.62587 -0.976592
7.83283 -0.563751
7.61067 -1.00226
7.57592 -1.05921
7.40915 -1.30195
8.05973 0.532296
6.08701 -2.5002
4.6785 -1.31744
5.08361 3.62897
5.10182 3.64089
5.41477 3.74654
4.60151 -1.01427
4.62314 -1.10115
4.37381 1.62105
4.37878 1.67879
4.35184 0.580206
4.34893 0.658372
4.63019 2.99004
4.60324 2.91001
7.22295 -1.53254
7.30203 -1.43874
4.34648 1.08818
4.3486 1.16765
4.629 -1.12451
5.5237 -2.7518
5.19714 -2.65805
5.1581 -2.61435
5.09786 -2.53205
5.06517 -2.47353
4.3455 1.04065
4.36811 1.55048
4.44315 -0.27105
4.4777 -0.461504
4.36674 0.336001
4.35422 0.527984
4.43221 -0.206262
4.37822 0.206637
7.66399 2.1123
7.83454 1.7328
7.83881 1.72157
7.65525 2.12929
4.54964 2.72762
4.47282 2.37655
4.56726 2.79069
5.2053 3.69158
5.21247 3.69477
5.22875 3.70044
7.25363 2.73542
7.99482 1.17941
8.04266 0.870338
7.95211 1.36659
7.46989 2.44312
7.31022 -1.42855
7.49603 2.40281
7.60827 2.21645
4.83514 -1.87254
4.86114 -1.95392
4.92158 -2.13475
4.95934 -2.23305
4.96873 -2.25948
5.01706 -2.37336
7.89627 1.55934
7.94673 1.38685
5.66543 -2.71418
6.73139 3.24551
6.93514 3.07081
4.40091 1.89419
4.39562 1.84892
6.28164 -2.3709
6.35239 -2.31997
5.00317 3.57217
4.59194 -0.975064
4.38662 1.76052
4.34744 0.707742
4.59745 2.89047
4.35023 1.21736
6.15684 -2.45478
5.73816 3.73692
8.05474 0.382884
5.7382 3.73692
4.87727 -2.00542
5.74699 -2.68311
6.83361 3.16088
4.40267 1.90926
8.05913 0.597874
6.18429 -2.43704
5.1014 -2.53668
4.9085 -2.09333
4.39139 1.80671
4.39338 1.82711
6.94498 3.06143
6.74013 3.2383
7.8775 -0.452766
