5.884 1.32275
5.87832 1.31552
6.095 1.47418
6.07846 1.46871
6.52589 1.27293
6.50441 1.30141
6.48789 -0.0465105
6.49743 -0.0369503
6.25697 -0.171456
6.25935 -0.170868
6.64982 1.06697
6.63247 1.10352
5.7242 0.634681
5.72257 0.666667
5.92704 -0.0123156
5.89046 0.039806
6.09736 -0.146436
6.04648 -0.124417
5.82666 0.163006
5.85684 0.0934175
6.71645 0.842099
6.68523 0.968081
5.76154 0.35954
5.75472 0.390588
6.33365 1.44051
6.30317 1.45254
6.70869 0.380976
6.71882 0.432822
6.63349 0.159012
6.63687 0.166522
5.89796 1.33698
6.72656 0.796224
6.72501 0.805993
6.47603 1.333
6.57461 1.20587
6.67096 1.0138
6.67665 0.998312
6.62212 1.12296
5.96829 1.40904
5.80524 1.17244
5.82112 1.2109
6.20862 1.4798
6.12461 1.47693
6.41534 1.38456
5.75419 1.01282
5.76651 1.06055
5.72553 0.78673
5.73111 0.850768
5.72813 0.588304
5.7313 0.539383
6.73374 0.697671
6.73686 0.649751
5.73544 0.902504
5.73808 0.919936
6.36788 -0.133135
6.39561 -0.116437
5.99999 -0.0865656
5.94854 -0.040903
5.78974 0.258484
5.80098 0.226048
6.67617 0.26493
6.68823 0.302728
6.51162 -0.0196191
6.25397 -0.171403
5.87009 0.0713619
6.14954 -0.166278
6.57177 0.0569518
5.77466 0.305254
6.62484 0.142391
6.58866 0.079748
5.74224 0.466123
6.7306 0.507575
6.73451 0.55853
6.73694 0.599195
5.82748 1.2243
5.79596 1.14851
5.99186 1.42741
6.01706 1.44185
5.737 0.499447
6.72918 0.769535
5.72313 0.715831
5.75015 0.992016
5.73269 0.525744
5.78512 1.11966
5.74298 0.951351
