5.97583 -0.562975
5.88717 -0.507563
5.8262 1.81465
5.82028 1.8105
6.69865 -0.288952
6.73289 -0.244622
5.48081 1.05973
5.46888 0.961834
6.83478 1.31728
6.85442 1.2753
6.87259 0.00714894
6.84693 -0.0500723
5.46863 0.505061
5.47577 0.440473
6.44455 1.79194
6.41715 1.81066
6.982 0.405684
6.99183 0.513181
6.17517 -0.605741
6.13382 -0.602422
6.39323 -0.549043
6.37021 -0.558684
6.22908 1.893
6.15001 1.90598
6.09079 1.90827
6.02055 1.90202
6.6319 -0.36778
6.58074 -0.416703
5.45958 0.829052
5.46074 0.85029
5.52256 1.27773
5.51606 1.24953
5.74598 -0.353431
5.79398 -0.418449
5.59028 1.48108
5.63334 1.57752
5.68581 1.66019
5.63384 1.57838
6.78366 1.41519
6.73984 1.48446
5.61926 -0.12635
5.64351 -0.17773
5.56817 0.0145654
5.58816 -0.0443729
5.51384 0.218795
5.49916 0.289381
5.45888 0.695394
5.46354 0.574196
6.99226 0.692299
6.98777 0.754165
6.92911 0.161516
6.95579 0.260394
6.92102 1.09743
6.90473 1.14586
6.48091 1.76623
6.51827 1.73543
6.4111 1.81454
6.35926 1.84347
6.82187 1.34413
6.7988 1.3891
6.61574 1.64383
6.57941 1.68099
6.95998 0.948428
6.9489 0.999264
6.28181 -0.590061
6.21695 -0.600742
5.88309 -0.504841
5.98882 -0.567759
5.74711 1.73956
5.91922 1.87082
6.66135 -0.335055
6.76472 -0.197913
5.4673 0.946173
5.48724 1.1027
6.86463 1.25217
6.82764 1.33252
6.89143 0.0520995
6.81171 -0.118437
5.68992 -0.268909
5.67438 -0.239405
5.54359 0.0913043
5.53737 0.114612
5.46856 0.505796
5.47638 0.435752
6.99338 0.542771
6.97963 0.388501
6.07332 -0.595932
6.48902 -0.491559
6.51054 -0.476777
5.80887 -0.433609
6.29352 1.87112
6.12381 1.90974
5.93205 1.87552
5.72428 1.71431
6.79643 -0.146444
5.49908 1.17033
5.45948 0.826089
5.45866 0.707728
5.53897 1.33917
5.70158 -0.289845
6.97753 0.855383
6.97567 0.868807
5.63357 1.57794
5.56121 1.40569
6.63153 1.62632
6.67814 1.56984
6.71342 1.52236
6.79653 1.39325
6.89051 1.18816
6.91851 0.128334
5.60255 -0.0834503
5.53367 0.129251
5.49305 0.324533
5.46392 0.568165
6.32004 1.86214
6.96005 0.279126
6.99408 0.634932
6.93183 1.06103
6.34416 1.85161
6.97022 0.899831
6.97459 0.87634
6.56087 1.69923
6.94393 1.01939
5.55179 1.38157
