7.28221 1.51913
7.29446 1.48819
7.46591 0.67694
7.4688 0.596225
7.42623 1.03079
7.43501 0.986908
5.08422 -0.200527
5.08166 -0.189519
5.15145 -0.453494
5.16389 -0.494478
5.38181 -1.00793
5.34794 -0.94894
5.49077 -1.17012
5.52708 -1.21548
5.08577 1.80704
5.0812 1.78792
5.44302 2.5108
5.41485 2.47978
5.89161 -1.43415
5.86925 -1.42892
5.14794 2.0077
5.18197 2.09991
7.23964 -0.402645
7.23063 -0.421569
5.75219 2.68898
5.78431 2.69437
6.46801 -1.28363
6.51922 -1.24997
6.1691 2.66985
6.20019 2.65855
6.40943 2.56514
6.43382 2.55169
7.15079 -0.566566
7.11923 -0.618668
5.55168 2.59907
5.62562 2.64143
7.46286 0.741384
7.4649 0.716271
5.21703 -0.649353
5.18495 -0.560634
5.29298 -0.83463
5.32244 -0.896786
5.0376 1.58851
5.0203 1.49066
5.00199 1.36185
5.00986 1.42135
4.98289 1.15963
4.97677 1.07206
5.31968 2.35984
5.36099 2.41855
6.07858 -1.43543
6.06731 -1.43609
6.27169 -1.38268
6.30042 -1.36962
5.22371 2.19074
5.18309 2.1025
6.91772 -0.892836
6.85681 -0.960015
6.7052 -1.10758
6.67673 -1.13267
5.711 -1.36931
5.63208 -1.3152
7.2987 -0.269592
7.28089 -0.312546
7.37243 -0.0610587
7.39109 0.0041052
7.42905 0.17094
7.44203 0.245301
5.04685 -0.0211389
5.0558 -0.0664839
4.97024 0.878782
4.97075 0.908483
4.97213 0.68184
4.97125 0.713014
4.98805 0.410977
4.98456 0.452091
5.02784 0.0840394
5.01333 0.18204
5.88398 2.70742
5.95839 2.70741
6.99132 -0.80203
6.93542 -0.872536
7.32514 1.40648
7.34953 1.33392
7.40757 1.12148
7.40123 1.1527
7.46587 0.484553
7.46049 0.40208
7.46666 0.510426
7.46875 0.591833
5.09802 -0.261221
5.12266 -0.353357
7.44234 0.934466
7.43706 0.974743
6.7535 2.30773
6.76637 2.29512
6.5796 2.4548
6.61313 2.42863
6.91735 2.1296
6.89304 2.15902
7.0136 2.00592
7.00001 2.02476
6.32377 2.6087
6.35521 2.59419
6.43896 2.54877
6.48456 2.52092
5.13627 -0.401824
4.9713 0.938711
4.97288 1.00767
4.96951 0.807601
7.37607 1.24777
7.396 1.1729
5.16655 -0.503174
5.1781 -0.540878
6.83899 2.22164
6.83658 2.22422
7.05972 1.93785
7.09504 1.8828
7.31013 -0.240895
7.32604 -0.199853
7.32112 1.4187
4.98953 1.24507
4.98656 1.2089
7.45632 0.826913
7.45552 0.835899
5.0958 -0.25215
5.0954 -0.250413
4.9923 0.365227
4.99659 0.321502
4.97474 0.615432
4.97613 0.582595
7.222 1.65388
7.22392 1.64996
7.17118 1.75196
7.16534 1.76286
5.04125 0.00903866
5.03167 0.0601314
4.96955 0.778207
7.07601 -0.686479
7.05548 -0.71665
7.25959 1.57217
7.31633 1.43262
7.46879 0.595645
7.46561 0.693026
7.43564 0.982678
7.42126 1.05968
5.07266 -0.148897
5.33483 -0.922698
5.42669 -1.08214
5.55607 -1.24524
5.43643 -1.09788
5.06022 1.69872
5.09723 1.84953
6.6662 2.38604
6.69204 2.36335
5.37696 2.43807
5.45509 2.52273
6.17443 -1.41533
6.1102 -1.42914
5.80076 -1.4103
5.91424 -1.43582
5.18256 2.10133
5.12644 1.944
6.75365 -1.06339
6.78378 -1.03549
7.20811 1.68184
7.1953 1.70662
7.22808 -0.426545
7.27706 -0.321268
7.40427 0.055981
7.41945 0.121904
4.97001 0.748409
4.99851 0.30371
5.01077 0.201176
5.74198 2.68606
5.85481 2.70602
6.56699 -1.2178
6.40758 -1.31768
6.99462 2.03186
6.94773 2.09267
6.0628 2.69609
6.05499 2.69696
6.07828 2.69248
6.27634 2.63096
7.03519 -0.744387
7.1793 -0.517138
7.24582 1.60299
7.25257 1.58784
5.65068 2.65365
5.52039 2.57642
7.46192 0.757365
5.24705 -0.728501
5.1821 -0.552606
5.25351 -0.745245
5.43222 -1.09127
5.2618 -0.765863
5.61961 -1.30586
5.01788 1.47642
5.04748 1.63742
5.11597 1.91236
5.00044 1.34807
5.2693 2.28072
5.26788 2.27817
5.26651 2.27546
5.98432 -1.44162
6.19119 -1.40957
6.37029 -1.33833
5.72949 -1.37848
6.80252 -1.01741
6.92678 -0.882676
6.62122 -1.17638
7.14472 1.79976
7.11753 1.84607
7.20077 -0.478572
7.30409 -0.256353
7.33314 -0.180289
7.35777 -0.10889
7.44748 0.284032
5.06231 -0.0999937
5.04347 -0.00317455
4.97329 0.647814
4.97773 0.552089
4.98239 0.479732
4.99017 0.386806
5.03133 0.0621759
7.45819 0.376817
7.39814 1.16405
7.41316 1.09856
7.46652 0.499221
7.37568 1.24922
7.37576 1.24892
7.41691 1.07891
7.44597 0.911953
6.81779 2.24343
6.52917 2.49064
6.83342 2.22755
6.84529 2.21473
7.04889 1.95466
6.4936 2.51543
7.45495 0.841555
6.29946 2.62053
6.38451 2.57939
7.3518 1.32696
