6.24834 -2.40353
6.21057 -2.43
4.74262 -1.58392
4.76683 -1.67149
8.04129 0.181371
8.04959 0.245534
4.5683 -0.908057
4.57069 -0.917822
4.35021 1.35814
4.34909 1.34369
4.33831 0.934364
4.33848 0.977157
4.33901 0.850156
4.33864 0.829639
4.35395 1.43235
4.35727 1.4863
5.73981 3.74657
5.75616 3.7427
4.35508 0.408419
4.35154 0.462877
5.57775 3.76397
5.51594 3.76457
4.41611 2.06114
4.41973 2.09282
5.34342 3.74607
5.41529 3.7585
6.88153 -1.89336
6.84721 -1.92608
5.25403 -2.72767
5.25647 -2.72878
5.04395 -2.46117
5.05003 -2.47489
6.40828 -2.28864
6.45015 -2.25637
5.75668 -2.69218
5.74985 -2.69548
4.79394 -1.76353
4.76991 -1.68281
7.96781 -0.189632
7.97729 -0.155112
7.90613 -0.390289
7.88839 -0.440457
5.90648 -2.6172
5.86195 -2.64211
8.05515 0.314147
8.05013 0.251283
8.02077 0.0460936
8.01207 -0.00366463
7.99261 -0.0920462
8.00234 -0.049058
6.63716 3.32609
6.64591 3.31966
6.84843 3.15677
6.86255 3.14471
4.40395 1.97319
4.39906 1.93388
4.43067 2.16226
4.43803 2.21088
7.70016 -0.856796
7.67503 -0.903023
7.81332 -0.62427
7.78648 -0.684203
5.98866 3.6798
5.96547 3.68801
6.41538 3.47526
6.40277 3.48236
6.19215 3.59538
6.119 3.62749
7.10982 2.90865
7.10165 2.91751
7.44988 -1.25656
7.466 -1.23464
7.56703 -1.08512
7.56509 -1.08816
6.70779 -2.04819
6.6522 -2.09614
7.06457 -1.71434
7.03856 -1.74107
8.05622 0.778529
8.0598 0.734871
6.03815 -2.54147
6.07827 -2.51651
4.69372 -1.40259
4.70207 -1.43303
5.41605 3.75863
5.41692 3.7587
4.90743 3.49948
4.89695 3.48723
8.0624 0.423869
8.0606 0.379977
4.60913 -1.07371
4.60038 -1.03835
4.34317 0.640219
4.34492 0.593286
4.61099 2.96045
4.61487 2.97289
7.27091 -1.48585
7.26289 -1.4955
5.98955 -2.5713
5.98845 -2.57197
4.74651 3.27385
4.75942 3.29507
4.56097 -0.877078
4.54272 -0.796464
4.34165 1.14888
4.34043 1.10415
4.6461 -1.22036
4.63983 -1.19561
5.48192 -2.77509
5.48143 -2.77513
5.15931 -2.64426
5.17122 -2.65653
5.11034 -2.5785
5.13418 -2.61319
5.81892 3.72863
4.47596 -0.487421
4.50536 -0.627566
4.45611 -0.379635
4.4491 -0.342118
4.45526 2.31571
4.45694 2.32856
4.40405 -0.0634537
4.41797 -0.156694
4.3764 0.16231
4.38516 0.0819544
6.30421 3.5389
6.26777 3.55712
7.71953 2.0135
7.70704 2.03954
7.80662 1.81817
7.79692 1.84162
4.54197 2.73103
4.51841 2.63287
4.47809 2.44143
4.4759 2.43095
4.55556 2.78104
4.54287 2.73464
8.0311 1.00536
8.03459 0.980709
7.98586 1.25353
7.98582 1.25372
7.44876 2.48587
7.41597 2.53294
7.32146 2.66069
7.2812 2.71126
7.36507 -1.37
7.35933 -1.37752
6.79621 -1.97108
6.94337 -1.83555
7.11985 -1.6567
7.54155 2.34212
7.52951 2.36166
7.62121 2.20543
7.62553 2.19762
4.84991 -1.94921
4.82959 -1.88353
4.8762 -2.03083
4.87331 -2.02263
4.93812 -2.20855
4.92143 -2.16211
4.98592 -2.33221
4.97431 -2.302
7.87599 1.63693
7.87231 1.64752
7.93022 1.46954
7.93129 1.46595
5.35393 -2.76807
5.32928 -2.76284
6.49172 -2.22379
6.53526 -2.19099
6.38574 -2.30457
5.63614 -2.73825
5.65959 -2.73145
5.59645 -2.75048
5.53781 -2.76665
7.94379 -0.272285
7.95476 -0.236484
7.92026 -0.348489
4.8322 3.40804
4.82301 3.39548
6.6294 3.33197
6.52724 3.4042
6.68094 3.29309
6.70224 3.27654
6.75723 3.23304
6.79676 3.20045
6.88546 3.12449
6.91272 3.09985
5.85306 3.72091
5.95157 3.69193
4.40712 1.9975
4.45248 2.3006
6.07926 3.64533
6.51179 3.41425
6.46832 3.44194
6.22546 3.57864
7.09656 2.9227
7.07209 2.94739
6.61629 -2.12468
6.75011 -2.01275
6.96371 -1.81502
7.1329 -1.64309
8.06192 0.689794
8.05068 0.849419
6.29564 -2.37062
6.34484 -2.33542
6.5767 -2.1572
4.6764 3.13146
4.69945 3.18085
5.12363 3.66634
5.14794 3.67963
5.01894 3.59878
5.04404 3.6181
8.06567 0.505099
8.06582 0.509515
8.06046 0.377524
4.37266 1.68609
4.37796 1.74292
4.36641 1.6146
4.36443 1.58983
4.56329 2.80675
4.57582 2.85011
4.5372 -0.77257
4.54037 -0.78609
6.13541 -2.47969
6.0972 -2.50493
5.24752 -2.72226
5.25238 -2.72652
5.42511 -2.77778
4.81677 -1.83883
4.80286 -1.79224
4.34106 0.723154
4.34006 0.742847
5.68242 3.75478
5.66733 3.75618
4.51915 -0.691719
5.01305 -2.39633
5.00806 -2.38335
4.37168 0.207458
4.36124 0.325631
4.63905 3.03946
4.63717 3.035
4.66215 3.09691
5.28723 3.73209
5.27343 3.72866
7.17938 2.83172
7.21653 2.78976
8.04918 0.862327
7.17147 -1.60017
4.72952 3.24235
4.70984 3.20397
8.06438 0.62318
5.70395 -2.71452
5.74544 -2.69767
7.86177 -0.510313
7.86144 -0.511127
4.8496 3.42901
4.78646 3.34103
4.9745 3.56269
4.9229 3.51506
6.96159 3.05461
7.02193 2.99724
5.08949 -2.54739
4.34468 1.23115
4.34477 1.24811
4.41065 2.02503
4.66932 -1.31189
4.66763 -1.3056
4.76754 -1.67425
4.73398 -1.55207
8.04986 0.248373
8.0332 0.118716
4.34827 1.29465
4.35059 1.37172
4.33865 0.997666
4.33838 0.913657
4.34049 0.786655
4.33849 0.870762
4.35766 1.49277
4.35343 1.42215
4.47541 -0.484633
4.47521 -0.483599
4.35079 0.476317
4.35578 0.397657
5.49246 3.7643
5.62468 3.76096
4.38621 0.0730162
4.40045 -0.0380036
7.76 -0.739882
7.7324 -0.795551
7.7649 1.91566
7.7531 1.94209
4.50817 2.58507
4.49641 2.53238
8.01041 1.13135
8.01333 1.11525
7.38584 2.57549
7.351 2.62222
7.51683 -1.16026
7.48973 -1.20021
7.40849 -1.31313
7.38918 -1.3386
7.58207 2.2747
7.57914 2.27972
7.21767 -1.54817
7.19557 -1.57321
5.47942 -2.77522
5.43391 -2.77785
5.82084 -2.66148
5.61503 -2.74627
4.71776 -1.49354
8.0081 -0.0224449
8.03159 0.108833
7.98596 -0.121387
7.63379 -0.975013
7.83724 -0.568946
7.61478 -1.00711
7.57133 -1.07831
7.41333 -1.30686
8.06584 0.519303
6.08676 -2.51139
5.99043 -2.57074
4.66986 -1.31387
5.06811 3.63348
5.09457 3.6508
5.41581 3.75859
4.59546 -1.01854
4.61607 -1.10139
4.36658 1.61656
4.37193 1.67876
4.34565 0.576617
4.3426 0.658475
4.6317 3.02062
4.59436 2.91066
7.22059 -1.54478
7.30719 -1.44222
4.34003 1.08445
4.34224 1.16765
4.62295 -1.12878
5.52525 -2.76868
5.1858 -2.67348
5.13896 -2.61855
4.33913 1.04066
4.36154 1.55045
4.43714 -0.274452
4.36008 0.340093
4.34787 0.528087
4.42487 -0.201751
4.37209 0.203166
7.67094 2.11164
7.83864 1.73831
7.84524 1.72096
7.65916 2.13455
4.54225 2.73223
4.47076 2.40519
4.5585 2.79094
5.1872 3.69685
5.20661 3.70547
5.25062 3.7208
7.25597 2.74253
7.21878 2.78717
7.98615 1.25214
8.04789 0.875509
7.95705 1.37148
7.47704 2.44347
7.31923 -1.42722
7.49996 2.4081
7.59706 2.24852
4.82916 -1.88226
4.85122 -1.95306
4.91494 -2.14556
4.94754 -2.23203
4.96148 -2.27127
5.00362 -2.3722
7.9029 1.55782
7.90444 1.55311
7.9196 1.50432
7.95313 1.38625
5.67492 -2.72499
6.73239 3.25351
6.93616 3.07888
4.39348 1.88957
4.3892 1.85293
6.52576 3.40525
6.28142 -2.38104
6.36275 -2.32203
4.99608 3.58186
4.58491 -0.975298
4.37929 1.75597
4.34122 0.704137
4.58633 2.88355
4.34374 1.2136
6.16403 -2.46061
5.08614 -2.54104
5.08222 -2.53357
5.72165 3.74966
7.86207 -0.509567
4.87088 -2.0158
5.0644 -2.50134
6.83461 3.16891
4.39625 1.91327
8.0651 0.600114
6.18406 -2.44767
4.89815 -2.09244
4.38452 1.80664
4.38607 1.82258
6.94922 3.06642
6.74454 3.24349
7.88223 -0.457192
6.52645 3.40476
