7.52463 -0.411037
7.49874 -0.471567
5.32248 3.00156
5.3936 3.04909
4.72161 1.34352
4.72292 1.35972
4.77889 1.81086
4.78151 1.82641
5.78037 -1.93745
5.8227 -1.93955
4.81839 -0.290461
4.80176 -0.205741
4.7319 0.280169
4.7338 0.261203
6.64083 2.8063
6.65289 2.79681
7.72036 0.470793
7.7219 0.512001
7.70967 0.84613
7.71129 0.830878
7.6036 -0.19635
7.59188 -0.232004
5.52057 3.10918
5.54186 3.11478
5.17271 2.8533
5.212 2.90097
7.70616 0.282716
7.70174 0.245358
5.23931 -1.52295
5.23824 -1.52132
5.14036 -1.3295
5.15067 -1.35121
4.74582 1.57977
4.75044 1.61637
4.79169 1.88054
4.81172 1.9795
6.02096 -1.91091
6.00117 -1.91548
5.64854 -1.91231
5.6339 -1.90765
4.88983 -0.597964
4.89487 -0.616767
4.95994 -0.846093
4.94313 -0.788467
5.33965 -1.67282
5.3213 -1.64957
5.00078 -0.97161
5.00776 -0.992128
4.70148 0.782883
4.70148 0.782936
5.08697 2.73421
5.13031 2.80067
6.12777 3.08708
6.16882 3.07294
6.02547 3.11885
5.93214 3.13784
5.70926 3.14691
5.75902 3.15037
6.62739 2.81662
6.73083 2.73382
6.72472 2.7392
6.61615 -1.59077
6.62337 -1.58498
6.4174 -1.72933
6.41603 -1.73012
6.81872 -1.41862
6.80957 -1.42694
7.32549 -0.800522
7.35743 -0.747865
7.22592 -0.951763
7.23814 -0.934273
7.49702 1.67258
7.47183 1.73124
4.86003 2.17939
4.8627 2.18985
7.53097 1.58825
7.54158 1.56032
4.70192 0.928039
4.70278 1.03973
5.09552 -1.22265
5.07568 -1.17463
4.77349 -0.0393364
4.76179 0.0379524
4.7205 0.403644
4.71179 0.515623
7.4802 -0.513747
7.54883 -0.351083
6.89628 2.58102
6.87767 2.59933
7.07388 2.38394
7.01357 2.45463
7.13095 -1.07973
7.1356 -1.07394
7.00033 -1.23261
7.03833 -1.19065
7.39183 1.89679
7.4157 1.8502
7.3145 2.03662
7.32736 2.01462
7.22134 2.18448
7.22942 2.17279
7.08036 2.3758
7.12982 2.31181
7.61463 1.33696
7.60211 1.38029
7.65707 1.17068
7.65269 1.19042
7.69646 0.953368
7.68911 1.0043
7.56603 -0.305483
7.6281 -0.114288
7.45639 -0.562434
7.44119 -0.593538
6.47938 2.91778
6.472 2.92272
4.70976 1.1721
4.70929 1.16294
5.56749 -1.87583
5.54373 -1.86462
5.53658 -1.85978
4.72258 0.378481
4.72144 0.391706
4.70576 0.649839
4.70567 0.652566
4.95637 2.47364
4.95151 2.46149
4.90506 2.32873
4.92195 2.38106
6.41031 2.95934
6.41485 2.95663
6.78257 2.68869
4.70182 0.913291
4.70182 0.913231
5.03929 -1.08224
5.04033 -1.08524
4.70281 1.04023
4.70282 1.04075
4.71686 1.2837
5.72703 -1.93173
4.84172 -0.396882
4.82506 -0.321922
5.46708 -1.809
5.45533 -1.7979
4.7385 0.218947
4.74101 0.195935
4.71106 0.52826
4.71137 0.522172
4.70156 0.78017
4.7056 0.655188
6.96846 -1.26805
7.4016 -0.668384
7.37897 -0.710926
6.55511 2.86784
4.70182 0.913169
4.70147 0.78299
4.96044 2.48285
6.08991 3.10051
6.04022 3.11521
6.30239 3.0158
6.29244 3.02044
7.65049 -0.0289122
7.66564 0.0341754
4.73883 1.51893
4.73527 1.48804
4.77821 1.80641
4.76848 1.74472
6.09896 -1.88576
6.04089 -1.90505
5.8923 -1.93501
5.85685 -1.93823
4.89087 2.28638
4.86804 2.20938
6.18742 -1.85011
6.22013 -1.83674
5.67257 3.14466
5.65484 3.14235
7.5527 1.52915
7.57304 1.47149
7.63699 -0.0833109
4.97667 -0.898114
4.96136 -0.850577
5.52946 -1.85452
5.3928 -1.73814
5.3513 -1.68701
5.034 -1.06726
7.68162 0.117371
7.67553 0.0832335
5.42095 3.06482
5.29531 2.97973
5.15896 -1.36754
5.19329 -1.43686
4.72658 1.40322
4.71776 1.29557
4.78906 1.86752
4.77858 1.80889
4.91757 -0.69868
4.93839 -0.772094
6.98471 2.48746
6.94708 2.52792
6.30455 -1.79403
6.29015 -1.80146
7.17898 -1.01661
7.2028 -0.984793
6.24904 3.04078
6.20586 3.05808
6.71911 -1.50757
6.72093 -1.50598
7.27615 -0.876661
7.31166 -0.822492
7.35387 1.96765
7.37313 1.93249
7.15395 2.27919
7.18052 2.24288
7.6372 1.25369
7.62878 1.28671
7.72222 0.562362
7.71735 0.406047
7.68859 0.156996
5.22541 2.91538
5.51188 3.1059
5.62126 3.13611
5.14069 2.81468
7.71527 0.378012
5.23736 -1.51984
5.28967 -1.60245
5.11202 -1.26351
4.73106 1.44835
4.75316 1.63808
4.74251 1.5522
4.76685 1.7336
4.82346 2.03178
4.88018 -0.561574
4.96104 -0.849511
4.86435 -0.49629
5.41186 -1.75643
5.39681 -1.7421
4.74544 0.157929
4.75306 0.0987296
5.03644 2.6481
4.99685 2.56725
5.03928 2.65376
5.03775 2.65092
6.31936 -1.78682
4.837 2.09166
4.83088 2.06539
7.42081 -0.633013
6.38809 2.97158
6.35253 2.99067
6.10519 3.09545
5.84476 3.14828
6.03712 3.11614
5.8333 3.14975
5.81354 3.15094
5.68203 3.1454
6.71689 -1.50951
6.52274 -1.6594
6.43242 -1.71949
6.5163 -1.6642
6.73755 -1.49123
6.89551 -1.34357
7.37265 -0.721806
7.7224 0.620501
7.46002 1.7572
7.50779 1.64685
4.85761 -0.467365
7.16904 -1.03034
6.92834 -1.31061
7.71819 0.742595
7.71962 0.713066
5.04253 -1.09128
4.77992 -0.0803929
4.79693 -0.179198
6.80849 2.66577
6.80518 2.66875
7.07739 2.37961
7.14347 -1.06404
7.09103 -1.12819
7.67418 1.09172
7.67539 1.0853
7.42855 1.82425
7.27876 2.09661
7.27407 2.10415
7.25462 2.13461
7.58967 1.42044
7.67742 1.07393
7.70143 0.918048
7.7153 0.780692
6.4658 2.92681
6.80266 2.671
5.92077 -1.932
5.94302 -1.92817
5.82772 3.15028
5.39504 -1.74041
5.3097 -1.63212
6.12188 -1.87802
5.04087 -1.08678
4.99504 2.56354
7.70632 0.876927
7.06181 -1.16337
7.0462 -1.18176
7.72208 0.65318
