6.1888 -0.533359
6.27158 -0.521268
5.98961 -0.489864
5.95448 -0.467911
5.89696 1.77703
5.82705 1.728
6.65057 -0.268659
6.69641 -0.209302
5.52324 1.03353
5.51791 0.989827
6.81657 -0.00934066
6.81302 -0.0172456
5.51748 0.475631
5.52149 0.439392
6.94235 0.445158
6.94738 0.500097
6.40793 -0.47102
6.30751 -0.513067
6.0264 1.83082
6.037 1.83177
5.735 1.62885
5.74487 1.63994
6.57427 -0.347933
6.54179 -0.378993
5.50435 0.801407
5.50313 0.720624
5.7951 -0.324493
5.80403 -0.336591
6.90648 0.990009
6.88971 1.0582
5.63414 1.45275
5.63811 1.46165
6.70754 1.44676
6.73463 1.40394
6.83771 1.20263
6.81473 1.25709
5.68881 -0.151988
5.66133 -0.0937539
5.63175 -0.0246514
5.61032 0.038516
5.55349 0.241323
5.55073 0.254575
6.29806 1.80328
6.23143 1.82481
6.50338 1.67787
6.54093 1.64442
6.94849 0.735882
6.94801 0.742462
6.89306 0.197406
6.90611 0.245772
6.88912 1.06019
6.86086 1.14425
6.46979 1.70359
6.42449 1.73681
6.64436 1.53495
6.63146 1.55034
6.93307 0.859154
6.92552 0.907165
6.36409 1.77322
6.36174 1.77428
6.57887 1.6072
6.59602 1.58965
6.92042 0.930944
6.92294 0.919375
5.59182 1.34084
5.56514 1.25143
5.51228 0.530593
5.50889 0.569994
6.29551 -0.517327
6.11748 -0.528364
5.89725 -0.429685
6.07047 -0.519659
5.80643 1.70802
5.9255 1.79426
6.73898 -0.146825
6.62387 -0.298765
5.51082 0.919301
5.53794 1.13164
5.73849 -0.240613
5.77999 -0.302859
6.80892 1.26925
6.78386 1.31912
6.85649 0.0859219
6.79956 -0.0433831
5.55897 0.216556
5.57991 0.138783
5.52593 0.405159
5.51457 0.504708
6.95178 0.584185
6.93262 0.374665
6.08667 -0.525059
6.4369 -0.453634
6.52649 -0.392089
5.86616 -0.399856
6.12963 1.83883
6.22444 1.82576
6.01982 1.82885
5.73164 1.62458
6.7612 -0.11233
5.54026 1.14491
5.50627 0.852798
5.50359 0.679985
5.54793 1.1807
5.71266 -0.199624
5.68323 1.54585
5.63145 1.44579
6.65975 1.51532
6.76391 1.35516
6.85861 1.15092
6.86608 0.1129
5.64591 -0.0588155
5.59439 0.0882703
5.53449 0.348075
5.5074 0.592866
6.29858 1.80315
6.92225 0.316754
6.95207 0.622569
6.94631 0.759284
6.88934 1.05946
6.64914 1.52944
6.93681 0.83568
5.59605 1.35424
5.61576 1.40563
