7.27333 1.50876
7.2779 1.4972
7.45361 0.667291
7.45617 0.595759
7.41415 1.03035
7.42234 0.989398
5.09599 -0.194029
5.09506 -0.190004
5.16368 -0.446739
5.17833 -0.495001
5.39706 -0.999509
5.35009 -0.9177
5.5077 -1.16077
5.52902 -1.1874
5.09834 1.79892
5.098 1.79751
5.01301 1.34474
5.01408 1.35404
5.16135 1.99904
5.18499 2.0631
7.21008 1.64983
7.21189 1.64628
7.25661 -0.336292
7.22061 -0.411867
6.47041 -1.2625
6.50378 -1.24056
6.17054 2.65034
6.17892 2.6473
6.40138 2.55082
6.41646 2.54251
7.12986 -0.576492
7.10982 -0.609563
5.55317 2.57459
5.64673 2.62819
7.45106 0.740949
7.45202 0.729091
5.23006 -0.642159
5.20562 -0.57459
5.30697 -0.826903
5.34748 -0.912358
5.05032 1.58029
5.03607 1.49966
4.99783 1.1883
4.99023 1.07974
5.46055 2.4998
5.47704 2.51336
5.33536 2.35
5.36308 2.3894
6.08113 -1.41302
6.0445 -1.41516
6.27408 -1.36163
6.28587 -1.35627
5.89423 -1.41104
5.90321 -1.41207
5.23809 2.18145
5.20792 2.11591
6.88457 -0.908558
6.84464 -0.952595
6.69222 -1.09967
6.68263 -1.10813
5.71277 -1.34366
5.65481 -1.30392
7.28923 -0.260418
7.26882 -0.309614
7.35834 -0.0652049
7.38099 0.0138825
7.41596 0.167089
7.43141 0.255581
5.06231 -0.0315723
5.06922 -0.0665672
4.98286 0.870995
4.98349 0.908182
4.98498 0.67391
4.98388 0.712716
5.00126 0.40282
4.9971 0.451794
5.02807 0.167144
5.02489 0.188609
5.91075 2.68695
5.95963 2.68695
5.75354 2.66674
5.68882 2.64384
6.97984 -0.795033
6.94281 -0.84173
7.30994 1.41476
7.3278 1.36162
7.39549 1.12103
7.39139 1.14121
7.45469 0.495678
7.44856 0.40164
7.45486 0.501168
7.45531 0.518441
5.1351 -0.346485
5.1118 -0.259352
7.42995 0.934009
7.42414 0.978379
6.58109 2.43472
6.59986 2.42006
6.75505 2.28685
6.75399 2.28783
6.89394 2.13678
6.88164 2.15166
7.02949 1.96045
6.98848 2.01732
6.30494 2.59874
6.34688 2.57937
6.44043 2.52885
6.46787 2.51209
5.15401 -0.413794
4.98418 0.94603
4.98542 0.999931
4.98228 0.814856
7.36596 1.23787
7.3811 1.18102
7.33781 1.33135
7.33648 1.33531
5.10822 -0.245295
5.10965 -0.250929
5.17877 -0.496428
5.18066 -0.502614
6.83337 2.20631
6.82412 2.21619
7.0409 1.94362
7.08436 1.8759
7.29526 -0.245272
7.31399 -0.196926
7.30879 1.41825
5.00163 1.23726
4.99993 1.21653
7.44797 0.781336
7.44394 0.826809
5.00413 0.371948
5.00911 0.321206
4.987 0.622398
4.98869 0.582297
7.16216 1.74142
7.15274 1.759
5.05349 0.0159909
5.04523 0.0600472
4.98233 0.777904
7.08239 -0.652604
7.04543 -0.70692
7.24226 1.58161
7.30742 1.42222
7.45592 0.585548
7.45314 0.692566
7.42344 0.982229
7.41055 1.05127
5.08449 -0.142361
5.10102 -0.216474
5.34875 -0.915012
5.43849 -1.068
5.5751 -1.23473
5.46776 -1.10768
5.07285 1.69056
5.09918 1.80205
6.66771 2.36562
6.6795 2.35526
5.3941 2.42732
5.45698 2.49652
6.17685 -1.39399
6.18889 -1.39009
5.80348 -1.38631
5.88421 -1.40826
5.19701 2.09199
5.14641 1.95478
6.70856 -1.08477
6.77051 -1.0274
7.22294 1.62353
7.18272 1.70277
7.21044 -0.431737
7.26769 -0.312196
7.39067 0.0519779
7.40909 0.131941
4.98291 0.740446
5.01027 0.310395
5.02433 0.192801
5.76412 2.66913
5.85613 2.68434
6.56943 -1.19637
6.39072 -1.3074
6.97219 2.03874
6.9363 2.08529
6.06433 2.6755
6.0231 2.68008
6.14607 2.65644
6.27778 2.61148
7.00889 -0.756854
7.16955 -0.50769
7.2372 1.59293
7.23968 1.58737
5.65207 2.6308
5.53931 2.56456
7.45062 0.748496
5.26412 -0.731966
5.19526 -0.545342
5.26668 -0.737974
5.26892 -0.742983
5.44859 -1.08224
5.62146 -1.27896
5.0307 1.46813
5.06374 1.6467
5.12947 1.90363
5.01438 1.35603
5.29912 2.29307
5.98689 -1.419
6.17467 -1.39441
6.37267 -1.3174
5.75622 -1.36521
5.27192 2.24842
5.28333 2.26821
6.80905 -0.990217
6.91437 -0.875111
6.60697 -1.16769
7.13579 1.78933
7.09917 1.8517
7.18754 -0.475357
7.29207 -0.253431
7.31847 -0.184608
7.34788 -0.0993218
7.4349 0.280328
5.07773 -0.110401
5.05698 -0.0032585
4.98587 0.647516
4.98992 0.559014
4.99554 0.471609
5.00269 0.38651
5.0437 0.0692052
7.44729 0.387674
7.3853 1.16357
7.3991 1.10622
7.45483 0.498791
7.36029 1.25735
7.4044 1.07845
7.43491 0.903277
6.75089 2.29065
6.51514 2.48159
6.81206 2.22892
6.85748 2.17985
7.03822 1.94778
6.49507 2.49558
7.44101 0.855429
6.29102 2.60551
6.38597 2.55963
