7.55783 0.0374278
7.56659 0.0742701
7.53041 1.25475
7.52088 1.29239
5.34198 -1.37593
5.38964 -1.4435
5.66905 -1.68293
5.69144 -1.69197
5.05509 -0.738774
5.04964 -0.721228
5.12249 -0.92877
5.14733 -0.99427
6.57511 2.69458
6.56106 2.7051
6.90982 2.39812
6.91583 2.39156
4.81378 0.781108
4.81149 0.845936
5.12549 2.48169
5.15 2.52685
7.17322 -0.831797
7.13438 -0.889232
6.15299 2.91592
6.18206 2.90484
5.88209 2.96865
5.94275 2.96381
7.04502 2.23855
7.03554 2.25097
6.38398 2.81343
6.34837 2.83303
7.5755 0.118564
7.59107 0.209795
7.53899 -0.0401961
7.5185 -0.116684
7.45815 -0.292298
7.47197 -0.255927
7.36833 -0.497585
7.34987 -0.536043
7.39345 1.64901
7.38041 1.67839
7.46146 1.47571
7.44917 1.50926
5.53306 2.90432
5.58836 2.92687
5.33666 2.76901
5.37231 2.80038
5.32814 -1.35601
5.28512 -1.2821
4.81783 1.10769
4.82427 1.22119
4.83865 1.38365
4.84673 1.45845
4.87627 1.67004
4.87934 1.6898
5.78625 -1.71822
5.85559 -1.72927
4.98347 -0.495354
4.99839 -0.548882
5.50408 -1.57246
5.51588 -1.58223
5.19793 -1.10947
5.16787 -1.04169
4.92404 1.91154
4.93827 1.96883
4.86443 0.0968182
4.85491 0.166687
4.83078 0.389927
4.82956 0.401822
4.81313 0.714414
4.81494 0.650788
4.8115 0.84666
4.81287 0.975602
5.22794 2.64576
5.20838 2.61672
6.24125 -1.65077
6.28044 -1.63169
4.97855 2.11714
4.97676 2.11137
7.02839 -1.02586
6.99935 -1.06022
5.73542 2.96389
5.76567 2.96579
6.63675 -1.40937
6.69792 -1.35889
6.43799 -1.54801
6.49826 -1.50872
7.61447 0.431066
7.60998 0.364723
7.61896 0.614498
7.61927 0.576507
7.6006 0.891839
7.59588 0.931991
4.9449 -0.335482
4.96234 -0.410394
7.08772 -0.94972
7.12433 -0.902988
7.23189 -0.743861
7.248 -0.718513
6.86561 -1.20536
6.85223 -1.21901
7.27202 1.89536
7.26118 1.91526
4.90086 -0.127849
4.8987 -0.116196
7.39881 -0.435458
7.42476 -0.375835
7.50584 1.34323
7.49516 1.37885
7.5789 1.03642
7.57333 1.06982
6.73422 2.56817
6.7738 2.5323
7.18014 2.04902
7.13693 2.11311
7.51182 -0.137486
7.50436 -0.161013
7.39816 -0.436941
7.3248 -0.584718
7.33825 -0.55883
7.42863 1.56373
7.47948 1.42454
4.81733 1.10006
4.82599 1.24427
4.81308 0.715969
4.81291 0.977571
6.65807 2.63192
6.66725 2.6245
7.56096 1.12713
7.56839 1.09518
7.61131 0.791018
7.61036 0.802192
7.59168 0.959922
7.59402 0.944562
4.92798 -0.261244
4.96902 -0.438198
7.32594 1.79418
7.33157 1.78326
7.4165 1.59388
4.81647 1.0401
5.71471 -1.70072
5.75083 -1.71184
5.01841 2.23752
5.04373 2.30464
7.20002 2.01807
7.22481 1.97806
6.08239 -1.70459
6.0469 -1.71445
6.42081 2.79387
6.4557 2.77295
4.8303 1.29608
4.81303 0.717461
4.98156 -0.487876
4.8245 0.463935
4.82118 0.513692
7.57085 0.0952706
7.54931 -0.00122478
5.43417 2.84799
5.46975 2.87027
5.42412 -1.4885
5.33385 -1.36462
4.83424 1.34055
4.92179 -0.232206
4.92432 -0.244218
5.06409 -0.766965
5.0248 -0.639468
5.15835 -1.02015
5.1053 -0.882255
4.89995 1.80227
4.90329 1.81761
6.5315 2.72454
6.58861 2.68473
6.93282 2.37245
6.8465 2.46302
5.17375 2.56559
5.1026 2.43539
6.17544 -1.67554
6.14343 -1.6883
7.13141 -0.893205
7.19221 -0.804492
6.93782 -1.12938
6.98419 -1.07801
6.1007 2.93145
6.25915 2.87506
6.00701 2.95286
5.83869 2.9703
6.53684 -1.48339
6.60138 -1.43581
7.01375 2.27826
7.08719 2.18265
7.61797 0.523251
7.61646 0.469463
6.32906 2.84198
6.40255 2.80391
7.59607 0.24361
7.35603 1.73167
5.63309 2.942
5.29027 2.72083
7.60735 0.337527
5.45187 -1.51908
5.24671 -1.21124
4.85523 1.52546
4.86176 1.57487
4.85871 1.55274
4.89109 1.7564
5.92763 -1.72853
5.76098 -1.71468
5.57999 -1.63282
5.59528 -1.64184
5.00256 -0.563492
5.08856 -0.836331
5.23934 -1.19778
5.23291 -1.18553
4.95069 2.01915
4.87532 0.0236319
4.84853 0.21769
5.24172 2.66424
5.08237 2.39457
5.06131 2.34748
6.34017 -1.60356
5.95173 -1.72864
6.00472 -1.72114
4.9797 2.12059
6.88271 -1.18769
7.04415 -1.00657
6.28965 2.86138
6.04751 2.94576
5.72135 2.96162
6.7378 -1.32533
6.38725 -1.57682
6.78883 -1.27854
7.29805 -0.633904
7.2792 -0.666611
7.61801 0.686115
6.61679 2.66338
6.64733 2.64086
4.90707 -0.160793
6.47539 2.76132
7.07164 -0.970972
4.88266 -0.0222305
7.54598 1.19536
7.55625 1.1506
7.49295 1.38613
7.51834 1.30124
7.5703 1.08456
7.58226 1.01888
6.82168 2.48775
6.69735 2.59917
6.98095 2.31738
7.11584 2.14278
7.18465 2.04226
7.61276 0.772072
7.61736 0.70477
7.48235 -0.227145
7.4422 -0.333865
7.30563 -0.620584
4.83508 0.33998
4.83824 0.307443
4.8259 0.445536
4.81703 0.589692
4.81741 0.581268
7.60353 0.868464
7.33325 1.77992
7.29679 1.85038
7.23704 1.95752
4.84365 0.259415
5.00918 2.21214
7.34611 1.75275
7.53843 1.2253
5.63704 -1.66654
4.84129 0.278536
4.83173 0.376697
4.81499 0.648011
4.98378 2.13341
7.28735 1.86804
4.82085 0.52039
4.8204 0.526603
