7.29625 1.53552
7.32063 1.47393
7.48535 0.692191
7.48564 0.684023
7.44533 1.0315
7.45164 0.999957
5.06562 -0.210798
5.0605 -0.188753
5.13211 -0.464172
5.14106 -0.493652
5.35771 -1.02124
5.34454 -0.998319
5.46402 -1.18489
5.52403 -1.25985
5.06591 1.81987
5.05463 1.77275
5.41591 2.52781
5.35774 2.46376
6.07468 -1.4698
6.09823 -1.46447
5.8875 -1.47033
5.81837 -1.45418
5.12675 2.02139
5.15011 2.08469
5.84315 2.73862
5.75011 2.72301
6.46422 -1.31703
6.54361 -1.26483
6.99032 2.07254
7.01724 2.03588
6.16682 2.70069
6.2338 2.67633
6.42215 2.58777
6.43666 2.57977
7.18388 -0.550875
7.13409 -0.63306
5.54932 2.63776
5.59226 2.66236
7.48151 0.742072
7.48525 0.696008
5.17418 -0.59919
5.19644 -0.660726
5.27086 -0.846844
5.28287 -0.872173
5.59961 -1.33238
5.53366 -1.26918
5.01749 1.6015
5.00529 1.53247
4.98303 1.3741
4.99666 1.47716
4.95929 1.11432
4.95548 1.05991
5.29489 2.3754
5.33983 2.43927
6.26791 -1.41596
6.32342 -1.39072
5.70738 -1.40868
5.75463 -1.42954
5.20099 2.20542
5.1775 2.1544
6.87605 -0.971742
6.9244 -0.918418
6.72571 -1.12008
6.66742 -1.17147
7.22085 -0.48473
7.21659 -0.492784
7.31368 -0.284094
7.29996 -0.317182
7.39469 -0.054505
7.40705 -0.0113492
7.44973 0.177028
7.45881 0.229052
5.02241 -0.00464732
5.0346 -0.0663521
4.95031 0.891092
4.95061 0.908959
4.95183 0.694376
4.95129 0.713486
4.96717 0.42387
4.96473 0.45256
4.99506 0.171656
5.00994 0.0711716
5.95641 2.73975
5.87009 2.73976
6.96342 -0.87117
7.00946 -0.81309
7.34918 1.39338
7.36893 1.33463
7.42666 1.12218
7.41889 1.16043
7.48353 0.466967
7.47934 0.402775
7.48531 0.52506
7.48716 0.596901
5.09349 -0.328698
5.10299 -0.364219
7.46191 0.935187
7.45968 0.95222
6.75106 2.34066
6.78516 2.30724
6.57725 2.48653
6.6341 2.44216
6.95436 2.11825
6.91106 2.17065
6.35354 2.62445
6.36837 2.6176
5.10824 -0.382904
4.95094 0.927144
4.95307 1.0199
4.94933 0.796134
6.50777 2.53493
6.52508 2.52325
7.46795 0.890374
7.47288 0.849514
5.14724 -0.513837
5.15976 -0.554725
7.08946 1.92873
7.11194 1.8937
7.33364 -0.233975
7.34507 -0.20448
7.22219 -0.482113
7.249 -0.428464
7.34061 1.41942
4.97041 1.25743
4.96544 1.19684
5.07732 -0.262358
5.07432 -0.24965
4.9736 0.354603
4.9768 0.32197
4.95536 0.604421
4.95626 0.583064
7.23547 1.66961
7.24233 1.6556
7.18545 1.76861
7.18526 1.76895
5.02191 -0.00195036
5.02085 0.00373842
4.94935 0.778684
7.28699 1.55725
7.33042 1.44907
7.48677 0.609756
7.48532 0.693752
7.45412 0.983359
7.4382 1.07296
5.05395 -0.159227
5.31282 -0.934848
5.37515 -1.05008
5.52598 -1.26186
5.43326 -1.14399
5.04025 1.71162
5.09414 1.92457
6.66381 2.41833
6.71186 2.37614
5.35061 2.45461
5.45215 2.56365
6.17061 -1.4489
6.01811 -1.47485
5.79645 -1.44822
5.95746 -1.47549
5.16141 2.115
5.09488 1.92695
7.0698 -0.733362
7.07155 -0.730949
6.8184 -1.03268
6.80391 -1.04776
7.2535 -0.419064
7.29187 -0.335607
7.42577 0.0623085
7.43584 0.106039
4.94963 0.760995
4.97991 0.293144
4.98933 0.214415
5.709 2.71127
5.85275 2.7397
6.56315 -1.25168
6.43423 -1.33393
6.96581 2.10433
7.02692 2.02195
6.09558 2.71844
6.27406 2.66175
7.19473 -0.532071
7.07525 -0.725387
7.25944 1.61889
7.27294 1.58859
5.64848 2.68979
5.4905 2.59518
7.47979 0.771385
5.21357 -0.705909
5.16251 -0.563421
5.23311 -0.756509
5.40812 -1.10458
5.25815 -0.818821
5.61673 -1.34758
4.99831 1.48906
5.02178 1.62275
5.09462 1.92616
4.97869 1.33566
5.26578 2.32968
5.24503 2.2925
5.22506 2.25308
5.98026 -1.47738
6.21676 -1.43304
6.36653 -1.37141
5.69026 -1.39795
6.79249 -1.05917
6.94503 -0.893804
6.64374 -1.19011
7.15883 1.81624
7.14654 1.83717
7.22145 -0.483599
7.3231 -0.260973
7.35633 -0.173462
7.37339 -0.124015
7.46737 0.289888
5.03793 -0.0835428
5.02211 -0.00304185
4.9534 0.648284
4.95847 0.541143
4.9616 0.492571
4.97038 0.387274
5.01303 0.0517771
6.06086 2.72695
6.02072 2.7328
7.47543 0.359657
7.06548 -0.739487
7.41778 1.16477
7.43539 1.08646
7.48499 0.499902
7.39031 1.2663
7.39848 1.23655
7.43669 1.07964
7.46345 0.925667
6.83905 2.25307
6.55134 2.50495
6.85478 2.23597
6.87045 2.21803
7.06575 1.96554
6.49132 2.54631
6.45985 2.56547
7.47581 0.820778
6.31281 2.64427
7.21421 1.7124
7.18659 1.76645
7.21077 1.71947
6.3822 2.61062
7.37568 1.31396
7.41647 1.1705
