6.46453 -0.170512
6.35193 -0.238232
5.66498 0.800246
5.66268 0.703647
6.0712 1.56778
6.06174 1.56465
6.3068 1.54609
6.38195 1.50428
6.60345 1.28433
6.56203 1.33925
6.47346 -0.162183
6.55598 -0.0795523
6.23892 -0.267271
6.33535 -0.243543
5.81594 1.35874
5.81299 1.35474
5.67097 0.877536
5.67757 0.938236
6.00393 -0.201472
6.03431 -0.223567
5.86042 -0.0515592
5.84222 -0.0256269
5.76705 0.127886
5.77725 0.104364
5.68639 0.420244
5.70658 0.328311
5.67024 0.555305
5.67431 0.509318
6.66896 1.17155
6.64273 1.22181
6.79346 0.636428
6.79549 0.591382
6.7609 0.328994
6.78499 0.4523
6.68001 0.112691
6.71452 0.189379
5.76357 1.26043
5.7599 1.25387
6.25369 1.56169
6.44295 1.46308
6.63047 1.24255
6.62392 1.25395
6.52391 1.38167
6.71063 1.08131
6.7124 1.07649
5.80694 1.34341
6.48147 1.42799
6.18395 1.57679
6.78006 0.814115
6.77471 0.848411
6.01874 1.54788
5.97196 1.52411
5.92014 1.48324
5.96379 1.51888
5.69848 1.04721
5.71232 1.1008
5.67638 0.493746
5.68382 0.435553
6.75658 0.934228
6.73465 1.0096
6.09377 1.56987
6.78776 0.761587
5.72533 1.15253
5.73391 1.17832
6.34769 -0.24031
6.46707 -0.168432
5.9226 -0.132158
5.93548 -0.147246
5.73377 0.226208
5.71873 0.278033
6.7252 0.216116
6.75951 0.323712
6.13607 -0.2628
6.17931 -0.266203
6.59413 -0.03296
6.11275 -0.254597
6.62821 0.0164256
5.89563 -0.0983593
5.81037 0.0361806
5.75616 0.154608
6.64648 0.0482606
5.68419 0.433138
6.78514 0.453267
6.79458 0.576212
6.79326 0.665831
5.75611 1.24442
6.75799 0.928709
5.96786 1.52177
6.70923 1.08484
5.88264 1.44652
5.67555 0.5009
5.66589 0.823554
6.78941 0.745854
5.66817 0.578365
5.87159 1.43452
5.67999 0.951965
5.66353 0.681808
5.66406 0.658327
5.81254 1.35401
6.75902 0.924525
6.72884 1.02804
