6.39838 1.04858
6.43588 0.991535
5.93731 0.806714
5.92699 0.701654
6.51985 0.793734
6.52274 0.781933
6.43524 0.284506
6.43091 0.276679
6.00749 1.02236
5.99941 1.00366
6.14064 1.14166
6.24765 1.14506
6.22802 0.164988
6.29936 0.172627
6.03728 0.28708
6.08844 0.217232
6.5272 0.567406
6.52066 0.504307
5.93542 0.559225
5.94215 0.517865
6.36159 1.07959
6.45955 0.947739
6.09187 1.10862
6.01993 1.04395
5.92664 0.68821
5.94472 0.842129
6.53105 0.684856
6.51518 0.814154
6.42427 0.267725
6.42885 0.273236
6.48608 0.384624
6.26671 1.14459
6.48573 0.889558
5.96608 0.917306
5.93374 0.575129
6.50189 0.437731
6.5334 0.636449
5.9501 0.481154
5.95184 0.470178
5.98441 0.373162
5.99597 0.345278
6.10212 0.208048
6.18983 0.161784
6.33402 0.192527
5.9758 0.396796
6.37582 0.219633
