5.97632 1.28235
5.93221 1.22612
6.00754 0.0351083
6.06009 -0.0136518
5.89163 0.201279
5.87439 0.236292
6.59481 1.01173
6.56852 1.06709
6.24217 -0.061126
6.27066 -0.0610439
6.50042 0.0910041
6.41591 0.0106083
5.82542 0.396727
5.83979 0.339139
6.67027 0.596287
6.66798 0.69911
6.64661 0.40491
6.6563 0.452248
6.58357 0.227056
6.59311 0.245794
6.12174 1.36903
6.18035 1.37189
6.36566 1.31464
6.43416 1.25528
6.51823 1.16158
6.51444 1.16666
5.90502 1.19037
6.0048 1.31139
5.7873 0.752457
5.78697 0.749323
6.66206 0.759484
6.64767 0.850096
6.61415 0.962709
6.50978 1.17211
5.84205 1.04439
5.82109 0.980743
6.09046 1.35559
5.88703 1.16155
5.85481 1.08916
5.80986 0.924068
5.81822 0.965628
5.78754 0.756559
5.78777 0.687384
5.78777 0.687537
5.79494 0.561071
5.79492 0.561238
6.23652 1.37004
6.33455 1.33151
6.63839 0.889253
6.53695 0.146512
6.50544 0.0959923
5.78925 0.623194
5.7894 0.620843
6.6703 0.558381
6.61767 0.309588
6.62869 0.33981
5.78904 0.625622
5.78782 0.683753
6.0953 -0.0304234
5.96338 0.0799014
6.29196 -0.0539283
6.38471 -0.0133692
5.85365 0.296133
5.91217 0.162641
5.94167 0.113531
6.16276 -0.0585829
6.50471 0.0951922
5.80241 0.495671
6.6689 0.532861
6.60096 0.263644
6.55114 0.166578
5.80414 0.892424
5.79453 0.565244
5.80154 0.499825
5.79996 0.866813
