6.03886 -2.79024
6.07388 -2.76389
4.53144 -1.40921
4.57055 -1.58329
8.08774 -0.260247
8.09318 -0.24248
8.19636 0.430906
8.19734 0.463609
4.20582 1.35831
4.20364 1.33025
4.19577 0.850324
4.19534 0.827077
6.85698 3.34737
6.84278 3.35911
4.32303 -0.454978
4.33573 -0.52346
4.24428 1.92172
4.23512 1.81951
4.81964 -2.70355
4.83008 -2.74638
4.80015 -2.60403
4.8051 -2.62678
4.22847 0.203246
4.22421 0.248055
7.86907 -0.823096
7.88204 -0.79681
5.47895 -3.18328
5.5126 -3.16056
6.43835 3.65851
6.42568 3.66617
7.87097 1.99925
7.88717 1.96305
4.33776 2.60395
4.32494 2.52504
5.26344 3.99649
5.28385 4.00008
4.76452 -2.42215
4.76976 -2.4541
7.15205 3.07023
7.19844 3.02155
8.14486 1.11787
8.13759 1.15833
4.96734 -3.30838
4.97209 -3.32118
5.3184 -3.28644
5.26274 -3.32022
7.47644 2.68324
7.50239 2.6484
7.6702 -1.17368
7.63227 -1.23159
7.66897 2.39163
7.70049 2.33597
8.02448 1.60432
8.00606 1.65985
5.05457 -3.38426
5.07779 -3.39562
4.86856 -2.93663
4.85961 -2.88815
4.88944 -3.02837
4.88171 -2.98976
4.66795 -2.00632
4.6656 -1.99494
5.65008 -3.06752
5.6305 -3.0804
4.92207 -3.1517
4.92995 -3.18801
5.15508 -3.3711
5.14089 -3.37979
5.98644 -2.82961
5.95541 -2.85167
6.65184 3.51108
6.63006 3.52671
6.17558 3.80557
6.21638 3.78552
6.03458 3.86903
6.05279 3.86181
5.77553 3.96122
5.75028 3.96663
4.25267 2.00276
4.25198 1.99591
4.4089 2.95408
4.4023 2.92463
4.45211 3.11689
4.4509 3.11227
7.12291 3.10038
7.55644 -1.34121
7.59574 -1.2856
7.05374 -1.92754
7.07821 -1.90324
6.89249 -2.08484
6.88724 -2.08983
4.76355 3.72815
4.77905 3.74665
8.19701 0.6496
8.19705 0.648607
6.65792 -2.29271
6.67535 -2.27719
6.42892 -2.48365
6.40359 -2.50493
6.22774 -2.64481
6.23208 -2.64127
4.60845 -1.74384
4.62326 -1.80646
7.9835 -0.566212
7.97326 -0.592359
7.74101 -1.0586
7.76795 -1.01252
4.47304 3.18239
4.47024 3.1746
6.15258 -2.70226
6.09287 -2.74979
6.95859 3.25794
7.02894 3.19193
4.27569 2.19082
4.29192 2.30195
4.24523 1.9323
4.24613 1.94211
7.30783 2.89966
7.30969 2.89744
7.17212 -1.80352
7.24027 -1.72959
5.99331 -2.82401
4.49944 -1.26962
4.52023 -1.35774
4.57224 -1.59093
4.6441 -1.90504
4.64381 -1.90354
4.44306 -1.02654
4.4468 -1.04345
4.19565 1.0174
4.19538 0.977325
4.21335 1.51418
4.21178 1.48563
4.36363 -0.66384
4.36226 -0.657363
4.20616 0.499891
4.20822 0.465209
5.50153 4.0065
5.4541 4.00914
5.39253 4.00851
5.44321 4.00969
4.29415 2.31406
4.29599 2.32822
4.24565 0.0338369
4.2491 0.00492646
4.28424 -0.240892
4.28297 -0.23312
5.47176 -3.189
5.43783 -3.21122
7.95292 1.8044
7.97109 1.7571
7.77642 2.19529
7.79534 2.15835
4.35383 2.69907
4.35997 2.73163
4.89201 3.84717
4.8909 3.84643
5.04193 3.93225
5.01054 3.91836
5.14138 3.96984
5.1471 3.97126
4.77993 -2.49416
4.75381 -2.3757
8.09413 1.36061
8.07362 1.4409
4.95525 -3.28679
4.94954 -3.25659
7.62615 2.46286
7.57616 2.54064
6.97496 -2.00656
6.98327 -1.99874
7.45872 -1.47313
7.46491 -1.46529
7.37821 -1.57316
7.37822 -1.57315
4.54556 3.37389
4.53381 3.34807
4.70942 -2.1775
4.70158 -2.14306
4.74269 -2.32477
4.73358 -2.28114
5.79998 -2.96125
5.83953 -2.93463
5.76504 -2.98769
5.7019 -3.03305
4.64442 -1.90667
4.68709 -2.08485
8.09775 -0.22604
8.02738 -0.448777
8.01647 -0.478764
8.17801 0.196399
8.18201 0.234159
8.15584 0.0329759
8.1604 0.0632191
4.83796 3.80447
4.83455 3.80164
6.7197 3.45881
6.73802 3.44479
6.93107 3.28237
6.94485 3.27026
5.83152 3.94457
5.84443 3.94012
5.99784 3.88466
5.92863 3.91044
5.66221 3.98644
4.27458 2.18329
6.28281 3.75
6.27187 3.75619
6.51879 3.60531
6.49346 3.62289
4.41747 2.98725
7.24924 2.96602
7.13042 -1.8481
6.92568 -2.05359
6.8065 -2.16243
8.19171 0.738483
8.19002 0.761838
6.74894 -2.21293
6.72155 -2.23713
6.61427 -2.32945
6.51428 -2.41401
6.46715 -2.45316
6.39243 -2.51366
6.34006 -2.55586
4.62899 -1.83398
4.60022 -1.70834
4.47514 -1.16829
4.47545 -1.16962
4.21795 1.59002
4.21951 1.61393
4.20331 0.559145
4.20173 0.595617
4.40052 -0.83201
4.39166 -0.791029
4.42494 -0.944421
4.41913 -0.917241
4.1963 1.06463
4.19703 1.10432
5.91767 -2.87947
5.91413 -2.88228
4.57321 -1.59556
4.57735 -1.61372
8.05713 -0.360162
8.19083 0.338511
8.19465 0.394071
4.19788 0.723322
4.19665 0.747332
7.05953 3.16306
7.04393 3.17789
6.75472 3.43175
6.82788 3.3713
5.40157 -3.23563
5.39926 -3.23749
5.51729 -3.15701
5.55028 -3.13553
4.26739 2.12897
5.36172 -3.26043
5.37689 -3.25139
6.36143 3.70459
6.3434 3.71567
4.83275 3.79985
8.17929 0.875841
8.18104 0.860749
8.16477 0.991106
8.17783 0.890678
5.00864 -3.36978
4.99099 -3.35329
4.93496 -3.2197
4.46844 3.16957
4.45991 3.1423
4.71089 3.66413
4.72826 3.68833
5.68978 -3.0408
8.11969 -0.140922
4.87701 3.83541
6.54833 3.58538
6.60505 3.54449
5.62245 3.99322
4.25906 2.06351
7.32787 -1.63206
7.25512 -1.71366
8.1515 0.00796528
8.1287 -0.104781
4.20074 1.23132
4.20088 1.25778
4.23014 1.75788
4.22894 1.7415
4.42916 3.03197
4.43342 3.04982
4.74879 -2.35011
7.34292 2.85607
7.3738 2.8193
4.59737 3.48563
4.60085 3.49297
4.49185 3.23675
4.50023 3.26086
6.57349 -2.36385
6.55303 -2.38151
6.1075 3.83746
6.15788 3.81399
6.79654 -2.1715
4.20281 1.29482
4.20667 1.38814
4.19647 0.786823
4.19518 0.873477
4.34267 -0.559779
4.30941 -0.38185
5.55545 4.00197
5.531 4.0048
4.84301 -2.81183
4.81484 -2.67539
4.79726 -2.59285
4.78623 -2.53215
4.21882 0.317691
4.23572 0.125964
4.27607 -0.188882
4.2648 -0.114794
7.92372 -0.707218
7.82631 -0.906211
5.32627 -3.28279
7.91347 1.90168
7.84218 2.06195
4.34146 2.62896
4.31631 2.46569
4.43672 3.06342
5.30429 4.00198
5.21132 3.98733
8.16029 1.02288
8.12122 1.24094
5.22687 -3.33663
7.33325 -1.62597
4.56966 3.42921
4.5658 3.42177
5.61053 -3.09483
5.55637 -3.13095
4.8452 -2.81934
4.84808 -2.83209
4.87418 -2.95847
4.89537 -3.06326
4.90478 -3.09822
5.68495 -3.04381
4.91258 -3.12011
5.20117 -3.3531
5.0967 -3.39357
4.25864 2.05953
7.80797 -0.940261
7.93438 -0.683408
7.7067 -1.11542
7.60797 -1.26765
7.51585 -1.39832
4.63913 3.56152
4.65386 3.58371
4.82912 3.7961
8.19899 0.559469
8.1968 0.653365
6.27653 -2.60628
6.30346 -2.58414
6.22048 -2.65053
4.22264 1.65869
4.22526 1.69619
4.62943 3.54337
7.5069 -1.41046
6.08141 -2.75847
4.48865 -1.22357
4.49271 -1.24052
4.64309 -1.90028
4.47281 -1.15854
4.4609 -1.10654
4.45919 -1.09879
4.43289 -0.980347
4.19546 0.95401
4.19584 1.04082
4.21025 1.4534
4.21537 1.54978
4.30381 -0.349933
4.36413 -0.666355
4.21027 0.432104
4.20452 0.53042
5.44738 4.00957
5.58988 3.99734
5.35949 4.00716
4.26306 -0.10237
7.82533 2.09712
7.93018 1.8615
7.9894 1.7074
7.74675 2.25241
4.30945 2.42048
4.36271 2.7444
4.94917 3.88521
4.96058 3.89157
5.07459 3.9466
5.13801 3.96865
8.10894 1.29752
8.06373 1.47699
4.98161 -3.33559
7.63349 2.45099
7.56495 2.55769
7.43865 2.73552
7.38222 2.80853
7.51509 2.63011
7.72802 2.28688
7.49858 -1.4215
7.42201 -1.51952
7.4186 -1.5237
7.37813 -1.57325
4.52285 3.319
4.58351 3.4576
4.50424 3.27238
4.69178 -2.10549
4.71801 -2.21213
4.72622 -2.25087
8.04525 1.53986
5.9042 -2.8894
8.18471 0.261205
8.17484 0.167681
5.80909 3.95154
5.88725 3.92633
6.08509 3.84729
4.39325 2.88652
4.38336 2.84287
6.78518 -2.18171
6.69129 -2.2634
6.53071 -2.40081
6.45377 -2.46392
6.33053 -2.56329
4.20091 0.622799
4.38827 -0.775831
4.4053 -0.854138
4.41269 -0.888245
4.19778 1.12899
8.19894 0.532214
4.19938 1.20573
4.19808 0.698482
6.48722 3.6269
7.94486 -0.659422
6.22739 3.77965
4.23401 1.8051
8.12718 -0.111432
4.37825 -0.727912
5.90411 3.91988
7.45068 2.71941
8.036 1.56952
5.85994 -2.91974
8.17052 0.132323
6.16023 3.81288
6.32755 3.72514
4.39587 2.89868
4.37407 2.79923
6.40276 3.67993
4.37741 2.81511
5.9216 -2.8766
