7.63539 -0.226114
7.63635 -0.223131
7.55523 -0.439678
7.54558 -0.462221
5.31738 3.08519
5.32643 3.09123
7.74116 0.249945
7.7425 0.260648
4.66897 1.14813
4.66477 1.06185
5.14256 -1.46278
5.10362 -1.37539
5.04504 -1.23454
5.03129 -1.19745
4.73921 1.83395
4.74578 1.87287
6.05745 -1.96713
6.00941 -1.98478
5.37851 -1.82949
5.347 -1.79211
4.66758 0.633143
4.67132 0.54048
7.07417 -1.21249
7.10716 -1.17401
6.65561 2.85107
6.70554 2.81175
6.41154 -1.79415
6.40991 -1.79525
7.35251 -0.832364
7.32758 -0.872213
7.75964 0.485527
7.75974 0.488217
7.69812 0.00376767
7.69963 0.0104739
5.51612 3.18216
5.57462 3.19757
5.12414 2.89791
5.15575 2.93626
5.1427 -1.4631
5.1865 -1.54792
4.67601 1.28265
4.67675 1.29538
4.70598 1.60296
4.70764 1.61617
5.84789 -2.01372
5.81035 -2.01847
5.62059 -1.99271
5.5402 -1.95682
4.9045 -0.812199
4.89709 -0.7868
4.85171 -0.619369
4.84272 -0.583687
4.66318 0.760683
4.66268 0.783567
4.91983 2.52302
4.94799 2.59307
5.03545 2.76654
5.04071 2.77462
4.89089 2.44529
4.87746 2.40897
7.42972 -0.7008
7.4818 -0.599728
6.3844 3.03026
6.41303 3.01489
5.91367 3.20431
5.93272 3.20083
6.59992 2.8938
6.78092 2.74803
6.73964 2.7844
6.60878 -1.65567
6.66515 -1.61044
6.51672 -1.72361
6.52496 -1.71771
7.25243 -0.982995
7.29201 -0.926355
5.30662 -1.74338
5.27974 -1.70361
6.9646 -1.33436
6.93327 -1.36658
4.80206 2.14332
4.82063 2.21607
7.75638 0.729348
7.75922 0.667115
4.72825 -0.0115457
4.72399 0.0165543
7.6689 -0.11318
7.62368 -0.260013
7.53131 -0.494709
7.59467 -0.341937
5.95863 -1.99589
6.11188 -1.94911
5.71413 -2.01416
5.70748 -2.01278
7.06867 2.45433
7.04894 2.47745
7.10878 -1.17206
7.15246 -1.1177
7.01763 -1.2775
7.04046 -1.25229
6.24917 3.09963
6.27254 3.0879
7.41787 1.93182
7.42791 1.91223
7.33972 2.07055
7.37118 2.01673
7.2567 2.20272
7.27132 2.18058
7.14763 2.35518
7.16407 2.33391
7.6036 1.50027
7.6081 1.48666
7.65514 1.33314
7.63277 1.41061
7.69584 1.16703
7.68382 1.2212
7.74765 0.844515
7.75356 0.776493
7.59736 -0.334815
6.53977 2.93492
6.50315 2.95938
4.68654 1.42652
4.6863 1.42368
5.90887 -2.00808
5.7183 -2.01424
5.53006 -1.95204
5.45544 -1.90149
4.9108 2.50223
6.18527 3.1266
6.19392 3.12311
6.32276 3.06336
6.44027 2.99885
6.41699 3.01271
6.82188 2.71231
6.35404 -1.8281
6.31177 -1.85365
6.91387 -1.38657
4.66314 0.935802
4.66285 0.913276
4.6704 1.18558
4.66965 1.16727
4.97644 -1.04315
4.9985 -1.10674
5.23746 -1.63988
5.26584 -1.68244
5.33094 -1.77336
4.68234 0.381527
4.68069 0.404206
4.66577 0.674404
4.66663 0.653201
6.87564 2.66192
6.92049 2.61743
7.7277 0.998015
7.72487 1.01771
6.14928 -1.93194
4.66473 1.04027
4.68986 1.46058
4.67271 0.522801
7.00571 -1.29075
7.45854 1.85091
7.50046 1.76158
5.77181 3.21704
5.79096 3.21603
6.8479 -1.45031
7.5692 1.5961
7.54046 1.66849
6.57054 2.91462
4.6775 1.30662
4.68137 1.35953
6.28784 -1.8657
6.21238 -1.90499
4.93652 -0.920287
4.92761 -0.890778
4.95155 -0.969593
4.6733 0.506372
4.69267 0.266333
4.69992 0.196583
4.69991 0.196627
4.66372 1.01809
4.66266 0.89047
4.66244 0.806965
6.08618 3.1616
6.06573 3.16765
6.8531 2.68341
4.78053 -0.311893
4.79121 -0.362881
4.69306 1.49051
4.69275 1.48784
4.73046 1.77676
4.72538 1.74452
4.76908 -0.251235
4.77669 -0.292238
4.76937 2.00122
4.77514 2.02921
5.66841 3.2128
5.63833 3.20887
5.4529 -1.89962
4.96647 -1.01493
5.41619 3.14287
5.23402 3.01818
7.75387 0.380211
7.7231 0.125793
5.07963 -1.3182
5.14261 -1.46291
4.74877 1.89097
4.7353 1.80869
4.87797 -0.720547
4.88174 -0.733864
4.84162 2.29286
4.84505 2.30548
6.75865 -1.53167
6.79899 -1.49646
7.30352 -0.90891
7.36328 -0.814905
7.37945 2.00207
7.41643 1.93457
7.21352 2.26656
7.21651 2.26228
7.57375 1.58422
7.67678 1.24997
7.65962 1.31722
7.7603 0.576648
7.75877 0.466837
7.72293 0.12485
7.67091 -0.105746
5.21993 3.00521
5.43757 3.15253
5.61698 3.20628
5.08781 2.84786
7.75481 0.392843
5.2268 -1.62061
5.06625 -1.28704
5.23277 -1.63169
4.7133 1.66128
4.69987 1.55201
4.71945 1.70417
4.76873 1.9978
4.87116 -0.695998
4.91483 -0.847838
4.82669 -0.517606
4.70702 0.135656
4.70823 0.126262
4.95282 2.60295
5.03163 2.76011
4.98914 2.68142
4.79532 2.11764
4.78302 2.0649
7.42929 -0.701598
7.48973 -0.583854
6.13027 3.14701
6.03338 3.17742
5.94057 3.19898
5.86298 3.21077
5.72693 3.21714
5.71665 3.21657
6.70949 -1.57466
6.56699 -1.68638
6.50889 -1.72947
7.21329 -1.0389
7.20071 -1.05633
7.3993 -0.753208
7.76037 0.596638
7.50425 1.75304
7.53729 1.67603
4.8079 -0.436854
6.9766 2.55918
6.98463 2.55052
7.76007 0.627066
7.75508 0.756431
4.74235 -0.101661
4.75083 -0.150907
6.99513 2.53866
7.11139 2.40155
7.17886 -1.0845
7.10821 -1.17275
7.70546 1.12265
7.71752 1.05882
7.45454 1.85923
7.32293 2.09874
7.29884 2.13748
7.20368 2.28035
7.63092 1.41656
7.60323 1.50135
7.73758 0.931611
7.73468 0.952201
7.73969 0.913826
6.47242 2.9796
4.85799 2.34909
5.39744 -1.84747
4.69995 0.196282
5.8238 3.21449
6.18911 -1.91498
4.69346 0.257884
5.00982 -1.13945
4.68603 1.42039
6.8111 -1.48572
7.60281 1.50259
4.69311 0.261865
6.36129 3.04356
7.50998 -0.541623
6.47744 2.97634
4.86445 2.3689
