4.67836 -1.19759
4.68265 -1.21333
5.31428 -2.64278
5.2462 -2.59643
5.42806 -2.67732
5.45291 -2.67861
5.86722 -2.57251
5.91596 -2.54985
5.24189 -2.59325
5.18747 -2.54064
8.00796 0.168868
8.0114 0.195409
4.59995 -0.885718
4.61437 -0.944627
4.37147 0.915067
4.37171 0.977118
4.37166 0.850118
4.37164 0.848768
4.50756 -0.466432
4.53564 -0.603425
5.60917 3.70659
5.58575 3.70682
4.45213 2.06151
4.45332 2.07189
4.55267 2.59841
4.55542 2.60981
7.31708 -1.37705
7.33748 -1.35177
6.84004 -1.88513
6.83773 -1.88733
7.00206 -1.72797
7.02894 -1.70171
6.40939 -2.23745
6.42482 -2.22556
5.57755 -2.67154
5.56258 -2.67505
4.77757 -1.55924
4.76713 -1.52398
4.83139 -1.7371
4.8182 -1.69276
7.86969 -0.397557
7.85697 -0.433548
4.85467 3.33805
4.83336 3.30966
5.16552 3.61639
5.18632 3.62715
4.94405 3.44939
4.96316 3.46795
6.02994 -2.48747
6.03935 -2.48217
8.02266 0.301958
8.02034 0.272917
7.98655 0.0332578
7.98459 0.0220567
6.82545 3.12973
6.82155 3.13308
6.59885 3.30631
6.61241 3.29696
4.43774 1.95214
4.43551 1.93425
4.47155 2.18764
4.47187 2.18979
7.65993 -0.864823
7.65316 -0.877262
7.77528 -0.631858
7.76381 -0.65749
5.95932 3.63896
6.05194 3.60617
6.40981 3.4308
6.34876 3.46519
6.12021 3.57926
6.18648 3.55015
7.13957 2.82505
7.08917 2.87969
6.99106 2.97787
7.00971 2.96021
7.40461 -1.26321
7.44437 -1.20916
7.54466 -1.05876
7.52179 -1.09453
6.66204 -2.03911
6.6424 -2.05605
8.02632 0.76731
8.0273 0.7553
4.72741 -1.37881
4.74745 -1.45182
4.7515 3.16987
4.72498 3.11614
5.44755 3.70111
5.50827 3.7061
5.74035 -2.62725
5.74183 -2.62683
4.64075 -1.05139
4.63722 -1.03712
7.73203 1.91373
7.7297 1.91897
4.78911 3.23898
4.81915 3.28832
4.37372 1.10412
4.37396 1.11306
6.12575 -2.42957
6.1498 -2.41507
6.21219 -2.37421
6.26247 -2.34134
5.39806 -2.67294
5.33698 -2.65266
5.2436 -2.5948
4.98956 -2.1845
4.97965 -2.16248
5.06622 -2.35141
5.03853 -2.29667
5.13875 -2.47638
5.15101 -2.49178
5.09433 -2.40628
5.09143 -2.40022
4.38712 1.41304
4.38375 1.35816
4.39553 1.53331
4.39212 1.48646
4.48514 -0.35067
4.488 -0.365989
4.54593 -0.652463
4.3906 0.386608
4.39489 0.33187
4.38175 0.522558
4.38532 0.462327
4.44223 -0.0869023
4.44995 -0.138591
4.40863 0.184764
4.41782 0.100446
6.29858 3.49397
6.2094 3.53856
4.525 2.47061
4.51199 2.40846
4.59452 2.75675
4.58733 2.73046
7.20546 2.7501
7.24105 2.70838
8.00361 0.978176
8.00017 1.00234
7.95924 1.22719
7.94795 1.27752
7.43602 2.44726
7.37763 2.53109
7.28134 2.6581
7.3091 2.62323
6.75263 -1.96243
6.8552 -1.87096
7.07973 -1.64873
6.93384 -1.79658
7.52071 2.31409
7.49251 2.35988
7.60021 2.17717
7.58983 2.1959
4.88223 -1.8967
4.87949 -1.88785
7.89617 1.47275
7.90566 1.44061
7.84168 1.64016
7.84771 1.62319
6.44014 -2.21355
6.53634 -2.14108
6.35953 -2.27269
5.69104 -2.64483
5.65265 -2.65581
7.94435 -0.154593
7.95741 -0.103832
7.90833 -0.279358
7.92358 -0.22962
7.89445 -0.324328
7.83592 -0.487885
7.82459 -0.517046
4.89294 3.39035
6.92261 3.04354
6.87626 3.08504
6.77822 3.1691
6.76834 3.17709
6.71404 3.22079
6.66683 3.25652
6.52023 3.36112
5.84484 3.67152
5.86693 3.66502
4.42461 1.84651
4.43 1.89223
4.44369 1.99788
4.47382 2.20186
4.49175 2.30686
6.07343 3.59875
6.47696 3.38827
6.44155 3.41083
6.19658 3.54508
7.05778 2.91169
6.92923 3.03765
6.56807 -2.11512
6.74049 -1.97341
6.92278 -1.80689
7.1232 -1.60342
8.03092 0.678167
8.02315 0.807744
6.55257 -2.12785
4.71672 3.09846
4.76923 3.2021
8.03234 0.45703
8.03375 0.497484
4.41073 1.70973
4.41384 1.74308
4.39859 1.57068
4.40211 1.61477
4.37572 0.659088
4.37394 0.715065
4.38123 0.532194
4.37832 0.592743
4.62019 2.84216
4.62211 2.84879
7.77944 1.80297
7.77192 1.82143
7.68871 2.00617
7.68357 2.01688
4.67742 3.00178
4.6643 2.9693
7.22077 -1.49322
7.23508 -1.47678
4.57928 -0.79839
4.37556 1.16854
4.37772 1.23111
4.85798 -1.82303
4.85527 -1.81394
4.3737 0.723116
4.37369 0.723272
5.67342 3.7007
5.62138 3.70553
4.55054 -0.673943
4.56224 -0.726294
4.71093 3.08419
4.68862 3.03125
4.71451 3.0931
5.30428 3.67231
5.32943 3.67857
7.16712 2.79459
7.18274 2.77694
7.16894 -1.55237
7.18951 -1.52921
7.14321 -1.58115
4.92683 -2.02502
4.92753 -2.0268
8.03221 0.643402
5.69735 -2.64255
5.70178 -2.64075
4.91957 3.42244
5.11675 3.58922
5.08159 3.56675
5.78809 3.68357
5.76189 3.68807
4.45034 2.04968
8.01895 0.855419
4.70281 -1.28825
4.66485 -1.1472
4.8043 -1.6483
4.78146 -1.57172
4.94922 -2.08765
4.95222 -2.09494
5.02543 -2.26613
5.00821 -2.22977
5.04744 3.54145
5.01862 3.51869
5.79847 -2.60459
5.95368 -2.52918
8.01604 0.235686
8.00491 0.145202
4.3824 1.29461
4.38337 1.35264
4.37172 0.978419
4.37147 0.913618
4.37432 0.786615
4.37163 0.851474
4.39112 1.47329
4.38773 1.42231
4.38582 0.454797
4.38977 0.397104
5.52379 3.70708
5.61557 3.70618
4.42378 0.0499459
4.43271 -0.0197384
7.72092 -0.747678
7.71017 -0.769363
4.55692 2.6154
4.53286 2.50966
7.98348 1.10472
7.97742 1.13782
7.37324 2.53729
7.31134 2.62031
7.49501 -1.13454
7.44612 -1.20662
7.36155 -1.32003
7.28215 -1.42086
7.56097 2.24631
7.54248 2.27795
7.87016 1.55634
7.87777 1.53297
5.53248 -2.67764
5.60775 -2.6669
4.752 -1.46938
5.21414 3.63929
5.13258 3.59883
5.28926 3.66713
5.98897 -2.51072
6.04183 -2.48078
5.77763 -2.61228
8.02508 0.33085
7.97237 -0.0358488
7.98899 0.047381
7.95927 -0.0963992
7.59961 -0.970746
7.81422 -0.54182
7.59324 -0.981726
7.39154 -1.28119
7.59237 -0.983178
8.03393 0.587154
6.08803 -2.45294
4.71497 -1.33254
5.41042 3.69564
5.73125 -2.63054
4.62706 -0.996234
4.65298 -1.10016
4.40433 1.64
4.40768 1.67893
4.37821 0.595488
4.37575 0.657935
4.64197 2.90789
4.6289 2.87041
4.37371 1.10397
4.37553 1.16761
4.65456 -1.10647
5.49767 -2.68154
5.51713 -2.68012
4.95655 -2.10499
5.07152 -2.36298
5.11707 -2.4431
4.37241 1.04062
4.39688 1.55061
4.46852 -0.256686
4.39604 0.318004
4.38142 0.527541
4.46323 -0.225309
4.40482 0.221696
4.58097 2.7081
4.49585 2.32756
4.60427 2.78964
7.24366 2.7052
8.01726 0.870424
7.93124 1.34595
7.43974 2.44167
7.27073 -1.43435
7.6384 2.10663
7.63469 2.11373
7.47942 2.38046
4.8604 -1.8315
4.90299 -1.95754
7.9197 1.38939
7.81561 1.7114
5.62051 -2.66304
7.94242 -0.162068
6.72706 3.21098
4.42283 1.83197
4.43274 1.91395
6.30616 -2.31079
6.28257 -2.32763
4.62165 -0.974077
4.41758 1.77974
4.3737 0.722965
4.64707 2.92134
4.49345 2.31548
7.81085 1.7242
7.73446 1.90827
7.64243 2.09888
4.37779 1.23334
5.70192 3.69697
5.37436 3.68956
4.91958 -2.00469
8.03028 0.40578
5.81498 3.67827
5.73102 3.69373
5.4728 -2.68105
5.10947 -2.43098
6.72089 3.21565
4.90425 -1.96158
6.8293 3.12651
8.03392 0.588417
6.18526 -2.39216
5.17328 -2.52087
6.34597 -2.28299
6.62398 3.28878
4.42039 1.80701
7.92867 -0.212064
