6.40933 2.24427
6.37904 2.26008
7.16303 1.24121
7.16552 1.23346
5.18957 0.995768
5.19435 1.06589
5.43951 -0.526502
5.4107 -0.46109
5.533 -0.702088
5.55948 -0.744793
5.46967 2.03183
5.44298 1.987
5.92466 -1.04767
5.88633 -1.0314
6.11464 -1.07015
6.12972 -1.0682
7.1229 -0.134505
7.1525 -0.0554125
5.19071 0.543014
5.19536 0.478753
7.2562 0.429513
7.24713 0.346149
6.73551 1.9833
6.74718 1.97118
5.98337 2.35951
6.06534 2.35671
6.12233 2.34947
6.19391 2.33474
5.77436 2.3108
5.77903 2.31311
6.77137 -0.697911
6.81701 -0.645454
6.52985 -0.909574
6.469 -0.9473
6.67799 -0.790762
6.65734 -0.810257
6.99528 -0.3943
6.9549 -0.459568
7.23436 0.945805
7.22938 0.975076
7.25663 0.763405
7.26254 0.686995
5.37585 -0.374586
5.35707 -0.320284
5.6487 -0.860559
5.64573 -0.856815
5.2487 1.45211
5.22766 1.34653
5.30366 1.66626
5.29898 1.64974
5.21026 1.22729
5.22386 1.32351
5.37705 1.85967
5.40157 1.91309
5.59236 2.18455
5.58419 2.17683
6.81627 1.8885
6.83983 1.8595
7.04735 1.52868
7.04544 1.53245
6.88112 1.80625
6.9396 1.71768
5.74006 -0.947126
5.81786 -0.999749
6.30916 -1.02662
6.24122 -1.04692
7.05801 -0.28082
7.06702 -0.263166
7.2005 0.103668
7.2172 0.172463
5.29638 -0.121129
5.29904 -0.131228
5.24076 0.126863
5.25206 0.0700468
5.18328 0.812504
5.18352 0.838298
5.21474 0.296483
5.22896 0.196971
7.26277 0.679204
7.26381 0.588669
7.12841 1.33957
7.13764 1.31364
7.18805 1.15651
7.18815 1.15615
7.20781 1.08045
7.18852 1.15476
7.21759 1.03844
7.21023 1.07129
7.22679 0.990657
7.24404 0.878698
5.28314 -0.0678965
6.58714 2.12137
6.60536 2.10698
6.76094 1.95542
6.7517 1.96617
6.65992 2.05717
6.62596 2.08832
5.37968 -0.385483
5.38518 -0.400702
6.84885 1.84784
6.88085 1.80664
5.31478 -0.188189
5.31664 -0.19457
6.35506 2.27241
6.32364 2.28702
7.24933 0.841229
5.27514 -0.0343879
5.26828 -0.0045715
5.18345 0.734029
5.18364 0.707991
6.51885 2.17447
6.50304 2.18498
5.88024 2.34588
5.79496 2.31829
6.875 -0.574341
6.88944 -0.555888
6.64777 -0.818843
6.5667 -0.882204
5.1979 1.11252
5.18595 0.930709
5.47106 -0.59391
5.39863 -0.433037
5.58767 -0.783079
5.50005 -0.645696
5.27436 1.56036
5.25872 1.49551
5.42005 1.94789
5.49126 2.06468
5.67033 2.25017
5.62865 2.21517
6.99527 1.62528
6.97075 1.66726
5.83161 -1.0082
5.93915 -1.05117
6.21138 -1.05587
6.10598 -1.06987
7.1121 -0.161557
7.16624 -0.0140821
5.25788 0.0417007
5.18652 0.614724
5.2008 0.418657
7.24019 0.297041
7.25949 0.470878
5.91753 2.35183
6.088 2.35586
6.22296 2.32487
6.30103 2.29744
6.41605 -0.978401
6.35327 -1.00709
5.67973 2.25719
6.73991 -0.730509
6.90229 -0.538144
7.016 -0.359026
7.09406 1.42581
7.10039 1.41057
5.18414 0.877232
5.20738 1.2037
5.34767 -0.292587
5.37822 -0.381446
5.48406 -0.617936
5.65014 -0.862259
5.33935 1.76803
5.31348 1.69681
5.22672 1.34149
5.52709 2.11072
5.3576 1.81298
7.05345 1.51571
6.88091 1.80656
5.72527 -0.934081
6.01908 -1.06715
7.0695 -0.25789
7.18773 0.055737
7.22661 0.21902
5.33017 -0.238223
5.23221 0.176318
5.18321 0.773153
5.20934 0.339604
5.18458 0.669622
7.26366 0.570505
6.5465 2.15324
6.57161 2.13398
7.26259 0.685543
7.10663 1.39553
7.16027 1.25042
5.30746 -0.163813
5.30051 -0.137524
7.25244 0.812424
6.45359 2.21643
6.48468 2.19699
