6.40595 2.28989
6.39811 2.29399
7.19082 1.24224
7.1996 1.2149
5.16147 1.01312
5.16388 1.04849
7.28258 0.787335
7.2829 0.784017
5.38007 -0.476887
5.40927 -0.543199
5.50009 -0.720262
5.54648 -0.795089
5.43653 2.05324
5.39569 1.98464
5.55511 2.20862
5.57951 2.23383
7.15732 -0.124373
7.17499 -0.0771805
5.22914 0.0322209
5.2239 0.058937
5.16292 0.527221
5.16507 0.497454
7.28151 0.404314
7.27611 0.354679
6.71074 2.05418
6.75917 2.00389
6.0174 2.40526
5.97989 2.40654
6.1906 2.37945
6.13135 2.39164
5.72393 2.33761
5.77496 2.36276
6.77163 -0.74636
6.84002 -0.667737
6.52006 -0.961546
6.4979 -0.975284
6.75983 -0.759171
6.68122 -0.833384
7.02993 -0.395816
6.97715 -0.481115
7.26716 0.913148
7.25646 0.976074
5.33217 -0.34511
5.32317 -0.319056
5.61224 -0.880688
5.55509 -0.808516
5.21961 1.47091
5.2181 1.46336
5.27523 1.68463
5.25883 1.62682
5.1831 1.24484
5.19481 1.32778
5.34643 1.87946
5.38022 1.95311
6.83729 1.91304
6.86157 1.88315
6.95974 1.7412
6.9255 1.79305
7.06699 1.55161
7.08153 1.52139
5.92116 -1.0985
5.99996 -1.11409
5.73622 -1.00284
5.76814 -1.02443
6.11136 -1.11776
6.03005 -1.11767
6.30592 -1.0737
6.28615 -1.07961
7.04257 -0.373482
7.08833 -0.283798
7.232 0.11294
7.24088 0.149534
5.25913 -0.0959907
5.26836 -0.131037
5.15434 0.830368
5.15443 0.838986
5.18811 0.281351
5.19738 0.216469
6.61746 2.14093
6.60182 2.1547
7.28977 0.659886
7.29057 0.589656
7.14926 1.36391
7.17427 1.29369
7.2094 1.18143
7.22109 1.1382
7.2509 1.00957
7.27198 0.879728
5.2872 -0.203865
5.2803 -0.178699
5.2521 -0.0677036
6.53611 2.20463
6.55558 2.19019
6.81628 1.93845
6.77792 1.98309
6.67252 2.09153
6.65534 2.10728
5.35181 -0.400876
5.36645 -0.441417
6.3517 2.31785
6.34319 2.32181
7.27461 0.861068
5.24785 -0.0498976
5.23737 -0.00437944
5.1546 0.717634
5.15467 0.708676
5.87643 2.39439
5.93094 2.40083
6.63767 -0.872458
6.59283 -0.907502
6.93323 -0.546729
6.91171 -0.577449
5.17005 1.12971
5.15594 0.913575
5.43861 -0.605881
5.36933 -0.449219
5.55147 -0.803067
5.46639 -0.662587
5.24564 1.57892
5.22021 1.47353
5.38758 1.96886
5.48602 2.12855
5.63 2.27623
5.50064 2.14605
7.01614 1.64965
7.01351 1.65415
5.82797 -1.0612
5.87703 -1.082
6.20814 -1.103
6.16124 -1.11008
7.13401 -0.182771
7.19918 -0.00438573
5.22264 0.0654789
5.15673 0.633119
5.17361 0.403206
7.26454 0.2728
7.28747 0.479111
5.85065 2.38739
6.08465 2.40104
6.2731 2.35141
6.29768 2.34277
6.40653 -1.02896
6.39227 -1.03547
5.67539 2.31011
6.76447 -0.754288
6.88926 -0.607358
7.03859 -0.380902
7.11412 1.44923
7.12973 1.41165
5.15531 0.895031
5.17588 1.18572
5.30422 -0.263262
5.34432 -0.380219
5.45264 -0.635288
5.64612 -0.920662
5.19952 1.35906
5.30783 1.78604
5.30846 1.78799
5.30947 1.79075
5.49053 2.13434
7.02228 1.63829
6.90042 1.82934
5.68241 -0.955356
6.01564 -1.11722
7.10547 -0.247301
7.21081 0.0333917
7.25672 0.227882
5.30142 -0.254561
5.20605 0.161451
5.15425 0.773838
5.17842 0.358695
5.15601 0.653391
7.29018 0.544096
6.57758 2.1733
6.63 2.13023
7.28879 0.686509
7.14511 1.37457
7.18107 1.2747
7.2354 1.08544
7.23813 1.07232
7.24253 1.05304
5.29777 -0.242784
5.27347 -0.152888
6.51542 2.22077
7.28308 0.781913
6.87189 1.86931
6.49116 2.23631
7.28816 0.704592
6.86979 1.87229
6.50272 2.22908
