7.07234 -0.603767
7.08454 -0.585089
7.42167 0.642236
7.42338 0.594551
7.38277 1.02919
7.38286 1.0287
5.43667 -0.97764
5.42791 -0.962378
5.03993 1.26912
5.04722 1.33263
6.28054 -1.30482
6.24293 -1.31686
6.65515 -1.07707
6.69876 -1.04094
7.16512 1.66362
7.17904 1.63623
7.22669 -0.319289
7.19458 -0.386672
7.37444 0.124441
7.38189 0.157059
5.05732 0.207035
5.04389 0.31124
5.99514 2.63016
5.96312 2.63292
6.38984 2.50739
6.37979 2.51241
6.17448 2.5972
6.11193 2.61185
6.9611 -0.761235
6.95053 -0.774735
7.24889 1.48023
7.24002 1.50155
5.02534 1.09979
5.0241 1.08156
5.26389 -0.623476
5.25932 -0.61083
5.18753 -0.400256
5.19643 -0.428655
5.34331 -0.806838
5.35589 -0.833388
5.55401 -1.1352
5.53411 -1.11332
5.08335 1.55895
5.077 1.52302
5.13353 1.77618
5.14821 1.82617
5.50964 2.46899
5.55771 2.50851
6.08774 -1.35482
6.0093 -1.35941
5.90124 -1.34933
5.98295 -1.35867
5.19653 1.9763
5.19291 1.9666
5.27542 2.15733
5.27238 2.15071
5.37683 2.3238
5.36876 2.31286
6.79194 -0.952481
6.81207 -0.932748
7.07135 1.83252
7.0574 1.85522
5.71735 -1.27704
5.71383 -1.27463
7.32158 -0.0760264
7.28405 -0.182777
7.33504 -0.029608
7.35477 0.0392718
5.10245 -0.0586656
5.10405 -0.0667837
5.01561 0.850772
5.01657 0.907399
5.01833 0.653316
5.01667 0.71194
5.02889 0.463259
5.0297 0.451525
5.70132 2.58724
5.75719 2.60701
7.40294 0.283412
7.41551 0.39571
6.47675 -1.20664
6.46196 -1.21507
5.16742 -0.328641
5.15706 -0.289897
7.3978 0.932824
7.39484 0.955394
6.74835 2.2399
6.69255 2.29177
6.58504 2.38129
6.54219 2.41179
6.98548 1.96061
6.95852 1.99799
7.40526 0.88464
7.4044 0.891883
5.20218 -0.44631
5.19859 -0.435338
5.11909 -0.138316
5.11717 -0.130098
5.01763 0.965034
5.01797 0.979834
5.01543 0.833695
6.75752 2.23131
6.75929 2.22962
7.3632 1.11984
7.36548 1.11097
7.34071 1.2084
7.34239 1.20211
6.8903 2.08594
6.85056 2.13161
7.31303 1.30242
7.29429 1.35829
5.14108 -0.227148
5.14745 -0.252298
6.81877 2.16649
6.79179 2.19532
6.33565 2.53464
6.32456 2.53967
7.41385 0.803203
7.41736 0.763597
5.01883 0.640488
5.02133 0.581526
5.13214 -0.191347
7.13872 1.71406
7.12001 1.74899
5.08526 0.0340443
5.08043 0.0598285
5.01551 0.77712
6.28165 2.55926
6.25106 2.57023
7.01934 -0.681655
7.09981 -0.560114
7.4225 0.559331
7.42077 0.691373
7.39024 0.981005
7.38272 1.02944
5.38834 -0.893151
5.44389 -0.989574
5.62453 -1.20744
5.61897 -1.20172
5.10574 1.66931
5.10481 1.66519
6.67177 2.31071
6.62205 2.35148
5.43862 2.39938
5.4621 2.42523
6.18341 -1.33617
6.34927 -1.27424
5.23453 2.06775
5.19945 1.98342
6.57702 -1.13935
6.73606 -1.0064
7.19778 1.59765
7.15005 1.69277
5.80994 -1.3232
5.73689 -1.28674
7.24138 -0.286727
7.16463 -0.44522
7.3821 0.158071
7.35536 0.0415828
5.0164 0.719769
5.06281 0.169044
5.04192 0.328378
5.82529 2.62238
5.85956 2.62805
6.91396 2.05659
6.9066 2.06613
5.93123 2.63147
6.06829 2.62202
6.93721 -0.790843
7.14421 -0.483158
7.21306 1.56475
7.27366 1.41696
5.65592 2.56773
5.59233 2.53129
7.41976 0.724283
5.27027 -0.640285
5.22942 -0.526478
5.30331 -0.717748
5.3322 -0.782338
5.49244 -1.05802
5.62627 -1.20909
5.064 1.44662
5.10614 1.67091
5.16455 1.88097
5.05411 1.37871
5.39322 2.34389
5.99359 -1.35994
6.12372 -1.34766
6.37907 -1.26101
5.82874 -1.32922
5.27884 2.16409
5.3238 2.24207
6.88214 -0.855467
6.82638 -0.91806
6.56927 -1.14471
7.04984 1.86683
7.11259 1.76226
7.1532 -0.467007
7.25914 -0.245426
7.32212 -0.0743724
7.27882 -0.196277
7.40108 0.270373
5.1105 -0.100003
5.09206 -0.00347649
5.01855 0.646743
5.02979 0.450465
5.02157 0.576996
5.03578 0.385727
5.07583 0.0874588
7.41739 0.417446
7.35197 1.16235
7.3617 1.1266
7.42194 0.497578
7.32007 1.27926
7.37192 1.07725
6.75628 2.2325
6.499 2.44249
7.00847 1.92858
7.28272 1.39338
7.40763 0.864047
7.40582 0.880456
5.21917 -0.49648
5.03412 1.21627
6.47395 2.45769
6.4335 2.48245
5.02556 1.10318
5.11596 -0.124836
6.48608 2.45048
