5.44232 -2.34854
5.45928 -2.35448
5.28985 -2.23966
5.3095 -2.25685
6.09027 -2.25208
6.18846 -2.19862
5.85662 -2.34778
5.83536 -2.35513
4.95835 -1.63189
4.96915 -1.65963
6.60498 3.13708
6.61116 3.13249
4.66991 -0.646186
4.71128 -0.814793
5.03738 -1.82818
5.03747 -1.82839
4.58278 2.05592
4.57331 1.99921
5.90472 3.47535
5.93782 3.4674
4.72955 2.67259
4.73724 2.69606
7.03278 2.76321
7.04618 2.74939
7.1619 2.61809
7.13926 2.64497
7.86681 1.13578
7.8772 1.07963
7.3677 -1.11882
7.369 -1.11699
7.44796 2.2162
7.46372 2.18984
7.36468 2.34801
7.36093 2.35355
7.77849 1.48382
7.76124 1.53768
7.92006 0.693663
7.92292 0.603279
7.76742 -0.349717
7.74062 -0.423309
7.83489 -0.130758
7.83629 -0.125581
5.04259 3.24874
5.10676 3.31189
5.21808 3.39373
5.30248 3.43818
5.58232 -2.3856
5.58474 -2.38589
5.70007 -2.38219
5.66996 -2.38626
7.88663 0.113765
7.87656 0.0557861
7.91653 0.370103
7.91313 0.324658
4.92589 -1.5389
4.90453 -1.47772
4.528 1.64396
4.53174 1.6795
4.50847 1.42286
4.50694 1.40589
4.66176 -0.610979
5.10148 -1.96346
5.11191 -1.982
4.56396 1.93819
4.56921 1.97317
7.57489 -0.785035
7.53208 -0.861383
5.72761 3.50303
5.71153 3.5051
6.16624 3.38861
6.13952 3.39865
6.39041 3.27597
6.42554 3.25424
6.83677 2.95209
6.88632 2.90761
7.46751 -0.967859
7.5136 -0.893783
6.48585 -2.00414
6.40699 -2.0609
6.6298 -1.89532
6.60743 -1.91304
6.84581 -1.70887
6.80355 -1.74751
7.01629 -1.54149
6.99523 -1.56385
5.28779 -2.23741
5.23764 -2.17932
5.95146 -2.31399
5.93635 -2.32072
5.53536 -2.37812
5.50801 -2.37237
4.48909 0.91348
4.48902 0.910149
4.49405 1.16122
4.49426 1.16747
4.50749 0.410253
4.50968 0.378726
4.55402 -0.0300486
4.54456 0.0435816
4.49382 0.649496
4.49353 0.656018
4.59814 -0.29923
4.59284 -0.270085
4.79261 -1.11695
4.76996 -1.03783
4.84539 -1.29554
4.84042 -1.27866
7.80365 -0.239327
7.78296 -0.304372
5.18931 -2.11265
5.19125 -2.11595
6.21616 -2.18299
6.08768 -2.25334
4.65108 -0.561473
5.96185 3.45983
5.82175 3.49194
6.23451 3.35758
6.27886 3.33654
4.7017 2.58057
4.68619 2.5283
4.7523 2.73698
4.77049 2.78491
7.08492 2.70615
7.11521 2.67268
7.26461 2.48841
7.23699 2.52433
6.58559 -1.92928
6.50774 -1.98911
6.93756 -1.62052
6.89994 -1.65791
7.52672 2.07829
7.55487 2.02556
7.82597 1.31707
7.81678 1.3527
7.72791 -0.457029
7.70163 -0.519769
7.69167 -0.543564
6.77765 3.00241
6.74233 3.0319
6.52376 3.19262
6.55135 3.17462
4.52529 1.61534
4.51685 1.52528
4.51363 1.48702
4.50461 1.37349
4.50266 1.34579
4.73048 -0.891185
4.83995 2.9463
4.86123 2.98825
4.5982 2.1415
4.61514 2.22994
6.05254 3.43204
6.29184 3.3294
6.50104 3.20801
5.60272 3.50693
5.65045 3.50731
6.92214 2.8732
6.38023 -2.07784
6.76987 -1.77655
6.706 -1.83236
7.08936 -1.465
6.28664 -2.13986
6.07314 -2.2603
6.03725 -2.27746
4.75199 -0.972882
4.75734 -0.993106
4.4902 1.03646
4.48975 0.976979
4.48898 0.853287
4.48897 0.846676
4.49689 1.23888
4.49626 1.22343
4.49234 1.10398
4.5001 0.515128
4.50395 0.460396
4.51373 0.329935
4.52476 0.21095
4.53623 0.106392
4.56072 -0.0758756
4.491 0.725917
4.49131 0.716296
4.4965 0.590819
4.78473 2.81962
4.79421 2.8439
4.64284 2.35655
4.64593 2.3708
7.65646 1.81205
7.66619 1.78932
7.15413 -1.39104
7.14848 -1.39764
7.31455 -1.19047
7.28435 -1.2304
7.90524 0.886424
7.90356 0.903004
7.81901 -0.18669
5.36964 -2.30813
5.42879 -2.34268
4.73746 -0.918309
4.75117 -0.969776
4.49039 1.04048
4.49039 1.04461
6.70809 3.05957
6.66802 3.08952
6.56388 3.16592
6.55312 3.17343
4.61825 -0.403766
4.59997 -0.309247
4.49972 0.525616
4.49895 0.535394
4.59294 2.11432
4.59527 2.12652
4.56615 -0.109897
4.57975 -0.193716
4.62687 2.28416
4.6327 2.31152
4.61994 2.25222
7.70594 1.69117
7.72132 1.65148
7.65719 -0.619398
7.6392 -0.659007
4.93332 3.11012
4.95031 3.13542
5.5926 3.50606
5.49696 3.49633
4.56321 1.93257
4.55477 1.87193
7.3653 -1.12219
7.91559 0.771106
7.91893 0.727025
5.35846 -2.29989
5.36198 -2.30306
4.52217 1.58166
4.51931 1.55118
4.62802 -0.451923
4.88083 3.02341
4.90882 3.0728
4.51759 0.28602
4.51956 0.26469
4.81867 -1.20648
4.80457 -1.15799
5.48835 -2.36619
5.00749 3.20994
4.98773 3.18606
5.34444 3.45498
5.39935 3.4739
5.80684 -2.36199
5.88587 -2.33926
5.59787 -2.38585
7.9045 0.239203
7.89864 0.191645
4.93607 -1.56907
4.97563 -1.67528
5.03731 -1.82803
5.07378 -1.90554
4.57298 1.9973
4.58407 2.06286
7.57977 -0.775839
7.6308 -0.675845
7.62083 1.8909
7.60201 1.93099
4.66039 2.43263
4.65986 2.4305
4.74562 2.71968
4.72778 2.6668
7.12368 2.66294
7.17362 2.60415
7.84984 1.21801
7.88846 1.01073
7.4182 -1.04404
7.4879 2.14799
7.41402 2.27178
7.32082 2.41094
7.3784 2.3273
7.75105 1.56754
7.79016 1.44632
7.92276 0.55233
7.91949 0.714252
7.8639 -0.00711874
7.84963 -0.0700905
5.12114 3.32391
5.20501 3.38587
5.46902 3.48959
5.76292 -2.37342
7.92143 0.455349
4.88027 -1.40509
4.87373 -1.38599
5.00482 -1.74886
5.1301 -2.01371
4.56361 1.93556
7.67484 -0.581486
7.51565 -0.890308
7.44413 -1.00497
7.92276 0.494565
6.08574 -2.25421
5.9048 -2.33174
5.98681 -2.30008
5.57782 -2.38478
7.91125 0.828243
7.90889 0.852989
4.76688 -1.02719
4.85962 -1.34271
5.19477 -2.12122
5.15076 -2.05129
4.65962 2.42946
4.71455 2.62483
7.19965 2.57184
7.05448 2.74055
7.89779 0.945514
7.84102 1.25673
7.3036 2.43513
7.09343 -1.46041
7.11458 -1.43641
7.56437 2.00702
7.51066 2.10776
7.40696 2.28296
7.80344 1.40033
7.73018 1.6269
4.53605 1.7218
4.54063 1.76178
4.49951 1.30456
4.86191 2.98961
4.8195 2.90361
5.68783 3.50682
5.59865 3.50678
5.99709 -2.29505
4.48877 0.789665
4.49844 1.28566
4.4944 1.17393
4.8703 -1.37616
4.52159 0.240896
4.53688 0.100976
4.48887 0.783053
4.49321 0.662152
4.8183 2.90105
7.20528 -1.33028
7.09116 -1.46299
7.91258 0.815514
7.68837 1.73572
4.91714 3.08599
4.5538 1.86433
4.54651 1.80783
4.97602 3.17008
7.6474 1.83314
7.57484 1.98645
4.49898 1.29456
4.53394 1.70309
4.50998 1.44258
4.5445 1.7928
4.48883 0.786397
4.48913 0.916876
5.22312 -2.16184
7.22277 -1.30872
7.26069 -1.26129
6.63501 3.11457
4.81892 2.90241
5.70436 3.50594
