6.15175 -2.57611
6.22507 -2.52396
4.67476 -1.63181
4.67525 -1.63358
7.98247 -0.355412
8.01207 -0.258662
4.8807 3.64014
4.8411 3.60153
4.72099 -1.80798
4.73261 -1.85173
4.28537 1.35822
4.28118 1.30433
4.27299 0.972385
4.27301 0.977234
4.27468 0.850232
4.27363 0.791951
4.28996 1.46959
4.29097 1.486
5.77854 3.84053
5.75632 3.84578
4.28697 0.450257
4.28608 0.463942
4.34515 2.06041
4.35115 2.11288
4.935 -2.54347
4.92398 -2.51099
4.33165 -0.0189822
4.32344 0.0470149
7.7789 -0.841086
7.83064 -0.736242
4.5634 3.10409
4.54421 3.04896
5.02781 3.75631
5.05828 3.77295
5.21351 3.83811
5.2673 3.85194
4.88704 -2.39816
4.90449 -2.45283
7.12439 2.98643
7.16628 2.94248
7.41845 2.63757
7.42716 2.62588
7.26561 -1.58969
7.22447 -1.63585
4.64949 3.30958
4.62969 3.26959
5.43801 -2.96999
5.49519 -2.95356
5.35062 -2.98872
5.35514 -2.98759
4.80575 -2.12164
4.82576 -2.18656
8.12363 0.667615
8.12283 0.695254
4.97576 -2.65637
4.99179 -2.69167
5.04825 -2.80893
5.05068 -2.81222
5.23858 -2.98
5.25065 -2.98419
5.13588 -2.92267
5.18888 -2.95893
4.75601 -1.9377
4.76081 -1.95844
5.7046 -2.85807
5.64834 -2.88791
5.78249 -2.81434
5.74397 -2.83763
8.06181 -0.0660852
8.06477 -0.0530076
6.68372 3.38089
6.69125 3.37537
6.89303 3.20927
6.89579 3.20691
5.98016 3.77846
5.92526 3.79647
7.7181 -0.953778
7.74412 -0.905925
6.21825 3.67498
6.23777 3.66526
6.46012 3.53713
6.48108 3.52416
7.05753 3.0556
7.22734 2.8747
7.20284 2.90285
7.60829 -1.13374
7.64526 -1.07638
6.96308 -1.90955
6.96966 -1.90302
6.79412 -2.06532
6.86564 -2.00146
7.07998 -1.79157
7.05675 -1.81545
4.78897 3.53876
4.74886 3.48378
8.11514 0.800632
8.11752 0.771706
6.40126 -2.39158
6.34264 -2.4366
6.66032 -2.18174
6.62239 -2.21277
7.93022 -0.503433
7.9267 -0.512417
4.83632 3.59672
4.82999 3.58933
8.12469 0.459558
8.12238 0.403154
4.30174 1.64205
4.29953 1.6143
4.27922 0.603149
4.27955 0.59435
5.98698 -2.68989
5.98451 -2.6914
4.48314 -0.83852
4.48986 -0.868213
4.275 1.11025
4.27483 1.10423
4.37105 2.25004
4.3714 2.25241
7.15071 -1.71594
7.17725 -1.68716
5.93834 -2.72137
5.94147 -2.71922
4.58386 -1.26429
4.57029 -1.21074
4.65143 -1.54036
4.6349 -1.47163
5.73591 3.84916
5.74964 3.84692
5.86886 3.81581
4.39502 -0.414219
4.38292 -0.349444
4.43642 -0.622628
4.4274 -0.579719
4.38291 2.31497
4.3901 2.37021
4.37343 -0.295669
4.35639 -0.191555
7.78975 2.00689
7.74777 2.09436
7.87408 1.81182
7.83859 1.89768
4.39345 2.38876
4.40728 2.47372
4.44454 2.6704
4.44598 2.67802
5.08995 3.78953
5.08283 3.78634
5.29633 3.85818
5.35606 3.8682
8.03533 1.30245
8.05573 1.20978
8.08365 1.05733
8.10034 0.939386
7.34549 2.73351
7.3598 2.71504
7.4734 2.56056
7.48996 2.53649
7.45469 -1.35682
7.45269 -1.35945
6.88004 -1.98772
6.96178 -1.91086
7.66089 2.25883
7.69291 2.20086
7.5812 2.39548
7.59976 2.36504
4.71118 3.42432
4.70198 3.41019
4.59924 3.19832
4.60261 3.20626
5.42403 -2.97528
5.34707 -2.98924
4.76682 -1.98356
4.79615 -2.0836
4.86601 -2.32572
4.85659 -2.2918
7.94095 1.63082
7.91908 1.69378
7.99352 1.46359
7.97919 1.51333
5.26653 -2.98557
5.73054 -2.84478
5.72385 -2.84802
5.61897 -2.90238
5.59916 -2.91027
5.57454 -2.92173
6.49804 -2.31462
6.52625 -2.29256
8.03696 -0.169131
7.96983 -0.394895
7.93326 -0.495365
6.63971 3.41428
6.61767 3.42986
6.83917 3.25629
6.84213 3.25385
6.08958 3.73582
6.02488 3.761
5.64209 3.86553
4.32418 1.89345
4.32873 1.93316
4.35393 2.13384
6.09056 3.73545
6.09302 3.73434
6.2031 3.68278
6.2591 3.65429
6.30703 3.62844
6.42587 3.55891
6.37219 3.59032
7.27989 2.815
6.70555 -2.1424
6.76863 -2.08852
7.04155 -1.83046
4.74326 3.47628
8.12182 0.712263
8.11446 0.809327
6.68396 -2.16111
4.92908 3.68652
4.97059 3.71853
8.1195 0.35133
8.12626 0.532186
4.54785 -1.11696
4.55975 -1.16682
4.52172 -1.00576
4.52985 -1.04069
4.49814 2.89023
4.48827 2.85465
4.54148 3.04031
4.52292 2.97958
7.36457 -1.47209
7.40312 -1.42369
7.31598 -1.53125
7.31184 -1.53611
4.46045 -0.740097
4.47176 -0.788369
4.5006 -0.914535
5.99008 -2.68792
6.03564 -2.65737
4.60647 -1.35625
4.58779 -1.27989
4.61698 -1.3978
7.97606 -0.376337
4.92307 3.6817
4.91819 3.67713
8.09735 0.138611
8.08861 0.0753687
4.50877 -0.950074
4.51526 -0.977611
4.27676 0.723229
4.2738 0.781414
5.51625 3.8763
5.563 3.87327
4.33816 2.0142
4.33626 1.99678
4.31958 1.84368
4.3158 1.80594
4.30244 0.249985
4.29887 0.290326
4.88218 -2.37868
4.87728 -2.36125
8.10761 0.868396
7.456 -1.35507
7.50771 -1.28379
5.81174 -2.79731
5.84088 -2.78047
8.0455 -0.135993
7.90612 -0.562571
7.88745 -0.609479
6.53607 3.48755
6.55811 3.47207
7.03671 3.07592
7.04522 3.06783
8.12598 0.58446
4.31235 1.77137
4.3099 1.74233
8.10506 0.193605
8.10641 0.2058
4.73699 -1.86942
4.28004 1.23123
4.28033 1.28561
6.74265 3.33542
6.78581 3.30026
7.2841 2.80975
7.2889 2.80404
6.9465 3.1614
6.98898 3.12148
6.10537 -2.60971
6.23393 -2.51731
4.69838 -1.72306
4.67325 -1.62623
8.11272 0.271952
8.1077 0.218606
4.28102 1.29472
4.2868 1.40885
4.2735 1.03559
4.27319 0.913733
4.27385 0.786733
4.2732 0.908762
4.29364 1.53003
4.28753 1.42185
4.41525 -0.51869
4.3992 -0.436952
4.28307 0.517911
4.2903 0.398722
5.43149 3.87565
5.45322 3.87591
4.94263 -2.56842
4.91733 -2.49132
4.3158 0.116264
4.33886 -0.0728716
7.836 -0.724719
7.77593 -0.846852
7.8336 1.9092
7.79421 1.9974
4.41749 2.52864
4.42586 2.57635
4.5693 3.11917
4.54193 3.04193
5.18177 3.82717
5.28325 3.85596
8.06136 1.18174
8.08117 1.07261
7.21285 -1.64897
7.27073 -1.58389
4.62311 3.25356
4.66423 3.3412
5.5067 -2.94821
5.56482 -2.92618
4.95919 -2.61061
5.01117 -2.73877
5.0886 -2.86961
5.08695 -2.86676
5.07171 -2.84374
5.02039 -2.75551
5.09429 -2.87598
5.19029 -2.96
4.70649 -1.75234
8.11763 0.324006
8.07563 0.00288647
8.0875 0.0678778
8.05747 -0.0852509
7.71525 -0.958761
7.88208 -0.621777
7.6571 -1.05697
7.57343 -1.18791
7.55877 -1.20967
7.52946 -1.25267
6.40613 -2.38794
6.337 -2.44075
6.08432 -2.62398
6.0688 -2.6343
5.42578 3.87523
4.5347 -1.06142
4.54469 -1.10376
4.29668 1.57315
4.30449 1.67845
4.28195 0.53969
4.27746 0.659535
4.5189 2.9647
4.50505 2.91715
7.31644 -1.53069
7.36002 -1.47779
4.27367 1.04597
4.27681 1.16773
5.89773 -2.74648
5.96598 -2.70346
4.56112 -1.17242
4.27356 1.04073
4.295 1.55015
4.37585 -0.309151
4.45669 -0.723155
4.29154 0.382191
4.28243 0.529152
4.35089 -0.156313
4.31033 0.168201
7.74249 2.10491
7.88081 1.79505
7.91135 1.71474
7.6994 2.1887
4.44984 2.69606
4.46875 2.77804
4.47267 2.79338
5.01346 3.74744
5.02164 3.75287
5.14668 3.81493
5.41542 3.87423
8.02362 1.35114
8.10169 0.928718
8.00583 1.41973
7.53548 2.46838
7.54921 2.44694
7.41016 2.64921
7.4108 -1.41376
7.45519 -1.35618
7.64735 2.283
7.62164 2.32795
4.67853 3.3664
4.59801 3.19563
4.8457 -2.25806
4.83593 -2.22235
7.94995 1.60436
7.9687 1.54706
5.89172 -2.75044
5.87774 -2.75925
6.73165 3.34399
6.94048 3.16683
6.31492 3.62431
6.49817 3.5127
6.27918 -2.48422
6.46423 -2.34217
6.58712 -2.24273
6.53318 -2.28713
4.30731 1.71127
4.27723 0.667042
4.47878 2.81663
4.45752 -0.726953
4.27705 1.17493
4.95133 -2.59017
5.6046 3.87037
6.25166 -2.50438
4.45718 -0.725291
4.91207 -2.4777
6.34143 3.60866
4.58689 3.16611
6.84496 3.25149
4.33408 1.97748
6.59674 -2.2349
6.46964 -2.33799
6.99286 3.11778
6.78991 3.29688
6.57404 3.46078
