6.26278 -2.41524
6.18889 -2.46703
4.7284 -1.59395
4.74764 -1.66355
8.05505 0.186531
8.06127 0.234604
4.33662 1.35816
4.33486 1.33545
4.32463 0.94233
4.32476 0.977173
4.32553 0.850172
4.32502 0.821743
4.34054 1.44015
4.34338 1.48624
5.74327 3.76735
5.79513 3.75509
4.34081 0.417185
4.33782 0.4631
5.56478 3.78766
5.51986 3.7881
4.40125 2.06099
4.40587 2.10146
4.37945 0.0143569
4.37198 0.0744899
5.36188 3.77473
5.33068 3.76933
7.10657 2.93243
7.11174 2.927
6.89865 -1.89676
6.85112 -1.94208
7.18878 -1.60098
7.18274 -1.60776
4.85717 -2.03808
4.84679 -2.00281
5.44418 -2.81786
5.47456 -2.8148
5.24533 -2.77684
5.27958 -2.79242
5.01756 -2.47078
5.03532 -2.51083
5.10357 -2.62995
5.11632 -2.65073
5.61407 -2.78011
5.61864 -2.77832
6.40782 -2.30976
6.46061 -2.26909
5.83649 -2.6821
5.76742 -2.71549
4.77848 -1.77444
4.77108 -1.74958
7.9858 -0.173367
7.9916 -0.152256
7.92116 -0.387288
7.90893 -0.421886
5.92178 -2.63463
5.83933 -2.68074
8.06857 0.319179
8.06484 0.272491
8.03489 0.0513918
8.02341 -0.0142815
8.00711 -0.0866073
8.02204 -0.02064
6.64691 3.33757
6.66423 3.32486
6.85777 3.16777
6.87923 3.14945
5.94062 3.71654
5.96834 3.70745
4.39001 1.98189
4.38401 1.93372
4.4138 2.15178
4.42406 2.21959
7.71677 -0.853482
7.68405 -0.913657
7.82901 -0.621138
7.79583 -0.695229
6.19449 3.61404
6.14502 3.63577
6.42069 3.49132
6.42417 3.48917
7.09832 2.94096
7.57578 -1.09544
7.58208 -1.08566
7.46856 -1.25381
7.47493 -1.24516
6.72668 -2.05194
6.65625 -2.11269
7.13429 -1.66219
7.04237 -1.75665
8.06857 0.783159
8.07322 0.726439
6.03762 -2.56594
6.07515 -2.54259
4.67981 -1.4124
4.68335 -1.42528
4.89253 3.51985
4.87107 3.49476
8.07838 0.50291
8.07354 0.384833
4.59608 -1.08292
4.58517 -1.03885
4.35719 1.67649
4.35228 1.61454
4.32977 0.632453
4.33122 0.593509
4.58625 2.94506
4.59537 2.97431
7.29069 -1.48295
7.27402 -1.50299
5.98901 -2.59614
5.96608 -2.61018
4.53024 -0.805275
4.5533 -0.907145
4.32768 1.14079
4.32668 1.10417
4.63306 -1.22957
4.62266 -1.1885
5.68571 3.77716
5.68628 3.77707
5.83485 3.74618
4.47243 -0.54012
4.48862 -0.617289
4.44331 -0.38688
4.43312 -0.332308
4.4401 2.31556
4.44293 2.33728
4.3883 -0.0537749
4.40477 -0.164166
6.30654 3.55745
6.29187 3.56478
7.73424 2.01212
7.71557 2.05102
7.82075 1.81684
7.80565 1.85336
4.52141 2.71823
4.5032 2.64236
4.53948 2.79106
4.53895 2.78912
4.45965 2.42996
4.4613 2.44005
5.24199 3.74527
5.26079 3.75174
7.99623 1.26378
8.00047 1.24451
8.04211 1.01625
8.04837 0.972052
7.45402 2.5018
7.4318 2.5337
7.32657 2.67616
7.29797 2.71207
7.38384 -1.36724
7.36811 -1.38787
6.8142 -1.97465
6.94723 -1.85134
7.1364 -1.65998
7.55014 2.35369
7.54478 2.3624
7.62952 2.21662
7.63964 2.1983
4.762 3.34383
4.76861 3.35564
4.90054 -2.16895
4.89479 -2.15044
4.96973 -2.35852
4.94709 -2.29964
7.8896 1.63565
7.88211 1.65721
7.94369 1.46828
7.94146 1.47601
5.37139 -2.81614
5.29623 -2.80021
5.62134 -2.77715
5.53155 -2.80342
6.51301 -2.22802
6.53481 -2.21159
6.39655 -2.31773
5.65822 -2.76339
5.6624 -2.76218
7.95842 -0.269365
7.96543 -0.246479
7.93091 -0.358462
6.63156 3.34922
6.54618 3.40958
6.68312 3.31053
6.72027 3.28166
6.77439 3.23791
6.80626 3.21164
6.88765 3.14201
6.92915 3.10451
5.98273 3.70184
5.97422 3.70515
5.85646 3.7413
4.39202 1.99735
4.4354 2.28999
6.08163 3.66421
6.37834 3.51626
6.23738 3.59249
6.41764 3.49326
6.47283 3.45826
6.48554 3.44984
7.13184 2.90522
6.63619 -2.12863
6.75408 -2.02899
6.98002 -1.81825
7.1369 -1.65946
8.07471 0.694594
8.06404 0.84102
6.31875 -2.37521
6.34437 -2.35687
6.58666 -2.16932
4.65976 3.14509
4.67264 3.17268
5.08762 3.67682
5.13218 3.70118
4.98772 3.60787
5.02854 3.63929
8.07251 0.366247
8.07863 0.514319
4.36315 1.74285
4.35967 1.70555
4.5398 2.79214
4.55672 2.85065
4.52029 -0.762187
4.52599 -0.786567
4.55459 -0.912742
6.1349 -2.50293
6.09446 -2.52965
4.65609 -1.32123
4.65254 -1.3067
5.16746 -2.71276
5.22212 -2.76072
5.38904 -2.81855
8.04624 0.119437
8.04466 0.107991
4.79976 -1.84535
4.78123 -1.78328
4.55558 -0.917036
4.56309 -0.948913
4.32759 0.72317
4.32618 0.750927
4.50619 -0.699056
4.99875 -2.4313
4.986 -2.39815
4.35717 0.216368
4.34817 0.318235
4.64054 3.09848
7.18443 2.84705
7.20401 2.82494
8.06142 0.863599
7.13929 -1.6568
4.7215 3.27354
4.69292 3.21782
5.50598 -2.80962
4.81602 -1.90362
4.80894 -1.87753
8.07766 0.614833
5.70667 -2.74423
5.7228 -2.73768
7.87106 -0.521261
7.86468 -0.537299
4.94528 3.5712
4.92423 3.55176
6.97733 3.05907
7.02681 3.01203
4.82452 3.43753
8.0784 0.55818
5.07421 -2.58471
5.08533 -2.6013
4.33113 1.23117
4.33127 1.25596
4.39427 2.01486
4.75305 -1.68447
4.71489 -1.54417
8.06303 0.253313
8.04809 0.132626
4.33418 1.29466
4.33723 1.3795
4.325 1.00561
4.32472 0.913673
4.32653 0.786671
4.32481 0.878723
4.34425 1.50058
4.33962 1.42209
4.46281 -0.491768
4.45928 -0.473826
4.3366 0.485031
4.34206 0.39788
5.47969 3.78763
5.62845 3.78357
4.38713 -0.0455428
4.37111 0.0822903
7.77613 -0.736664
7.74157 -0.80636
7.77929 1.91431
7.76171 1.95367
4.48826 2.57268
4.48136 2.54176
4.61695 3.03647
4.63483 3.0843
8.02108 1.14191
8.02755 1.10632
7.39104 2.59126
7.36738 2.623
7.52584 -1.17087
7.50774 -1.19757
7.22879 -1.55565
4.72759 3.28538
4.72896 3.28821
5.42665 -2.81887
5.16197 -2.70762
5.15981 -2.7047
5.83822 -2.68127
4.70363 -1.50351
8.02285 -0.0169122
7.9969 -0.131632
7.65085 -0.971608
7.84674 -0.580142
7.62365 -1.01756
7.56212 -1.11667
7.44598 -1.28489
6.08625 -2.53521
6.00738 -2.58449
4.66878 -1.37137
5.03468 3.64321
5.07894 3.67218
5.4179 3.78305
4.58241 -1.02775
4.60084 -1.10189
4.35178 1.60737
4.35736 1.67869
4.33231 0.56888
4.32895 0.658697
4.61252 3.02296
4.57523 2.91205
7.24069 -1.54182
7.31832 -1.44971
4.32613 1.07639
4.32853 1.16767
4.6099 -1.13799
4.32539 1.04067
4.3476 1.55039
4.42419 -0.281786
4.34572 0.348913
4.33416 0.52831
4.40904 -0.192027
4.35915 0.195841
7.68593 2.11023
7.84747 1.7502
7.85909 1.71966
7.66759 2.1459
4.52685 2.74183
4.46631 2.46703
4.5396 2.79148
5.1482 3.7082
5.19398 3.72855
5.29256 3.75984
7.26103 2.75786
7.2332 2.79126
7.97347 1.35845
8.05916 0.886657
7.96771 1.38202
7.49243 2.44421
7.33867 -1.42436
7.42219 -1.3173
7.50844 2.41951
7.57434 2.31353
7.59377 2.28042
7.59053 2.28608
4.80087 3.40365
4.81165 3.4203
4.83074 -1.95128
4.9223 -2.22984
4.94584 -2.29667
4.97467 -2.36969
7.91275 1.56757
7.9179 1.55184
7.96094 1.40682
7.96693 1.38495
5.69539 -2.7483
5.63433 -2.77247
6.73455 3.27075
6.93834 3.09629
4.37745 1.87962
4.37534 1.86157
6.52792 3.42252
6.28094 -2.4029
6.38506 -2.32645
4.98081 3.60275
4.56974 -0.975801
4.36349 1.74615
4.32782 0.696365
4.56237 2.86864
4.32977 1.2055
6.17953 -2.47319
5.15574 -2.69946
5.05683 -2.55172
5.03645 -2.51288
7.87709 -0.506572
5.40345 3.78165
4.9346 -2.26501
5.03583 -2.51175
5.1299 -2.66798
6.83678 3.18621
4.3824 1.9219
8.07797 0.604942
6.18356 -2.47058
4.87585 -2.0905
4.36971 1.80649
4.37033 1.8128
6.95836 3.07718
6.75405 3.25468
7.89242 -0.466733
6.53642 3.4165
