7.49118 1.25331
7.49032 1.25671
5.53778 2.82695
5.52937 2.82167
6.7391 2.5022
6.73401 2.50663
4.85432 0.780449
4.8529 0.820499
7.15543 -0.785652
7.15089 -0.792362
6.92792 -1.0735
6.96837 -1.02801
7.17683 1.97598
7.19479 1.94716
6.32676 2.78315
6.32185 2.78585
7.54075 0.151094
7.54935 0.201471
7.36471 1.61545
7.33747 1.6768
7.43212 1.44146
7.40785 1.50773
5.39299 2.72507
5.43434 2.76145
5.51523 -1.48368
5.44969 -1.41264
4.86186 1.13503
4.86539 1.19726
4.88458 1.41217
4.88705 1.43499
5.61625 -1.56221
5.68184 -1.60118
5.03862 -0.524852
5.0458 -0.550599
5.09714 -0.715555
5.11422 -0.764808
5.51757 -1.48621
5.5885 -1.54491
5.2439 -1.08409
5.2477 -1.09134
5.1658 -0.904855
5.15527 -0.878985
5.33682 -1.25513
5.32784 -1.241
4.966 1.88442
4.98729 1.97011
4.92075 1.664
4.9276 1.70024
4.9027 0.119002
4.89997 0.139008
4.87248 0.389248
4.86943 0.418799
4.85552 0.688375
4.85661 0.65011
4.85339 0.870947
4.85424 0.950195
5.28304 2.61119
5.34219 2.67986
5.1751 2.45056
5.15773 2.4194
5.09052 2.27528
5.10797 2.31407
6.05525 -1.64094
5.99326 -1.64855
6.24915 -1.58119
6.23199 -1.58723
5.86688 -1.65188
5.90072 -1.65294
5.02303 2.08841
4.99615 2.00156
6.82476 -1.18045
6.87282 -1.13325
7.29376 -0.555327
7.29016 -0.562139
6.15688 2.8521
6.10782 2.86556
5.98098 2.89306
5.94677 2.89788
5.6641 2.87548
5.73979 2.89231
6.64455 -1.34072
6.65455 -1.33246
6.44568 -1.48024
6.44851 -1.4784
7.57419 0.415959
7.57233 0.388387
6.61452 2.60382
6.5802 2.63009
7.56127 0.89039
7.5582 0.916456
7.58086 0.600021
7.58087 0.600355
4.99295 -0.35406
4.98364 -0.314089
4.94026 -0.105971
4.94867 -0.149251
7.06941 -0.902227
7.0973 -0.866629
7.16083 -0.777559
7.21221 -0.696698
7.53916 1.03495
7.5342 1.06473
6.91515 2.32611
6.8773 2.3667
7.11645 2.06855
7.10172 2.09039
6.9706 2.26137
6.99884 2.22729
7.46628 -0.146573
7.45025 -0.197097
7.43073 -0.250975
7.44721 -0.205621
7.38888 -0.356099
7.40189 -0.325153
7.39954 1.52977
7.43861 1.42303
4.85802 1.07638
4.87099 1.27222
4.88038 0.301195
4.87558 0.349762
4.86446 0.482707
4.86895 0.424657
4.85468 0.715292
4.85535 1.00217
6.52922 2.66497
6.56582 2.64084
7.52125 1.12567
7.52685 1.10162
7.56818 0.831642
7.5741 0.761821
4.97952 -0.296032
5.00884 -0.416208
7.23801 1.87341
7.24276 1.86502
7.37438 1.59233
7.46297 1.35113
7.44441 1.4065
4.8575 1.04005
7.51605 0.028584
7.48568 -0.0859565
5.01722 -0.447434
6.42548 2.73073
6.43033 2.72782
4.87299 1.29628
4.85386 0.741128
4.86414 0.486912
4.86411 0.487325
7.52789 0.0867007
7.51632 0.0296574
5.43922 2.76521
5.53835 2.82722
5.42222 -1.37995
5.39033 -1.33559
4.87482 1.31693
7.57843 0.681669
7.5782 0.697175
4.96127 -0.210404
4.96873 -0.245826
5.07246 -0.642092
5.06493 -0.617307
5.20406 -0.994908
5.17442 -0.925242
4.94204 1.77507
4.95816 1.84893
6.48551 2.69486
6.49144 2.69097
6.69054 2.54345
6.8075 2.43785
5.2257 2.53299
5.19718 2.48646
6.15154 -1.6169
6.11985 -1.62452
7.11273 -0.844747
7.15718 -0.783139
7.00713 -0.982478
6.8989 -1.10566
6.24768 2.81911
6.26292 2.81322
5.84286 2.90194
5.90623 2.89953
6.54456 -1.41534
6.55508 -1.40759
7.05783 2.15215
7.05203 2.15997
7.57864 0.508498
7.57822 0.493499
6.26914 2.81028
6.37654 2.75764
7.24269 -0.645991
7.26766 -0.602686
7.56051 0.276905
7.32757 1.69844
5.63761 2.86789
5.34737 2.68499
7.56592 0.321984
5.51698 -1.48561
5.35081 -1.27598
4.90009 1.5378
5.83838 -1.64661
5.77341 -1.63519
5.70893 -1.61181
5.59317 -1.54859
7.57732 0.719714
5.06066 -0.602704
5.02888 -0.48959
5.13115 -0.812811
5.28909 -1.17031
5.24038 -1.07707
4.90196 1.55131
4.9025 1.55466
4.99317 1.9917
4.91775 0.0178685
4.88733 0.240179
5.24871 2.56697
5.13048 2.36438
5.07008 2.22545
5.96029 -1.65322
6.33452 -1.54112
6.34796 -1.53498
5.04556 2.15616
6.75249 -1.24944
7.02597 -0.959408
7.31916 -0.507353
4.92143 -0.00491429
4.921 -0.00241353
4.92071 -0.000679167
6.26563 2.812
6.05148 2.88071
5.80268 2.89945
6.42874 -1.48986
6.7457 -1.25576
6.748 -1.25365
7.58083 0.597777
6.5732 2.63525
6.65215 2.57573
7.51216 1.16825
7.51461 1.15873
6.48005 2.69845
7.03451 -0.948346
7.46998 1.32758
7.49713 1.22992
7.51051 1.17552
7.53026 1.08308
7.54748 0.991597
6.82675 2.41923
6.65601 2.57249
6.94375 2.29338
7.14923 2.01941
7.04958 2.1631
7.42527 -0.265244
7.41033 -0.304027
7.37632 -0.385501
4.8825 0.280257
4.87438 0.36276
4.85744 0.613115
4.86005 0.555081
7.56739 0.840116
7.54965 0.978016
7.27811 1.79943
7.27971 1.79634
5.74907 -1.6276
4.88516 0.25874
5.05436 2.18379
7.48466 -0.0893094
7.31936 -0.506946
7.30756 1.74096
7.4919 1.25064
7.20634 1.92767
4.85712 0.622135
7.30365 1.74922
7.56689 0.845477
7.27327 1.80848
7.36662 -0.407419
7.34856 -0.446283
4.8625 0.519712
4.86034 0.549752
