5.35473 -2.25987
5.30189 -2.21365
6.10766 -2.22238
6.18826 -2.1785
5.84034 -2.32924
5.83512 -2.33105
5.67858 -2.35773
5.6867 -2.35767
4.95749 -1.58274
4.98439 -1.6518
4.72306 -0.808126
4.67363 -0.606689
5.05425 -1.81951
5.07009 -1.85259
4.5955 2.048
4.58738 1.99935
7.56678 -0.775477
7.58998 -0.730348
7.15739 2.60444
7.15097 2.61207
7.85716 1.12623
7.86428 1.08776
7.44044 2.20607
7.45052 2.1892
7.3569 2.33754
7.34654 2.35286
7.7661 1.48498
7.75212 1.52865
7.90795 0.719404
7.9114 0.610521
7.75818 -0.341061
7.72725 -0.425976
7.81866 -0.14543
7.8265 -0.116414
5.0658 3.24198
5.10565 3.2812
5.24871 3.38481
5.30156 3.41264
5.58201 -2.35569
5.60111 -2.35792
7.87637 0.12337
7.8638 0.0509998
7.90551 0.380415
7.90101 0.32011
4.9467 -1.55185
4.91835 -1.47062
4.54014 1.6369
4.54462 1.67956
4.52125 1.42292
4.51907 1.39882
5.10673 -1.92991
5.13062 -1.97238
5.94008 3.44832
5.93558 3.44954
6.16407 3.3713
6.11337 3.39033
6.3884 3.25993
6.40709 3.24837
5.69848 3.48587
5.68585 3.48613
6.84592 2.92638
6.88187 2.89411
7.45933 -0.958223
7.498 -0.896076
6.46512 -2.00003
6.40304 -2.04471
6.64196 -1.86733
6.60367 -1.89765
6.85885 -1.67883
6.79993 -1.73271
7.00196 -1.53865
6.99173 -1.54952
5.27216 -2.18125
5.26525 -2.17325
6.02822 -2.2596
6.03704 -2.25604
5.9372 -2.29775
5.93612 -2.29823
5.53251 -2.34701
5.52344 -2.3451
4.50172 0.913465
4.5015 0.902881
4.50653 1.15396
4.50698 1.16746
4.51953 0.417238
4.52277 0.370684
4.56754 -0.0383555
4.55617 0.0501557
4.50675 0.641556
4.50611 0.655814
4.60996 -0.292538
4.59636 -0.217677
4.80464 -1.10846
4.78637 -1.04462
4.85752 -1.28698
4.8571 -1.28556
7.79419 -0.230472
7.76985 -0.306987
6.23384 -2.15278
6.08746 -2.2322
7.08457 -1.45117
7.09305 -1.44187
5.81935 3.47277
5.93178 3.45027
6.29853 3.30865
6.2768 3.3201
4.72154 2.59291
4.69984 2.51979
4.74358 2.66384
4.74026 2.65412
4.77611 2.75179
4.78848 2.7844
7.08038 2.69239
7.10169 2.66884
7.25994 2.47425
7.22198 2.52361
6.56628 -1.92545
6.5039 -1.9734
6.92251 -1.61753
6.89641 -1.64347
7.51897 2.06787
7.54189 2.02493
7.81404 1.31819
7.80751 1.34353
7.71877 -0.448474
7.68116 -0.538276
7.67779 -0.546335
6.76186 2.99793
6.73355 3.02157
6.51443 3.18164
6.53312 3.16945
4.5381 1.61539
4.52898 1.51822
4.52636 1.48708
4.51784 1.3817
4.51481 1.33872
4.74638 -0.900946
4.85555 2.93651
4.86518 2.95549
4.61454 2.15164
4.628 2.22193
5.71654 3.48487
5.93432 3.4498
6.05034 3.41453
6.27089 3.32274
6.49904 3.19206
5.70359 3.48581
5.62958 3.4864
5.65171 3.48657
6.90785 2.86915
7.04488 -1.49372
7.08012 -1.45609
6.35774 -2.07337
6.75297 -1.77319
6.70235 -1.81743
6.28707 -2.12021
5.17466 -2.04894
5.21652 -2.1104
4.5028 1.02913
4.5024 0.976965
4.50147 0.860532
4.50146 0.839408
4.50982 1.24637
4.5086 1.21625
4.50504 1.10396
4.5132 0.507077
4.51651 0.460192
4.52617 0.329733
4.53668 0.214996
4.53508 0.229581
4.57209 -0.06944
4.50323 0.733006
4.50403 0.708486
4.50907 0.590615
4.80918 2.83483
4.81251 2.84338
4.65984 2.36714
4.66055 2.37039
7.64841 1.80122
7.66372 1.76548
7.04103 2.73673
7.04175 2.73599
7.1606 -1.36409
7.14022 -1.38791
7.30645 -1.18093
7.26713 -1.23293
7.89316 0.894021
7.89266 0.898915
7.80622 -0.189241
5.40038 -2.29067
5.37544 -2.27673
4.7488 -0.910312
4.75566 -0.936073
4.50331 1.04046
4.50334 1.05211
6.7061 3.04375
6.65123 3.08475
6.5511 3.15729
6.59372 3.12754
4.62993 -0.397155
4.61467 -0.31827
4.51254 0.525407
4.5112 0.542496
4.60576 2.10633
4.60965 2.12667
4.57577 -0.0925165
4.59114 -0.187265
4.64373 2.29465
4.64724 2.3111
4.63444 2.2518
7.03745 2.74032
7.70118 1.67187
7.70862 1.65267
7.6487 -0.609398
7.62488 -0.661865
5.55589 3.48005
5.49831 3.47419
4.95768 3.11067
4.96513 3.12139
4.56791 1.87206
4.56661 1.86277
7.35215 -1.11946
7.90361 0.778636
7.90783 0.722863
4.53576 1.5901
4.53212 1.55124
4.6728 -0.603125
4.64289 -0.46105
4.90238 3.02369
4.9109 3.03872
4.52941 0.292874
4.53204 0.264487
4.8307 -1.19798
4.82106 -1.16481
5.48531 -2.33311
5.44712 -2.31772
5.00628 3.17618
5.00027 3.16892
5.38084 3.44438
5.39851 3.45047
5.78934 -2.34207
5.88563 -2.31606
5.72558 -2.35212
7.89384 0.24918
7.88618 0.18697
4.95008 -1.56187
5.00053 -1.69076
5.04251 -1.79475
5.09087 -1.89675
4.58564 1.98941
4.59829 2.06301
7.56497 -0.778793
7.62268 -0.666274
7.6185 1.86844
7.58853 1.93225
4.7602 2.71059
4.74448 2.66632
7.11904 2.64889
7.16072 2.60049
7.83649 1.22641
7.87847 1.00086
7.41025 -1.03467
7.37308 -1.08977
7.48026 2.13772
7.4007 2.27114
7.31316 2.40063
7.39483 2.28029
7.73844 1.56873
7.78096 1.43722
7.9113 0.576713
7.90789 0.721539
7.85397 0.00217217
7.83703 -0.0726042
5.14754 3.31622
5.204 3.35793
5.42093 3.45552
5.77982 -2.34454
7.90957 0.450898
4.9007 -1.4178
4.88741 -1.37896
5.0204 -1.74085
4.67312 -0.60455
4.67326 -0.605146
5.1723 -2.04502
4.57724 1.9357
7.67208 -0.559178
7.50726 -0.880423
7.42843 -1.00728
7.91129 0.501774
6.07235 -2.23897
5.98659 -2.27822
5.88963 -2.31447
5.94908 -2.29308
5.54658 -2.34922
4.67544 2.42963
4.66385 2.38451
7.89881 0.836059
7.89423 0.884153
4.77886 -1.01874
4.85871 -1.29094
5.17305 -2.04639
4.72831 2.61625
4.67868 2.44132
7.19505 2.55788
7.04293 2.73471
7.88527 0.953385
7.83168 1.24749
7.28908 2.43443
7.5565 1.99643
7.49757 2.10713
7.39954 2.27298
7.79129 1.40148
7.72113 1.61795
4.55006 1.7305
4.55283 1.75468
4.51283 1.31284
4.87787 2.9796
4.84687 2.91839
5.59996 3.48534
5.98333 -2.27938
4.76503 -0.969316
4.5013 0.796934
4.51089 1.27842
4.50729 1.1814
4.88044 -1.35897
4.53473 0.232821
4.54724 0.119689
4.50166 0.775201
4.5054 0.669222
4.821 2.86351
7.19714 -1.32069
7.90139 0.811319
6.60299 3.1212
7.67553 1.73693
4.98257 3.145
4.93403 3.07539
4.56808 1.8732
4.55953 1.80789
4.9967 3.16406
7.63416 1.83439
7.57259 1.9648
7.35957 -1.10924
4.8963 3.01283
4.51187 1.29462
4.54616 1.69598
4.52339 1.45091
4.55869 1.80161
4.50151 0.78619
4.50186 0.924254
4.54976 0.0980786
5.23481 -2.13659
7.22946 -1.28083
7.25266 -1.25183
6.62597 3.10393
4.8343 2.89276
