4.7549 -1.14357
4.76084 -1.16536
5.15475 -2.19552
5.1177 -2.13213
4.96138 3.25653
4.9875 3.28818
5.3825 3.54194
5.3053 3.51639
5.33427 -2.39534
5.30749 -2.37724
6.6492 3.15892
6.61124 3.1871
4.58221 -0.42861
4.58139 -0.424632
4.6608 -0.781942
4.67404 -0.835878
5.94485 3.52349
5.8577 3.5444
6.17285 3.44135
6.21294 3.422
4.64036 2.5424
4.6434 2.55497
4.68581 2.69985
4.69483 2.7274
7.00099 2.85256
7.0601 2.79158
7.17614 2.66124
7.15662 2.68443
7.89733 1.16596
7.91807 1.05395
7.27927 2.53283
7.28393 2.52659
7.39222 -1.14772
7.4191 -1.10962
6.54587 -2.01606
6.61892 -1.96004
7.47176 2.24822
7.50547 2.19184
7.81768 1.48013
7.79962 1.53651
7.95835 0.612255
7.95936 0.580376
5.5747 -2.47798
5.54434 -2.4761
4.861 -1.50036
4.86048 -1.49861
7.79666 -0.377091
7.7829 -0.414873
4.87584 3.13545
4.85894 3.10612
5.12971 3.41946
5.11011 3.40495
5.42212 3.55091
5.49823 3.56521
7.91908 0.0833893
7.91691 0.0709225
4.95347 -1.76693
4.92338 -1.68316
6.76976 3.06418
6.76553 3.06781
4.48961 1.66631
4.49098 1.67931
4.62593 -0.631264
4.95901 -1.78289
4.98765 -1.85375
4.57393 2.25122
4.55354 2.13888
4.52577 1.96199
4.53129 1.99878
7.68446 -0.649978
7.73448 -0.537293
7.56089 -0.884581
7.60007 -0.814708
5.7978 3.55707
5.76039 3.56188
6.39677 3.32671
6.4839 3.2728
6.90041 2.95031
6.88741 2.96198
7.49334 -0.998297
7.49247 -0.999661
6.73366 -1.86401
6.81486 -1.79377
7.0616 -1.55048
7.00632 -1.60919
6.30586 -2.18691
6.41203 -2.11571
6.28531 -2.20124
6.20999 -2.24695
5.76152 -2.45216
5.80958 -2.43967
4.51125 -0.00377774
4.50783 0.0227909
7.6812 1.84534
7.67375 1.86211
7.94907 0.804471
7.95261 0.760044
4.80703 -1.32262
4.78768 -1.25682
7.83356 -0.267332
7.82441 -0.296101
5.15681 -2.19857
5.20041 -2.26108
6.1605 -2.27807
6.08834 -2.31748
4.4512 0.868661
4.45125 0.850025
4.45195 0.995222
4.45174 0.977024
4.46503 1.3677
4.46446 1.35853
4.47355 1.4879
4.47347 1.48683
4.58051 -0.41997
4.5811 -0.423125
4.47439 0.335146
4.47474 0.33057
4.46462 0.471662
4.46525 0.461026
6.05393 3.48912
5.82921 3.55146
6.06986 3.48343
6.28527 3.38768
7.09928 2.74967
7.10376 2.74472
7.20144 -1.39405
7.17363 -1.42727
7.29464 -1.27938
7.28585 -1.29094
6.64206 -1.94049
6.51948 -2.03714
6.98517 -1.62997
6.9111 -1.70357
7.55115 2.11117
7.54668 2.11924
7.38807 2.37949
7.40396 2.35562
7.76096 1.64775
7.78997 1.56609
7.86368 1.31352
7.8461 1.3817
7.76493 -0.462549
6.82639 3.01624
6.82152 3.02061
6.55326 3.22734
6.55937 3.22335
4.50013 1.76525
4.49567 1.72536
4.48476 1.61515
4.47849 1.54761
4.47471 1.50278
4.68018 -0.860315
4.57461 2.25521
4.54889 2.11087
5.60086 3.5733
5.67677 3.56943
6.05947 3.48742
6.35484 3.34944
6.50736 3.25843
6.96732 2.88602
6.44525 -2.09074
6.8221 -1.78691
6.71731 -1.87861
7.10034 -1.50992
6.29516 -2.1944
5.99568 -2.36433
6.03794 -2.34408
5.90569 -2.40364
5.93708 -2.39137
4.71608 -0.998227
4.7256 -1.03419
4.49214 0.152029
4.49432 0.132128
4.52477 -0.0962282
4.4539 0.704409
4.45335 0.721823
4.4589 0.577218
4.45821 0.591442
4.77538 2.93872
4.78584 2.96347
4.73631 2.84555
4.72802 2.82429
4.58904 2.32308
4.59968 2.37212
7.34015 -1.22063
7.33881 -1.2224
7.94347 0.862396
7.93803 0.915935
4.45759 1.21609
4.45811 1.23102
4.4537 1.08684
4.45407 1.10402
6.1881 -2.26144
7.85944 -0.178622
5.05811 -2.0153
5.05011 -1.99985
4.91063 3.18912
4.91119 3.18993
4.70163 -0.9436
4.70898 -0.971177
6.71432 3.10931
6.66433 3.14758
4.53572 -0.164861
4.54371 -0.214119
7.62801 1.96008
7.59619 2.0251
4.58674 2.31282
4.57662 2.26536
6.8703 -1.74198
5.61719 -2.47738
5.63613 -2.47562
7.86648 -0.153844
7.8752 -0.120233
7.9515 0.340417
7.9513 0.337555
4.51813 1.90458
4.51353 1.87151
7.34239 -1.21762
7.95348 0.747295
7.95401 0.740186
5.45415 -2.45815
5.45055 -2.45726
4.47918 1.55497
4.47881 1.55099
4.54092 2.06242
4.81474 3.02612
4.81269 3.0225
4.7806 -1.23335
4.75305 -1.13665
5.49779 -2.46925
5.15587 -2.1973
5.10338 -2.10391
5.02019 -1.93431
5.02335 -1.94139
5.01125 3.31415
4.94812 3.24022
5.402 3.54748
5.23761 3.48609
5.85914 -2.42153
5.88662 -2.41214
7.9382 0.20765
7.93805 0.206429
4.46069 1.29451
4.46091 1.30751
4.45131 0.932098
4.45123 0.913525
4.4519 0.786524
4.45109 0.805222
4.90595 -1.63194
4.89174 -1.59186
4.46902 1.42796
4.46867 1.42268
4.46906 0.403676
4.4696 0.395805
4.53433 2.02139
7.62557 -0.766702
7.65649 -0.706111
4.61891 2.45602
4.64985 2.57911
4.70119 2.74737
4.67614 2.66827
7.13785 2.70588
7.21382 2.61641
7.89206 1.19147
7.92002 1.04196
7.21444 2.61565
7.34302 2.44572
7.44335 -1.07367
7.24904 -1.33657
7.23043 -1.35991
7.51204 2.18048
7.45614 2.2738
7.79074 1.56381
7.81924 1.47509
7.95903 0.475217
7.95615 0.691206
5.53401 -2.47541
5.59041 -2.47773
4.83367 -1.41173
4.86247 -1.50508
7.89528 -0.0365013
7.88947 -0.062141
5.04363 3.34648
5.20807 3.47077
5.586 3.57245
5.65501 -2.47266
5.70897 -2.46558
7.94403 0.265281
7.95402 0.383635
7.95896 0.469425
4.95588 -1.77401
5.01899 -1.93126
4.52213 1.93514
7.68354 -0.651903
7.73555 -0.53481
7.54055 -0.919641
7.49373 -0.997677
7.95903 0.471767
4.82359 -1.37751
5.95114 -2.38451
5.98752 -2.36865
4.45611 0.640646
4.45548 0.656638
4.73997 2.85423
4.7604 2.90453
4.4554 1.15132
4.45587 1.16752
4.55532 -0.281844
4.73054 -1.05285
5.24868 -2.32175
5.08275 -2.06624
5.25017 -2.3237
5.25055 -2.32419
5.25194 -2.32558
4.45228 1.04052
4.4801 0.266376
4.46101 0.526246
4.48226 0.245168
4.48028 0.264416
4.60516 2.39557
4.671 2.65198
7.21421 2.61595
7.09674 2.75254
7.9374 0.920623
7.87056 1.28594
7.34888 2.43731
7.15202 -1.4518
7.33324 -1.22968
7.58864 2.03966
7.55192 2.10975
7.43042 2.31454
7.84189 1.39671
7.75838 1.6548
6.72043 3.10439
4.5022 1.78415
4.49241 1.6947
4.81186 3.02102
4.80995 3.01716
5.5946 3.57329
6.03941 -2.34324
4.50506 0.0435009
4.45172 0.768191
4.71479 2.7865
7.71867 1.75619
7.72853 1.73194
7.64387 1.92705
7.12317 -1.48455
7.94717 0.828491
4.45966 1.28079
5.37093 -2.42144
5.40625 -2.43946
6.60666 3.19032
5.01967 -1.93298
4.50907 1.83655
4.50534 1.80764
5.43659 -2.45162
5.28906 -2.36022
6.66355 3.14816
6.81658 3.02497
7.68834 1.82929
7.75552 1.66248
7.75659 -0.48388
5.71208 3.56754
7.88355 -0.0867703
