7.6384 -0.228928
7.64053 -0.222297
7.55835 -0.442603
7.55037 -0.461266
5.31686 3.09373
5.31957 3.09554
7.74451 0.246816
7.74642 0.262118
4.66487 1.14575
4.6609 1.06411
5.13451 -1.45777
5.09888 -1.37783
5.0453 -1.24915
5.02695 -1.19968
4.73516 1.83631
4.74133 1.87285
6.06295 -1.97218
6.00823 -1.99228
5.37704 -1.83888
5.33716 -1.79159
4.66373 0.630913
4.66728 0.54296
7.07773 -1.21466
7.1099 -1.17714
6.65711 2.85564
6.71092 2.81327
6.42267 -1.7928
6.40916 -1.80189
7.35516 -0.835483
7.32471 -0.884135
7.42049 1.93536
7.41857 1.93895
7.70127 0.000821547
7.70362 0.0112697
5.51567 3.18961
5.56611 3.2029
5.12354 2.90775
5.15001 2.93987
5.14294 -1.4765
5.18122 -1.55063
4.6718 1.28004
4.6727 1.29536
4.70191 1.60533
4.70327 1.61615
5.85541 -2.02062
5.8091 -2.02648
5.53136 -1.96213
5.61924 -2.00137
4.8987 -0.808289
4.89239 -0.786629
4.8479 -0.621522
4.83759 -0.580534
5.45147 -1.90879
5.52677 -1.95971
4.65927 0.758416
4.65872 0.783632
4.91214 2.51887
4.94318 2.59609
4.98282 2.68125
4.95966 2.63156
4.88394 2.44153
4.87294 2.41181
7.43465 -0.699817
7.48265 -0.606652
6.38778 3.03419
6.41767 3.01813
5.90327 3.21225
5.93542 3.20639
6.59712 2.90168
6.78604 2.74948
6.74116 2.78902
6.60803 -1.6623
6.66941 -1.61304
6.52112 -1.7263
6.53478 -1.71651
7.25513 -0.986185
7.29751 -0.925546
7.76356 0.486997
7.76353 0.485837
5.30513 -1.75293
5.27385 -1.70664
6.97543 -1.32922
6.93694 -1.36882
4.79614 2.13964
4.81633 2.21875
7.75942 0.745924
7.76295 0.668514
4.72363 -0.00870752
4.72013 0.014369
5.41849 -1.87794
5.44473 -1.90266
7.67198 -0.116063
7.61235 -0.304281
7.53855 -0.488164
7.59935 -0.341002
5.965 -2.00174
6.11075 -1.95635
5.71283 -2.02245
5.68937 -2.01756
7.06814 2.46152
7.05255 2.47978
7.11582 -1.1699
7.15419 -1.12217
7.01939 -1.28208
7.03832 -1.26119
6.24986 3.10511
6.27965 3.09016
7.3423 2.07402
7.37566 2.01694
7.25919 2.20608
7.27588 2.1808
7.1545 2.35307
7.16757 2.33616
7.6076 1.4999
7.62569 1.44515
7.65928 1.33275
7.6359 1.4137
7.6998 1.16666
7.687 1.22435
7.75129 0.845884
7.75817 0.766673
7.60056 -0.33781
6.54593 2.93667
6.50633 2.96313
4.68267 1.42877
4.68225 1.42366
5.90766 -2.01579
5.72756 -2.02274
5.52866 -1.96096
5.52775 -1.96038
4.90618 2.50513
6.16946 3.13868
6.19756 3.12733
6.32623 3.0674
6.82339 2.7169
6.35921 -1.83125
6.31101 -1.8604
6.9131 -1.39337
4.65919 0.938101
4.65887 0.913281
4.66648 1.18786
4.66563 1.16727
4.97003 -1.03916
4.99423 -1.10894
5.23596 -1.64946
5.25766 -1.68201
5.32442 -1.77671
4.67858 0.379344
4.67659 0.406729
4.66172 0.676894
4.66267 0.653266
6.87233 2.6712
6.9252 2.61876
7.73185 0.995408
7.72845 1.01906
6.15416 -1.93643
4.66085 1.04028
4.68843 1.48782
4.66886 0.522863
4.98602 2.688
5.03022 2.76982
7.00951 -1.29307
7.46289 1.8505
7.503 1.765
5.77141 3.22362
5.79407 3.22242
6.85175 -1.45265
7.57075 1.60241
7.54467 1.6681
6.57212 2.9194
4.6736 1.30888
4.6773 1.35951
6.2975 -1.8672
6.21159 -1.91193
4.93254 -0.922485
4.92178 -0.886844
4.95069 -0.982035
4.66953 0.504188
4.68848 0.268908
4.69619 0.19442
4.69566 0.199239
4.65974 1.01578
4.65866 0.888152
4.65845 0.809414
6.0858 3.16784
6.06834 3.17301
6.85806 2.68482
4.77684 -0.313985
4.79021 -0.377829
4.72558 1.77373
4.72097 1.7445
4.7625 -0.238034
4.77202 -0.289375
4.76485 2.00117
4.77589 2.05469
5.66799 3.21975
5.64197 3.21636
4.96228 -1.01724
5.4157 3.15084
5.22776 3.02211
7.75734 0.376964
7.72711 0.1273
5.07184 -1.31336
5.13781 -1.46538
4.74471 1.89333
4.73088 1.80867
4.87392 -0.722781
4.87596 -0.72996
4.83556 2.28909
4.84005 2.30562
6.76269 -1.53413
6.80697 -1.49548
7.30631 -0.912203
7.36831 -0.814166
7.38206 2.00559
7.4208 1.93478
7.21597 2.26986
7.22111 2.2625
7.57787 1.58383
7.68082 1.24959
7.66277 1.32034
7.76419 0.578107
7.76366 0.493495
7.72614 0.121842
7.67499 -0.104932
5.21937 3.01438
5.42998 3.15729
5.61655 3.21327
5.08248 2.85121
7.75863 0.394275
5.21645 -1.61417
5.06157 -1.28944
5.22737 -1.63447
4.70923 1.66365
4.69551 1.55199
4.71461 1.70116
4.76364 1.99464
4.87026 -0.709546
4.91012 -0.847668
4.82285 -0.519783
4.7031 0.133381
4.70365 0.129074
4.94429 2.59834
5.03085 2.77091
4.98424 2.6845
4.79106 2.12029
4.77814 2.06485
7.43009 -0.708106
7.49452 -0.582897
6.13283 3.15228
6.033 3.18367
5.94867 3.20327
5.86601 3.217
6.70874 -1.58131
6.57151 -1.68913
6.50815 -1.73601
7.2188 -1.03809
7.20337 -1.05947
7.40202 -0.756415
7.76424 0.594201
7.50849 1.75264
7.54015 1.67885
4.80282 -0.433738
6.97309 2.56905
6.98909 2.55179
7.764 0.618698
7.75884 0.757844
4.73852 -0.103833
4.74612 -0.148018
7.01005 2.52813
7.11486 2.40379
7.17657 -1.09401
7.70865 1.12581
7.72183 1.05612
7.45706 1.86261
7.32744 2.09895
7.30137 2.14089
7.19906 2.2936
7.63513 1.41617
7.60614 1.50423
7.74127 0.932996
7.74023 0.940408
7.74203 0.926593
6.47309 2.98496
6.41959 3.01698
4.85701 2.36275
5.3854 -1.84683
4.69985 0.161179
5.8234 3.22105
5.72013 3.22374
6.2004 -1.91674
4.68971 0.255711
4.68865 1.49
5.71835 3.2237
5.71957 3.22375
5.00665 -1.14483
4.68176 1.41774
6.81033 -1.4925
7.60444 1.5092
4.68916 0.26193
6.36197 3.04903
5.44767 -1.90548
7.51297 -0.544423
6.48363 2.97809
4.85785 2.36534
