6.22974 2.50542
6.17999 2.52281
6.98422 -0.645552
7.04729 -0.549024
7.37764 0.607687
7.37817 0.592884
5.13053 1.52846
5.13672 1.55711
6.59074 2.30428
6.59863 2.2978
6.28955 -1.2254
6.26063 -1.23466
6.61164 -1.03797
6.6029 -1.04522
7.11581 1.65767
7.13375 1.62238
5.7239 -1.18194
5.80735 -1.22821
7.1657 -0.33724
7.1587 -0.351931
7.32975 0.141712
7.31511 0.0776639
5.06403 0.755618
5.06478 0.710802
5.10244 0.232671
5.0965 0.278759
5.78386 2.52943
5.7625 2.52362
5.96889 2.55499
5.99948 2.55234
6.39534 2.43321
6.34843 2.45663
6.98241 -0.64811
6.91227 -0.737692
7.21463 1.44023
7.1899 1.4997
5.07176 1.05257
5.07698 1.12927
5.24443 -0.402149
5.22324 -0.334569
5.3142 -0.595694
5.34468 -0.668438
5.39696 -0.777209
5.36418 -0.713029
5.49633 -0.944697
5.54134 -1.00826
5.62183 -1.09775
5.5909 -1.06375
5.18216 1.74476
5.20353 1.81753
6.09709 -1.27243
6.17893 -1.25812
5.24865 1.94263
5.22034 1.86678
5.33115 2.12132
5.37779 2.2028
5.43776 2.28443
5.3833 2.21061
5.57882 2.42529
5.56467 2.41476
6.76356 -0.90318
6.72207 -0.943849
7.02345 1.81559
7.06324 1.75081
5.90985 -1.2629
5.83959 -1.2401
7.26503 -0.0926696
7.24623 -0.146159
5.07649 0.478109
5.07112 0.555464
7.36103 0.325144
7.36734 0.381531
6.4859 -1.1261
6.39809 -1.17613
6.82243 2.08466
6.86231 2.03755
7.24768 1.35248
7.23359 1.39136
7.27776 1.26124
7.28593 1.23287
7.33524 1.02744
7.32765 1.06978
7.35867 0.882922
7.35385 0.923232
5.27476 -0.495295
5.25579 -0.43741
5.2173 -0.315223
5.18093 -0.180056
5.16934 -0.130422
5.06585 0.950268
5.06498 0.906254
6.70979 2.20051
6.73246 2.17884
7.31569 1.11809
7.32508 1.08155
6.92235 1.963
6.90518 1.98524
6.80638 2.1031
7.37075 0.769386
7.36712 0.813622
5.1864 -0.202126
5.1978 -0.247154
5.14496 -0.0189349
5.15513 -0.0671011
6.79865 2.11158
6.77848 2.13313
6.34115 2.46029
6.29239 2.48244
5.06793 0.993715
5.18417 -0.193231
5.08398 1.21532
5.09388 1.30249
6.50462 2.36662
6.4618 2.39364
5.12907 0.0589378
5.12896 0.0595269
5.21365 -0.303113
5.19978 -0.254192
5.93874 2.55361
5.86508 2.54766
6.16689 2.52569
6.28716 2.48483
6.98336 -0.646817
7.09585 -0.469617
7.37642 0.52318
7.37612 0.689728
7.34446 0.979318
7.34169 0.997247
5.44314 -0.862887
5.45159 -0.877663
5.15473 1.63765
5.11403 1.44116
6.51637 2.35826
6.63469 2.26757
6.19255 -1.25576
6.29393 -1.22345
5.28627 2.03433
5.2841 2.02913
5.50325 2.35812
5.46999 2.32391
6.59884 -1.04845
6.68578 -0.975752
7.1045 1.67884
7.13666 1.61639
5.81617 -1.23261
5.70467 -1.16755
7.20459 -0.251098
7.13374 -0.400724
7.34126 0.197606
7.30131 0.0256745
5.12964 0.055803
5.14196 -0.00378655
5.06524 0.689608
5.06392 0.775975
5.1164 0.135952
5.0878 0.354448
5.66952 2.48369
6.07393 2.54585
5.66147 2.47972
6.85068 -0.812185
6.83837 -0.825831
6.81782 -0.847457
7.10822 -0.448313
7.17908 1.52507
7.22446 1.41514
7.37611 0.690043
5.27915 -0.50789
5.27652 -0.500468
5.35381 -0.689859
5.43368 -0.84545
5.5545 -1.02375
5.63313 -1.10933
5.10991 1.41696
5.17286 1.70899
5.21388 1.8491
5.1089 1.40998
6.00319 -1.27543
6.04352 -1.27406
6.38808 -1.18168
5.94991 -1.26907
5.28899 2.04031
5.37983 2.20587
6.51108 -1.10924
6.97515 1.88973
7.0793 1.72338
7.21196 -0.233955
7.28328 -0.0367709
7.22013 -0.213554
7.35107 0.255655
5.0666 0.645607
5.08143 0.418579
5.06855 0.60369
5.08458 0.384573
5.12012 0.112628
7.37416 0.460482
6.67328 2.23505
6.67765 2.23137
7.30602 1.16065
7.30721 1.15628
7.37617 0.495892
7.26138 1.31123
7.30466 1.1663
7.32633 1.07557
7.35053 0.945517
6.94289 1.93549
6.96704 1.90184
6.74584 2.16567
6.66979 2.23805
6.88189 2.01463
7.37602 0.691522
7.36342 0.84719
5.27586 -0.498533
5.06369 0.861114
5.06337 0.821285
5.08073 1.18615
5.10712 1.39812
5.06341 0.795909
6.41062 2.42418
6.40327 2.42868
5.16206 -0.0986419
5.19941 -0.252959
5.06413 0.886069
6.4561 2.39716
