6.24149 -2.39797
6.22085 -2.41244
4.74936 -1.57916
4.76936 -1.65151
5.26479 -2.71015
5.25268 -2.7019
5.43548 -2.75831
5.44107 -2.7586
8.03477 0.178923
8.04275 0.240634
4.5745 -0.903684
4.57924 -0.923069
4.35665 1.35814
4.35583 1.34761
4.3448 0.930587
4.34498 0.977149
4.3454 0.850149
4.3451 0.833383
4.36031 1.42865
4.36385 1.48633
4.48167 -0.481089
4.48658 -0.50505
4.36185 0.404263
4.35804 0.462771
5.5839 3.75274
5.51409 3.75342
4.42316 2.06121
4.42631 2.08872
5.34945 3.73504
5.39936 3.74367
6.87341 -1.89175
6.84535 -1.9185
7.03569 -1.73465
7.03674 -1.73362
5.05646 -2.45661
5.05701 -2.45784
6.4085 -2.27862
6.44519 -2.25034
4.80127 -1.75836
4.77662 -1.67555
7.95928 -0.197345
7.9705 -0.156466
7.89899 -0.391711
7.87865 -0.449263
5.89922 -2.60894
5.87267 -2.62379
8.04879 0.311761
8.04393 0.250836
8.01407 0.0435811
8.00669 0.00137019
7.98573 -0.0946255
7.993 -0.0625346
6.63253 3.32064
6.63722 3.3172
6.844 3.15156
6.85464 3.14247
4.41057 1.96907
4.40619 1.93395
4.43867 2.16723
4.44465 2.20675
7.69228 -0.858367
7.67075 -0.897981
7.80587 -0.625755
7.78204 -0.678974
6.0131 3.66112
5.96426 3.67841
6.41429 3.46656
6.3922 3.479
6.19104 3.58652
6.10667 3.62357
7.11565 2.89228
7.09921 2.9101
7.44102 -1.25786
7.46177 -1.22966
7.56265 -1.07996
7.55661 -1.08941
6.69884 -2.04641
6.65028 -2.0883
8.05037 0.776333
8.05344 0.73887
6.03841 -2.52986
6.07028 -2.51004
4.70032 -1.39793
4.71095 -1.43671
5.42222 3.74737
5.44843 3.74952
4.91449 3.48982
4.90922 3.48366
4.61532 -1.06934
4.60759 -1.03811
4.34952 0.643902
4.35141 0.59318
4.62273 2.96775
4.62412 2.97222
7.26154 -1.48723
7.25761 -1.49195
4.75485 3.26702
4.77476 3.29974
4.55994 -0.842191
4.54864 -0.792286
4.34827 1.15272
4.34694 1.10415
4.65228 -1.216
4.64797 -1.19898
5.22316 -2.67807
5.3424 -2.74393
5.35218 -2.74616
5.49633 -2.75547
5.47976 -2.75691
5.17036 -2.62921
5.19238 -2.65187
5.14475 -2.59879
5.10693 -2.54377
5.07719 -2.49491
5.07834 -2.49668
4.36817 1.54924
4.36685 1.53107
5.73875 3.73658
5.81137 3.7203
4.5133 -0.63244
4.46218 -0.376199
4.45668 -0.34677
4.46245 2.31579
4.46358 2.32442
4.41153 -0.0680436
4.42423 -0.15315
4.37873 0.203125
4.39155 0.085574
6.30311 3.5301
6.25635 3.55349
7.71256 2.01416
7.70299 2.03409
7.79991 1.8188
7.79278 1.83605
4.54477 2.70814
4.52563 2.62838
4.48727 2.44714
4.48296 2.42655
4.56319 2.77628
4.55093 2.73149
7.21555 2.78069
7.22277 2.77223
8.02588 1.0002
8.02806 0.984814
7.98065 1.24837
7.97841 1.25838
7.44626 2.47831
7.40847 2.53258
7.31904 2.65336
7.27325 2.71088
7.35616 -1.37131
7.35517 -1.37261
6.78768 -1.96939
6.94154 -1.82806
7.11199 -1.65514
7.03065 -1.73972
7.53747 2.33663
7.52227 2.36131
7.61727 2.20013
7.61883 2.1973
4.85624 -1.93893
4.83936 -1.88437
4.89171 -2.04561
4.88394 -2.02355
4.94517 -2.19709
4.93296 -2.16311
4.9936 -2.31973
4.98722 -2.30312
7.86954 1.63753
7.86766 1.64293
7.92356 1.47017
7.92627 1.46099
5.34565 -2.74527
5.34496 -2.74512
6.48162 -2.22179
6.53547 -2.18122
6.38061 -2.29833
5.62566 -2.72632
5.65825 -2.71687
5.58496 -2.73739
5.54871 -2.74739
7.93685 -0.273669
7.94969 -0.231745
7.9152 -0.34376
7.85476 -0.511027
7.87283 -0.464524
4.84409 3.40458
4.82226 3.37475
6.56757 3.36679
6.62837 3.3238
6.6799 3.28483
6.69368 3.27411
6.74909 3.23073
6.79225 3.19515
6.88442 3.11618
6.90493 3.09764
6.52468 3.39668
5.85145 3.71124
5.935 3.68667
4.41428 1.99758
4.46058 2.30563
6.07814 3.63637
6.51753 3.40117
6.46308 3.43585
6.2198 3.57207
7.08897 2.92054
7.03976 2.97022
6.60685 -2.12281
6.74822 -2.00505
6.95598 -1.81348
7.131 -1.63532
8.05585 0.687518
8.04434 0.853402
6.28468 -2.36845
6.34506 -2.32524
6.57198 -2.15146
4.68429 3.125
4.71217 3.18472
5.14071 3.66136
5.15542 3.66941
5.03374 3.59447
5.05138 3.60805
8.05915 0.49569
8.05955 0.50716
4.38011 1.69072
4.38499 1.74295
4.36839 1.55192
4.3734 1.61464
4.57443 2.81368
4.58488 2.84985
4.54523 -0.777494
4.54719 -0.785864
6.13565 -2.46867
6.10757 -2.48721
4.82484 -1.83574
4.81312 -1.79649
4.34745 0.723146
4.34664 0.739015
5.68065 3.7442
5.65834 3.74627
4.52529 -0.68824
5.01984 -2.37975
5.01852 -2.37633
4.37463 0.247622
4.36743 0.329139
4.65312 3.04822
4.64724 3.03427
4.6724 3.09616
5.31044 3.72533
5.27947 3.71763
7.17698 2.82445
7.21175 2.78517
8.04338 0.861724
7.21085 -1.54621
7.21231 -1.54456
7.16594 -1.59644
4.72866 3.21846
4.71787 3.19741
8.05808 0.627138
5.70266 -2.70043
5.74065 -2.685
4.88541 3.45438
4.79496 3.33407
4.98836 3.55866
4.92228 3.49765
6.95413 3.05249
7.01962 2.99023
4.3511 1.23114
4.35117 1.24438
4.41842 2.02986
4.67587 -1.30727
4.66708 -1.2746
4.77465 -1.66923
4.74303 -1.55581
5.95146 -2.58011
5.98316 -2.56274
8.04336 0.245935
8.02766 0.1239
4.35495 1.29464
4.35693 1.36803
4.34513 0.993898
4.34486 0.913649
4.34711 0.786647
4.34498 0.866986
4.36402 1.48907
4.35998 1.42218
4.35752 0.472185
4.36229 0.397551
5.49852 3.75324
5.6229 3.75024
4.39357 0.0685003
4.40676 -0.0344283
7.75235 -0.741408
7.72804 -0.790425
7.75807 1.9163
7.74901 1.93659
4.5176 2.59094
4.50354 2.52793
8.00535 1.12634
8.00659 1.11949
7.38337 2.56802
7.34324 2.62184
7.51256 -1.15522
7.4812 -1.20147
7.3993 -1.31448
7.36035 -1.36585
7.57794 2.26915
7.57196 2.27937
7.89801 1.55372
7.89819 1.55317
5.8126 -2.65209
5.75587 -2.67923
5.61362 -2.7309
4.72446 -1.48881
5.99892 -2.55408
5.98947 -2.55944
8.05387 0.372374
8.00111 -0.0250686
8.02325 0.0968041
7.98077 -0.116529
7.62569 -0.976627
7.83273 -0.563636
7.61058 -1.00216
7.57602 -1.05879
7.40906 -1.30184
8.0596 0.532585
6.08701 -2.49995
4.67869 -1.31752
5.08396 3.62887
5.10198 3.64067
5.41475 3.74627
4.60164 -1.01417
4.6233 -1.10115
4.37397 1.62115
4.37893 1.67879
4.35198 0.580286
4.34907 0.65837
4.63016 2.98936
4.60343 2.91
7.22361 -1.53156
7.30191 -1.43867
4.34662 1.08827
4.34874 1.16764
4.62913 -1.12442
5.52366 -2.75143
5.19739 -2.6577
5.15852 -2.61425
5.09808 -2.53176
5.06383 -2.4704
4.34564 1.04065
4.36826 1.55048
4.44328 -0.270975
4.47774 -0.460923
4.36689 0.33591
4.35437 0.527982
4.43238 -0.206362
4.37836 0.206716
7.66383 2.11231
7.83445 1.73268
7.83867 1.72158
7.65516 2.12917
4.5498 2.72752
4.47287 2.37592
4.56746 2.79068
5.2057 3.69146
5.21261 3.69453
5.22826 3.69998
7.25358 2.73526
7.99501 1.17779
8.04254 0.870223
7.952 1.36649
7.46974 2.44312
7.31002 -1.42858
7.49594 2.40269
7.60852 2.21573
4.83528 -1.87233
4.86136 -1.95394
4.92173 -2.13451
4.9596 -2.23307
4.96889 -2.25922
5.01735 -2.37339
7.89558 1.56096
7.94659 1.38687
5.66521 -2.71394
6.73137 3.24534
6.93512 3.07063
4.40107 1.89429
4.39577 1.84883
6.28164 -2.37068
6.35216 -2.31993
5.00333 3.57195
4.5921 -0.975059
4.38678 1.76062
4.34758 0.707822
4.5977 2.89062
4.35037 1.21744
6.15668 -2.45465
5.73797 3.73671
8.05461 0.383005
5.73817 3.73669
4.87741 -2.00519
5.74696 -2.68281
6.83358 3.1607
4.40282 1.90917
8.05899 0.597825
6.18429 -2.4368
5.10178 -2.5366
4.90873 -2.09335
4.39154 1.80671
4.39354 1.82721
6.94489 3.06132
6.74004 3.23819
7.87739 -0.452668
