4.70733 -1.17715
4.72159 -1.22946
5.41993 -2.5887
5.38258 -2.57638
5.07886 -2.25076
5.09562 -2.28412
5.11117 3.51974
5.0231 3.4505
5.23333 -2.47821
5.20386 -2.44314
5.14324 -2.36397
5.13466 -2.35138
4.62743 -0.866327
4.65229 -0.967896
4.56958 -0.616838
4.5355 -0.450612
6.26223 3.4707
6.18141 3.50971
4.5663 2.49632
4.58872 2.58905
7.29784 2.58912
7.34245 2.5294
7.42469 -1.18597
7.45962 -1.13647
7.27475 -1.38327
7.31836 -1.32924
6.62025 -2.03082
6.63371 -2.0205
6.96576 -1.72077
7.02052 -1.66726
5.6107 -2.59446
5.64651 -2.58882
4.80915 -1.53696
4.78902 -1.46903
4.86391 -1.71415
4.86307 -1.71134
7.83807 -0.403867
7.83488 -0.412872
4.8246 3.20551
4.8156 3.18988
4.88443 3.29479
4.91651 3.33755
4.97615 3.40551
5.01593 3.44415
5.23146 3.58592
5.30887 3.6156
6.02353 -2.43907
6.03882 -2.43047
5.7401 -2.56403
5.83064 -2.53085
6.80437 3.10492
6.78399 3.12242
6.5563 3.29424
6.59022 3.27084
5.67233 3.653
5.72327 3.64719
4.57849 -0.658124
4.59196 -0.716356
4.51019 2.21164
4.50273 2.17055
4.47521 1.99351
4.47592 1.99821
7.74199 -0.6385
7.7459 -0.629699
7.62325 -0.872141
7.63342 -0.853999
5.95398 3.59637
5.98576 3.58512
6.40498 3.39221
6.30187 3.45028
7.07834 2.84686
7.13027 2.79057
6.95623 2.96798
6.99893 2.92755
7.52523 -1.03588
7.48421 -1.10005
6.80001 -1.87718
6.8291 -1.85202
8.00611 0.577984
8.00597 0.511022
6.3927 -2.20414
6.41037 -2.19229
6.2836 -2.28026
6.26498 -2.29156
4.75666 -1.35816
4.76473 -1.38758
4.93004 -1.90708
4.94623 -1.94913
4.78811 3.13991
4.77183 3.10693
5.47488 3.65118
5.50377 3.65355
5.696 -2.57676
5.7362 -2.56548
4.67513 2.87634
4.66466 2.84758
7.71279 1.88785
7.69763 1.92199
7.99815 0.773625
7.99945 0.757232
6.10793 -2.39084
6.09076 -2.40118
5.45425 -2.59644
5.32768 -2.55118
5.36679 -2.5713
5.29207 -2.52881
5.50353 -2.60146
5.46517 -2.59779
5.00804 -2.10451
5.02915 -2.1516
5.26183 -2.5014
5.18133 -2.41842
4.40157 0.897548
4.40169 0.850083
4.40247 1.02402
4.40193 0.977082
4.41661 1.39588
4.4143 1.3583
4.42506 1.51613
4.42291 1.4866
4.4986 -0.255733
4.52324 -0.387614
4.42231 0.36713
4.42511 0.331378
4.41311 0.503295
4.41557 0.461835
4.47537 -0.107258
4.4777 -0.122876
4.44089 0.164946
4.44618 0.116498
5.90345 3.61063
5.83864 3.62668
6.15397 3.52093
6.2937 3.45497
4.56149 2.47575
4.54331 2.38893
4.62835 2.73567
4.62661 2.72934
7.19456 2.71708
7.2096 2.69946
7.97898 0.953808
7.9693 1.02175
7.93612 1.20433
7.91508 1.29819
7.36421 -1.26915
7.33134 -1.31237
6.712 -1.95437
6.53465 -2.09919
7.04491 -1.64182
6.92526 -1.7615
7.50263 2.28975
7.46669 2.34811
7.58164 2.15219
7.55827 2.19438
7.4187 2.42069
7.46021 2.35833
7.86661 1.47553
7.88342 1.41861
7.81113 1.64303
7.82586 1.60158
5.54667 -2.60201
5.55581 -2.60123
7.92083 -0.132566
7.92664 -0.109972
7.87756 -0.285498
7.88361 -0.265749
7.87204 -0.303354
4.84632 3.23759
4.93485 3.36017
6.88619 3.03321
6.85554 3.06066
6.77347 3.13117
6.73007 3.16623
6.67358 3.20931
6.64506 3.23089
6.51542 3.32274
4.45877 1.86772
4.4595 1.87384
4.52311 2.28731
4.48638 2.07206
5.81916 3.63016
5.78178 3.63794
6.06816 3.55669
6.43318 3.37435
6.4183 3.38382
7.02411 2.90214
6.91834 3.00463
6.52455 -2.10648
6.88467 -1.79933
6.73184 -1.93805
7.11478 -1.56898
8.00402 0.668073
8.0027 0.696097
6.3359 -2.24395
4.7525 3.06917
4.66853 -1.03179
4.66966 -1.03605
4.44378 1.73025
4.44499 1.74323
4.43119 1.59092
4.4331 1.61491
4.40531 0.676241
4.40383 0.722629
4.41062 0.549235
4.40856 0.59225
7.77333 1.74418
7.74066 1.82437
7.68317 1.95275
7.65091 2.01996
4.70804 2.96612
4.71927 2.99393
7.17605 -1.4998
7.21049 -1.46022
4.61679 -0.821415
4.40661 1.18654
4.40815 1.23108
4.40311 1.05751
4.40412 1.10408
6.18631 -2.34362
4.82932 3.21279
4.49542 -0.237641
4.49599 -0.241134
7.12371 -1.55902
7.16489 -1.51263
7.11869 -1.56463
4.95308 -1.96832
4.97223 -2.01698
8.00428 0.660956
5.11433 3.52222
5.11421 3.52214
5.96182 -2.47151
5.93802 -2.48305
8.00288 0.414529
7.99473 0.296895
5.77925 3.63841
5.78053 3.63819
7.97652 0.145104
7.96016 0.0449269
4.4847 2.06184
4.94785 3.37437
7.9921 0.845345
7.99575 0.803905
4.73189 -1.26773
4.68941 -1.11031
4.8363 -1.62571
4.82566 -1.59002
4.97645 -2.02881
4.99944 -2.08456
5.13085 -2.34436
5.06106 -2.21815
5.11409 3.52205
5.92006 -2.4909
5.84466 -2.52569
7.98655 0.224624
7.98007 0.16845
4.41203 1.29457
4.41271 1.33556
4.40177 0.960929
4.40158 0.913583
4.40368 0.78658
4.40164 0.834008
4.4206 1.45614
4.41836 1.42245
4.41733 0.435449
4.41998 0.396612
5.55146 3.65655
5.60727 3.65632
4.48331 2.05319
4.45638 0.0299189
4.46072 -0.00388266
7.68621 -0.754605
7.6905 -0.746187
4.56469 2.48982
4.60352 2.6444
4.64301 2.78364
4.63659 2.76349
7.15633 2.76189
7.16598 2.75086
7.95962 1.08112
7.94558 1.15784
7.2748 2.61855
7.36186 2.50283
7.47606 -1.11222
7.40574 -1.21256
7.32081 -1.32602
7.26288 -1.39816
7.54265 2.22167
7.51066 2.27642
7.8401 1.55916
7.85572 1.51116
5.65422 -2.5866
5.60131 -2.59663
4.78248 -1.44786
4.86626 -1.72174
5.21191 3.57734
5.16577 3.55344
5.39061 3.63762
6.08713 -2.4034
5.98843 -2.45748
5.73644 -2.56538
7.99357 0.285406
7.94135 -0.0474845
7.94929 -0.00987378
7.93557 -0.0742152
4.89479 -1.80541
4.91086 -1.85102
4.46722 1.93458
7.69426 -0.738656
7.79174 -0.523601
7.5733 -0.958229
7.37238 -1.25862
7.55504 -0.988665
8.00464 0.649428
8.00572 0.486968
6.08913 -2.40219
4.75413 -1.34876
5.40575 3.641
5.69147 -2.57839
4.65449 -0.976871
4.66118 -1.0038
4.4371 1.66035
4.43871 1.67907
4.40769 0.612579
4.40593 0.657444
4.64758 2.79674
4.6857 2.90665
4.40462 1.12189
4.40594 1.16758
4.49681 -0.245937
4.68299 -1.0864
5.50993 -2.60166
5.03514 -2.1633
5.13355 -2.34934
5.18919 -2.42724
4.40259 1.04058
4.42776 1.55076
4.42786 0.298464
4.41154 0.527051
4.49176 -0.214656
4.43338 0.237865
4.61461 2.68713
4.53606 2.35258
7.23251 2.67142
7.15102 2.76794
7.98714 0.889357
7.90883 1.32379
7.40559 2.44003
7.2268 -1.44081
7.61957 2.08128
7.60336 2.11222
7.46149 2.35634
7.89068 1.39212
7.79395 1.68998
5.56497 -2.5998
7.91158 -0.16822
6.72226 3.17265
4.45215 1.81369
4.46556 1.92186
4.65355 -0.973018
4.45081 1.80038
4.40322 0.740077
4.70488 2.95732
4.64469 2.78849
4.52847 2.31448
7.78015 1.72708
7.72864 1.85224
7.63709 2.0475
4.7341 3.02795
4.40878 1.2513
5.66258 3.6536
5.40135 3.64025
8.00381 0.430556
5.11665 3.52363
6.69919 3.19011
6.82448 3.08808
4.92114 -1.88108
7.808 -0.482283
7.79377 -0.518685
6.61917 3.25038
4.45153 1.80733
7.90549 -0.190365
