6.45004 -0.24744
6.40326 -0.275578
5.67032 0.289456
5.6666 0.305593
6.8308 0.722667
6.8318 0.711435
6.79331 0.296717
6.76609 0.204558
6.22622 -0.334706
6.1842 -0.332583
6.61602 -0.0821285
6.59494 -0.111055
5.65511 1.06142
5.63867 0.962252
5.65938 1.08242
5.68472 1.1776
5.94667 -0.235207
6.02581 -0.292774
5.81599 -0.0777353
5.83242 -0.105456
5.72765 0.105184
5.7137 0.144587
5.8833 1.53093
5.89813 1.54761
6.01757 1.6191
6.00547 1.61621
6.45266 1.52071
6.43325 1.53796
6.16973 1.64451
6.28863 1.61757
6.57365 1.4015
6.59354 1.37665
6.83256 0.554476
6.82455 0.463945
6.80827 0.88812
6.80566 0.900422
6.83289 0.648033
6.83449 0.612361
6.71494 0.077915
6.72857 0.108188
6.4216 1.54704
6.3183 1.60412
6.66612 1.26596
6.64296 1.30626
5.7948 1.42337
5.80792 1.44424
6.52388 1.45583
6.16656 1.64519
6.78839 0.969487
6.78111 0.996059
6.81906 0.825595
6.81184 0.871935
6.73154 1.13733
6.70559 1.1943
5.72003 1.27769
5.75031 1.34692
5.63966 0.472881
5.64431 0.436487
6.16497 1.64507
5.62377 0.776044
5.62209 0.728708
6.82243 0.802609
5.62634 0.595406
5.6314 0.535813
6.33473 -0.309123
6.50911 -0.199026
5.87575 -0.159755
5.92663 -0.219333
5.66467 0.314523
5.69505 0.204209
6.75864 0.182824
6.8027 0.336423
6.12382 -0.327832
6.26382 -0.327698
6.57499 -0.134594
6.03905 -0.298012
6.66168 -0.0159742
5.79561 -0.0413247
5.7684 0.0114594
5.7446 0.0604639
6.7091 0.0666942
5.64796 0.412553
5.90866 1.55633
5.82768 1.47057
5.99659 1.6124
6.08856 1.63836
6.81865 0.419909
6.83379 0.587754
6.8325 0.702943
5.78083 1.40064
6.77224 1.02835
6.79596 0.939887
5.95138 1.58659
6.62067 1.33933
6.7613 1.06206
6.68915 1.22701
5.6571 1.07277
5.63629 0.501829
5.62217 0.71732
5.62659 0.847819
5.62566 0.604615
5.63164 0.533372
5.70101 1.22473
5.62442 0.659481
5.63532 0.92647
5.62869 0.870102
5.76505 1.3748
6.76571 1.04904
