6.05501 -2.74858
5.99974 -2.79016
4.57577 -1.52308
4.54762 -1.39779
8.06457 -0.28119
8.07533 -0.246041
8.18065 0.425014
8.18111 0.440193
4.22333 1.35829
4.22039 1.3205
4.21313 0.850304
4.21253 0.817074
6.85434 3.32635
6.8312 3.34549
4.33868 -0.446117
4.35524 -0.535438
4.27726 2.05972
4.27815 2.06755
4.26103 1.91335
4.25169 1.80918
4.86062 -2.72589
4.84711 -2.67044
4.84155 -2.65003
4.82752 -2.58567
4.24298 0.229456
4.24034 0.25719
7.84923 -0.827055
7.87073 -0.78348
5.39108 -3.18424
5.40458 -3.17535
6.43566 3.63708
6.40071 3.65823
7.85325 2.00092
7.87658 1.9488
4.3596 2.61755
4.34278 2.51393
4.7914 -2.42448
4.79363 -2.43809
7.14596 3.05179
7.21254 2.98193
8.1315 1.10466
8.11985 1.16948
5.21035 -3.2567
5.25159 -3.24764
5.16247 -3.26862
5.11566 -3.26478
7.46368 2.67319
7.49617 2.62957
7.64964 -1.17671
7.64303 -1.1868
7.65888 2.37806
7.67267 2.35371
4.67096 3.55602
4.74456 3.6596
5.53498 -3.10035
5.60091 -3.06032
8.01763 1.57652
7.99396 1.64788
5.88977 -2.86716
5.84235 -2.90004
8.18306 0.578366
8.18075 0.658853
4.95318 -3.05823
4.93458 -3.00003
4.89212 -2.85413
4.89696 -2.86824
4.66833 -1.91118
4.68591 -1.98715
5.64097 -3.03393
5.60118 -3.06013
4.97994 -3.12124
4.96035 -3.07256
5.04136 -3.2231
5.03987 -3.22095
4.60163 -1.62965
4.59453 -1.60016
6.6492 3.49004
6.61796 3.51247
6.01852 3.85133
6.04904 3.83922
5.77133 3.93595
5.70108 3.95098
4.42773 2.93866
4.42423 2.92303
7.10414 3.09505
7.29133 2.89286
7.25626 2.93317
7.54583 -1.32871
7.57404 -1.28879
7.03379 -1.92358
7.07354 -1.88412
6.87137 -2.08065
6.88256 -2.07066
6.65843 -2.26889
6.66426 -2.2637
6.41684 -2.46896
6.40414 -2.47962
4.63989 -1.79096
4.64576 -1.81577
7.97177 -0.552396
7.95468 -0.596067
7.72011 -1.06277
7.75703 -0.999642
4.50642 3.20316
4.49549 3.17276
6.13533 -2.68827
6.12327 -2.69787
6.95594 3.23677
7.00958 3.18643
4.29668 2.20385
4.30941 2.29105
7.16741 -1.78424
7.2264 -1.72026
4.528 -1.31221
4.54075 -1.36624
4.5903 -1.5835
4.46361 -1.03915
4.46443 -1.04286
4.2126 1.00753
4.2124 0.977305
4.22998 1.5045
4.22895 1.48571
4.37965 -0.65477
4.3666 -0.592739
4.22371 0.489109
4.22515 0.464934
5.49687 3.97847
5.45916 3.98057
5.38763 3.97911
5.4114 3.97966
4.31368 2.31426
4.31722 2.3414
4.26396 0.022591
4.265 0.0139247
4.30387 -0.252947
4.29913 -0.223973
5.45853 -3.14589
5.42785 -3.16341
5.36381 -3.19702
7.93581 1.80601
7.96021 1.74247
7.758 2.19702
7.78496 2.14439
4.35966 2.61791
4.3789 2.71983
4.93352 3.83508
4.90682 3.81734
5.02622 3.88973
5.08968 3.9178
5.09047 3.91812
5.15717 3.941
5.33714 3.97503
5.2996 3.97132
4.80849 -2.49664
4.77662 -2.3604
8.08149 1.34811
8.05476 1.45275
7.36766 2.8007
7.43134 2.71848
7.51251 2.60585
7.55797 2.53976
6.95407 -2.00241
6.97854 -1.9794
7.61835 2.44546
7.63111 2.42452
4.57874 3.38399
4.55463 3.33102
4.63647 3.49753
4.62292 3.4749
4.53234 3.27391
4.55087 3.32145
4.72632 -2.15004
4.7252 -2.1451
4.76118 -2.29473
4.7588 -2.28333
5.76867 -2.94976
5.80856 -2.92292
5.75975 -2.95652
5.7436 -2.96811
4.70751 -2.07702
4.70245 -2.05625
8.08437 -0.213516
8.01471 -0.436919
7.99816 -0.482418
8.16371 0.209785
8.16564 0.228018
8.13899 0.0266568
8.14009 0.0339207
6.69781 3.4526
6.7262 3.43088
6.91098 3.27667
6.93349 3.25689
5.99402 3.86174
5.89338 3.89923
5.86451 3.90915
5.81814 3.92244
5.65792 3.9607
4.26273 1.93176
4.26281 1.93248
4.29205 2.17241
6.21321 3.76344
6.19834 3.77041
6.26943 3.73445
6.26917 3.7346
6.5063 3.59079
6.49078 3.60156
4.40231 2.8306
4.41447 2.88346
4.43986 2.98562
7.23166 2.96103
7.3017 2.88108
7.11124 -1.8443
6.78769 -2.15681
6.78597 -2.15836
4.66185 3.54292
8.17633 0.732713
8.17347 0.772241
6.72755 -2.20868
6.72206 -2.21353
6.60291 -2.31563
6.49044 -2.40928
6.46769 -2.42818
6.36707 -2.50863
6.34062 -2.52994
4.64803 -1.82668
4.62292 -1.71774
4.49114 -1.15699
4.49401 -1.169
4.23584 1.60113
4.23668 1.61401
4.21988 0.568754
4.21873 0.59534
7.44905 -1.45967
7.45167 -1.45638
7.3536 -1.57675
7.36453 -1.56393
4.41582 -0.821212
4.40917 -0.790447
4.44031 -0.933574
4.43669 -0.916658
4.21352 1.07461
4.21407 1.1043
6.15564 -2.6728
6.21506 -2.62747
8.03929 -0.363722
4.85439 3.77561
4.83609 3.75848
8.17336 0.31331
8.17986 0.407916
4.21524 0.723301
4.21351 0.757106
7.05687 3.14181
7.03275 3.16473
6.75208 3.41066
6.80692 3.36535
4.27621 2.05282
4.27002 1.9961
5.32874 -3.21416
5.32236 -3.21797
6.33642 3.69663
6.33027 3.70042
8.16351 0.874202
8.16672 0.846585
8.15095 0.977441
8.16085 0.901353
4.48849 3.15317
4.47515 3.11051
5.68094 -3.00818
8.11065 -0.111552
6.54568 3.56422
6.58209 3.53798
5.63844 3.96402
7.30279 -1.63575
7.25043 -1.69448
5.94556 -2.82814
5.93505 -2.83517
8.13795 0.0206498
8.13002 -0.0185896
4.66444 -1.89724
4.65436 -1.85647
4.21819 1.2313
4.21839 1.26793
4.24666 1.74758
4.24623 1.74168
4.77504 -2.35239
7.32997 2.84587
7.36215 2.80756
4.5174 3.23489
4.52463 3.25569
4.75192 3.66897
4.76164 3.67959
6.55103 -2.35939
6.54156 -2.36756
6.10379 3.81516
6.12723 3.80424
6.78584 -2.15848
4.21979 1.2948
4.22446 1.39845
4.21338 0.786804
4.21229 0.883399
4.35822 -0.55098
4.32895 -0.393838
5.55098 3.97511
5.547 3.97557
4.86634 -2.75483
4.84341 -2.65622
4.81694 -2.54475
4.81157 -2.51516
4.27318 -0.0489522
4.28077 -0.105753
4.2336 0.344385
4.25184 0.135087
7.90442 -0.711069
7.81522 -0.893148
5.31685 -3.22144
7.89607 1.90332
7.8317 2.04785
4.35962 2.61764
4.3377 2.47899
4.45656 3.04903
4.45628 3.04816
5.22698 3.95872
5.265 3.96541
8.14301 1.03374
8.10823 1.2281
5.185 -3.26518
5.29149 -3.2332
5.08334 -3.25533
7.31955 -1.61675
4.60604 3.44029
4.58727 3.40419
5.60114 -3.06017
5.50595 -3.11609
4.88127 -2.8062
5.04177 -3.22354
4.91441 -2.93321
4.90552 -2.89864
4.92026 -2.95753
4.95662 -3.06567
5.65594 -3.02376
4.99448 -3.14569
5.006 -3.17509
7.78767 -0.944312
7.92287 -0.669845
7.69596 -1.10276
7.59714 -1.25489
7.49408 -1.40152
8.1836 0.553696
6.2771 -2.57993
6.29076 -2.5687
6.24874 -2.60225
4.4779 -1.10151
4.47894 -1.10594
4.24058 1.66983
4.24171 1.68594
7.40229 -1.51807
7.40856 -1.51046
7.49393 -1.40172
5.98457 -2.80098
5.97387 -2.80824
6.08204 -2.72909
4.5046 -1.21231
4.5134 -1.24909
4.47015 -1.06839
4.45052 -0.979761
4.21251 0.944088
4.21287 1.0408
4.22695 1.44368
4.23255 1.54986
4.31966 -0.340958
4.3845 -0.678855
4.22785 0.421306
4.22151 0.530144
5.44251 3.98032
5.55658 3.97436
5.37513 3.9786
4.28196 -0.113977
5.42186 -3.16646
5.46459 -3.14238
7.80727 2.09882
7.91946 1.84707
7.97255 1.70898
7.73644 2.23853
4.32715 2.40946
4.38746 2.7598
4.87099 3.78892
4.96511 3.85611
5.00535 3.87853
5.09023 3.91804
5.19746 3.95134
8.09067 1.309
8.05145 1.46484
7.55868 2.5387
7.61544 2.45012
7.43252 2.71695
7.49642 2.62921
7.71062 2.28604
7.49379 -1.40191
7.49134 -1.40509
4.55363 3.32837
4.708 -2.07914
4.74224 -2.21423
4.74391 -2.22212
8.02894 1.5414
5.90931 -2.85394
8.1703 0.274695
8.15839 0.161508
5.88338 3.90307
6.05346 3.83724
4.40166 2.82789
4.41918 2.90266
6.78569 -2.15861
6.66959 -2.25909
6.53124 -2.37648
6.4293 -2.45906
6.30449 -2.55812
4.21761 0.632482
4.45506 3.04378
4.40351 -0.765074
4.42281 -0.853557
4.42798 -0.87745
4.21513 1.13904
8.18359 0.546588
4.21631 1.19588
4.21553 0.688328
5.48414 -3.12985
6.46321 3.61927
7.94102 -0.628316
4.25139 1.80528
4.39562 -0.727335
5.88746 3.90152
5.46553 -3.14175
8.0239 1.55755
5.83452 -2.90518
8.15643 0.145514
8.11367 -0.0987785
6.14482 3.79588
4.26291 1.93329
6.2667 3.7359
6.32486 3.70365
4.80363 3.72653
4.39531 2.79768
6.38975 3.66481
