4.67736 -1.1983
4.68131 -1.21278
5.31245 -2.64527
5.24316 -2.59811
5.42833 -2.68032
5.45504 -2.6817
5.86845 -2.57391
5.91437 -2.55256
5.18591 -2.54275
5.2392 -2.59426
8.00896 0.16924
8.01256 0.197084
4.59901 -0.886384
4.61307 -0.943829
4.37048 0.915642
4.37072 0.977119
4.37069 0.850119
4.37065 0.848198
4.5066 -0.466975
4.53383 -0.599781
5.60823 3.7083
5.5804 3.70857
4.45106 2.0615
4.45232 2.07251
4.55236 2.6026
4.55428 2.61052
7.31853 -1.37684
7.33814 -1.35255
6.84128 -1.88537
6.83802 -1.88848
7.0033 -1.72822
7.02923 -1.70289
6.40936 -2.23897
6.42557 -2.22648
5.57942 -2.67367
5.56281 -2.67756
4.77649 -1.56001
4.76721 -1.52868
4.83028 -1.73788
4.81666 -1.69212
7.87078 -0.397341
7.85773 -0.434257
4.85011 3.33482
4.83161 3.31017
5.1656 3.6186
5.18517 3.62872
4.94295 3.4509
4.96112 3.46855
6.03592 -2.48589
6.03937 -2.48395
8.02363 0.302321
8.02122 0.272099
7.98757 0.0336401
7.98541 0.0212906
6.82618 3.13058
6.82284 3.13345
6.60031 3.30673
6.61317 3.29785
4.43673 1.95276
4.43442 1.93424
4.47033 2.18689
4.47086 2.19041
7.66112 -0.864584
7.65381 -0.87803
7.77642 -0.631632
7.76448 -0.658286
5.9595 3.64042
6.05421 3.60689
6.40998 3.43213
6.35037 3.4657
6.11584 3.58259
6.18665 3.5515
7.13869 2.82754
7.08954 2.88081
6.99226 2.9782
7.01008 2.96133
7.40595 -1.26301
7.44502 -1.20992
7.54532 -1.05955
7.52308 -1.09434
6.6634 -2.03938
6.64269 -2.05724
8.02721 0.767644
8.02827 0.754692
4.72641 -1.37952
4.74609 -1.45126
4.75025 3.1709
4.72511 3.12
5.44661 3.70282
5.50842 3.70791
5.74187 -2.62898
5.74202 -2.62894
4.63981 -1.05206
4.63612 -1.03716
7.73269 1.91462
7.7308 1.91887
4.78784 3.24001
4.81927 3.29164
4.37273 1.10412
4.37396 1.14936
6.12695 -2.43054
6.14827 -2.4177
6.21329 -2.3751
6.26094 -2.34396
5.39609 -2.67562
5.33729 -2.65609
5.24191 -2.5971
4.98678 -2.18244
4.97797 -2.16285
5.06288 -2.34893
5.03666 -2.29708
5.13729 -2.47837
5.14663 -2.49011
5.11475 -2.44377
5.11541 -2.44478
5.09294 -2.40818
5.08863 -2.39914
4.38611 1.41363
4.38271 1.35816
4.39451 1.5339
4.39106 1.48646
4.48486 -0.354886
4.48679 -0.365247
4.54472 -0.651722
4.38951 0.387276
4.39385 0.331886
4.38067 0.523219
4.38429 0.462344
4.44109 -0.0862038
4.44899 -0.13913
4.40752 0.185444
4.41685 0.0998951
6.29875 3.49531
6.21114 3.53911
4.5236 2.46975
4.51091 2.40913
4.59336 2.75748
4.58598 2.73049
7.20583 2.75123
7.24213 2.70869
8.00446 0.979012
8.00123 1.00168
7.96003 1.22798
7.94908 1.27682
7.4364 2.44841
7.37877 2.53115
7.27163 2.67187
7.30947 2.62434
6.75392 -1.96269
6.8627 -1.86535
7.08093 -1.64897
6.93414 -1.79778
7.52133 2.31492
7.49361 2.35993
7.60084 2.17802
7.59091 2.19595
4.88126 -1.89827
4.878 -1.88772
7.89719 1.47265
7.90643 1.44136
7.84273 1.64006
7.84846 1.62393
6.44167 -2.21386
6.53631 -2.14257
6.36031 -2.27364
5.68947 -2.64761
5.65286 -2.65808
7.94516 -0.155349
7.95846 -0.103622
7.90939 -0.279147
7.92495 -0.228381
7.89522 -0.325048
7.83751 -0.486449
7.82571 -0.516823
4.89113 3.39088
6.92386 3.0439
6.87697 3.08588
6.77839 3.1704
6.76965 3.17746
6.71543 3.22118
6.66758 3.2574
6.52039 3.36244
5.84509 3.67299
5.86945 3.66582
4.42344 1.84578
4.42899 1.89286
4.4426 1.99787
4.47406 2.21029
4.49067 2.30753
6.07361 3.6002
6.47847 3.38875
6.44234 3.41175
6.19744 3.54608
7.05893 2.91202
6.92961 3.03878
6.56951 -2.1154
6.74077 -1.97458
6.92408 -1.80715
7.12349 -1.6046
8.03185 0.678513
8.0238 0.811253
6.55329 -2.12872
4.71552 3.09944
4.76704 3.20143
8.03334 0.458461
8.03471 0.497842
4.4096 1.70903
4.41277 1.74308
4.39747 1.56998
4.40105 1.61476
4.3747 0.658499
4.37386 0.685077
4.38022 0.53161
4.37729 0.592759
4.61849 2.8411
4.62073 2.84883
7.77965 1.80498
7.77299 1.82133
7.6889 2.008
7.68469 2.01678
4.67535 3.0005
4.6628 2.96941
7.22231 -1.493
7.23593 -1.47735
4.57799 -0.7976
4.3745 1.16793
4.37668 1.23111
4.85676 -1.8235
4.85371 -1.81329
4.37273 0.723117
4.37269 0.723855
5.67368 3.70231
5.62275 3.70704
4.54961 -0.674473
4.56199 -0.729922
4.70879 3.08286
4.68709 3.03137
4.71295 3.09321
5.30337 3.67399
5.33223 3.68117
7.16749 2.79569
7.18382 2.77725
7.17049 -1.55214
7.19035 -1.52977
7.14406 -1.58171
4.92593 -2.02697
4.926 -2.02714
8.03317 0.642799
5.69755 -2.64469
5.70322 -2.64239
4.91967 3.42527
5.11683 3.59151
5.08047 3.56828
5.78835 3.68513
5.76516 3.68911
4.44916 2.04894
8.01987 0.855765
4.70181 -1.28896
4.66493 -1.15192
4.8032 -1.64908
4.77994 -1.5711
4.94828 -2.08967
4.9506 -2.0953
5.02242 -2.2639
5.00644 -2.23016
5.04516 3.54212
5.01871 3.52123
5.79688 -2.60731
5.95478 -2.53042
8.01705 0.236066
8.00575 0.144413
4.38138 1.29461
4.38236 1.35323
4.37074 0.978992
4.37049 0.913619
4.37331 0.786616
4.37064 0.852049
4.39011 1.47388
4.38668 1.4223
4.38474 0.455461
4.38873 0.397121
5.52284 3.70881
5.61584 3.70781
4.42266 0.0506331
4.43175 -0.0202825
7.72209 -0.747446
7.71083 -0.770143
4.55532 2.6144
4.53177 2.51033
7.9843 1.10553
7.97851 1.13714
7.37361 2.53843
7.31252 2.62037
7.49566 -1.13531
7.44742 -1.20643
7.36295 -1.31982
7.28281 -1.42164
7.5616 2.24716
7.54357 2.27801
7.87119 1.55624
7.87852 1.53372
5.53455 -2.68
5.60797 -2.66928
4.75098 -1.4701
5.21422 3.64139
5.13144 3.60039
5.28612 3.66805
5.98899 -2.51252
6.04028 -2.48344
5.77904 -2.61389
8.02615 0.332388
7.97344 -0.0354495
7.99026 0.0492115
7.96008 -0.0971604
7.59593 -0.979077
7.8149 -0.542628
7.59392 -0.982533
7.39219 -1.28196
7.59365 -0.982989
8.03488 0.585133
6.08799 -2.45468
4.71363 -1.33199
5.41058 3.69752
5.74096 -2.62931
4.62612 -0.996898
4.65188 -1.1002
4.4032 1.6393
4.40661 1.67892
4.37719 0.594901
4.37472 0.657952
4.64047 2.90794
4.62864 2.87402
4.37271 1.10339
4.37449 1.16761
4.65362 -1.10714
5.4956 -2.68436
5.51737 -2.68277
4.95395 -2.10305
5.06952 -2.36342
5.24096 -2.59613
5.11467 -2.44363
4.37142 1.04062
4.39582 1.55061
4.46759 -0.257215
4.39495 0.318674
4.38039 0.527558
4.46208 -0.224608
4.40384 0.221141
4.57981 2.70882
4.49447 2.3267
4.60291 2.78968
7.24404 2.70636
8.01829 0.869774
7.932 1.34671
7.44085 2.44173
7.27224 -1.43413
7.63905 2.1075
7.63576 2.11378
7.48003 2.38128
4.85947 -1.83301
4.90145 -1.95741
7.92069 1.3893
7.81636 1.71213
5.62221 -2.66498
7.94347 -0.161857
6.72723 3.2123
4.42182 1.83259
4.43156 1.91322
6.30788 -2.31114
6.28254 -2.32922
4.62056 -0.974114
4.41644 1.77903
4.37273 0.722404
4.64508 2.92011
4.49225 2.31551
7.81191 1.7241
7.73466 1.91019
7.64261 2.10064
4.37673 1.23272
5.70325 3.69845
5.37343 3.69125
4.92522 -2.02498
8.03118 0.404936
5.81215 3.68043
5.73128 3.69532
5.47307 -2.68391
6.72164 3.21653
4.90326 -1.96319
6.82947 3.12783
8.03485 0.588766
6.18523 -2.39381
5.17063 -2.52146
6.34594 -2.28455
6.62415 3.2901
4.41932 1.807
7.92947 -0.212808
