7.66921 -0.257773
7.68338 -0.213748
5.5111 3.26445
5.48209 3.25563
7.77877 0.214741
7.78657 0.27718
4.62286 1.1214
4.6212 1.08722
5.052 -1.40646
5.05036 -1.40277
4.99951 -1.26837
4.9825 -1.22252
4.65085 1.53006
4.6531 1.55179
4.69362 1.86048
4.69568 1.87264
5.68675 -2.10474
5.60542 -2.08968
4.62429 0.608054
4.6259 0.568378
7.11421 -1.23689
7.12712 -1.22183
4.69836 -0.118703
4.68166 -0.00741046
5.71541 3.29196
5.71752 3.29192
6.67258 2.90251
6.74627 2.84447
6.84724 -1.51779
6.80503 -1.55833
7.38229 -0.867449
7.35084 -0.917707
7.44592 1.96956
7.41939 2.01904
7.60489 1.61962
7.58784 1.66404
7.69966 1.32896
7.71893 1.25592
7.73353 -0.0293762
7.74451 0.0194268
7.59711 -0.451941
7.58916 -0.471449
5.31179 3.17678
5.25431 3.13649
5.14534 -1.61322
5.12837 -1.57779
6.48361 3.03719
6.53839 3.00086
4.62872 1.25329
4.63119 1.29517
6.20249 -1.98314
6.20353 -1.98264
5.92737 -2.08666
5.9634 -2.07783
5.79628 -2.10843
5.72638 -2.10793
4.80893 -0.643587
4.78492 -0.548211
4.61918 0.735177
4.6181 0.784293
4.90043 2.63676
4.89543 2.62605
6.22355 -1.97197
6.25246 -1.95653
4.73646 2.08959
4.74497 2.12805
7.48519 -0.689735
7.49142 -0.677629
6.14368 3.20859
6.20307 3.18349
6.42237 3.07438
6.42457 3.0732
5.93801 3.26795
5.96314 3.26337
6.60589 2.95368
6.83847 2.76436
6.83483 2.76757
6.40148 -1.86951
6.32536 -1.91576
6.56625 -1.7538
6.60042 -1.72933
6.8026 -1.56057
6.71216 -1.63909
7.23422 -1.08631
7.24796 -1.06759
7.28288 -1.01888
7.29732 -0.998214
7.80165 0.501287
7.80061 0.462529
4.76091 -0.438926
4.78014 -0.527946
6.97451 -1.39172
7.01763 -1.34736
4.77019 2.23797
4.77229 2.24621
7.02491 2.57553
6.9724 2.63216
7.8012 0.675202
7.80115 0.67982
7.70355 -0.145619
7.64349 -0.332198
6.02529 -2.05707
6.09918 -2.03028
5.5307 -2.05947
5.57623 -2.0793
5.69954 -2.10741
7.03651 -1.32648
7.04645 -1.31558
6.2569 3.16129
6.35249 3.11332
7.75413 1.09081
7.76461 1.0347
7.36825 2.10894
7.34672 2.14454
7.28475 2.24046
7.32265 2.18305
7.19654 2.36565
7.21077 2.34633
7.64862 1.49604
7.66599 1.44347
7.74039 1.16284
7.73489 1.18761
7.63087 -0.366189
7.54367 -0.573045
7.54365 -0.573096
6.58402 2.96981
6.48162 3.03853
4.6683 1.68747
4.66741 1.68012
4.64307 1.45182
4.6407 1.42347
5.99636 -2.0682
5.81717 -2.10498
5.89533 -2.09461
5.51436 -2.0524
4.86125 -0.84382
4.84166 -0.771226
5.44052 -2.00522
5.3794 -1.95184
5.4048 -1.97555
6.02942 3.24761
6.03191 3.24675
6.1004 3.22389
6.23485 3.17066
6.36183 3.10876
6.76484 2.82857
6.83892 2.76397
6.41115 -1.86291
6.90518 -1.46312
4.61871 0.961665
4.61807 0.913329
4.6263 1.21125
4.62448 1.16732
4.90886 -1.00112
4.92064 -1.0392
4.94953 -1.12881
4.95044 -1.13144
5.22048 -1.74843
5.24615 -1.78673
4.63998 0.356971
4.63448 0.432588
4.66539 0.111989
4.65972 0.156058
4.62016 0.702415
4.62213 0.653926
4.84094 2.47983
4.84239 2.48455
4.79443 2.32596
4.80588 2.36626
7.04178 2.55698
7.09369 2.49636
7.19001 -1.14329
7.23054 -1.09148
7.77437 0.968686
7.76717 1.01871
7.78916 0.850572
7.78834 0.859781
4.6211 1.04033
4.65809 1.60031
4.66129 1.62896
4.64655 1.48763
4.62942 0.523505
4.97794 2.80036
4.97885 2.80206
7.50742 1.84631
7.5291 1.80011
5.7673 3.29106
5.80261 3.28919
6.89115 -1.47667
4.63363 1.33215
4.63562 1.35932
4.89176 -0.945004
4.86203 -0.846518
5.28986 -1.85055
5.32842 -1.89645
5.19306 -1.70013
5.18066 -1.67789
4.63092 0.481806
4.64551 0.295299
4.65793 0.172243
4.65207 0.22601
4.61892 0.992116
4.61767 0.86439
4.61759 0.834511
5.87158 3.28084
5.8254 3.28685
6.83952 2.76342
4.73895 -0.335432
4.75316 -0.403262
5.08005 2.95788
5.11751 3.00663
4.70335 -0.147668
4.72421 -0.26003
5.26102 -1.8093
5.28355 -1.84139
4.72529 2.03322
4.71858 2.0007
5.71407 3.29192
5.6637 3.29
6.50061 -1.80243
6.51595 -1.79103
4.676 1.74429
5.41093 3.22909
5.56889 3.27607
5.16747 3.05994
5.13609 3.0268
7.7929 0.34368
7.76829 0.142746
5.04789 -1.39688
5.08852 -1.49072
4.70309 1.91755
4.68557 1.80847
7.54363 -0.573134
7.5433 -0.573811
4.77345 2.25044
4.78883 2.30708
6.80398 -1.5593
6.88098 -1.48645
7.33344 -0.944172
7.41981 -0.806595
7.40768 2.04006
7.46301 1.93681
7.24114 2.30372
7.26834 2.26477
7.58666 1.66698
7.62013 1.57986
7.72137 1.24577
7.69368 1.3509
7.75909 0.0910021
7.71683 -0.0965853
5.21391 3.10396
5.35731 3.20289
5.61218 3.28497
5.03899 2.90071
5.02791 2.88545
7.79774 0.408948
5.0158 -1.31297
5.11696 -1.5523
5.17207 -1.66289
4.71144 1.96222
4.86186 -0.84592
4.78343 -0.542097
4.82241 -0.696683
5.21125 -1.73219
4.86904 2.55771
4.85953 2.5344
5.02315 2.87804
4.93481 2.71552
4.7488 2.14663
4.73141 2.06437
7.43833 -0.774809
6.0256 3.24865
5.8951 3.27681
6.70108 -1.64872
6.61638 -1.71648
6.53197 -1.77946
7.27524 -1.02979
7.42992 -0.789287
7.80267 0.57005
7.552 1.74855
7.56946 1.70785
4.81666 2.40226
4.82347 2.42542
6.93797 2.66773
7.03487 2.56478
7.80046 0.694417
7.79616 0.771843
7.78206 0.909444
7.77772 0.946669
4.69958 -0.125878
7.15046 2.42676
7.14617 2.43206
7.15366 -1.18942
7.76562 1.02859
7.7414 1.15819
7.48285 1.89733
7.37287 2.10114
7.3273 2.17577
7.15418 2.42199
7.67548 1.41237
7.63594 1.5337
7.79097 0.832521
4.84719 2.49933
6.90681 2.69865
4.65473 1.5702
4.66622 1.67111
5.81933 3.28773
5.75289 3.29109
6.29784 -1.93186
6.30321 -1.92907
5.36189 -1.93577
4.65129 0.233439
4.67769 1.75645
5.63463 3.28769
6.20415 -1.9823
4.97415 -1.19997
4.63802 1.39057
7.07666 -1.28122
4.66999 0.0776699
7.62115 1.577
4.64871 0.262588
6.369 3.10507
4.92713 -1.0602
5.37128 -1.94475
6.47994 3.03964
4.83457 -0.744994
5.43678 -2.00265
6.45416 3.05538
