6.41041 2.2297
6.37296 2.24925
5.79254 2.30114
5.7804 2.29647
6.645 -0.806403
6.64958 -0.802745
7.15416 1.24089
7.15464 1.23939
5.19854 0.990228
5.20408 1.07144
5.44916 -0.52117
5.42778 -0.472617
5.54351 -0.696285
5.56089 -0.724311
5.48025 2.02499
5.46458 1.99866
5.92582 -1.03078
5.83393 -0.991772
6.11573 -1.05419
6.17285 -1.04679
7.11191 -0.13774
7.14532 -0.0484613
5.19959 0.548057
5.20503 0.472781
7.24812 0.43756
7.23788 0.343425
5.98448 2.34449
6.03875 2.34264
6.16546 2.32654
6.19497 2.32047
6.77511 -0.678046
6.80966 -0.638338
6.53297 -0.892978
6.45977 -0.938364
6.9792 -0.401926
6.94779 -0.452687
7.22388 0.956233
7.22073 0.974758
7.24821 0.756801
7.25286 0.696625
5.38687 -0.375542
5.3679 -0.320676
5.25799 1.44611
5.23949 1.35328
5.31274 1.6604
5.3118 1.65706
5.21893 1.22169
5.22599 1.27162
5.38683 1.85335
5.40349 1.88965
5.60538 2.17614
5.58577 2.1576
6.80955 1.88066
6.82935 1.85629
7.04045 1.52062
7.03241 1.53645
6.88826 1.7782
6.93317 1.71018
5.66214 -0.853795
5.72529 -0.914223
5.74128 -0.929336
5.80914 -0.975237
6.31019 -1.01158
6.22688 -1.03648
7.06987 -0.234458
7.05984 -0.256213
7.19044 0.100707
7.20964 0.179785
5.30827 -0.129156
5.30883 -0.131289
5.24457 0.157889
5.26103 0.0751415
5.19251 0.8068
5.19281 0.838078
5.22324 0.301315
5.23904 0.190745
7.25473 0.635287
7.25527 0.588355
7.12175 1.33179
7.12594 1.32002
7.19656 1.08657
7.17856 1.15595
7.21327 1.01486
7.20071 1.07094
7.2191 0.984618
7.23512 0.878369
6.74333 1.96075
6.74324 1.96085
5.29306 -0.0679581
6.57691 2.11477
6.60651 2.09138
6.74341 1.96066
6.6559 2.0462
6.61657 2.08227
6.84204 1.83989
6.87036 1.80343
5.32405 -0.182923
5.32746 -0.194637
6.35614 2.2579
6.3174 2.27591
7.24125 0.834894
5.28386 -0.0294353
5.27815 -0.00463284
5.19267 0.739264
5.1929 0.707772
6.51995 2.1596
6.49119 2.17871
5.68381 2.2418
5.88155 2.32994
6.85355 -0.584509
6.88177 -0.548462
6.55836 -0.874125
6.65103 -0.801506
5.20679 1.10703
5.19554 0.93618
5.47258 -0.571205
5.40843 -0.42763
5.5994 -0.776605
5.52189 -0.659276
5.28354 1.55444
5.27101 1.50253
5.43075 1.94098
5.49293 2.04428
6.9886 1.61749
6.95709 1.67145
5.83278 -0.991225
5.96243 -1.03961
6.21242 -1.04082
6.08297 -1.05313
7.10511 -0.154783
7.15572 -0.0171784
5.2695 0.0338581
5.19604 0.60885
5.20949 0.423591
7.23241 0.304782
7.25056 0.468249
5.9409 2.33941
6.08911 2.34074
6.20694 2.3164
6.30211 2.28296
6.4191 -0.962257
6.34081 -0.998027
5.68113 2.24006
6.73193 -0.722786
6.90688 -0.5138
7.0086 -0.351863
7.08766 1.41833
7.09103 1.41022
5.19334 0.871549
5.21744 1.20945
5.38938 -0.38185
5.36154 -0.301952
5.49469 -0.612066
5.65148 -0.84275
5.34925 1.76164
5.31473 1.66657
5.23614 1.3354
5.53876 2.10318
5.37361 1.82162
7.06605 1.46617
6.87399 1.79849
5.73896 -0.927288
6.02018 -1.05116
7.05713 -0.261531
7.18036 0.0628725
7.217 0.21619
5.33935 -0.233006
5.24057 0.181066
5.19246 0.772935
5.21921 0.333507
5.1937 0.674805
7.25519 0.578938
6.53657 2.14684
6.55167 2.13526
7.25327 0.6852
7.09435 1.40222
7.15363 1.24266
7.1591 1.22416
5.31061 -0.13817
5.30914 -0.132618
7.24262 0.822197
6.4416 2.21008
6.47892 2.18674
