7.57713 0.0412781
7.59001 0.0954385
7.54861 1.25542
7.53999 1.28944
5.32908 -1.40929
5.3629 -1.45724
5.66314 -1.72069
5.66505 -1.72146
5.03664 -0.748966
5.02229 -0.702765
5.49785 -1.61227
5.47399 -1.58822
5.10286 -0.93961
5.13346 -1.02029
6.59491 2.70736
6.5589 2.73432
6.90748 2.42967
6.93253 2.40233
4.79497 0.781415
4.79304 0.835962
5.10314 2.49571
5.1465 2.57558
6.14563 -1.71828
6.15296 -1.71555
7.18147 -0.853207
7.15048 -0.899043
6.15125 2.94445
6.21267 2.92104
5.83852 3.00196
5.94092 2.99378
7.07641 2.22892
7.05166 2.26137
6.41053 2.82747
6.36068 2.85493
7.59162 0.103471
7.61043 0.213657
7.56409 -0.0175066
7.53371 -0.130922
7.48816 -0.265171
7.49329 -0.251674
7.39114 -0.493032
7.36411 -0.549372
7.40679 1.66458
7.40033 1.67912
7.47507 1.49161
7.46835 1.50996
5.53088 2.9402
5.55285 2.94916
5.33415 2.81019
5.34353 2.81844
5.29028 -1.34378
5.26146 -1.29426
4.81734 1.37042
4.82803 1.46934
4.85392 1.65616
4.86083 1.70058
5.83441 -1.76243
5.85001 -1.76492
4.97927 -0.557843
4.97711 -0.549766
5.17676 -1.12116
5.14373 -1.04668
4.90457 1.92411
4.91194 1.9538
4.84668 0.0865257
4.834 0.17953
4.81144 0.390241
4.81133 0.391257
5.20371 2.66096
5.15423 2.58748
4.95208 2.10568
4.97217 2.17421
6.23763 -1.68265
6.30188 -1.65137
7.04246 -1.03965
7.00741 -1.08112
5.73349 2.99553
5.8338 3.00184
6.63313 -1.44122
6.71804 -1.37115
6.43442 -1.57946
6.52133 -1.52278
7.26454 -0.728703
7.26471 -0.72842
7.63315 0.438076
7.62745 0.353743
7.63662 0.621122
7.63708 0.565316
7.61885 0.892512
7.61664 0.91132
4.92692 -0.345407
4.93827 -0.394149
7.09621 -0.971755
7.11295 -0.950392
6.88317 -1.21606
6.84313 -1.25688
7.28751 1.90535
7.2696 1.93821
4.79423 0.966739
4.79438 0.986417
4.80634 0.453405
4.806 0.45776
4.88361 -0.137615
4.8772 -0.102998
7.43168 -0.405739
7.4466 -0.371479
7.53474 1.30857
7.51729 1.3668
7.59733 1.0371
7.59557 1.04768
6.73196 2.59857
6.79208 2.5441
7.17373 2.09328
7.15326 2.12365
7.62837 0.799771
7.6309 0.766105
7.53295 -0.13327
7.53211 -0.135926
7.41225 -0.450131
7.33892 -0.597938
7.36167 -0.554158
7.44213 1.57949
7.49844 1.42524
4.80518 1.23135
4.79901 1.11072
5.65324 -1.71562
5.61211 -1.69438
4.79836 0.592968
4.79643 0.651089
4.7931 0.857232
6.67685 2.64404
6.70394 2.62215
7.57938 1.12781
7.583 1.11224
7.60138 1.01287
7.60991 0.957021
4.90406 -0.245103
4.95121 -0.448032
7.34011 1.80657
7.31237 1.86037
7.43605 1.5946
4.79744 1.04012
4.79824 1.09606
4.80524 1.23226
5.70889 -1.73793
5.72346 -1.74241
4.79896 0.579216
4.802 0.520697
4.79493 0.70697
4.79432 0.725967
5.01423 2.29563
5.02263 2.31788
7.05687 -1.02197
7.06971 -1.00627
7.23295 2.00025
7.20802 2.04047
6.10783 -1.72987
6.04311 -1.74783
6.41864 2.82317
6.46747 2.79389
4.81048 1.29599
4.8057 1.23838
4.96108 -0.487135
7.59078 0.0992467
7.56461 -0.0155436
5.43183 2.88639
5.43795 2.89022
5.30935 -1.37721
5.41725 -1.52818
4.81541 1.35151
4.88088 1.81408
4.88001 1.80936
4.90347 -0.242321
4.90371 -0.243472
5.06031 -0.823194
5.00618 -0.64975
5.53845 -1.64433
5.42423 -1.53726
5.13773 -1.03154
5.0746 -0.863164
6.55284 2.73831
6.62951 2.68211
6.99633 2.33053
6.86395 2.47428
5.14964 2.58071
5.06266 2.41382
6.19902 -1.69718
6.13975 -1.72068
7.13938 -0.913873
7.20846 -0.814399
6.95588 -1.14039
6.97405 -1.12027
6.04869 2.97491
6.2574 2.90376
6.04161 2.97662
5.83676 3.00202
6.53325 -1.51496
6.62286 -1.4489
6.99964 2.32651
7.10342 2.19313
7.63621 0.530096
7.6342 0.458311
6.35686 2.85669
6.41462 2.82538
7.61257 0.228162
7.36924 1.74708
5.63105 2.9756
5.26399 2.73731
7.62658 0.344738
5.23246 -1.24076
5.42196 -1.53445
5.21726 -1.20942
4.83343 1.51192
4.84318 1.58568
4.83862 1.55265
4.87894 1.80321
4.88739 1.84635
5.88908 -1.76451
5.75524 -1.75133
4.97599 -0.545563
5.0688 -0.847243
5.20677 -1.18639
4.93118 2.03175
4.8541 0.0366698
4.83053 0.207256
5.23859 2.70771
5.06006 2.40857
5.05735 2.40251
6.3366 -1.63502
6.9343 -1.16323
7.05231 -1.02773
6.30079 2.88428
6.04684 2.97547
5.68683 2.988
6.04568 2.97578
6.73414 -1.35761
6.41224 -1.59205
6.80777 -1.29008
7.31063 -0.648732
7.26414 -0.729344
7.63591 0.674866
6.63701 2.67643
6.64514 2.67043
4.90206 -0.235479
6.47323 2.79049
7.08886 -0.98147
4.8651 -0.0321686
7.56037 1.21216
7.57708 1.13925
7.50658 1.40204
7.58787 1.08521
7.59839 1.03154
6.81939 2.51869
6.71654 2.61155
6.99808 2.32844
7.20035 2.05239
7.1463 2.13344
7.62476 0.83757
7.63465 0.711254
7.49714 -0.240993
7.45662 -0.347362
7.32934 -0.615852
4.81696 0.329474
4.81788 0.319944
7.62022 0.881563
7.3572 1.77258
7.30531 1.87363
7.26314 1.94952
5.94717 -1.76321
5.96295 -1.76094
4.8244 0.259729
4.98858 2.22507
5.99446 -1.75555
5.55562 -1.65787
5.57393 -1.67156
7.36399 1.75822
5.93563 -1.76402
7.56002 1.21354
4.82336 0.26814
4.81152 0.389111
4.80969 0.410927
5.60414 -1.68957
