4.73175 -1.15991
4.75442 -1.24305
5.413 -2.51313
5.4102 -2.5122
5.02372 -2.03769
5.01159 -2.00832
5.07696 3.43482
5.11218 3.46251
4.65747 -0.878085
4.65059 -0.849977
4.57606 -0.520196
4.55906 -0.437273
5.94938 3.55962
5.92441 3.56561
6.17701 3.47461
6.25699 3.43601
4.60432 2.51998
4.61679 2.57155
4.65763 2.71742
4.66121 2.72835
7.06907 2.81875
7.02299 2.86629
7.18531 2.68904
7.18291 2.69189
7.28831 2.56022
7.31241 2.52796
7.40802 -1.16633
7.45138 -1.10488
6.58206 -2.02324
6.62612 -1.98946
6.93516 -1.7147
7.01342 -1.63822
7.48709 2.26885
7.50466 2.23948
4.83577 -1.51817
4.82571 -1.48422
7.8155 -0.394728
7.81014 -0.409438
4.85091 3.16954
4.82078 3.11724
5.00321 3.36851
5.01357 3.37858
5.30429 3.56471
5.30708 3.56578
5.79666 -2.49217
5.77398 -2.50048
4.90914 -1.73936
4.89432 -1.6981
6.7866 3.08401
6.76941 3.09876
6.52042 3.28406
6.57151 3.24882
4.60285 -0.644333
4.64337 -0.819427
4.94821 -1.8519
4.95561 -1.87021
4.54292 2.23196
4.52881 2.15429
4.50117 1.97733
4.50435 1.9985
7.71245 -0.644394
7.74003 -0.582255
7.59123 -0.878528
7.6163 -0.833826
6.43754 3.3367
6.40086 3.35939
6.92687 2.95965
6.98985 2.90001
7.50886 -1.01658
7.4761 -1.06782
6.76594 -1.87042
6.82179 -1.82211
7.09079 -1.55628
7.02461 -1.62656
7.98264 0.569183
7.98263 0.560643
6.34812 -2.19529
6.41122 -2.15297
6.28448 -2.23969
6.23674 -2.26866
5.49793 3.60908
5.49998 3.60925
4.70107 2.84655
4.72223 2.90471
7.69657 1.86602
7.67841 1.90692
7.97295 0.789462
7.97621 0.748514
4.78231 -1.34006
4.76273 -1.27349
5.41598 -2.5138
7.85284 -0.285374
7.85112 -0.290773
5.06975 -2.13397
5.0733 -2.14189
5.18826 -2.33194
5.14746 -2.27272
6.12482 -2.33903
6.08876 -2.35872
5.24381 -2.39864
5.22234 -2.37489
5.30753 -2.45479
5.27154 -2.42618
4.42705 0.882717
4.42713 0.850053
4.42788 1.00923
4.4275 0.977052
4.44147 1.38141
4.44006 1.35842
4.44996 1.50164
4.44887 1.48672
4.54066 -0.340058
4.55294 -0.405847
4.44905 0.350708
4.45059 0.330963
4.43956 0.487054
4.44108 0.46142
4.4681 0.148236
4.47008 0.130032
5.98477 3.54847
5.8338 3.58806
6.10319 3.50478
6.28939 3.42063
7.9582 0.933262
7.94327 1.03811
7.90331 1.24449
7.91663 1.18505
7.23796 -1.38868
7.18983 -1.44617
7.32849 -1.2744
7.30171 -1.30962
6.67609 -1.94724
6.52686 -2.06733
7.01555 -1.636
6.91803 -1.73192
7.56599 2.13113
7.53166 2.1931
7.40297 2.39954
7.43133 2.35694
7.84169 1.47787
7.86467 1.40006
7.78537 1.64545
7.80743 1.58336
7.88797 1.31124
7.87685 1.35435
5.56004 -2.53678
5.54998 -2.53762
5.65345 -2.5283
5.64122 -2.53108
7.80315 -0.428
4.9545 3.31422
4.96184 3.32327
6.85549 3.0245
6.83807 3.0401
6.63946 3.19963
6.6267 3.20929
6.51136 3.29038
4.47207 1.74782
4.47115 1.73963
4.54955 2.27083
4.51847 2.09198
5.68966 3.60865
5.70964 3.60763
5.78971 3.59594
5.77558 3.59888
6.06371 3.52123
6.39542 3.36234
6.99572 2.89408
6.90915 2.97678
6.48384 -2.0984
6.85254 -1.79295
6.72438 -1.90753
7.10742 -1.53887
6.31498 -2.21851
4.78285 3.04433
4.81244 3.10214
6.0219 -2.39419
6.03837 -2.3863
5.93518 -2.43722
5.93754 -2.4363
4.69294 -1.01456
4.69838 -1.03509
4.45867 1.60799
4.45924 1.61503
4.48761 -0.0136382
4.50161 -0.109341
4.43026 0.690704
4.42926 0.722215
4.43541 0.563602
4.43405 0.591836
4.72277 2.90598
4.74753 2.96456
4.56989 2.37297
4.56913 2.36948
7.18975 -1.44626
7.18968 -1.44635
7.9681 0.846916
7.96606 0.86704
4.64843 -0.840828
4.43278 1.20171
4.4338 1.23105
4.42909 1.07257
4.42977 1.10405
6.18723 -2.30143
5.37044 -2.49422
5.36668 -2.49223
7.8855 -0.173424
4.87107 3.20064
4.91382 3.26301
4.67855 -0.959894
4.68179 -0.97208
6.71819 3.14016
6.69655 3.15672
4.51611 -0.200274
4.52049 -0.227264
7.6325 2.00328
7.62305 2.02258
7.8859 -0.172019
7.90065 -0.115157
7.9765 0.376477
7.97243 0.317771
4.48908 1.88654
4.48695 1.87124
5.33287 -2.47326
7.94509 0.0997665
7.93932 0.0644393
4.51357 2.06214
4.99583 3.3604
4.7564 -1.25043
4.72208 -1.12383
4.86329 -1.60667
4.86292 -1.60545
5.08608 -2.16688
5.10835 -2.20775
4.99899 -1.98011
5.04148 -2.07532
4.92266 3.27504
5.17586 3.50407
5.31122 3.5669
5.40365 3.59315
5.89029 -2.457
5.88287 -2.46042
7.96169 0.215296
7.9586 0.18855
4.43701 1.29454
4.43746 1.32116
4.4272 0.946126
4.42707 0.913553
4.42844 0.786551
4.42703 0.819228
4.44546 1.44167
4.44419 1.42257
4.44389 0.419136
4.44546 0.396197
5.57478 3.61395
5.6002 3.61384
4.50951 2.03686
4.48387 0.0130334
4.48433 0.00948591
7.65507 -0.760816
7.67304 -0.725611
4.59253 2.47247
4.64281 2.66885
4.67288 2.76502
4.64328 2.67054
7.14684 2.73314
7.18994 2.68353
7.9395 1.06122
7.91874 1.17471
7.24381 2.61706
7.35219 2.47351
7.45955 -1.09276
7.37147 -1.2176
7.28413 -1.33141
7.2464 -1.37874
7.52721 2.20088
7.48327 2.27511
7.81476 1.56155
7.83713 1.49278
7.98232 0.584859
7.97977 0.676358
5.60816 -2.53415
5.59576 -2.53613
4.80876 -1.42931
4.8643 -1.60992
7.9155 -0.0554315
7.91514 -0.0570194
5.20996 3.52333
5.19388 3.515
5.49177 3.60817
5.69674 -2.52018
7.91799 -0.0431085
7.96503 0.244238
4.92616 -1.78929
4.96371 -1.89024
4.49542 1.93487
7.68876 -0.694115
7.76289 -0.529356
7.55648 -0.938417
7.35586 -1.23915
7.52356 -0.993292
7.98179 0.477989
4.78933 -1.36333
5.9789 -2.41611
5.98796 -2.41216
5.68641 -2.52319
4.46473 1.67751
4.46487 1.67919
4.43255 0.62699
4.43137 0.65703
4.69405 2.82566
4.7226 2.9056
4.43069 1.137
4.43157 1.16755
4.52685 -0.264373
4.7074 -1.06917
5.49974 -2.53451
5.50382 -2.53493
5.12015 -2.22638
5.19129 -2.33665
5.21714 -2.36967
5.25791 -2.41213
4.4281 1.04055
4.4538 1.55088
4.45468 0.281989
4.43694 0.526638
4.45746 0.251497
4.64297 2.66945
4.57007 2.37374
7.22311 2.64294
7.12322 2.76005
7.96174 0.90532
7.88959 1.30476
7.37647 2.43863
7.18976 -1.44625
7.60369 2.05991
7.57695 2.11095
7.44554 2.33488
7.86621 1.39443
7.77569 1.67191
5.50802 -2.53497
6.75158 3.11323
4.4776 1.79846
4.4667 1.69763
6.06431 -2.37159
5.91666 -2.44547
4.42812 0.754512
4.75955 2.99133
4.68068 2.78747
4.558 2.31364
7.7236 1.80372
7.75377 1.72957
7.67029 1.92456
4.77424 3.02503
7.14379 -1.49843
7.96921 0.836759
4.4349 1.26644
5.39354 -2.50455
5.62539 3.6126
4.98351 -1.94093
7.98091 0.452
4.48025 1.81866
4.47881 1.80751
7.97853 0.704943
6.68089 3.16857
6.82042 3.05568
7.08251 2.80443
7.71399 1.82688
5.19773 -2.34509
7.76496 1.70077
7.77468 -0.500815
6.61512 3.21801
5.71706 3.60724
7.91478 -0.0585447
5.73491 3.60514
