5.44343 -2.36064
5.46989 -2.3699
6.10235 -2.25259
6.18854 -2.20566
5.86232 -2.35426
5.83545 -2.36355
4.95865 -1.6491
4.96382 -1.66237
6.60567 3.14262
6.61706 3.13416
4.6689 -0.66121
4.70716 -0.817126
4.57833 2.0587
4.57032 2.01069
5.89253 3.48467
5.9386 3.47361
4.72471 2.6756
4.73619 2.71066
7.02927 2.7731
7.04772 2.75406
7.16347 2.62286
7.13516 2.65649
7.87019 1.13912
7.88173 1.07679
7.37042 -1.12202
7.37454 -1.11617
7.4506 2.21974
7.46834 2.19006
7.3674 2.35168
7.36597 2.3538
7.78283 1.48341
7.76444 1.54084
7.9243 0.684653
7.92695 0.600744
7.77066 -0.352746
7.7453 -0.422375
5.03447 3.2511
5.10714 3.32263
5.20736 3.39685
5.3028 3.44712
5.70733 -2.39046
5.66408 -2.3963
7.89022 0.110403
7.88103 0.0574613
7.92038 0.366494
7.91738 0.32625
4.91861 -1.53437
4.8997 -1.48021
4.52375 1.64643
4.52723 1.67948
4.504 1.42284
4.50269 1.40836
4.6578 -0.613224
5.09964 -1.9752
5.10536 -1.98537
5.03187 -1.83102
5.02795 -1.82132
4.55974 1.94082
4.56849 1.99916
7.51901 -0.892937
7.57768 -0.788319
5.74324 3.508
5.71694 3.51138
6.167 3.39468
6.14867 3.40156
6.39112 3.28159
6.432 3.25629
6.83357 2.96109
6.88788 2.91234
7.47037 -0.971232
7.51747 -0.895528
6.49311 -2.00558
6.40838 -2.06657
6.62555 -1.90512
6.60875 -1.91843
6.84124 -1.71939
6.80482 -1.75269
7.02131 -1.54248
6.99646 -1.56887
5.26379 -2.22293
5.22797 -2.18145
5.95646 -2.31967
5.93643 -2.32859
5.53636 -2.38901
5.50261 -2.38192
4.48466 0.913485
4.48465 0.912693
4.48969 1.16376
4.48981 1.16748
4.50327 0.407809
4.5051 0.381541
4.54929 -0.0271411
4.54049 0.0412806
4.4893 0.652275
4.48913 0.65609
4.594 -0.301572
4.59161 -0.288428
4.7884 -1.11992
4.76422 -1.03546
4.84114 -1.29854
4.83458 -1.27624
7.80696 -0.242426
7.78755 -0.303457
5.17267 -2.10031
5.18295 -2.11778
6.08775 -2.26056
6.20997 -2.19357
4.64324 -0.545748
5.97204 3.46307
5.82259 3.49866
6.21383 3.37339
6.27957 3.3422
4.69475 2.57624
4.68141 2.53128
4.74397 2.73179
4.76419 2.78509
7.08651 2.71097
7.11995 2.67402
7.26625 2.49336
7.24224 2.52458
6.59234 -1.93062
6.50908 -1.99461
6.94283 -1.62157
6.90117 -1.66297
7.52943 2.08194
7.55941 2.02578
7.83014 1.31668
7.82002 1.35591
7.73111 -0.460023
7.7088 -0.513291
7.69654 -0.542594
6.78318 3.00398
6.7454 3.03552
6.52702 3.19646
6.55381 3.17899
4.5208 1.61531
4.5126 1.52776
4.50917 1.487
4.49998 1.37061
4.49841 1.34827
4.72491 -0.887768
4.83449 2.94973
4.85131 2.98289
4.59249 2.13795
4.61064 2.23275
6.0533 3.43817
6.29881 3.33162
6.50174 3.21359
5.65001 3.51457
5.60604 3.51422
6.92714 2.87462
6.3881 -2.0794
6.77579 -1.77772
6.70728 -1.83759
7.09057 -1.46997
6.2865 -2.14673
5.28081 -2.2434
6.08422 -2.26242
6.03733 -2.28484
4.74801 -0.975687
4.75793 -1.01316
4.4858 1.03902
4.48532 0.976985
4.4846 0.850751
4.4846 0.84922
4.49236 1.23625
4.49195 1.22594
4.4879 1.10398
4.49551 0.517946
4.49956 0.460468
4.50938 0.330006
4.52115 0.204429
4.53159 0.10924
4.55675 -0.0781281
4.48672 0.723436
4.48686 0.719029
4.4921 0.590891
4.77618 2.8143
4.7878 2.84408
4.63688 2.35285
4.64081 2.37095
7.65928 1.81584
7.66706 1.79767
7.15186 -1.40047
7.15137 -1.40104
7.31738 -1.19381
7.29037 -1.22952
7.90948 0.883764
7.90737 0.904435
7.82348 -0.185797
5.37688 -2.32496
5.42231 -2.3515
4.7335 -0.921108
4.7465 -0.969931
4.48586 1.04048
4.48587 1.04198
6.70878 3.06511
6.67389 3.09118
4.61416 -0.40608
4.59483 -0.30609
4.49523 0.525689
4.49466 0.532908
4.58845 2.11712
4.59024 2.12647
4.56278 -0.11598
4.57576 -0.195974
4.62097 2.28049
4.62762 2.31166
4.61487 2.25236
7.7076 1.69793
7.72577 1.65106
7.83968 -0.128756
7.84008 -0.127241
7.66016 -0.622898
7.64422 -0.658007
4.91733 3.09879
4.94594 3.1414
5.55037 3.50956
5.49649 3.50407
4.55822 1.92948
4.5502 1.87188
7.36276 -1.13276
7.91978 0.768471
7.92281 0.728482
5.34646 -2.30253
5.35603 -2.31116
5.28554 -2.24898
4.51741 1.57871
4.51483 1.55116
4.62282 -0.448729
4.87329 3.0233
4.9081 3.08472
4.51345 0.283621
4.51519 0.264761
4.81446 -1.20945
4.7988 -1.1556
5.48941 -2.37776
5.00792 3.22175
4.98334 3.19206
5.3317 3.45869
5.39965 3.4821
5.81297 -2.36897
5.88596 -2.34739
7.90823 0.235711
7.903 0.193281
4.93116 -1.5716
4.96692 -1.66986
5.03545 -1.83988
5.06779 -1.90861
4.5686 2.00003
4.57909 2.06281
7.58484 -0.774828
7.63364 -0.679194
7.62164 1.89876
7.60672 1.93054
4.65921 2.44897
4.65533 2.43332
4.74052 2.72286
4.72207 2.66696
7.1253 2.66786
7.17813 2.60543
7.85451 1.21508
7.89195 1.01419
7.42098 -1.04732
7.49057 2.15159
7.41868 2.272
7.32351 2.41455
7.37265 2.34376
7.75546 1.56713
7.79337 1.4495
7.92678 0.543796
7.92354 0.711701
5.5791 -2.39572
5.58291 -2.39592
7.86737 -0.0103706
7.85404 -0.0692107
5.1119 3.3266
5.20536 3.39565
5.48585 3.50151
5.757 -2.38352
5.58756 -2.39587
7.92559 0.456907
4.87311 -1.40064
4.86894 -1.38846
4.99936 -1.75166
5.11534 -2.00275
4.55902 1.93552
7.67581 -0.589293
7.51855 -0.893725
7.44963 -1.00416
7.92678 0.492042
5.91011 -2.33779
5.98689 -2.3077
4.8106 2.89818
4.81258 2.90304
7.9156 0.825508
7.91402 0.842081
4.76269 -1.03015
4.85994 -1.36083
5.20157 -2.14566
5.14295 -2.053
4.6536 2.42571
4.70973 2.62784
7.20126 2.57672
7.05916 2.74188
7.90218 0.942759
7.84429 1.25996
7.30868 2.43537
7.09992 -1.45946
7.14841 -1.40443
7.56713 2.01072
7.51524 2.10798
7.40956 2.28646
7.8077 1.39993
7.73334 1.63003
4.53115 1.71875
4.53636 1.76427
4.49485 1.30167
4.85637 2.99309
4.81737 2.91398
5.67818 3.5142
5.5982 3.51421
6.00179 -2.3004
4.48438 0.787121
4.49409 1.2882
4.48989 1.17132
4.86675 -1.38218
4.51699 0.243722
4.53336 0.0946148
4.4844 0.785802
4.48894 0.659678
7.20813 -1.33364
7.0947 -1.46538
7.91649 0.816982
6.55755 3.17638
7.69287 1.7353
4.91123 3.0897
4.54885 1.86126
4.54195 1.8078
4.96878 3.17219
7.65203 1.83271
7.57562 1.99402
4.49447 1.29454
4.52966 1.70558
4.50529 1.43967
4.53953 1.78971
4.48439 0.786469
4.48467 0.914293
5.21903 -2.17068
7.22042 -1.31847
7.2635 -1.26461
6.63817 3.1183
5.70522 3.51276
7.84045 -0.125732
