7.64716 -0.237136
7.65273 -0.219864
7.56746 -0.451134
7.56432 -0.458482
7.75426 0.237689
7.75784 0.266404
4.65292 1.13882
4.6496 1.07068
5.11103 -1.44317
5.08507 -1.38492
5.04604 -1.29177
5.0143 -1.20618
4.68281 1.5499
4.68302 1.55193
4.72334 1.84319
4.72834 1.87279
6.079 -1.9869
6.00481 -2.01415
5.32254 -1.80674
5.30847 -1.79005
4.65251 0.624408
4.6555 0.550193
7.08811 -1.22099
7.1148 -1.18985
6.66151 2.86898
6.7266 2.81772
6.45516 -1.78883
6.40696 -1.82126
6.81958 -1.50093
6.80812 -1.51194
7.36288 -0.844579
7.31636 -0.918908
7.42773 1.94509
7.39524 2.00569
7.71045 -0.0077713
7.71525 0.0135909
5.31541 3.1175
5.30084 3.10729
5.51434 3.21135
5.54132 3.21846
5.12179 2.93647
5.13325 2.95038
5.14362 -1.51555
5.16582 -1.55854
4.65954 1.27243
4.66089 1.2953
4.69004 1.61223
4.69053 1.6161
5.87734 -2.04074
5.80544 -2.04984
5.58865 -2.01471
5.61529 -2.0266
4.88181 -0.796887
4.87867 -0.786133
4.83681 -0.6278
4.8226 -0.571336
5.44732 -1.93531
5.47968 -1.9572
4.64786 0.751803
4.64716 0.78382
4.95938 2.66859
4.92956 2.60463
4.86366 2.43058
4.85977 2.42007
6.20931 -1.93208
6.21974 -1.92651
4.76604 2.07116
4.77797 2.12514
7.44903 -0.696948
7.48515 -0.626849
6.13858 3.1679
6.14522 3.16509
6.39762 3.04562
6.41964 3.0338
5.87562 3.23494
5.94331 3.22261
6.58893 2.92467
6.80096 2.75372
6.7456 2.80248
6.60583 -1.68163
6.68186 -1.62063
6.53396 -1.73412
6.56343 -1.71302
7.26303 -0.995488
7.31355 -0.923188
7.7744 0.491063
7.77408 0.479205
5.30078 -1.78077
5.25665 -1.71548
7.00702 -1.31424
6.94763 -1.37533
4.77887 2.12889
4.8038 2.22657
7.77383 0.672595
7.77076 0.739918
4.71015 -0.000429447
4.70887 0.00799505
5.37275 -1.86631
5.40932 -1.90077
7.68096 -0.124473
7.61215 -0.33845
7.55967 -0.469072
7.58749 -0.401519
5.98359 -2.0188
6.10744 -1.97748
5.70905 -2.04663
5.63655 -2.03151
7.06658 2.48249
7.06309 2.48658
7.14086 -1.15803
7.15921 -1.1352
7.02455 -1.29545
7.03209 -1.28712
6.25186 3.12109
6.30037 3.09675
7.34981 2.08412
7.38871 2.01757
7.26647 2.21586
7.28919 2.18144
7.17454 2.34693
7.17777 2.34275
7.61927 1.4988
7.64457 1.42228
7.67134 1.33162
7.66603 1.35003
7.71135 1.16557
7.69627 1.23352
7.76725 0.788665
7.76193 0.849874
7.60934 -0.346029
6.56392 2.94177
6.51561 2.97405
4.6714 1.43533
4.67043 1.42361
5.90415 -2.03826
5.75455 -2.04751
5.52459 -1.98698
5.50293 -1.97314
4.88033 2.47824
6.20817 3.13966
6.33636 3.07917
6.82781 2.73029
6.37431 -1.84046
6.33112 -1.86657
6.91084 -1.41322
4.64767 0.944806
4.64726 0.913295
4.65505 1.19451
4.65392 1.16729
4.9513 -1.02752
4.98177 -1.11534
5.23159 -1.67738
5.23382 -1.68073
5.30541 -1.78648
4.66759 0.372978
4.6646 0.414088
4.6922 0.12717
4.69096 0.136871
4.64989 0.684156
4.65114 0.653454
4.83976 2.35417
4.8429 2.3652
6.89161 2.66961
6.93894 2.62266
7.74395 0.987804
7.73889 1.02297
6.16841 -1.9495
4.64954 1.04029
4.67651 1.48777
4.65764 0.523046
4.98372 2.71997
5.0156 2.779
7.02061 -1.29983
7.47556 1.84931
7.51043 1.77499
5.77024 3.24281
5.80314 3.24107
6.86296 -1.45949
7.57529 1.62081
7.55697 1.66694
6.57672 2.93333
4.66223 1.3155
4.66544 1.35946
4.92094 -0.928893
4.90478 -0.875369
4.94819 -1.01832
4.65854 0.497819
4.67625 0.276418
4.6853 0.188109
4.68326 0.206857
4.64813 1.00904
4.647 0.88139
4.64683 0.816555
5.87437 3.23518
5.87305 3.23535
6.08469 3.18604
6.07593 3.18863
6.86284 2.69788
4.76606 -0.320088
4.78729 -0.421426
4.71136 1.7649
4.70814 1.74444
4.74329 -0.199532
4.75842 -0.281025
4.76318 2.05675
4.75169 2.00103
5.66675 3.24005
5.65259 3.2382
4.95006 -1.02399
5.41431 3.17371
5.43562 3.18166
5.21014 3.03317
5.20498 3.02772
7.76746 0.367493
7.73883 0.131695
5.04913 -1.29923
5.12378 -1.47259
4.73287 1.90023
4.71798 1.80861
4.81789 2.27809
4.82547 2.30604
6.77447 -1.54131
6.82824 -1.49289
7.31446 -0.921809
7.38296 -0.812012
7.38968 2.01584
7.43281 1.93536
7.22313 2.2795
7.23455 2.26315
7.5899 1.5827
7.69261 1.24848
7.67196 1.32942
7.77554 0.582362
7.77538 0.557492
7.73552 0.113066
7.6869 -0.102557
5.21778 3.04041
5.4084 3.17083
5.61531 3.23367
5.17997 3.00057
5.06696 2.86095
7.76976 0.39845
5.18625 -1.59539
5.04794 -1.29645
5.21163 -1.64256
4.69736 1.67056
4.68526 1.57236
4.70049 1.69239
4.74879 1.98541
4.86766 -0.748161
4.89639 -0.84717
4.81163 -0.526132
4.86019 -0.719869
4.92261 2.58664
4.89278 2.51354
5.02866 2.80139
4.97017 2.69333
4.77864 2.12803
4.76474 2.06471
7.43243 -0.727086
7.5085 -0.580108
6.03189 3.20193
5.9723 3.21577
5.87481 3.23511
6.70653 -1.60071
6.58469 -1.69716
6.50599 -1.75506
7.23486 -1.03573
7.21112 -1.06861
7.40996 -0.765769
7.77555 0.587093
7.52087 1.75148
7.54849 1.6871
4.78801 -0.42465
6.96283 2.59786
7.00212 2.55549
7.77548 0.594293
7.76954 0.761856
7.75276 0.927862
7.7517 0.936908
4.70122 0.0612277
4.72733 -0.110169
4.73239 -0.13959
7.05356 2.49742
7.12499 2.41033
7.16992 -1.12173
7.71797 1.13503
7.73438 1.04823
7.4644 1.87249
7.34059 2.09958
7.30875 2.15081
7.18556 2.33222
7.64676 1.41507
7.61462 1.51261
7.75519 0.908592
6.47505 3.00057
6.43791 3.0228
4.85414 2.40272
6.87223 2.68884
4.68317 1.55365
5.82223 3.24018
5.72945 3.2429
6.22943 -1.92124
6.30878 -1.87999
5.35484 -1.8452
4.67878 0.249374
6.12493 3.17272
5.69415 3.2422
5.71839 3.24316
4.9974 -1.16052
4.66932 1.41001
4.69322 0.119616
7.6092 1.5285
4.67765 0.262117
4.89055 2.50721
6.36397 3.06497
5.42593 -1.91665
7.5217 -0.552592
6.5017 2.98322
4.86253 -0.729164
