6.40657 2.28146
6.39458 2.28772
7.18569 1.24205
7.1933 1.21833
5.16667 1.00991
5.16952 1.05171
5.38099 -0.463192
5.41486 -0.540112
5.50618 -0.716902
5.55588 -0.797075
5.44266 2.04928
5.39672 1.97212
5.5618 2.20429
5.58036 2.22347
7.15096 -0.126246
7.17083 -0.0731562
5.23116 0.0486335
5.22914 0.0589044
5.16806 0.53014
5.17067 0.493996
7.27683 0.408972
7.27075 0.353102
6.71532 2.04108
6.75695 1.99784
6.03483 2.39599
5.98053 2.39785
6.19122 2.37118
6.12027 2.38578
5.73326 2.33266
5.77571 2.35358
6.76182 -0.74862
6.83577 -0.663618
6.52187 -0.951938
6.49255 -0.970111
6.75723 -0.753188
6.67681 -0.829108
7.03281 -0.380529
6.97304 -0.477131
7.26109 0.919185
7.25145 0.97589
7.27906 0.768078
7.27811 0.780262
5.34025 -0.350559
5.32943 -0.319283
5.61898 -0.876966
5.56158 -0.80448
5.22499 1.46744
5.21914 1.4381
5.28049 1.68124
5.26625 1.63106
5.18812 1.2416
5.20078 1.33118
5.35209 1.8758
5.38998 1.95838
6.8334 1.9085
6.86502 1.86959
6.95601 1.73685
6.91724 1.79558
7.0634 1.54742
7.07495 1.5234
5.9218 -1.0892
5.98218 -1.10115
5.73693 -0.99254
5.77733 -1.01986
6.11196 -1.10902
6.04763 -1.10894
6.30651 -1.065
6.27784 -1.07357
7.03565 -0.375521
7.08439 -0.279984
7.22618 0.111226
7.23651 0.153773
5.26602 -0.100638
5.27403 -0.131073
5.15969 0.827066
5.15981 0.838859
5.19303 0.284148
5.20322 0.212865
6.61218 2.13753
6.60246 2.1461
7.28476 0.66487
7.28562 0.589473
7.14541 1.35941
7.1675 1.29738
7.20545 1.17682
7.215 1.14152
7.24644 1.00607
7.26682 0.879537
5.29213 -0.20106
5.2873 -0.183422
5.25784 -0.0677393
6.53047 2.201
6.54404 2.19093
6.80605 1.94159
6.77307 1.97996
6.67019 2.08518
6.64991 2.10378
5.35696 -0.39803
5.37272 -0.441643
6.35232 2.30945
6.33958 2.31537
7.26994 0.8574
5.25289 -0.0470303
5.24309 -0.00441495
5.15993 0.720665
5.16002 0.70855
5.87707 2.38573
5.90968 2.38958
6.63953 -0.862546
6.588 -0.902825
6.92329 -0.55144
6.90776 -0.573621
5.1752 1.12653
5.16149 0.916743
5.4489 -0.612822
5.37446 -0.446383
5.55774 -0.799605
5.46724 -0.650266
5.25095 1.57549
5.22733 1.47759
5.39319 1.96524
5.48699 2.11674
5.63746 2.27141
5.52038 2.15671
7.01228 1.64514
7.00561 1.65658
5.82864 -1.0514
5.88799 -1.07656
6.20874 -1.09429
6.15143 -1.10294
7.12996 -0.178849
7.19309 -0.00617833
5.22866 0.0614194
5.16224 0.629718
5.17864 0.406063
7.26003 0.277281
7.2823 0.477589
5.86165 2.38154
6.08526 2.39283
6.26383 2.3465
6.2983 2.33439
6.40829 -1.01961
6.38506 -1.03023
5.67619 2.30032
6.89155 -0.595216
6.76027 -0.750224
7.03475 -0.377185
7.11041 1.4449
7.1243 1.41145
5.16064 0.891741
5.1817 1.18905
5.31225 -0.268684
5.35059 -0.380446
5.45816 -0.63224
5.64686 -0.909865
5.31407 1.78437
5.31031 1.77401
5.20448 1.35585
5.49729 2.12998
5.31672 1.7909
7.02788 1.6163
6.89681 1.82514
5.69034 -0.951423
6.01627 -1.10796
7.09882 -0.249259
7.20654 0.0375228
7.25115 0.226244
5.30673 -0.251541
5.21088 0.164199
5.15961 0.773712
5.18413 0.355165
5.16129 0.656391
7.28528 0.548978
6.57184 2.16959
6.61999 2.13087
7.28397 0.686332
7.138 1.37844
7.17722 1.27021
7.23146 1.08084
7.23327 1.07214
7.23618 1.05936
5.29954 -0.228337
5.27847 -0.150047
6.51605 2.21224
6.86647 1.86765
7.2775 0.787476
6.48421 2.23264
7.28347 0.700908
6.86617 1.86806
6.49938 2.22315
