7.64428 -0.234439
7.64872 -0.220664
7.56447 -0.448331
7.55974 -0.459397
7.75105 0.240688
7.75409 0.264996
4.65685 1.1411
4.65331 1.06852
5.11874 -1.44797
5.08961 -1.38259
5.0458 -1.27776
5.01846 -1.20404
4.72722 1.84093
4.7326 1.87281
6.07372 -1.98206
6.00594 -2.00697
5.34659 -1.82459
5.3179 -1.79056
4.65619 0.626546
4.65937 0.547816
7.0847 -1.21891
7.11319 -1.18568
6.66007 2.8646
6.72145 2.81626
6.44449 -1.79013
6.40768 -1.81489
6.81597 -1.49873
6.80885 -1.50557
7.36034 -0.84159
7.31911 -0.907483
7.42535 1.94189
7.40291 1.98376
7.70743 -0.00494794
7.71143 0.0128282
5.31588 3.10975
5.30692 3.10347
5.51478 3.20421
5.54947 3.21335
5.12237 2.92704
5.13876 2.94693
5.1434 -1.50272
5.17088 -1.55594
4.66357 1.27493
4.66477 1.29532
4.69394 1.60996
4.69471 1.61611
5.87013 -2.03413
5.80664 -2.04217
5.56982 -1.99743
5.61659 -2.01831
4.88736 -0.800633
4.88318 -0.786296
4.84046 -0.625737
4.82752 -0.574358
5.44868 -1.9266
5.49516 -1.95802
4.65161 0.753976
4.65096 0.783758
4.96708 2.67275
4.93402 2.60183
4.87032 2.43418
4.8641 2.41736
6.21006 -1.92547
6.21547 -1.92258
4.7699 2.06875
4.77729 2.1022
7.44431 -0.69789
7.48433 -0.620213
6.39439 3.04186
6.41899 3.02865
5.88292 3.22781
5.94072 3.21728
6.59162 2.91712
6.79606 2.75233
6.74414 2.79806
6.60656 -1.67528
6.67777 -1.61813
6.52974 -1.73155
6.55402 -1.71417
7.26044 -0.992431
7.30828 -0.923963
7.77084 0.489727
7.77061 0.481384
5.30221 -1.77162
5.2623 -1.71258
6.99664 -1.31917
6.94411 -1.37319
4.78454 2.13242
4.80792 2.224
7.77026 0.671254
7.76673 0.748481
4.71458 -0.00314939
4.71257 0.0100893
5.37416 -1.8573
5.42096 -1.90139
7.67801 -0.12171
7.60805 -0.339267
7.55273 -0.475345
7.59462 -0.373613
5.97748 -2.01319
6.10853 -1.97054
5.71029 -2.03868
5.65391 -2.02693
7.06709 2.4756
7.05963 2.48435
7.13264 -1.16193
7.15756 -1.13092
7.02285 -1.29106
7.03414 -1.2786
6.2512 3.11584
6.29356 3.09458
7.34734 2.0808
7.38442 2.01736
7.26408 2.21265
7.28481 2.18123
7.16796 2.34895
7.17442 2.34058
7.61544 1.49916
7.64177 1.41951
7.66738 1.33199
7.65393 1.37857
7.70756 1.16593
7.69322 1.2305
7.7648 0.775301
7.75844 0.848563
7.60652 -0.343394
6.55801 2.94009
6.51256 2.97046
4.67511 1.43317
4.67431 1.42363
5.9053 -2.03088
5.74568 -2.03937
5.52593 -1.97843
5.51109 -1.96895
4.897 2.51047
6.13851 3.16235
6.20468 3.13561
6.33304 3.0753
6.82636 2.72589
6.36935 -1.83743
6.31864 -1.86809
6.91158 -1.4067
4.65146 0.942603
4.65107 0.91329
4.6588 1.19233
4.65777 1.16728
4.95746 -1.03134
4.98586 -1.11324
5.23303 -1.66821
5.24166 -1.68115
5.31166 -1.78327
4.6712 0.375069
4.66854 0.41167
4.69571 0.129154
4.69504 0.134364
4.65378 0.68177
4.65493 0.653392
4.84569 2.35785
4.84774 2.36507
6.87148 2.68382
6.93443 2.62138
7.73997 0.990302
7.73546 1.02169
6.16373 -1.9452
4.65325 1.04029
4.68043 1.48779
4.66132 0.522986
4.98447 2.70946
5.02041 2.77598
7.01696 -1.29761
7.47139 1.8497
7.50799 1.77171
5.77063 3.23651
5.80016 3.23494
6.85928 -1.45724
7.5738 1.61476
7.55293 1.66732
6.57521 2.92875
4.66596 1.31333
4.66934 1.35947
4.92475 -0.926787
4.91037 -0.879139
4.94901 -1.0064
4.66215 0.499912
4.68027 0.27395
4.68888 0.190183
4.68733 0.204354
4.65194 1.01126
4.65083 0.883612
4.65065 0.814209
6.08505 3.18006
6.07344 3.18349
6.86589 2.68931
4.7696 -0.318083
4.78825 -0.407101
4.71603 1.7678
4.71235 1.74446
4.7496 -0.212183
4.76289 -0.283769
4.76813 2.05982
4.75601 2.00108
5.66716 3.23338
5.6491 3.23103
4.95407 -1.02177
5.41475 3.16645
5.41156 3.16462
5.21572 3.02967
5.21398 3.02783
7.76413 0.370605
7.73498 0.130251
5.05659 -1.30387
5.12839 -1.47022
4.73676 1.89796
4.72222 1.80863
4.82369 2.28171
4.83026 2.3059
6.7706 -1.53896
6.82135 -1.49373
7.31178 -0.918653
7.37815 -0.812719
7.38718 2.01247
7.42886 1.93517
7.22078 2.27633
7.23014 2.26293
7.58595 1.58307
7.68873 1.24884
7.66894 1.32644
7.77181 0.580964
7.77153 0.536464
7.73244 0.11595
7.68299 -0.103337
5.21829 3.0321
5.41511 3.16662
5.61572 3.22697
5.20557 3.01871
5.07206 2.85775
7.7661 0.397078
5.19617 -1.60156
5.05242 -1.29415
5.2168 -1.6399
4.70126 1.66829
4.68698 1.55195
4.70513 1.69527
4.75367 1.98844
4.8685 -0.735671
4.9009 -0.847334
4.81532 -0.524046
4.86513 -0.7229
4.92961 2.59042
4.89712 2.51081
5.02938 2.79137
4.97479 2.69043
4.78272 2.12549
4.7691 2.06476
7.43166 -0.72085
7.50391 -0.581025
6.13785 3.16259
6.03226 3.19593
5.96454 3.21167
5.87195 3.22921
6.70726 -1.59434
6.58036 -1.69453
6.5067 -1.7488
7.22958 -1.0365
7.20858 -1.06561
7.40735 -0.762695
7.77184 0.589428
7.51681 1.75186
7.54575 1.68439
4.79288 -0.427636
6.9662 2.5884
6.99784 2.55427
7.77171 0.602312
7.76606 0.760551
7.74893 0.930269
7.7483 0.935633
4.70055 0.093742
4.731 -0.108087
4.7369 -0.142359
7.03926 2.50751
7.12166 2.40818
7.1721 -1.11262
7.71491 1.132
7.73025 1.05082
7.46198 1.86924
7.33627 2.09938
7.30632 2.14755
7.18999 2.31953
7.64301 1.41543
7.61184 1.50986
7.75037 0.918843
6.4744 2.99544
6.43189 3.02089
4.85508 2.38959
6.86771 2.68756
5.82262 3.23389
5.72639 3.2366
6.22049 -1.91985
6.30951 -1.87358
5.36433 -1.8457
4.68237 0.251456
4.68634 1.54612
5.7021 3.23612
5.71878 3.23678
5.00044 -1.15537
4.67341 1.41255
4.69625 0.125097
7.60763 1.52216
4.68143 0.262055
4.8971 2.51075
6.36331 3.05973
5.43308 -1.91298
7.51883 -0.549908
6.49576 2.98154
4.86619 -0.727095
