5.97793 2.42624
5.97842 2.42628
7.2025 1.24267
7.21392 1.2071
5.14967 1.02041
5.15108 1.04118
7.28983 0.826898
7.29314 0.792053
5.37798 -0.508013
5.39657 -0.550215
5.48626 -0.727897
5.51627 -0.776301
5.2083 1.47822
5.21602 1.51398
5.42261 2.06223
5.39336 2.0131
5.53989 2.21845
5.57758 2.25738
7.17179 -0.120116
7.18443 -0.0863268
5.22437 -0.00410698
5.21199 0.059011
5.15124 0.520585
5.15234 0.505311
7.29215 0.393726
7.28829 0.358263
6.70033 2.08396
6.76421 2.01763
6.18921 2.39823
6.15651 2.40496
6.40454 2.30887
6.40598 2.308
5.70275 2.34888
5.77325 2.38363
6.80195 -0.731981
6.84969 -0.6771
6.51595 -0.983383
6.51004 -0.987042
6.75544 -0.782514
6.69126 -0.843101
7.02339 -0.430557
6.98651 -0.490168
7.28094 0.899426
7.26783 0.976494
5.31382 -0.332724
5.30892 -0.318541
5.59693 -0.889145
5.55333 -0.834091
5.26328 1.69235
5.24196 1.61719
5.17168 1.25222
5.18127 1.32005
6.30454 -1.09347
6.30489 -1.09331
5.33356 1.88777
5.35805 1.94114
6.84612 1.92335
6.85373 1.91398
6.9682 1.75107
6.94429 1.78729
7.07515 1.56113
7.09647 1.5168
5.91971 -1.11962
5.99579 -1.13467
5.73461 -1.02625
5.74725 -1.0348
6.10999 -1.13763
6.03221 -1.13755
7.05831 -0.368849
7.09728 -0.292467
7.24524 0.116836
7.25083 0.1399
5.24348 -0.0854284
5.25546 -0.130957
5.14219 0.837874
5.1422 0.839275
5.17692 0.274993
5.18411 0.224662
6.62944 2.14866
6.60037 2.17426
7.30114 0.648559
7.30181 0.59007
7.18831 1.28911
7.18966 1.28531
7.21837 1.1919
7.23493 1.13066
7.26103 1.01751
7.28372 0.88016
5.27598 -0.210239
5.26439 -0.167963
5.23906 -0.0676226
6.54892 2.2129
6.58181 2.18851
6.83953 1.93132
6.78893 1.9902
6.43643 2.28901
6.40729 2.30717
6.67781 2.10597
6.66769 2.11525
5.34009 -0.407344
5.35222 -0.440901
7.28524 0.869403
5.23638 -0.0564142
5.22456 -0.00506852
5.14248 0.710745
5.14249 0.708964
5.28996 -0.260973
5.28895 -0.257421
5.97898 2.42625
5.87497 2.41408
6.63342 -0.894985
6.60381 -0.918131
6.95581 -0.536022
6.9207 -0.58615
5.15836 1.13693
5.14333 0.906376
5.41524 -0.590106
5.35766 -0.455664
5.53776 -0.810639
5.46446 -0.69059
5.23357 1.58672
5.20587 1.46534
5.37485 1.97709
5.46506 2.12684
5.61306 2.28717
5.48392 2.15415
7.02974 1.64918
7.02662 1.65501
5.82643 -1.08347
5.85213 -1.09436
6.20677 -1.1228
6.18355 -1.12631
7.14322 -0.191684
7.21302 -0.000311639
5.20897 0.074705
5.22441 -0.00429889
5.14421 0.640847
5.16219 0.396714
7.27477 0.262614
7.29922 0.482571
5.82566 2.40068
6.08327 2.4197
6.29417 2.36256
6.29627 2.36182
5.67356 2.33234
6.77373 -0.763254
6.88406 -0.634953
6.4539 -1.02003
7.04732 -0.389349
7.12255 1.45907
7.14205 1.4121
5.1432 0.90251
5.16265 1.17817
5.29467 -0.276581
5.33007 -0.379703
5.44009 -0.642214
5.64443 -0.945202
5.18823 1.36636
5.29016 1.77595
5.29661 1.79565
6.40308 -1.04954
6.30228 -1.09417
5.30678 1.8235
5.47619 2.14361
6.40831 -1.0466
7.01138 1.68119
6.90861 1.83891
7.02428 1.65915
5.6644 -0.964295
6.01423 -1.1376
7.12059 -0.242852
7.22051 0.0240029
7.26937 0.231606
5.19505 0.155204
5.14209 0.774126
5.16543 0.366716
5.14401 0.646571
7.30133 0.533
6.59064 2.18173
6.65276 2.12877
7.29974 0.686913
7.18981 1.2849
7.16072 1.36607
7.24436 1.0959
7.24918 1.07273
7.25695 1.03868
5.28727 -0.251826
5.26211 -0.159343
6.51399 2.24015
7.29509 0.769962
6.88422 1.87308
6.32025 2.35077
6.50694 2.24466
6.35133 2.33628
7.15788 1.37397
7.29883 0.712963
6.87802 1.88189
6.5103 2.24256
