5.95043 2.44087
5.97718 2.44302
7.21301 1.24306
7.22641 1.2013
5.13904 1.02697
5.13956 1.03461
7.29635 0.862504
7.30236 0.799286
5.3761 -0.536026
5.38513 -0.556529
5.47382 -0.73477
5.48908 -0.759392
5.19827 1.48469
5.21419 1.55844
5.41007 2.07033
5.39126 2.03872
5.5262 2.2273
5.57584 2.27858
7.1848 -0.116285
7.19293 -0.0945584
5.21203 0.00422092
5.20127 0.0590776
5.13216 0.713547
5.13224 0.709207
5.14073 0.514613
5.14089 0.512383
7.30172 0.384196
7.29925 0.361489
6.69096 2.11076
6.76874 2.03
6.18796 2.41513
6.17917 2.41694
6.40334 2.32506
6.41249 2.31958
5.68368 2.35902
5.77171 2.40241
6.82924 -0.71904
6.85839 -0.685526
6.75148 -0.803522
6.70029 -0.851846
7.0175 -0.461825
6.99492 -0.498316
7.29334 0.887077
7.27807 0.976871
5.29731 -0.321578
5.2961 -0.318076
5.58314 -0.896756
5.55175 -0.857108
5.25253 1.6993
5.22678 1.60852
5.16141 1.25885
5.16907 1.31308
6.3026 -1.11052
6.31682 -1.10425
5.32198 1.89525
5.33809 1.93036
6.52166 -0.995705
6.51173 -1.00265
6.97581 1.75997
6.9612 1.7821
7.08249 1.5697
7.10992 1.51268
5.9184 -1.13864
5.96803 -1.14845
5.73318 -1.04706
5.72915 -1.04378
6.10876 -1.15552
6.05683 -1.15546
7.07248 -0.364679
7.10534 -0.300269
7.25715 0.120342
7.25979 0.131229
5.2294 -0.0759223
5.24386 -0.130885
5.16685 0.26927
5.17217 0.232035
6.64022 2.15562
6.60453 2.18705
7.31138 0.638364
7.31193 0.590443
7.22805 1.19537
7.24738 1.12388
6.51953 2.25204
6.52593 2.24728
7.27014 1.02467
7.29428 0.88055
5.25482 -0.1756
5.26588 -0.215976
5.22732 -0.0675496
5.13298 0.908819
5.1329 0.904648
6.56046 2.22035
6.59908 2.19169
6.84495 1.94295
6.79885 1.9966
6.51274 2.25697
6.42077 2.31431
5.13181 0.834774
5.13188 0.844236
6.68257 2.11896
6.6788 2.12242
5.13609 0.973798
5.32955 -0.413165
5.33941 -0.440437
7.2948 0.876905
5.22606 -0.0622792
5.2205 -0.0381353
5.28012 -0.266407
5.27746 -0.257005
6.00722 2.4412
5.87366 2.4318
6.21911 2.40454
6.29508 2.37787
6.62961 -0.915259
6.61369 -0.927698
6.97613 -0.526385
6.92878 -0.59398
5.14783 1.14343
5.3942 -0.575909
5.34715 -0.461464
5.52542 -0.817453
5.46273 -0.715792
5.22271 1.59374
5.19325 1.45814
5.36339 1.9845
5.43739 2.1119
5.59781 2.29703
5.48207 2.17661
7.04371 1.64489
7.03666 1.65809
5.82506 -1.10351
5.82972 -1.10548
6.20555 -1.14062
6.20362 -1.14092
7.15151 -0.199706
7.22548 0.00335504
5.19667 0.0830084
5.21378 -0.00423283
5.13359 0.647404
5.13183 0.774369
5.13901 0.543944
5.15191 0.390872
7.28397 0.253447
7.3098 0.485684
5.80316 2.41264
6.08202 2.4365
5.67192 2.35235
6.78207 -0.771322
6.87938 -0.659789
6.55202 -0.973497
7.05517 -0.396952
7.13014 1.46793
7.15315 1.41251
5.15073 1.17137
5.29258 -0.307718
5.31725 -0.379239
5.4288 -0.648449
5.64291 -0.967287
5.17807 1.37292
5.27425 1.76687
5.28595 1.80254
6.40114 -1.06667
6.21347 -1.13825
5.30437 1.85297
5.46377 2.15164
6.42202 -1.05496
7.00221 1.71724
6.91599 1.84752
7.03137 1.66743
5.64819 -0.97234
6.01299 -1.1556
5.78377 -1.07813
5.69433 -1.01305
7.13419 -0.238847
7.22924 0.015553
7.28076 0.234957
5.18516 0.149582
5.1337 0.64402
5.15373 0.373936
5.13385 0.640796
7.31136 0.523013
6.60209 2.18911
6.67324 2.12746
7.30959 0.687276
7.19741 1.29378
7.17411 1.35877
7.25242 1.10531
7.22674 1.20012
7.25913 1.07309
7.26993 1.02576
5.273 -0.242196
5.25204 -0.165067
6.85233 1.934
6.85909 1.92532
7.30589 0.759205
5.13171 0.779083
5.13272 0.900336
6.30232 2.37461
6.89532 1.87647
7.20239 1.27837
6.30987 2.37086
6.35812 2.34836
7.16546 1.38283
7.30843 0.720497
6.88542 1.89054
5.25032 -0.158466
