6.78394 -0.494515
6.728 -0.559274
7.05216 1.23713
7.04901 1.24687
6.73956 1.79411
6.7603 1.76976
6.86261 1.6278
6.89261 1.57932
5.75465 -0.735006
5.81029 -0.780263
6.3376 -0.844404
6.33954 -0.843527
6.46134 2.04586
6.46901 2.04143
6.20689 2.16345
6.16148 2.17169
6.01477 2.18299
5.99753 2.18256
5.74961 2.08967
5.79496 2.11903
6.81765 -0.452208
6.86965 -0.377029
6.56733 -0.710573
6.55999 -0.716004
5.29515 0.930576
5.2922 0.860976
5.31572 1.16166
5.31234 1.13324
7.14883 0.800204
7.15117 0.778356
7.10805 1.04631
7.12343 0.971172
5.57612 -0.501251
5.55552 -0.462443
5.66134 -0.631218
5.65456 -0.621274
5.41421 1.59484
5.42178 1.6162
5.35531 1.38324
5.36575 1.42536
5.59855 1.94856
5.6025 1.95369
5.49477 1.78362
5.47933 1.75079
6.66595 1.87813
6.59405 1.94387
6.98029 1.41627
6.96856 1.44103
5.93797 -0.854314
6.00144 -0.872445
6.12719 -0.887798
6.05283 -0.883117
7.07887 0.0678671
7.06639 0.0279599
6.98558 -0.174924
6.98259 -0.18142
5.47098 -0.275764
5.45272 -0.226648
5.35329 0.127567
5.35663 0.11189
5.41538 -0.118875
5.40149 -0.0686319
5.31669 0.354412
5.31035 0.407749
5.2948 0.602161
5.29175 0.680266
7.1576 0.527681
7.1587 0.5623
7.12671 0.261604
7.13576 0.313367
7.10298 1.06734
7.09036 1.11861
7.08236 1.14878
7.08143 1.15237
7.10446 1.06178
7.12989 0.934438
6.53868 1.99145
6.66947 1.87452
6.67317 1.87042
6.52185 2.00436
7.01587 1.33452
6.99685 1.37949
6.36783 2.1013
6.36258 2.10385
6.2279 -0.876268
6.33135 -0.846293
6.31374 2.12735
6.29868 2.13269
5.85983 2.14821
5.89534 2.16179
6.80271 -0.471911
6.68872 -0.601405
6.52303 -0.74124
6.46283 -0.781636
5.30345 1.04734
5.29925 0.995383
5.38271 1.49036
5.41022 1.58199
5.54359 1.86807
5.51166 1.81609
6.80109 1.71929
6.71602 1.82162
6.8067 1.71176
6.9183 1.53542
5.8455 -0.806408
5.72941 -0.708783
7.03764 -0.0519347
7.0271 -0.0792564
5.49188 -0.329713
5.51067 -0.370758
5.37771 0.0238911
5.39694 -0.0521539
5.30349 0.477003
5.298 0.545893
7.14648 0.39034
7.15153 0.4391
6.45181 -0.78856
6.18135 -0.881997
6.50927 2.01279
6.41666 2.07446
6.10148 2.18192
5.97444 2.17796
5.69668 2.05061
6.91127 -0.311137
6.93154 -0.277256
6.64715 -0.640696
5.29103 0.811233
5.33118 1.26862
5.332 1.2735
5.3323 1.27501
7.15708 0.708102
7.13928 0.874837
5.53336 -0.417917
5.60675 -0.550187
5.66563 -0.637097
5.45351 1.69427
5.66576 2.02113
5.59249 1.93981
6.80351 1.7162
6.96669 1.44469
6.99494 1.3837
5.91146 -0.841667
6.03189 -0.881066
7.09985 0.14082
6.97145 -0.203297
7.11049 0.184841
5.43575 -0.178229
5.34704 0.158424
5.41966 -0.131978
5.33399 0.234151
5.29061 0.770613
5.32903 0.2657
5.29095 0.730062
7.15885 0.67485
7.15865 0.681713
7.02538 1.3098
7.15849 0.686407
7.08015 1.15687
