6.25855 -2.44005
6.27723 -2.42696
4.71418 -1.60398
4.72846 -1.65561
4.91668 3.57953
4.92554 3.58817
8.06881 0.191692
8.07294 0.223673
4.32304 1.35817
4.32063 1.3272
4.31094 0.950295
4.31105 0.977189
4.31206 0.850188
4.3114 0.813848
4.32714 1.44795
4.32949 1.48617
5.74673 3.78814
5.83409 3.76748
4.32654 0.42595
4.32411 0.463323
5.55181 3.81134
5.52377 3.81162
4.38638 2.06083
4.39201 2.1101
4.37298 -0.0443697
4.35911 0.0672083
4.61504 3.08608
4.61988 3.09998
7.1113 2.94674
7.1262 2.9311
6.91577 -1.90016
6.85503 -1.95807
7.20914 -1.59799
7.1938 -1.6152
4.84348 -2.06032
4.81869 -1.97603
4.9134 -2.27007
4.92234 -2.2975
5.30037 -2.84968
5.35193 -2.86049
5.23664 -2.82602
5.26285 -2.83794
4.99117 -2.4804
4.99784 -2.49542
5.07016 -2.64212
5.086 -2.66793
5.19317 -2.79618
5.18684 -2.78976
5.58599 -2.82384
5.62665 -2.80789
5.785 -2.7355
5.81712 -2.71997
8.0038 -0.157102
8.00591 -0.149401
7.9362 -0.384288
7.92947 -0.403315
5.92428 -2.65921
5.93708 -2.65205
8.08198 0.32421
8.07954 0.293699
8.04901 0.05669
8.04003 0.00529697
8.0216 -0.0811684
8.03442 -0.0245892
6.65667 3.34905
6.68255 3.33006
6.86712 3.17877
6.88983 3.15937
5.8952 3.75129
5.97148 3.72627
4.37606 1.99058
4.36897 1.93357
4.39693 2.14131
4.41009 2.22829
7.73337 -0.850169
7.69307 -0.92429
7.84471 -0.618006
7.80519 -0.706255
6.19683 3.63271
6.17103 3.64404
6.43114 3.50346
6.44403 3.49549
7.08751 2.97134
7.5844 -1.10559
7.59883 -1.0832
6.74557 -2.05569
6.66029 -2.12924
7.12238 -1.69392
7.04618 -1.77223
8.08091 0.78779
8.08663 0.718007
6.03709 -2.59041
6.05293 -2.58056
5.05345 3.68677
5.01314 3.66035
4.87763 3.54022
4.84519 3.5023
8.09066 0.491421
8.08648 0.389689
4.58303 -1.09213
4.56996 -1.03936
4.34249 1.66736
4.3383 1.61448
4.31637 0.624687
4.31753 0.593732
4.56151 2.92966
4.57587 2.97573
7.31046 -1.48004
7.28515 -1.51049
5.98847 -2.62099
5.94372 -2.64839
4.51776 -0.814086
4.53648 -0.896827
4.31372 1.13269
4.31294 1.10419
7.14057 -1.67447
7.1474 -1.66707
6.19421 -2.48509
4.62002 -1.23877
4.60548 -1.18139
5.65043 3.80414
5.70307 3.79558
5.85077 3.76374
4.46889 -0.592818
4.47187 -0.607013
4.43052 -0.394126
4.41713 -0.322498
4.42495 2.3154
4.42893 2.34601
4.38196 -0.107242
4.39157 -0.171639
7.74896 2.01073
7.72411 2.06251
7.83489 1.81551
7.81438 1.86511
4.50085 2.70544
4.48798 2.65184
4.44211 2.41904
4.44698 2.44897
5.11744 3.72312
5.13964 3.73309
5.19903 3.75777
5.24821 3.77472
8.0066 1.27403
8.01512 1.23531
8.05312 1.02714
8.06214 0.963394
7.45927 2.51774
7.44763 2.53446
7.33167 2.69162
7.31475 2.71288
7.40262 -1.36448
7.3769 -1.39822
6.83219 -1.97822
6.95109 -1.86714
7.63784 2.2278
7.65376 2.19897
7.55865 2.36513
7.55988 2.36312
4.73074 3.33432
4.75084 3.37019
4.67125 3.22024
4.67608 3.23161
4.88601 -2.19255
4.86376 -2.12087
7.90321 1.63437
7.89191 1.6669
7.9569 1.46704
7.95146 1.4859
5.38766 -2.86096
5.71098 -2.7726
5.69841 -2.77868
5.65074 -2.79748
5.54056 -2.83668
6.5343 -2.23224
6.53437 -2.23219
6.47105 -2.2818
6.47125 -2.28164
7.97306 -0.266446
7.97611 -0.256474
7.94156 -0.368435
6.63372 3.36646
6.56513 3.41495
6.71771 3.30278
6.68531 3.32797
6.79156 3.24278
6.81577 3.22283
6.01105 3.71085
5.98765 3.71995
5.85985 3.76168
4.37693 1.99719
4.3615 1.87019
4.36203 1.8748
4.41832 2.27939
6.08399 3.68309
6.28273 3.58934
6.2493 3.60634
6.41982 3.51066
6.31485 3.57209
6.47502 3.4758
6.50493 3.45601
7.18413 2.86832
6.65609 -2.13258
6.75805 -2.04523
6.99632 -1.82149
8.08751 0.699393
8.07741 0.83262
6.34186 -2.3798
6.34391 -2.37833
6.59662 -2.18143
4.64311 3.15871
4.64583 3.16452
8.08455 0.354969
8.09125 0.519054
4.55624 -0.981393
4.56518 -1.01981
4.53761 2.8512
4.53511 2.84253
4.50337 -0.751805
4.51162 -0.787045
4.54028 -0.913217
6.1344 -2.52617
6.11002 -2.54227
4.64294 -1.33051
4.63538 -1.29959
4.66995 -1.43808
4.665 -1.41768
5.09379 -2.68114
5.09967 -2.69141
5.00904 -2.52151
5.02005 -2.54816
8.05978 0.124519
8.05603 0.097345
4.78275 -1.85188
4.76767 -1.80137
4.54318 -0.925792
4.55507 -0.976289
4.31412 0.723185
4.3123 0.759007
4.49323 -0.706393
4.36145 1.86969
4.35512 1.80634
4.98444 -2.46626
4.96393 -2.41295
4.34266 0.225277
4.3351 0.310838
4.63787 3.14599
7.18949 2.86238
7.19149 2.86013
8.07366 0.86487
7.47799 -1.26351
7.48375 -1.25556
5.47082 -2.85359
4.80286 -1.92501
4.78828 -1.87128
8.09032 0.623253
5.41923 -2.86086
5.04811 -2.60253
5.03635 -2.57916
7.88035 -0.532209
7.86791 -0.56347
6.99307 3.06354
7.03169 3.02682
4.82601 3.47871
8.09079 0.606579
4.34932 1.74832
4.34885 1.74273
4.31759 1.23118
4.31777 1.26382
6.73671 3.28798
6.73822 3.28675
4.37789 2.00469
6.94051 3.11363
6.94533 3.1091
6.16698 -2.50445
4.73856 -1.6947
4.69581 -1.53626
8.0762 0.258253
8.06417 0.15583
4.32009 1.29468
4.32386 1.38727
4.31135 1.01356
4.31107 0.913689
4.31257 0.786687
4.31113 0.886684
4.33084 1.50838
4.32582 1.42202
4.4502 -0.498903
4.44336 -0.464053
4.32241 0.493745
4.32835 0.398103
5.46691 3.81096
5.63221 3.80619
4.35646 0.0912941
4.37412 -0.0529049
7.79226 -0.733445
7.75074 -0.81717
7.79369 1.91295
7.77032 1.96526
4.46836 2.5603
4.46632 2.55113
4.59704 3.03792
5.30882 3.79017
5.318 3.79249
8.03176 1.15246
8.04176 1.09738
7.39625 2.60703
7.38375 2.62379
7.53485 -1.18149
7.52574 -1.19492
7.15655 -1.65725
7.2399 -1.56313
4.6993 3.27676
4.71174 3.30231
5.46596 -2.85485
5.14325 -2.74895
5.12097 -2.71886
5.19913 -2.79997
5.73662 -2.75955
5.85382 -2.69902
4.6895 -1.51349
4.76074 -1.7748
8.03693 -0.0116293
8.00784 -0.141877
7.66792 -0.968203
7.85624 -0.591339
7.63251 -1.028
7.55311 -1.15421
7.49692 -1.23673
6.40697 -2.33119
6.40736 -2.33089
6.08574 -2.55874
6.02433 -2.59824
5.00291 3.65246
5.06337 3.69346
5.41999 3.80748
4.56937 -1.03695
4.58561 -1.1024
4.33718 1.5983
4.34335 1.67863
4.31896 0.561144
4.3153 0.658919
4.5869 3.00701
4.55609 2.91344
7.26078 -1.53887
7.32945 -1.4572
4.31222 1.06833
4.31482 1.16768
4.59685 -1.1472
4.31165 1.04069
4.33366 1.55032
4.41123 -0.289119
4.33136 0.357732
4.32045 0.528534
4.3932 -0.182303
4.34621 0.188515
7.70092 2.10882
7.85631 1.76209
7.87294 1.71836
7.67602 2.15724
4.51145 2.75143
4.46186 2.52899
4.52183 2.79198
5.11032 3.71923
5.18135 3.75162
5.32976 3.79448
7.26609 2.77318
7.24762 2.79535
7.98172 1.37748
8.07043 0.897804
7.97792 1.39212
7.50782 2.44495
7.35811 -1.42151
7.43093 -1.32761
7.51692 2.43092
7.55329 2.37376
7.60797 2.2811
7.59877 2.29718
4.76624 3.39311
4.79348 3.43517
4.65424 3.18324
4.81043 -1.94952
4.8986 -2.22779
4.93017 -2.32213
4.94738 -2.36732
7.92261 1.57732
7.93137 1.55058
6.89569 3.15412
6.30882 3.57566
6.53008 3.43979
6.40738 -2.33088
6.28047 -2.42475
4.9655 3.62369
4.34835 1.73675
4.31441 0.688594
4.53841 2.85373
4.3158 1.1974
5.02752 -2.5624
5.71727 -2.76925
5.05833 -2.62353
7.8921 -0.503576
6.31161 3.57402
5.39085 3.80466
4.95384 -2.38759
5.4683 -2.85435
6.83895 3.20351
4.36855 1.93053
4.85355 -2.08857
5.66899 -2.7909
6.47086 -2.28196
6.52519 -2.23938
6.96751 3.08794
6.76355 3.26586
7.90261 -0.476273
6.54639 3.42823
