4.72408 -1.16532
4.74411 -1.23878
5.41518 -2.53685
5.39659 -2.53072
5.01647 -2.05334
4.99902 -2.01109
5.06005 3.43974
5.11286 3.48126
4.65864 -0.917714
4.64332 -0.85511
4.57403 -0.550537
4.55167 -0.441461
5.95088 3.57159
5.94651 3.57264
6.1784 3.48563
6.27158 3.44065
4.59239 2.51255
4.60798 2.57705
4.64829 2.72324
4.65007 2.72867
7.07204 2.82776
7.06003 2.84014
7.2913 2.56929
7.32184 2.52841
7.41326 -1.1725
7.46207 -1.1033
6.59405 -2.02562
6.6285 -1.9992
6.94477 -1.7166
7.01565 -1.64734
4.82741 -1.52407
4.81419 -1.47945
7.82174 -0.400571
7.81917 -0.407637
4.84265 3.18083
4.81345 3.13014
4.91396 3.28619
4.91469 3.28716
4.99471 3.38013
5.01431 3.39916
5.28142 3.57137
5.30764 3.58142
5.80733 -2.50432
5.76201 -2.52092
4.89445 -1.73022
4.88469 -1.70305
6.79218 3.09057
6.7707 3.10902
6.53169 3.28725
6.57738 3.25573
5.71455 3.62071
5.71878 3.62022
4.5952 -0.648663
4.62723 -0.787068
4.94464 -1.87477
4.945 -1.87567
4.53264 2.22558
4.52062 2.1594
4.49302 1.98241
4.49542 1.99841
7.72172 -0.642543
7.74187 -0.59715
7.60128 -0.876523
7.62167 -0.840159
6.37158 3.38712
6.40218 3.36988
6.93609 2.96227
6.9927 2.90866
7.514 -1.02264
7.47068 -1.09041
6.77663 -1.87254
6.82408 -1.8315
7.10046 -1.55819
7.06344 -1.59751
7.99001 0.571946
7.98995 0.545065
6.36211 -2.19807
6.41095 -2.16532
6.2842 -2.25243
6.24561 -2.27585
4.80928 3.12257
4.80682 3.11758
5.4907 3.6223
5.50117 3.62316
4.70775 2.89664
4.68964 2.84687
7.70166 1.87288
7.67995 1.92177
7.98086 0.78449
7.98351 0.751251
4.77412 -1.34584
4.76336 -1.30924
5.4349 -2.5413
5.32225 -2.49198
5.32574 -2.49378
5.32011 -2.49063
5.04693 -2.11704
5.05944 -2.14494
5.14857 -2.30248
5.13061 -2.27642
6.11299 -2.35922
6.0889 -2.37238
5.31829 -2.48899
5.23231 -2.4143
5.22314 -2.40415
5.2597 -2.44231
5.31327 -2.4849
5.20596 -2.38488
5.19665 -2.37156
4.41905 0.887373
4.41915 0.850062
4.4199 1.01388
4.41947 0.977062
4.43366 1.38595
4.43197 1.35838
4.44214 1.50619
4.44072 1.48668
4.52745 -0.313584
4.54362 -0.400122
4.44065 0.355864
4.44259 0.331093
4.43125 0.492153
4.43307 0.46155
4.45956 0.153482
4.46258 0.125783
5.95708 3.56964
5.83532 3.60019
6.11913 3.50985
6.29076 3.43155
4.56672 2.40292
4.56143 2.37764
7.18826 2.69798
7.1914 2.6943
7.96472 0.939713
7.95145 1.03297
7.92275 1.19111
7.89607 1.31014
7.25005 -1.3869
7.24071 -1.39807
7.3397 -1.27275
7.30696 -1.31581
6.68736 -1.94948
6.52931 -2.07733
7.02477 -1.63783
6.9203 -1.74121
7.49217 2.27568
7.4918 2.27628
7.5709 2.13774
7.54002 2.19351
7.40791 2.40618
7.4404 2.35738
7.84951 1.47714
7.87055 1.40589
7.79346 1.64469
7.81322 1.58908
5.57657 -2.5556
5.55182 -2.55769
5.66707 -2.54381
5.64289 -2.5493
7.90722 -0.119824
7.90884 -0.113523
7.85975 -0.28905
7.86049 -0.286647
7.85908 -0.291223
7.84994 -0.318258
7.81581 -0.416555
4.9131 3.28489
4.95337 3.33485
6.86513 3.02724
6.84356 3.04655
6.65018 3.20266
6.63246 3.21607
6.51263 3.30054
4.54125 2.276
4.50839 2.08573
5.79896 3.60668
5.77713 3.61122
6.06511 3.53237
6.40785 3.36629
6.40486 3.3682
7.00463 2.89661
6.91203 2.98552
6.49662 -2.10094
6.86263 -1.79496
6.72672 -1.91711
7.10976 -1.54846
6.32155 -2.2265
4.77332 3.05212
6.03059 -2.40408
6.03851 -2.40029
4.68528 -1.01997
4.68936 -1.03539
4.4629 1.74212
4.46301 1.74331
4.45004 1.60263
4.45103 1.61499
4.48897 -0.079749
4.49394 -0.113685
4.42242 0.686163
4.42127 0.722345
4.42763 0.559092
4.42605 0.591966
4.73483 2.96492
4.72037 2.93069
7.19626 -1.45065
7.15441 -1.49874
7.97626 0.841788
7.9758 0.846326
4.63849 -0.834734
4.42457 1.19695
4.42574 1.23105
4.42093 1.06784
4.42172 1.10406
6.18694 -2.31467
4.85796 3.20445
4.6709 -0.965292
4.67279 -0.972379
6.71947 3.15038
6.70723 3.15975
4.50962 -0.212005
4.5128 -0.231618
7.63398 2.01759
7.63195 2.02174
5.98798 -2.42663
5.93769 -2.45101
7.98478 0.388424
7.97943 0.311217
4.47946 1.88057
4.47815 1.87114
7.95496 0.114
7.94586 0.0583133
4.5045 2.06204
4.98077 3.36478
4.74871 -1.25586
4.71183 -1.11959
4.85481 -1.61265
4.85122 -1.60061
4.99197 -1.99529
5.02823 -2.07823
5.104 -2.23126
5.093 -2.21112
5.15646 3.50971
5.34651 3.5919
5.4042 3.60828
5.89964 -2.46764
5.87087 -2.48091
7.96949 0.218225
7.96534 0.182239
4.42917 1.29455
4.42969 1.32568
4.41922 0.950773
4.41907 0.913562
4.42067 0.78656
4.41906 0.823868
4.43766 1.44621
4.43608 1.42253
4.43555 0.424257
4.43746 0.396328
5.56746 3.62732
5.60242 3.62717
4.50128 2.04199
4.47524 0.0183347
4.47692 0.0052888
7.66485 -0.758866
7.67852 -0.732071
4.58379 2.47791
4.63047 2.66117
4.6635 2.77086
4.64116 2.69995
7.14982 2.74216
7.18228 2.70504
7.94582 1.06747
7.92716 1.16941
7.25354 2.61753
7.35523 2.48272
7.46492 -1.09909
7.38223 -1.21601
7.29576 -1.3297
7.25169 -1.38497
7.53206 2.20741
7.49225 2.27554
7.82271 1.5608
7.84297 1.49855
7.989 0.621292
7.9876 0.67144
5.62308 -2.55114
5.59751 -2.55522
4.80051 -1.43513
4.86492 -1.64497
5.21057 3.54029
5.18506 3.52707
5.45919 3.61766
5.70922 -2.53439
7.97399 0.257162
7.92341 -0.054215
7.92554 -0.0441291
7.92186 -0.0613833
4.91631 -1.79435
4.9454 -1.87665
4.48657 1.93477
7.69048 -0.708099
7.77195 -0.527549
7.56176 -0.944637
7.36105 -1.24526
7.53344 -0.99184
7.9893 0.480808
4.77798 -1.35863
5.98809 -2.42658
5.98811 -2.42657
5.688 -2.54057
4.45605 1.67212
4.45666 1.67915
4.42474 0.622465
4.42338 0.65716
4.67946 2.81658
4.71099 2.90593
4.42251 1.13226
4.42352 1.16756
4.51742 -0.258585
4.69974 -1.07458
5.48555 -2.55383
5.50574 -2.55589
5.08945 -2.2036
5.17306 -2.34066
5.23525 -2.41711
4.4201 1.04056
4.44563 1.55084
4.44626 0.287161
4.42897 0.526768
4.4499 0.247217
4.63406 2.675
4.55932 2.36705
7.22606 2.65188
7.13195 2.76253
7.96972 0.900308
7.89586 1.31097
7.38561 2.43907
7.20139 -1.44454
7.60867 2.06662
7.58524 2.11135
7.45055 2.34162
7.87389 1.3937
7.78142 1.67758
5.52658 -2.55609
7.89374 -0.171779
6.76189 3.11615
4.4643 1.75599
4.46946 1.8032
6.07256 -2.38098
4.42031 0.74998
4.74171 2.98023
4.66938 2.78779
4.54873 2.3139
7.72524 1.81946
7.76213 1.72878
7.67904 1.92374
4.76164 3.02594
7.15063 -1.50303
7.97651 0.839498
4.4267 1.26169
5.63706 3.62548
4.97153 -1.94356
7.9881 0.445268
4.47071 1.81273
4.47003 1.80747
5.72366 3.61946
7.98692 0.687106
6.68664 3.17534
6.8217 3.06585
7.07554 2.82403
7.72249 1.82608
5.36905 -2.51808
7.76808 1.71345
7.78067 -0.506425
6.61639 3.22817
7.89209 -0.177813
