8.02306 -0.31872
8.04334 -0.252423
4.67066 -1.76504
4.68888 -1.83362
4.2547 1.35826
4.2504 1.30303
4.24426 0.850267
4.24333 0.799149
6.84962 3.28869
6.81046 3.32108
4.36673 -0.430237
4.37464 -0.472897
4.31159 2.06007
4.31506 2.09047
4.87824 -2.56037
4.87658 -2.55276
4.298 0.00168644
4.29441 0.030575
7.81367 -0.83415
7.85046 -0.759595
7.8215 2.00391
7.85759 1.92325
5.0338 3.82627
5.05471 3.83769
5.18762 3.88983
5.18549 3.88928
4.85233 -2.4663
4.85798 -2.48402
7.13506 3.01874
7.19891 2.95174
8.10755 1.08097
8.08805 1.18947
7.44081 2.65518
7.46141 2.62753
4.64285 3.40351
4.66271 3.44233
8.15357 0.603954
8.15146 0.677259
4.93648 -2.75236
4.92017 -2.69677
5.16849 -3.09913
5.2306 -3.11092
5.08104 -3.03832
5.08676 -3.0443
5.00089 -2.9135
5.02559 -2.95688
4.97046 -2.84145
4.97839 -2.85935
4.71266 -1.92459
4.72378 -1.97263
5.67617 -2.94321
5.66494 -2.94917
4.65887 -1.715
4.63527 -1.61703
6.64448 3.45234
6.59627 3.48694
5.98973 3.81959
5.9934 3.81814
5.69329 3.90575
5.76379 3.89065
6.24356 3.7044
6.2641 3.69417
6.48371 3.56453
6.48597 3.56314
7.07051 3.08551
7.25897 2.88367
7.21369 2.93572
7.62774 -1.15666
7.66364 -1.10096
7.52682 -1.30631
7.53516 -1.29451
6.99803 -1.91648
7.06516 -1.84985
6.83231 -2.0729
6.874 -2.03567
4.74747 3.57272
4.74112 3.56401
6.65938 -2.22504
6.6433 -2.23821
7.95076 -0.527638
7.9339 -0.570702
8.1524 0.433617
8.1516 0.414116
4.26855 1.62144
4.26798 1.61415
5.57604 3.92254
5.62556 3.91645
7.68266 -1.07024
7.73744 -0.976566
4.54075 3.16947
4.55163 3.19973
6.95119 3.19883
6.97489 3.17659
4.33429 2.2272
4.34076 2.27151
7.15897 -1.74971
7.20155 -1.70352
5.93711 -2.77813
5.97881 -2.74952
6.03448 -2.71086
6.06153 -2.69114
4.62121 -1.56169
4.57979 -1.38944
4.24297 0.989857
4.24289 0.977269
4.25978 1.48716
4.25971 1.48585
5.87607 3.85919
5.81769 3.87516
4.40836 -0.638518
4.39133 -0.557586
4.25517 0.469786
4.25549 0.46444
5.48851 3.92824
5.48779 3.92828
4.34869 2.31462
4.35525 2.36502
4.33904 -0.274549
4.32808 -0.207581
7.90515 1.8089
7.94072 1.71624
7.72498 2.20013
7.76635 2.11936
4.37054 2.46671
4.37496 2.49387
4.40255 2.64427
4.41282 2.69869
5.32793 3.91958
5.34139 3.92092
8.06398 1.30171
8.05873 1.32559
7.35645 2.76673
7.39517 2.71674
7.48466 2.59468
7.52358 2.53811
6.91663 -1.99498
6.97007 -1.94474
7.67966 2.28408
7.68111 2.28147
7.59957 2.42019
7.63224 2.3666
4.58884 3.29111
4.59236 3.30014
5.38917 -3.08167
5.43978 -3.06345
4.73772 -2.03085
4.75207 -2.07977
4.79408 -2.24127
4.80673 -2.28748
4.76421 -2.1279
4.76968 -2.14896
7.97167 1.62793
7.96332 1.65197
8.02333 1.46079
8.00176 1.53565
5.86288 -2.82643
5.89516 -2.80562
5.65938 -2.95191
5.74561 -2.90037
6.52001 -2.34135
6.53221 -2.33181
8.06039 -0.191073
7.99202 -0.41567
7.96534 -0.488964
6.65859 3.44147
6.70501 3.40594
6.87498 3.26645
6.91313 3.23293
5.9735 3.82578
5.98719 3.82068
6.0422 3.79815
6.07022 3.78612
5.78402 3.88482
5.65004 3.9133
4.2938 1.91239
4.29614 1.93282
4.32334 2.15291
6.2081 3.72266
6.14343 3.75295
6.43079 3.5982
6.41888 3.60517
7.29067 2.84767
6.74532 -2.15029
6.7771 -2.12315
7.07688 -1.83748
4.75457 3.58147
8.14876 0.722372
8.14381 0.790883
6.32008 -2.4993
6.34163 -2.48308
6.4463 -2.40052
6.46867 -2.3829
6.56858 -2.30096
6.59579 -2.27859
6.7043 -2.18585
4.6636 -1.73458
4.93182 3.76236
4.93611 3.76567
8.15061 0.396199
8.15476 0.542877
4.51981 -1.13675
4.52725 -1.1679
4.49362 -1.02559
4.49739 -1.04177
4.24959 0.585973
4.2492 0.594844
4.44884 2.85955
4.44828 2.85756
4.48922 3.00779
4.48152 2.98259
7.40633 -1.46595
7.42712 -1.43985
7.30946 -1.58324
7.33998 -1.5474
4.44323 -0.801862
4.44054 -0.789405
4.46525 -0.902472
4.46829 -0.915608
4.24438 1.0925
4.2446 1.10427
6.18405 -2.60232
6.17529 -2.60901
4.57677 -1.37721
4.57293 -1.36151
4.57789 -1.38162
8.00731 -0.370101
4.88912 3.72813
4.85446 3.69569
8.12793 0.150083
8.12482 0.127606
4.48076 -0.969843
4.48285 -0.978687
4.24635 0.723265
4.24373 0.774622
7.05209 3.10372
7.01272 3.14116
6.74735 3.37288
6.76936 3.35469
4.30754 2.03329
4.30352 1.99644
4.28548 1.82251
4.28379 1.80561
4.26969 0.270101
4.26937 0.273626
5.33281 -3.09791
5.35325 -3.09354
4.83789 -2.4084
4.83167 -2.38631
8.13525 0.871266
8.14106 0.821203
8.12619 0.952952
8.13041 0.920482
4.5244 3.12376
4.51926 3.1073
5.47167 -3.04885
5.51561 -3.02887
5.64412 -2.96018
5.59925 -2.98456
5.81441 -2.85786
8.07771 -0.12391
7.9271 -0.587288
7.92092 -0.602802
6.54092 3.5263
6.54093 3.5263
8.15463 0.566452
4.28225 1.79013
4.2782 1.74201
7.25784 -1.64236
7.24202 -1.6601
8.13067 0.16963
8.13591 0.216864
4.70112 -1.88317
4.24946 1.23126
4.24976 1.28612
6.31987 3.66381
6.35443 3.64352
7.30678 2.82761
7.32511 2.80578
4.79536 3.63341
4.83307 3.67457
6.20011 -2.5903
6.26442 -2.54204
8.14245 0.283105
8.14088 0.266469
4.25021 1.29476
4.25636 1.41694
4.24367 0.786768
4.24297 0.901178
4.26336 1.54766
4.26104 1.50937
4.3868 -0.534799
4.36395 -0.415321
4.90605 -2.6578
4.89639 -2.62068
4.8726 -2.53738
4.8618 -2.49654
4.2827 0.136592
4.31014 -0.0891269
4.26009 0.392219
4.26552 0.321918
7.86982 -0.717971
7.79536 -0.869739
5.29909 -3.10591
7.86488 1.90626
7.81292 2.02258
4.37671 2.50327
4.39311 2.59676
4.51208 3.08357
4.49959 3.04501
5.1819 3.88804
5.25532 3.90696
8.11206 1.0532
8.08496 1.20508
5.23123 -3.11098
7.295 -1.60023
4.6744 3.4611
4.626 3.37249
4.56595 3.23616
4.57803 3.26559
5.58319 -2.99396
5.5283 -3.02306
4.94855 -2.78168
5.11966 -3.07371
5.16103 -3.09616
5.07793 -3.03332
5.03778 -2.98182
4.99596 -2.89992
4.96792 -2.83654
8.14398 0.299338
8.10713 0.0147041
8.11256 0.0444202
8.09949 -0.0246391
7.75128 -0.951571
7.90224 -0.64554
7.67672 -1.08008
7.61121 -1.18236
7.57774 -1.23202
7.51136 -1.32805
6.38384 -2.45004
6.40514 -2.43368
4.50662 -1.08124
4.51219 -1.10484
4.26372 1.55268
4.27285 1.67831
4.46817 2.93314
4.46438 2.92011
7.35888 -1.52445
7.38402 -1.49394
5.93691 -2.77826
5.98578 -2.74503
6.02023 -2.72037
6.08319 -2.67629
4.53318 -1.19214
4.55049 -1.26444
4.24305 0.926309
4.24338 1.04077
4.25687 1.42627
4.26352 1.55
4.34807 -0.324875
4.421 -0.701255
4.25936 0.401956
4.25197 0.529648
5.43371 3.92748
5.48967 3.92817
5.40347 3.92684
4.31681 -0.135384
4.28112 0.151662
7.77492 2.10186
7.90024 1.82121
7.94235 1.71182
7.71795 2.21366
4.35885 2.3897
4.43181 2.7874
4.94055 3.76866
4.99368 3.80393
5.09052 3.85374
5.11869 3.86605
5.31443 3.91728
8.05774 1.3297
8.02855 1.4422
7.54695 2.50314
7.58195 2.44851
7.42121 2.6827
7.45198 -1.40771
7.47433 -1.37874
7.67941 2.28454
7.64026 2.353
4.61464 3.34694
4.703 3.50924
4.56138 3.22561
4.81257 -2.31189
4.78851 -2.21824
4.82502 -2.35672
7.9722 1.62637
7.9991 1.54421
5.90052 -2.80224
5.83206 -2.84598
6.0971 3.77498
6.28788 3.6812
4.44531 2.84565
4.43462 2.80091
6.27814 -2.53203
6.50837 -2.35093
6.62853 -2.25094
4.2739 1.69052
4.24755 0.649835
4.43082 -0.745799
4.45418 -0.852515
4.45539 -0.858106
4.2462 1.15706
6.1025 -2.66164
4.24664 1.17822
4.24679 0.670133
5.37609 -3.0867
5.44709 -3.06036
4.42675 -0.726301
6.3657 3.63687
4.77519 -2.17129
5.82522 -2.85047
8.08907 -0.075751
6.1172 3.76543
4.2989 1.95563
4.43336 2.79491
6.54088 3.52633
