6.40677 2.27877
6.39346 2.28572
7.18405 1.24199
7.19129 1.21942
5.16832 1.00889
5.17131 1.05273
5.38128 -0.458835
5.41664 -0.53913
5.50811 -0.715833
5.55614 -0.793302
5.44461 2.04802
5.39705 1.96813
5.56393 2.20292
5.58063 2.22017
7.14893 -0.126842
7.16951 -0.0718757
5.2318 0.0538556
5.23081 0.058894
5.16969 0.531069
5.17245 0.492896
7.27534 0.410455
7.26905 0.3526
6.71678 2.03691
6.75625 1.99592
6.04038 2.39304
5.98073 2.39508
6.19141 2.36855
6.11675 2.38391
5.73622 2.33108
5.77595 2.35066
6.76251 -0.74496
6.83441 -0.662307
6.52244 -0.94888
6.49085 -0.968465
6.75151 -0.755899
6.6754 -0.827748
7.03337 -0.376239
6.97173 -0.475864
7.25916 0.921106
7.24986 0.975831
7.2779 0.761766
7.27656 0.779046
5.34282 -0.352293
5.33143 -0.319356
5.62113 -0.875782
5.56765 -0.808256
5.2267 1.46633
5.21947 1.43007
5.28216 1.68016
5.26861 1.63241
5.18972 1.24057
5.20267 1.33226
5.35389 1.87464
5.39309 1.96006
6.83216 1.90706
6.86464 1.86709
6.95483 1.73547
6.91461 1.79639
7.06226 1.54608
7.07286 1.52404
5.92201 -1.08625
5.97652 -1.09703
5.73716 -0.989262
5.78025 -1.01841
6.11215 -1.10623
6.05322 -1.10617
6.3067 -1.06223
6.2752 -1.07164
7.03382 -0.375437
7.08314 -0.27877
7.22432 0.11068
7.23511 0.155122
5.26821 -0.102117
5.27583 -0.131084
5.1614 0.826015
5.16152 0.838819
5.1946 0.285038
5.20507 0.211718
6.61051 2.13645
6.60266 2.14336
7.28317 0.666456
7.28405 0.589415
7.14418 1.35798
7.16534 1.29855
7.2042 1.17536
7.21306 1.14258
7.24502 1.00496
7.26517 0.879477
5.2937 -0.200168
5.28953 -0.184926
5.25966 -0.0677507
6.52868 2.19984
6.54037 2.19117
6.80279 1.94258
6.77153 1.97897
6.66945 2.08316
6.64818 2.10266
5.3586 -0.397125
5.37471 -0.441716
6.86497 1.86666
6.86615 1.86514
6.35252 2.30678
6.33843 2.31333
7.26845 0.856233
5.2545 -0.0461179
5.2449 -0.00442624
5.16163 0.721629
5.16173 0.708509
5.87728 2.38297
5.90291 2.386
6.64013 -0.859392
6.58647 -0.901337
6.92013 -0.552939
6.9065 -0.572403
5.17684 1.12552
5.16325 0.917751
5.45217 -0.61503
5.3761 -0.445481
5.5599 -0.798413
5.46751 -0.646346
5.25264 1.5744
5.22959 1.47888
5.39497 1.96409
5.4873 2.11298
5.63983 2.26988
5.52666 2.1601
7.01106 1.64371
7.00309 1.65735
5.82886 -1.04828
5.89147 -1.07483
6.20893 -1.09151
6.14831 -1.10067
7.12867 -0.177601
7.19115 -0.0067487
5.23057 0.0601278
5.16399 0.628636
5.18024 0.406971
7.2586 0.278707
7.28065 0.477105
5.86515 2.37968
6.08545 2.39021
6.26088 2.34494
6.29849 2.33172
6.40885 -1.01664
6.38277 -1.02856
5.67644 2.29721
6.89227 -0.591353
6.7588 -0.748801
7.03352 -0.375989
7.10923 1.44352
7.12258 1.41139
5.16233 0.890694
5.18356 1.1901
5.3148 -0.270409
5.35258 -0.380518
5.45991 -0.63127
5.6471 -0.90643
5.31589 1.78319
5.31054 1.76844
5.20606 1.35483
5.49944 2.12859
5.31967 1.7925
7.02966 1.6093
6.89567 1.8238
5.69286 -0.950172
6.01648 -1.10502
7.09671 -0.249882
7.20519 0.0388372
7.24938 0.225723
5.30842 -0.250579
5.21242 0.165074
5.16131 0.773671
5.18595 0.354042
5.16298 0.657346
7.28372 0.550532
6.57001 2.16841
6.6168 2.13108
7.28244 0.686275
7.13574 1.37967
7.176 1.26878
7.2302 1.07937
7.23172 1.07208
7.23416 1.06137
5.3001 -0.22374
5.28006 -0.149144
6.51626 2.20953
7.27569 0.789276
6.482 2.23147
7.28197 0.699736
6.49832 2.22126
