5.33239 -2.17957
5.32191 -2.1704
6.13656 -2.17301
6.18792 -2.14505
5.6379 -2.31141
5.71412 -2.31083
4.98517 -1.57577
5.00972 -1.63878
4.74263 -0.797042
4.71752 -0.694698
5.11543 -1.87427
5.0823 -1.80509
4.61664 2.03482
4.61076 1.99959
7.59977 -0.666874
7.55255 -0.758715
6.385 3.23275
6.37474 3.23808
7.56882 1.92855
7.61206 1.83647
7.84112 1.11037
7.8428 1.10126
7.42793 2.18924
7.42858 2.18815
7.34396 2.32013
7.32261 2.35171
7.74551 1.48692
7.73695 1.51365
7.89166 0.641086
7.89224 0.622561
7.7428 -0.32667
7.70502 -0.430411
7.79168 -0.169821
7.81022 -0.101174
5.29964 3.36998
5.30003 3.37019
5.78414 -2.3013
5.80766 -2.29699
5.5815 -2.30597
5.62832 -2.31143
5.50475 3.43796
5.50056 3.43731
5.10388 3.23021
5.1043 3.23061
4.91442 2.98096
4.93228 3.01097
7.85931 0.139338
7.84259 0.0430427
7.8872 0.397558
7.88085 0.312547
4.95605 -1.50102
4.94132 -1.45881
4.56032 1.62515
4.56605 1.67965
4.54248 1.42302
4.53999 1.39546
4.57349 1.74505
4.58193 1.80799
4.76891 -0.89809
4.75799 -0.858137
5.25208 -2.09206
5.25797 -2.09905
5.16172 -1.9564
5.12716 -1.89493
4.89452 2.94412
4.86944 2.89621
6.0061 3.39785
5.93164 3.41803
6.16046 3.3425
6.06989 3.37651
5.68166 3.45131
5.65383 3.45187
6.86113 2.88363
6.87446 2.87167
6.99018 -1.5204
6.97996 -1.5308
7.44573 -0.942203
7.47206 -0.899889
6.43065 -1.99319
6.39646 -2.0178
6.66217 -1.82079
6.59741 -1.87207
6.88054 -1.62888
6.79391 -1.70809
6.00483 -2.23297
6.03667 -2.22011
4.52273 0.913441
4.52226 0.890799
4.52728 1.14188
4.52813 1.16743
4.53957 0.428849
4.54454 0.357314
4.59003 -0.0521659
4.57547 0.0610852
4.52824 0.628355
4.52703 0.655473
4.69067 2.38632
4.68624 2.36966
7.23838 -1.23716
7.23402 -1.24258
7.87205 0.90729
7.87406 0.891936
4.62961 -0.281413
4.61337 -0.192006
4.82463 -1.09435
4.81363 -1.05591
7.77846 -0.21575
7.74806 -0.311335
6.26325 -2.10255
6.0871 -2.19704
7.0758 -1.42842
7.1036 -1.39793
5.81535 3.44088
5.8687 3.43021
6.44553 3.19629
6.27322 3.29158
4.7454 2.58266
4.72254 2.50564
4.76771 2.6488
4.75321 2.60641
4.81569 2.77642
4.81839 2.78355
7.1496 2.58083
7.17149 2.55443
7.07283 2.66951
7.07921 2.66246
7.25218 2.45072
7.19704 2.52241
6.53419 -1.91908
6.49751 -1.94727
6.89749 -1.61257
6.89054 -1.61947
7.50609 2.05054
7.52031 2.0239
7.79422 1.32006
7.7921 1.32829
7.70357 -0.43425
6.73561 2.99049
6.71895 3.00439
6.49892 3.16338
6.50281 3.16085
4.55941 1.61549
4.57319 1.74283
4.57196 1.73266
4.54914 1.50649
4.54752 1.48718
4.53519 1.32952
4.53501 1.32696
4.77446 -0.918177
4.6417 2.16851
4.64938 2.20861
5.76658 3.44663
5.91064 3.42229
6.04669 3.38541
6.23149 3.31021
6.49572 3.16555
5.70571 3.45101
6.8841 2.86241
6.97301 -1.53784
7.06121 -1.44456
6.32035 -2.06595
6.72487 -1.76762
6.69628 -1.7926
6.9341 -1.57659
6.28778 -2.08754
5.31457 -2.1624
5.28743 -2.13389
5.90915 -2.26957
5.93574 -2.26025
4.52374 1.01694
4.52343 0.97694
4.52225 0.872576
4.52222 0.827325
4.53132 1.25884
4.52911 1.20432
4.52614 1.10394
4.87441 -1.25942
4.88926 -1.30524
4.535 0.493692
4.53738 0.459852
4.54686 0.329396
4.59099 -0.0587408
4.52356 0.744791
4.52517 0.695502
4.52998 0.590274
7.63503 1.78322
7.65399 1.73895
7.01678 2.72985
7.03393 2.71228
7.17135 -1.3193
7.1265 -1.37174
7.293 -1.16508
7.24063 -1.23432
7.78496 -0.193482
5.47331 -2.27463
5.39633 -2.2316
5.88523 -2.2767
5.86164 -2.28261
4.5248 1.04044
4.52485 1.06458
6.70281 3.01744
6.62332 3.07684
6.54773 3.13047
6.564 3.11911
4.64934 -0.386163
4.63912 -0.333269
4.53387 0.52506
4.53157 0.554304
4.62707 2.09305
4.63356 2.12691
4.59177 -0.0636219
4.59687 -0.0950594
4.65854 2.25112
6.93215 2.81464
7.65836 1.72803
7.68724 1.65469
7.63459 -0.592772
7.61615 -0.633382
5.54951 -2.30012
5.53072 -2.29504
4.96449 3.06113
4.99387 3.10336
4.5832 1.81683
4.59094 1.87216
7.32381 -1.12363
7.8837 0.791153
7.88552 0.767098
4.55835 1.60413
4.55341 1.55133
4.678 -0.525555
4.66762 -0.476224
4.57332 1.74382
4.54907 0.304268
4.55278 0.264149
4.85072 -1.18386
4.84848 -1.17617
5.48027 -2.27811
5.47714 -2.27685
5.75658 -2.30476
5.39984 3.41094
5.42936 3.41974
5.02813 3.14737
5.00811 3.12266
7.87612 0.265767
7.86546 0.179198
5.04192 -1.7165
4.97449 -1.54933
5.05117 -1.73942
5.11971 -1.88193
4.60668 1.9763
4.62194 2.06325
7.53871 -0.784031
7.60842 -0.649478
7.56602 1.93437
7.61459 1.8308
4.67156 2.31041
4.66973 2.30272
4.78443 2.69549
4.77378 2.66549
7.11133 2.62552
7.13851 2.59418
7.82793 1.17423
7.86188 0.984449
7.39703 -1.01909
7.3862 -1.03515
7.46757 2.12064
7.42496 2.1941
7.30041 2.38347
7.37717 2.27
7.71747 1.5707
7.76567 1.4221
7.81467 1.23699
7.80732 1.26757
7.88751 0.734348
7.89223 0.61725
7.83747 0.0176183
7.81608 -0.0767832
5.10934 3.23481
5.19144 3.30344
5.20233 3.31149
5.30103 3.37059
5.53076 3.44112
7.88985 0.443499
4.93468 -1.43893
4.91014 -1.36728
5.04629 -1.72754
4.6932 -0.593182
4.69981 -0.621443
5.18233 -1.9923
4.60037 1.93594
7.49332 -0.863989
7.40233 -1.01111
7.89223 0.513759
6.05009 -2.21362
5.98621 -2.2413
5.48561 -2.27979
5.20754 -2.02891
4.67203 2.31226
4.70161 2.42889
7.87814 0.849053
7.86808 0.939767
4.61063 -0.176232
4.79877 -1.00469
4.85721 -1.20542
4.71054 2.46115
4.75155 2.60177
7.18739 2.53469
7.06162 2.68218
7.86445 0.96647
7.81587 1.23185
7.26495 2.43327
7.54342 1.97882
7.47581 2.10609
7.3865 2.25544
7.77108 1.40338
7.70609 1.60308
4.53498 1.32659
4.53935 1.38702
4.90443 2.96293
5.60213 3.44968
5.61804 3.45025
5.95852 -2.25113
4.78865 -0.968531
4.52215 0.809019
4.53157 1.26638
4.52871 1.19382
4.89728 -1.33038
4.5646 0.151032
4.55705 0.219116
4.52291 0.762145
4.52568 0.680975
4.8255 2.80087
7.18361 -1.30475
7.8828 0.804345
6.59967 3.0947
7.69311 1.63911
7.654 -0.551079
4.96213 3.05776
4.59349 1.88898
5.22169 -2.04875
5.27971 -2.12472
5.8347 -2.29049
7.34593 -1.09317
4.94119 3.02421
4.5333 1.29472
4.56647 1.68415
4.54568 1.46475
4.55463 0.242449
4.5226 0.785847
7.69362 -0.458013
4.52302 0.93652
4.57239 0.0841832
6.61093 3.08624
4.85988 2.87671
4.8518 2.85894
7.65992 -0.537684
