4.69416 -1.18644
4.70389 -1.22213
5.42367 -2.62945
5.41775 -2.6275
5.04812 -2.24857
5.06893 -2.28999
5.9205 -2.51637
5.84766 -2.55024
5.19688 -2.48864
5.21224 -2.50692
5.11633 -2.37633
5.14712 -2.42147
7.99218 0.162948
7.99294 0.168786
4.61494 -0.875142
4.63505 -0.957318
4.5228 -0.457804
4.56452 -0.661337
4.46918 2.06168
4.46921 2.06198
6.19097 3.52517
6.18378 3.52864
4.55746 2.53179
4.57358 2.59849
7.30299 2.6047
7.35865 2.53018
7.43368 -1.19656
7.45113 -1.17183
7.29399 -1.38044
7.32705 -1.33949
6.98226 -1.72404
7.02435 -1.68292
6.40992 -2.21321
6.41283 -2.21097
5.63461 -2.62169
5.64931 -2.61937
4.7948 -1.54709
4.76923 -1.46084
4.84913 -1.72458
4.84267 -1.70289
7.85244 -0.400999
7.84492 -0.422271
4.86121 3.30155
4.91793 3.37714
5.16426 3.58132
5.20458 3.60218
4.96156 3.42546
4.99559 3.45851
5.25438 3.62119
5.30984 3.64245
6.0029 -2.47431
6.03906 -2.45397
8.00728 0.296187
8.00646 0.285915
6.81395 3.1162
6.80107 3.12727
6.57564 3.29973
6.60031 3.28271
5.7268 3.66839
5.70708 3.67064
4.45373 1.94217
4.45277 1.93443
4.49254 2.20068
4.48866 2.17932
7.75728 -0.63545
7.75307 -0.644843
7.64051 -0.868697
7.64265 -0.864876
5.95641 3.61573
6.01584 3.59469
6.40718 3.40975
6.32319 3.45706
7.15366 2.78548
7.08326 2.86178
6.97207 2.97247
7.00383 2.9424
7.38317 -1.26636
7.39041 -1.25653
7.53406 -1.04628
7.50129 -1.09754
6.64037 -2.03481
6.63776 -2.03707
6.81837 -1.88083
6.83304 -1.86814
8.0186 0.507314
8.01876 0.582729
6.28313 -2.30213
6.2802 -2.30391
4.74337 -1.36755
4.76582 -1.44938
4.91844 -1.93215
4.92664 -1.95343
4.77147 3.15353
4.74433 3.09855
5.46246 3.67388
5.50582 3.67744
5.71617 -2.59971
5.73876 -2.59337
4.65572 -1.04083
4.65466 -1.03654
4.64949 2.86039
4.64503 2.84814
7.72153 1.89962
7.71221 1.92062
8.01173 0.765086
8.01198 0.761933
4.80928 3.22246
4.81724 3.23555
6.10667 -2.41409
6.17421 -2.37338
6.25962 -2.31752
6.19466 -2.35999
5.4291 -2.63068
5.33194 -2.5977
5.34315 -2.60347
5.27003 -2.55881
5.47784 -2.63643
5.46863 -2.63555
5.03366 -2.21722
5.00639 -2.1566
5.21745 -2.51116
5.16197 -2.44477
4.38783 0.905545
4.38797 0.850099
4.38878 1.03199
4.38814 0.977099
4.4032 1.40368
4.40041 1.35824
4.41163 1.52394
4.40891 1.48654
4.48963 -0.283653
4.50722 -0.377783
4.56514 -0.664251
4.40789 0.375985
4.41137 0.331601
4.39885 0.512052
4.40182 0.462058
4.46031 -0.0980042
4.46509 -0.13002
4.42622 0.173955
4.43329 0.109201
5.86189 3.6424
5.84125 3.64751
6.18135 3.52963
6.29592 3.4727
4.5472 2.48443
4.52907 2.39781
4.61297 2.74525
4.60875 2.72985
7.19951 2.73209
7.2239 2.70352
7.99018 0.964886
7.98334 1.01293
7.94663 1.21472
7.93002 1.28879
6.73135 -1.95821
6.6756 -2.00531
7.06074 -1.64497
6.92916 -1.77745
7.51085 2.30081
7.47499 2.35904
7.59008 2.16354
7.57262 2.19507
7.42717 2.4321
7.44857 2.39996
7.88005 1.47427
7.89353 1.42861
7.82502 1.64172
7.83579 1.6114
6.41571 -2.20871
6.53685 -2.11745
6.34712 -2.2576
5.52649 -2.63767
5.5589 -2.63489
7.93152 -0.142579
7.94062 -0.107181
7.89155 -0.282707
7.90178 -0.249325
7.88223 -0.312889
7.81067 -0.510717
7.80683 -0.520589
4.9203 3.38007
6.90275 3.03791
6.86496 3.07174
6.77563 3.14841
6.74747 3.17117
6.69198 3.21453
6.65496 3.24254
6.5176 3.34019
4.44324 1.85808
4.44609 1.8822
4.46101 1.99806
4.4698 2.06569
4.50885 2.2962
5.83505 3.64862
5.82314 3.65109
6.07055 3.57581
6.45308 3.38068
6.42887 3.3961
7.03941 2.90648
6.92329 3.01964
6.54524 -2.11059
6.90199 -1.80277
6.73586 -1.9545
7.11861 -1.58463
8.01625 0.672661
8.01261 0.750174
6.54115 -2.11395
6.33183 -2.26832
4.73614 3.08256
4.80401 3.21269
8.01656 0.434271
8.01857 0.491787
4.42875 1.72092
4.43083 1.74316
4.41637 1.58172
4.41901 1.61485
4.39185 0.668443
4.39013 0.722852
4.39726 0.541488
4.39482 0.592474
7.77611 1.77091
7.75487 1.82303
7.68569 1.97703
7.66576 2.01856
4.71022 3.02219
4.68816 2.96756
7.19638 -1.49681
7.22167 -1.46775
4.59974 -0.810948
4.3925 1.17836
4.39432 1.23109
4.38911 1.0494
4.39029 1.1041
5.66915 3.67509
5.63991 3.6778
4.56541 -0.665527
4.5661 -0.668639
4.71299 3.02948
4.72209 3.05108
7.16132 2.777
7.16566 2.7721
7.14427 -1.556
7.17608 -1.52017
7.12984 -1.57214
4.94115 -1.9941
4.95191 -2.02144
8.01698 0.652976
5.11543 3.55268
5.09938 3.54242
5.94114 -2.50684
5.93827 -2.50823
5.74348 3.66577
5.78397 3.65882
7.98304 0.105696
7.9714 0.0344063
4.46913 2.06135
4.92198 3.3819
8.00431 0.849925
8.01127 0.77091
4.71867 -1.27706
4.6718 -1.10301
4.82175 -1.63598
4.80556 -1.58171
4.96407 -2.05556
4.97798 -2.08928
5.03629 -2.2236
5.07763 -2.30486
5.08379 3.53087
5.01716 3.47824
5.82376 -2.5614
5.93611 -2.50917
7.99996 0.229653
7.99151 0.157743
4.39856 1.29459
4.39937 1.34332
4.38806 0.96891
4.38783 0.913599
4.39033 0.786596
4.38794 0.841977
4.4072 1.46394
4.40444 1.42239
4.40301 0.444245
4.40625 0.396836
5.53888 3.67952
5.61108 3.67922
4.44156 0.0390231
4.44798 -0.0110906
7.70242 -0.751369
7.69965 -0.756964
4.58233 2.63122
4.55012 2.4989
7.97047 1.09185
7.96006 1.14874
7.29151 2.61936
7.36708 2.51864
7.48468 -1.12237
7.42421 -1.20984
7.33933 -1.32329
7.27164 -1.40848
7.55098 2.23287
7.52512 2.27712
7.85377 1.55788
7.86574 1.52108
5.6762 -2.61162
5.60425 -2.62872
4.76831 -1.45786
4.86734 -1.7832
5.21293 3.60582
5.15068 3.57408
5.34317 3.65144
6.06654 -2.43858
5.98867 -2.48177
5.75517 -2.5867
8.00813 0.306406
7.95546 -0.042195
7.96796 0.0170479
7.94634 -0.0843
4.87788 -1.81411
4.88381 -1.83095
7.66496 -0.822871
7.80332 -0.528977
7.58236 -0.968911
7.38123 -1.26904
7.57201 -0.986171
8.01797 0.62109
6.08863 -2.42526
4.73633 -1.34139
5.40787 3.66584
5.69415 -2.60766
4.64202 -0.985673
4.66315 -1.07048
4.4222 1.6511
4.4246 1.679
4.39429 0.604809
4.39221 0.657667
4.63307 2.81252
4.66582 2.90722
4.39057 1.11374
4.39211 1.16759
4.66983 -1.09569
5.51322 -2.63754
4.99801 -2.13575
5.10508 -2.35561
5.1554 -2.43467
4.38884 1.0406
4.41372 1.55069
4.48338 -0.248274
4.4134 0.307347
4.39785 0.527274
4.48139 -0.236463
4.4204 0.230514
4.59931 2.69666
4.51778 2.3412
4.62595 2.78902
7.23758 2.68677
8.00083 0.88075
7.91901 1.33386
7.42128 2.44079
7.24677 -1.43787
7.62813 2.0928
7.6176 2.11291
7.46969 2.36737
7.90387 1.39088
7.8038 1.69971
5.59135 -2.62984
7.9256 -0.165424
6.72444 3.19008
4.43882 1.822
4.45157 1.92565
4.63905 -0.973499
4.4357 1.791
4.3898 0.732295
4.6786 2.94096
4.51255 2.31493
7.79411 1.72577
7.73129 1.87771
7.63952 2.07086
4.39469 1.24313
5.6807 3.67358
5.38908 3.66267
8.01596 0.419187
6.70906 3.20172
6.82667 3.10555
4.90237 -1.8852
6.18583 -2.36587
6.34651 -2.25806
6.62136 3.26784
4.43737 1.80718
7.91603 -0.200229
