6.02745 -2.79576
6.07192 -2.7623
4.53312 -1.40802
4.57348 -1.58766
8.08533 -0.262425
8.09132 -0.242851
8.19473 0.430294
8.19565 0.461174
4.20764 1.35831
4.20538 1.32923
4.19757 0.850322
4.19713 0.826036
6.8567 3.34518
6.84157 3.35769
4.32466 -0.454057
4.33776 -0.524705
4.24621 1.92292
4.23684 1.81843
4.82196 -2.69789
4.83325 -2.74425
4.80299 -2.60212
4.80932 -2.63117
4.22998 0.205971
4.22588 0.249005
7.86701 -0.823508
7.88087 -0.795423
5.39843 -3.2321
5.43031 -3.2111
5.47415 -3.18187
5.50995 -3.15769
6.43807 3.65628
6.42308 3.66535
7.86913 1.99943
7.88607 1.96157
4.34003 2.60537
4.3268 2.52389
5.27042 3.99446
5.28548 3.99711
4.76732 -2.42239
4.77224 -2.45244
7.15141 3.06831
7.19991 3.01743
8.14347 1.1165
8.13575 1.15949
4.97842 -3.30564
4.98066 -3.31168
5.30915 -3.28389
5.2616 -3.31276
7.47511 2.6822
7.50174 2.64644
7.66806 -1.174
7.63339 -1.22693
7.66792 2.39022
7.69759 2.33782
8.02376 1.60143
8.0048 1.65861
8.19549 0.646193
8.19539 0.64965
5.00428 -3.34407
5.07317 -3.37776
4.87088 -2.92677
4.86332 -2.88581
4.894 -3.02551
4.88838 -2.99749
4.66962 -2.00362
4.66766 -1.99415
4.64616 -1.90448
4.64664 -1.90657
5.64913 -3.06402
5.62746 -3.0783
4.93192 -3.16219
4.93807 -3.19054
5.14091 -3.3672
5.13808 -3.36893
5.98598 -2.8269
5.95341 -2.85006
6.65157 3.50889
6.6288 3.52523
6.18434 3.79887
6.21601 3.78331
6.03291 3.86719
6.0524 3.85946
5.7751 3.9586
5.74517 3.965
4.2544 2.00168
4.25382 1.99593
4.41086 2.95248
4.40458 2.92446
4.45415 3.11521
4.45334 3.1121
7.12095 3.09982
7.55534 -1.33991
7.59348 -1.28594
7.05166 -1.92713
7.07773 -1.90125
6.89043 -2.08444
6.88677 -2.0879
4.7693 3.7299
4.78159 3.74456
6.65797 -2.29024
6.67419 -2.27578
6.42767 -2.48213
6.40365 -2.5023
6.2278 -2.64202
6.23039 -2.63991
4.61172 -1.74874
4.6256 -1.80743
7.98228 -0.564775
7.97133 -0.592745
7.73883 -1.05903
7.76682 -1.01118
4.47651 3.18455
4.47287 3.1744
6.15078 -2.7008
6.09603 -2.74439
6.95832 3.25574
7.02693 3.19136
4.27788 2.19217
4.29374 2.30082
4.24705 1.93232
4.24785 1.94103
7.3072 2.89778
7.30757 2.89734
7.17163 -1.80151
7.23883 -1.72862
5.99141 -2.82247
4.50241 -1.27405
4.52236 -1.35863
4.5744 -1.59183
4.4452 -1.02785
4.44863 -1.04339
4.19741 1.01637
4.19715 0.977323
4.21508 1.51317
4.21357 1.48564
4.36529 -0.662897
4.36272 -0.650642
4.20798 0.49877
4.20998 0.46518
5.50105 4.00358
5.45016 4.00641
5.39202 4.00545
5.44486 4.00668
4.29618 2.31408
4.2982 2.32959
4.24756 0.0326673
4.25075 0.00586228
4.28628 -0.242146
4.28465 -0.232169
5.39696 -3.23279
5.47104 -3.18435
5.43487 -3.20803
7.95115 1.80457
7.96996 1.75558
7.7745 2.19547
7.79426 2.1569
4.35443 2.69063
4.36194 2.73041
4.89633 3.84591
4.89255 3.8434
5.04698 3.93078
5.01217 3.91539
5.14302 3.96685
5.14199 3.9665
4.7829 -2.49442
4.75618 -2.37411
8.09282 1.35931
8.07166 1.44213
4.96303 -3.27817
4.95954 -3.25971
7.62549 2.46086
7.57427 2.54055
6.97279 -2.00613
6.98278 -1.99673
7.45823 -1.47112
7.46355 -1.46438
4.54901 3.37494
4.53597 3.3463
4.71118 -2.17464
4.70403 -2.14327
4.74462 -2.32164
4.7362 -2.28137
5.79672 -2.96005
5.83901 -2.9316
5.76449 -2.98445
5.70624 -3.0263
4.68921 -2.08403
8.09635 -0.224737
8.02606 -0.447544
8.01456 -0.479144
8.17652 0.197791
8.18031 0.233521
8.15409 0.0323187
8.15829 0.060172
4.83762 3.79983
4.83694 3.79926
6.71742 3.45817
6.73679 3.44334
6.92898 3.28177
6.94367 3.26887
5.83111 3.94207
5.84045 3.93885
5.99744 3.88228
5.92496 3.90928
5.66176 3.98377
4.2764 2.18216
6.28142 3.74838
6.27159 3.75395
6.5175 3.6038
6.49318 3.62068
4.41979 2.98708
7.24741 2.9655
7.12843 -1.84771
6.91354 -2.06267
6.80437 -2.16201
8.19011 0.737883
8.1883 0.76292
6.74672 -2.21248
6.72161 -2.23467
6.61309 -2.32801
6.5118 -2.41352
6.4672 -2.45056
6.38979 -2.51314
6.34012 -2.55316
4.63097 -1.83322
4.60258 -1.70932
4.4768 -1.16711
4.47738 -1.16956
4.21981 1.59118
4.2213 1.61394
4.20503 0.560144
4.2035 0.595588
7.37567 -1.57351
7.3768 -1.57219
4.40211 -0.830887
4.39348 -0.790968
4.42654 -0.943293
4.42096 -0.91718
4.19809 1.06566
4.1988 1.10432
5.91568 -2.87786
5.91365 -2.87947
4.57493 -1.59435
4.57719 -1.60424
8.05527 -0.360532
8.18901 0.33589
8.19311 0.395511
4.19968 0.72332
4.19841 0.748348
7.05925 3.16085
7.04277 3.17652
6.75445 3.42955
6.8257 3.37068
5.51266 -3.15564
5.54774 -3.1328
4.26682 2.10988
5.39506 -3.23371
5.35762 -3.25601
6.35883 3.70376
6.34203 3.71409
4.83658 3.7989
8.17765 0.87567
8.17955 0.859276
8.16333 0.989685
8.17607 0.891788
5.00178 -3.34329
5.00082 -3.34239
4.94199 -3.21529
4.47053 3.16787
4.45942 3.13236
4.71584 3.66564
4.7307 3.68634
5.68886 -3.03741
8.12053 -0.130959
4.84548 3.80605
6.54805 3.58318
6.60266 3.54381
5.62411 3.99019
4.26079 2.06243
7.32527 -1.63245
7.25463 -1.71167
8.15009 0.00928447
8.12689 -0.105461
4.6461 -1.90427
4.64595 -1.90367
4.20255 1.23132
4.2027 1.25884
4.23186 1.75681
4.23074 1.74152
4.43199 3.03374
4.43579 3.04965
4.75152 -2.35035
7.34157 2.85501
7.37317 2.81739
4.60106 3.48675
4.60312 3.49111
4.49451 3.23656
4.50371 3.26303
6.57116 -2.36339
6.55184 -2.38006
6.10712 3.83514
6.1547 3.81298
6.79542 -2.17014
4.20458 1.29481
4.20852 1.38921
4.19823 0.786821
4.19696 0.874509
4.34429 -0.558864
4.31145 -0.383097
5.55499 3.99918
5.53267 4.00176
4.84544 -2.8059
4.81779 -2.67341
4.7993 -2.58785
4.78887 -2.53039
4.22036 0.320467
4.2374 0.126913
4.27579 -0.175378
4.26644 -0.11387
7.92172 -0.707618
7.82516 -0.904852
5.32529 -3.27641
7.91166 1.90185
7.84109 2.06049
4.34335 2.62778
4.31854 2.46707
4.43873 3.06178
5.30055 3.99851
5.21295 3.98435
8.15849 1.02401
8.11987 1.23961
5.21597 -3.33363
7.33182 -1.62501
4.57345 3.43036
4.56803 3.41994
5.60956 -3.09122
5.55194 -3.12964
4.84895 -2.81797
4.85358 -2.83847
4.87836 -2.95585
4.8983 -3.05083
4.91014 -3.09485
5.68193 -3.04173
4.91997 -3.12242
5.19896 -3.34454
5.12926 -3.37168
4.26048 2.05954
7.80586 -0.940682
7.93318 -0.681997
7.70558 -1.1141
7.60685 -1.26632
7.51358 -1.39865
4.64147 3.5596
4.65365 3.57794
4.83585 3.79814
8.19739 0.558868
6.27659 -2.60354
6.30214 -2.58254
6.22346 -2.64544
4.2245 1.65985
4.22697 1.69512
4.63346 3.5446
7.50556 -1.40955
6.08147 -2.75542
4.49031 -1.2224
4.49486 -1.24141
4.47253 -1.14925
4.46274 -1.10648
4.46133 -1.1001
4.43472 -0.980286
4.19723 0.952978
4.19761 1.04082
4.21198 1.45239
4.21715 1.54979
4.30546 -0.349
4.36625 -0.667655
4.2121 0.430981
4.20629 0.530391
5.44689 4.00663
5.58641 3.99495
5.36111 4.00419
4.26499 -0.103555
7.82345 2.09729
7.92907 1.86
7.98765 1.70756
7.74568 2.25097
4.31129 2.41934
4.36528 2.746
4.95083 3.88219
4.96524 3.89021
5.07622 3.94363
5.14364 3.96701
8.10704 1.29871
8.06245 1.47573
5.00031 -3.34143
7.63165 2.4509
7.5643 2.55572
7.43801 2.7336
7.38017 2.80843
7.51315 2.63001
7.72621 2.28679
7.49808 -1.41946
7.42065 -1.5186
7.41812 -1.52171
7.38803 -1.55855
4.52605 3.31997
4.59284 3.47012
4.50636 3.27065
4.69347 -2.10275
4.72053 -2.21235
4.72806 -2.24788
8.04355 1.54002
5.90796 -2.88355
8.18321 0.262608
8.17313 0.167039
5.81487 3.94712
5.88685 3.92391
6.0818 3.84625
4.39587 2.88815
4.38527 2.84131
6.78524 -2.17931
6.68904 -2.26295
6.53077 -2.39828
6.45122 -2.46341
6.32782 -2.56275
4.20265 0.623806
4.38986 -0.774712
4.40712 -0.854078
4.41428 -0.887122
4.19959 1.13003
8.19734 0.533709
4.20114 1.2047
4.1999 0.697426
6.48472 3.62611
7.94446 -0.656187
6.22456 3.77875
4.23582 1.80512
8.12582 -0.110154
4.38006 -0.727852
5.90238 3.91797
7.44868 2.71932
8.03474 1.56827
5.85683 -2.91859
8.16906 0.133695
6.15863 3.81111
6.32727 3.7229
4.39781 2.8971
4.37628 2.79907
6.40141 3.67835
4.37999 2.81671
5.91793 -2.87621
