6.37559 2.69987
6.35087 2.71198
5.54246 2.75031
5.49726 2.72198
5.00963 -0.241716
5.00253 -0.211184
5.00611 1.85851
4.99397 1.80777
6.74392 2.43713
6.69384 2.48071
4.89212 0.779833
4.89152 0.79678
6.06308 -1.57199
6.06441 -1.57169
6.93148 -1.00553
6.89313 -1.04866
7.05349 2.08785
7.06773 2.06846
7.11899 1.99372
7.16142 1.92563
7.50835 0.181427
7.51045 0.19371
5.51606 -1.39018
5.50876 -1.38227
4.90291 1.16053
4.90373 1.17494
5.69395 -1.52372
5.68453 -1.51812
7.53766 0.744141
7.53849 0.733885
5.16289 -0.767573
5.13719 -0.693441
5.29026 -1.05849
5.33458 -1.143
5.2086 -0.881225
5.17847 -0.807248
5.38789 -1.22693
5.337 -1.14688
4.96019 1.63852
4.97722 1.72856
4.92594 1.41099
4.92963 1.4389
4.91136 0.388615
4.91087 0.393347
4.89505 0.664094
4.89547 0.649477
4.89246 0.893593
4.89281 0.926505
5.33559 2.57821
5.34843 2.59311
5.22341 2.42025
5.18847 2.35754
5.13525 2.24721
5.16531 2.31405
6.25676 -1.51417
6.18133 -1.54073
5.87527 -1.57805
5.9179 -1.57938
5.0645 2.06161
5.0559 2.03382
6.81695 -1.12612
6.7858 -1.15671
7.25106 1.76652
7.26181 1.74588
7.2637 -0.526216
7.24989 -0.552348
7.35877 -0.327746
7.35736 -0.331137
4.94005 0.140398
4.9443 0.111701
6.08864 2.81078
6.16061 2.79104
5.95068 2.83381
6.02742 2.82301
5.73348 2.82245
5.74391 2.82477
6.45323 -1.4138
6.39569 -1.4462
6.65219 -1.27344
6.61025 -1.30545
6.57302 2.57704
6.5704 2.57904
7.42154 1.35397
7.42731 1.33679
7.48414 1.1243
7.48401 1.12496
7.52459 0.889038
7.52448 0.89
7.5367 0.414031
7.5361 0.404867
7.54146 0.569111
7.54223 0.598931
4.97763 -0.0853325
4.99629 -0.181396
7.05234 -0.857943
7.06227 -0.845274
7.17884 -0.676357
7.17869 -0.676597
7.46034 1.22172
7.44525 1.27606
7.50212 1.03359
7.50124 1.03887
6.84096 2.34325
6.87115 2.31087
6.92971 2.24596
6.96388 2.20473
6.43348 2.66675
6.45854 2.6525
7.42381 -0.155045
7.41958 -0.168383
7.40026 -0.222454
7.40319 -0.214404
7.37193 1.49754
7.39527 1.43327
4.89597 1.05429
4.91101 1.27225
4.9174 0.322653
4.91725 0.324173
4.90649 0.446421
4.90529 0.462036
4.89848 0.571862
4.89731 0.597452
4.89348 0.714661
4.89491 1.0251
6.48516 2.63654
6.48577 2.63614
5.04728 -0.394981
5.03083 -0.330664
7.20482 1.852
7.22495 1.81643
6.3214 2.72704
6.29543 2.73886
4.89576 1.04
5.08911 -0.545935
5.09104 -0.552237
7.46414 -0.0183423
7.45406 -0.0563576
7.29762 -0.459911
7.30636 -0.442408
7.39929 1.42159
4.91285 1.29462
5.02167 -0.293085
5.01089 -0.247353
5.07114 -0.48382
7.27601 1.71694
7.29774 1.67255
6.40539 2.68346
4.89192 0.763196
7.48784 0.07871
7.48403 0.0598934
7.36513 1.51468
5.4442 2.68356
5.60916 2.78279
7.54064 0.652016
7.53997 0.695767
7.50975 0.98541
7.50407 1.02339
4.99808 -0.190076
5.24668 -0.971371
5.246 -0.969761
5.44473 -1.30673
5.42386 -1.28054
4.9813 1.74971
5.01179 1.87954
6.65687 2.51203
6.76933 2.41322
5.27592 2.50147
5.31286 2.54892
6.15926 -1.54887
6.06266 -1.57203
5.78382 -1.55946
5.82785 -1.56929
5.09791 2.15602
5.07932 2.10617
7.09503 -0.798817
7.12205 -0.761726
6.96926 -0.96115
6.86071 -1.08238
7.32801 -0.397131
7.33645 -0.378772
4.92394 0.261338
4.92478 0.254266
5.84686 2.83634
5.77072 2.82782
6.55211 -1.3489
6.50737 -1.37851
7.10668 2.01238
7.01683 2.13725
6.26739 2.7517
6.2034 2.77549
7.17892 -0.676232
7.23793 -0.573898
7.52678 0.304113
7.30044 1.66676
7.33425 1.59085
5.64198 2.79624
5.40481 2.64895
5.58415 -1.45108
5.49459 -1.3654
5.71233 -1.53093
5.60564 -1.46886
7.53672 0.760138
5.1047 -0.595348
5.12021 -0.642897
5.08075 -0.518613
5.07317 -0.491194
5.17171 -0.790416
5.33558 -1.14464
5.24752 -0.97327
4.94169 1.52564
4.95079 1.58223
5.03498 1.96468
4.91323 1.29829
5.25551 2.47244
5.17625 2.33566
5.11279 2.19246
5.96842 -1.5816
6.28878 -1.49914
6.35549 -1.46865
6.7641 -1.17743
6.99843 -0.92635
6.7059 -1.22799
7.27887 -0.497558
7.37602 -0.285375
7.52725 0.307513
4.96858 -0.0367347
4.96262 -0.0026722
4.95878 0.0209512
6.05524 2.81896
5.88506 2.83648
7.52731 0.308002
6.52893 2.60668
6.57547 2.57521
7.02992 -0.887578
7.47324 1.16682
7.48436 1.12341
7.54059 0.501951
7.4657 1.19993
7.43376 1.31703
7.49204 1.08168
7.51342 0.964872
6.83166 2.35291
6.61397 2.54536
6.90827 2.27049
7.11621 1.9981
6.97989 2.18447
7.38047 -0.274181
7.37994 -0.275576
4.91856 0.311176
4.91166 0.384374
4.90185 0.508771
4.90053 0.530214
4.89573 0.635312
6.48461 2.63693
7.5319 0.812267
7.524 0.893436
7.42866 -0.139928
7.26982 1.72941
7.22708 1.81248
7.33748 1.58366
7.18872 1.87959
7.5248 0.88738
4.90133 0.51908
