7.28493 1.52231
7.29953 1.48542
7.46968 0.679897
7.47216 0.610467
7.42993 1.03093
7.43823 0.989438
5.08062 -0.202519
5.07756 -0.189371
5.1477 -0.455565
5.15946 -0.494318
5.37714 -1.01051
5.34728 -0.958513
5.48559 -1.17298
5.52649 -1.22408
5.08192 1.80953
5.07605 1.78498
5.43777 2.5141
5.39866 2.47104
5.89081 -1.44116
5.85939 -1.43382
5.14383 2.01035
5.17653 2.09896
7.23444 -0.42298
7.2337 -0.424543
5.75178 2.69558
5.80275 2.70413
6.46727 -1.29011
6.52395 -1.25285
6.16866 2.67583
6.2067 2.662
6.4119 2.56953
6.43851 2.55486
7.15721 -0.563524
7.12211 -0.621458
5.55122 2.60657
5.61915 2.64549
7.46648 0.741517
7.46884 0.712343
5.21304 -0.651558
5.17861 -0.556357
5.28869 -0.836998
5.31477 -0.892014
5.0337 1.59103
5.01547 1.4879
4.99832 1.36423
5.00891 1.44437
4.97832 1.15085
4.97264 1.0697
5.31487 2.36286
5.36034 2.42748
6.0778 -1.4423
6.0743 -1.44251
6.27096 -1.38913
6.30488 -1.37371
5.2193 2.19359
5.18109 2.11058
6.92789 -0.888017
6.86054 -0.962288
6.70917 -1.11
6.67493 -1.14019
5.71046 -1.37717
5.62512 -1.31866
7.30161 -0.272404
7.28459 -0.313445
7.37674 -0.0597881
7.39418 0.00110894
7.43306 0.17212
7.44529 0.242151
5.04211 -0.0179415
5.05169 -0.0664583
4.96638 0.881169
4.96684 0.908575
4.9682 0.684271
4.96738 0.713106
4.984 0.413476
4.98071 0.452182
5.00979 0.180026
5.02751 0.060318
5.87577 2.71369
5.958 2.71368
6.99484 -0.804174
6.93315 -0.881976
7.3298 1.40394
7.35329 1.33406
7.41127 1.12162
7.40424 1.15622
7.46929 0.481143
7.46414 0.402215
7.47028 0.513263
7.47241 0.596358
5.09714 -0.274303
5.11885 -0.355463
7.44613 0.934606
7.44144 0.970376
6.75303 2.31411
6.77001 2.29747
6.57914 2.46095
6.6172 2.43125
6.92453 2.1274
6.89654 2.16127
7.00873 2.01986
7.00355 2.02704
6.32954 2.61175
6.35776 2.59873
6.4467 2.54987
6.48967 2.52363
5.13083 -0.398156
4.96736 0.936469
4.96904 1.01004
4.9656 0.805378
7.38657 1.22301
7.40057 1.17041
7.45881 0.840493
7.45903 0.838651
5.16281 -0.505241
5.17731 -0.552603
6.84071 2.22634
6.84039 2.22669
7.06548 1.93608
7.09832 1.88492
7.31469 -0.239553
7.32973 -0.20075
7.3249 1.41884
4.98582 1.24747
4.98247 1.20656
5.09222 -0.254129
5.09131 -0.250265
4.98867 0.363167
4.99275 0.321593
4.97098 0.613297
4.97227 0.582686
7.22461 1.65693
7.22749 1.65106
7.17395 1.75518
7.1692 1.76404
5.0375 0.00690813
5.02767 0.0593244
4.96564 0.778299
7.07406 -0.696859
7.05856 -0.719631
7.2649 1.56928
7.31906 1.43581
7.47235 0.59844
7.46943 0.693167
7.43922 0.98281
7.42454 1.06225
5.06903 -0.150899
5.33056 -0.925054
5.4167 -1.07593
5.55023 -1.24846
5.43582 -1.10682
5.05635 1.70122
5.09663 1.86408
6.66573 2.3923
6.69588 2.36583
5.3717 2.44137
5.45452 2.53066
6.17369 -1.42184
6.08763 -1.44035
5.79992 -1.41765
5.92262 -1.44351
5.17841 2.10401
5.12032 1.94069
6.76747 -1.05683
6.78785 -1.03797
7.20379 1.69884
7.19916 1.7078
7.23349 -0.424954
7.27993 -0.324048
7.40844 0.0572078
7.42263 0.118828
4.96606 0.750849
4.9949 0.301661
5.00661 0.203743
5.73558 2.69095
5.8544 2.71267
6.56625 -1.22437
6.41275 -1.32083
7.00149 2.02975
6.95124 2.09493
6.06424 2.70185
6.27589 2.63693
7.04324 -0.740566
7.18229 -0.520033
7.24846 1.60607
7.25652 1.58799
5.65025 2.66066
5.5146 2.58006
7.46539 0.760084
5.24056 -0.724121
5.17807 -0.554832
5.24956 -0.747428
5.42755 -1.09385
5.26109 -0.77613
5.61904 -1.31411
5.01395 1.47896
5.0425 1.63458
5.11183 1.91504
4.99622 1.34566
5.26862 2.29021
5.26345 2.28095
5.25847 2.27112
5.98353 -1.44855
6.19614 -1.41412
6.36956 -1.34474
5.72129 -1.38255
6.80052 -1.02574
6.93058 -0.884994
6.62559 -1.17904
7.14745 1.80295
7.12315 1.84435
7.20482 -0.479557
7.30778 -0.257249
7.33764 -0.178965
7.3608 -0.111823
7.45134 0.285167
5.05758 -0.0968042
5.03933 -0.00314882
4.96943 0.647905
4.974 0.549967
4.97836 0.482221
4.98633 0.386897
5.02756 0.0600322
6.06236 2.70231
6.06019 2.70263
7.46154 0.37349
7.40207 1.16419
7.41747 1.09621
7.4701 0.499353
7.37851 1.25253
7.38016 1.24652
7.42075 1.07905
7.44935 0.914612
6.83788 2.22925
6.53347 2.49342
6.83997 2.22713
6.84156 2.22542
7.05215 1.95677
6.49315 2.52151
6.4391 2.55449
7.45916 0.837355
6.30205 2.62513
6.38406 2.58545
7.35643 1.32444
