6.99771 -0.639153
7.053 -0.554547
7.38438 0.612979
7.38509 0.593139
5.12296 1.53336
5.12687 1.55149
6.58986 2.31622
6.61344 2.29685
6.28817 -1.23756
6.19405 -1.26771
6.64412 -1.02257
6.6109 -1.0501
7.11261 1.67972
7.14069 1.6245
5.72289 -1.19653
5.79294 -1.23536
7.17504 -0.334491
7.1642 -0.357251
7.33773 0.144062
7.32121 0.0717586
5.05641 0.760323
5.05723 0.710981
5.09553 0.228745
5.08844 0.283733
5.76688 2.53846
5.76151 2.537
5.96801 2.56693
6.01875 2.56254
6.39449 2.44457
6.35323 2.46517
6.17132 2.53648
6.17911 2.53466
6.97915 -0.665435
6.91813 -0.743365
7.21988 1.44636
7.19757 1.49998
5.06301 1.03561
5.06907 1.12475
5.23708 -0.406209
5.21231 -0.327186
5.30639 -0.600011
5.33126 -0.65938
5.38851 -0.781875
5.36289 -0.731718
5.48705 -0.949819
5.5402 -1.02486
5.61144 -1.10349
5.55497 -1.0414
5.17472 1.74957
5.20244 1.844
6.09563 -1.28532
6.19049 -1.26873
5.24067 1.94779
5.20793 1.86008
5.32256 2.12687
5.36476 2.2006
5.42843 2.29046
5.37639 2.21992
5.56738 2.43268
5.56344 2.42974
6.77099 -0.907708
6.71836 -0.959293
7.02865 1.82166
7.07424 1.74744
5.9089 -1.27661
5.87436 -1.26541
7.27369 -0.0901206
7.25202 -0.151767
5.06932 0.474038
5.06334 0.560268
7.36745 0.318753
7.37471 0.383703
6.4845 -1.13844
6.40787 -1.1821
6.83684 2.08024
6.86921 2.042
7.25313 1.35884
7.24326 1.38609
7.28324 1.26764
7.29462 1.22813
7.34253 1.02771
7.33407 1.07483
7.3658 0.883185
7.3604 0.928373
5.26365 -0.487793
5.24703 -0.437092
5.20853 -0.314906
5.17146 -0.173663
5.16135 -0.130372
5.05834 0.954903
5.05738 0.906434
6.7171 2.20523
6.74558 2.178
7.32296 1.11836
7.33362 1.0769
6.92565 1.972
6.9186 1.98112
6.81314 2.10746
7.37758 0.774751
7.37504 0.805731
5.17946 -0.205958
5.1916 -0.253896
5.1357 -0.0126837
5.14718 -0.0670517
6.80173 2.11999
6.77195 2.15181
6.34031 2.47168
6.29732 2.49121
5.05998 0.989179
5.1762 -0.192942
5.07402 1.19621
5.08662 1.30717
6.50376 2.37829
6.47139 2.39871
7.11136 1.68211
7.108 1.68839
5.12236 0.0551253
5.12153 0.0595731
5.20621 -0.307219
5.19615 -0.271728
5.91799 2.56464
5.86414 2.56029
6.28631 2.49623
6.18195 2.53366
6.98887 -0.652153
7.10864 -0.463551
7.38348 0.528716
7.38296 0.68998
7.35147 0.979576
7.34798 1.00218
5.43475 -0.867522
5.4504 -0.894907
5.14723 1.6425
5.11251 1.47809
6.53345 2.35716
6.67673 2.24379
6.19108 -1.26863
6.3024 -1.23123
5.27834 2.03945
5.27114 2.02213
5.49297 2.36476
5.46868 2.33978
6.5955 -1.06237
6.69396 -0.980742
7.14602 1.61352
7.11189 1.6811
5.81522 -1.24649
5.69234 -1.17367
7.21022 -0.256555
7.12553 -0.432849
7.34752 0.191551
7.30963 0.0281228
5.12665 0.0314586
5.13393 -0.00373664
5.0576 0.694328
5.05632 0.776155
5.10819 0.14102
5.08078 0.350455
5.71471 2.5169
6.07304 2.5578
6.84757 -0.828709
6.84466 -0.831927
6.83982 -0.837028
7.11415 -0.454057
7.18428 1.53114
7.23199 1.41542
5.66044 2.49358
5.65625 2.49118
7.3828 0.695287
5.27778 -0.52835
5.2693 -0.504452
5.34608 -0.69413
5.41721 -0.835206
5.54412 -1.02948
5.63208 -1.12462
5.10288 1.4215
5.16264 1.70316
5.20582 1.8543
5.10051 1.40519
5.61168 2.46185
6.00172 -1.28837
6.05707 -1.28649
6.3867 -1.19383
5.9286 -1.27965
5.28743 2.05937
5.37106 2.21153
6.51999 -1.11468
6.98659 1.88622
7.08466 1.72964
7.21918 -0.235712
7.28923 -0.0425297
7.22912 -0.210908
7.35873 0.257909
5.0591 0.645784
5.07352 0.423463
5.06124 0.59954
5.07711 0.38475
5.11334 0.108774
7.38078 0.453891
7.31306 1.16091
7.31555 1.15174
7.38318 0.49615
7.27061 1.3062
7.3102 1.17277
7.33384 1.07585
7.35912 0.936962
6.68385 2.23715
6.93407 1.96071
6.97338 1.90594
6.75325 2.17046
6.8851 2.0234
7.38128 0.72022
7.36991 0.852285
5.26718 -0.498218
5.05612 0.856812
5.05587 0.825915
5.07343 1.19087
5.09636 1.37745
5.05593 0.791657
6.42032 2.42931
6.4079 2.43691
5.155 -0.102654
5.05672 0.890645
6.46069 2.40532
