6.22211 1.97801
6.24683 1.96955
5.96209 1.9767
6.01339 1.98936
6.90465 1.29586
6.90677 1.29132
6.89754 -0.0762693
6.89041 -0.0921708
5.60469 -0.245
5.58889 -0.208766
5.51641 -0.0148462
5.50942 0.00876853
6.37593 -0.640917
6.43784 -0.607895
6.15863 -0.693543
6.13029 -0.691269
5.95944 -0.650027
6.0179 -0.67071
5.77799 -0.512329
5.81682 -0.549004
5.7505 1.8549
5.81235 1.90715
6.80793 -0.237136
6.77592 -0.286281
6.61068 -0.480403
6.62854 -0.462978
5.42905 1.09169
5.44213 1.17927
5.40953 0.859951
5.41337 0.930147
5.47076 1.30971
5.44792 1.21063
5.53403 1.51742
5.53643 1.52279
5.62374 1.70029
5.62335 1.69966
6.65042 1.69487
6.69885 1.63873
6.7404 1.58533
6.77848 1.52958
6.94072 0.0272049
6.97234 0.119019
5.68393 -0.389862
5.67712 -0.378102
5.4569 0.219215
5.463 0.189904
5.40842 0.666717
5.41072 0.606812
5.42684 0.417004
5.43857 0.32858
6.42499 1.88663
6.40825 1.89835
7.02718 0.360706
7.01231 0.277032
7.04663 0.638168
7.04407 0.528559
7.04441 0.691291
7.03876 0.769174
6.96192 1.14519
6.961 1.14794
6.93288 1.23021
6.93204 1.2327
6.52908 1.81088
6.57524 1.77283
6.94782 1.18711
7.00505 0.983792
7.01601 0.932442
6.86 1.38865
6.8515 1.40522
6.47901 1.85128
6.26499 -0.679367
6.30683 -0.666147
5.86639 -0.593525
5.90438 -0.617499
6.16005 1.98859
6.32909 1.94035
6.08664 1.99346
5.9118 1.96127
6.73829 -0.338262
6.70595 -0.378231
5.41697 0.977252
5.42616 1.06783
5.49975 1.41474
5.53114 1.50991
5.68121 1.77915
5.6244 1.7012
6.9229 1.25477
6.87998 1.34853
6.88852 -0.0958264
6.93449 0.0104077
5.57325 -0.17115
5.63401 -0.300677
5.52653 -0.0476224
5.48857 0.0868839
5.42098 0.469959
5.41742 0.507005
7.04205 0.494309
7.03312 0.404246
6.49195 -0.575447
6.18918 -0.689888
6.05688 -0.683201
5.74499 -0.471239
6.36768 1.91982
6.34876 1.93086
6.11683 1.9948
5.84051 1.92419
5.7155 1.82124
6.65842 -0.431034
6.83863 -0.187302
6.54125 -0.538164
5.44627 1.20294
5.40747 0.7964
5.40708 0.739577
5.48474 1.36203
5.68839 -0.397176
7.03592 0.797247
7.02577 0.870653
5.57836 1.61361
6.60019 1.74955
6.71765 1.61596
6.79952 1.49595
6.83406 1.43707
6.98035 0.146533
5.55059 -0.112974
5.46637 0.174671
5.44356 0.29641
5.41494 0.540334
6.46904 1.85923
7.00343 0.235936
7.04645 0.650349
6.98633 1.06304
6.9944 1.03184
7.01984 0.911845
6.58472 1.76477
6.98879 1.05459
6.93102 1.23545
