7.05468 -0.612138
7.07708 -0.577863
7.41285 0.635314
7.41432 0.594217
5.05254 1.29333
5.05637 1.32672
6.28234 -1.28891
6.23055 -1.30549
6.64468 -1.07069
6.70327 -1.02215
7.15269 1.66743
7.16997 1.63346
5.71865 -1.25812
5.73209 -1.26557
7.21447 -0.322886
7.18739 -0.379712
7.37144 0.153984
7.34696 0.0468303
5.06636 0.212171
5.05443 0.304733
6.02998 2.61163
5.96428 2.61731
6.39094 2.49253
6.37351 2.50123
6.17558 2.5824
6.09289 2.60177
6.96537 -0.738571
6.94287 -0.767314
7.24203 1.47222
7.22998 1.50118
5.03569 1.10569
5.02861 1.00177
5.18952 -0.370618
5.20605 -0.423345
5.27339 -0.618234
5.27461 -0.621146
5.44789 -0.971442
5.45215 -0.977457
5.35335 -0.801295
5.3575 -0.810057
5.5676 -1.1277
5.53555 -1.09246
5.09248 1.55305
5.08831 1.52948
5.14327 1.76989
5.16214 1.83412
5.52321 2.46048
5.55905 2.48995
6.08956 -1.33874
6.04578 -1.3413
5.90317 -1.33229
5.96146 -1.33895
5.20697 1.96956
5.19524 1.93813
5.28628 2.15031
5.29284 2.16176
5.38904 2.31592
5.37057 2.29087
6.76141 -0.96696
6.80236 -0.926824
7.0796 1.80007
7.0506 1.84728
7.31025 -0.0793607
7.27647 -0.175441
5.11354 -0.06615
5.11368 -0.0668435
5.02466 0.845185
5.0257 0.907183
5.02754 0.647627
5.02573 0.711726
5.03907 0.456851
5.03049 0.58055
5.7164 2.57571
5.75819 2.5905
7.39455 0.291773
7.40586 0.39287
6.47859 -1.19051
6.44917 -1.20727
6.89768 2.06158
6.89834 2.0608
5.17635 -0.323712
5.16956 -0.298335
7.32115 1.24348
7.33132 1.20814
7.37328 1.02884
7.37122 1.04029
7.38892 0.932497
7.38675 0.949044
6.68274 2.2862
6.67558 2.29286
6.58616 2.36619
6.5201 2.4132
6.96991 1.96539
6.95024 1.99265
7.39593 0.884296
7.39375 0.90248
5.21672 -0.456124
5.21005 -0.435753
5.13148 -0.146678
5.12762 -0.130163
5.02687 0.970283
5.02696 0.974282
5.02459 0.838899
6.74796 2.22514
6.76051 2.21315
7.35368 1.11949
7.35809 1.10234
6.84171 2.1259
7.30618 1.29443
7.28263 1.36464
5.15016 -0.222135
5.1579 -0.252676
6.81474 2.15549
6.78286 2.18956
6.33675 2.51974
6.31812 2.52821
7.40554 0.796683
7.40761 0.773305
5.02763 0.645486
5.02928 0.606439
5.14256 -0.191724
7.13225 1.7065
7.11097 1.74622
5.09404 0.0390314
5.09015 0.0597681
5.02468 0.776903
6.28275 2.54435
6.23471 2.56157
7.01213 -0.674676
7.1051 -0.532034
7.41327 0.552088
7.41182 0.691044
7.38107 0.980667
7.37452 1.02301
5.39932 -0.887088
5.44539 -0.967697
5.11555 1.66297
5.10656 1.62276
6.67292 2.29529
6.60289 2.35271
5.45092 2.39166
5.46352 2.40553
6.18523 -1.3202
6.33818 -1.26406
5.24489 2.06106
5.21641 1.99257
6.58139 -1.12114
6.72654 -1.0006
7.18554 1.6014
7.14102 1.69001
5.81118 -1.30505
5.64031 -1.1995
7.23401 -0.279589
7.15198 -0.448945
7.37392 0.165992
7.34474 0.0384576
5.02565 0.714057
5.07354 0.162414
5.05111 0.333601
5.84219 2.60946
5.86051 2.61249
5.89883 2.61432
6.06938 2.60725
6.91451 -0.801609
7.13721 -0.47638
7.20625 1.5568
7.26381 1.41659
5.65699 2.55018
5.60745 2.5218
7.41101 0.717424
5.27198 -0.614719
5.23885 -0.521268
5.31343 -0.712161
5.34968 -0.793209
5.50456 -1.05133
5.62764 -1.18918
5.0732 1.44068
5.11951 1.67854
5.17424 1.87471
5.06509 1.38497
5.42656 2.36189
5.99552 -1.34301
6.10965 -1.33474
6.38087 -1.24512
5.85146 -1.31794
5.28083 2.13982
5.33498 2.23484
6.87323 -0.85004
6.83144 -0.89695
6.55761 -1.13761
7.03488 1.87142
7.10619 1.75478
7.14371 -0.464701
7.24969 -0.243128
7.31433 -0.0668393
7.26706 -0.199738
7.39106 0.267424
5.11423 -0.0696816
5.10175 -0.00353671
5.02758 0.64653
5.04013 0.444077
5.03041 0.582021
5.04556 0.385496
5.0847 0.0925013
7.40873 0.426068
7.34277 1.16201
7.35078 1.13254
7.41277 0.49724
7.33359 1.20008
7.30895 1.28531
7.36294 1.07692
6.73915 2.2336
6.50012 2.42741
6.89966 2.05917
7.00017 1.92322
6.89867 2.06042
7.27582 1.38532
7.40187 0.832595
7.39732 0.873791
5.23053 -0.496891
5.04341 1.21027
6.46126 2.45097
6.42744 2.47168
5.03696 1.12506
5.1252 -0.119588
6.48007 2.4398
