6.04474 -2.74025
6.01653 -2.76147
4.5749 -1.47384
4.55642 -1.39158
8.05197 -0.292583
8.06562 -0.247979
8.17211 0.421808
8.17228 0.427454
4.23285 1.35828
4.2295 1.3152
4.22258 0.850293
4.22188 0.811632
6.85291 3.31492
6.82491 3.33808
4.34719 -0.441296
4.36586 -0.541953
4.28768 2.05982
4.28936 2.07451
4.87724 -2.71474
4.873 -2.69735
4.85268 -2.62281
4.84242 -2.57568
4.27403 0.0164093
4.27372 0.0188644
4.25087 0.243714
4.24912 0.262159
7.83843 -0.829209
7.86458 -0.776229
5.34915 -3.17151
5.34205 -3.17355
6.4342 3.62543
6.38713 3.65392
7.84361 2.00183
7.87081 1.94104
4.36294 2.57232
4.35248 2.50788
4.80602 -2.42575
4.80662 -2.42938
7.14265 3.04176
7.22021 2.96037
8.12423 1.09747
8.1102 1.17555
5.2198 -3.21265
5.24535 -3.20704
7.45674 2.66772
7.4858 2.6287
7.65339 2.37068
7.65754 2.36336
4.69585 3.56359
4.74352 3.63069
5.52913 -3.07876
5.57337 -3.05191
8.0139 1.56139
7.98737 1.64137
5.87305 -2.86103
5.86286 -2.86809
8.1749 0.558607
8.17186 0.664441
5.08119 -3.18435
5.10634 -3.19882
4.96591 -3.00413
4.95958 -2.98433
4.90628 -2.82285
4.91909 -2.86017
4.68179 -1.91525
4.69741 -1.98275
5.63602 -3.01566
5.62497 -3.02294
5.01285 -3.10057
5.00751 -3.08729
4.61901 -1.65556
4.6069 -1.60528
6.64777 3.4786
6.61137 3.50472
6.00978 3.84169
6.03545 3.83151
5.76904 3.9222
5.67432 3.94247
6.2616 3.72535
6.26763 3.72234
4.43798 2.93028
4.43616 2.92217
7.09393 3.09216
7.28151 2.89007
7.22452 2.95557
7.6416 -1.17299
7.64916 -1.16126
7.54006 -1.32191
7.56224 -1.29053
7.02293 -1.92142
7.07099 -1.87372
6.85951 -2.0783
6.87996 -2.06004
6.41027 -2.46096
6.40444 -2.46586
6.65871 -2.25589
6.65819 -2.25632
4.65699 -1.81659
4.658 -1.82084
7.96539 -0.54488
7.94457 -0.598084
5.59741 3.95441
5.55579 3.95953
7.70874 -1.06503
7.75108 -0.992637
4.52458 3.21446
4.50923 3.17176
6.9545 3.22525
6.99905 3.18344
4.3081 2.21094
4.31893 2.28512
7.16485 -1.77376
7.21886 -1.71518
4.54354 -1.33538
4.55191 -1.37086
4.59968 -1.57688
4.22182 1.00217
4.22165 0.977294
4.23902 1.49924
4.23828 1.48575
5.88122 3.89009
5.87229 3.89253
4.38836 -0.649837
4.36896 -0.557583
4.23326 0.483243
4.23436 0.464784
5.49433 3.96322
5.46785 3.96469
5.38497 3.96311
5.38751 3.96317
4.32431 2.31437
4.32876 2.34857
4.31455 -0.259505
4.30792 -0.218997
5.43177 -3.1318
5.4237 -3.13641
7.9265 1.80689
7.9543 1.73451
7.74798 2.19797
7.77931 2.13679
4.37264 2.62566
4.3892 2.71342
4.9561 3.8285
4.91548 3.80152
5.03475 3.87415
5.05008 3.88093
5.11986 3.90956
5.16577 3.9253
5.37958 3.96268
5.3082 3.95561
4.82403 -2.49798
4.79452 -2.3759
8.04581 1.45405
8.07462 1.34131
7.36426 2.79038
7.42036 2.71796
7.49268 2.61898
7.54753 2.53926
6.9427 -2.00016
6.97597 -1.96888
7.61264 2.43778
7.64505 2.38463
4.59679 3.38949
4.58931 3.37306
4.65842 3.50422
4.63496 3.46505
4.54949 3.27913
4.56607 3.32166
4.71699 -2.06453
4.72066 -2.07705
4.77121 -2.27843
4.77288 -2.28455
4.72377 -2.08937
4.73855 -2.14626
8.04457 1.45879
8.04318 1.46362
5.74296 -2.9477
5.75622 -2.93952
8.07709 -0.206703
8.00782 -0.430468
7.9882 -0.484405
8.15593 0.217068
8.15674 0.224678
6.68591 3.44922
6.71976 3.42331
6.90005 3.27356
6.92731 3.24962
5.89611 3.88498
5.99195 3.84928
6.07669 3.81403
6.04697 3.8268
5.80778 3.91102
5.65559 3.94669
4.27216 1.92588
4.27293 1.93259
4.30154 2.16649
6.21166 3.75106
6.18167 3.76511
6.4995 3.58289
6.48933 3.58995
4.41636 2.83934
4.42461 2.87517
4.45204 2.98474
7.22209 2.95831
7.29835 2.87094
6.77365 -2.15591
6.78313 -2.14782
7.10081 -1.84223
4.67434 3.53269
8.16796 0.729574
8.16447 0.7779
6.64362 -2.26863
6.59673 -2.30811
6.47748 -2.40671
6.46798 -2.41459
6.35327 -2.50589
6.34092 -2.51584
6.71879 -2.20347
4.65839 -1.82271
4.63527 -1.72286
8.17403 0.502594
8.17506 0.550493
4.49984 -1.15085
4.5041 -1.16867
4.4736 -1.03972
4.47426 -1.04253
4.24557 1.60717
4.24602 1.61405
4.2289 0.573981
4.22798 0.595189
7.43608 -1.46157
7.44422 -1.45136
7.3402 -1.57872
7.35707 -1.55891
4.42414 -0.815338
4.41869 -0.790131
4.44867 -0.927672
4.44625 -0.91634
4.22289 1.08004
4.22334 1.10429
6.20565 -2.61984
6.13934 -2.67042
8.02958 -0.365658
4.86493 3.76119
4.83518 3.73335
8.16385 0.299601
8.17181 0.415448
4.22468 0.72329
4.22269 0.762423
7.05542 3.13025
7.02667 3.15758
6.75065 3.39919
6.79552 3.36211
4.28572 2.04689
4.28019 1.9962
4.2612 1.80743
4.26099 1.80538
8.15493 0.873311
8.15893 0.83888
8.14343 0.970007
8.15161 0.90716
4.49939 3.14424
4.48854 3.10954
5.67613 -2.99043
5.76575 -2.93363
8.10065 -0.115303
6.54423 3.55271
6.56959 3.53443
5.64714 3.94813
8.17504 0.553625
4.2608 1.8035
4.25616 1.7482
7.28915 -1.63776
7.24788 -1.68404
5.94298 -2.81297
5.92364 -2.8259
4.67558 -1.89297
4.65947 -1.82781
4.22768 1.23129
4.22791 1.27345
4.25565 1.74198
4.25563 1.74178
6.327 3.68981
6.32339 3.69193
7.32293 2.84033
7.35091 2.80702
4.5313 3.23388
4.53573 3.24661
4.7651 3.65817
4.79365 3.68933
6.5388 -2.35697
6.53532 -2.35997
6.10177 3.80303
6.11055 3.79894
4.22902 1.29479
4.23414 1.40407
4.22257 0.786793
4.22161 0.888796
4.36667 -0.546193
4.33957 -0.40036
4.87903 -2.72382
4.85949 -2.64543
4.82765 -2.51859
4.82535 -2.50591
4.27133 0.0405265
4.28969 -0.100706
4.24164 0.358906
4.2606 0.14005
7.89392 -0.713164
7.80919 -0.886042
5.31155 -3.18695
5.38603 -3.15533
7.8866 1.90421
7.826 2.04018
4.34933 2.48623
4.36978 2.6113
4.47342 3.05951
4.46943 3.0472
5.2355 3.94316
5.24241 3.94438
8.13362 1.03965
8.10117 1.22111
5.27061 -3.1979
5.17725 -3.21476
5.13087 -3.20893
7.3121 -1.61173
4.62582 3.44631
4.59896 3.39463
5.59569 -3.04007
5.47638 -3.10737
4.9009 -2.79905
5.05836 -3.16012
5.04352 -3.14803
5.0298 -3.12906
4.94684 -2.94652
4.98586 -3.04731
4.93764 -2.92117
4.9337 -2.91208
5.64016 -3.01285
8.12957 0.0231222
8.13041 0.0277107
8.12839 0.0170471
7.77662 -0.946516
7.91661 -0.662466
7.69012 -1.09588
7.63812 -1.1784
7.59125 -1.24795
7.49895 -1.37974
6.27741 -2.56559
6.28385 -2.5603
6.26404 -2.57612
4.48662 -1.09536
4.48903 -1.10561
4.25034 1.67589
4.25065 1.68036
7.38911 -1.52001
7.40111 -1.50545
5.98494 -2.78402
5.96266 -2.79914
6.08239 -2.7131
4.51327 -1.20619
4.52466 -1.25375
4.46866 -1.01822
4.46012 -0.979442
4.22178 0.938691
4.22213 1.04079
4.23603 1.4384
4.2419 1.5499
4.32829 -0.336076
4.39558 -0.685655
4.23742 0.415432
4.23076 0.529993
5.43984 3.96428
5.53689 3.96076
5.38364 3.96306
4.29254 -0.120475
5.46074 -3.1173
5.39051 -3.15328
7.79745 2.09974
7.91363 1.83922
7.96338 1.70985
7.73082 2.23098
4.33677 2.40346
4.40092 2.76818
4.89192 3.78282
4.97378 3.84027
5.02971 3.87144
5.09887 3.90226
5.23014 3.94182
8.08073 1.31524
8.04474 1.45821
7.55512 2.52791
7.60528 2.44963
7.42909 2.70655
7.48132 -1.4034
7.48795 -1.39479
7.70115 2.28558
4.57191 3.33393
4.7887 -2.35068
4.75596 -2.21542
4.78952 -2.35364
8.02007 1.54223
5.90665 -2.83829
8.16246 0.282034
8.14943 0.15815
6.32274 3.69228
4.41167 2.8197
4.43354 2.91159
6.53153 -2.36325
6.41599 -2.45642
6.29033 -2.55531
6.65771 -2.25673
4.2267 0.63775
4.45219 2.9853
4.4118 -0.759223
4.43233 -0.85324
4.4363 -0.871578
4.22456 1.14451
6.12558 -2.68036
4.22552 1.19052
4.22502 0.682804
5.46813 -3.11258
5.38661 -3.15515
6.45015 3.61512
7.93893 -0.611394
4.40507 -0.727021
4.75346 -2.20661
8.01732 1.55105
5.8317 -2.88857
8.14877 0.15269
8.13864 0.0835503
8.1062 -0.091788
6.13644 3.78664
4.27383 1.94007
4.81707 3.71552
6.10029 -2.69955
4.40686 2.79684
6.38268 3.65659
