4.71428 -1.17224
4.73094 -1.23333
5.41796 -2.56717
5.37921 -2.55439
5.00722 -2.07333
4.98316 -2.01509
5.10383 -2.26929
5.10973 -2.28102
5.03844 3.44603
5.11372 3.50522
5.24447 -2.46304
5.23903 -2.45656
4.66014 -0.96835
4.63403 -0.861669
4.57143 -0.589306
4.54222 -0.446812
6.18016 3.49971
6.29023 3.44658
4.57713 2.50306
4.59672 2.58407
7.29513 2.58088
7.33389 2.52899
7.41994 -1.18038
7.46411 -1.11778
7.26458 -1.38477
7.29619 -1.34561
6.60937 -2.02866
6.63154 -2.01166
6.95704 -1.71904
7.0185 -1.65899
4.81673 -1.5316
4.79947 -1.47336
7.83047 -0.405383
7.82958 -0.407906
4.8321 3.19526
4.8147 3.16507
4.89669 3.29122
4.91575 3.31662
4.98386 3.39497
5.01526 3.42547
5.25221 3.57988
5.30836 3.60141
6.03443 -2.42045
6.03869 -2.41805
5.82096 -2.51983
5.74672 -2.54704
4.87568 -1.71855
4.87238 -1.70937
6.79931 3.09896
6.77497 3.11986
6.54608 3.29134
6.58489 3.26457
5.68986 3.63959
5.72141 3.63599
4.58543 -0.654195
4.60661 -0.745719
4.51951 2.21743
4.51016 2.16592
4.48261 1.9889
4.48402 1.99829
7.73357 -0.640179
7.74423 -0.616183
7.61413 -0.87396
7.62854 -0.848252
5.9527 3.58614
5.96986 3.58007
6.30211 3.44022
6.40382 3.38294
7.07574 2.83897
7.10196 2.81055
6.94787 2.96561
6.99635 2.9197
7.52057 -1.03038
7.47518 -1.10138
6.7903 -1.87526
6.82702 -1.8435
7.99942 0.575477
7.99932 0.525158
6.38 -2.20162
6.41061 -2.18109
6.28385 -2.2687
6.25694 -2.28503
4.76369 -1.35321
4.76416 -1.35493
4.93617 -1.89384
4.95658 -1.94685
4.7969 3.13271
4.78636 3.11135
5.48145 3.63918
5.50269 3.64093
4.68868 2.88477
4.67503 2.84729
7.70817 1.88163
7.68992 1.92271
7.99097 0.778137
7.99283 0.754748
5.45908 -2.57645
5.32542 -2.5266
5.36087 -2.54483
5.30371 -2.51296
5.01777 -2.0954
5.04173 -2.14883
6.09789 -2.38502
6.08908 -2.38984
5.28528 -2.49625
5.19156 -2.40449
5.15828 -2.35692
4.40883 0.893323
4.40894 0.850074
4.40971 1.01981
4.40921 0.977074
4.42369 1.39176
4.42164 1.35833
4.43215 1.512
4.43031 1.48664
4.51058 -0.279756
4.5317 -0.392808
4.42993 0.362452
4.43237 0.33126
4.42065 0.498668
4.42284 0.461716
4.48333 -0.112147
4.48437 -0.119101
4.44864 0.160185
4.45299 0.120354
5.92541 3.59384
5.83726 3.61568
6.1395 3.51633
6.29251 3.4455
4.56366 2.44551
4.55084 2.38424
4.63647 2.73061
4.63605 2.72907
7.19194 2.70915
7.20204 2.69731
7.97306 0.947955
7.96189 1.02641
7.93057 1.19884
7.90718 1.30315
7.35403 -1.27065
7.31367 -1.32372
6.70177 -1.95234
6.53243 -2.09011
7.03655 -1.64016
6.9232 -1.75307
7.49828 2.28391
7.47712 2.31828
7.57718 2.14619
7.55069 2.19402
7.41422 2.41467
7.45199 2.35793
7.85951 1.4762
7.87808 1.41333
7.80379 1.64372
7.82061 1.59639
5.5977 -2.57966
5.55417 -2.58333
5.68448 -2.56364
5.64502 -2.57259
7.91517 -0.127275
7.91924 -0.111446
7.87016 -0.286973
7.87401 -0.274427
7.86666 -0.298317
4.87405 3.25723
4.94254 3.34966
6.87745 3.03073
6.85057 3.0548
6.725 3.16029
6.77233 3.12206
6.66386 3.20655
6.63983 3.22474
6.51426 3.31352
4.53064 2.28261
4.49552 2.07773
5.81077 3.62041
5.77911 3.627
6.06689 3.54659
6.42266 3.371
6.41272 3.37733
7.01602 2.89984
6.91572 2.99669
6.51295 -2.10418
6.87552 -1.79751
6.72972 -1.92936
7.11276 -1.56071
7.99755 0.665648
7.99747 0.667524
6.32994 -2.2367
4.76115 3.06209
4.67548 -1.02688
4.67784 -1.03577
4.45172 1.73518
4.45247 1.74326
4.43902 1.59578
4.44055 1.61495
4.41241 0.680361
4.41108 0.722511
4.41768 0.553328
4.41582 0.592132
4.71861 2.96538
4.71798 2.96388
7.77187 1.73006
7.73315 1.82508
7.68183 1.93992
7.64307 2.02069
7.16531 -1.50138
7.20458 -1.45625
4.6258 -0.826946
4.41407 1.19086
4.41545 1.23107
4.41051 1.0618
4.41143 1.10407
6.18657 -2.3316
4.84122 3.20933
4.66113 -0.972189
4.66128 -0.972761
6.7211 3.16344
6.72087 3.16362
4.50132 -0.226996
4.50297 -0.237183
7.11284 -1.56062
7.15898 -1.50865
7.11279 -1.56067
4.95938 -1.9547
4.98297 -2.01461
7.99757 0.665172
5.97274 -2.45285
5.93788 -2.46975
7.99536 0.403688
7.98838 0.302842
4.46717 1.87293
4.4669 1.87103
7.96757 0.132188
7.95422 0.0504856
4.49292 2.06193
4.96152 3.37039
7.98565 0.842926
7.98755 0.821339
4.73887 -1.2628
4.69872 -1.11416
4.84399 -1.62029
4.83627 -1.59442
4.98299 -2.01468
5.01129 -2.08196
5.1252 -2.30747
5.07432 -2.21523
5.13167 3.51693
5.3916 3.62384
5.40489 3.62762
5.91158 -2.48124
5.85555 -2.5071
7.97947 0.221967
7.97396 0.174176
4.41915 1.29456
4.41976 1.33146
4.40902 0.956712
4.40884 0.913574
4.41074 0.786572
4.40887 0.829798
4.42768 1.45201
4.42572 1.42248
4.42489 0.430802
4.42724 0.396494
5.5581 3.64441
5.60525 3.64421
4.49077 2.04854
4.46422 0.0251085
4.46744 -7.41693e-05
7.67734 -0.756374
7.68553 -0.740325
4.57262 2.48488
4.61471 2.65136
4.65152 2.77833
4.63847 2.73736
7.15363 2.7537
7.17275 2.73183
7.95389 1.07545
7.93793 1.16264
7.26598 2.61813
7.35911 2.49448
7.47151 -1.10686
7.39598 -1.21399
7.31062 -1.32751
7.25825 -1.3927
7.53825 2.21574
7.50301 2.27606
7.83288 1.55984
7.85042 1.50593
5.64215 -2.57285
5.59975 -2.57962
4.78997 -1.44257
4.8657 -1.68975
5.21135 3.56195
5.17378 3.54249
5.41757 3.62978
6.05495 -2.40894
5.98829 -2.44465
5.72516 -2.55254
7.98544 0.273678
7.9339 -0.0502794
7.93943 -0.0240984
7.92988 -0.0688867
4.90373 -1.80082
4.92515 -1.86162
4.47526 1.93466
7.69269 -0.725967
7.78352 -0.52524
7.56851 -0.952584
7.36768 -1.25307
7.54607 -0.989983
7.9976 0.6644
7.9989 0.48441
4.76354 -1.35265
5.69004 -2.56277
4.44497 1.66524
4.44616 1.6791
4.41477 0.616684
4.41318 0.657326
4.66082 2.80498
4.6962 2.90635
4.41205 1.12619
4.41324 1.16757
4.50537 -0.251189
4.68995 -1.0815
5.46742 -2.57851
5.50819 -2.58267
5.05769 -2.18004
5.14978 -2.34578
5.20812 -2.42308
4.40986 1.04057
4.43518 1.55079
4.4355 0.29377
4.41878 0.526933
4.49063 -0.159968
4.44024 0.241748
4.62269 2.68209
4.54572 2.35859
7.22983 2.66331
7.1431 2.76569
7.9799 0.893905
7.90344 1.31846
7.39729 2.43963
7.21625 -1.44236
7.61504 2.07519
7.59584 2.11186
7.45695 2.35023
7.88371 1.39278
7.78875 1.68483
5.55028 -2.58308
7.90417 -0.169698
4.4632 1.84199
4.45919 1.8093
6.0831 -2.39298
4.45879 1.80534
4.41032 0.744189
4.71892 2.96605
4.65495 2.7882
4.53689 2.31424
7.77278 1.72778
7.72724 1.83878
7.63581 2.03516
4.74553 3.02712
4.41622 1.25561
5.65198 3.64192
7.99729 0.436665
5.75773 3.63029
6.69398 3.18398
6.82333 3.07885
4.93105 -1.87889
5.37208 -2.55112
7.82205 -0.427354
7.78833 -0.513594
6.61802 3.24116
4.45901 1.80741
7.89993 -0.185153
