7.72645 -0.311357
7.74919 -0.240718
6.16677 -2.12141
6.18756 -2.11009
5.02453 3.08412
5.03246 3.0936
5.02711 -1.60185
5.03619 -1.62517
5.12443 -1.81677
5.11162 -1.79003
4.63874 2.02104
4.6352 1.99984
4.61492 -0.0674567
4.61184 -0.0469347
7.57317 -0.672182
7.53768 -0.741196
6.38129 3.20319
6.33714 3.22612
7.56472 1.88906
7.58837 1.8387
4.68644 2.25876
4.68438 2.25038
7.33044 2.30194
7.29759 2.35051
7.72398 1.48895
7.72109 1.49797
7.7727 1.32208
7.77541 1.31179
7.76348 -0.195312
7.79321 -0.0852461
7.68016 -0.435371
7.67095 -0.457985
5.78369 -2.2571
5.83154 -2.24833
5.58097 -2.254
5.58822 -2.25484
5.5556 3.40605
5.50296 3.39794
5.30271 3.32576
5.34083 3.34426
5.107 3.17899
5.1386 3.20909
4.95626 2.98423
4.96132 2.99275
7.84149 0.156026
7.82042 0.0347267
7.86806 0.415475
7.85978 0.304644
4.95455 -1.41536
4.966 -1.44613
6.59381 3.06846
6.5951 3.0676
4.56468 1.42312
4.5635 1.41006
4.59969 1.76131
4.60596 1.8081
4.79055 -0.885838
4.76321 -0.785811
5.40912 -2.17949
5.48106 -2.2206
5.92751 3.38509
6.01897 3.36032
6.08043 3.34104
6.15669 3.31241
5.6641 3.41518
5.65606 3.41535
6.87796 2.83636
6.86645 2.84738
6.78892 -1.68101
6.78562 -1.68387
6.99446 -1.48267
6.95946 -1.51831
7.43152 -0.92546
7.44496 -0.903873
6.39463 -1.98604
6.38958 -1.98967
6.68329 -1.77215
6.59088 -1.84533
4.54468 0.913415
4.5441 0.885244
4.54896 1.12926
4.55024 1.16741
4.87341 -1.17104
4.88059 -1.19441
4.69118 -0.478399
4.69424 -0.492564
5.19457 -1.93951
5.20247 -1.95082
4.5605 0.440984
4.56729 0.343341
4.55071 0.614559
4.54889 0.655118
4.72346 2.40672
4.71339 2.36889
7.20622 -1.24189
7.16925 -1.28783
7.84963 0.921382
7.85445 0.884579
4.65014 -0.269786
4.63886 -0.20765
7.8723 0.535404
7.87117 0.635805
4.84553 -1.0796
4.84213 -1.06771
7.76203 -0.200364
7.72485 -0.315964
6.26705 -2.06524
6.08673 -2.1603
7.06664 -1.40465
7.11162 -1.3553
6.46898 3.15037
6.26949 3.26178
4.75088 2.5064
4.74627 2.49085
4.79293 2.63308
4.78352 2.60555
7.14136 2.55584
7.1722 2.51864
7.82354 1.09298
7.81922 1.11608
6.50065 -1.91243
6.49083 -1.91997
7.49263 2.03242
7.49776 2.02281
7.41405 2.17057
7.40413 2.18697
7.24257 2.42759
7.2525 2.41412
7.68679 -0.418537
6.70817 2.9827
6.7037 2.98643
6.61455 3.05332
6.59618 3.06687
6.53857 3.10556
4.59537 1.72992
4.58931 1.67976
4.57022 1.49422
4.56963 1.48728
5.49418 -2.22666
5.53323 -2.2415
4.8046 -0.936673
4.86073 2.80165
4.88696 2.85972
4.67008 2.18613
4.67172 2.19468
5.81967 3.40605
5.8859 3.39354
6.03422 3.35643
6.19032 3.29712
6.04277 3.35412
6.48145 3.14302
5.70793 3.41463
5.80354 3.40776
6.85777 2.85494
6.93567 -1.54239
7.04144 -1.43252
6.33963 -2.02128
6.69551 -1.76179
6.68994 -1.76666
5.97977 -2.20444
5.93533 -2.22043
6.02589 -2.18607
6.04854 -2.17741
4.54562 1.0042
4.54541 0.976914
4.5482 1.10391
4.90519 -1.27095
4.89186 -1.22981
4.55777 0.479704
4.55919 0.459497
4.56848 0.329045
4.59576 0.07257
4.59546 0.0749081
4.55183 0.589919
7.62105 1.76441
7.63102 1.74111
6.99144 2.72266
7.02576 2.68751
7.27893 -1.14851
7.253 -1.18279
7.86237 0.804557
7.86108 0.819059
7.76274 -0.197915
5.88481 -2.23542
5.83665 -2.24747
4.54726 1.04041
4.54734 1.07762
4.91498 -1.30036
4.92409 -1.32691
6.69936 2.98994
4.66963 -0.374676
4.66466 -0.348945
4.76292 -0.784692
4.76311 -0.78545
4.55615 0.524698
4.55286 0.566644
4.64935 2.07916
4.65855 2.12717
4.67605 2.2148
4.84643 2.77097
4.83038 2.7331
6.77672 2.92435
7.64995 1.69388
7.66454 1.65682
7.61984 -0.575397
7.61131 -0.59419
5.71979 -2.26287
5.74255 -2.26226
5.57694 -2.25326
5.56625 -2.25037
4.60954 1.83319
4.61501 1.87227
5.26965 -2.04501
5.26101 -2.03495
7.29419 -1.12798
6.28409 -2.05566
4.57566 1.55144
4.57827 1.57928
4.55838 1.34112
4.55672 1.31433
4.59727 1.74393
5.32817 -2.111
5.30257 -2.08339
4.56961 0.316177
4.57446 0.263796
4.54401 0.821688
4.54408 0.814404
5.65606 -2.26405
5.40237 3.36939
5.47508 3.39106
5.05988 3.12745
5.0115 3.06716
7.8576 0.283103
7.84381 0.171075
5.05258 -1.66474
5.00048 -1.53597
5.09465 -1.75422
5.15168 -1.8655
4.62867 1.96259
4.64665 2.0635
7.51128 -0.789504
7.59331 -0.631673
7.54183 1.93665
7.61029 1.78944
4.69853 2.30965
4.80975 2.67971
4.8044 2.66462
7.10328 2.6011
7.11505 2.58753
6.87442 -1.60224
6.89114 -1.58674
7.38253 -1.00202
7.40084 -0.974165
7.45419 2.10264
7.46151 2.0895
7.28709 2.36555
7.35238 2.26881
7.69556 1.57276
7.74968 1.40629
7.79291 1.23904
7.75201 1.39801
7.86981 0.664908
7.86613 0.747789
7.82023 0.0337613
7.79419 -0.0811507
5.20417 3.26364
5.23077 3.28229
5.60443 3.41198
7.86923 0.435766
4.93391 -1.35506
4.9724 -1.46239
5.0748 -1.71289
4.71418 -0.581302
4.72757 -0.638476
5.38877 -2.16301
5.48748 -2.22421
5.19133 -1.93477
5.08075 -1.72523
4.62454 1.93619
7.47874 -0.846814
6.75441 -1.711
7.37364 -1.01533
7.34586 -1.05593
7.8723 0.526285
5.98582 -2.20252
4.68353 -0.443155
5.24351 -2.01042
4.70436 2.33237
4.72896 2.42811
7.85654 0.862632
7.84352 0.971351
4.63138 -0.164488
4.81958 -0.989997
4.85561 -1.1142
4.74384 2.48187
4.77656 2.58618
7.17919 2.50982
7.08161 2.62602
7.84207 0.980537
7.79856 1.21474
7.23923 2.43203
7.52974 1.96042
7.45286 2.10498
7.37278 2.23697
7.74995 1.40536
7.69037 1.58753
4.5608 1.37454
5.93228 -2.22126
4.81335 -0.967711
4.54405 0.878119
4.55138 1.20696
4.55331 1.25373
4.58273 0.18379
4.58041 0.204769
4.54702 0.693349
4.5452 0.74846
7.11466 -1.35184
7.86313 0.796967
4.58233 1.61902
4.58164 1.61274
5.36216 -2.14156
5.33359 -2.11668
5.81205 3.40715
5.80945 3.40738
7.68445 1.60396
7.62883 -0.556102
4.99183 3.03912
4.62004 1.90546
5.27559 -2.05163
4.93266 2.94522
6.28916 -2.05278
5.29798 -2.07848
4.60969 -0.0312462
7.33167 -1.07637
5.6386 3.41456
4.98287 3.02476
4.55569 1.29482
4.55436 1.27287
4.56897 1.47921
4.57526 0.254408
4.54463 0.785489
4.54501 0.757227
4.91853 2.92004
4.54513 0.94934
4.55077 1.19171
4.86927 -1.15837
4.59292 0.0963831
4.54747 0.681803
7.05509 2.65562
6.49208 3.13653
4.58822 1.6715
7.64367 -0.522475
