7.56214 0.0382876
7.57182 0.0789971
7.53447 1.2549
7.52404 1.29609
5.32836 -1.36814
5.38367 -1.44657
5.66773 -1.69136
5.68555 -1.69856
5.05097 -0.74105
5.04354 -0.717105
5.11811 -0.931191
5.14652 -1.0061
6.57953 2.69743
6.56058 2.71162
6.9093 2.40517
6.91956 2.39397
4.80958 0.781177
4.80735 0.844257
5.1205 2.48482
5.14922 2.53773
7.17506 -0.836578
7.13798 -0.891423
6.1526 2.92229
6.18889 2.90846
5.87236 2.97609
5.94234 2.9705
7.05203 2.2364
7.03914 2.25329
6.38991 2.81656
6.35112 2.83792
7.5791 0.115193
7.59539 0.210657
7.54459 -0.0351295
7.52189 -0.119863
7.46485 -0.28624
7.47673 -0.254978
7.37342 -0.496568
7.35305 -0.539019
7.39643 1.65248
7.38486 1.67855
7.4645 1.47926
7.45345 1.50941
5.53258 2.91233
5.58043 2.93185
5.3361 2.77821
5.36588 2.80441
5.32771 -1.36705
5.27983 -1.28482
4.81327 1.10486
4.82001 1.22367
4.8339 1.3807
4.84256 1.46088
4.87128 1.66694
4.87521 1.69221
5.797 -1.7281
5.85434 -1.73723
4.98252 -0.509409
4.99348 -0.548704
5.50268 -1.5814
5.50836 -1.5861
5.1932 -1.11208
5.15974 -1.03663
4.91969 1.91434
4.93239 1.96547
4.86047 0.0945199
4.85024 0.169555
4.82646 0.389997
4.82549 0.399463
4.81037 0.659656
4.81062 0.650858
5.22253 2.64915
5.19629 2.61019
4.97323 2.1171
4.97568 2.12544
6.24044 -1.65789
6.28522 -1.63609
7.03798 -1.02131
7.00115 -1.06488
5.73499 2.97096
5.78088 2.97384
6.63594 -1.41648
6.70241 -1.36163
6.43719 -1.55503
6.50341 -1.51186
7.61864 0.432632
7.61388 0.362271
7.62291 0.615977
7.62325 0.574008
7.60468 0.891989
7.60051 0.927375
4.94088 -0.337698
4.95697 -0.406766
7.08961 -0.95464
7.12179 -0.913574
7.23926 -0.74037
7.25171 -0.720773
6.86953 -1.20774
6.85019 -1.22746
7.27548 1.89759
7.26306 1.92038
4.80867 0.97511
4.80869 0.978087
4.89701 -0.13003
4.8939 -0.113249
7.40615 -0.428822
7.42964 -0.374862
7.51993 1.30998
7.5001 1.37616
7.58301 1.03657
7.57829 1.06487
6.73371 2.57496
6.77788 2.53493
7.18674 2.04699
7.14057 2.11546
7.51654 -0.136544
7.51056 -0.155411
7.40131 -0.439886
7.32795 -0.58767
7.34348 -0.557787
7.43164 1.56725
7.48372 1.4247
4.81311 1.10251
4.82133 1.24138
4.80736 0.848471
6.66227 2.63462
6.67544 2.62398
7.56507 1.12728
7.57166 1.09899
7.61517 0.794042
7.61485 0.797721
7.59384 0.971745
7.59757 0.947344
4.92264 -0.25764
4.96504 -0.440394
7.31628 1.82181
7.33348 1.78846
7.42087 1.59404
4.81222 1.0401
5.71341 -1.70903
5.74472 -1.71866
4.80889 0.715061
4.80882 0.717056
5.01748 2.2505
5.03902 2.3076
7.1937 2.03616
7.22663 1.98302
6.09907 -1.70718
6.04605 -1.7219
6.42032 2.80042
6.45833 2.77763
4.82587 1.29606
4.97699 -0.487711
4.82039 0.461554
4.81674 0.516424
7.5753 0.0961584
7.55273 -0.00442217
5.43365 2.85656
5.46265 2.87473
5.32803 -1.36761
5.42432 -1.49962
4.83003 1.343
4.9177 -0.234465
4.91972 -0.244052
5.06324 -0.779521
5.02064 -0.641764
5.15361 -1.02277
5.09844 -0.877992
4.89558 1.80509
4.89761 1.81436
6.53626 2.72761
6.59774 2.68415
6.94855 2.36134
6.8504 2.46553
5.16836 2.56896
5.09368 2.43057
6.1807 -1.68037
6.1426 -1.69556
7.13319 -0.897821
7.19584 -0.806704
6.94186 -1.13184
6.98193 -1.08744
6.08732 2.94168
6.25876 2.88147
6.01648 2.95787
5.83826 2.97739
6.53604 -1.49044
6.60618 -1.43873
7.00951 2.2904
7.09081 2.18499
7.62204 0.52478
7.62042 0.466973
6.33527 2.84527
6.40525 2.80871
7.59976 0.24016
7.35898 1.73511
5.63264 2.9495
5.2844 2.72451
7.61165 0.339137
5.44512 -1.52254
5.23653 -1.2049
4.85036 1.52244
4.85761 1.57728
4.85422 1.55272
4.89023 1.77735
5.9362 -1.73639
5.7597 -1.72286
5.57863 -1.64154
5.58412 -1.64478
4.99654 -0.559429
5.08415 -0.838767
5.23418 -1.20063
5.23214 -1.19674
4.94633 2.02196
4.87058 0.0265433
4.84451 0.21536
5.24102 2.67395
5.07739 2.3977
5.06042 2.35977
6.33937 -1.61059
5.95084 -1.73646
5.98305 -1.73189
6.89423 -1.18223
7.04603 -1.01145
6.29214 2.86649
6.0471 2.9525
5.71364 2.96751
6.73698 -1.33254
6.39283 -1.58022
6.79306 -1.28112
7.30086 -0.637215
7.27583 -0.680648
7.62201 0.683603
6.6213 2.66629
6.64684 2.64747
4.90595 -0.17747
6.47491 2.76783
7.07548 -0.973317
4.87874 -0.0244497
7.5492 1.19911
7.5609 1.14807
7.49599 1.38969
7.52335 1.29851
7.57423 1.08471
7.58586 1.02171
6.82116 2.49466
6.70164 2.60193
6.9848 2.31987
7.12264 2.1407
7.18832 2.04463
7.61564 0.787806
7.62122 0.706218
7.48565 -0.230237
7.44542 -0.336879
7.31092 -0.619527
4.83103 0.337634
4.83369 0.310235
4.8214 0.448299
4.81284 0.587265
4.81299 0.583981
7.60726 0.871389
7.33859 1.77828
7.29872 1.85566
7.24287 1.95573
4.83935 0.259485
5.00458 2.21503
7.3501 1.75397
7.54325 1.22267
5.63145 -1.67278
4.83729 0.276214
4.82722 0.379469
4.81063 0.650692
7.29304 1.8663
4.81653 0.52046
4.81626 0.524204
