4.52341 -1.41488
4.55656 -1.56244
8.09923 -0.249859
8.10203 -0.240714
8.20415 0.433829
8.20539 0.475224
4.19714 1.35832
4.19533 1.33508
4.18715 0.850334
4.18682 0.832038
6.85828 3.35779
6.84852 3.36586
4.31526 -0.459373
4.32605 -0.517519
4.2351 1.91602
4.2269 1.82463
4.80859 -2.73055
4.81493 -2.75654
4.78666 -2.61308
4.78565 -2.60656
4.22127 0.190245
4.2162 0.243524
4.27461 -0.234977
4.27505 -0.237606
7.87891 -0.821133
7.88765 -0.803421
5.36695 -3.28734
5.34117 -3.30393
5.50182 -3.19002
5.52525 -3.1742
6.43968 3.66913
6.43806 3.67011
7.87976 1.99843
7.89242 1.97012
4.32692 2.59721
4.3161 2.53056
5.23014 4.00619
5.27608 4.01427
4.75119 -2.421
4.75792 -2.46205
7.15507 3.07938
7.19144 3.04121
8.15149 1.12443
8.14639 1.1528
4.91729 -3.32077
4.91741 -3.32875
7.48277 2.68823
7.50547 2.65775
7.6804 -1.17219
7.62694 -1.25381
7.67397 2.39837
7.71428 2.32717
8.02788 1.61811
8.01206 1.66579
5.70016 -3.05165
5.69335 -3.05715
4.95675 -3.46638
4.9569 -3.45318
5.08695 -3.47227
5.0401 -3.49138
4.8419 -2.89927
4.85232 -2.95571
4.8567 -2.987
4.86772 -3.04201
4.66002 -2.01921
4.65578 -1.99871
5.65459 -3.08417
5.64505 -3.09046
4.8915 -3.17677
4.89148 -3.17599
5.21743 -3.38826
5.26885 -3.35496
5.09842 -3.46395
5.15413 -3.43097
5.98863 -2.84254
5.96493 -2.8594
6.65315 3.52151
6.63606 3.53378
6.21814 3.79609
6.17235 3.81859
6.04255 3.87782
6.05466 3.87301
5.77762 3.97376
5.77468 3.97439
4.24442 2.0079
4.24321 1.99582
4.39956 2.96173
4.39142 2.92542
4.44234 3.12488
4.43926 3.11312
7.13221 3.10302
7.5617 -1.34741
7.6065 -1.28402
7.06363 -1.9295
7.08053 -1.91273
6.90232 -2.0868
6.88948 -2.09899
4.73609 3.71979
4.76692 3.75657
8.20453 0.652419
8.20485 0.643703
6.65766 -2.30453
6.68084 -2.28387
6.43492 -2.49094
6.40492 -2.51614
6.22745 -2.65812
6.24012 -2.64779
4.59286 -1.72048
4.6121 -1.80184
7.98931 -0.573065
7.98248 -0.59052
4.93807 3.89752
4.94099 3.89948
7.75137 -1.05653
7.77337 -1.01891
6.09096 -2.76506
6.16113 -2.7092
6.95991 3.26845
7.03855 3.19465
4.26997 2.21642
4.28325 2.30736
4.23654 1.93221
4.23792 1.94722
7.31079 2.90866
7.31978 2.89793
7.17446 -1.81307
7.24715 -1.73423
6.08109 -2.77298
6.00236 -2.83134
4.48527 -1.24849
4.51005 -1.35353
4.56193 -1.58666
4.63463 -1.90867
4.63274 -1.89896
4.46545 -1.16498
4.46657 -1.16991
4.43287 -1.02029
4.43805 -1.04374
4.18724 1.02229
4.18694 0.977335
4.2051 1.51898
4.20327 1.48559
4.19745 0.50524
4.19983 0.465346
5.50385 4.0204
5.47291 4.02212
5.39495 4.02309
5.43536 4.02403
4.28446 2.31396
4.28547 2.32169
4.23657 0.0394149
4.24122 0.000463331
5.47517 -3.21123
5.45194 -3.22644
7.96141 1.8036
7.97648 1.76436
7.78556 2.19443
7.80049 2.16528
5.01788 3.93926
5.00276 3.93257
5.13359 3.98407
5.1708 3.99332
4.76576 -2.49293
4.74249 -2.38329
8.1004 1.3668
8.08297 1.43502
4.90328 -3.24931
4.90184 -3.2417
7.62929 2.47239
7.58515 2.54107
6.98532 -2.00861
6.98561 -2.00834
7.46107 -1.48274
7.4714 -1.46966
7.38051 -1.58254
7.38472 -1.57752
4.5291 3.36888
4.52348 3.35653
4.70104 -2.19112
4.68986 -2.14204
4.73352 -2.33967
4.72107 -2.28006
5.8155 -2.96695
5.84199 -2.94912
5.76767 -3.00316
4.6367 -1.91921
4.67696 -2.08873
8.10438 -0.232252
8.03366 -0.454658
8.02555 -0.476952
8.1851 0.189759
8.19013 0.237205
8.16419 0.0361101
8.17048 0.077751
4.83957 3.82663
4.82315 3.81301
6.73056 3.46189
6.74388 3.45169
6.94103 3.28519
6.95049 3.27689
5.8335 3.95647
5.86341 3.94615
5.99973 3.89603
5.94611 3.916
5.66433 3.99922
6.28945 3.75771
6.27321 3.7669
6.52499 3.61251
6.4989 3.63062
4.40636 2.98806
7.25796 2.96849
7.13993 -1.84999
6.98357 -2.01028
6.81669 -2.16446
8.19934 0.741345
8.19823 0.756678
6.75955 -2.21503
6.7213 -2.24883
6.61991 -2.33631
6.52611 -2.41636
6.46688 -2.46554
4.61954 -1.8376
4.58896 -1.70368
4.20908 1.58451
4.211 1.61389
4.19509 0.554379
4.19329 0.595754
4.26556 2.18452
4.26604 2.18862
7.33809 -1.63274
7.33982 -1.63078
4.39293 -0.837365
4.38298 -0.791317
4.41732 -0.949802
4.41042 -0.91753
4.18776 1.05967
4.18858 1.10433
5.92716 -2.88717
5.91641 -2.89569
4.56501 -1.60135
4.57815 -1.65892
8.06598 -0.358396
8.19949 0.351011
8.20198 0.387203
4.18927 0.723332
4.18829 0.742484
7.06085 3.1736
7.04948 3.18441
6.75603 3.4422
6.83827 3.37425
5.42711 -3.24315
5.4031 -3.2625
5.53937 -3.16351
5.56235 -3.14856
6.37384 3.70853
6.34991 3.72324
6.45418 3.65975
6.49478 3.63342
4.35049 2.7368
4.35061 2.73756
4.81452 3.8044
8.18711 0.876654
8.18814 0.867774
8.17162 0.997884
8.18626 0.885383
4.91705 -3.31543
4.90146 -3.24074
4.68728 3.65694
4.71665 3.69784
8.11568 -0.188439
4.88178 3.86006
6.54964 3.59587
6.61645 3.54772
5.61451 4.00771
4.25081 2.06865
6.34323 -2.56581
6.33978 -2.56867
7.25745 -1.72318
8.15822 0.00167378
8.13735 -0.101536
4.19208 1.23133
4.1922 1.25275
4.22195 1.76298
4.22036 1.74142
4.41564 3.02356
4.4221 3.05064
4.73576 -2.34898
7.34934 2.86112
7.37681 2.82842
4.57976 3.48027
4.58999 3.50185
4.47917 3.23767
4.48365 3.25055
6.58464 -2.36606
6.55872 -2.38843
6.13514 3.83651
6.10934 3.84853
6.80184 -2.17795
4.19439 1.29483
4.19784 1.38302
4.18809 0.786833
4.18669 0.868556
4.33496 -0.564144
4.29973 -0.375904
5.55767 4.0153
5.52307 4.01929
4.82488 -2.8069
4.8008 -2.6848
4.78727 -2.61726
4.77367 -2.54058
4.21149 0.304451
4.22773 0.121439
4.27734 -0.25071
4.25701 -0.119204
7.9333 -0.705307
7.83181 -0.91269
5.33082 -3.31239
5.37806 -3.27806
7.92211 1.90087
7.84738 2.06895
4.33245 2.63457
4.30571 2.45909
4.42712 3.07129
5.32208 4.01855
5.20355 4.00151
8.16886 1.0175
8.12766 1.24731
4.93732 -3.4128
4.93665 -3.39053
5.27482 -3.34983
4.83203 -2.85128
4.82814 -2.8255
5.61519 -3.11202
5.57748 -3.13717
4.9914 -3.50309
4.97774 -3.49181
5.09607 -3.46628
4.85449 -2.97084
4.87835 -3.10458
4.8792 -3.11078
5.68029 -3.06671
4.87942 -3.11415
4.89661 -3.21006
5.2116 -3.39341
5.15905 -3.42641
4.24984 2.05944
7.81804 -0.938252
7.94009 -0.690135
4.45789 3.17549
7.71203 -1.12169
7.61334 -1.27398
7.52665 -1.39673
4.62794 3.57068
4.65485 3.61121
4.79706 3.78633
8.20662 0.562332
8.20268 0.685463
6.27625 -2.61935
6.30975 -2.5918
6.20627 -2.67482
4.21374 1.65316
4.21711 1.70127
4.61022 3.53752
7.51334 -1.41479
4.48074 -1.22915
4.48244 -1.23627
4.6281 -1.87781
4.47409 -1.20197
4.45214 -1.10683
4.44898 -1.09252
4.42414 -0.980637
4.187 0.958931
4.18739 1.04083
4.20197 1.45822
4.20684 1.54974
4.29595 -0.354385
4.35427 -0.6603
4.20155 0.43746
4.19609 0.530557
5.44971 4.02362
5.60639 4.00874
5.35173 4.02133
4.25386 -0.0967199
7.83428 2.09628
7.9355 1.86865
7.99776 1.70661
7.75186 2.25929
4.30068 2.42595
4.95231 3.90551
5.06684 3.96076
5.11161 3.97633
8.118 1.29182
8.06982 1.48302
7.64226 2.45141
7.56805 2.56709
7.44168 2.74471
7.39199 2.809
7.52435 2.63055
7.73665 2.28729
7.50096 -1.43121
7.42851 -1.52389
7.42092 -1.53319
7.34003 -1.63054
4.50758 3.31435
4.54442 3.40512
4.49413 3.28066
4.68374 -2.11856
4.70599 -2.21109
4.71744 -2.26514
8.05333 1.5391
5.88627 -2.91732
8.19186 0.254513
8.183 0.170743
5.78152 3.97264
5.88917 3.93786
6.10078 3.85228
4.38074 2.87873
4.37429 2.85029
6.78494 -2.19317
6.70206 -2.26554
6.53045 -2.41287
6.4659 -2.46633
6.40332 -2.51746
4.19262 0.617996
4.38071 -0.781166
4.39662 -0.854426
4.4051 -0.893599
4.18918 1.124
8.20656 0.525085
4.19098 1.21062
4.18943 0.703518
4.55515 3.43049
7.94677 -0.674851
6.2409 3.78394
4.46219 3.18858
4.2254 1.80501
8.1337 -0.117531
4.36964 -0.728198
4.35604 -0.668931
5.91238 3.92899
4.9272 -3.36013
7.46023 2.71987
8.042 1.57545
5.87479 -2.92519
8.17751 0.12578
6.32889 3.7358
4.38667 2.90622
4.36354 2.79999
4.35127 2.74079
6.16758 3.82097
6.40921 3.68742
4.3651 2.80745
5.93909 -2.87844
