6.03784 0.0529577
6.06515 0.0276126
6.3865 0.0273801
6.27571 -0.0199582
5.9179 0.216756
5.88115 0.291379
6.62159 0.851688
6.62786 0.826016
6.56036 1.02681
6.54704 1.05485
6.0074 1.26875
6.1299 1.33157
5.84883 0.410518
5.87109 0.321287
6.64504 0.654657
6.64375 0.712927
6.61669 0.387863
6.63837 0.493765
6.37832 1.26484
6.40867 1.23854
6.52156 1.10273
6.48598 1.15045
5.93703 1.17637
6.00722 1.26863
5.81646 0.769068
5.81315 0.737868
6.6404 0.747142
6.6181 0.866957
6.55912 0.239815
6.57842 0.279793
6.59088 0.949454
6.44217 1.2017
5.87581 1.06362
5.86204 1.02181
6.1452 1.33164
5.89042 1.10167
5.87996 1.07816
5.83357 0.913694
5.83698 0.93063
5.81889 0.809906
5.81372 0.676028
5.81361 0.702257
5.82185 0.549295
5.81911 0.575017
6.24714 1.32828
6.29874 1.308
6.51071 0.161472
6.49089 0.129681
6.64512 0.57274
6.59414 0.323005
6.61328 0.375478
6.13629 -0.00627301
5.96868 0.123102
6.38996 0.0293696
6.23509 -0.0214959
5.87512 0.308781
5.96169 0.134407
5.96572 0.127697
6.16758 -0.0193341
6.47488 0.1122
5.8331 0.478172
6.64209 0.517589
6.53718 0.198889
5.84614 0.969785
5.83267 0.908672
5.81432 0.637479
5.81534 0.613732
5.8257 0.513587
5.82411 0.856247
