7.52073 0.0300263
7.52157 0.0335774
7.49542 1.25346
7.49362 1.26057
4.84993 0.78052
4.84843 0.823249
7.15735 -0.79064
7.14798 -0.804509
6.93932 -1.0681
6.97264 -1.03062
7.18354 1.97393
7.19866 1.94966
6.33295 2.78642
6.32472 2.79095
7.54451 0.147578
7.55386 0.202371
7.49074 -0.0838128
7.48926 -0.0893151
7.32446 -0.506336
7.3225 -0.51042
7.36782 1.61908
7.34212 1.67697
7.43529 1.44517
7.41232 1.5079
5.53727 2.83535
5.56415 2.84631
5.34149 2.68986
5.42763 2.76566
5.49154 -1.46894
5.44284 -1.41616
4.8571 1.13208
4.86094 1.19984
4.87962 1.40909
4.88269 1.43752
5.64658 -1.59005
5.68043 -1.61016
5.03237 -0.520634
5.04067 -0.550413
5.0925 -0.718119
5.10699 -0.759934
5.51611 -1.49553
5.58065 -1.54895
5.16084 -0.907595
5.15439 -0.891751
5.23862 -1.087
5.23782 -1.08519
5.3309 -1.2584
5.32706 -1.25236
4.96146 1.88736
4.98654 1.98829
4.91618 1.66696
4.92185 1.69695
4.89856 0.116604
4.8951 0.142001
4.86797 0.389321
4.86463 0.42175
4.85094 0.69119
4.85211 0.650183
4.84886 0.868321
4.84977 0.952942
5.27694 2.61501
5.33933 2.68744
5.1695 2.45408
5.15687 2.43141
5.08534 2.27853
5.09918 2.30933
6.05434 -1.64893
6.00084 -1.6555
6.24827 -1.58896
6.23787 -1.59263
5.86591 -1.66044
5.88444 -1.66102
5.01822 2.09151
4.98923 1.99782
6.82927 -1.1832
6.87056 -1.14266
7.29725 -0.558703
7.29483 -0.563274
6.15645 2.85918
6.11649 2.87014
5.96917 2.90209
5.94632 2.9053
5.65606 2.88163
5.73931 2.90014
6.6437 -1.34814
6.65924 -1.33532
6.44485 -1.48757
6.45389 -1.48167
7.57855 0.417592
7.5764 0.385829
7.58502 0.601764
7.58505 0.598018
6.61933 2.60692
6.58988 2.62947
7.56552 0.890546
7.56211 0.919523
4.99189 -0.369816
4.97945 -0.316402
4.93593 -0.108363
4.94314 -0.145524
7.07139 -0.907361
7.10136 -0.869105
7.16851 -0.773916
7.21608 -0.699056
7.54346 1.03511
7.53802 1.06773
6.73854 2.50973
6.73866 2.50963
6.91457 2.33397
6.88151 2.36941
7.12333 2.06644
7.10553 2.09285
6.97894 2.25881
7.0029 2.2299
7.4712 -0.14559
7.45381 -0.200426
7.43426 -0.254282
7.45232 -0.204602
7.39233 -0.359335
7.40715 -0.324103
7.32771 -0.499725
7.40268 1.53344
7.44303 1.4232
4.85362 1.07894
4.86613 1.2692
4.87609 0.298707
4.87075 0.352729
4.8643 0.425938
4.8646 0.422134
4.85019 0.715365
4.85076 0.999509
6.53433 2.66827
6.5653 2.64784
7.52554 1.12583
7.5318 1.09892
7.57812 0.764978
7.5717 0.840684
4.97395 -0.292271
5.00438 -0.41867
7.24186 1.8759
7.24483 1.87065
7.37893 1.5925
7.46622 1.35492
7.44994 1.40349
4.85307 1.04005
5.01097 -0.443215
6.42498 2.73755
6.43307 2.7327
4.86838 1.29626
4.84944 0.738569
4.85985 0.484428
4.85947 0.490176
7.53254 0.0876272
7.51991 0.0263007
5.43867 2.77416
5.53088 2.83191
5.42243 -1.39187
5.38422 -1.33872
4.87044 1.31949
7.58281 0.685107
7.58263 0.697339
4.957 -0.212761
4.96393 -0.245653
5.07155 -0.65575
5.06059 -0.619702
5.19912 -0.997637
5.16612 -0.92008
4.93749 1.77801
4.95223 1.84554
6.49049 2.69807
6.50236 2.69026
6.81193 2.44071
6.73928 2.50905
5.22008 2.53651
5.18555 2.48018
6.15064 -1.62479
6.12648 -1.6306
7.11478 -0.850072
7.16096 -0.785447
7.00458 -0.993107
6.90311 -1.10822
6.23041 2.83231
6.26251 2.81991
5.84241 2.90933
5.91924 2.90641
6.54373 -1.42269
6.56008 -1.41064
7.05266 2.16695
7.05599 2.16253
7.58289 0.510093
7.58235 0.490901
6.27562 2.81371
6.37935 2.76264
7.25008 -0.642485
7.27111 -0.606024
7.56435 0.273305
7.33065 1.70203
5.63711 2.8762
5.34078 2.68913
7.5704 0.323664
5.50994 -1.48923
5.33689 -1.26732
4.89714 1.55148
4.89748 1.55408
4.89732 1.55292
4.89901 1.56405
5.8503 -1.65755
5.77206 -1.6438
5.69442 -1.61565
5.59175 -1.5577
7.58194 0.715118
5.05438 -0.598465
5.02374 -0.489404
5.12655 -0.815354
5.28371 -1.17328
5.23956 -1.08903
4.98832 1.99483
4.91613 -0.0014312
4.88313 0.237747
5.24795 2.57765
5.12528 2.36765
5.06911 2.23897
5.95937 -1.66137
6.33983 -1.54599
6.34709 -1.54267
5.03844 2.15231
6.76719 -1.24247
7.02794 -0.964506
7.31442 -0.526263
6.26823 2.81734
6.05105 2.88775
5.7937 2.90632
6.39073 -1.51829
6.74485 -1.26328
6.75241 -1.25634
7.58478 0.619357
6.57791 2.63829
6.65162 2.58282
7.51668 1.16842
7.51811 1.16282
4.9173 -0.0083646
6.47955 2.70524
7.03853 -0.950792
4.9164 -0.00312619
7.47521 1.32473
7.50784 1.20466
7.5157 1.17269
7.53469 1.08325
7.55124 0.994547
6.82618 2.42692
6.66048 2.57537
6.94777 2.29598
7.05728 2.16074
7.15306 2.02188
7.43047 -0.264207
7.41385 -0.307326
7.38161 -0.384445
4.87766 0.283233
4.87006 0.360254
4.85307 0.610583
4.85544 0.557912
7.57143 0.843285
7.55468 0.973007
7.28013 1.80494
7.28551 1.79456
5.74275 -1.63465
4.88067 0.258813
5.04945 2.18687
7.31173 1.74223
7.49693 1.2479
7.20839 1.93325
4.85257 0.624932
7.30673 1.7528
7.26389 1.83534
7.37004 -0.410612
7.35396 -0.445206
4.858 0.519785
4.85602 0.54725
