7.72544 -0.310419
7.75422 -0.221038
6.1685 -2.11844
6.18754 -2.10808
5.02633 3.08299
5.03524 3.09364
5.02952 -1.60335
5.03771 -1.62439
5.12494 -1.81346
5.1133 -1.78916
4.64001 2.02025
4.63661 1.99986
4.61639 -0.0683538
4.61307 -0.0462429
7.57164 -0.672487
7.53683 -0.740188
6.38108 3.20149
6.33497 3.22544
7.56449 1.88679
7.58701 1.83883
4.68828 2.25991
4.68592 2.25034
7.32966 2.30089
7.29616 2.35044
7.72274 1.48906
7.72018 1.49706
7.77142 1.3222
7.77442 1.31081
7.76186 -0.196779
7.79223 -0.0843294
7.81623 0.0214273
7.81913 0.0343151
7.67871 -0.435661
7.66884 -0.459896
5.78366 -2.25456
5.82961 -2.24613
5.58094 -2.25101
5.58529 -2.25152
5.55853 3.40421
5.5031 3.39567
5.30286 3.3232
5.3432 3.34277
5.10718 3.17604
5.14057 3.20785
4.96022 2.98704
4.96299 2.9917
7.84046 0.156987
7.8199 0.0386
7.86696 0.416506
7.85857 0.304189
4.95446 -1.41041
4.96748 -1.44537
6.59188 3.06791
6.59411 3.06644
4.56596 1.42313
4.56485 1.4109
4.60119 1.76225
4.60734 1.80811
4.7918 -0.885133
4.76494 -0.786872
5.40961 -2.17635
5.48765 -2.22096
5.92727 3.3832
6.01565 3.35926
6.08509 3.33748
6.15647 3.31068
5.66308 3.41311
5.65619 3.41325
6.87899 2.83344
6.86597 2.84592
6.78916 -1.6789
6.78433 -1.68309
6.99471 -1.4805
6.95828 -1.51759
7.43071 -0.924496
7.4434 -0.904102
6.39256 -1.98563
6.38918 -1.98805
6.6845 -1.76935
6.5905 -1.84379
4.54594 0.913413
4.54538 0.885986
4.55021 1.12854
4.55151 1.16741
4.87476 -1.17034
4.88252 -1.19561
4.6924 -0.477708
4.69582 -0.493533
5.1966 -1.93847
5.2082 -1.95507
4.5617 0.441683
4.5686 0.342537
4.552 0.613765
4.55014 0.655097
4.72535 2.4079
4.71496 2.36884
7.20437 -1.24216
7.16841 -1.28684
7.84834 0.922193
7.85332 0.884156
4.65133 -0.269117
4.64033 -0.20855
7.87115 0.529142
7.86995 0.636575
4.84673 -1.07875
4.84377 -1.06839
7.76108 -0.199478
7.72343 -0.316248
6.2603 -2.06703
6.08671 -2.15819
7.06611 -1.40328
7.11048 -1.35461
6.467 3.14974
6.26927 3.26006
4.7512 2.50201
4.74763 2.49
4.79438 2.63218
4.78526 2.6055
7.14088 2.5544
7.17085 2.51826
7.8225 1.09196
7.81784 1.11695
6.49872 -1.91204
6.49045 -1.9184
7.49186 2.03138
7.49646 2.02275
7.41325 2.16949
7.40271 2.1869
7.24176 2.4265
7.25394 2.40998
7.68581 -0.41762
6.70659 2.98225
6.70282 2.9854
6.62764 3.0418
6.59596 3.06517
6.53757 3.10439
4.59665 1.72917
4.59068 1.67977
4.57143 1.49352
4.57091 1.48728
5.48829 -2.22125
5.5337 -2.23851
4.80633 -0.937737
4.8634 2.8031
4.88853 2.85873
4.67171 2.18714
4.673 2.19388
5.82301 3.4035
5.88448 3.39189
6.03288 3.35487
6.18795 3.29637
6.04254 3.35225
6.48042 3.14182
5.70806 3.41254
5.80007 3.40592
6.85614 2.85448
6.93352 -1.54265
7.0403 -1.43182
6.35583 -2.00916
6.69382 -1.76145
6.68957 -1.76517
5.97821 -2.20266
5.9353 -2.2181
6.02442 -2.18439
6.05023 -2.17453
4.54688 1.00347
4.54668 0.976913
4.54947 1.10391
4.9051 -1.26587
4.89287 -1.22811
4.55908 0.478899
4.56045 0.459477
4.56972 0.329024
4.59698 0.07326
4.59652 0.0768246
4.55309 0.589898
7.62024 1.76332
7.6297 1.74124
6.98998 2.72225
7.02529 2.68609
7.27812 -1.14755
7.25371 -1.17983
7.86109 0.805362
7.85959 0.822233
7.76147 -0.19817
5.88478 -2.23304
5.83828 -2.24468
4.54855 1.04041
4.54863 1.07837
4.916 -1.29863
4.92615 -1.32819
6.69916 2.98836
4.6708 -0.374015
4.66613 -0.349847
4.76321 -0.780287
4.76435 -0.784745
4.55743 0.524677
4.55408 0.567354
4.65063 2.07836
4.65998 2.12718
4.67642 2.20973
4.84798 2.77
4.83066 2.72915
6.76439 2.93305
7.64946 1.69191
7.66323 1.65694
7.61899 -0.574397
7.61103 -0.591935
5.71747 -2.26023
5.74416 -2.25952
5.57851 -2.25057
5.57209 -2.24883
4.61106 1.83413
4.6164 1.87228
5.27194 -2.04384
5.26152 -2.0317
7.29248 -1.12823
6.28273 -2.05442
4.57694 1.55144
4.57866 1.56978
4.55973 1.34196
4.55797 1.3136
4.59865 1.74393
5.33058 -2.10976
5.314 -2.09187
4.57079 0.316862
4.57571 0.263776
4.54528 0.822423
4.54536 0.813616
5.65765 -2.26133
5.40252 3.367
5.47771 3.3894
5.06171 3.12631
5.01169 3.06393
7.85654 0.284101
7.84256 0.170608
5.0525 -1.66008
5.00198 -1.5352
5.09788 -1.75662
5.15352 -1.86455
4.62993 1.9618
4.64807 2.06352
7.5097 -0.789819
7.59244 -0.630648
7.54044 1.93678
7.61004 1.78706
4.70008 2.3096
4.81121 2.6788
4.80616 2.66457
7.10281 2.5997
7.1137 2.58715
6.87319 -1.60149
6.89138 -1.58462
7.38168 -1.001
7.40172 -0.97051
7.45338 2.10155
7.46391 2.08264
7.28632 2.36451
7.35096 2.26874
7.6943 1.57288
7.74843 1.40646
7.79166 1.23916
7.74876 1.40538
7.86849 0.667717
7.8649 0.748562
7.79293 -0.081402
7.81921 0.0347136
5.20434 3.2609
5.23293 3.28094
5.60457 3.4098
7.86804 0.435321
4.93528 -1.35436
4.97475 -1.46385
5.07647 -1.71203
4.71539 -0.580618
4.72916 -0.639456
5.39344 -2.16326
5.48797 -2.22113
5.19184 -1.9315
5.08289 -1.72534
4.62593 1.9362
7.4779 -0.845826
6.73871 -1.72274
7.37193 -1.01558
7.34152 -1.06004
7.87115 0.527006
5.98579 -2.20026
4.68385 -0.438334
5.24558 -2.00936
4.70622 2.33353
4.73053 2.42806
7.85529 0.863414
7.84238 0.970924
4.63257 -0.163812
4.82078 -0.989151
4.85552 -1.10891
4.74576 2.48306
4.778 2.58528
7.1787 2.50835
7.08278 2.62274
7.84073 0.981378
7.79757 1.21375
7.23766 2.43196
7.52896 1.95936
7.45146 2.10492
7.37199 2.23591
7.74873 1.40548
7.68946 1.58663
4.56203 1.37382
5.93062 -2.21937
4.81477 -0.967664
4.54532 0.877382
4.55269 1.20772
4.55456 1.253
4.58378 0.185675
4.58175 0.203943
4.54826 0.694068
4.54649 0.747667
7.11532 -1.3491
7.86198 0.796532
4.58378 1.61992
4.58292 1.612
5.36482 -2.14019
5.3341 -2.11344
5.81218 3.40506
5.80848 3.40539
7.68395 1.60194
7.62738 -0.556391
4.99354 3.03805
4.62157 1.90641
5.27911 -2.05182
4.9343 2.94419
6.2894 -2.05062
5.30033 -2.07728
4.61075 -0.0293396
7.33085 -1.0754
5.6412 3.41257
4.98527 3.02479
4.55698 1.29483
4.5557 1.2737
4.57031 1.48005
4.57645 0.255097
4.5459 0.785468
4.54627 0.757956
4.91878 2.91653
4.5464 0.950078
4.55203 1.19098
4.87029 -1.15665
4.59264 0.109563
4.54877 0.681005
7.05368 2.65522
6.49187 3.13483
4.58949 1.67076
7.64274 -0.5216
