6.04202 -2.73805
6.02098 -2.75387
4.57467 -1.46081
4.55875 -1.38993
8.04863 -0.295599
8.06305 -0.248491
8.16984 0.420959
8.16994 0.424082
4.66081 -1.82031
4.66131 -1.82221
4.23537 1.35828
4.23191 1.31379
4.22508 0.85029
4.22435 0.810192
6.85253 3.31189
6.82324 3.33611
4.34945 -0.44002
4.36867 -0.543678
4.29044 2.05985
4.29233 2.07635
4.88164 -2.71179
4.87985 -2.70447
4.85563 -2.6156
4.84636 -2.57303
4.27679 0.0147105
4.27611 0.0202156
4.25296 0.247488
4.25144 0.263474
7.83558 -0.829779
7.86295 -0.77431
5.34784 -3.16298
5.33552 -3.1665
6.43382 3.62235
6.38354 3.65277
7.84106 2.00207
7.86929 1.93899
4.36381 2.56025
4.35505 2.50628
4.80989 -2.42608
4.81005 -2.42707
7.14177 3.0391
7.21947 2.95757
8.1223 1.09556
8.10764 1.17715
5.23449 -3.19831
5.2437 -3.19629
7.4549 2.66628
7.48299 2.62856
7.65194 2.36872
7.65353 2.36592
4.70244 3.5656
4.74324 3.62303
5.52758 -3.07305
5.56599 -3.04973
8.01291 1.55739
7.98563 1.63965
5.86863 -2.8594
5.86829 -2.85964
8.17244 0.563839
8.1695 0.66592
5.09171 -3.17407
5.10411 -3.1812
4.96928 -2.98982
4.9662 -2.98017
4.91003 -2.81457
4.92495 -2.85804
4.68535 -1.91633
4.70045 -1.98158
5.63471 -3.01083
5.63131 -3.01306
5.02157 -3.0951
5.01999 -3.09118
4.62361 -1.66242
4.61017 -1.60664
6.64739 3.47557
6.60963 3.50267
6.00747 3.83914
6.0306 3.82997
5.76843 3.91856
5.66724 3.94022
6.25951 3.72293
6.26722 3.71909
4.44069 2.92806
4.43932 2.92194
7.09123 3.09139
7.27891 2.88933
7.22053 2.95643
7.64 -1.17111
7.65083 -1.1543
7.53853 -1.32011
7.55911 -1.29099
7.02006 -1.92085
7.07032 -1.87096
6.85637 -2.07768
6.87927 -2.05723
6.40853 -2.45885
6.40452 -2.46221
6.65879 -2.25233
6.65647 -2.25423
7.96371 -0.542891
7.94189 -0.598618
5.61688 3.94804
5.55812 3.95526
7.70573 -1.06563
7.74951 -0.990783
4.52939 3.21745
4.51287 3.17149
6.95412 3.22221
6.99626 3.18265
4.31112 2.21282
4.32145 2.28355
7.16417 -1.77098
7.21686 -1.71383
4.54765 -1.34152
4.55486 -1.37208
4.60216 -1.57513
4.22426 1.00075
4.2241 0.977291
4.24142 1.49784
4.24076 1.48576
5.88062 3.88652
5.86599 3.89052
4.39067 -0.648531
4.36958 -0.548277
4.23579 0.48169
4.2368 0.464744
5.49366 3.95919
5.47015 3.96049
4.32712 2.3144
4.33182 2.35047
4.31737 -0.26124
4.31025 -0.21768
5.42279 -3.12915
5.4226 -3.12926
7.92404 1.80712
7.95273 1.7324
7.74532 2.19822
7.77781 2.13478
4.37609 2.6278
4.39192 2.71172
4.96208 3.82676
4.91778 3.79734
5.03701 3.87002
5.0396 3.87117
5.12765 3.90729
5.16804 3.92115
5.31048 3.95146
5.38177 3.95851
4.82814 -2.49834
4.80676 -2.41252
8.04781 1.43731
8.0728 1.33951
7.36336 2.78766
7.41745 2.71782
7.49176 2.61618
7.54477 2.53913
6.9397 -1.99956
6.97529 -1.9661
7.61114 2.43575
7.64874 2.37407
4.60156 3.39094
4.59989 3.38726
4.66423 3.50599
4.63815 3.46244
4.55403 3.28051
4.5691 3.31918
4.71938 -2.06065
4.72428 -2.07737
4.77385 -2.27415
4.77679 -2.28488
4.72843 -2.09381
4.74214 -2.14657
8.04212 1.45902
8.03574 1.48118
5.73221 -2.94906
5.755 -2.935
8.07516 -0.204899
8.006 -0.428761
7.98556 -0.484931
8.15387 0.218995
8.15438 0.223793
6.68276 3.44833
6.71806 3.42131
6.89716 3.27274
6.92568 3.24769
5.90504 3.87815
5.9914 3.84598
6.08725 3.80595
6.04642 3.82349
5.80504 3.908
5.65498 3.94298
4.27466 1.92432
4.27561 1.93261
4.30406 2.16492
6.21125 3.74778
6.17726 3.7637
6.4977 3.5808
6.48894 3.58688
4.42008 2.84166
4.42729 2.87297
4.45141 2.96958
7.29746 2.86826
6.77038 -2.15527
6.78243 -2.14497
7.09805 -1.84168
4.67765 3.52999
8.16575 0.728743
8.16208 0.779398
6.47404 -2.40603
6.46806 -2.411
6.34962 -2.50516
6.34101 -2.51211
6.59497 -2.3062
6.5952 -2.30602
6.71711 -2.20144
4.63854 -1.72421
8.17091 0.465639
8.17272 0.549614
4.50215 -1.14922
4.50677 -1.16858
4.47591 -1.03809
4.47693 -1.04245
4.24815 1.60877
4.24849 1.61406
4.23129 0.575365
4.23043 0.595149
4.4563 2.9873
4.45544 2.98449
7.43265 -1.46208
7.44224 -1.45003
7.33665 -1.57925
7.3551 -1.55758
4.42634 -0.813783
4.42121 -0.790047
4.45088 -0.92611
4.44878 -0.916256
4.22537 1.08148
4.22579 1.10429
6.20316 -2.61781
6.14349 -2.66333
8.02701 -0.366171
4.86772 3.75738
4.83494 3.7267
8.16134 0.295972
8.16968 0.417442
4.22718 0.723287
4.22512 0.763831
7.05503 3.12719
7.02506 3.15568
6.75026 3.39616
6.7925 3.36126
4.28824 2.04532
4.28288 1.99623
4.264 1.80917
4.26362 1.8054
8.15266 0.873075
8.15687 0.83684
8.14144 0.968039
8.14916 0.908697
4.50228 3.14188
4.49208 3.10928
5.67485 -2.98573
5.77136 -2.92489
8.098 -0.116296
6.54385 3.54966
6.56628 3.53349
5.64944 3.94392
8.17269 0.555105
4.26328 1.80195
4.25822 1.7418
7.28553 -1.63829
7.2472 -1.68128
5.94229 -2.80896
5.92061 -2.82345
4.67853 -1.89184
4.23019 1.23128
4.23043 1.27491
6.34664 3.67479
6.32298 3.68868
7.32107 2.83886
7.34793 2.80688
4.53498 3.23361
4.53866 3.24421
4.7686 3.65532
4.80212 3.69191
6.53557 -2.35632
6.53367 -2.35796
6.10124 3.79982
6.10613 3.79754
4.23147 1.29478
4.23671 1.40555
4.22501 0.78679
4.22407 0.890225
4.36891 -0.544926
4.34239 -0.402086
4.88239 -2.71561
4.86375 -2.64258
4.83048 -2.51166
4.829 -2.50347
4.27075 0.0687884
4.29205 -0.09937
4.24377 0.36275
4.26292 0.141364
7.89114 -0.713719
7.8076 -0.884161
5.31012 -3.17767
5.38003 -3.14886
7.88409 1.90445
7.82449 2.03815
4.35241 2.48815
4.37248 2.60963
4.47788 3.06229
4.47291 3.04695
5.23776 3.93903
5.23626 3.93865
8.13113 1.04121
8.0993 1.21926
5.2528 -3.193
5.17518 -3.20125
5.1429 -3.1972
7.31012 -1.61041
4.63106 3.44791
4.60205 3.3921
5.59425 -3.03475
5.46855 -3.10507
4.90609 -2.79715
5.08047 -3.16214
5.05246 -3.13931
5.02657 -3.10351
4.96 -2.96176
4.9936 -3.04245
4.94437 -2.91872
4.93769 -2.90329
5.63598 -3.00996
8.12698 0.0221509
8.12835 0.0296387
8.12506 0.0122372
7.7737 -0.947099
7.91495 -0.660513
7.68857 -1.09406
7.63501 -1.17886
7.58969 -1.24611
7.50038 -1.37378
6.2775 -2.5618
6.28203 -2.55808
6.26809 -2.5692
4.48892 -1.09373
4.49171 -1.10552
4.25292 1.67749
4.25302 1.67889
7.38563 -1.52052
7.39914 -1.50412
5.98504 -2.77953
5.95969 -2.79673
6.08248 -2.70887
4.51557 -1.20457
4.52764 -1.25499
4.46827 -1.00481
4.46266 -0.979358
4.22423 0.937262
4.22458 1.04079
4.23843 1.437
4.24437 1.54991
4.33057 -0.334784
4.39851 -0.687455
4.23995 0.413877
4.23321 0.529953
5.43913 3.96004
5.53144 3.957
5.38591 3.95891
4.29534 -0.122196
5.45972 -3.11067
5.42184 -3.12965
7.79485 2.09998
7.91208 1.83714
7.96096 1.71007
7.72934 2.22899
4.33932 2.40187
4.40448 2.7704
4.89745 3.78121
4.97608 3.83608
5.03615 3.86956
5.10116 3.89808
5.23898 3.93925
8.0781 1.3169
8.04287 1.45636
7.55418 2.52505
7.60259 2.44951
7.42818 2.7038
7.47793 -1.40389
7.48638 -1.39294
7.69865 2.28546
4.57684 3.33544
4.79145 -2.3462
4.75971 -2.21575
4.79362 -2.354
8.01772 1.54245
5.90595 -2.83415
8.16039 0.283977
8.14706 0.157261
6.31872 3.691
4.41432 2.81753
4.43734 2.91395
6.5316 -2.35975
6.41246 -2.45572
6.28658 -2.55457
6.59201 -2.30871
6.65434 -2.25607
4.22911 0.639145
4.414 -0.757674
4.43485 -0.853157
4.4385 -0.870023
4.22706 1.14596
6.12292 -2.6782
4.22795 1.1891
4.22753 0.681342
5.46389 -3.108
5.38538 -3.14716
6.4467 3.61402
7.93838 -0.606915
4.25473 1.70006
4.40757 -0.726938
4.75596 -2.20253
8.01558 1.54932
5.83095 -2.88418
8.14674 0.15459
8.14178 0.120762
8.10422 -0.0899376
6.13422 3.78419
4.27673 1.94187
4.82063 3.71261
6.0851 -2.70689
4.40992 2.79662
6.3808 3.65441
