7.52763 -0.41384
7.50332 -0.470652
5.32198 3.00975
5.38702 3.05321
4.70192 1.10233
4.69898 1.04194
4.71766 1.34582
4.71877 1.3597
4.775 1.81312
4.78067 1.84672
5.77367 -1.94494
5.82148 -1.94731
4.81457 -0.292622
4.80068 -0.221839
4.7281 0.277966
4.72977 0.261269
6.64228 2.81068
6.65804 2.79827
7.72421 0.472235
7.7256 0.509673
7.71375 0.843565
7.71496 0.832252
7.60673 -0.199283
7.59626 -0.231129
5.52014 3.11632
5.55817 3.12634
5.15265 2.83909
5.20649 2.90443
7.70965 0.279443
7.7058 0.246882
5.22943 -1.51681
5.23312 -1.52395
5.1406 -1.34278
5.14579 -1.35372
4.74192 1.58204
4.74625 1.61635
4.78642 1.87727
4.8076 1.9819
6.01981 -1.91826
6.00734 -1.92114
5.64239 -1.91918
5.63258 -1.91606
4.8859 -0.600129
4.88937 -0.613057
4.95566 -0.846733
4.93863 -0.788304
5.33343 -1.67601
5.31985 -1.65881
4.99995 -0.983644
5.00361 -0.994415
4.69773 0.78071
4.69768 0.782998
4.98772 2.55968
4.99044 2.56643
5.08193 2.73738
5.1296 2.81048
6.13438 3.09058
6.17123 3.07789
6.01436 3.12735
5.93175 3.14415
5.72356 3.15447
5.76233 3.15717
6.6247 2.82417
6.73574 2.73521
6.72618 2.74363
6.61543 -1.59712
6.62746 -1.58747
6.81794 -1.42548
6.81362 -1.42941
7.32823 -0.803749
7.35436 -0.760675
7.22852 -0.95482
7.24342 -0.933498
7.50133 1.67218
7.47474 1.73412
4.85436 2.17586
4.85858 2.19242
7.53521 1.58785
7.54455 1.56326
5.08829 -1.21815
5.07125 -1.17691
4.76907 -0.0366165
4.75809 0.0358581
4.71664 0.401409
4.70756 0.518222
7.48317 -0.516522
7.55332 -0.350187
6.89579 2.58763
6.88143 2.60175
7.07337 2.39083
7.01703 2.45686
7.12878 -1.08877
7.13725 -1.07823
7.00202 -1.237
7.04199 -1.19288
7.39438 1.90022
7.4199 1.85041
7.31697 2.03994
7.33165 2.01482
7.22757 2.18257
7.23282 2.17498
7.08695 2.37379
7.13318 2.31397
7.61859 1.33658
7.60511 1.38326
7.66087 1.17032
7.65574 1.19343
7.69856 0.964868
7.69268 1.00564
7.56909 -0.308354
7.63236 -0.113437
7.46413 -0.555432
7.44598 -0.592582
6.48529 2.91946
6.47505 2.92631
4.70547 1.16943
4.70526 1.16529
5.58808 -1.89473
5.5424 -1.87318
5.52864 -1.86386
4.71832 0.381096
4.7174 0.391772
4.70161 0.652394
4.7016 0.652632
4.95172 2.47655
4.95062 2.47381
4.89866 2.32527
4.91755 2.38382
6.41096 2.96456
6.421 2.95858
6.80849 2.67175
4.69803 0.915494
4.698 0.913235
5.03314 -1.07841
5.03624 -1.08734
5.38852 -1.74376
5.37904 -1.73208
4.69898 1.04023
4.71289 1.28601
5.72576 -1.9398
4.83406 -0.381535
4.82014 -0.318907
5.4657 -1.81782
5.44399 -1.79729
4.73472 0.216758
4.73699 0.196
4.70711 0.525971
4.7073 0.522238
4.70124 0.663788
4.70159 0.652862
6.97211 -1.27027
6.42575 -1.72981
6.41666 -1.73583
7.40433 -0.671602
7.38394 -0.709935
6.55662 2.87242
4.6989 1.03848
4.69799 0.910948
4.69765 0.785337
4.95264 2.47863
6.08954 3.10649
6.04272 3.12034
6.30203 3.02185
6.29477 3.02523
6.80932 2.67099
7.65552 -0.0243646
7.66886 0.0311651
4.73435 1.51615
4.73111 1.48802
4.77353 1.80351
4.76426 1.7447
6.10431 -1.89067
6.03237 -1.91457
5.89957 -1.94169
5.84969 -1.94622
4.88653 2.2891
4.86704 2.22334
6.19886 -1.85189
6.21936 -1.84351
5.67216 3.15133
5.64733 3.14809
7.55434 1.53581
7.57601 1.47442
7.64016 -0.0862756
4.95911 -0.858381
4.97263 -0.900347
5.51494 -1.85375
5.34206 -1.68651
5.01739 -1.03386
7.68569 0.118182
7.6802 0.0874581
5.42048 3.07246
5.28931 2.98349
5.14996 -1.36194
5.18833 -1.43941
4.72263 1.40551
4.71361 1.29555
4.78493 1.86992
4.77435 1.80887
4.91369 -0.70082
4.93284 -0.768352
6.98421 2.4942
6.95069 2.53025
6.30908 -1.79819
6.29984 -1.80296
7.18076 -1.02123
7.20033 -0.995085
6.24867 3.04684
6.21221 3.06144
6.72298 -1.50993
6.72857 -1.50505
7.27882 -0.879817
7.31692 -0.82172
7.35637 1.97102
7.37737 1.93269
7.16035 2.27723
7.18389 2.24506
7.64107 1.25333
7.6318 1.2897
7.72595 0.56376
7.72102 0.403741
7.69196 0.153844
5.22487 2.92417
5.50461 3.11046
5.62083 3.14317
5.13525 2.8181
7.71923 0.379494
5.23757 -1.53197
5.28404 -1.60534
5.10754 -1.26581
4.72661 1.44558
4.74926 1.64035
4.73834 1.55218
4.76221 1.73072
4.81804 2.02842
4.87927 -0.575109
4.95642 -0.849344
4.86066 -0.498376
4.74168 0.155749
4.74867 0.101424
5.02825 2.64368
4.96057 2.49713
5.03853 2.66417
5.03299 2.65391
6.3186 -1.79355
4.83292 2.0942
4.8262 2.06534
7.42164 -0.63973
6.36192 2.99158
6.35483 2.99539
6.10765 3.1005
5.85442 3.1534
6.03676 3.12214
5.8362 3.15572
5.80481 3.15762
5.68542 3.15237
6.71616 -1.51589
6.52707 -1.66204
6.38716 -1.75334
6.51558 -1.67061
6.77961 -1.45977
6.89935 -1.34591
7.37526 -0.724879
7.72612 0.618165
7.46442 1.75679
7.51072 1.64975
4.85275 -0.464379
7.17259 -1.03251
6.92638 -1.31878
7.7218 0.743949
7.72371 0.704362
5.04277 -1.10531
4.77624 -0.0824745
4.79242 -0.176429
6.81404 2.66648
7.08072 2.38176
7.15159 -1.06019
7.09271 -1.13255
7.67724 1.09474
7.67952 1.08271
7.43113 1.82773
7.28308 2.09682
7.27649 2.10742
7.24917 2.1502
7.5937 1.42006
7.68333 1.06138
7.70496 0.919376
7.71793 0.795024
6.46645 2.93198
5.91959 -1.93957
5.93523 -1.93688
5.3914 -1.74712
5.82733 3.15656
5.30184 -1.6317
6.12109 -1.885
5.03783 -1.09194
7.71126 0.86641
7.05965 -1.17235
7.04791 -1.18619
7.72576 0.65456
