7.69488 -0.28181
7.71909 -0.206623
5.50742 3.32477
5.41615 3.297
5.08143 3.04842
5.11269 3.08577
7.80732 0.188013
7.82003 0.289732
4.61364 1.50695
4.61826 1.55163
4.92659 2.80792
4.93697 2.82834
4.66093 -0.0957151
4.65034 -0.0251402
7.52494 -0.681804
7.51073 -0.709436
6.37458 3.1496
6.26897 3.20445
4.74422 2.29471
4.73297 2.249
5.72573 3.34795
5.71198 3.3482
6.68546 2.94156
6.72195 2.91283
6.87945 -1.53742
6.86535 -1.55097
7.4049 -0.894088
7.3941 -0.911349
7.4671 1.99807
7.45494 2.02075
7.30592 2.26895
7.30036 2.27718
7.63431 1.63041
7.62266 1.66076
7.73242 1.32587
7.74427 1.28098
7.76041 -0.054541
7.77858 0.0262243
7.63436 -0.444508
7.61395 -0.494651
5.30762 3.24521
5.36179 3.27149
5.14911 3.12085
5.20078 3.17007
4.99286 -1.36968
5.01243 -1.42226
5.11347 -1.65556
5.08652 -1.59931
6.53304 3.05122
6.56383 3.0308
4.59283 1.231
4.59659 1.29501
4.64717 1.7908
4.64952 1.8083
6.11679 -2.07889
6.19436 -2.04128
5.76456 -2.17615
5.78566 -2.1763
5.56113 -2.15158
5.58157 -2.15954
4.77645 -0.661974
4.77226 -0.645349
4.82978 -0.863626
4.81765 -0.81922
5.15698 -1.74218
5.18004 -1.78319
4.61985 0.215212
4.61634 0.247955
4.70202 2.11106
4.70569 2.12765
6.24375 3.21621
6.14962 3.25599
6.91062 2.74457
6.85128 2.8014
6.65245 2.96689
6.39528 -1.9241
6.34196 -1.9565
6.79646 -1.6146
6.74511 -1.65918
7.00223 -1.41428
6.92231 -1.49566
7.27966 -1.07963
7.30506 -1.04501
7.8334 0.513195
7.83151 0.443106
4.58448 0.913368
4.58438 0.908592
4.58827 1.10638
4.59031 1.16736
4.91586 -1.14922
4.92391 -1.17543
4.72963 -0.456633
4.74399 -0.523093
5.27696 -1.93305
5.2585 -1.90665
4.59143 0.589548
4.58851 0.654473
7.01156 2.64189
7.01055 2.64298
7.14792 -1.25046
7.14286 -1.25674
7.80898 0.946931
7.81208 0.923226
4.68738 -0.248708
4.68507 -0.236011
7.83315 0.60727
7.83256 0.660075
7.72986 -0.170249
7.67999 -0.324916
6.07023 -2.09831
6.08964 -2.09127
5.62481 -2.16735
5.68851 -2.17795
7.05002 -1.36154
7.07568 -1.3334
6.40636 3.13045
6.26272 3.20774
4.83865 2.60458
4.83845 2.60399
7.12641 2.51055
7.1297 2.50658
7.79104 1.06084
7.77561 1.14349
7.3888 2.13659
7.3596 2.18483
7.21718 2.39343
7.25049 2.34824
7.6828 1.49282
7.69095 1.46816
7.65596 -0.389671
7.60277 -0.519626
7.58224 -0.565397
6.58947 3.01335
6.50716 3.0686
4.63558 1.70651
4.63238 1.67996
4.61006 1.47103
4.60608 1.42331
5.98662 -2.13047
5.89106 -2.15864
5.93566 -2.14652
5.87824 -2.16103
5.88509 -2.16012
5.59393 -2.16314
5.52344 -2.13827
4.85403 -0.951375
4.94925 2.84945
4.98471 2.91256
5.9276 3.32355
5.99184 3.3072
6.03541 3.29539
6.10687 3.27058
6.13306 3.26184
6.449 3.10532
5.62959 3.34423
5.66024 3.34685
6.80652 2.8404
6.29689 -1.98473
6.45013 -1.88667
6.89878 -1.51948
7.00561 -1.41067
4.5853 0.981109
4.58527 0.976867
4.58819 1.10386
4.59281 1.23074
4.5926 1.2257
4.85987 -0.970651
4.88649 -1.05675
4.60782 0.338326
4.5994 0.454138
4.63415 0.0943066
4.62888 0.135276
4.59144 0.589274
4.78632 2.44584
4.7986 2.48579
4.76277 2.36748
4.76125 2.36217
6.9455 2.70963
7.00883 2.64475
7.23804 -1.13623
7.25266 -1.11755
7.822 0.82993
7.81834 0.871033
4.58798 1.04036
4.5881 1.10125
4.95181 -1.25907
4.94721 -1.24568
4.61166 1.48747
4.8023 -0.763264
4.78368 -0.690648
5.40965 -2.06912
5.42447 -2.08139
4.59655 0.52404
4.59145 0.589016
7.54453 1.84282
7.55084 1.82937
4.89513 2.74041
4.87071 2.68283
4.60033 1.35153
4.60089 1.35916
4.65731 1.86285
4.65866 1.87247
5.49198 -2.12286
5.47957 -2.11519
4.85777 -0.963771
5.34183 -2.00792
5.33695 -2.00224
5.14665 -1.72399
5.14063 -1.71319
4.59874 0.463154
4.6097 0.317291
5.86834 3.33402
5.84954 3.33647
4.70738 -0.353304
4.71264 -0.378392
5.20988 -1.83558
5.21125 -1.83753
4.68116 2.00582
4.68002 2.0003
4.85646 2.6505
4.83946 2.6068
6.49444 -1.85671
6.55269 -1.81342
5.00888 2.95044
5.01452 2.95937
4.64068 1.74413
6.2469 -2.01298
6.28826 -1.98939
4.58395 0.844845
4.58449 0.789581
5.407 3.29359
5.56294 3.33593
5.11776 3.09113
5.06409 3.02584
7.82252 0.315943
7.8026 0.155619
5.05 -1.51768
5.0476 -1.51174
4.66853 1.93774
4.67066 1.94987
7.46154 -0.799428
7.56592 -0.599393
4.72647 2.22121
4.74743 2.30825
6.83558 -1.57856
7.35546 -0.97012
7.42975 -0.853789
7.42855 2.06813
7.4982 1.9385
7.26211 2.33194
7.30744 2.26665
7.65451 1.57662
7.59944 1.71882
7.75346 1.24275
7.71883 1.37578
7.82819 0.753389
7.82736 0.772157
7.78654 0.0653024
7.75169 -0.0896301
5.20944 3.17727
5.29857 3.23974
5.60865 3.34283
7.83034 0.421176
5.04631 -1.50836
4.97851 -1.33214
5.12743 -1.68584
4.75223 -0.559763
4.77841 -0.669676
5.20743 -1.83185
5.14943 -1.72889
4.66836 1.93664
4.71408 2.16828
4.69259 2.06397
7.45231 -0.815677
5.91872 3.32538
6.69494 -1.70279
6.65126 -1.73774
6.61145 -1.76977
7.31997 -1.02322
7.83394 0.550391
7.58825 1.74514
7.59389 1.73201
5.21579 -1.84411
5.31244 -1.97499
4.76322 2.369
4.78016 2.42665
7.07133 2.57512
7.81619 0.887991
7.80764 0.957892
4.66898 -0.143197
4.69411 -0.285437
4.81084 2.52356
4.8219 2.55792
7.16388 2.46344
7.11992 2.51836
7.79991 1.00704
7.76719 1.18371
7.18995 2.42966
7.50435 1.92625
7.40875 2.10286
7.3479 2.2035
7.70892 1.40922
7.66078 1.55826
4.58396 0.854889
4.94309 -1.23328
4.58609 0.715994
4.58584 0.723497
7.1354 -1.2655
7.82668 0.783292
4.62809 1.64744
4.62175 1.58939
5.4488 -2.09703
5.39714 -2.05812
5.81607 3.3413
5.77889 3.34455
4.66817 1.93535
5.5024 -2.12886
5.3493 -2.01624
4.62381 0.178111
5.01777 2.96424
5.37426 -2.03928
5.68989 3.34762
6.241 -2.01612
4.60156 1.36793
4.64295 0.0288125
4.615 0.263137
4.58458 0.784838
4.58465 0.780203
6.59428 -1.78339
7.17114 -1.22113
4.58522 0.972581
4.59034 1.16868
4.90118 -1.10424
4.5884 0.656667
6.48539 3.0831
4.62818 1.64824
4.6205 1.57697
5.97789 -2.13302
