6.43005 1.08382
6.47578 1.01426
6.55336 0.812821
6.56709 0.756641
6.50975 0.32695
6.46972 0.254549
6.39382 1.12933
6.31245 1.18197
5.9641 1.04135
5.931 0.964685
6.13494 1.21295
6.13656 1.21378
5.88639 0.647856
5.88517 0.677836
6.14309 0.114961
6.08002 0.148644
6.26398 0.0972485
6.29045 0.100083
5.98698 0.257446
5.9898 0.253597
6.5743 0.594232
6.5625 0.480449
6.52788 0.917842
6.41186 1.10822
6.02434 1.13816
6.01507 1.12983
5.89242 0.812335
5.89037 0.793093
6.57128 0.707769
6.53113 0.910024
6.4083 0.171729
6.45069 0.222705
6.52715 0.361206
6.26305 1.20926
6.52941 0.914437
5.92042 0.937283
6.11758 1.20134
6.13945 1.21379
5.90316 0.876521
5.89323 0.826003
6.55975 0.470688
6.57591 0.612207
5.90347 0.507747
5.91291 0.448007
5.94741 0.351366
5.98545 0.2596
6.05239 0.178757
6.18187 0.09702
6.39294 0.158929
5.91907 0.429144
5.88525 0.706318
5.89051 0.580842
5.8938 0.552376
6.40005 0.163543
