4.72778 -1.16271
4.74907 -1.24084
5.41413 -2.52543
5.40314 -2.52181
5.01996 -2.0458
5.00507 -2.00976
5.06819 3.43737
5.11253 3.47223
4.65808 -0.898634
4.64682 -0.852639
4.57501 -0.535928
4.55523 -0.439445
5.95016 3.56583
5.93587 3.56926
6.17773 3.48033
6.26456 3.43841
4.59813 2.51612
4.61222 2.5744
4.65278 2.72044
4.65543 2.72852
7.07061 2.82342
7.0422 2.85273
7.28986 2.56492
7.3173 2.52819
7.41074 -1.16953
7.45692 -1.10406
6.58828 -2.02447
6.62735 -1.99451
6.94014 -1.71568
7.01457 -1.64295
7.48973 2.27239
7.49797 2.2586
4.83144 -1.52123
4.81974 -1.48175
7.81874 -0.397757
7.81482 -0.408504
4.84663 3.17539
4.81422 3.11914
4.9988 3.37453
5.01396 3.38925
5.29243 3.56817
5.30737 3.57389
5.80219 -2.49847
5.76777 -2.51108
4.90152 -1.73462
4.88932 -1.70066
6.78949 3.08741
6.77008 3.10408
6.52626 3.28572
6.57455 3.2524
4.59888 -0.646578
4.635 -0.802648
4.94636 -1.86376
4.95011 -1.87304
4.53759 2.22865
4.52457 2.15694
4.49695 1.97996
4.49972 1.99845
7.71726 -0.643434
7.74099 -0.589978
7.59644 -0.877488
7.61909 -0.83711
6.39776 3.36711
6.40156 3.36497
6.93165 2.96101
6.99133 2.9045
7.51152 -1.01972
7.47329 -1.07953
6.77149 -1.87152
6.82298 -1.82698
7.09581 -1.55727
7.04474 -1.6115
7.98646 0.570616
7.98643 0.552566
6.35537 -2.19673
6.41108 -2.15937
6.28434 -2.24629
6.24134 -2.27239
5.49418 3.61593
5.5006 3.61646
4.71494 2.90111
4.69514 2.84672
7.69921 1.86958
7.6792 1.91462
7.97705 0.786884
7.97999 0.749933
4.77807 -1.34306
4.76306 -1.29203
5.42579 -2.52806
7.85615 -0.288473
7.85571 -0.289858
5.05792 -2.12519
5.06612 -2.14347
5.16768 -2.31666
5.13872 -2.27464
6.11869 -2.3495
6.08883 -2.3658
5.23785 -2.40676
5.21192 -2.37809
5.31619 -2.47492
5.2654 -2.43454
5.21139 -2.37749
5.2111 -2.37708
4.4229 0.885131
4.42299 0.850058
4.42374 1.01164
4.42334 0.977057
4.43742 1.38376
4.43586 1.3584
4.4459 1.50399
4.44464 1.4867
4.53381 -0.32633
4.54811 -0.402878
4.44469 0.353382
4.44645 0.33103
4.43525 0.489698
4.43693 0.461487
4.46367 0.150956
4.46619 0.127829
5.97041 3.55945
5.83459 3.59435
6.11145 3.50741
6.2901 3.42629
4.56788 2.38687
4.56543 2.37515
7.18687 2.69377
7.18739 2.69316
7.96158 0.936607
7.94751 1.03544
7.8989 1.28144
7.9198 1.18819
7.24423 -1.38776
7.21621 -1.42123
7.3343 -1.27355
7.30443 -1.31283
6.68193 -1.9484
6.52813 -2.07252
7.02033 -1.63695
6.91921 -1.73674
7.56854 2.13455
7.53599 2.19331
7.40553 2.40298
7.43603 2.35717
7.84574 1.47749
7.86772 1.40308
7.78956 1.64506
7.81043 1.58632
7.89214 1.31085
7.88725 1.32984
5.56861 -2.54654
5.55093 -2.54803
5.66051 -2.53634
5.64208 -2.54053
7.90422 -0.117017
7.90491 -0.114305
7.80971 -0.422065
4.93273 3.2988
4.95745 3.32927
6.86049 3.02592
6.84092 3.04344
6.64502 3.2012
6.62969 3.2128
6.51202 3.29564
4.46725 1.74483
4.46694 1.74208
4.54525 2.27351
4.51325 2.08874
5.70823 3.61455
5.71529 3.61419
5.7945 3.60151
5.77638 3.60528
6.06444 3.52701
6.40227 3.36452
6.4019 3.36476
7.00034 2.89539
6.91064 2.98131
6.49046 -2.09971
6.85777 -1.79399
6.72559 -1.9125
7.10864 -1.54384
6.31839 -2.22265
4.77791 3.04837
4.81297 3.11688
6.02641 -2.39932
6.03844 -2.39355
4.68897 -1.01736
4.6937 -1.03525
4.4542 1.60521
4.45498 1.61501
4.48832 -0.0479179
4.49763 -0.111593
4.42619 0.688349
4.42512 0.722283
4.43137 0.561263
4.4299 0.591903
4.74094 2.96474
4.72127 2.91819
7.19313 -1.44854
7.17139 -1.47351
7.97233 0.844257
7.97111 0.8563
4.64328 -0.837668
4.42852 1.19924
4.42962 1.23105
4.42486 1.07012
4.42559 1.10405
6.18708 -2.30829
7.86761 -0.249187
4.86427 3.20261
4.91427 3.27556
4.67458 -0.962693
4.67712 -0.972235
6.71885 3.14546
6.70209 3.15829
4.51274 -0.206357
4.5165 -0.229522
7.63327 2.0107
7.62767 2.02214
5.95582 -2.43513
5.93762 -2.44395
7.98079 0.382672
7.97606 0.314372
4.4841 1.88344
4.48239 1.87119
5.32626 -2.48226
7.9502 0.107147
7.94271 0.0612628
4.50887 2.06209
4.98802 3.36267
4.75241 -1.25324
4.71676 -1.12163
4.85889 -1.60977
4.85686 -1.60294
5.09562 -2.20115
5.10019 -2.20954
4.99535 -1.98798
5.03461 -2.07683
4.91828 3.28102
5.1658 3.50699
5.32951 3.57986
5.40393 3.601
5.89514 -2.46252
5.87665 -2.47105
7.96574 0.216815
7.9621 0.185278
4.43295 1.29455
4.43343 1.3235
4.42306 0.948536
4.42292 0.913558
4.42441 0.786556
4.4229 0.821634
4.44141 1.44402
4.43999 1.42255
4.43956 0.421791
4.44131 0.396265
5.57099 3.62088
5.60135 3.62075
4.50524 2.03952
4.4794 0.0157822
4.48049 0.00730963
7.66014 -0.759805
7.67588 -0.72896
4.58799 2.47529
4.63641 2.66487
4.66802 2.76805
4.64218 2.68579
7.14839 2.73782
7.18588 2.69494
7.94278 1.06446
7.92311 1.17196
7.24886 2.6173
7.35376 2.47828
7.46233 -1.09604
7.37705 -1.21678
7.29016 -1.33052
7.24914 -1.38197
7.52972 2.20427
7.48793 2.27533
7.81888 1.56116
7.84016 1.49577
7.98578 0.60375
7.98383 0.673808
5.6159 -2.54296
5.59667 -2.54603
4.80449 -1.43233
4.86462 -1.62809
5.21028 3.53212
5.1893 3.52126
5.47488 3.61309
5.70321 -2.52755
7.96968 0.250939
7.91946 -0.055698
7.92031 -0.0516769
7.91884 -0.0585559
4.92105 -1.79192
4.95422 -1.88319
4.49083 1.93482
7.68965 -0.701366
7.76759 -0.528419
7.55922 -0.941642
7.35855 -1.24232
7.52868 -0.992539
7.98568 0.479451
4.78345 -1.3609
5.98366 -2.42154
5.98804 -2.41963
5.68724 -2.5322
4.46023 1.67471
4.46061 1.67917
4.4285 0.624644
4.42723 0.657098
4.68649 2.82095
4.71656 2.90577
4.42645 1.13454
4.4274 1.16755
4.52196 -0.261372
4.70343 -1.07198
5.49238 -2.54453
5.50481 -2.54579
5.10262 -2.21337
5.18184 -2.33873
5.24617 -2.41472
4.42395 1.04056
4.44956 1.55086
4.45032 0.284671
4.4328 0.526705
4.45354 0.249278
4.63835 2.67233
4.56445 2.37024
7.22464 2.64757
7.12774 2.76134
7.96588 0.902721
7.89285 1.30799
7.38121 2.43886
7.19579 -1.44537
7.60627 2.06339
7.58125 2.11116
7.44814 2.33837
7.87019 1.39405
7.77866 1.67485
5.51764 -2.54592
7.88981 -0.172563
6.75693 3.11474
4.47338 1.80092
4.46545 1.728
6.06859 -2.37646
4.42407 0.752162
4.7503 2.98558
4.67482 2.78763
4.5532 2.31378
7.72445 1.81188
7.7581 1.72916
7.67483 1.92414
4.7677 3.0255
7.14734 -1.50082
7.97299 0.838179
4.43065 1.26398
5.34709 -2.49395
5.63144 3.61928
4.9773 -1.94229
7.98464 0.448509
4.4753 1.81559
4.47426 1.80749
7.98288 0.695694
6.68387 3.17208
6.82109 3.06095
7.0789 2.81459
7.7184 1.82646
5.36791 -2.50563
7.76658 1.70735
7.77779 -0.503724
6.61578 3.22328
5.71791 3.61405
7.88913 -0.175048
5.72422 3.61331
