6.20392 -0.453092
6.22155 -0.450516
5.64511 1.32233
5.61373 1.22143
5.85638 -0.288392
5.81558 -0.242589
5.60113 0.268392
5.6142 0.211737
5.56941 0.443567
5.57 0.438245
6.89555 0.786864
6.89538 0.788754
6.85409 0.236209
6.85223 0.229912
6.42483 -0.381291
6.48824 -0.337415
6.00482 -0.409096
6.03487 -0.420549
5.98477 1.73035
6.03322 1.74769
5.79972 1.59444
5.83478 1.63382
6.6737 -0.14582
6.65597 -0.170146
5.55226 0.771823
5.55191 0.748471
5.64571 1.32414
5.68707 1.41993
5.73993 -0.12254
5.75986 -0.156158
6.77741 1.21352
6.79996 1.1601
6.74416 -0.030654
6.77198 0.0224853
5.64657 0.0960122
5.65745 0.065291
6.52992 1.57348
6.51183 1.58956
6.21527 1.74892
6.20502 1.75223
6.90015 0.487173
6.90007 0.486172
6.86561 0.955958
6.86472 0.960126
6.41263 1.66606
6.40167 1.67409
6.59527 1.50271
6.57374 1.52841
6.47346 1.61948
6.88635 0.845403
6.882 0.873089
6.67637 1.39808
6.65119 1.43384
6.38706 1.6829
6.28972 1.72698
6.89576 0.784317
6.90227 0.692546
5.57711 1.05047
5.56959 1.00491
5.55867 0.556955
5.55765 0.568841
6.13717 1.76079
6.13307 1.76067
6.31155 -0.432158
6.18564 -0.451812
5.8782 1.66986
5.93258 1.70805
6.63324 -0.196968
6.58034 -0.256623
5.557 0.890788
5.56169 0.937467
5.79289 -0.208566
5.9111 -0.345813
6.74083 1.29014
6.73393 1.30385
5.57858 0.372627
5.62669 0.165364
5.57818 0.375171
5.56341 0.503553
6.89673 0.461283
6.88275 0.359984
6.81637 0.125342
6.87162 0.310379
6.102 -0.443646
6.37281 -0.407001
6.5455 -0.291164
5.93222 -0.360941
6.12334 1.75937
5.74031 1.51892
6.72059 -0.0730133
5.55636 0.881392
5.55304 0.649455
5.72533 -0.0964506
5.73593 1.5118
5.73101 1.50262
6.69818 1.36419
6.72845 1.31376
6.82053 1.10646
6.804 0.094626
5.69612 -0.0302824
5.66741 0.0389814
5.5785 0.373084
5.55434 0.619542
6.15452 1.75903
6.27355 1.73437
6.90466 0.608614
6.88215 0.35668
6.90529 0.630477
6.83639 1.05751
6.86218 0.970225
6.62637 1.46687
5.58828 1.11526
5.64554 1.32369
5.60155 1.16795
6.84639 1.02642
6.86789 0.945609
