4.69071 -1.18887
4.69925 -1.22021
5.42464 -2.64004
5.42644 -2.64013
5.05774 -2.28316
5.06194 -2.29152
5.85193 -2.5551
5.93568 -2.51616
5.20884 -2.51643
5.20674 -2.5144
5.11154 -2.38286
5.13462 -2.4167
7.99562 0.164239
7.99696 0.174592
4.61167 -0.877449
4.63054 -0.954551
4.51948 -0.459685
4.55823 -0.648708
4.46546 2.06164
4.46575 2.06414
4.55641 2.54632
4.56962 2.60096
7.30433 2.60878
7.36289 2.53038
7.43603 -1.19933
7.4489 -1.18109
7.29903 -1.3797
7.32933 -1.34217
6.98658 -1.7249
7.02535 -1.68702
6.4098 -2.2185
6.41544 -2.21415
5.64087 -2.62881
5.65004 -2.62737
4.79104 -1.54974
4.7661 -1.46559
4.84526 -1.72731
4.83733 -1.70069
7.85621 -0.400248
7.84755 -0.42473
4.9113 3.37817
4.85514 3.30332
5.16453 3.58897
5.2006 3.60762
4.95774 3.43068
4.98852 3.46057
5.2757 3.63629
5.31009 3.64948
5.9975 -2.48353
6.03912 -2.46012
8.01063 0.297446
8.00949 0.283081
6.81646 3.11915
6.80553 3.12854
6.5807 3.30116
6.60295 3.28582
5.72772 3.67393
5.72016 3.6748
4.45024 1.94434
4.44901 1.93439
4.48792 2.19781
4.48498 2.18161
7.7612 -0.634667
7.75541 -0.647601
7.64502 -0.867796
7.64507 -0.867722
5.95704 3.6208
6.02372 3.59719
6.40775 3.41434
6.32876 3.45883
6.17452 3.53775
6.18438 3.53341
7.15059 2.79411
7.08455 2.86569
6.97621 2.97365
7.00511 2.94628
7.38785 -1.26568
7.4041 -1.24358
7.53637 -1.049
7.50576 -1.09688
6.6451 -2.03575
6.63877 -2.04121
6.82318 -1.88178
6.83407 -1.87236
8.02194 0.525571
8.02206 0.583971
8.01524 0.763156
8.01527 0.762863
4.73989 -1.37
4.76424 -1.45877
4.91541 -1.9387
4.92151 -1.95456
4.76711 3.15709
4.73713 3.09636
5.4592 3.67981
5.50635 3.68369
5.72144 -2.60572
5.73943 -2.60067
4.65246 -1.04313
4.65085 -1.03667
4.64278 2.85622
4.6399 2.84829
7.72382 1.90269
7.71602 1.92026
4.80488 3.22607
4.81766 3.24705
6.11083 -2.41746
6.16889 -2.38248
6.19848 -2.36309
6.28151 -2.30882
5.42246 -2.63972
5.39321 -2.63
5.33306 -2.60988
5.33697 -2.61189
5.26427 -2.56665
5.47112 -2.64558
5.46954 -2.64543
5.02405 -2.21009
5.00056 -2.15788
5.15691 -2.45166
5.20533 -2.51252
4.38423 0.907637
4.38438 0.850103
4.38519 1.03408
4.38453 0.977103
4.39969 1.40572
4.39678 1.35822
4.40812 1.52598
4.40525 1.48652
4.48865 -0.298267
4.50303 -0.375211
4.56095 -0.66168
4.40412 0.378301
4.40778 0.33166
4.39512 0.514343
4.39822 0.462117
4.45637 -0.0955833
4.46178 -0.131889
4.42239 0.176312
4.42992 0.107292
5.85101 3.65071
5.84193 3.65296
6.2965 3.47734
6.1878 3.53169
4.54236 2.48142
4.52535 2.40013
4.60895 2.74776
4.60408 2.72998
7.20081 2.73601
7.22764 2.70458
7.99311 0.967784
7.98701 1.01062
7.94938 1.21744
7.93393 1.28634
6.73642 -1.95922
6.73027 -1.96441
7.06488 -1.64579
6.93018 -1.78162
7.513 2.30371
7.47881 2.35922
7.59229 2.16651
7.57637 2.19525
7.42939 2.43509
7.44392 2.41326
7.88356 1.47393
7.89618 1.43123
7.82865 1.64138
7.83839 1.61397
6.42104 -2.20976
6.53674 -2.1226
6.34983 -2.26089
5.52121 -2.647
5.55971 -2.6437
7.93432 -0.145199
7.94428 -0.106451
7.89521 -0.281977
7.90653 -0.245028
7.88489 -0.315384
7.81617 -0.505738
7.8107 -0.519817
4.91543 3.38381
6.90708 3.03914
6.86742 3.07464
6.7762 3.15292
6.75202 3.17246
6.69679 3.21589
6.65755 3.24559
6.51817 3.34475
4.43918 1.85555
4.44258 1.88439
4.45723 1.99802
4.47068 2.09544
4.50512 2.29852
5.8392 3.65345
5.83396 3.65454
6.07118 3.58082
6.45829 3.38233
6.43163 3.39931
6.18589 3.53266
7.04342 2.90762
6.92459 3.02357
6.55022 -2.11157
6.90653 -1.80367
6.73692 -1.95881
7.11961 -1.58873
8.01945 0.673862
8.01517 0.764143
6.54364 -2.11698
4.73186 3.08606
4.79642 3.21038
8.02001 0.439234
8.02188 0.493029
4.42482 1.71848
4.42713 1.74315
4.41249 1.57931
4.41533 1.61483
4.38834 0.666403
4.38654 0.722911
4.39376 0.539462
4.39122 0.592533
7.77684 1.7779
7.75859 1.82268
7.68635 1.98339
7.66964 2.01819
4.70306 3.01774
4.68295 2.96794
7.2017 -1.49603
7.22459 -1.46972
4.59528 -0.80821
4.3888 1.17622
4.3907 1.2311
4.38545 1.04727
4.38668 1.1041
5.67008 3.68067
5.63148 3.68426
4.56217 -0.667363
4.56526 -0.681211
4.70767 3.02987
4.72281 3.06579
7.16258 2.78084
7.16939 2.77315
7.14965 -1.55521
7.17901 -1.52214
7.13275 -1.5741
4.93802 -2.00084
4.9466 -2.02261
8.0203 0.650888
4.9183 3.38727
5.11572 3.56064
5.0955 3.54772
5.73412 3.67293
5.78487 3.66421
7.97941 0.0627133
7.97434 0.0316539
4.46503 2.0588
8.0075 0.851123
4.71521 -1.2795
4.66719 -1.10111
4.81795 -1.63867
4.80031 -1.57953
4.96083 -2.06256
4.97236 -2.09052
5.03016 -2.22494
5.0637 -2.29452
5.07587 3.53318
5.01748 3.48706
5.81824 -2.57082
5.94011 -2.51373
8.00347 0.230968
7.99443 0.155008
4.39504 1.29459
4.39588 1.34536
4.38447 0.970998
4.38424 0.913603
4.38684 0.7866
4.38436 0.844062
4.4037 1.46598
4.4008 1.42237
4.39926 0.446546
4.40265 0.396894
5.53559 3.68553
5.61208 3.68521
4.43768 0.041405
4.44465 -0.0129764
7.70646 -0.750564
7.70194 -0.759668
4.57679 2.62777
4.54635 2.50125
7.9733 1.09465
7.96384 1.14636
7.29588 2.61957
7.36845 2.52278
7.48693 -1.12502
7.42904 -1.20913
7.34417 -1.32258
7.27393 -1.41118
7.55316 2.2358
7.52891 2.2773
7.85734 1.55754
7.86836 1.52367
5.68195 -2.61817
5.60502 -2.63711
4.76467 -1.46043
4.86762 -1.79928
5.2132 3.61312
5.14673 3.57948
5.33076 3.65505
6.06115 -2.44778
5.98874 -2.48813
5.76006 -2.59228
8.01183 0.311737
7.95914 -0.0408111
7.97284 0.0240912
7.94916 -0.0869384
4.87345 -1.81638
4.87674 -1.8257
7.6455 -0.866904
7.80569 -0.531777
7.58473 -0.971705
7.38348 -1.27169
7.57645 -0.985518
8.02145 0.613676
6.0885 -2.4313
4.73167 -1.33946
5.40843 3.67234
5.69486 -2.61532
4.63876 -0.987976
4.66367 -1.08785
4.4183 1.64868
4.42091 1.67899
4.39078 0.602777
4.38862 0.657726
4.63215 2.82523
4.66062 2.90736
4.38689 1.11161
4.3885 1.1676
4.66639 -1.09812
5.45044 -2.64307
5.51408 -2.64693
4.98897 -2.12904
5.09763 -2.35724
5.14704 -2.43651
4.38524 1.0406
4.41005 1.55067
4.48014 -0.250109
4.40961 0.30967
4.39427 0.527332
4.47743 -0.234031
4.417 0.228591
4.59531 2.69915
4.513 2.33823
4.62122 2.78916
7.2389 2.69079
8.00441 0.878498
7.92168 1.3365
7.42539 2.44098
7.252 -1.4371
7.63037 2.09582
7.62133 2.11308
7.47181 2.37023
7.90732 1.39056
7.80637 1.70226
5.59825 -2.6377
7.92927 -0.164692
6.72501 3.19464
4.43533 1.82417
4.44747 1.9231
6.28476 -2.30655
6.283 -2.3078
4.63526 -0.973625
4.43175 1.78854
4.38628 0.730259
4.67172 2.93669
4.50838 2.31505
7.79776 1.72543
7.73198 1.88437
7.64015 2.07697
4.39101 1.241
5.68533 3.67868
5.38587 3.66853
8.01908 0.416263
5.9499 -2.50861
6.71164 3.20476
6.82725 3.11012
4.89746 -1.88628
6.18571 -2.3716
5.20619 -2.51364
6.3464 -2.2635
6.62193 3.2724
4.43367 1.80715
7.91879 -0.20281
