7.56907 0.0396707
7.58023 0.0866012
7.54101 1.25514
7.5311 1.29428
5.32869 -1.38717
5.37406 -1.45151
5.66561 -1.70493
5.67607 -1.70915
5.04434 -0.744711
5.03371 -0.710473
5.50044 -1.59572
5.49407 -1.5893
5.11106 -0.935085
5.14521 -1.02513
6.58664 2.70202
6.5598 2.72212
6.90846 2.4165
6.92556 2.39784
4.80282 0.781287
4.80073 0.84042
5.11247 2.48986
5.14796 2.55524
7.17802 -0.844269
7.14376 -0.894947
6.15198 2.93254
6.19989 2.91427
5.85671 2.98805
5.94168 2.98127
7.06331 2.23294
7.04493 2.25703
6.39945 2.82161
6.35554 2.84579
7.58489 0.109772
7.60235 0.212044
7.55361 -0.0269789
7.52736 -0.124978
7.47563 -0.276496
7.48439 -0.25345
7.38162 -0.494933
7.35817 -0.543807
7.40122 1.65808
7.39202 1.67881
7.46939 1.48497
7.46034 1.50967
5.53179 2.92522
5.56767 2.93986
5.3352 2.793
5.35554 2.8109
5.3104 -1.35629
5.27133 -1.28919
4.80909 1.15601
4.81315 1.22766
4.82624 1.37594
4.83584 1.46479
4.86325 1.66195
4.86856 1.69608
5.81431 -1.74398
5.85234 -1.75003
4.98101 -0.532019
4.98558 -0.548418
5.1856 -1.11628
5.14667 -1.0285
4.9127 1.91886
4.92293 1.96007
4.85409 0.0908226
4.84273 0.174168
4.81951 0.39011
4.81894 0.395668
5.21383 2.65461
5.17683 2.59969
4.96345 2.11182
4.97405 2.148
6.23914 -1.66935
6.29293 -1.64315
7.04672 -1.02191
7.00405 -1.07239
5.7343 2.98232
5.80536 2.98679
6.63464 -1.42793
6.70964 -1.36604
6.43591 -1.56633
6.5117 -1.51691
7.62535 0.43515
7.62015 0.358327
7.62925 0.618357
7.62965 0.569988
7.61123 0.892231
7.60797 0.91995
4.93443 -0.341264
4.94832 -0.400931
7.09266 -0.962556
7.1177 -0.930602
7.2511 -0.734753
7.25768 -0.724409
6.87584 -1.21159
6.84693 -1.24107
7.28104 1.90118
7.26608 1.92863
4.80199 0.971239
4.80207 0.98194
4.89081 -0.133538
4.88617 -0.108508
7.41796 -0.418146
7.43748 -0.373297
7.52901 1.30189
7.50805 1.37183
7.58963 1.03681
7.58628 1.05692
6.7329 2.58588
6.78445 2.53917
7.18427 2.06315
7.14644 2.11925
7.62129 0.797115
7.62224 0.784517
7.52413 -0.13503
7.52053 -0.146399
7.40637 -0.444624
7.33302 -0.592419
7.35189 -0.556108
7.43649 1.57291
7.49053 1.42495
4.81383 1.23672
4.80655 1.10634
4.80614 0.588192
4.80405 0.650965
4.80076 0.852523
6.66901 2.63898
6.68862 2.62313
7.57169 1.12753
7.5769 1.10512
7.59733 0.990763
7.60328 0.95182
4.91405 -0.251842
4.95864 -0.443926
7.33655 1.79684
7.30217 1.8635
7.42789 1.5943
4.80538 1.04011
4.80625 1.10071
5.71132 -1.72239
5.73489 -1.72965
4.80634 0.583495
4.80962 0.520573
4.80243 0.711319
4.80211 0.721178
5.01598 2.27137
5.03144 2.31235
7.05006 -1.01781
7.05303 -1.01418
7.22955 1.99099
7.19675 2.04392
6.12591 -1.71135
6.04469 -1.73389
6.41954 2.81094
6.46256 2.78515
4.81876 1.29603
4.96963 -0.487444
4.80997 0.514916
4.81379 0.457725
7.58246 0.0975867
7.55822 -0.00956581
5.43281 2.87036
5.45122 2.88189
5.31939 -1.37205
5.42463 -1.5175
4.82327 1.34694
4.88859 1.80959
4.88855 1.8094
4.91112 -0.238098
4.91232 -0.243784
5.06189 -0.79972
5.01395 -0.645458
5.56371 -1.64568
5.4762 -1.571
5.14599 -1.02697
5.08742 -0.871134
6.54393 2.73256
6.61244 2.6832
6.97385 2.34348
6.85667 2.46958
5.1597 2.5744
5.07933 2.42283
6.18918 -1.68814
6.14128 -1.70725
7.13605 -0.905245
7.20168 -0.810263
6.94834 -1.1358
6.97828 -1.10262
6.06579 2.95814
6.25813 2.89178
6.03171 2.96592
5.83756 2.98878
6.53475 -1.50178
6.61389 -1.44344
7.00268 2.30993
7.09664 2.18875
7.62859 0.527239
7.62679 0.462967
6.34525 2.85055
6.40958 2.81642
7.60568 0.234611
7.36372 1.74065
5.6319 2.96157
5.27496 2.73043
7.61855 0.341727
5.43427 -1.52812
5.23204 -1.21668
5.22627 -1.20479
4.84253 1.51757
4.85094 1.58117
4.847 1.55268
4.88851 1.80915
4.88885 1.8109
5.94761 -1.74905
5.75764 -1.73603
4.98686 -0.552894
5.07705 -0.842687
5.22229 -1.19605
4.93932 2.02649
4.86296 0.0312268
4.83805 0.211612
5.2399 2.68956
5.06937 2.40273
5.059 2.37954
6.33809 -1.62189
6.91276 -1.17344
7.049 -1.01915
6.29614 2.87472
6.04644 2.96334
5.70124 2.97699
6.73567 -1.34413
6.40181 -1.58569
6.79986 -1.28526
7.30538 -0.642541
7.27041 -0.703228
7.62843 0.679562
6.62857 2.67098
6.64605 2.65809
4.90415 -0.204299
6.47414 2.77831
7.08167 -0.977088
4.87243 -0.0280197
7.55436 1.20514
7.56838 1.14399
7.50089 1.3954
7.58053 1.08494
7.59166 1.02626
6.82034 2.50577
6.70853 2.60638
6.991 2.32387
7.19395 2.04827
7.13358 2.13734
7.61994 0.81126
7.62743 0.708547
7.49096 -0.235212
7.4506 -0.341727
7.31944 -0.617828
4.82452 0.33386
4.82638 0.314725
4.81417 0.452743
7.61325 0.876094
7.3472 1.77565
7.30183 1.86414
7.25224 1.95286
5.94939 -1.74901
5.94988 -1.74894
4.83243 0.259598
4.99718 2.21967
5.95085 -1.74878
5.56987 -1.65054
5.57645 -1.65546
7.35653 1.75594
5.94904 -1.74904
7.55101 1.21845
5.60854 -1.67459
5.62246 -1.68283
4.83084 0.27248
4.81996 0.383928
