6.80854 -0.500583
6.74424 -0.575007
6.56045 -0.747087
6.57778 -0.73323
7.07177 1.23785
7.06343 1.2637
6.77918 1.78196
6.78352 1.77686
6.87662 1.64416
6.92239 1.57018
5.752 -0.773649
5.77913 -0.795726
6.41979 2.10295
6.42866 2.09733
6.33141 -0.877251
6.36505 -0.862086
6.20426 2.19554
6.1992 2.19646
5.96427 2.20983
5.9949 2.2146
5.71775 2.10661
5.79203 2.15469
6.82927 -0.47302
6.88523 -0.392114
5.27565 0.942617
5.27169 0.849267
5.29697 1.17324
5.29075 1.12091
7.12563 1.05405
7.14245 0.971873
5.57307 -0.546699
5.5345 -0.474048
5.63826 -0.643964
5.59938 -0.586955
5.39471 1.60743
5.41929 1.67679
5.33522 1.39621
5.33861 1.40987
5.57554 1.96343
5.59918 1.99417
5.47364 1.79727
5.44241 1.73085
6.65528 1.92007
6.60951 1.96192
6.9574 1.50629
6.98375 1.45442
5.93557 -0.889116
6.00233 -0.908184
6.12491 -0.920819
6.06252 -0.916892
7.10131 0.0744725
7.08203 0.0128167
7.01037 -0.167629
6.9974 -0.195759
5.45156 -0.286798
5.42133 -0.20546
5.39404 -0.11862
5.38018 -0.0684995
5.33464 0.116972
5.3324 0.128244
5.29822 0.343918
5.28908 0.420886
5.27537 0.59112
5.2714 0.692834
7.17559 0.50977
7.17744 0.567814
7.14325 0.24514
7.15622 0.319391
7.10425 1.13686
7.10005 1.15306
7.15311 0.911323
7.12249 1.06806
6.53726 2.02401
6.68363 1.89105
6.71337 1.8581
6.43641 2.0921
6.48066 2.06433
5.40015 -0.139681
5.40906 -0.170322
7.03008 1.35111
7.02124 1.37201
7.17095 0.779736
7.17111 0.778028
6.22146 -0.910466
6.22334 -0.909922
5.82216 2.16824
5.8926 2.19518
6.68089 -0.642966
6.81879 -0.487487
6.6253 -0.692745
6.48172 -0.799925
5.28435 1.05914
5.27823 0.983384
5.36295 1.50313
5.38174 1.56574
5.52022 1.88317
5.50781 1.86297
6.79319 1.7649
6.73917 1.8287
6.83314 1.70946
6.93282 1.55237
5.84298 -0.843123
5.70244 -0.722171
7.06123 -0.0449916
7.04232 -0.093995
5.48618 -0.37614
5.48928 -0.382913
5.35875 0.0131187
5.37079 -0.0345093
5.28458 0.466259
5.27721 0.558728
7.16372 0.373179
7.17114 0.444873
6.22381 2.18899
6.31132 2.15854
6.44537 -0.82276
6.22062 -0.91057
6.09888 2.21357
6.02995 2.21441
5.69355 2.08874
6.94711 -0.29414
6.9478 -0.292993
6.665 -0.657983
5.27108 0.823548
5.30983 1.26219
7.17067 0.782313
7.15874 0.875554
5.49303 -0.390694
5.58334 -0.563112
5.66284 -0.677662
5.43204 1.70815
5.32737 1.35926
5.31352 1.2854
5.64005 2.03774
5.53922 1.91105
6.99197 1.43694
6.81717 1.73215
7.01339 1.38934
5.87454 -0.859994
6.02957 -0.914752
7.11592 0.125264
6.94915 -0.290489
7.13183 0.191123
5.41576 -0.189586
5.33921 0.0947022
5.3978 -0.131842
5.31592 0.223885
5.27054 0.771088
5.30723 0.27916
5.27098 0.718716
7.17756 0.65623
7.17679 0.682381
7.05145 1.29561
6.53247 2.028
6.52952 2.03038
6.31978 2.15464
7.17615 0.700267
7.09426 1.17335
6.32837 2.15017
6.37506 2.12749
6.48597 2.0607
