6.22156 1.98462
6.25326 1.97378
5.95299 1.98154
6.01282 1.9963
5.52952 1.52034
5.52888 1.51848
5.61918 1.70323
5.62259 1.70891
6.91047 1.29407
6.91113 1.29265
5.60354 -0.25432
5.58471 -0.211137
5.5125 -0.0170702
5.50371 0.0126242
6.37452 -0.648367
6.44315 -0.611762
6.15725 -0.70086
6.14177 -0.699617
5.95809 -0.657184
6.0098 -0.675479
5.77657 -0.519851
5.81104 -0.552408
5.74429 1.8582
5.81169 1.91514
6.81586 -0.233375
6.77928 -0.289537
6.60909 -0.488843
6.63208 -0.466408
5.42508 1.09414
5.44094 1.20033
5.40536 0.862526
5.40892 0.927607
5.46645 1.31237
5.44224 1.20739
6.65359 1.69858
6.7075 1.63608
6.7372 1.59791
6.78148 1.53308
6.89134 -0.100524
6.89388 -0.0955359
6.94569 0.0286674
6.97569 0.115777
5.67943 -0.392422
5.6673 -0.37147
5.45514 0.204892
5.45876 0.187496
5.40421 0.664327
5.40632 0.60953
5.42288 0.414752
5.43393 0.331445
6.42994 1.88988
6.4102 1.90372
7.03078 0.357116
7.01679 0.27835
7.05057 0.634242
7.04813 0.529755
7.04744 0.709452
7.04301 0.770425
6.93805 1.22739
6.9362 1.23285
6.54726 1.80293
6.57998 1.77595
6.96554 1.1481
7.00863 0.986599
7.02132 0.927162
6.86318 1.39236
6.8559 1.40657
6.48359 1.85429
6.26366 -0.686412
6.31318 -0.670766
5.865 -0.600874
5.89764 -0.621469
6.14201 1.99819
6.32854 1.94705
6.09826 2.00109
5.91119 1.96871
6.73627 -0.348939
6.70966 -0.381829
5.4129 0.979762
5.42157 1.06521
5.49555 1.41745
5.5306 1.52308
5.67616 1.78242
5.61549 1.69639
6.91618 1.28122
6.88434 1.34986
6.89456 -0.0940505
6.93775 0.00725558
5.56607 -0.166309
5.62935 -0.303324
5.52522 -0.0582846
5.4845 0.0845732
5.41646 0.47275
5.41316 0.507106
7.04582 0.490555
7.03739 0.405502
6.49045 -0.583399
6.17394 -0.698863
6.05557 -0.690144
5.73993 -0.474221
6.37308 1.92336
6.35123 1.9361
6.11625 2.00188
5.83313 1.92811
5.7148 1.82984
6.67055 -0.42528
6.84215 -0.190707
6.5452 -0.541992
5.44187 1.20566
5.40314 0.793926
5.40278 0.742231
5.47881 1.35865
5.68738 -0.405453
7.04079 0.792403
7.02994 0.870807
5.57377 1.61658
6.59768 1.75944
6.72094 1.6198
6.80595 1.49398
6.83719 1.44072
6.98504 0.147915
5.54626 -0.115434
5.46076 0.178456
5.4397 0.294219
5.41086 0.538014
6.47092 1.8644
7.00688 0.232501
7.05032 0.651488
6.99087 1.06321
6.96867 1.13795
6.9963 1.04222
7.02362 0.914804
6.58671 1.77024
6.99253 1.05752
6.93396 1.23889
