7.53047 0.0319701
7.5334 0.0442644
7.50461 1.2538
7.50078 1.26893
5.67742 -1.62942
5.69895 -1.6381
5.15032 -0.913405
5.1525 -0.919165
4.84044 0.780675
4.83873 0.829207
7.16152 -0.801449
7.14166 -0.830826
6.96403 -1.05638
6.98191 -1.03627
5.94384 2.92145
5.94534 2.92133
7.19807 1.96947
7.20704 1.95507
6.34635 2.79351
6.33093 2.802
7.55265 0.139958
7.56363 0.204321
7.50341 -0.0723579
7.49694 -0.096503
7.33598 -0.504038
7.32969 -0.517149
7.37455 1.62694
7.35217 1.67735
7.44217 1.45319
7.42199 1.50825
5.53617 2.85346
5.62592 2.89006
5.34022 2.71065
5.4131 2.77478
5.4402 -1.43701
5.428 -1.42379
5.32679 -1.27885
5.31865 -1.26487
4.84679 1.12567
4.85131 1.20545
4.86886 1.40241
4.87325 1.44302
5.86349 -1.67874
5.84552 -1.67588
5.01883 -0.511496
5.02957 -0.550011
5.08244 -0.723674
5.09135 -0.749374
5.51295 -1.51574
5.56364 -1.55769
5.22794 -1.0929
5.21945 -1.07377
4.95163 1.89371
4.97559 1.99013
4.90627 1.67336
4.90939 1.68984
4.8896 0.111408
4.88455 0.148484
4.85821 0.38948
4.85539 0.416796
4.84101 0.697289
4.84235 0.650342
4.83905 0.862632
4.84008 0.958893
5.26374 2.62329
5.30131 2.6669
5.15736 2.46169
5.15499 2.45745
5.0741 2.28558
5.08016 2.29906
6.24638 -1.60559
6.25005 -1.6038
6.05237 -1.66624
6.01724 -1.67056
5.0078 2.09824
4.98412 2.02172
6.83906 -1.18917
6.86566 -1.16304
6.15552 2.87452
6.13526 2.88008
5.63863 2.89495
5.73827 2.9171
6.64188 -1.36422
6.6694 -1.34151
6.44305 -1.50344
6.46554 -1.48878
7.58798 0.421131
7.58522 0.380286
7.59393 0.605108
7.59404 0.592369
6.62976 2.61365
6.61085 2.62812
7.57474 0.890886
7.57058 0.926169
4.9896 -0.403955
4.97037 -0.321413
4.92654 -0.113548
4.93118 -0.137449
7.07568 -0.918486
7.11016 -0.874469
7.18516 -0.766023
7.22447 -0.704166
7.25008 1.8812
7.24925 1.88272
7.55277 1.03545
7.5463 1.07423
6.73741 2.52508
6.74789 2.51558
6.91331 2.351
6.89064 2.3753
7.13825 2.06186
7.11377 2.09817
6.99701 2.25327
7.01168 2.23557
7.48187 -0.143462
7.46502 -0.196574
7.44192 -0.261447
7.44367 -0.256627
7.39982 -0.366347
7.41855 -0.32183
7.34642 -0.482812
7.30478 -0.565978
7.30505 -0.565454
7.4095 1.54139
7.4526 1.42355
4.84409 1.08448
4.85559 1.26265
4.86402 0.321414
4.86679 0.293316
4.84044 0.715524
4.84082 0.993748
6.54539 2.67541
6.56418 2.66302
7.53484 1.12617
7.54255 1.09307
7.58684 0.771816
7.58186 0.830575
4.96188 -0.284122
4.99473 -0.424002
7.3888 1.59286
7.47326 1.36315
7.46193 1.39696
4.84346 1.04006
4.99743 -0.434074
6.42388 2.75234
6.43901 2.74327
4.85838 1.29621
4.83988 0.733026
4.85057 0.479046
4.84942 0.496352
7.5426 0.0896346
7.52763 0.0190718
5.43749 2.79355
5.51483 2.84198
5.42288 -1.4177
5.37099 -1.34552
4.86093 1.32502
7.59231 0.692556
7.59223 0.697693
4.94775 -0.217868
4.95353 -0.245276
5.06956 -0.685341
5.05119 -0.624893
5.18841 -1.00355
5.14881 -0.909315
4.92763 1.78438
4.93938 1.83821
6.50126 2.70502
6.52601 2.68875
6.82152 2.4469
6.80403 2.46335
5.20791 2.54415
5.16037 2.46658
6.1487 -1.64188
6.14083 -1.64377
7.11923 -0.86161
7.16917 -0.790449
6.99905 -1.01614
6.91222 -1.11378
6.193 2.8609
6.26163 2.83439
5.94693 2.92106
5.84143 2.92534
6.54192 -1.43863
6.57093 -1.41725
7.04214 2.19703
7.06419 2.16781
7.5921 0.513549
7.59131 0.485271
6.28966 2.82113
6.38544 2.77348
7.2661 -0.634888
7.27858 -0.613256
7.57268 0.265506
7.33732 1.70981
5.63601 2.8942
5.32752 2.69745
7.58011 0.327305
5.49469 -1.49707
5.31139 -1.25146
4.88614 1.54465
4.8881 1.55954
4.88718 1.55287
4.89684 1.61682
5.87328 -1.67864
5.76915 -1.66245
5.58866 -1.57743
5.66612 -1.62312
7.59194 0.705158
5.04077 -0.58928
5.01262 -0.489001
5.11657 -0.820863
5.27206 -1.17972
5.23781 -1.11437
4.97834 2.00128
4.90541 0.00515104
4.87405 0.23248
5.24628 2.6008
5.11401 2.37472
5.067 2.26828
6.34523 -1.55898
6.20976 -1.61937
5.95736 -1.67904
5.02301 2.14398
6.79905 -1.22736
7.0322 -0.975553
7.30379 -0.56782
6.27385 2.82891
6.05012 2.90298
5.77424 2.92119
6.743 -1.27958
6.35183 -1.55523
6.76198 -1.26217
7.59314 0.664946
6.58812 2.64488
6.65049 2.59818
4.91456 -0.0492306
6.47846 2.71997
7.04722 -0.956092
4.90754 -0.00814348
7.52559 1.17155
7.52671 1.16669
7.48653 1.31856
7.54429 1.0836
7.55939 1.00094
6.82495 2.44358
6.67016 2.58162
6.95649 2.3016
7.07266 2.15602
7.16135 2.02723
7.46138 -0.207516
7.44172 -0.261962
7.42148 -0.314473
7.39307 -0.382158
4.86716 0.28968
4.86077 0.354871
4.85445 0.428
4.8436 0.605096
4.84545 0.564046
7.57986 0.849898
7.56558 0.962152
7.2845 1.81687
7.29807 1.79071
5.72906 -1.64995
4.87095 0.258971
5.0388 2.19355
7.32076 1.745
7.50783 1.24197
5.67252 -1.62691
7.21281 1.94533
4.86038 0.359099
4.8427 0.630993
7.31338 1.76057
7.25125 1.87912
7.24429 1.8914
7.37743 -0.417532
7.36565 -0.442874
4.84824 0.519944
4.84667 0.541827
