5.88468 2.25215
5.78712 2.21462
6.79404 -0.577585
6.77257 -0.602432
6.54881 -0.808877
6.60747 -0.761972
7.10595 1.23911
7.09546 1.27163
5.24175 0.963548
5.24219 0.969966
6.92489 1.63415
6.90105 1.67268
5.93142 -0.949421
5.92486 -0.946637
6.12102 -0.977322
6.14186 -0.974623
5.24876 0.483428
5.24233 0.572344
6.20036 2.24765
6.25777 2.22805
6.41582 2.15656
6.44984 2.13501
6.32063 -0.934512
6.40951 -0.894439
5.99043 2.26915
5.89384 2.25413
6.89676 -0.441021
6.91239 -0.418412
5.26428 1.19342
5.2531 1.09942
7.1676 1.01227
7.17562 0.973095
5.49786 -0.494278
5.51907 -0.53423
5.59803 -0.666182
5.56792 -0.622047
5.36073 1.62939
5.38542 1.69909
5.30273 1.4172
5.29648 1.38581
5.53541 1.98935
5.59339 2.06473
5.43681 1.82106
5.41323 1.77092
5.66808 2.13563
5.6013 2.07249
6.63669 1.99317
6.63646 1.99339
6.77723 1.84292
6.7789 1.84086
7.00719 1.48179
6.96965 1.55569
5.74748 -0.839301
5.7283 -0.820955
7.14043 0.0859875
7.1093 -0.0135816
7.05357 -0.154911
7.02321 -0.220754
5.39868 -0.254843
5.41771 -0.306033
5.34845 -0.0878518
5.34304 -0.0682687
5.30421 0.0996765
5.29328 0.154652
5.23701 0.779329
5.23756 0.83702
5.26603 0.325626
5.25199 0.443786
7.20695 0.478547
7.21009 0.577427
7.17208 0.216439
7.1919 0.329892
7.14242 1.11607
7.13251 1.15426
7.08808 1.29248
7.06452 1.35347
7.19032 0.889552
7.15483 1.06925
7.19216 0.876786
6.6361 1.9937
6.70832 1.91987
6.52765 2.08298
6.52953 2.08149
6.77163 1.8497
6.47956 2.11493
6.5014 2.10123
6.80926 1.80162
6.81986 1.78798
5.36869 -0.15756
5.37956 -0.194961
7.20019 0.80268
7.20571 0.743579
7.19287 0.871729
5.32583 -0.00558432
5.32568 -0.0049282
5.23704 0.764476
5.23746 0.706718
5.76184 2.20031
5.88785 2.25317
6.73836 -0.639132
6.84483 -0.512698
6.66823 -0.7102
6.51465 -0.831805
5.25106 1.07969
5.2417 0.962529
5.48014 -0.458649
5.45558 -0.40159
5.65586 -0.745426
5.65201 -0.740207
5.3285 1.52539
5.3321 1.5374
5.48228 1.90768
5.50146 1.94038
6.88769 1.69273
6.9565 1.58001
5.83869 -0.90545
5.94493 -0.952682
6.21765 -0.964754
6.08995 -0.976314
7.10235 -0.032888
7.06886 -0.119688
5.32545 -0.00390996
5.24185 0.580563
5.25162 0.447529
7.19376 0.343264
7.20533 0.454936
6.07386 2.26872
6.09451 2.26794
6.10994 2.26507
6.30745 2.21077
6.43414 -0.88238
6.27322 -0.948844
5.6883 2.1527
6.69352 -0.685592
6.93014 -0.390313
6.97297 -0.317371
5.23767 0.844177
5.27102 1.24003
5.43546 -0.351842
5.44826 -0.383982
5.54589 -0.583794
5.65799 -0.748133
5.39695 1.73082
5.32162 1.49903
5.28153 1.30607
5.59523 2.0667
5.46189 1.86929
7.0344 1.42393
6.84066 1.75958
7.04554 1.39917
5.8151 -0.889496
6.02562 -0.972138
6.9928 -0.280466
7.14393 0.0981465
7.16904 0.202075
5.38357 -0.207881
5.32654 -0.00851892
5.3609 -0.131612
5.28443 0.20599
5.23699 0.771881
5.26923 0.302624
5.23763 0.699766
7.21016 0.62377
7.20842 0.683547
7.05443 1.37954
6.56763 2.05068
6.5255 2.08472
6.3423 2.1947
7.20695 0.724428
7.11887 1.20208
6.37768 2.17626
6.39716 2.1668
