7.28465 1.52197
7.299 1.48571
7.46928 0.679586
7.47182 0.608605
7.42954 1.03091
7.43789 0.989172
5.081 -0.202309
5.07799 -0.189386
5.1481 -0.455347
5.15993 -0.494335
5.37763 -1.01024
5.34735 -0.957505
5.48613 -1.17268
5.52655 -1.22318
5.08233 1.80927
5.07659 1.78529
5.43832 2.51375
5.40036 2.47196
5.8909 -1.44043
5.86043 -1.4333
5.14426 2.01008
5.1772 2.09932
7.23499 -0.420839
7.23337 -0.42423
5.75183 2.69488
5.80081 2.7031
6.46735 -1.28943
6.52345 -1.25254
6.1687 2.6752
6.20602 2.66163
6.41164 2.56907
6.43855 2.55423
7.15653 -0.563844
7.12181 -0.621165
5.55127 2.60578
5.61983 2.64506
7.46609 0.741503
7.46843 0.712756
5.21346 -0.651326
5.17928 -0.556807
5.28914 -0.836749
5.31558 -0.892516
5.03411 1.59076
5.01598 1.48819
4.9987 1.36398
5.00901 1.44195
4.9788 1.15177
4.97307 1.06995
5.31538 2.36254
5.36041 2.42654
6.07788 -1.44158
6.07356 -1.44183
6.27104 -1.38845
6.30441 -1.37328
5.21977 2.19329
5.18118 2.10947
6.92682 -0.888525
6.86015 -0.962049
6.70875 -1.10975
6.67512 -1.1394
5.71052 -1.37634
5.62585 -1.3183
7.3013 -0.272108
7.2842 -0.313351
7.37629 -0.0599218
7.39386 0.00142434
7.43264 0.171996
7.44494 0.242482
5.04261 -0.0182781
5.05212 -0.066461
4.96679 0.880918
4.96725 0.908565
4.96861 0.684015
4.96779 0.713096
4.98443 0.413213
4.98112 0.452172
5.02778 0.0612528
5.01016 0.180238
5.87664 2.71303
5.95804 2.71302
6.99447 -0.803948
6.93339 -0.880983
7.32931 1.40421
7.3529 1.33404
7.41088 1.1216
7.40392 1.15585
7.46893 0.481502
7.46376 0.402201
7.4699 0.512965
7.47204 0.596344
5.09723 -0.272926
5.11925 -0.355241
7.44573 0.934591
7.44098 0.970836
6.75308 2.31344
6.76963 2.29722
6.57919 2.4603
6.61677 2.43097
6.92377 2.12763
6.89617 2.16104
7.00925 2.01839
7.00318 2.0268
6.32893 2.61143
6.35749 2.59825
6.43894 2.554
6.48913 2.52334
5.13141 -0.398542
4.96777 0.936705
4.96945 1.00979
4.96601 0.805612
7.38546 1.22562
7.40009 1.17067
7.45858 0.83923
7.45868 0.838376
5.1632 -0.505024
5.17739 -0.551369
6.84053 2.22585
6.83999 2.22643
7.06488 1.93627
7.09798 1.88469
7.31421 -0.239694
7.32934 -0.200656
7.3245 1.41883
4.98622 1.24722
4.9829 1.20681
5.0926 -0.253921
5.09174 -0.25028
4.98906 0.363384
4.99316 0.321583
4.97137 0.613522
4.97268 0.582676
7.22434 1.65661
7.22711 1.65094
7.17366 1.75485
7.1688 1.76391
5.0379 0.0071324
5.02796 0.0601545
4.96605 0.77829
7.07426 -0.695767
7.05824 -0.719317
7.26434 1.56958
7.31878 1.43548
7.47198 0.598153
7.46903 0.693152
7.43884 0.982797
7.4242 1.06198
5.06941 -0.150689
5.33101 -0.924806
5.41775 -1.07658
5.55085 -1.24812
5.43588 -1.10588
5.05675 1.70096
5.0967 1.86254
6.66578 2.39164
6.69548 2.36557
5.37226 2.44102
5.45458 2.52983
6.17376 -1.42116
6.09001 -1.43917
5.80001 -1.41688
5.92173 -1.4427
5.17884 2.10373
5.12097 1.94104
6.76602 -1.05752
6.78742 -1.03771
7.20424 1.69705
7.19875 1.70767
7.23292 -0.425121
7.27963 -0.323755
7.408 0.0570786
7.42229 0.119152
4.96647 0.750593
4.99528 0.301877
5.00705 0.203473
5.73625 2.69043
5.85445 2.71197
6.56633 -1.22368
6.4122 -1.3205
7.00077 2.02997
6.95087 2.09469
6.06344 2.70143
6.27594 2.6363
7.0424 -0.740968
7.18198 -0.519728
7.24818 1.60575
7.2561 1.58797
5.6503 2.65992
5.51521 2.57968
7.46502 0.759797
5.24124 -0.724582
5.17849 -0.554597
5.24997 -0.747199
5.42804 -1.09358
5.26117 -0.77505
5.6191 -1.31324
5.01436 1.47869
5.04302 1.63488
5.11226 1.91475
4.99667 1.34592
5.26869 2.28921
5.26391 2.28066
5.25932 2.27158
5.98362 -1.44782
6.19562 -1.41365
6.36964 -1.34407
5.72216 -1.38212
6.80073 -1.02486
6.93018 -0.88475
6.62513 -1.17876
7.14717 1.80262
7.12256 1.84453
7.20439 -0.479453
7.30739 -0.257155
7.33716 -0.179104
7.36048 -0.111514
7.45093 0.285048
5.05808 -0.09714
5.03976 -0.00315153
4.96984 0.647896
4.97439 0.55019
4.97878 0.481959
4.98674 0.386887
5.02794 0.0602485
6.0624 2.70169
6.06119 2.70186
7.46118 0.373841
7.40166 1.16418
7.41702 1.09646
7.46972 0.499339
7.37822 1.25218
7.3797 1.24678
7.42034 1.07903
7.449 0.914332
6.83577 2.23075
6.53301 2.49313
6.83928 2.22718
6.84195 2.22429
7.05181 1.95655
6.4932 2.52087
6.43858 2.55421
7.45874 0.837775
6.30178 2.62464
6.38411 2.58481
7.35595 1.32471
