7.52359 -0.410062
7.49714 -0.471885
5.32265 2.99871
5.39589 3.04765
4.72299 1.34272
4.72436 1.35973
4.78024 1.81007
4.7818 1.81934
5.78271 -1.93485
5.82312 -1.93685
4.81972 -0.28971
4.80213 -0.200142
4.73323 0.280935
4.7352 0.26118
4.70293 0.782912
4.7029 0.783707
6.64033 2.80478
6.6511 2.7963
7.71903 0.470291
7.72061 0.512811
7.70825 0.847022
7.71002 0.830401
7.60251 -0.19533
7.59035 -0.232308
5.52072 3.10669
5.53618 3.11076
5.17969 2.85824
5.21391 2.89977
7.70494 0.283854
7.70033 0.244828
5.24359 -1.52561
5.24015 -1.52034
5.14028 -1.32489
5.15237 -1.35034
4.74717 1.57898
4.7519 1.61638
4.79352 1.88168
4.81315 1.97866
6.02136 -1.90835
5.99903 -1.91351
5.65068 -1.90993
5.63435 -1.90473
4.89119 -0.59721
4.89678 -0.618057
4.96023 -0.841769
4.9447 -0.788523
5.34181 -1.67171
5.3218 -1.64636
5.00107 -0.967424
5.0092 -0.991332
5.08872 2.73311
5.13056 2.79725
6.12547 3.08586
6.16798 3.07122
6.02933 3.1159
5.93227 3.13565
5.70428 3.14427
5.75787 3.148
6.62832 2.81399
6.72913 2.73334
6.72421 2.73766
6.6164 -1.58856
6.62195 -1.58411
6.41766 -1.72701
6.4142 -1.72901
6.81899 -1.41624
6.80816 -1.42608
7.32454 -0.7994
7.3585 -0.743409
7.22502 -0.9507
7.23631 -0.934542
7.49551 1.67272
7.47082 1.73024
4.86201 2.18062
4.86413 2.18896
7.5295 1.58839
7.54055 1.5593
4.70325 0.914001
4.70421 1.0389
5.09803 -1.22421
5.07722 -1.17384
4.77503 -0.0402825
4.76307 0.0386809
4.72184 0.404422
4.71326 0.514719
7.47917 -0.512782
7.54727 -0.351394
6.89645 2.57873
6.87637 2.59848
7.07406 2.38155
7.01237 2.45385
7.1317 -1.07659
7.13502 -1.07245
6.99974 -1.23108
7.03706 -1.18987
7.39095 1.8956
7.41424 1.85013
7.31365 2.03547
7.32587 2.01455
7.21917 2.18514
7.22824 2.17203
7.07807 2.37651
7.12866 2.31105
7.61325 1.33708
7.60107 1.37926
7.65575 1.17081
7.65163 1.18937
7.69572 0.949367
7.68787 1.00383
7.56496 -0.304485
7.62662 -0.114583
7.45369 -0.56487
7.43952 -0.59387
6.47733 2.9172
6.47094 2.92147
4.71125 1.17302
4.71069 1.16213
5.56032 -1.86925
5.5442 -1.86165
5.53935 -1.85836
4.72406 0.377571
4.72284 0.391683
4.70721 0.648951
4.70709 0.652543
4.70324 0.912424
4.95798 2.47262
4.95182 2.4572
4.90729 2.32993
4.92348 2.3801
6.41008 2.95752
6.41272 2.95595
6.77073 2.69705
5.04143 -1.08357
5.04176 -1.08451
4.70429 1.04023
4.70431 1.04161
4.71824 1.2829
5.72746 -1.92892
4.84438 -0.40222
4.82676 -0.322971
5.46756 -1.80594
5.45927 -1.79811
4.73981 0.219708
4.74241 0.195912
4.71243 0.529057
4.71279 0.522149
4.707 0.655997
4.70292 0.782104
6.9672 -1.26727
7.40065 -0.667265
7.37724 -0.711271
6.55458 2.86625
4.96316 2.48431
6.09003 3.09843
6.03936 3.11342
6.30252 3.01369
6.29163 3.01877
7.64874 -0.030494
7.66452 0.0352225
4.74039 1.5199
4.73672 1.48805
4.77983 1.80742
4.76995 1.74472
6.0971 -1.88405
6.04386 -1.90174
5.88977 -1.93269
5.85933 -1.93546
4.89237 2.28544
4.86839 2.20453
6.18344 -1.84949
6.2204 -1.83438
5.67271 3.14234
5.65745 3.14035
7.55213 1.52683
7.57202 1.47047
7.63589 -0.0822798
4.97808 -0.897338
4.96348 -0.852006
5.53451 -1.85479
5.3933 -1.73496
5.35452 -1.68718
5.03977 -1.07888
7.68021 0.117089
7.6739 0.0817641
5.42111 3.06216
5.2974 2.97842
5.16209 -1.36948
5.19502 -1.43597
4.72795 1.40242
4.7192 1.29557
4.79049 1.86668
4.78006 1.8089
4.91892 -0.697936
4.94032 -0.773395
6.98488 2.48512
6.94583 2.52711
6.30298 -1.79259
6.28679 -1.80093
7.17836 -1.01501
7.20366 -0.981213
6.24917 3.03868
6.20364 3.05691
6.71776 -1.50675
6.71827 -1.5063
7.27521 -0.875563
7.30984 -0.822761
7.353 1.96648
7.37166 1.93242
7.15172 2.27988
7.17935 2.24212
7.63585 1.25382
7.62773 1.28567
7.72093 0.561875
7.71607 0.40685
7.68742 0.158093
5.22559 2.91232
5.51441 3.10431
5.62141 3.13366
5.14259 2.81349
7.7139 0.377496
5.23728 -1.51556
5.29162 -1.60144
5.11358 -1.26271
4.73261 1.44931
4.75452 1.63729
4.74397 1.55221
4.76846 1.7346
4.82534 2.03295
4.8805 -0.556866
4.96274 -0.849573
4.86563 -0.495564
5.42862 -1.76887
5.40073 -1.74231
4.74675 0.158687
4.75458 0.0977923
5.03928 2.64963
5.03575 2.64242
5.03954 2.65014
5.0394 2.64989
6.31963 -1.78447
4.83842 2.09077
4.83251 2.06541
7.42052 -0.630676
6.39719 2.96462
6.35173 2.98903
6.10434 3.0937
5.8414 3.14651
6.03725 3.11406
5.83229 3.14767
5.81658 3.14862
5.68085 3.14298
6.71714 -1.50729
6.52123 -1.65849
6.45561 -1.70214
6.51656 -1.66197
6.72292 -1.50218
6.89417 -1.34275
7.37174 -0.720737
7.72111 0.621313
7.45848 1.75735
7.50677 1.64584
4.85931 -0.468404
7.1678 -1.02959
6.92902 -1.30777
7.71694 0.742124
7.71819 0.716094
5.04244 -1.0864
4.7812 -0.0796689
4.7985 -0.180162
6.80866 2.66351
6.80381 2.66786
7.07623 2.37887
7.14065 -1.06538
7.09045 -1.12667
7.67312 1.09066
7.67396 1.0862
7.42765 1.82305
7.27726 2.09654
7.27323 2.10302
7.25652 2.12919
7.58826 1.42058
7.67537 1.0783
7.7002 0.917587
7.71439 0.775707
6.46558 2.92501
6.80013 2.67116
5.92118 -1.92937
5.94574 -1.92514
5.82785 3.14809
5.39745 -1.73917
5.31244 -1.63226
6.12216 -1.87559
5.04192 -1.08499
4.99669 2.56251
7.70459 0.880585
7.06256 -1.16024
7.04561 -1.18022
7.7208 0.6527
