7.54059 0.0339887
7.54567 0.0553624
7.51415 1.25415
7.50821 1.27761
5.39996 -1.41199
5.41353 -1.43122
5.67432 -1.64921
5.71502 -1.66564
5.14003 -0.919088
5.15059 -0.946944
4.83058 0.780835
4.82865 0.835395
5.14545 2.46917
5.15313 2.48333
7.16585 -0.812674
7.13509 -0.858156
6.98968 -1.04421
6.99153 -1.04213
6.15455 2.89044
6.15472 2.89037
5.921 2.93891
5.94438 2.93704
7.21315 1.96485
7.21575 1.96069
6.36027 2.80088
6.33738 2.81348
7.5611 0.132045
7.57378 0.206345
7.51657 -0.0604624
7.50491 -0.103967
7.43135 -0.316528
7.45292 -0.259727
7.34795 -0.501651
7.33716 -0.524137
7.38154 1.6351
7.36262 1.67773
7.4493 1.46152
7.43205 1.50862
5.53502 2.87227
5.62009 2.90697
5.3389 2.73223
5.39801 2.78425
5.32729 -1.30739
5.30625 -1.27124
4.83608 1.11902
4.84131 1.21127
4.85769 1.39547
4.86344 1.44873
5.86057 -1.69743
5.80028 -1.68783
5.00477 -0.502006
5.01804 -0.549593
5.07199 -0.729443
5.0751 -0.738408
5.50967 -1.53672
5.54598 -1.56677
5.21684 -1.09903
5.20037 -1.0619
4.94143 1.9003
4.96179 1.98225
4.89598 1.68
4.89644 1.68245
4.88029 0.106012
4.87358 0.155217
4.84806 0.389645
4.84583 0.411257
4.8307 0.703623
4.83221 0.650507
4.82886 0.856725
4.83002 0.965073
5.25003 2.6319
5.26182 2.64558
6.24448 -1.6223
6.26129 -1.61412
6.05033 -1.68422
6.03428 -1.6862
4.99698 2.10523
4.9814 2.05487
6.84922 -1.19536
6.86058 -1.1842
5.7372 2.93472
5.68504 2.92312
6.63998 -1.38092
6.67995 -1.34794
6.44118 -1.51993
6.47764 -1.49615
7.59778 0.424806
7.59437 0.374529
7.60319 0.608581
7.60337 0.586502
6.64058 2.62063
6.63263 2.62672
7.5843 0.891238
7.57938 0.933071
4.96095 -0.326616
4.98384 -0.424904
4.91679 -0.118932
4.91876 -0.129063
7.08013 -0.930038
7.1193 -0.88004
7.20244 -0.757826
7.23317 -0.709473
7.2582 1.88644
7.25366 1.89475
7.56243 1.03581
7.5549 1.08097
6.73623 2.54102
6.75747 2.52176
6.912 2.36868
6.90012 2.38142
7.15374 2.05711
7.12234 2.10369
7.01578 2.24751
7.0208 2.24146
7.49295 -0.141252
7.47957 -0.183422
7.4076 -0.373628
7.42328 -0.336355
7.36585 -0.465249
7.31218 -0.57291
7.31733 -0.563004
7.41657 1.54966
7.46255 1.42392
4.83419 1.09024
4.84464 1.25585
4.83032 0.715688
4.8305 0.987764
6.55689 2.68282
6.56301 2.67878
7.5445 1.12653
7.5537 1.08699
7.59589 0.778918
7.5924 0.820077
4.94934 -0.27566
4.98492 -0.429414
7.39905 1.59324
7.48057 1.37168
7.47438 1.39018
4.83348 1.04008
5.71991 -1.66748
5.73652 -1.67259
5.05268 2.26655
5.06258 2.29281
6.42274 2.7677
6.44518 2.75425
4.84799 1.29616
4.82995 0.727269
4.98727 -0.438696
4.84093 0.473457
4.83897 0.502765
7.55305 0.0917191
7.53565 0.0115648
5.43626 2.81368
5.49815 2.85245
5.42334 -1.44403
5.35725 -1.35259
4.85106 1.33076
4.93815 -0.223171
4.94273 -0.244885
5.0675 -0.716071
5.04143 -0.630284
5.17729 -1.00969
5.13271 -0.899306
4.91739 1.791
4.92603 1.83059
6.51244 2.71224
6.55057 2.68717
6.83091 2.45296
6.85783 2.42537
5.19528 2.55208
5.13827 2.45465
6.15437 -1.6562
6.14673 -1.65925
7.12385 -0.873592
7.17769 -0.795643
6.99331 -1.04005
6.92169 -1.11955
6.15423 2.89054
6.26071 2.84944
5.96915 2.93282
5.84042 2.94197
6.54004 -1.45519
6.58219 -1.42411
7.03122 2.22827
7.07269 2.1733
7.60167 0.517137
7.60061 0.479424
6.30423 2.82884
6.39177 2.78473
7.28274 -0.627
7.28634 -0.620766
7.58133 0.257408
7.34424 1.7179
5.63492 2.91198
5.31374 2.7061
7.59018 0.331086
5.47885 -1.50521
5.28747 -1.23658
4.87471 1.53755
4.87836 1.56521
4.87665 1.55282
4.89458 1.67161
5.89338 -1.69709
5.76612 -1.68182
5.58545 -1.59792
5.63992 -1.63004
5.02663 -0.579742
5.00106 -0.488582
5.10621 -0.826584
5.25995 -1.1864
5.236 -1.14069
4.96811 2.00789
4.89429 0.0119864
4.86461 0.22701
5.24455 2.62484
5.10231 2.38206
5.06484 2.29832
6.34336 -1.57547
5.95528 -1.69739
6.10924 -1.66926
5.00699 2.13533
6.83213 -1.21167
7.03662 -0.987024
7.2936 -0.607672
6.2797 2.84092
6.04916 2.91881
5.75404 2.93663
6.74108 -1.2965
6.36493 -1.56321
6.77191 -1.26823
7.60202 0.696163
6.59872 2.65172
6.64931 2.61413
4.91171 -0.0916683
6.47732 2.73526
7.05625 -0.961596
4.89834 -0.0133537
7.53313 1.18036
7.53763 1.16074
7.4983 1.31215
7.55426 1.08397
7.56785 1.00758
6.82372 2.46012
6.68022 2.58811
6.96553 2.30744
7.08863 2.15113
7.16997 2.03279
7.60123 0.709138
7.60193 0.698978
7.46913 -0.214776
7.42932 -0.321809
7.40497 -0.379784
4.85127 0.349363
4.85642 0.296277
4.84389 0.434486
4.83378 0.599399
4.83508 0.570416
7.58862 0.856765
7.5769 0.95088
7.28905 1.82927
7.31112 1.78671
4.86085 0.259135
5.02775 2.20049
7.33014 1.74786
7.51915 1.2358
5.6594 -1.64156
4.85731 0.287822
7.21741 1.95787
4.84979 0.365608
4.83245 0.637287
7.3203 1.76865
7.2646 1.87502
7.2265 1.9423
7.3851 -0.424717
7.37779 -0.440452
4.83811 0.520109
4.83695 0.536196
