7.54911 -0.43395
7.53621 -0.46409
5.3184 3.06846
5.33986 3.0828
7.73462 0.256073
7.73483 0.257771
4.677 1.15278
4.67236 1.05744
5.14224 -1.43649
5.11289 -1.37063
5.04454 -1.20592
5.03978 -1.19308
4.74714 1.82933
4.7545 1.87291
6.04668 -1.95724
6.0117 -1.9701
5.72558 -1.99867
5.7553 -2.00014
5.38139 -1.81108
5.36626 -1.79314
4.70084 0.262162
4.70088 0.261739
4.67511 0.637511
4.67922 0.535624
7.0672 -1.20824
7.08928 -1.18249
6.65265 2.84212
6.69501 2.80876
7.34733 -0.826257
7.33318 -0.848865
7.75179 0.48258
7.75217 0.492974
7.6292 -0.220323
7.62771 -0.224854
5.51701 3.16756
5.59126 3.18712
5.12532 2.87862
5.167 2.92921
5.16179 -1.47474
5.19683 -1.5426
4.68424 1.28776
4.68469 1.29541
4.71394 1.59832
4.7162 1.61621
4.77502 1.98426
4.77802 1.99911
5.83317 -2.0002
5.8128 -2.00278
5.62324 -1.97577
5.56571 -1.95008
4.91584 -0.819855
4.9063 -0.787133
4.85915 -0.615153
4.85279 -0.589863
4.67084 0.765123
4.67044 0.783441
4.93488 2.53115
4.9574 2.58716
5.04575 2.76008
5.06313 2.78673
4.90451 2.45264
4.8863 2.40342
7.47858 -0.589156
7.48012 -0.586167
6.37779 3.02259
6.3999 3.01072
6.18185 3.1157
6.1885 3.11341
5.93463 3.18828
5.92899 3.18943
6.60541 2.87836
6.7709 2.74519
6.73665 2.77536
6.61026 -1.64269
6.65679 -1.60535
7.24713 -0.976749
7.28123 -0.927938
5.30955 -1.72469
5.29129 -1.69767
6.94339 -1.34442
6.92609 -1.36221
4.81365 2.15054
4.82904 2.21083
7.75043 0.696887
7.75192 0.664374
7.56562 1.58499
7.56586 1.58434
4.7373 -0.0171039
4.73155 0.0208339
7.66287 -0.107533
7.66141 -0.112459
7.51713 -0.507528
7.5855 -0.343766
5.94615 -1.98444
6.1141 -1.93492
7.06971 2.44025
7.04187 2.47289
7.11321 -1.15359
7.14909 -1.10895
7.01417 -1.26852
7.04464 -1.23488
6.24782 3.08889
6.25862 3.08347
7.41266 1.92482
7.44679 1.85821
7.33468 2.06376
7.36242 2.0163
7.25182 2.19615
7.26238 2.18015
7.13418 2.3593
7.15722 2.32949
7.64704 1.33391
7.62663 1.40454
7.68809 1.16776
7.67759 1.21504
7.74051 0.841836
7.74451 0.795723
7.59109 -0.328948
6.52769 2.93149
6.49692 2.95205
5.91123 -1.99299
5.69425 -1.99216
5.5328 -1.93455
5.47167 -1.89315
4.91986 2.49654
6.31596 3.05546
6.41566 3.00203
6.46508 2.9726
6.81891 2.70332
6.3439 -1.82192
6.31327 -1.84044
6.91538 -1.37324
4.67088 0.9313
4.67064 0.913267
4.67808 1.18111
4.67751 1.16726
4.98901 -1.05097
5.00687 -1.10244
5.25104 -1.6371
5.28185 -1.6833
5.34371 -1.7668
4.68972 0.385801
4.68874 0.399266
4.67371 0.669528
4.67438 0.653075
6.88211 2.64373
6.91127 2.61481
7.71958 1.00312
7.71786 1.01509
6.13972 -1.92317
4.67232 1.04027
5.7167 -1.99772
4.70763 0.201055
4.70813 0.19647
4.68024 0.522678
6.99826 -1.28621
7.45003 1.85171
7.49547 1.75487
5.7726 3.20416
5.78487 3.20351
6.50498 -1.72015
6.41141 -1.78208
6.84038 -1.44572
7.42392 -0.694687
7.4196 -0.702821
7.55462 1.61278
7.5322 1.66927
6.56746 2.90526
4.68513 1.30217
4.68933 1.35957
6.26893 -1.86277
6.21392 -1.8914
4.94431 -0.915985
4.93903 -0.898483
4.95322 -0.945228
4.68067 0.510648
4.70015 0.269407
4.67152 1.02261
4.67049 0.89501
4.67025 0.80217
6.08692 3.14938
6.06063 3.15716
6.8434 2.68066
4.78777 -0.307795
4.79318 -0.333608
7.69161 0.00825929
7.69193 0.00956956
4.70221 1.49619
4.70125 1.48788
4.74001 1.78269
4.734 1.74456
4.78197 -0.277087
4.78582 -0.297845
5.66924 3.19917
5.63119 3.1942
7.56612 1.58362
7.59724 1.49543
5.45575 -1.88139
4.97467 -1.0104
7.71484 0.123998
7.71373 0.117765
5.41714 3.12726
5.24628 3.01049
7.74708 0.38657
7.73145 0.234273
5.15274 -1.4577
5.09488 -1.32768
4.69429 1.42201
4.69238 1.3993
4.75672 1.88634
4.74395 1.80873
4.88589 -0.716174
4.89307 -0.74151
6.98063 2.54255
6.97655 2.54693
4.85349 2.30025
4.85483 2.3052
6.75074 -1.52685
6.78338 -1.49836
7.29804 -0.90246
7.35344 -0.816351
7.37433 1.99519
7.40777 1.93415
7.2063 2.26314
7.2081 2.26068
7.66886 1.25071
7.65345 1.31112
7.75269 0.573791
7.74843 0.410363
7.66981 -0.0796298
7.66292 -0.10734
7.71611 0.131233
5.22102 2.98724
5.45243 3.1432
5.61781 3.19258
5.09824 2.84132
7.74734 0.39004
5.23909 -1.61882
5.24369 -1.62608
5.0754 -1.28233
4.69466 1.42575
4.72128 1.65664
4.7084 1.55205
4.72893 1.71005
4.77919 2.00429
4.87294 -0.669466
4.92405 -0.848172
4.83422 -0.513343
4.7147 0.140111
4.71719 0.120756
4.96955 2.61198
5.03316 2.73884
4.99886 2.67532
4.80366 2.11244
4.79259 2.065
7.48034 -0.585726
7.4276 -0.687924
6.21805 3.10155
6.12525 3.1367
5.92371 3.19006
6.03413 3.16516
5.85704 3.19857
5.74384 3.20422
5.70973 3.20234
6.71097 -1.56163
6.55814 -1.68098
6.51035 -1.71661
7.20251 -1.04048
7.1955 -1.0502
7.39397 -0.746927
7.75277 0.601411
7.49594 1.75382
7.53169 1.67049
4.81784 -0.442956
7.75236 0.643452
7.7477 0.753663
4.74987 -0.0974076
4.76005 -0.156565
6.96228 2.56185
7.10459 2.39716
7.18333 -1.06588
7.10477 -1.16384
7.6992 1.11646
7.7091 1.06412
7.44961 1.85259
7.31409 2.09831
7.29389 2.13082
7.21302 2.25364
7.62267 1.41734
7.73035 0.928898
7.72382 0.975295
7.73511 0.888823
6.4711 2.96908
4.85992 2.32233
5.42101 -1.84873
5.82458 3.20165
6.38578 -1.7973
6.167 -1.91155
5.24545 -1.62869
5.01603 -1.12892
6.81261 -1.47244
6.35995 3.03285
7.50412 -0.536138
4.87736 2.37587
