5.90687 -0.25865
5.87308 -0.220721
5.6599 0.204551
5.64006 0.290512
6.84939 0.834417
6.85765 0.742014
6.81795 0.272187
6.80101 0.214837
6.21705 -0.383381
6.12274 -0.378616
6.43892 -0.306487
6.44241 -0.304069
6.01763 -0.341085
6.11001 -0.376289
6.68052 -0.0515432
6.61968 -0.135011
5.65312 1.19317
5.65402 1.19656
5.78515 -0.0958994
5.82528 -0.163594
6.74788 1.17905
6.74933 1.17562
6.69859 -0.0221559
6.7388 0.0546169
5.69919 0.0890109
5.66877 0.174909
5.85392 1.56696
5.82613 1.5357
6.0742 1.68631
6.02687 1.67501
6.55363 1.48022
6.4651 1.55888
6.27568 1.66849
6.21989 1.68113
6.60716 1.41407
6.55907 1.47415
6.85996 0.527191
6.85517 0.472956
6.83152 0.915622
6.82458 0.94831
6.86354 0.657054
6.86398 0.647249
6.40709 1.60412
6.35887 1.63076
6.69384 1.28416
6.67605 1.3151
5.75806 1.43944
5.77119 1.46033
6.55642 1.4772
6.5555 1.4783
6.18213 1.68933
6.81799 0.974504
6.80977 1.00449
6.84938 0.83452
6.84937 0.834566
6.63918 1.37002
6.65696 1.34475
5.68982 1.29635
5.72035 1.36615
5.61155 0.992065
5.60959 0.980207
5.61111 0.456661
5.6136 0.437213
5.59474 0.80434
5.5927 0.746854
6.84938 0.834497
5.73158 1.39245
5.74617 1.4201
5.59775 0.579162
5.59977 0.555338
6.15463 1.69211
6.10763 1.69077
6.32465 -0.362615
6.39803 -0.326696
6.45851 -0.291069
6.5418 -0.222808
5.83933 -0.181208
5.9201 -0.272531
5.62977 0.338079
5.66496 0.187109
6.78205 0.159521
6.83542 0.346053
6.11441 -0.377802
6.31521 -0.365089
6.56212 -0.202933
5.99331 -0.324955
6.68769 -0.0411599
5.73615 -0.00834856
6.74227 1.1908
6.78968 1.07044
6.74942 0.0785626
5.73586 -0.00770217
5.73558 -0.00702555
5.6198 0.396552
5.9378 1.63643
5.78839 1.48776
5.93938 1.63743
6.84459 0.394081
6.86252 0.596211
6.86343 0.672149
6.79437 1.05596
6.80299 1.02916
5.93857 1.63697
6.7038 1.2673
5.60854 0.971211
5.62875 1.09027
5.60577 0.502551
5.59765 0.865688
5.59327 0.661344
5.59443 0.623897
5.60358 0.517428
5.6546 1.19823
5.59402 0.642126
5.60261 0.907793
