5.95348 2.43924
5.97732 2.44116
7.21184 1.24301
7.22537 1.20086
5.14022 1.02624
5.14084 1.03534
7.29563 0.858548
7.30134 0.798482
5.37631 -0.532914
5.3864 -0.555827
5.4752 -0.734006
5.4921 -0.76127
5.19939 1.48397
5.21439 1.5535
5.41147 2.06943
5.39149 2.03587
5.52772 2.22631
5.57603 2.27622
7.18336 -0.11671
7.19199 -0.0936438
5.2134 0.0032956
5.20246 0.0590702
5.13328 0.712855
5.13335 0.709181
5.1419 0.515276
5.14216 0.511597
7.30065 0.385255
7.29803 0.361131
6.69201 2.10778
6.76824 2.02862
6.1881 2.41325
6.17665 2.41561
6.40348 2.32326
6.41177 2.3183
5.6858 2.35789
5.77188 2.40032
6.82621 -0.720478
6.85743 -0.68459
6.75192 -0.801188
6.69929 -0.850875
7.01815 -0.458351
6.99399 -0.497411
7.29196 0.888449
7.27693 0.976829
5.29914 -0.322816
5.29752 -0.318128
5.58468 -0.895911
5.55192 -0.85455
5.25373 1.69853
5.22847 1.60949
5.16255 1.25812
5.17043 1.31386
6.30281 -1.10862
6.3155 -1.10304
5.32327 1.89442
5.34031 1.93156
6.52032 -0.994887
6.51224 -1.00054
6.97497 1.75898
6.95932 1.78268
7.08167 1.56875
7.10843 1.51314
5.91855 -1.13652
5.97112 -1.14692
5.73333 -1.04482
5.73095 -1.04289
6.1089 -1.15353
6.05409 -1.15347
7.0709 -0.365143
7.10445 -0.299402
7.25582 0.119952
7.2588 0.132192
5.23096 -0.0769786
5.24515 -0.130893
5.16797 0.269906
5.1735 0.231216
6.63902 2.15485
6.60229 2.18719
7.31024 0.639496
7.31081 0.590402
7.22554 1.20028
7.246 1.12463
6.51828 2.25123
6.52337 2.24744
7.26913 1.02387
7.29311 0.880506
5.25522 -0.172333
5.267 -0.215338
5.22862 -0.0675578
5.13408 0.908138
5.13401 0.904621
6.55917 2.21952
6.59922 2.18981
6.84612 1.93959
6.79775 1.99589
6.51288 2.25516
6.41927 2.31351
5.13294 0.83542
5.13301 0.843541
6.68205 2.11752
6.67757 2.12162
5.1367 0.962909
5.33072 -0.412518
5.34083 -0.440489
7.29374 0.876072
5.2272 -0.0616276
5.22095 -0.0344612
5.28121 -0.265803
5.27873 -0.257051
6.00408 2.43954
5.87381 2.42983
6.22866 2.39947
6.29521 2.3761
6.63003 -0.913007
6.61259 -0.926635
6.97387 -0.527456
6.92789 -0.59311
5.149 1.14271
5.39654 -0.577486
5.34832 -0.46082
5.52679 -0.816696
5.46292 -0.712992
5.22391 1.59296
5.19465 1.45894
5.36466 1.98368
5.44046 2.11356
5.5995 2.29593
5.48228 2.17411
7.04216 1.64537
7.03554 1.65774
5.82521 -1.10128
5.83221 -1.10425
6.20568 -1.13864
6.20139 -1.13929
7.15059 -0.198815
7.2241 0.00294763
5.19804 0.0820858
5.21496 -0.00424017
5.13472 0.64671
5.13295 0.774342
5.13907 0.563672
5.15305 0.391521
7.28295 0.254466
7.30862 0.485338
5.80566 2.41131
6.08216 2.43463
5.6721 2.35013
6.78114 -0.770426
6.8799 -0.65703
6.54502 -0.976814
7.0543 -0.396107
7.12929 1.46694
7.15191 1.41247
5.15206 1.17212
5.29281 -0.304258
5.31868 -0.37929
5.43006 -0.647756
5.64308 -0.964833
5.1792 1.37219
5.27602 1.76788
5.28713 1.80177
6.40135 -1.06476
6.22334 -1.13335
5.30463 1.8497
5.46515 2.15074
6.4205 -1.05403
7.00323 1.71324
6.91517 1.84656
7.03059 1.66651
5.64999 -0.971446
6.01313 -1.1536
5.76323 -1.06319
5.71037 -1.02472
7.13268 -0.239292
7.22827 0.0164919
7.27949 0.234585
5.18626 0.150206
5.1348 0.643994
5.15503 0.373133
5.13492 0.641406
7.31024 0.524123
6.60091 2.18836
6.67097 2.1276
7.3085 0.687235
7.19657 1.29279
7.17262 1.35958
7.25152 1.10427
7.25802 1.07305
7.26849 1.0272
5.27459 -0.243266
5.25314 -0.164443
6.85184 1.93266
6.85708 1.92594
7.30469 0.7604
5.13285 0.778383
5.13386 0.900987
6.30156 2.37324
6.89409 1.8761
7.20098 1.27914
6.30816 2.36996
6.35737 2.34702
7.16462 1.38184
7.30737 0.71966
6.8846 1.88958
5.25185 -0.159498
