7.27949 1.51595
7.28938 1.49095
7.46214 0.673983
7.46493 0.596082
7.42253 1.03065
7.43178 0.984378
5.08783 -0.198536
5.08577 -0.189668
5.1552 -0.451424
5.16831 -0.494639
5.38649 -1.00535
5.3486 -0.939366
5.49596 -1.16726
5.52768 -1.20687
5.08963 1.80455
5.08635 1.79086
5.44828 2.5075
5.43105 2.48853
5.8924 -1.42713
5.87912 -1.42403
5.15205 2.00505
5.18289 2.08863
7.24484 -0.382311
7.22756 -0.418596
5.75259 2.68238
5.76586 2.68461
6.46875 -1.27716
6.51449 -1.24708
6.16954 2.66387
6.19367 2.6551
6.40696 2.56075
6.4285 2.54888
7.14438 -0.569608
7.11634 -0.615878
5.55214 2.59157
5.63209 2.63737
7.45924 0.741251
7.46095 0.7202
5.22102 -0.647149
5.19128 -0.564911
5.29727 -0.832262
5.33011 -0.901558
5.0415 1.58599
5.02513 1.49342
5.00567 1.35948
5.01081 1.39833
4.98747 1.16842
4.98089 1.07441
5.32448 2.35683
5.36163 2.40962
6.07936 -1.42856
6.06032 -1.42968
6.27243 -1.37623
6.29596 -1.36553
5.22812 2.18789
5.1907 2.10661
6.90756 -0.897654
6.85308 -0.957741
6.70122 -1.10515
6.67854 -1.12515
5.71154 -1.36145
5.63905 -1.31175
7.2958 -0.266781
7.27719 -0.311648
7.36811 -0.0623293
7.388 0.00710146
7.42504 0.16976
7.43878 0.248451
5.05159 -0.0243362
5.05991 -0.0665094
4.97411 0.876396
4.97465 0.90839
4.97607 0.67941
4.97512 0.712923
4.9921 0.408477
4.9884 0.452
5.02791 0.109507
5.01687 0.184053
5.89218 2.70115
5.95877 2.70114
6.9878 -0.799885
6.93768 -0.863096
7.32048 1.40902
7.34577 1.33378
7.40386 1.12134
7.39821 1.14918
7.46244 0.487962
7.45683 0.401945
7.46305 0.507589
7.46463 0.569342
5.12647 -0.351251
5.09971 -0.251193
7.43854 0.934326
7.43267 0.979109
6.75397 2.30134
6.76273 2.29277
6.58005 2.44864
6.60906 2.426
6.91018 2.1318
6.88955 2.15676
7.01847 1.99199
6.99648 2.02248
6.318 2.60565
6.35266 2.58965
6.43941 2.54267
6.47945 2.51822
5.14171 -0.405493
4.97525 0.940954
4.97672 1.0053
4.97342 0.809825
7.3727 1.24575
7.39144 1.17539
5.09944 -0.250142
5.09955 -0.250563
5.1703 -0.501107
5.17888 -0.529152
6.83727 2.21694
6.83276 2.22176
7.05395 1.93962
7.09177 1.88069
7.30557 -0.242236
7.32235 -0.198956
7.31734 1.41857
4.99324 1.24268
4.99066 1.21124
7.45376 0.812946
7.45197 0.833113
4.99592 0.367287
5.00043 0.321411
4.97849 0.617567
4.97998 0.582504
7.21939 1.65083
7.22035 1.64887
7.16842 1.74873
7.16148 1.76168
5.045 0.0111692
5.03583 0.0601056
4.97347 0.778114
7.07797 -0.676098
7.0524 -0.713668
7.25428 1.57506
7.3136 1.42944
7.46484 0.592551
7.46179 0.692885
7.43206 0.982546
7.41798 1.0571
5.07628 -0.146894
5.0989 -0.247985
5.33909 -0.920343
5.43669 -1.08836
5.5619 -1.24202
5.43705 -1.08894
5.06409 1.69622
5.09783 1.83498
6.66666 2.37978
6.6882 2.36087
5.38221 2.43478
5.45566 2.5148
6.17516 -1.40883
6.13277 -1.41794
5.80159 -1.40295
5.90586 -1.42812
5.18699 2.09847
5.13256 1.9473
6.73983 -1.06994
6.77972 -1.03301
7.21243 1.66483
7.19145 1.70544
7.22268 -0.428136
7.27419 -0.318488
7.4001 0.0547542
7.41628 0.12498
4.97396 0.745969
5.00211 0.305758
5.01492 0.198609
5.74837 2.68117
5.85521 2.69938
6.56774 -1.21124
6.40241 -1.31453
6.98775 2.03397
6.94423 2.09041
6.06327 2.68978
6.04522 2.69179
6.09905 2.68144
6.27678 2.62499
7.02713 -0.748207
7.17631 -0.514243
7.24318 1.59991
7.24862 1.5877
5.65111 2.64665
5.52619 2.57279
7.45846 0.754647
5.25354 -0.732882
5.18613 -0.55038
5.25747 -0.743061
5.43689 -1.08869
5.2625 -0.755596
5.62017 -1.29762
5.02181 1.47388
5.05246 1.64026
5.12011 1.90969
5.00466 1.35048
5.27592 2.28054
5.98511 -1.43469
6.18623 -1.40502
6.37102 -1.33192
5.73768 -1.37441
5.27007 2.27094
5.27252 2.2752
6.80452 -1.00907
6.92297 -0.880357
6.61685 -1.17371
7.14198 1.79656
7.1119 1.8478
7.19671 -0.477586
7.30041 -0.255458
7.32864 -0.181612
7.35474 -0.105958
7.44363 0.282897
5.06703 -0.103183
5.04761 -0.00320027
4.97715 0.647723
4.98147 0.554211
4.98642 0.477242
4.99401 0.386715
5.03512 0.06433
7.45485 0.380144
7.39421 1.1639
7.40885 1.10091
7.46294 0.499089
7.37103 1.2515
7.41308 1.07877
7.44258 0.909294
6.7977 2.25761
6.52487 2.48787
6.82688 2.22797
6.84903 2.20404
7.04562 1.95255
6.49405 2.50935
7.45068 0.845806
6.29688 2.61592
7.36228 1.2803
6.38496 2.57334
7.34718 1.32948
