6.40757 2.26804
6.38898 2.27774
7.17751 1.24175
7.18328 1.22379
5.17493 1.00481
5.17848 1.05682
5.42375 -0.535201
5.38284 -0.442282
5.51586 -0.711557
5.55718 -0.77821
5.4524 2.04298
5.40775 1.96797
5.57245 2.19741
5.58172 2.20698
7.14084 -0.129226
7.16422 -0.0667538
5.17623 0.534785
5.17958 0.488496
7.26939 0.416384
7.26223 0.350593
6.72261 2.02023
6.75343 1.98822
6.06256 2.38125
5.98155 2.38401
6.19219 2.35803
6.10265 2.37646
5.74809 2.32477
5.77691 2.33898
6.76527 -0.730323
6.829 -0.657064
6.52475 -0.936652
6.48405 -0.96188
6.72864 -0.766745
6.66978 -0.822306
7.02152 -0.381858
6.96649 -0.470794
7.25145 0.92879
7.24349 0.975596
7.27327 0.736517
7.27036 0.77418
5.35309 -0.359229
5.33941 -0.319645
5.6297 -0.871046
5.59194 -0.823363
5.23354 1.46191
5.22079 1.39793
5.28885 1.67583
5.27806 1.6378
5.19611 1.23644
5.21026 1.3366
5.3611 1.86998
5.39843 1.95134
6.82722 1.90129
6.85692 1.86473
6.95009 1.72993
6.90409 1.79961
7.05769 1.54075
7.06449 1.52661
5.92282 -1.07442
5.95389 -1.08056
5.73806 -0.976153
5.79195 -1.01261
6.11292 -1.0951
6.0756 -1.09506
6.30747 -1.05115
6.26463 -1.06395
7.04134 -0.346
7.07812 -0.273915
7.21691 0.108499
7.22954 0.160517
5.27697 -0.108032
5.28305 -0.131129
5.23455 0.0762419
5.23743 0.0617344
5.1682 0.821812
5.16836 0.838657
5.20086 0.288599
5.2125 0.20713
6.6038 2.13212
6.60347 2.13241
7.2768 0.6728
7.27775 0.589183
7.13927 1.35225
7.15673 1.30325
7.19917 1.16949
7.20531 1.1468
7.23935 1.00051
7.2586 0.879234
5.29998 -0.196599
5.29843 -0.190938
5.26697 -0.067796
6.5215 2.19521
6.52568 2.19211
6.78977 1.94658
6.76536 1.97499
6.66649 2.07507
6.64127 2.0982
5.36516 -0.393503
5.38245 -0.441372
6.85996 1.86081
6.8708 1.84684
6.35331 2.29608
6.33383 2.30514
7.2625 0.851565
5.26092 -0.0424686
5.25218 -0.00447144
5.16842 0.725487
5.16855 0.708348
5.8781 2.37189
5.87512 2.37092
6.6425 -0.846777
6.58032 -0.895384
6.90749 -0.558934
6.90147 -0.567531
5.18339 1.12147
5.17032 0.921782
5.46526 -0.623864
5.38266 -0.441859
5.56854 -0.793642
5.46859 -0.630665
5.2594 1.57003
5.23866 1.48405
5.40259 1.95917
5.48853 2.09795
5.64932 2.26374
5.55178 2.17366
7.00614 1.63797
6.99303 1.66043
5.82971 -1.03582
5.90542 -1.06791
6.20969 -1.08042
6.13582 -1.09158
7.12352 -0.17261
7.1834 -0.00903019
5.23892 0.0544964
5.171 0.624308
5.18664 0.410607
7.25287 0.284411
7.27407 0.475168
5.87941 2.3721
6.08622 2.37976
6.24908 2.3387
6.29928 2.32106
6.41109 -1.00474
6.37359 -1.02188
5.67747 2.28476
6.89518 -0.5759
6.75293 -0.74311
7.02807 -0.370712
7.10451 1.43801
7.11568 1.41113
5.16912 0.886506
5.19097 1.19433
5.32503 -0.277309
5.36056 -0.380807
5.46694 -0.627391
5.64804 -0.892688
5.32319 1.77847
5.31145 1.74616
5.21239 1.35075
5.50804 2.12303
5.33147 1.79887
7.03677 1.58131
6.89108 1.81844
5.70294 -0.945166
6.01729 -1.09324
7.08824 -0.252373
7.19976 0.0440949
7.2423 0.223638
5.31519 -0.246735
5.21858 0.168572
5.16813 0.77351
5.19323 0.34955
5.1697 0.661165
7.27748 0.556746
6.56269 2.16369
6.60406 2.1319
7.27631 0.686049
7.12668 1.38461
7.1711 1.26307
7.22518 1.07352
7.22553 1.07185
7.22609 1.06941
5.30236 -0.205353
5.28642 -0.145529
6.51706 2.19867
7.26846 0.796478
6.47316 2.22679
7.276 0.695048
6.49408 2.21371
