7.32809 1.49478
7.34066 1.46302
7.45995 1.03203
7.46437 1.00994
5.05139 -0.218659
5.0443 -0.188166
5.11732 -0.472344
5.12359 -0.493019
5.44355 -1.1962
5.47056 -1.22994
5.05071 1.8297
5.03429 1.76114
5.39516 2.54083
5.35534 2.497
6.07173 -1.49578
6.12035 -1.48478
5.88435 -1.49803
5.81042 -1.48074
5.11053 2.03187
5.12502 2.07115
5.81492 2.7602
5.74852 2.74906
6.46131 -1.34259
6.53543 -1.29386
6.98186 2.10982
7.03008 2.04416
6.16507 2.72429
6.25952 2.68994
6.43189 2.60509
6.43491 2.60343
7.20259 -0.549785
7.14547 -0.644074
5.54751 2.66737
5.56673 2.67838
7.49579 0.742598
7.49901 0.702908
5.17122 -0.643294
5.18068 -0.669429
5.33954 -1.03128
5.34196 -1.03589
5.25408 -0.856111
5.25307 -0.853642
5.57636 -1.34522
5.52176 -1.2929
5.0021 1.61144
5.00205 1.61116
4.96852 1.38348
4.97962 1.46743
4.94123 1.07964
4.9392 1.05061
5.27591 2.3873
5.29572 2.41545
6.26502 -1.44142
6.34101 -1.40687
5.70405 -1.43803
5.78178 -1.47234
5.18359 2.21666
5.17408 2.196
6.89077 -0.980717
6.91617 -0.952711
6.66212 -1.19954
6.7414 -1.12964
7.23174 -0.495277
7.20708 -0.541942
7.32514 -0.295192
7.31455 -0.32073
7.41173 -0.0494894
7.41927 -0.0231765
7.46556 0.181687
7.47166 0.216617
5.0146 -0.0471573
5.01837 -0.0662513
4.93505 0.900513
4.9352 0.909324
4.93629 0.703969
4.93601 0.713848
4.95119 0.433736
4.94956 0.452919
4.98107 0.163709
4.99325 0.0814757
5.9549 2.7645
5.91686 2.76451
6.66041 -1.20102
6.56206 -1.27608
6.99642 -0.855518
7.02335 -0.821554
7.36758 1.38336
7.38377 1.33518
7.44128 1.12272
7.43545 1.15141
7.49705 0.453509
7.49377 0.403307
7.49959 0.536259
7.50116 0.597417
6.7492 2.36586
6.79953 2.31652
6.57545 2.51082
6.65016 2.45252
6.97349 2.12068
6.92485 2.17955
6.37632 2.63651
6.37844 2.63552
4.93536 0.918291
4.93791 1.02926
4.93389 0.787358
6.52442 2.54568
6.56107 2.52095
7.48602 0.859826
7.47695 0.935024
5.08814 -0.372419
5.08719 -0.368697
5.13246 -0.521998
5.14229 -0.554093
7.11223 1.92175
7.12487 1.90205
7.35163 -0.228679
7.35964 -0.208021
7.24136 -0.476469
7.26359 -0.432009
7.35553 1.41997
4.95577 1.26688
4.94927 1.18761
5.06317 -0.27017
5.0582 -0.249066
5.09007 -0.379621
4.95929 0.346472
4.96166 0.322328
4.94053 0.595994
4.94106 0.583424
7.24578 1.68164
7.25642 1.65991
4.9339 0.77905
7.19567 1.78055
7.20476 1.76337
7.3412 1.46165
7.30782 1.5459
7.50047 0.6205
7.49934 0.694269
7.46826 0.983881
7.45262 1.07462
5.03963 -0.167132
5.29599 -0.944147
5.3371 -1.02642
5.50515 -1.27336
5.43083 -1.17929
5.02497 1.7215
5.07368 1.91487
6.66198 2.44303
6.72702 2.38592
5.33162 2.46652
5.4499 2.59496
6.1677 -1.47459
5.98775 -1.50329
5.79319 -1.4769
5.96017 -1.50361
5.14526 2.12543
5.09033 1.97202
7.07621 -0.750003
7.08439 -0.738773
6.8605 -1.01272
6.81835 -1.05656
7.27244 -0.413488
7.30321 -0.346581
7.44222 0.0671509
7.44838 0.0938969
4.93403 0.770628
4.96568 0.285057
4.97292 0.224546
5.68376 2.73056
5.85126 2.76427
6.56022 -1.27746
6.45463 -1.34636
7.05053 2.01471
6.97941 2.11311
6.12535 2.73419
6.27231 2.68531
7.10162 -0.712887
7.20633 -0.543302
7.26987 1.63106
7.28853 1.58917
5.64679 2.71744
5.46762 2.60954
7.49347 0.782115
5.18795 -0.688618
5.14782 -0.571538
5.2175 -0.765129
5.38968 -1.11477
5.25537 -0.859187
5.61456 -1.37914
4.98392 1.49836
5.00212 1.61153
5.07943 1.93597
4.96205 1.32616
5.26309 2.36715
5.22754 2.30348
5.19334 2.23596
5.9772 -1.50436
6.23633 -1.45101
6.36366 -1.39673
5.66229 -1.41183
6.78515 -1.08975
6.95861 -0.902078
6.66093 -1.20058
7.16964 1.82885
7.16875 1.83037
7.23604 -0.487148
7.33764 -0.264508
7.37408 -0.168237
7.38534 -0.13559
7.4826 0.294369
5.00687 -0.00294713
5.01928 -0.0709529
4.93817 0.648644
4.94373 0.532767
4.94568 0.502396
4.95523 0.387632
4.99924 0.04394
6.05943 2.75034
5.98324 2.76144
7.48862 0.346525
7.05611 -0.778513
7.43188 1.16529
7.4507 1.08412
7.49913 0.500423
7.40151 1.27938
7.41586 1.22707
7.45143 1.08018
7.47678 0.936132
6.83716 2.2787
6.56831 2.5159
6.86838 2.24474
6.89951 2.20912
7.07865 1.97386
6.48958 2.56978
6.47954 2.57589
7.49162 0.80504
6.32302 2.66244
7.22834 1.71672
7.17164 1.82527
7.22113 1.73156
7.30696 1.54803
6.38043 2.63452
7.39395 1.30401
7.42771 1.18362
