6.14996 -2.57467
6.22779 -2.51931
4.67652 -1.63057
4.67762 -1.63456
7.98024 -0.357423
8.01036 -0.259003
4.89672 3.65148
4.84447 3.60055
4.72454 -1.81329
4.73501 -1.85273
4.28705 1.35822
4.28294 1.30535
4.27468 0.971399
4.2747 0.977232
4.27635 0.85023
4.27531 0.792928
4.29162 1.46863
4.29269 1.486
5.7836 3.83666
5.75589 3.84321
4.28873 0.449173
4.28777 0.463914
4.34699 2.06043
4.35313 2.11411
4.93829 -2.54317
4.92922 -2.51645
4.33349 -0.0201147
4.32504 0.0479158
7.777 -0.841466
7.82955 -0.734962
4.54441 3.04213
4.56592 3.10391
5.02749 3.75247
5.04878 3.76411
5.21504 3.8353
5.26255 3.84752
4.88894 -2.39443
4.90704 -2.45112
7.12381 2.98466
7.16449 2.94197
7.41722 2.63661
7.42528 2.62579
6.96114 -1.90916
6.96004 -1.91021
7.26309 -1.59006
7.2231 -1.63493
4.65288 3.31061
4.63174 3.26791
5.4302 -2.96769
5.49405 -2.94934
5.56267 -2.92268
5.55481 -2.92576
4.80743 -2.11891
4.82933 -2.18996
8.12199 0.671103
8.12127 0.69624
5.33143 -2.98183
5.34881 -2.98305
4.97781 -2.65137
4.99722 -2.69413
5.05064 -2.80366
5.05562 -2.81042
5.24552 -2.97506
5.25352 -2.97784
5.18745 -2.95016
5.13858 -2.91672
4.75839 -1.93842
4.76284 -1.95766
5.6951 -2.85927
5.64743 -2.88456
5.77985 -2.81251
5.74757 -2.83204
8.06002 -0.066758
8.06342 -0.0517398
6.68252 3.37947
6.69098 3.37326
6.89187 3.20791
6.89552 3.20479
5.97977 3.77613
5.92146 3.79526
7.71698 -0.952463
7.75207 -0.887931
6.21686 3.67337
6.23494 3.66436
6.45882 3.53562
6.48082 3.52202
7.05886 3.05184
7.2256 2.87421
7.20225 2.90104
7.60723 -1.13249
7.64319 -1.07668
6.79203 -2.06491
6.86518 -1.99958
7.08187 -1.78721
7.05628 -1.81352
4.79124 3.53689
4.75353 3.4852
8.11362 0.80006
8.11643 0.765771
6.39862 -2.39106
6.3427 -2.43401
6.66037 -2.17936
6.62125 -2.21138
7.92909 -0.502107
7.92631 -0.509224
4.83816 3.5942
4.82982 3.58445
8.12317 0.460979
8.12078 0.402553
4.30355 1.64318
4.30126 1.6143
4.28088 0.60411
4.28124 0.594322
7.31463 -1.53034
7.32037 -1.52344
5.98705 -2.68681
5.98238 -2.68967
4.48468 -0.83743
4.49194 -0.869489
4.27672 1.11125
4.27653 1.10423
4.37307 2.25129
4.37308 2.25136
7.15026 -1.71409
7.17591 -1.68627
5.93841 -2.71826
5.93942 -2.71757
4.58547 -1.26315
4.57015 -1.20267
4.65308 -1.53919
4.63792 -1.47613
5.73044 3.84742
5.74756 3.84463
5.86846 3.81344
4.39661 -0.413323
4.38338 -0.342548
4.43796 -0.621757
4.42937 -0.580932
4.38479 2.31499
4.39184 2.36914
4.37531 -0.296827
4.35794 -0.190677
7.78793 2.00707
7.74672 2.09294
7.87234 1.81198
7.83751 1.89623
4.39562 2.39011
4.40905 2.47262
4.44685 2.67183
4.4478 2.67689
5.09469 3.78815
5.08437 3.78352
5.30305 3.85622
5.3576 3.86538
8.03405 1.30119
8.05391 1.21092
8.08228 1.05598
8.09863 0.940457
7.34489 2.73169
7.35786 2.71495
7.47279 2.55869
7.48812 2.53641
7.45237 -1.35716
7.4453 -1.36644
6.87803 -1.98732
6.96132 -1.90899
7.65986 2.25744
7.69117 2.20077
7.5802 2.39413
7.59799 2.36495
4.71532 3.42558
4.70415 3.40841
4.60246 3.1993
4.60911 3.21498
5.42274 -2.97052
5.3717 -2.97963
4.76842 -1.98097
4.79857 -2.08381
4.86791 -2.32264
4.85941 -2.29204
7.93926 1.63097
7.91787 1.69258
7.99188 1.46374
7.97795 1.5121
5.3526 -2.98299
5.26406 -2.97876
5.72967 -2.84156
5.72075 -2.84588
5.62255 -2.89681
5.59536 -2.90765
5.56378 -2.92235
6.49684 -2.31316
6.5238 -2.29207
8.03567 -0.167929
7.96861 -0.393757
7.9315 -0.495716
6.63944 3.41215
6.61533 3.4292
6.83705 3.25569
6.84095 3.25247
6.08608 3.73471
6.02322 3.75917
5.64165 3.86292
4.32585 1.89242
4.33051 1.93318
4.3556 2.13279
6.09026 3.73311
6.10084 3.72837
6.20283 3.6806
6.25883 3.65209
6.30429 3.62757
6.4256 3.55676
6.36963 3.58951
7.2793 2.81321
6.70337 -2.14197
6.76817 -2.08663
7.03953 -1.83006
4.7455 3.47445
8.12034 0.711709
8.11281 0.810367
6.68284 -2.15976
4.92893 3.68237
4.97248 3.71595
8.11779 0.348872
8.1247 0.5316
4.54939 -1.11588
4.56153 -1.16676
4.52326 -1.00467
4.53163 -1.04063
4.50085 2.89191
4.49046 2.85449
4.52519 2.97942
4.54378 3.04025
7.36228 -1.47242
7.4018 -1.42281
4.46019 -0.731339
4.47353 -0.78831
4.50237 -0.914477
5.9929 -2.6831
6.03571 -2.65439
4.60809 -1.35511
4.58992 -1.28077
4.61912 -1.39869
7.97434 -0.376679
4.92493 3.67916
4.92168 3.67612
8.09567 0.137982
8.08662 0.0725064
4.51031 -0.948991
4.51703 -0.977552
4.27843 0.723227
4.27552 0.780414
5.51781 3.87345
5.55936 3.87076
4.33984 2.01316
4.33806 1.9968
4.32145 1.84484
4.31756 1.80596
4.30423 0.248883
4.30049 0.291241
4.88461 -2.37706
4.88023 -2.3615
8.1061 0.868239
7.45698 -1.35099
7.50664 -1.28253
5.80436 -2.79824
5.83825 -2.77866
5.193 -2.95401
5.21154 -2.96099
8.04373 -0.136655
7.90497 -0.561216
7.88562 -0.609845
6.5358 3.48542
6.55577 3.4714
7.03476 3.07537
7.04462 3.066
8.12441 0.585447
4.314 1.77034
4.31164 1.74235
8.10366 0.194919
8.1048 0.205193
4.73895 -1.86867
4.28171 1.23122
4.282 1.28464
6.74239 3.3333
6.78369 3.29965
7.28286 2.80877
7.28692 2.80394
6.94623 3.15927
6.98703 3.12093
6.10815 -2.60495
6.23226 -2.51596
4.70017 -1.72179
4.6731 -1.61797
8.11109 0.271341
8.10588 0.215983
4.28276 1.29472
4.28845 1.40788
4.27519 1.0346
4.27488 0.913731
4.27558 0.786731
4.27489 0.907777
4.2953 1.52907
4.28924 1.42186
4.41681 -0.517807
4.40117 -0.438161
4.28482 0.516833
4.292 0.398695
5.43307 3.87277
5.46179 3.8731
4.94457 -2.56368
4.92063 -2.49101
4.31761 0.11515
4.34043 -0.0719808
7.83415 -0.725089
7.77487 -0.845598
7.83182 1.90937
7.79315 1.99597
4.41973 2.53003
4.42766 2.57523
4.57272 3.1213
4.54427 3.04176
5.18701 3.82564
5.2848 3.85313
8.06004 1.18043
8.07942 1.07372
7.21034 -1.64934
7.26936 -1.58296
4.62624 3.25452
4.66634 3.33947
5.50044 -2.94637
4.96381 -2.61269
5.01337 -2.73338
5.09124 -2.8638
5.0247 -2.75394
5.09315 -2.86572
4.70891 -1.75334
8.11618 0.325358
8.0739 0.00223893
8.08613 0.0691631
8.05503 -0.0887677
7.71314 -0.959182
7.88097 -0.620475
7.656 -1.05568
7.57136 -1.18821
7.55773 -1.20844
7.53048 -1.24842
6.40618 -2.38539
6.33426 -2.4402
6.08438 -2.62107
6.06686 -2.63273
5.42552 3.87221
4.53624 -1.06033
4.54648 -1.1037
4.29849 1.57428
4.30622 1.67846
4.2836 0.540647
4.27915 0.659507
4.52168 2.96643
4.50728 2.91699
7.31403 -1.53104
7.35871 -1.4769
4.27539 1.04697
4.27851 1.16773
5.89558 -2.74474
5.94738 -2.71244
4.56265 -1.17134
4.27526 1.04073
4.29672 1.55015
4.37737 -0.308289
4.45864 -0.724355
4.29332 0.3811
4.28413 0.529125
4.35276 -0.15746
4.31193 0.169107
7.74064 2.10509
7.87971 1.79358
7.90964 1.7149
7.69835 2.18729
4.45036 2.68885
4.47065 2.77686
4.47486 2.79332
5.01745 3.74627
5.02317 3.75007
5.14823 3.81211
5.41182 3.87088
8.02175 1.35232
8.10029 0.927339
8.00458 1.41849
7.53485 2.46647
7.54742 2.44685
7.40956 2.64737
7.40854 -1.41409
7.4541 -1.35491
7.64559 2.28291
7.62062 2.32658
4.68226 3.36754
4.60002 3.19399
4.8475 -2.25514
4.83859 -2.22258
7.94873 1.60315
7.96704 1.54722
5.89124 -2.74761
5.88112 -2.75397
6.72946 3.34337
6.93849 3.16626
6.31465 3.62214
6.49583 3.51196
6.27924 -2.48158
6.46169 -2.34166
6.58477 -2.24226
6.53323 -2.28468
4.30914 1.7124
4.27889 0.668004
4.48142 2.81827
4.45899 -0.725921
4.27877 1.17594
4.95467 -2.58895
5.60618 3.86749
6.24121 -2.50943
4.45884 -0.725235
4.91383 -2.4734
6.3401 3.60712
4.58944 3.16592
6.84469 3.24935
4.336 1.97868
6.59679 -2.23248
6.4697 -2.33549
6.99173 3.11645
6.78873 3.2955
6.5728 3.45933
