6.25683 -2.41041
6.19783 -2.45176
4.73426 -1.58981
4.75555 -1.66683
8.04938 0.184403
8.05645 0.239111
4.34223 1.35815
4.34073 1.33885
4.33027 0.939045
4.33042 0.977166
4.33109 0.850166
4.33063 0.824999
4.34607 1.43693
4.34911 1.48626
5.74184 3.75878
5.77906 3.74998
4.3467 0.41357
4.34348 0.463008
5.57013 3.77789
5.51824 3.7784
4.40738 2.06105
4.41159 2.0979
4.37832 0.06913
4.37728 0.0774926
5.3845 3.76814
5.33593 3.75974
7.10463 2.92652
7.10578 2.92531
6.89159 -1.89536
6.84951 -1.93548
7.18038 -1.60222
7.17818 -1.60469
4.86281 -2.02891
4.85838 -2.01385
5.45979 -2.80021
5.47746 -2.79844
5.24892 -2.75656
5.27005 -2.76618
5.02844 -2.46682
5.04139 -2.49601
5.11735 -2.62493
5.12307 -2.63425
6.40801 -2.30105
6.4563 -2.26385
5.80358 -2.68625
5.76018 -2.70723
4.78485 -1.76994
4.7706 -1.72205
7.97838 -0.180074
7.9857 -0.153434
7.91496 -0.388526
7.90046 -0.429544
5.91547 -2.62744
5.84866 -2.66481
8.06304 0.317104
8.05877 0.263745
8.02907 0.049207
8.01873 -0.00990343
8.00113 -0.0888501
8.01392 -0.0323588
6.64289 3.33283
6.65667 3.32272
6.85392 3.16324
6.87235 3.1475
5.95935 3.70221
5.96705 3.69969
4.39576 1.9783
4.39022 1.93379
4.42076 2.1561
4.42982 2.216
7.70992 -0.854849
7.68033 -0.909272
7.82254 -0.62243
7.79197 -0.690682
6.41674 3.48605
6.41587 3.48653
6.19352 3.60635
6.13429 3.63236
7.10278 2.92843
7.57223 -1.09125
7.57518 -1.08668
7.46086 -1.25494
7.47125 -1.24083
6.71889 -2.05039
6.65458 -2.10587
7.10554 -1.68369
7.0408 -1.75023
8.06348 0.78125
8.06769 0.729916
6.03784 -2.55585
6.08432 -2.52693
4.68555 -1.40836
4.69107 -1.42847
4.89867 3.51145
4.88174 3.49166
8.07332 0.507648
8.0682 0.382831
4.60147 -1.07912
4.59144 -1.03864
4.35804 1.61457
4.36158 1.65915
4.33529 0.635656
4.33687 0.593417
4.59646 2.95141
4.60341 2.97373
7.28253 -1.48414
7.26943 -1.4999
5.98923 -2.5859
5.97531 -2.59442
4.73617 3.28231
4.74042 3.28928
4.53539 -0.801642
4.56023 -0.9114
4.33344 1.14413
4.33235 1.10416
4.63844 -1.22577
4.62974 -1.19143
5.82828 3.73894
4.47389 -0.518388
4.49552 -0.621527
4.44859 -0.383892
4.43971 -0.336353
4.44636 2.31562
4.44871 2.33369
4.39479 -0.0577661
4.41021 -0.161085
6.30558 3.5498
6.28193 3.56162
7.72818 2.01269
7.71205 2.04629
7.81492 1.81738
7.80205 1.84852
4.52989 2.72351
4.50947 2.63845
4.54611 2.78693
4.54057 2.76665
4.46689 2.43446
4.4672 2.43637
5.2597 3.74011
5.26598 3.74227
7.99196 1.25956
7.99443 1.24831
8.03757 1.01176
8.04269 0.975622
7.45185 2.49523
7.42527 2.53338
7.32446 2.66978
7.29106 2.71174
7.3761 -1.36838
7.36449 -1.3836
6.80678 -1.97318
6.94564 -1.84483
7.12958 -1.65863
7.5466 2.34892
7.53848 2.36209
7.6261 2.212
7.63382 2.19802
4.77489 3.34776
4.77594 3.34964
4.92939 -2.22274
4.90715 -2.16087
4.97641 -2.34767
4.95831 -2.30062
7.88399 1.63618
7.87807 1.65322
7.93824 1.46879
7.93734 1.47194
5.36419 -2.79632
5.30986 -2.7848
5.55209 -2.78286
5.52783 -2.78971
6.50423 -2.22627
6.535 -2.20309
6.39209 -2.3123
5.64911 -2.75302
5.66124 -2.74951
5.61069 -2.76669
7.95239 -0.270569
7.96103 -0.242358
7.92652 -0.35435
6.63067 3.34211
6.53837 3.40736
6.68222 3.30334
6.71283 3.27955
6.76732 3.2359
6.80234 3.20703
6.88675 3.13478
6.92238 3.10258
5.97105 3.69813
5.96869 3.69905
5.85506 3.73289
4.39825 1.99741
4.44245 2.29437
6.08065 3.65642
6.23246 3.58678
6.47192 3.45102
6.47754 3.4473
7.11027 2.92044
6.62798 -2.127
6.75244 -2.02229
6.97329 -1.81692
7.13525 -1.65271
8.06944 0.692614
8.05853 0.844483
6.30922 -2.37332
6.34456 -2.34803
6.58255 -2.16432
4.66662 3.13947
4.6837 3.17605
5.10247 3.6725
5.13868 3.69229
5.00059 3.60412
5.03493 3.63055
8.06754 0.370897
8.07342 0.512366
4.36342 1.68036
4.36926 1.74288
4.54949 2.79816
4.5646 2.85043
4.52726 -0.766469
4.53192 -0.786371
4.5605 -0.912546
6.13511 -2.49335
6.08804 -2.52444
4.66151 -1.3174
4.65961 -1.30962
5.19253 -2.7097
5.2346 -2.74662
5.40392 -2.80174
8.04065 0.117342
8.03997 0.112382
4.80678 -1.84266
4.79015 -1.78698
4.5607 -0.913426
4.56224 -0.919954
4.33315 0.723163
4.3319 0.747595
5.6846 3.7679
5.67848 3.76847
4.51153 -0.696031
5.00465 -2.41688
4.9951 -2.39204
4.36315 0.212694
4.35356 0.321285
4.64945 3.09783
7.18235 2.84073
7.20918 2.81043
8.05638 0.863074
7.16234 -1.62256
4.73059 3.27196
4.6999 3.21211
5.52244 -2.79102
4.82144 -1.89481
4.81745 -1.8801
8.07218 0.618275
5.70555 -2.73198
5.73214 -2.72118
7.86723 -0.516747
7.86334 -0.526506
4.95733 3.56769
4.92368 3.53663
6.97084 3.05723
7.0248 3.00593
4.82391 3.42055
8.07333 0.530504
5.08051 -2.56932
5.10917 -2.61208
4.33672 1.23116
4.33683 1.25272
4.40102 2.01905
4.75902 -1.68025
4.72276 -1.54742
8.0576 0.251276
8.04145 0.123057
4.33999 1.29466
4.34274 1.37629
4.33063 1.00233
4.33036 0.913666
4.33229 0.786664
4.33045 0.87544
4.34978 1.49736
4.34532 1.42211
4.468 -0.488826
4.46585 -0.477856
4.34245 0.481438
4.34772 0.397788
5.48495 3.77801
5.6269 3.77425
4.39262 -0.0424339
4.37716 0.0785774
7.76948 -0.737991
7.73779 -0.801903
7.77336 1.91487
7.75816 1.9489
4.49647 2.57779
4.48757 2.53789
4.62517 3.03587
4.63355 3.05831
8.01668 1.13755
8.02169 1.11
7.3889 2.58476
7.36062 2.62268
7.52213 -1.1665
7.50031 -1.19866
7.2242 -1.55256
5.42965 -2.80195
5.83106 -2.67311
5.61677 -2.76531
4.70946 -1.4994
8.01677 -0.0191937
7.99239 -0.127407
7.64382 -0.973012
7.84282 -0.575525
7.61999 -1.01325
7.56584 -1.10119
7.424 -1.30568
6.08646 -2.52551
6.00039 -2.57882
4.6683 -1.34423
5.04847 3.6392
5.08538 3.66336
5.41703 3.77297
4.58779 -1.02395
4.60712 -1.10168
4.3578 1.61111
4.36326 1.67872
4.33781 0.572071
4.33458 0.658605
4.62309 3.02953
4.58312 2.91148
7.2324 -1.54304
7.31373 -1.44662
4.33186 1.07971
4.33418 1.16766
4.61528 -1.1342
5.17144 -2.69304
5.14777 -2.6655
4.33106 1.04067
4.35335 1.55041
4.42953 -0.278762
4.35164 0.345276
4.33981 0.528218
4.41557 -0.196037
4.36449 0.198861
7.67975 2.11081
7.84383 1.7453
7.85338 1.7202
7.66411 2.14122
4.5332 2.73787
4.46815 2.44148
4.5474 2.79125
5.16428 3.70352
5.19919 3.71903
5.27658 3.74497
7.25895 2.75153
7.22725 2.78957
7.97867 1.31481
8.05451 0.88206
7.96331 1.37768
7.48608 2.4439
7.33065 -1.42554
7.41858 -1.31305
7.50494 2.4148
7.58321 2.28815
7.58791 2.28014
7.58713 2.28151
4.81515 3.408
4.81914 3.41417
4.76745 3.33524
4.83912 -1.95201
4.90651 -2.15924
4.9326 -2.23073
4.95229 -2.28619
4.98661 -2.37072
7.90869 1.56355
7.91235 1.55237
7.94526 1.44379
7.96124 1.38549
5.68695 -2.73869
6.73366 3.26364
6.93744 3.08911
4.38406 1.88372
4.38106 1.858
6.42316 3.482
6.52703 3.4154
6.28114 -2.39388
6.37586 -2.32463
4.98711 3.59413
4.57599 -0.975594
4.37 1.7502
4.33335 0.69957
4.57225 2.87479
4.33553 1.20884
6.17314 -2.468
5.06892 -2.54732
5.05532 -2.52141
5.70052 3.76582
7.8709 -0.507807
5.40864 3.77216
5.04761 -2.50746
5.14522 -2.6624
6.83589 3.17908
4.38811 1.91834
8.07266 0.602951
6.18377 -2.46114
4.88505 -2.0913
4.37582 1.80655
4.37682 1.81683
6.95459 3.07274
6.75013 3.25006
7.88821 -0.462798
6.5323 3.41166
