7.71743 -0.302915
7.75045 -0.200368
6.18241 -2.09468
6.18737 -2.09198
5.04078 3.07392
5.05753 3.09393
5.04882 -1.61536
5.0499 -1.61812
4.58767 1.55149
4.58176 1.49443
5.12909 -1.78699
5.1268 -1.78222
4.65019 2.01391
4.64786 1.99997
4.62807 -0.0755306
4.62284 -0.0407077
7.55939 -0.674931
7.52998 -0.732122
6.37937 3.18788
6.31766 3.21993
7.5626 1.8686
7.5761 1.83985
4.70295 2.26904
4.69826 2.24999
6.69678 2.97585
6.70058 2.97285
7.32343 2.29251
7.28464 2.34989
7.76119 1.32317
7.76651 1.30299
7.78401 -0.0766369
7.80849 0.0321929
7.66708 -0.437981
7.65193 -0.475182
5.78345 -2.2342
5.81418 -2.22857
5.58194 3.38952
5.50421 3.37754
5.30411 3.30275
5.36213 3.3309
5.10862 3.15245
5.15637 3.19794
7.83225 0.164671
7.82894 0.145574
7.85815 0.424756
7.84887 0.30055
4.95377 -1.3708
4.97927 -1.43931
6.57645 3.06353
6.58617 3.05709
4.57618 1.42318
4.57567 1.41762
4.61325 1.76974
4.6184 1.80816
4.80176 -0.879492
4.77876 -0.795357
4.59085 0.213293
4.59235 0.199273
5.92537 3.36803
5.98902 3.35079
6.1224 3.30896
6.15474 3.29682
6.88729 2.81013
6.86211 2.83424
6.69334 2.97849
6.38984 -1.97204
6.37863 -1.97885
6.79108 -1.66203
6.77405 -1.67682
6.99668 -1.46313
6.94885 -1.51184
7.31955 -1.07377
7.32415 -1.0675
7.42416 -0.916787
7.43091 -0.905937
7.86127 0.523651
7.85974 0.466869
4.55605 0.913402
4.55561 0.891915
4.56019 1.12272
4.56169 1.1674
4.88554 -1.1648
4.89795 -1.20521
4.70217 -0.47218
4.70846 -0.501287
5.21284 -1.93012
5.25406 -1.9891
4.57134 0.44727
4.57908 0.336103
4.56234 0.607413
4.56021 0.654933
4.74044 2.41729
4.72746 2.36849
7.18957 -1.24433
7.16171 -1.27895
7.83801 0.928682
7.84429 0.880768
4.66078 -0.263764
4.65206 -0.215753
7.86121 0.547623
7.86014 0.642739
7.75296 -0.191876
7.71203 -0.318522
6.20633 -2.08128
6.08653 -2.14127
7.06189 -1.39233
7.10135 -1.34905
6.45109 3.14468
6.26755 3.24634
4.806 2.62494
4.79921 2.6051
7.13709 2.5429
7.16005 2.51519
7.81425 1.0838
7.80676 1.12391
7.48566 2.02304
7.48608 2.02225
7.40684 2.16086
7.39141 2.18636
7.23532 2.41783
7.26552 2.37685
7.71282 1.49
7.71287 1.48983
7.67798 -0.410289
6.59426 3.05158
6.5296 3.095
4.60686 1.72323
4.60162 1.67982
4.58114 1.48787
4.58109 1.48733
5.58381 -2.22783
5.62851 -2.23392
5.53744 -2.21459
5.52707 -2.21065
4.82021 -0.946253
4.88477 2.81463
4.90111 2.85084
5.84975 3.38306
5.87309 3.37865
6.02211 3.34237
6.169 3.29034
6.04067 3.33734
6.47217 3.13225
5.70908 3.3958
5.77233 3.39125
5.65478 3.39604
5.65722 3.39625
6.84313 2.85079
6.36446 -1.98772
6.48436 -1.90753
6.91633 -1.54475
7.0312 -1.42628
5.96571 -2.18843
5.93511 -2.19944
6.01266 -2.171
6.06371 -2.1515
4.55696 0.997604
4.5568 0.976901
4.55963 1.1039
4.85478 -1.06656
4.85651 -1.07216
4.90439 -1.22524
4.9009 -1.21448
4.56957 0.472458
4.57049 0.459313
4.57968 0.328862
4.60673 0.0787804
4.60501 0.0921561
4.56315 0.589735
4.76014 2.48689
4.75377 2.46617
7.61381 1.75466
7.61913 1.74223
6.97832 2.71894
7.02152 2.67468
7.27165 -1.13992
7.25941 -1.1561
7.85084 0.811806
7.84764 0.847625
5.88459 -2.21403
5.85135 -2.22235
4.55889 1.0404
4.55899 1.08437
4.92419 -1.28474
4.94263 -1.33843
4.68014 -0.368726
4.67789 -0.357065
4.76558 -0.74505
4.77431 -0.779111
5.35107 -2.09923
5.3628 -2.10895
4.5677 0.52451
4.56389 0.573036
4.66088 2.07197
4.67149 2.1273
4.86035 2.76224
4.83293 2.69758
7.64559 1.67618
7.65278 1.65793
7.6122 -0.566397
7.6088 -0.57389
5.69889 -2.23908
5.75703 -2.23752
4.62319 1.84166
4.62748 1.87233
5.42399 -2.15781
5.41353 -2.15134
5.29027 -2.03441
5.26559 -2.00568
7.27885 -1.13024
6.27186 -2.04444
6.48903 -1.90438
6.58494 -1.83308
4.96642 2.9673
4.97649 2.98323
4.5705 1.34865
4.56797 1.30778
4.60967 1.74399
4.58025 0.322345
4.58569 0.263614
4.55542 0.828304
4.55563 0.807312
5.67037 -2.2396
5.40369 3.34787
5.49876 3.3762
5.07633 3.11713
5.01327 3.0381
7.84801 0.292082
7.83259 0.166868
5.05185 -1.62282
5.01394 -1.52905
5.12378 -1.77584
5.16823 -1.85699
4.64006 1.95549
4.65945 2.06363
7.49707 -0.792339
7.58549 -0.62245
7.5293 1.93783
7.60807 1.76802
4.68557 2.19576
4.7125 2.30925
4.82287 2.67153
4.82026 2.66417
7.0991 2.58846
7.1029 2.58408
6.86332 -1.59547
6.8933 -1.56769
7.3748 -0.992904
7.40874 -0.941269
7.44687 2.09278
7.48311 2.02772
7.28018 2.35626
7.33954 2.2682
7.68421 1.57383
7.71207 1.49221
7.78164 1.2401
7.74091 1.39761
7.85792 0.690188
7.85505 0.754751
7.81064 0.0427369
7.7823 -0.0835231
5.20567 3.23897
5.25015 3.27013
5.60563 3.3924
7.85855 0.43176
4.94622 -1.34874
4.99352 -1.47553
5.08983 -1.70516
4.72505 -0.575148
4.74194 -0.647299
5.49176 -2.19689
5.43756 -2.16561
5.19593 -1.90537
5.10001 -1.72625
4.63706 1.93632
4.68359 2.18728
4.67668 2.15383
7.47119 -0.837918
6.68955 -1.75026
6.68188 -1.7564
6.67488 -1.76203
7.35831 -1.01758
7.30422 -1.0953
7.86141 0.533129
5.98561 -2.18211
4.68644 -0.39976
5.26214 -2.00084
4.7211 2.34279
4.74312 2.42771
7.84534 0.869667
7.83327 0.967506
4.64212 -0.158405
4.83036 -0.982388
4.76222 2.4933
4.78951 2.57811
7.17481 2.49657
7.09212 2.59649
7.83003 0.988108
7.7896 1.20587
7.22515 2.43136
7.52266 1.95089
7.44026 2.10438
7.36567 2.22741
7.73829 1.40646
7.68223 1.57948
4.5719 1.36807
5.54971 -2.21789
5.91735 -2.20426
4.82614 -0.967286
4.55545 0.871482
4.56321 1.21382
4.56459 1.24716
4.55819 0.699819
4.55681 0.741328
7.12059 -1.32717
7.85272 0.79306
4.5954 1.62714
4.5931 1.60607
5.38611 -2.12925
5.3381 -2.08784
5.8132 3.38834
5.80072 3.38943
7.67996 1.58576
7.61579 -0.558704
5.00722 3.02947
4.63379 1.914
5.30724 -2.05332
4.59256 0.197303
4.99588 3.0123
4.94745 2.93594
6.29137 -2.03335
5.31915 -2.0676
4.61919 -0.0140866
5.64759 3.39556
5.00446 3.02505
4.56729 1.29487
4.56641 1.28035
4.58104 1.48671
4.58595 0.260603
4.55605 0.785303
4.55634 0.763791
4.9208 2.88845
5.66238 3.39638
6.58897 -1.83017
4.55659 0.95598
4.56208 1.18513
4.87839 -1.1429
4.55917 0.674621
7.04237 2.65201
6.49017 3.12126
4.59964 1.66485
4.58814 1.55687
7.63526 -0.514597
