6.21974 2.00682
6.27486 1.98796
5.92242 1.99779
6.0109 2.01963
7.03576 0.92433
7.03837 0.910183
5.51567 1.52928
5.50782 1.50646
5.60407 1.713
5.62006 1.73966
5.5997 -0.285609
5.5707 -0.2191
5.49936 -0.0245363
5.48453 0.0255682
6.36981 -0.673377
6.46099 -0.624744
6.15287 -0.724126
6.17263 -0.722077
5.95356 -0.681209
5.98262 -0.691489
5.77181 -0.545104
5.79165 -0.563834
5.8095 1.94187
5.81924 1.94696
5.72344 1.86929
5.8019 1.93557
6.84249 -0.220747
6.79057 -0.300466
6.60376 -0.517177
6.64397 -0.477923
5.41175 1.10237
5.42605 1.19815
5.39136 0.87117
5.39398 0.91908
5.45196 1.32132
5.43761 1.2591
6.72692 1.63834
6.66424 1.71101
6.79155 1.54484
6.73499 1.62765
6.87541 -0.162803
6.90451 -0.105821
6.96237 0.0335773
6.98693 0.104893
5.6643 -0.401016
5.63431 -0.349206
5.44969 0.160495
5.44553 0.179981
5.39009 0.656304
5.39154 0.618655
5.40958 0.407195
5.41835 0.341063
6.44659 1.90081
6.41675 1.92172
7.04289 0.345063
7.03182 0.282775
7.06381 0.621064
7.06177 0.533769
7.05758 0.77042
7.05727 0.774623
7.00422 1.06823
7.00532 1.06374
6.95541 1.21794
6.95017 1.23337
7.00722 1.05657
6.58957 1.79132
6.59434 1.7868
6.8992 1.35348
6.92439 1.29671
6.97944 1.14862
7.03285 0.938797
7.02064 0.996021
6.87385 1.40482
6.87064 1.41108
6.49899 1.8644
6.59616 1.78496
6.25921 -0.710062
6.33449 -0.686275
5.86035 -0.625548
5.87502 -0.634799
6.13023 2.02208
6.32669 1.96955
6.09304 2.02422
5.90914 1.99371
6.72952 -0.384782
6.72214 -0.393908
5.39926 0.988186
5.40618 1.05643
5.48146 1.42656
5.52896 1.56294
5.65921 1.79337
5.58672 1.68086
6.59997 1.78096
6.91221 -0.0888534
6.94867 -0.00332654
5.54199 -0.150057
5.61371 -0.312212
5.52082 -0.0940792
5.47085 0.0768161
5.40128 0.482119
5.39885 0.507445
7.05848 0.477952
7.05171 0.409719
6.48543 -0.610093
6.13376 -0.722531
6.05118 -0.713455
5.72293 -0.484233
6.39118 1.93525
6.35955 1.95369
6.11439 2.02455
5.80856 1.94118
5.71243 1.85869
6.71129 -0.405964
6.85396 -0.202137
6.55848 -0.554844
5.42866 1.21381
5.38859 0.78562
5.38835 0.751141
5.45889 1.34728
5.68397 -0.433239
7.05712 0.776139
7.04396 0.871324
5.55833 1.62655
6.73165 1.6323
6.82752 1.48737
6.84769 1.45298
6.89613 1.36006
6.89884 1.3543
7.0008 0.152554
5.53173 -0.123694
5.44348 0.19012
5.42676 0.286863
5.39716 0.530228
6.47723 1.88175
7.01846 0.220968
7.06331 0.65531
6.94383 1.25042
