4.70686 -1.60916
4.71857 -1.65151
4.90263 3.58362
4.9262 3.6066
8.0759 0.194352
8.07896 0.218039
4.31604 1.35818
4.3133 1.32295
4.30389 0.954401
4.30398 0.977197
4.30511 0.850196
4.30438 0.809778
4.32023 1.45197
4.32233 1.48614
5.74851 3.79885
5.85417 3.77386
4.31919 0.430468
4.31704 0.463438
5.54513 3.82355
5.52579 3.82374
4.37872 2.06076
4.38487 2.11455
4.3653 -0.0396508
4.35248 0.0634549
4.6013 3.07753
4.60938 3.10075
7.11373 2.95411
7.13365 2.93322
6.9246 -1.90191
6.85705 -1.96632
7.21964 -1.59645
7.1995 -1.61904
4.83643 -2.07179
4.8042 -1.96222
4.89563 -2.25314
4.90973 -2.29641
5.31059 -2.8778
5.33254 -2.88241
5.23215 -2.85136
5.24557 -2.85747
4.97757 -2.48535
4.97807 -2.48649
5.05294 -2.64839
5.05684 -2.65475
5.18288 -2.8189
5.15095 -2.78649
5.57151 -2.84639
5.63078 -2.82313
5.79406 -2.74581
5.80567 -2.7402
8.01307 -0.148718
8.01329 -0.147929
7.94395 -0.382742
7.94006 -0.393743
8.08889 0.326803
8.08712 0.304632
8.05629 0.0594211
8.04912 0.0184177
8.02908 -0.0783648
8.04006 -0.0298714
6.6617 3.35497
6.68642 3.33683
6.87193 3.18444
6.89094 3.16821
5.87179 3.7692
5.97309 3.73597
4.36888 1.99506
4.36455 1.96033
4.38823 2.13591
4.40289 2.23278
7.74193 -0.848461
7.69773 -0.929771
7.8528 -0.616392
7.81001 -0.711938
6.19803 3.64233
6.18444 3.6483
6.43653 3.50972
6.45427 3.49874
7.08194 2.987
7.1957 2.86572
7.192 2.86997
7.58884 -1.11082
7.60746 -1.08193
6.7553 -2.05762
6.70515 -2.10088
7.1145 -1.71207
7.04815 -1.78027
8.08727 0.790177
8.09355 0.71366
6.35303 -2.38201
6.34367 -2.3892
6.66126 -2.13843
6.60148 -2.18734
6.03682 -2.60302
6.04147 -2.60013
5.03653 3.6917
5.00522 3.67117
4.86995 3.55072
4.83185 3.50618
8.09698 0.485498
8.09316 0.392191
4.57631 -1.09688
4.56626 -1.05632
4.33492 1.66265
4.33109 1.61444
4.30947 0.620684
4.31047 0.593847
4.54876 2.92173
4.56581 2.97646
7.32066 -1.47854
7.29089 -1.51435
5.9882 -2.63379
5.94562 -2.65986
4.51132 -0.818627
4.52782 -0.891508
4.30652 1.12852
4.30586 1.1042
7.14246 -1.68218
7.15295 -1.6708
6.20164 -2.49112
6.27393 -2.4405
4.6133 -1.24351
4.59663 -1.17772
5.63612 3.81742
5.71172 3.80512
5.85898 3.77278
4.42392 -0.39786
4.40889 -0.317441
4.46449 -0.606738
4.46346 -0.601853
4.41713 2.31532
4.42172 2.35051
4.38315 -0.164621
4.38477 -0.17549
7.75654 2.01002
7.72851 2.06843
7.84217 1.81482
7.81888 1.87116
4.49025 2.69884
4.48014 2.65673
4.43306 2.41341
4.4396 2.45357
5.11101 3.73487
5.17002 3.76137
5.17688 3.76422
5.24173 3.78656
8.01194 1.27931
8.02266 1.23056
8.05879 1.03275
8.06924 0.958932
7.46198 2.52595
7.45579 2.53485
7.3343 2.6996
7.32339 2.71329
7.4123 -1.36305
7.38142 -1.40355
6.84147 -1.98006
6.95308 -1.87528
7.64212 2.23357
7.66104 2.19932
7.56284 2.37078
7.56729 2.36348
4.71463 3.32941
4.74168 3.37769
4.65787 3.21617
4.66742 3.2387
4.87853 -2.20472
4.84776 -2.10563
7.91022 1.63371
7.89696 1.6719
7.9637 1.4664
7.95661 1.491
5.39575 -2.88323
5.71461 -2.78601
5.68426 -2.80071
5.6659 -2.80796
5.54521 -2.85382
6.47607 -2.2879
6.48147 -2.28367
7.9806 -0.264941
7.98161 -0.261627
7.94705 -0.373576
6.63483 3.37535
6.5749 3.41773
6.80041 3.24529
6.82067 3.22859
6.02564 3.71549
5.99457 3.72758
5.8616 3.77219
5.63414 3.81777
4.36914 1.99711
4.35457 1.87452
4.36131 1.93349
4.40952 2.27392
6.08521 3.69282
6.25406 3.61405
6.25691 3.61251
6.42094 3.51963
6.32551 3.57548
6.47616 3.48484
6.51492 3.45919
7.20865 2.851
6.66577 -2.13451
6.76009 -2.0536
7.00473 -1.82316
8.0941 0.701867
8.08429 0.828291
6.66362 -2.13637
8.09076 0.349156
8.09776 0.521495
4.54983 -0.985922
4.56232 -1.03961
4.52826 2.85174
4.53585 2.8791
4.49465 -0.746453
4.50421 -0.787291
4.53291 -0.913462
6.13414 -2.53815
6.11805 -2.54878
4.63616 -1.3353
4.62653 -1.29593
4.67057 -1.47372
4.65607 -1.41398
5.07618 -2.68755
5.09081 -2.71308
4.99526 -2.52653
5.01216 -2.56743
8.06677 0.127138
8.06189 0.0918571
4.77398 -1.85524
4.76401 -1.82186
4.53678 -0.930306
4.54767 -0.976534
4.30718 0.723194
4.30514 0.763172
4.48654 -0.710175
4.35367 1.86485
4.34781 1.80627
4.97706 -2.48428
4.95256 -2.42058
4.33519 0.22987
4.32837 0.307025
8.07997 0.865525
7.4739 -1.28053
7.48821 -1.26081
5.50483 -2.86361
4.79607 -1.93603
4.77764 -1.86806
8.09588 0.653627
5.41528 -2.88317
5.03268 -2.60815
5.01271 -2.56848
7.88514 -0.537853
7.86958 -0.576961
7.00118 3.06584
7.03421 3.03444
4.82677 3.49994
8.09733 0.602468
4.34245 1.75261
4.34161 1.74266
4.31061 1.23119
4.31081 1.26787
6.73781 3.2968
6.74706 3.28926
4.36944 1.99944
6.94162 3.12251
6.95344 3.1114
6.15565 -2.52381
4.73109 -1.69997
4.68597 -1.53219
8.08298 0.260799
8.07247 0.167792
4.31283 1.29469
4.31697 1.39128
4.30432 1.01765
4.30402 0.913697
4.30537 0.786696
4.30408 0.890788
4.32392 1.51241
4.3187 1.42199
4.44371 -0.502581
4.43515 -0.459016
4.3151 0.498237
4.32128 0.398218
5.46033 3.82298
5.62974 3.81812
4.3489 0.0959353
4.36757 -0.0566162
7.80058 -0.731787
7.75547 -0.822741
7.80111 1.91225
7.77476 1.97124
4.45828 2.55402
4.45861 2.55594
4.63179 3.15806
4.58677 3.03866
5.28411 3.79737
5.31154 3.80429
8.03726 1.15791
8.04909 1.09278
7.39893 2.61516
7.39219 2.6242
7.53949 -1.18696
7.53502 -1.19356
7.16702 -1.65571
7.24563 -1.56699
4.68473 3.27233
4.70285 3.30958
5.4442 -2.87946
5.1336 -2.77026
5.10095 -2.72615
5.21295 -2.83803
5.77657 -2.75451
5.86183 -2.70814
4.68222 -1.51863
4.75066 -1.77063
5.93192 -2.66854
8.04413 -0.00893118
8.01349 -0.147158
7.67672 -0.966448
7.86114 -0.597111
7.63708 -1.03339
7.54846 -1.17356
7.52086 -1.21409
6.40714 -2.3415
6.28697 -2.43082
6.08547 -2.57087
6.03307 -2.60532
4.98698 3.6571
5.05538 3.7044
5.42106 3.82007
4.56279 -1.0416
4.57776 -1.10266
4.32965 1.59363
4.33612 1.6786
4.31208 0.557156
4.30827 0.659033
4.57369 2.9988
4.54623 2.91416
7.27114 -1.53735
7.33519 -1.46107
4.30506 1.06417
4.30776 1.16769
4.59012 -1.15195
4.30457 1.0407
4.32647 1.55029
4.40456 -0.292899
4.46709 -0.619651
4.32396 0.362278
4.31338 0.528649
4.38504 -0.17729
4.33954 0.184739
7.70865 2.10809
7.86086 1.76822
7.88008 1.71768
7.68036 2.16309
4.50352 2.75637
4.45957 2.56077
4.51269 2.79224
5.09208 3.72454
5.17484 3.76351
5.3467 3.81025
7.2687 2.78108
7.25505 2.79746
7.9895 1.37259
8.07624 0.90355
7.9831 1.39725
7.51576 2.44533
7.36813 -1.42003
7.43544 -1.33292
7.52129 2.4368
7.5434 2.40205
7.61529 2.28146
7.60302 2.3029
4.74839 3.38767
4.78411 3.44284
4.63464 3.16565
4.79996 -1.94861
4.88639 -2.22673
4.92209 -2.33526
4.93385 -2.36615
7.92769 1.58235
7.93831 1.54992
6.69176 3.33268
6.90402 3.15648
6.24291 3.61978
6.30995 3.58471
6.5312 3.44869
6.28023 -2.43589
6.41794 -2.33298
6.54412 -2.23419
6.53415 -2.2424
4.95759 3.6345
4.34072 1.73201
4.3075 0.684588
4.52698 2.84662
4.30859 1.19322
5.01241 -2.56791
5.63335 3.81787
5.72982 -2.77792
5.05002 -2.64382
7.89984 -0.502032
6.31715 3.58046
4.63353 3.16272
5.38435 3.81652
4.94575 -2.40347
5.47341 -2.87318
5.93959 -2.66378
6.84007 3.21243
6.5977 -2.19061
4.84206 -2.08757
5.67293 -2.80542
6.47063 -2.29237
6.97222 3.09349
6.76845 3.27163
7.90786 -0.481191
6.55153 3.43428
