7.63727 0.0532776
7.63872 0.0593765
7.49977 -0.387759
7.46066 -0.479163
4.75449 1.32439
4.75734 1.35988
4.96695 -0.741545
4.97912 -0.780727
4.85008 -0.27252
4.83653 -0.203502
6.98455 2.4359
6.97127 2.45041
4.76346 0.298463
4.76724 0.260659
4.73635 0.782369
4.73563 0.802681
6.21708 -1.78385
6.22654 -1.78033
7.20719 -0.919932
7.20064 -0.929618
6.62242 -1.5356
6.58619 -1.56232
7.10516 2.28949
7.10189 2.29378
7.68844 0.458817
7.69115 0.531332
7.67578 0.86743
7.68089 0.819474
7.57758 -0.171994
7.55547 -0.239268
5.32672 2.93198
5.26006 2.87082
5.52436 3.04697
5.45049 3.01339
7.67713 0.309891
7.668 0.232701
5.33193 -1.57184
5.28374 -1.49793
5.15872 -1.26195
5.19121 -1.33037
4.7782 1.56092
4.78522 1.61653
4.78904 1.64348
4.80314 1.73416
4.83546 1.90772
4.84595 1.95957
6.03051 -1.84987
6.00859 -1.85493
5.69958 -1.8553
5.64482 -1.83786
5.83279 -1.87503
5.83627 -1.87501
4.92239 -0.579984
4.94052 -0.647576
5.39126 -1.64629
5.38316 -1.63604
5.04216 -0.973129
5.01954 -0.906626
5.12885 2.70794
5.13617 2.71917
6.36804 2.93293
6.39283 2.92019
6.13152 3.03779
6.14882 3.03183
5.93533 3.08543
5.97609 3.07714
5.71938 3.09302
5.73154 3.09386
6.4237 -1.67386
6.37235 -1.7035
6.82519 -1.36165
6.77592 -1.40644
7.30275 -0.77373
7.33666 -0.717845
7.46116 1.67595
7.44768 1.70736
6.55244 2.82157
6.52736 2.83806
6.92892 -1.25853
6.93787 -1.2494
7.49577 1.59156
7.51691 1.53592
4.73629 0.93315
4.73695 1.01984
5.13842 -1.21857
5.11245 -1.15573
4.81027 -0.0619237
4.79251 0.0553441
4.75252 0.422207
4.74693 0.494038
4.82985 -0.168052
4.81108 -0.0667499
7.45559 -0.490705
7.51157 -0.358516
7.6272 1.16384
7.62369 1.17885
6.90034 2.52617
6.84646 2.57919
6.98626 -1.19613
7.00798 -1.17215
7.37067 1.86832
7.38081 1.84853
7.16959 2.20035
7.20122 2.15459
7.5817 1.34005
7.5772 1.35565
7.65945 0.993172
7.6629 0.969234
7.54056 -0.281644
7.5927 -0.12135
4.74536 1.1942
4.74276 1.14346
5.63295 -1.83217
5.58595 -1.80982
4.75793 0.356766
4.75497 0.39116
4.74031 0.628624
4.73953 0.652015
4.73587 0.892384
4.99497 2.44942
4.95887 2.35918
4.95826 2.35745
4.95848 2.35813
4.88792 -0.446238
4.89571 -0.478679
7.29484 2.00708
7.28994 2.01535
4.73811 1.04019
4.73841 1.06138
4.74983 1.26451
5.98033 -1.86093
5.94749 -1.86621
5.73751 -1.86468
5.82602 -1.87418
4.86585 -0.346961
6.6952 2.71398
6.72521 2.68978
6.6385 2.76006
6.66988 2.7347
4.76985 0.237124
4.77441 0.195391
4.74385 0.547269
4.74518 0.521621
4.73893 0.674505
4.7361 0.761721
7.10775 -1.05298
7.12119 -1.03655
6.94474 -1.24231
7.69122 0.649209
7.68748 0.731074
7.37892 -0.641661
7.36095 -0.675436
5.48615 -1.74161
5.47854 -1.73575
5.36379 -1.61238
5.33897 -1.58101
5.02524 2.51784
6.30546 2.96553
6.27308 2.98064
4.77603 1.54203
4.76983 1.4882
5.88147 -1.87352
5.91748 -1.8705
5.42082 -1.67913
5.43334 -1.69139
4.92686 2.2638
4.9101 2.20723
7.53906 1.47381
7.54846 1.44718
7.60829 -0.0670579
6.07991 -1.83568
6.10988 -1.82568
4.89726 -0.484824
7.64788 0.110638
7.636 0.0475016
5.42492 2.99968
5.34678 2.94743
5.23365 -1.41399
5.23449 -1.41569
4.75938 1.38412
4.75218 1.29572
4.82331 1.84758
4.81624 1.80907
4.98678 -0.804758
4.94975 -0.680907
5.07657 -1.06531
5.04875 -0.99199
6.61412 2.77785
6.98889 2.43103
6.91714 2.5086
5.07933 2.62483
5.04584 2.56255
6.26693 -1.7595
6.20597 -1.78839
7.1642 -0.978285
7.22427 -0.895374
6.25211 2.99047
6.15305 3.03013
5.89256 3.09054
5.83106 3.09543
6.52257 -1.60902
6.68368 -1.48597
7.2539 -0.850451
7.26803 -0.828906
7.33308 1.93968
7.33795 1.9308
7.1525 2.2248
7.10043 2.2956
7.60503 1.25672
7.60371 1.26192
7.69127 0.55075
7.68688 0.425202
6.43319 2.89709
6.4498 2.88797
7.66063 0.183171
5.23003 2.83952
5.57741 3.06478
5.62483 3.07752
5.18591 2.78631
7.68247 0.365705
5.33674 -1.57825
5.23557 -1.41771
5.15001 -1.24399
4.76804 1.47131
4.78556 1.61922
4.77718 1.55236
4.80749 1.75884
4.86843 2.05971
4.8996 -0.494006
5.00166 -0.850982
5.55505 -1.79229
5.49384 -1.74728
5.01033 -0.879529
5.09766 -1.11854
4.77667 0.176032
4.78949 0.076352
5.12018 2.69332
6.32572 -1.73085
7.07192 -1.09797
7.07701 -1.09181
4.87088 2.07054
4.86977 2.06579
6.33348 2.95149
6.08418 3.05224
5.74213 3.09398
6.0403 3.064
5.65142 3.08246
6.72325 -1.45346
6.48286 -1.63509
6.86359 -1.32411
7.34985 -0.694945
7.69154 0.639896
7.42342 1.76065
7.48343 1.62276
6.46676 2.87785
7.13954 -1.01236
4.87649 2.0919
4.81045 -0.0631068
7.63934 1.10534
7.61292 1.2245
7.6426 1.08722
7.64631 1.06913
6.81249 2.61181
6.77254 2.64768
7.04794 2.36061
7.40711 1.79541
7.30595 1.98774
7.23266 2.10696
7.24812 2.08321
7.55614 1.4236
7.65649 1.01078
7.67149 0.906819
7.68321 0.790464
7.40689 -0.589419
7.40067 -0.601622
6.74213 2.67488
7.25783 2.06812
5.93061 -1.86911
5.45252 -1.71087
7.61056 -0.0585681
5.40462 -1.66257
6.1285 -1.81975
6.05273 -1.84334
5.03428 2.53892
7.43151 -0.539943
5.56766 -1.79935
7.03202 -1.14498
7.69153 0.641718
