4.73857 -1.1551
4.76218 -1.2417
5.09336 -2.15148
5.0861 -2.13907
5.03015 -2.02378
5.02276 -2.00587
4.96314 3.30537
4.96939 3.31294
5.092 3.43044
5.11158 3.44584
5.32705 3.55809
5.30656 3.5513
4.57787 -0.493226
4.56564 -0.433551
4.65666 -0.843649
4.65711 -0.845461
5.94804 3.54898
5.90476 3.55937
6.17579 3.46482
6.24402 3.43188
4.61494 2.52658
4.62463 2.56667
4.66592 2.71225
4.67111 2.72807
7.06642 2.81075
6.99006 2.88953
7.18261 2.68085
7.17517 2.68969
7.28565 2.55215
7.30402 2.52755
7.40337 -1.16085
7.44187 -1.10627
6.57141 -2.02112
6.624 -1.98079
6.92662 -1.713
6.98398 -1.65695
7.48258 2.26277
7.51612 2.20668
7.97576 0.575252
7.97592 0.569966
5.551 -2.51987
5.54834 -2.5197
4.8432 -1.51292
4.83595 -1.48846
7.80995 -0.389534
7.80212 -0.411038
4.85825 3.1595
4.83202 3.11396
5.01076 3.35818
5.01291 3.36028
5.48165 3.59308
5.49935 3.59641
5.78718 -2.48138
5.78461 -2.48232
4.92219 -1.74748
4.90288 -1.6937
6.78164 3.07817
6.76827 3.08965
6.51041 3.28122
6.56629 3.24267
4.47216 1.67646
4.47245 1.67922
4.60964 -0.640485
4.95139 -1.83158
4.96505 -1.86536
4.55205 2.23763
4.53609 2.14975
4.50842 1.97281
4.51228 1.99858
7.70421 -0.646038
7.7384 -0.569015
7.5823 -0.880311
7.61152 -0.828196
6.50875 3.28227
6.39966 3.34977
6.91867 2.95732
6.98731 2.89233
7.50429 -1.0112
7.48092 -1.04775
6.75643 -1.86854
6.81975 -1.81377
7.0822 -1.55457
7.01136 -1.62979
6.33567 -2.19282
6.41146 -2.142
6.28473 -2.22837
6.22887 -2.26227
4.4918 0.00816353
4.49114 0.0133406
4.71123 2.84626
4.72393 2.88115
7.69204 1.85993
7.67703 1.89372
7.96592 0.793882
7.96973 0.746081
4.78959 -1.33492
4.7637 -1.24689
7.84716 -0.280061
7.84325 -0.292342
5.18403 -2.30077
5.16243 -2.26943
6.13532 -2.32107
6.08863 -2.34657
5.25404 -2.38472
5.24136 -2.3707
5.29268 -2.42027
5.28207 -2.41184
4.43416 0.878578
4.43423 0.850045
4.43497 1.00511
4.43464 0.977044
4.4484 1.37737
4.44724 1.35845
4.4569 1.49759
4.45612 1.48676
4.55239 -0.36359
4.56124 -0.410935
4.45651 0.346125
4.45771 0.330847
4.44694 0.482521
4.44819 0.461304
4.47569 0.143573
4.47676 0.133809
6.00939 3.52965
5.83245 3.57728
6.08901 3.50027
6.28818 3.41093
7.95241 0.927529
7.93601 1.04267
7.91086 1.18115
7.91119 1.17967
7.2272 -1.39026
7.185 -1.44067
7.31852 -1.27587
7.29704 -1.30412
6.66607 -1.94526
6.52469 -2.05844
7.00681 -1.63426
6.91601 -1.72367
7.56162 2.12525
7.52424 2.19275
7.39858 2.39363
7.42327 2.35655
7.83473 1.47853
7.8589 1.3967
7.77818 1.64613
7.80229 1.57827
7.88082 1.31191
7.85942 1.39488
5.64134 -2.51451
5.63973 -2.51488
7.79189 -0.438174
6.84692 3.02207
6.8332 3.03436
6.62994 3.19692
6.62158 3.20326
6.51023 3.28134
4.48033 1.75295
4.47837 1.73543
4.46896 1.64271
4.65731 -0.846283
4.55693 2.26623
4.52743 2.09755
5.65783 3.59853
5.69996 3.59638
5.78149 3.58639
5.77421 3.5879
6.06247 3.51134
6.38347 3.35854
6.9878 2.89184
6.90658 2.96901
6.47247 -2.09614
6.84358 -1.79118
6.7223 -1.89902
7.10534 -1.53034
6.30915 -2.21141
4.79132 3.03739
4.81153 3.07688
6.01418 -2.38539
6.03824 -2.37386
5.92649 -2.42733
5.9374 -2.42307
4.69976 -1.00975
4.70639 -1.03483
4.46634 1.61275
4.46653 1.61506
4.50843 -0.105479
4.43722 0.69474
4.43635 0.7221
4.44232 0.567612
4.44117 0.59172
4.73826 2.91563
4.75881 2.96424
4.57866 2.37272
4.57133 2.33891
7.96085 0.851475
7.95739 0.885453
4.44009 1.20595
4.44096 1.23104
4.43633 1.07677
4.43692 1.10404
6.18748 -2.28965
5.38198 -2.47851
5.36457 -2.46926
7.87783 -0.174955
4.88272 3.19724
4.91305 3.24149
4.68534 -0.955095
4.6898 -0.971814
6.71705 3.13108
6.68706 3.15403
4.52189 -0.189845
4.52733 -0.223393
7.63118 1.99056
7.61514 2.02332
7.88018 -0.166667
7.89315 -0.116652
7.96913 0.365858
7.96621 0.323597
4.49764 1.89185
4.49478 1.87132
5.49202 -2.51319
5.42211 -2.49598
5.3442 -2.45784
7.93632 0.0871142
7.9335 0.0698846
4.52162 2.06222
5.00922 3.3565
4.7633 -1.24556
4.7312 -1.12761
5.50206 -2.51574
5.06894 -2.10526
5.12233 -2.20468
5.00523 -1.96662
5.05326 -2.07273
5.00007 3.3465
4.93016 3.26479
5.1931 3.49904
5.40317 3.5797
5.25938 3.53018
5.88139 -2.44686
5.88695 -2.44496
7.95475 0.212694
7.95261 0.194159
4.44399 1.29453
4.44436 1.31714
4.4343 0.941995
4.43419 0.913545
4.43535 0.786543
4.43412 0.815104
4.87538 -1.61293
4.87159 -1.60222
4.4524 1.43763
4.4514 1.4226
4.4513 0.414583
4.45256 0.396082
5.58129 3.60206
5.59823 3.60199
4.51682 2.03231
7.64638 -0.762549
7.66816 -0.719869
4.6003 2.46762
4.64521 2.64365
4.68122 2.75982
4.65267 2.66893
7.1442 2.72511
7.19697 2.66377
7.93389 1.05567
7.91124 1.17942
7.23516 2.61665
7.34949 2.46533
7.45478 -1.08714
7.36191 -1.219
7.2738 -1.33293
7.2417 -1.37319
7.5229 2.19508
7.47528 2.27472
7.80768 1.56221
7.83194 1.48765
7.97586 0.549581
7.97282 0.680731
5.5949 -2.51905
5.59421 -2.51916
5.51038 -2.51716
5.58486 -2.51933
4.8161 -1.42413
4.86376 -1.57902
7.90955 -0.0498569
7.90758 -0.0585276
5.20942 3.50826
5.20173 3.50428
5.52493 3.59852
5.80349 -2.47537
5.68565 -2.50755
7.9231 0.0174321
7.95707 0.232749
4.93491 -1.78479
4.97999 -1.90232
4.50328 1.93495
7.68722 -0.681684
7.75484 -0.530962
7.55179 -0.932888
7.35125 -1.23372
7.51478 -0.994583
7.97511 0.475483
4.79942 -1.36751
5.97072 -2.4068
5.98783 -2.39934
5.68499 -2.50774
4.43949 0.631011
4.43847 0.656915
4.70702 2.83373
4.73373 2.90529
4.43797 1.14122
4.43873 1.16754
4.53524 -0.269518
4.71421 -1.06437
5.15021 -2.24868
5.20849 -2.33287
5.22697 -2.35628
5.27806 -2.4077
4.43522 1.04054
4.46107 1.55091
4.46217 0.277391
4.44403 0.526522
4.48622 0.0534978
4.46418 0.255302
4.5804 2.38017
4.65121 2.66431
7.22049 2.63499
7.11546 2.75785
7.95465 0.909775
7.88398 1.29922
7.36835 2.43824
7.17865 -1.44789
7.59925 2.05395
7.56958 2.1106
7.44109 2.32889
7.85937 1.39507
7.77059 1.66687
6.7424 3.11062
4.48485 1.79425
4.47276 1.68249
6.05698 -2.36324
4.4906 0.0173761
4.43507 0.75854
4.7754 3.0012
4.69073 2.78718
4.56625 2.31341
7.72215 1.78972
7.74634 1.73027
7.66251 1.92529
4.78544 3.02421
7.13772 -1.49434
7.96272 0.834324
4.44219 1.27067
5.41102 -2.4915
5.61501 3.60116
4.99415 -1.93859
7.97451 0.457985
4.48874 1.82393
4.48662 1.80755
7.97107 0.720799
6.67578 3.16256
6.81929 3.04664
7.08871 2.78701
7.70644 1.82759
7.76218 1.68949
7.76935 -0.495828
6.61398 3.20897
5.71559 3.59555
7.90558 -0.0668565
5.75324 3.59113
