7.65856 -0.247806
7.66858 -0.216702
5.51263 3.23944
5.50943 3.23847
7.76693 0.225824
7.7727 0.271976
4.63738 1.12981
4.63492 1.07923
5.08051 -1.42419
5.06712 -1.39415
5.02327 -1.28315
4.99786 -1.21463
4.66629 1.53964
4.66755 1.55186
4.70798 1.85213
4.71145 1.87272
6.09985 -2.00604
6.06853 -2.01754
5.64401 -2.06552
5.61018 -2.05925
4.63792 0.615952
4.6402 0.559595
7.1016 -1.22921
7.12117 -1.20639
4.70374 -0.0606669
4.69464 -5.912e-05
6.66723 2.88631
6.74699 2.82351
6.49739 -1.78368
6.4041 -1.84644
6.83388 -1.50965
6.80526 -1.53714
7.37292 -0.856404
7.3329 -0.920344
7.43713 1.95774
7.40465 2.01833
7.68608 1.33023
7.70527 1.25746
7.72238 -0.018942
7.73038 0.0166083
7.58166 -0.455023
7.57889 -0.461829
5.31354 3.14815
5.27678 3.12239
5.14451 -1.56632
5.14581 -1.56883
4.64361 1.26253
4.64553 1.29523
5.90498 -2.06611
5.99326 -2.04447
5.80069 -2.08022
5.85944 -2.07278
4.8224 -0.635963
4.80312 -0.559379
4.63303 0.743207
4.63214 0.784065
4.9289 2.65214
4.91192 2.6157
6.20634 -1.95822
6.23666 -1.94203
4.75075 2.08069
4.76125 2.12822
7.46773 -0.693219
7.48839 -0.653104
6.14122 3.18894
6.17513 3.17461
6.41042 3.06049
6.42219 3.05417
5.90788 3.25201
5.95356 3.24369
6.58658 2.9482
6.82035 2.75922
6.75138 2.81998
6.60298 -1.70676
6.69803 -1.63049
6.55065 -1.7443
6.60067 -1.70847
7.27329 -1.00758
7.30647 -0.960101
7.78849 0.496349
7.7878 0.470583
4.77388 -0.431584
4.78359 -0.476539
5.23429 -1.72697
5.25367 -1.75563
6.96152 -1.3838
7.02441 -1.31913
4.77406 2.18405
4.78751 2.23672
6.9671 2.61633
6.95659 2.62767
7.78798 0.677901
7.78669 0.706041
7.69264 -0.135407
7.62835 -0.335217
6.00666 -2.03997
6.10315 -2.00494
5.5791 -2.04669
5.59804 -2.05494
5.70414 -2.07805
7.0309 -1.31194
7.03432 -1.30819
6.25446 3.14187
6.32732 3.10532
7.35957 2.09726
7.36869 2.08166
7.27592 2.22858
7.30649 2.18228
7.18797 2.35412
7.1943 2.34554
7.63444 1.49737
7.65565 1.43324
7.72636 1.16416
7.70832 1.24544
7.77693 0.84154
7.77576 0.855061
7.62047 -0.356452
6.58175 2.95176
6.55324 2.97116
6.52767 2.98824
4.65675 1.44386
4.65506 1.42354
6.0004 -2.04238
5.78964 -2.07971
5.89958 -2.06745
5.5193 -2.02081
4.86435 -0.797594
4.86032 -0.782681
5.47066 -1.98973
5.42409 -1.95423
5.43197 -1.96158
6.07216 3.21306
6.08686 3.20815
6.22196 3.15569
6.34953 3.09447
6.83356 2.7477
6.39394 -1.85242
6.38049 -1.86055
6.90791 -1.43902
4.6327 0.953523
4.63217 0.913312
4.64018 1.20317
4.6387 1.1673
4.92918 -1.01375
4.93479 -1.03192
4.94858 -1.07468
4.96557 -1.12367
5.27557 -1.7883
4.65332 0.364701
4.64903 0.423653
4.67834 0.119321
4.6748 0.146792
4.63452 0.693597
4.63614 0.653698
4.81632 2.33958
4.82376 2.36575
7.05507 2.51964
7.07865 2.4921
7.1701 -1.14622
7.18517 -1.12696
7.75968 0.977919
7.75246 1.02807
6.18692 -1.96649
4.63484 1.04031
4.67381 1.61007
4.67503 1.62097
4.66102 1.4877
4.64305 0.523284
4.98073 2.76153
4.9966 2.79092
7.49203 1.84776
7.52008 1.78798
5.76872 3.26776
5.81493 3.26531
6.87754 -1.46837
7.58118 1.64474
7.57296 1.66544
4.64744 1.32411
4.65002 1.35938
4.90585 -0.937223
4.88268 -0.860452
5.35844 -1.89167
5.36405 -1.89835
5.2123 -1.69024
5.20618 -1.67926
4.64426 0.48954
4.66036 0.28618
4.67115 0.179906
4.66713 0.21676
4.63303 1.00029
4.63183 0.8726
4.63171 0.825839
5.87293 3.25879
5.83612 3.26358
6.85078 2.73176
4.75204 -0.328021
4.76997 -0.413574
5.10808 2.95825
5.11955 2.97318
4.69287 1.75342
4.69144 1.74436
4.71833 -0.149478
4.74073 -0.27017
5.28222 -1.7984
5.29514 -1.8168
4.74359 2.04458
4.73457 2.00086
5.66515 3.26635
5.66951 3.26651
5.41256 3.20234
5.519 3.24072
5.18808 3.04701
5.16936 3.02724
7.78061 0.35518
7.75406 0.137409
5.047 -1.34617
5.10555 -1.48196
4.71747 1.90919
4.70122 1.80854
4.79491 2.26379
4.80653 2.30657
6.78978 -1.55065
6.85551 -1.48956
7.32431 -0.933413
7.40202 -0.809211
7.39903 2.02842
7.44843 1.93611
7.23244 2.29202
7.25202 2.26399
7.60553 1.58123
7.70793 1.24704
7.68325 1.34059
7.7477 0.101658
7.70237 -0.0994692
5.21578 3.07327
5.38199 3.1874
5.61369 3.26019
5.09551 2.94074
5.04677 2.87362
7.78423 0.403878
5.03126 -1.30502
5.147 -1.57098
5.19118 -1.65307
4.68193 1.67954
4.68111 1.67308
4.68213 1.681
4.72948 1.97342
4.87853 -0.846524
4.79705 -0.534387
4.84066 -0.707881
4.89491 2.57168
4.87558 2.52433
5.02581 2.84102
4.95189 2.7048
4.7632 2.13766
4.74751 2.06454
7.43548 -0.751761
7.52668 -0.576482
6.03044 3.22565
6.00301 3.23203
5.8853 3.25667
6.70367 -1.62594
6.60183 -1.70761
6.50317 -1.77984
7.25574 -1.03266
7.22121 -1.08049
7.42028 -0.777929
7.7897 0.578202
7.53697 1.74996
7.55933 1.69783
4.83882 2.41604
4.84143 2.42491
6.94969 2.6348
7.01905 2.56029
7.78895 0.631582
7.7833 0.76702
7.76791 0.918339
7.76515 0.941955
4.71278 -0.118404
4.71454 -0.128635
7.13816 2.41882
7.1025 2.46288
7.16138 -1.15729
7.73008 1.14701
7.75069 1.03797
7.47394 1.88533
7.3577 2.10041
7.31834 2.16372
7.16915 2.37917
7.66161 1.41368
7.62565 1.52352
7.77427 0.868033
6.47759 3.02087
6.46172 3.03037
4.85051 2.45318
6.89011 2.69391
4.66847 1.56221
5.82072 3.26504
5.74157 3.26782
6.2648 -1.92673
6.3059 -1.90537
5.36717 -1.90201
5.3173 -1.84319
5.22584 -1.71411
4.66457 0.241135
5.6628 3.26616
5.71685 3.2684
4.98538 -1.18092
4.65313 1.39996
7.04472 -1.29637
4.68121 0.0979278
7.61538 1.55358
4.66269 0.26236
4.86464 2.49322
6.36657 3.08571
4.93789 -1.04195
5.39767 -1.93118
7.56298 -0.497364
7.53304 -0.563212
6.52519 2.98988
4.84807 -0.737349
5.44189 -1.96999
