4.75874 -1.57254
4.7686 -1.60821
5.28155 -2.68734
5.24933 -2.6654
5.43297 -2.73088
5.46038 -2.7323
8.02569 0.175518
8.03213 0.22532
4.58312 -0.8976
4.59114 -0.930369
4.36561 1.35813
4.36522 1.35305
4.35383 0.925331
4.35404 0.977139
4.35429 0.850138
4.35408 0.838593
4.36915 1.4235
4.37042 1.44416
4.49044 -0.476126
4.50319 -0.538362
4.37127 0.39848
4.36709 0.462624
5.59245 3.73711
5.51151 3.7379
4.43297 2.06131
4.43545 2.08302
5.35786 3.71969
5.3772 3.72304
7.34302 -1.37324
7.3492 -1.36558
6.86211 -1.88951
6.84277 -1.90794
7.0243 -1.73239
7.0341 -1.72281
6.4088 -2.26468
6.43829 -2.24195
5.61097 -2.7096
5.60193 -2.71171
4.81147 -1.75116
4.7907 -1.68138
7.94741 -0.208077
7.96106 -0.15835
7.88907 -0.393691
7.8705 -0.446217
4.92439 3.47629
4.92673 3.47856
5.88912 -2.59745
5.8876 -2.5983
8.03995 0.308442
8.03594 0.258313
8.00475 0.0400854
7.99921 0.00837515
7.97617 -0.0982141
7.98 -0.0812846
6.83783 3.1443
6.84363 3.13935
6.62492 3.31371
6.62601 3.31296
4.41977 1.96334
4.41612 1.93405
4.4498 2.17414
4.45387 2.20101
7.68133 -0.860553
7.66479 -0.890965
7.79551 -0.627822
7.77586 -0.671699
6.04711 3.63513
5.96259 3.66505
6.41278 3.45445
6.37749 3.47432
6.18949 3.57421
6.08951 3.61811
7.12375 2.86952
7.09581 2.8998
7.01241 2.98392
7.01631 2.98022
7.42869 -1.25967
7.45588 -1.22272
7.55656 -1.07278
7.54482 -1.09114
6.68637 -2.04394
6.64761 -2.07738
8.04222 0.773277
8.04459 0.744434
6.03876 -2.51372
6.05917 -2.50102
4.70949 -1.39146
4.72331 -1.44182
4.72907 3.18823
4.72746 3.18496
5.43079 3.7317
5.49227 3.73676
4.62393 -1.06326
4.61762 -1.03777
4.35836 0.649026
4.36045 0.593033
4.76645 3.25753
4.7961 3.30624
4.55851 -0.793652
4.55688 -0.786473
4.35748 1.15806
4.35601 1.10414
6.23189 -2.39018
6.23511 -2.38808
4.66089 -1.20992
4.6593 -1.20367
5.36299 -2.72068
5.34259 -2.7139
5.21318 -2.63621
5.51638 -2.72818
5.47744 -2.73156
5.0067 -2.30725
5.00507 -2.30403
5.18574 -2.60827
5.18575 -2.60828
5.15946 -2.57876
5.14554 -2.55851
5.0904 -2.47693
5.10011 -2.4919
5.0695 -2.44008
5.04132 -2.38109
4.37743 1.54385
4.37325 1.48637
5.76452 3.71687
5.80087 3.70872
4.52435 -0.63922
4.47063 -0.371418
4.46723 -0.353242
4.373 0.375087
4.37637 0.332171
4.47245 2.31589
4.47281 2.31866
4.42192 -0.0744296
4.43294 -0.14822
4.38885 0.196908
4.40045 0.09061
6.30158 3.51787
6.24045 3.54843
7.70285 2.01507
7.69736 2.02652
7.79059 1.81967
7.78702 1.8283
4.54743 2.67114
4.53567 2.62212
4.50005 2.45509
4.49279 2.42042
4.5738 2.76967
4.56326 2.73114
7.21213 2.77033
7.23154 2.74759
8.01862 0.993018
8.01897 0.990526
7.9734 1.2412
7.96809 1.26486
7.44279 2.46779
7.39802 2.53207
7.31568 2.64316
7.26218 2.71035
6.77581 -1.96703
6.93899 -1.81763
7.10107 -1.65297
6.97743 -1.77952
7.53179 2.329
7.51219 2.36083
7.61158 2.19247
7.60917 2.19683
4.86504 -1.92463
4.85294 -1.88555
4.9133 -2.06619
4.89873 -2.02483
4.95498 -2.18116
4.94899 -2.1645
7.91428 1.47104
7.91929 1.45409
7.8604 1.63839
7.8611 1.63643
6.46757 -2.219
6.53577 -2.16763
6.37347 -2.28965
5.66292 -2.69452
5.65637 -2.69639
5.56897 -2.71918
5.56387 -2.72059
7.92719 -0.275596
7.94265 -0.22515
7.90817 -0.33718
7.8643 -0.462235
7.84454 -0.513065
4.86063 3.39976
4.82122 3.3459
6.67846 3.27332
6.68179 3.27074
6.73776 3.22752
6.78598 3.18777
6.88297 3.10462
6.8941 3.09456
6.52317 3.38464
5.84921 3.69779
5.91195 3.67934
4.42424 1.99768
4.47185 2.31263
6.07658 3.62391
6.50379 3.3968
6.45579 3.42738
6.21194 3.56293
7.07841 2.91754
6.99096 3.00466
6.59372 -2.12021
6.7456 -1.99433
6.94522 -1.81135
7.12836 -1.62452
8.04741 0.684351
8.03553 0.858944
6.56541 -2.14346
4.69527 3.11601
4.73015 3.1902
5.16446 3.65445
5.16582 3.65519
5.05433 3.58847
5.06161 3.59407
8.05007 0.482598
8.05081 0.503883
4.39048 1.69716
4.39476 1.743
4.37861 1.55828
4.38312 1.61468
4.58992 2.82332
4.59749 2.84949
4.64057 2.97886
4.6375 2.97125
7.24818 -1.48919
7.25015 -1.48693
4.55639 -0.784344
4.55667 -0.785549
6.13598 -2.45333
6.122 -2.46257
4.83606 -1.83143
4.82739 -1.8024
4.35634 0.723136
4.3558 0.733684
5.6782 3.72947
5.64582 3.73247
4.53384 -0.683399
4.67269 3.0604
4.66125 3.03325
4.68666 3.09513
5.34274 3.71593
5.28787 3.70228
7.17364 2.81434
7.20193 2.78239
8.0353 0.860885
7.19666 -1.5483
7.20459 -1.53936
7.15824 -1.59126
8.04932 0.632645
5.70086 -2.68083
5.72749 -2.67002
4.92139 3.47298
4.80678 3.3244
4.95136 3.50109
5.00763 3.55305
6.94375 3.04954
4.36003 1.23113
4.36008 1.2392
4.42923 2.03657
4.685 -1.30083
4.66633 -1.23146
4.78469 -1.66214
4.75562 -1.56103
5.89213 -2.59579
5.97318 -2.55138
8.03411 0.242465
8.01996 0.131114
4.36424 1.29463
4.36575 1.3629
4.35413 0.988657
4.35387 0.913639
4.35633 0.786636
4.354 0.861733
4.37306 1.48381
4.36909 1.42222
4.36688 0.466435
4.37134 0.397404
5.50694 3.73785
5.62042 3.73532
4.4038 0.0622173
4.41555 -0.0294539
7.74171 -0.743531
7.72199 -0.783293
7.74858 1.9172
7.74333 1.92894
4.53074 2.59911
4.51347 2.52174
7.9981 1.11917
7.99693 1.12556
7.37994 2.55761
7.33244 2.62132
7.50662 -1.14822
7.46932 -1.20321
7.38652 -1.31636
7.31383 -1.40983
7.57219 2.26141
7.56198 2.27889
7.88858 1.5546
7.89127 1.54633
5.80113 -2.63904
5.77026 -2.65381
5.61166 -2.70949
4.73379 -1.48223
5.21549 3.67688
5.17391 3.65874
5.23322 3.68345
6.01347 -2.52922
5.9893 -2.54294
8.04412 0.358313
7.99138 -0.028719
8.01165 0.0800682
7.97355 -0.109769
7.61443 -0.978874
7.82646 -0.556248
7.60473 -0.995264
7.58254 -1.03162
7.40313 -1.29485
8.05091 0.551063
6.08736 -2.48403
4.69098 -1.32261
5.10601 3.62245
5.1123 3.62656
5.41329 3.72913
4.61025 -1.0081
4.63335 -1.10081
4.38425 1.62753
4.38866 1.67884
4.36079 0.58539
4.35807 0.658223
4.61606 2.90908
4.62796 2.94472
7.29457 -1.43372
7.26778 -1.46594
4.3558 1.09359
4.35778 1.16763
4.63774 -1.11834
5.52146 -2.72743
4.99876 -2.28931
5.03584 -2.37083
5.18574 -2.60827
5.11193 -2.5129
5.07679 -2.45196
4.35471 1.04064
4.37795 1.55053
4.45183 -0.266136
4.48024 -0.423745
4.37655 0.329977
4.36341 0.527834
4.44282 -0.212778
4.38732 0.211788
7.65394 2.11324
7.82862 1.72483
7.82953 1.72244
7.6496 2.12169
4.56036 2.72094
4.4758 2.33519
4.57992 2.79033
7.25024 2.72515
8.01264 1.02998
8.03511 0.862868
7.94497 1.35953
7.45958 2.44263
7.29719 -1.43046
7.49034 2.39516
7.62578 2.16635
4.84378 -1.8585
4.87545 -1.95516
4.93119 -2.11915
4.97638 -2.23453
4.9792 -2.24246
7.84561 1.67882
7.93748 1.38772
5.65089 -2.69763
6.64488 3.29879
6.72994 3.23396
6.93368 3.05915
4.41165 1.90085
4.40491 1.84314
6.3369 -2.3169
6.28196 -2.35612
5.01341 3.55817
4.60211 -0.974726
4.39721 1.76709
4.35643 0.71295
4.61351 2.90046
4.35959 1.22278
6.14645 -2.44635
5.72576 3.72326
8.04637 0.390717
5.73575 3.72214
4.8865 -1.99042
5.74523 -2.66387
6.83215 3.14929
4.41195 1.90348
8.0505 0.594639
6.18462 -2.42168
5.12599 -2.53127
4.92344 -2.09463
6.34537 -2.31099
6.62693 3.31231
4.40131 1.80681
4.40393 1.83367
6.93885 3.05422
6.73377 3.23081
