6.37837 2.66231
6.33492 2.6836
5.54532 2.70329
5.53617 2.69756
7.47808 1.0327
7.48015 1.02233
5.03374 -0.228406
5.02421 -0.187439
5.09897 -0.482477
5.10193 -0.492235
5.03186 1.84188
5.00908 1.74675
6.66919 2.4648
6.73847 2.40452
4.91531 0.779456
4.91521 0.782228
5.36942 2.55698
5.35238 2.53821
6.06807 -1.528
6.14779 -1.50995
5.88046 -1.53236
5.86195 -1.52804
5.09042 2.04487
5.09392 2.05435
6.90885 -0.991735
6.90604 -0.994895
5.77992 2.78696
5.74655 2.78136
7.01214 2.10053
7.046 2.05444
6.16569 2.75254
6.1629 2.75355
7.19249 -0.603394
7.15957 -0.657732
7.51349 0.74325
7.5157 0.716003
5.16763 -0.696819
5.16176 -0.679874
5.31871 -1.04278
5.33884 -1.08117
5.23485 -0.866728
5.22154 -0.83403
5.41922 -1.20963
5.407 -1.19041
5.54752 -1.36114
5.51894 -1.33375
4.98438 1.62289
4.9985 1.69754
4.95052 1.39511
4.95849 1.45537
4.91931 0.649198
4.91931 0.649089
4.91643 0.907487
4.91647 0.911971
5.25305 2.40165
5.24569 2.38844
5.16269 2.22999
5.17016 2.24659
6.26144 -1.473
6.28292 -1.46323
5.69992 -1.47442
5.74103 -1.49257
6.73335 -1.16577
6.76086 -1.14151
7.24525 -0.508356
7.22518 -0.546341
7.33936 -0.308953
7.33265 -0.325129
7.43286 -0.0432701
7.43442 -0.0378424
7.48519 0.187464
7.48758 0.201198
4.93138 0.445971
4.93075 0.453364
4.96373 0.153855
4.97255 0.0942527
5.95307 2.7945
5.96924 2.79223
6.45787 -1.37293
6.36306 -1.42631
6.65693 -1.23163
6.58243 -1.2885
7.03735 -0.836111
7.04057 -0.83205
7.39039 1.37094
7.40218 1.33586
7.4594 1.12339
7.45598 1.14023
7.51381 0.436821
7.51167 0.403966
7.51729 0.550147
7.51852 0.598057
5.00893 -0.115756
5.00056 -0.0726705
7.42063 1.27651
7.41639 1.29178
6.74688 2.39711
6.81736 2.32802
6.95428 2.17567
6.94195 2.19058
6.40082 2.64947
6.44326 2.62533
7.3542 1.47683
7.36379 1.45042
4.92004 1.05284
4.91924 1.04074
4.91728 0.714273
4.91919 1.03918
6.54507 2.559
6.57329 2.53996
7.50232 0.872614
7.49723 0.914834
5.07087 -0.381957
5.06336 -0.352619
7.18445 1.83885
7.19357 1.82276
6.32421 2.68907
6.27901 2.70964
4.91923 1.03998
5.11414 -0.532117
5.12063 -0.553308
7.14046 1.91309
7.1409 1.91239
7.37394 -0.222113
7.3777 -0.212412
7.26514 -0.469469
7.28167 -0.436405
7.37403 1.42065
4.93763 1.27861
4.92922 1.17616
5.04563 -0.279857
5.0382 -0.248342
5.08611 -0.438717
4.94155 0.33639
4.94288 0.322772
4.92214 0.585544
4.92221 0.58387
7.25856 1.69656
7.27389 1.66525
6.38993 2.65595
4.91528 0.776735
7.20832 1.79531
7.22918 1.75588
7.33205 1.5327
5.44727 2.63319
5.60157 2.73069
7.51745 0.633823
7.51652 0.694902
7.4858 0.984527
7.47464 1.0527
5.02188 -0.176935
5.27511 -0.955676
5.29844 -1.00238
5.47961 -1.28746
5.42786 -1.2225
5.00602 1.73374
5.04751 1.89994
6.65977 2.47278
6.74583 2.39806
5.30808 2.4813
5.41952 2.60652
6.16408 -1.50645
6.01942 -1.53235
5.78923 -1.5118
5.89943 -1.53376
5.12525 2.13836
5.08554 2.03041
7.08416 -0.770638
7.10031 -0.748476
6.91162 -0.988483
6.83626 -1.06747
7.29593 -0.406573
7.31726 -0.360189
7.46262 0.0731555
7.46393 0.0788413
4.94804 0.27503
4.95257 0.23711
5.65246 2.75448
5.8494 2.79474
6.55679 -1.30766
6.47737 -1.36022
7.07982 2.00573
6.99523 2.12332
6.16225 2.75371
6.27021 2.71367
7.1343 -0.697387
7.21969 -0.556236
7.28279 1.64615
7.30786 1.58988
5.6447 2.75173
5.44004 2.62684
7.51099 0.785753
5.12959 -0.581603
5.15788 -0.668321
5.19814 -0.775819
5.36681 -1.1274
5.25205 -0.907449
5.61187 -1.41827
4.96607 1.50989
4.98042 1.59914
5.06064 1.94811
4.94142 1.31437
5.25981 2.41264
5.20586 2.31708
5.15711 2.21639
5.97349 -1.53701
6.2606 -1.47328
6.36011 -1.42795
5.62761 -1.42905
6.77605 -1.12766
6.97544 -0.912339
6.67994 -1.21217
7.25415 -0.491548
7.35567 -0.268892
7.39609 -0.161759
7.40017 -0.149943
7.50148 0.299925
4.99751 -0.0562574
4.98817 -0.00283091
4.92545 0.52238
4.92595 0.51458
4.93645 0.388076
4.98214 0.034222
6.05766 2.77935
5.93925 2.79506
7.50498 0.33024
6.50134 2.58888
6.51614 2.57901
7.04449 -0.826904
7.44937 1.16594
7.46493 1.10073
7.51666 0.501069
7.41534 1.29553
7.43742 1.21533
7.4686 1.08081
7.49227 0.948281
6.8348 2.31049
6.58796 2.52858
6.88524 2.25563
6.93553 2.19807
7.09465 1.98419
4.91948 0.645025
4.91931 0.648984
6.48746 2.59835
7.51012 0.795181
7.50872 0.810007
7.14258 1.90965
7.24588 1.72209
7.23397 1.74656
7.31986 1.56309
7.1779 1.85008
7.44163 1.19988
6.45304 2.61948
