6.05898 0.0654108
6.06869 0.0564017
6.35686 0.0442832
6.27954 0.011247
5.93623 0.227554
5.89748 0.306237
6.60331 0.841277
6.61943 0.775332
6.53633 1.03732
6.53206 1.04632
5.8994 1.06966
5.89306 1.05497
6.04156 1.25381
6.13168 1.30002
5.85514 0.921472
5.84144 0.851811
5.86516 0.42014
5.88648 0.334713
6.62745 0.69538
6.62684 0.722567
6.38715 1.23009
6.39088 1.22686
6.52388 1.06167
6.46613 1.13914
5.95936 1.1666
6.00928 1.23221
5.83681 0.780658
5.83141 0.729875
6.62528 0.738531
6.59434 0.880503
6.5277 0.221915
6.56766 0.304698
6.57465 0.940206
6.395 1.22234
5.90575 1.08068
6.2166 1.30039
5.84076 0.847124
5.83183 0.668106
5.83164 0.712527
5.84063 0.541079
5.83598 0.584631
6.62218 0.506252
6.62443 0.526011
6.25455 1.29914
6.27376 1.29159
6.49241 0.17191
6.48073 0.153185
6.62755 0.582757
6.57772 0.332365
6.59306 0.374401
6.16489 0.0105761
6.02854 0.0962839
6.39445 0.0659075
6.18401 0.00763056
5.89225 0.318869
5.97302 0.158373
5.9878 0.140703
6.17095 0.00804885
6.45408 0.124066
5.85451 0.465963
6.60105 0.403764
6.52744 0.221432
5.86455 0.961727
5.83215 0.647631
5.83394 0.605591
5.84256 0.523188
5.84096 0.848875
