7.65455 -0.244054
7.663 -0.217814
7.76247 0.229996
7.76747 0.270017
4.64284 1.13298
4.64008 1.07623
5.09124 -1.43086
5.07344 -1.39091
5.03222 -1.28872
5.00364 -1.21166
4.6721 1.54325
4.67299 1.55188
4.71338 1.84898
4.71739 1.87274
6.09252 -1.99931
6.00193 -2.03259
5.62792 -2.05075
5.61197 -2.0478
4.64305 0.618926
4.64558 0.556289
7.09686 -1.22632
7.11893 -1.20057
4.70289 -0.019685
4.69953 0.00270844
6.66522 2.88022
6.73982 2.82147
6.48254 -1.78549
6.40511 -1.83759
6.82885 -1.50658
6.80627 -1.52828
7.36939 -0.852246
7.32615 -0.921336
7.43382 1.95329
7.3991 2.01807
7.68096 1.33071
7.69207 1.2886
7.71819 -0.0150138
7.72506 0.0155472
7.57584 -0.456183
7.57502 -0.458207
5.3142 3.13737
5.28524 3.11708
5.51322 3.22968
5.52042 3.23157
5.1442 -1.54847
5.15285 -1.56521
4.64921 1.26601
4.65093 1.29526
5.89582 -2.0577
5.80236 -2.06954
4.86757 -0.787276
4.86711 -0.785714
4.82747 -0.633092
4.80997 -0.563584
4.63825 0.74623
4.63742 0.783979
4.93962 2.65792
4.91812 2.61181
6.20738 -1.94903
6.23071 -1.93657
4.75612 2.07734
4.76739 2.12828
7.46115 -0.69453
7.48725 -0.643872
6.14029 3.18154
6.16461 3.17126
6.40592 3.05526
6.42129 3.04701
5.89654 3.24601
5.94996 3.23627
6.58204 2.94405
6.81353 2.75729
6.74935 2.81383
6.60398 -1.69793
6.69234 -1.62702
6.54478 -1.74072
6.58757 -1.71007
7.26968 -1.00333
7.30992 -0.945753
7.78353 0.49449
7.78297 0.473615
4.77876 -0.42882
4.78489 -0.457186
5.24215 -1.72293
5.27492 -1.7714
6.95664 -1.38083
7.02696 -1.3085
4.77552 2.16375
4.79324 2.23315
7.783 0.676035
7.78109 0.717954
5.36914 -1.88943
5.37948 -1.89918
7.68854 -0.131562
7.62265 -0.336354
5.99925 -2.03317
6.10466 -1.99529
5.59732 -2.04188
5.60625 -2.04576
5.70586 -2.067
7.02879 -1.30647
7.02976 -1.30541
7.16197 -1.14802
7.16344 -1.14618
6.25355 3.13457
6.31784 3.1023
7.35614 2.09264
7.37782 2.05555
7.27259 2.22411
7.3004 2.18198
7.18475 2.34979
7.1881 2.34524
7.62911 1.49787
7.65175 1.42938
7.72109 1.16466
7.70409 1.24124
7.77353 0.822947
7.7709 0.853237
7.61656 -0.352787
6.57908 2.94607
6.52343 2.98325
4.6619 1.44086
4.66046 1.42356
5.90118 -2.05721
5.7773 -2.06839
5.52116 -2.00891
5.48201 -1.98389
5.44091 -1.95513
5.4422 -1.95633
6.21711 3.15005
6.3449 3.08909
6.83154 2.74158
6.38703 -1.84821
6.36313 -1.86267
6.90894 -1.42995
4.63796 0.950457
4.63747 0.913306
4.64541 1.20012
4.64405 1.1673
4.93682 -1.01851
4.94012 -1.02918
4.94822 -1.05431
4.97127 -1.12074
5.28664 -1.78889
4.65834 0.367612
4.65451 0.42029
4.68321 0.122081
4.68048 0.143303
4.63993 0.690277
4.64141 0.653612
4.82457 2.34471
4.83049 2.36556
6.94325 2.63316
6.95052 2.62595
7.06007 2.50558
7.07299 2.49049
7.75415 0.981395
7.74769 1.02628
6.18041 -1.96052
4.64001 1.0403
4.67972 1.61374
4.6802 1.61796
4.66647 1.48772
4.64818 0.5232
4.98178 2.74692
5.00328 2.78673
7.48624 1.84831
7.51669 1.78341
5.76926 3.25898
5.81078 3.25679
6.87241 -1.46525
7.57911 1.63632
7.56734 1.66597
6.58059 2.94507
4.65264 1.32108
4.65545 1.35941
4.91115 -0.934294
4.89045 -0.865697
5.21955 -1.68652
5.21579 -1.67977
4.64928 0.492451
4.66595 0.282747
4.67612 0.182791
4.6728 0.213277
4.63834 1.00337
4.63717 0.875691
4.63703 0.822575
5.87344 3.25049
5.84911 3.25365
6.08375 3.20138
6.08234 3.20179
6.85502 2.71985
4.75697 -0.325232
4.77629 -0.417456
5.11863 2.95839
5.12032 2.96059
4.69937 1.75746
4.69731 1.74439
4.72711 -0.167079
4.74695 -0.273987
5.2902 -1.7943
5.29712 -1.80415
4.75048 2.04886
4.74059 2.00092
5.66571 3.25716
5.66155 3.25661
5.41318 3.19228
5.49222 3.22176
5.19584 3.04214
5.18189 3.02741
7.77599 0.35951
7.74871 0.1354
5.04666 -1.32708
5.11196 -1.47867
4.72288 1.90603
4.70712 1.80856
4.80299 2.26882
4.81319 2.30639
6.7844 -1.54737
6.84592 -1.49073
7.32087 -0.929363
7.39532 -0.810196
7.39578 2.02404
7.44293 1.93584
7.22917 2.28762
7.24588 2.26369
7.60003 1.58175
7.70254 1.24754
7.67933 1.33671
7.74342 0.10567
7.69693 -0.100555
5.21648 3.06171
5.39128 3.18157
5.61426 3.25087
5.11678 2.95581
5.05387 2.86916
7.77914 0.401969
5.03708 -1.30203
5.1608 -1.57956
5.19837 -1.64937
4.68735 1.67638
4.68255 1.63813
4.68859 1.685
4.73627 1.97764
4.86552 -0.780199
4.88481 -0.846751
4.80218 -0.531484
4.84753 -0.712097
4.90465 2.57694
4.88163 2.52053
5.02681 2.82709
4.95832 2.70076
4.76862 2.13428
4.75357 2.0646
7.43441 -0.743084
7.52029 -0.577757
6.03095 3.21731
5.99221 3.22631
5.88161 3.24909
6.70467 -1.61707
6.5958 -1.70394
6.50416 -1.77113
7.2484 -1.03374
7.21766 -1.07631
7.41665 -0.773653
7.78482 0.58127
7.53131 1.7505
7.55552 1.69406
4.84717 2.42124
4.84819 2.42472
6.95419 2.62214
7.0131 2.5586
7.78446 0.607037
7.77846 0.765204
7.76258 0.921688
7.76042 0.94018
4.71789 -0.115508
4.72082 -0.132487
7.13353 2.41584
7.08605 2.47449
7.16431 -1.1451
7.72582 1.14279
7.74495 1.04158
7.47058 1.88082
7.35168 2.10012
7.31496 2.15918
7.17478 2.36305
7.65639 1.41417
7.62177 1.51968
7.76756 0.882295
6.47669 3.01373
6.45334 3.02771
4.85176 2.43582
6.88382 2.69213
4.67364 1.5592
5.82125 3.2563
5.73731 3.25906
6.25236 -1.9248
6.30691 -1.89645
5.3305 -1.8439
5.22787 -1.70118
4.66956 0.244032
6.09026 3.19922
5.67376 3.25779
5.71739 3.25952
4.98961 -1.17374
4.65882 1.40349
7.0327 -1.30207
4.68543 0.105554
7.6132 1.54476
4.66795 0.262275
4.87375 2.49814
6.36566 3.07842
4.94194 -1.03507
5.40761 -1.92607
7.57029 -0.468773
7.52905 -0.559477
6.51693 2.98754
4.85316 -0.734471
5.44382 -1.9577
