7.52385 -0.410306
7.49754 -0.471806
5.32261 2.99943
5.39531 3.04801
4.72265 1.34292
4.724 1.35973
4.7799 1.81027
4.78173 1.82111
5.78212 -1.9355
5.82301 -1.93752
4.81938 -0.289898
4.80204 -0.201542
4.73289 0.280744
4.73485 0.261186
4.70256 0.782918
4.70254 0.7835
6.64046 2.80516
6.65155 2.79643
7.71936 0.470416
7.72094 0.512608
7.7086 0.846799
7.71034 0.83052
7.60278 -0.195585
7.59074 -0.232232
5.52068 3.10731
5.5376 3.11177
5.17795 2.85701
5.21343 2.90007
7.70525 0.28357
7.70068 0.24496
5.24252 -1.52495
5.23967 -1.52058
5.1403 -1.32604
5.15194 -1.35055
4.74684 1.57918
4.75153 1.61638
4.79306 1.88139
4.81279 1.97887
6.02126 -1.90899
5.99956 -1.914
5.65014 -1.91052
5.63424 -1.90546
4.89085 -0.597399
4.8963 -0.617735
4.96015 -0.84285
4.94431 -0.788509
5.34127 -1.67199
5.32168 -1.64716
5.001 -0.968471
5.00884 -0.991531
5.08829 2.73339
5.13049 2.79811
6.12604 3.08616
6.16819 3.07165
6.02837 3.11664
5.93224 3.1362
5.70553 3.14493
5.75816 3.14859
6.62809 2.81465
6.72955 2.73346
6.72434 2.73805
6.61634 -1.58911
6.6223 -1.58433
6.4176 -1.72759
6.41465 -1.72928
6.81892 -1.41683
6.80851 -1.4263
7.32478 -0.799681
7.35824 -0.744523
7.22524 -0.950966
7.23677 -0.934475
7.49589 1.67269
7.47108 1.73049
4.86151 2.18032
4.86378 2.18918
7.52987 1.58835
7.5408 1.55955
4.70289 0.913792
4.70385 1.03911
5.0974 -1.22382
5.07683 -1.17404
4.77465 -0.040046
4.76275 0.0384988
4.7215 0.404227
4.71289 0.514945
7.47943 -0.513023
7.54766 -0.351316
6.8964 2.5793
6.87669 2.5987
7.07401 2.38215
7.01267 2.45405
7.13151 -1.07738
7.13517 -1.07283
6.99988 -1.23146
7.03738 -1.19007
7.39117 1.8959
7.4146 1.85015
7.31386 2.03575
7.32625 2.01456
7.21971 2.18498
7.22853 2.17222
7.07865 2.37633
7.12895 2.31124
7.61359 1.33705
7.60133 1.37951
7.65608 1.17077
7.6519 1.18963
7.69591 0.950367
7.68818 1.00395
7.56523 -0.304734
7.62699 -0.114509
7.45437 -0.564261
7.43994 -0.593787
6.47784 2.91735
6.4712 2.92178
4.71088 1.17279
4.71034 1.16233
5.56211 -1.8709
5.54408 -1.86239
5.53866 -1.85871
4.72369 0.377799
4.72249 0.391689
4.70685 0.649173
4.70674 0.652549
4.70288 0.912643
4.95758 2.47287
4.95174 2.45827
4.90673 2.32963
4.92309 2.38034
6.41014 2.95797
6.41325 2.95612
6.77369 2.69496
5.04089 -1.08324
5.0414 -1.08469
4.70392 1.04023
4.70393 1.0414
4.7179 1.2831
5.72735 -1.92962
4.84371 -0.400886
4.82634 -0.322709
5.46744 -1.8067
5.45829 -1.79805
4.73948 0.219518
4.74206 0.195918
4.71209 0.528858
4.71244 0.522154
4.70665 0.655795
4.70255 0.782327
6.96751 -1.26747
7.40089 -0.667545
7.37767 -0.711185
6.55471 2.86665
4.96248 2.48395
6.09 3.09895
6.03957 3.11387
6.30249 3.01422
6.29183 3.01919
7.64918 -0.0300985
7.6648 0.0349607
4.74 1.51966
4.73636 1.48804
4.77942 1.80717
4.76958 1.74472
6.09756 -1.88448
6.04311 -1.90257
5.8904 -1.93327
5.85871 -1.93615
4.892 2.28567
4.8683 2.20574
6.18443 -1.84965
6.22033 -1.83497
5.67267 3.14292
5.6568 3.14085
7.55227 1.52741
7.57227 1.47073
7.63617 -0.0825376
4.97773 -0.897532
4.96295 -0.851648
5.53325 -1.85472
5.39318 -1.73575
5.35372 -1.68714
5.03833 -1.07598
7.68056 0.117159
7.67431 0.0821314
5.42107 3.06283
5.29688 2.97874
5.1613 -1.369
5.19459 -1.4362
4.72761 1.40262
4.71884 1.29557
4.79013 1.86689
4.77969 1.8089
4.91858 -0.698122
4.93983 -0.77307
6.98484 2.4857
6.94614 2.52731
6.30337 -1.79295
6.28763 -1.80106
7.17851 -1.01541
7.20344 -0.982108
6.24914 3.0392
6.2042 3.0572
6.7181 -1.50695
6.71894 -1.50622
7.27545 -0.875838
7.31029 -0.822693
7.35322 1.96677
7.37203 1.93244
7.15228 2.27971
7.17964 2.24231
7.63619 1.25379
7.62799 1.28593
7.72125 0.561997
7.71639 0.406649
7.68771 0.157819
5.22555 2.91308
5.51378 3.10471
5.62137 3.13427
5.14211 2.81379
7.71424 0.377625
5.2373 -1.51663
5.29113 -1.60169
5.11319 -1.26291
4.73222 1.44907
4.75418 1.63748
4.7436 1.55221
4.76806 1.73435
4.82487 2.03266
4.88042 -0.558043
4.96231 -0.849558
4.86531 -0.495745
5.42443 -1.76576
5.39975 -1.74226
4.74642 0.158498
4.7542 0.0980267
5.03857 2.64925
5.02603 2.62362
5.03947 2.65104
5.03899 2.65015
6.31956 -1.78506
4.83807 2.09099
4.8321 2.0654
7.4206 -0.63126
6.39491 2.96636
6.35193 2.98944
6.10455 3.09414
5.84224 3.14695
6.03722 3.11458
5.83254 3.14819
5.81582 3.1492
5.68115 3.14359
6.71708 -1.50785
6.52161 -1.65871
6.44981 -1.70648
6.51649 -1.66253
6.72658 -1.49944
6.89451 -1.34296
7.37197 -0.721004
7.72143 0.62111
7.45887 1.75731
7.50702 1.64609
4.85888 -0.468144
7.16811 -1.02978
6.92885 -1.30848
7.71725 0.742241
7.71855 0.715337
5.04246 -1.08762
4.78088 -0.0798499
4.79811 -0.179921
6.80862 2.66408
6.80416 2.66808
7.07652 2.37905
7.14136 -1.06505
7.09059 -1.12705
7.67338 1.09093
7.67432 1.08598
7.42787 1.82335
7.27763 2.09656
7.27344 2.1033
7.25604 2.13054
7.58861 1.42054
7.67588 1.07721
7.7005 0.917702
7.71462 0.776954
6.46563 2.92546
6.80076 2.67112
5.92108 -1.93003
5.94506 -1.9259
5.82782 3.14864
5.39685 -1.73948
5.31175 -1.63223
6.12209 -1.87619
5.04166 -1.08544
4.99628 2.56277
7.70503 0.87967
7.06237 -1.16102
7.04576 -1.1806
7.72112 0.65282
