5.32847 -2.1655
5.32541 -2.16283
6.14162 -2.16436
6.18786 -2.13919
5.63837 -2.30324
5.71892 -2.30262
4.9922 -1.58014
5.01415 -1.6365
4.74606 -0.7951
4.72521 -0.710113
5.11694 -1.86464
5.08721 -1.80257
4.62034 2.03251
4.61486 1.99963
7.59532 -0.667763
7.55006 -0.755779
6.38437 3.2278
6.36843 3.23608
7.56814 1.92193
7.60809 1.83684
7.83831 1.10759
7.83904 1.10362
7.34169 2.31708
7.31841 2.35151
7.7419 1.48726
7.73429 1.51102
7.88885 0.625783
7.88889 0.624669
7.74011 -0.32415
7.70113 -0.431187
7.78696 -0.174093
7.80737 -0.0985045
5.78406 -2.29389
5.81253 -2.28868
5.58141 -2.29726
5.6305 -2.30299
5.51327 3.43261
5.50096 3.43071
5.30045 3.36274
5.30661 3.36573
5.1044 3.22162
5.11005 3.22701
4.91505 2.97077
4.93715 3.00792
7.85633 0.142134
7.83888 0.0416491
7.88399 0.400561
7.87732 0.311223
4.9558 -1.48671
4.94534 -1.45675
4.56386 1.62309
4.5698 1.67967
4.5462 1.42304
4.54393 1.39791
4.57788 1.74777
4.58596 1.80801
4.77254 -0.896037
4.75881 -0.845835
5.25358 -2.08245
5.26467 -2.0956
5.16717 -1.9536
5.13921 -1.90388
4.90317 2.94879
4.87019 2.88579
6.01767 3.38902
5.93094 3.41251
6.15983 3.33746
6.06228 3.37409
5.67872 3.44525
5.6542 3.44575
6.8638 2.87614
6.87317 2.86773
6.9909 -1.51407
6.97652 -1.52871
7.44335 -0.939397
7.46752 -0.900556
6.42462 -1.99199
6.3953 -2.01309
6.66571 -1.81264
6.59632 -1.86758
6.88434 -1.62013
6.79286 -1.70378
6.00073 -2.22831
6.0366 -2.21382
4.5264 0.913436
4.5259 0.888682
4.53091 1.13977
4.53184 1.16743
4.54307 0.430883
4.54835 0.354972
4.59397 -0.0545847
4.57885 0.0629994
4.53201 0.626044
4.53069 0.655414
4.69616 2.38974
4.69079 2.36953
7.23299 -1.23795
7.21415 -1.26137
7.86829 0.909652
7.87077 0.890703
4.63305 -0.279465
4.61764 -0.194628
4.82814 -1.09188
4.81841 -1.05789
7.77571 -0.213171
7.74424 -0.312096
6.2684 -2.09375
6.08704 -2.19089
7.07427 -1.42444
7.10545 -1.39024
5.81466 3.4353
5.85765 3.4267
6.47842 3.17115
6.2726 3.28659
4.74632 2.56988
4.72652 2.50316
4.77194 2.64617
4.75829 2.60627
4.82262 2.78073
4.82363 2.7834
7.14822 2.57664
7.17514 2.54417
7.07151 2.6655
7.07527 2.66135
7.25082 2.4466
7.19267 2.5222
6.52857 -1.91797
6.49639 -1.9427
6.8931 -1.6117
6.88951 -1.61527
7.50384 2.0475
7.51653 2.02371
7.42565 2.18617
7.42457 2.18795
7.79075 1.32039
7.7894 1.32562
7.70091 -0.431759
6.73101 2.98918
6.7164 3.00138
6.4962 3.16019
6.4975 3.15934
4.56314 1.61551
4.57691 1.74066
4.57297 1.70809
4.55268 1.50443
4.55122 1.48719
4.77951 -0.921277
4.64645 2.17146
4.65312 2.20627
5.77535 3.43993
5.9065 3.41747
6.04605 3.38032
6.22459 3.30802
6.49514 3.16091
5.70609 3.44491
6.87994 2.86123
6.96675 -1.5386
7.0579 -1.44255
6.3138 -2.06465
6.71995 -1.76664
6.69522 -1.78826
6.91203 -1.59309
6.2879 -2.08182
5.32327 -2.16049
5.31209 -2.14874
5.91407 -2.26117
5.93567 -2.25359
4.52741 1.0148
4.52712 0.976936
4.52589 0.874686
4.52585 0.825209
4.53509 1.26102
4.5327 1.20223
4.52984 1.10393
4.87733 -1.25446
4.89493 -1.30877
4.53881 0.491348
4.54104 0.459793
4.55048 0.329337
4.5943 -0.0568669
4.52712 0.746856
4.52887 0.693228
4.53364 0.590215
7.63269 1.78007
7.65014 1.73932
7.01254 2.72865
7.03256 2.70813
7.17323 -1.31146
7.12409 -1.3689
7.29064 -1.1623
7.2427 -1.22568
7.78124 -0.194225
5.45316 -2.25342
5.39999 -2.2237
5.88516 -2.26979
5.85665 -2.27692
4.52857 1.04043
4.52862 1.06677
6.70223 3.01283
6.61843 3.07545
6.54715 3.12577
6.5588 3.11763
4.65274 -0.384238
4.6434 -0.335896
4.5376 0.525
4.53514 0.556372
4.6308 2.09072
4.63775 2.12695
4.59457 -0.0585612
4.59634 -0.0694735
4.66276 2.251
6.91371 2.82766
7.65695 1.72231
7.68344 1.65504
7.63212 -0.589861
7.61534 -0.626814
5.5541 -2.29227
5.53062 -2.28592
4.97874 3.07123
4.9989 3.1002
4.58761 1.81957
4.59498 1.87218
7.31884 -1.12436
7.88021 0.793345
7.88156 0.775515
4.56231 1.60659
4.55714 1.55135
4.67891 -0.511969
4.67195 -0.478881
4.5389 1.32903
4.53864 1.32485
4.57734 1.74384
5.2896 -2.12504
5.29323 -2.12896
4.55251 0.306264
4.55641 0.26409
4.85422 -1.18139
4.85328 -1.17815
5.75071 -2.29808
5.63306 -2.30333
5.40027 3.40398
5.43703 3.41493
5.03346 3.14404
5.00867 3.11344
7.87302 0.268673
7.86183 0.177837
5.04916 -1.72101
4.97884 -1.54709
5.05268 -1.72973
5.12507 -1.87917
4.61036 1.974
4.62608 2.06329
7.53412 -0.784948
7.60589 -0.646494
7.56197 1.93475
7.61387 1.82387
4.67608 2.31028
4.67079 2.28802
4.78867 2.69284
4.77891 2.66534
7.10998 2.62143
7.13458 2.59307
7.83257 1.13539
7.85897 0.981575
7.39471 -1.01637
7.3885 -1.02558
7.46535 2.11765
7.43073 2.17759
7.29818 2.38047
7.37302 2.26981
7.7138 1.57105
7.76299 1.41945
7.81103 1.23734
7.79908 1.287
7.88393 0.7366
7.88889 0.62435
7.83458 0.0203236
7.81241 -0.0775151
5.17721 3.28288
5.19913 3.3012
5.20203 3.30335
5.22897 3.31954
5.58977 3.4419
7.88639 0.442203
4.94063 -1.44263
4.91413 -1.36523
5.05083 -1.72521
4.69672 -0.591191
4.70446 -0.624298
5.48051 -2.2688
5.18384 -1.98264
4.60442 1.93598
7.49087 -0.861111
7.39775 -1.01178
7.88889 0.515858
6.0462 -2.20918
5.98615 -2.23483
5.21356 -2.02581
4.67745 2.31563
4.70619 2.42876
7.87452 0.851328
7.86339 0.949732
4.61411 -0.174264
4.80226 -1.00222
4.85695 -1.19045
4.71612 2.46462
4.75574 2.59916
7.18605 2.53062
7.0649 2.67297
7.86081 0.968761
7.81297 1.22898
7.26072 2.43307
7.54113 1.97573
7.472 2.1059
7.3842 2.25235
7.76754 1.40371
7.70345 1.60047
4.54295 1.38493
5.48722 -2.27125
4.90908 2.96001
5.60251 3.44343
5.60536 3.44353
5.95417 -2.24619
4.79279 -0.968393
4.5258 0.811136
4.5352 1.26427
4.53246 1.196
4.90024 -1.32538
4.56764 0.156522
4.56096 0.216711
4.52664 0.759859
4.52923 0.683034
4.82629 2.78988
7.18124 -1.30195
7.87955 0.803123
6.59908 3.09006
7.69166 1.63322
7.64978 -0.551921
4.9671 3.05464
4.59794 1.89174
5.23026 -2.04921
5.83463 -2.28336
7.34354 -1.09035
4.94818 3.0243
4.53705 1.29473
4.57003 1.68208
4.54958 1.46717
4.55809 0.244453
4.52629 0.785787
7.69943 -0.435298
4.52672 0.938669
4.57635 0.0817495
6.6083 3.08314
4.86436 2.8739
4.85943 2.86306
7.65719 -0.535135
