7.5389 0.0336523
7.54363 0.0535127
7.51256 1.2541
7.50697 1.27616
5.40563 -1.41551
5.41586 -1.43002
5.67484 -1.64591
5.71732 -1.66306
5.14174 -0.918141
5.15091 -0.942314
4.83222 0.780808
4.83033 0.834363
5.1474 2.46794
5.15344 2.47907
7.16512 -0.810803
7.13619 -0.853601
6.98541 -1.04624
6.98993 -1.04116
5.92481 2.936
5.94454 2.93442
7.21064 1.96562
7.2143 1.95975
6.35795 2.79965
6.3363 2.81157
7.55969 0.133364
7.57209 0.206008
7.51437 -0.062445
7.50359 -0.102723
7.42873 -0.318899
7.45106 -0.260098
7.34595 -0.502049
7.33591 -0.522972
7.38038 1.63374
7.36088 1.67767
7.44811 1.46013
7.43037 1.50856
5.53521 2.86914
5.62319 2.90502
5.33912 2.72863
5.40053 2.78267
5.32721 -1.30263
5.30831 -1.27018
4.83786 1.12013
4.84297 1.2103
4.85955 1.39663
4.86507 1.44777
5.86106 -1.69432
5.80782 -1.68584
5.00711 -0.503588
5.01996 -0.549663
5.07373 -0.728482
5.07781 -0.740236
5.51022 -1.53322
5.54892 -1.56525
5.21869 -1.09801
5.20355 -1.06388
4.94313 1.8992
4.96409 1.98356
4.8977 1.6789
4.8986 1.68368
4.88184 0.106911
4.87541 0.154095
4.84975 0.389618
4.84743 0.412181
4.83241 0.702567
4.8339 0.650479
4.83056 0.857709
4.83169 0.964043
5.25232 2.63046
5.2684 2.64913
6.2448 -1.61951
6.25941 -1.6124
6.05067 -1.68123
6.03144 -1.68359
4.99879 2.10407
4.98185 2.04935
6.84753 -1.19433
6.86143 -1.18068
6.15471 2.8878
6.15151 2.88867
5.73738 2.93178
5.67534 2.91799
6.6403 -1.37814
6.67819 -1.34687
6.44149 -1.51718
6.47563 -1.49492
7.59614 0.424193
7.59285 0.375489
7.60165 0.608002
7.60182 0.58748
6.63878 2.61947
6.629 2.62696
7.58271 0.89118
7.57791 0.931921
4.96252 -0.325749
4.98595 -0.426323
4.91841 -0.118034
4.92083 -0.130461
7.07939 -0.928113
7.11778 -0.879111
7.19956 -0.759192
7.23172 -0.708588
7.25684 1.88556
7.25293 1.89275
7.56082 1.03575
7.55347 1.07985
6.73642 2.53836
6.75587 2.52073
6.91222 2.36574
6.89854 2.3804
7.15116 2.0579
7.12091 2.10277
7.01265 2.24847
7.01928 2.24048
7.4911 -0.14162
7.47715 -0.185614
7.4063 -0.372414
7.42608 -0.325398
7.36261 -0.468177
7.31095 -0.571754
7.31528 -0.563412
7.41539 1.54828
7.46089 1.42386
4.83584 1.08928
4.84647 1.25699
4.83201 0.715661
4.83222 0.988762
6.55497 2.68159
6.56321 2.67616
7.54289 1.12647
7.55184 1.08801
7.59438 0.777735
7.59064 0.821827
4.95143 -0.277071
4.98648 -0.428555
7.39734 1.59318
7.47935 1.37026
7.4723 1.39131
4.83514 1.04007
5.72042 -1.66422
5.73093 -1.66746
5.06109 2.28281
5.06443 2.29165
6.42293 2.76514
6.44416 2.75242
4.84972 1.29617
4.8316 0.728229
4.98764 -0.433147
4.84253 0.474389
4.84071 0.501696
7.55131 0.0913717
7.53431 0.012816
5.43647 2.81033
5.50093 2.8507
5.42327 -1.43968
5.35954 -1.35141
4.8527 1.32981
4.93975 -0.222287
4.94453 -0.24495
5.06784 -0.710949
5.04306 -0.629386
5.17914 -1.00867
5.1354 -0.900975
4.9191 1.7899
4.92825 1.83186
6.51058 2.71104
6.54647 2.68744
6.82939 2.45198
6.84985 2.43101
5.19738 2.55076
5.14176 2.45654
6.15231 -1.65431
6.14705 -1.65641
7.12308 -0.871595
7.17627 -0.794777
6.99426 -1.03607
6.92011 -1.11859
6.16063 2.88565
6.26086 2.84693
5.96545 2.93086
5.84059 2.9392
6.54035 -1.45243
6.58031 -1.42297
7.03304 2.22306
7.07128 2.17239
7.60007 0.516539
7.59906 0.480398
6.3018 2.82756
6.39072 2.78286
7.27997 -0.628314
7.28504 -0.619514
7.57989 0.258757
7.34309 1.71655
5.6351 2.90904
5.31604 2.70466
7.5885 0.330456
5.48149 -1.50385
5.29145 -1.23906
4.87661 1.53873
4.87998 1.56426
4.87841 1.55283
4.89496 1.66248
5.89003 -1.69402
5.76662 -1.67859
5.58599 -1.5945
5.64429 -1.62889
5.02899 -0.581332
5.00299 -0.488652
5.10794 -0.82563
5.26197 -1.18529
5.2363 -1.1363
4.96982 2.00679
4.89614 0.0108472
4.86618 0.227921
5.24484 2.62083
5.10426 2.38084
5.06519 2.29351
6.34367 -1.57272
5.95562 -1.69433
6.12125 -1.6633
5.00966 2.13677
6.82662 -1.21429
7.03588 -0.985112
7.2953 -0.60103
6.27872 2.83891
6.04932 2.91617
5.7574 2.93406
6.7414 -1.29368
6.36275 -1.56188
6.77025 -1.26722
7.60046 0.697146
6.59695 2.65058
6.6495 2.61147
4.91218 -0.0845954
6.47751 2.73271
7.05475 -0.960678
4.89987 -0.0124854
7.53188 1.17889
7.53581 1.16173
7.49634 1.31322
7.5526 1.08391
7.56644 1.00647
6.82392 2.45742
6.67854 2.58703
6.96402 2.30646
7.08596 2.15194
7.16853 2.03186
7.6001 0.702981
7.60042 0.698412
7.46784 -0.213566
7.42806 -0.32063
7.40299 -0.38018
4.85285 0.350281
4.8582 0.295184
4.84565 0.433405
4.83541 0.600349
4.83681 0.569354
7.58716 0.85562
7.57502 0.952759
7.28829 1.8272
7.30895 1.78738
4.86253 0.259108
5.02959 2.19934
7.32857 1.74739
7.51726 1.23683
5.66158 -1.63912
4.85888 0.288731
7.21665 1.95578
4.85155 0.364523
4.83416 0.636238
7.31915 1.7673
7.26238 1.8757
7.22947 1.93382
7.38382 -0.423519
7.37577 -0.440855
4.8398 0.520082
4.83857 0.537135
