6.23345 -2.39145
6.23292 -2.39183
4.75727 -1.57357
4.76872 -1.61498
5.27893 -2.6909
5.24986 -2.67111
5.43336 -2.73517
5.45737 -2.73641
8.02711 0.17605
8.03379 0.227713
4.58177 -0.898551
4.58928 -0.929229
4.36421 1.35813
4.36375 1.3522
4.35242 0.926153
4.35262 0.97714
4.3529 0.85014
4.35268 0.837779
4.36777 1.4243
4.36985 1.4581
4.48907 -0.476902
4.5006 -0.533157
4.3698 0.399383
4.36568 0.462647
5.59112 3.73956
5.51191 3.74033
4.43144 2.0613
4.43402 2.08391
5.35654 3.72209
5.38066 3.72626
7.34509 -1.37293
7.35014 -1.36668
6.86387 -1.88986
6.84318 -1.90959
7.02608 -1.73274
7.03451 -1.7245
6.40875 -2.26685
6.43937 -2.24326
4.80988 -1.75228
4.7885 -1.68047
7.94926 -0.2064
7.96253 -0.158055
7.89062 -0.393382
7.87158 -0.44723
4.92282 3.47844
4.92382 3.47941
5.8907 -2.59924
5.88526 -2.60228
8.04133 0.308961
8.03719 0.257145
8.00621 0.0406316
8.00037 0.00728062
7.97766 -0.0976533
7.98203 -0.0783549
6.83879 3.14544
6.84535 3.13983
6.62701 3.3143
6.62709 3.31424
4.41833 1.96423
4.41457 1.93404
4.44807 2.17306
4.45243 2.2019
7.68304 -0.860211
7.66572 -0.892061
7.79713 -0.627499
7.77683 -0.672836
6.04179 3.63919
5.96285 3.66714
6.41301 3.45634
6.37979 3.47506
6.18974 3.57613
6.09219 3.61897
7.12248 2.87307
7.09634 2.90141
7.01411 2.98441
7.01684 2.98182
7.43061 -1.25939
7.4568 -1.2238
7.55751 -1.07391
7.54666 -1.09087
6.68832 -2.04433
6.64803 -2.07908
8.0435 0.773755
8.04597 0.743564
6.0387 -2.51624
6.0609 -2.50243
4.70806 -1.39247
4.72138 -1.44102
5.42945 3.73415
5.48542 3.73875
4.62259 -1.06421
4.61605 -1.03783
4.35698 0.648226
4.35904 0.593056
4.76464 3.25901
4.79277 3.30522
4.55873 -0.801236
4.55559 -0.787381
4.35604 1.15723
4.35459 1.10414
4.65954 -1.21087
4.65753 -1.20294
5.36019 -2.7245
5.34304 -2.7188
5.21074 -2.63952
5.51325 -2.73244
5.4778 -2.73552
5.18334 -2.61154
5.19019 -2.6186
5.15716 -2.58189
5.13951 -2.5562
5.08833 -2.47974
5.09671 -2.49265
5.06752 -2.44279
5.03731 -2.37956
4.37598 1.54469
4.37174 1.48637
5.76049 3.71995
5.80251 3.71053
4.52262 -0.638161
4.46931 -0.372165
4.46558 -0.352231
4.37295 0.356847
4.37489 0.332195
4.47089 2.31587
4.47137 2.31956
4.4203 -0.0734318
4.43158 -0.148991
4.38727 0.197879
4.39906 0.0898231
6.30182 3.51978
6.24294 3.54922
7.70437 2.01493
7.69824 2.0277
7.79204 1.81954
7.78792 1.82951
4.54702 2.67692
4.5341 2.6231
4.49805 2.45385
4.49126 2.42138
4.57214 2.7707
4.56133 2.73119
7.21267 2.77195
7.23017 2.75144
8.01976 0.99414
8.02039 0.989634
7.97453 1.24232
7.96971 1.26385
7.44334 2.46944
7.39965 2.53215
7.3162 2.64475
7.26391 2.71043
6.77766 -1.9674
6.93939 -1.81926
7.10278 -1.65331
6.98574 -1.7733
7.53268 2.33019
7.51377 2.3609
7.61249 2.1937
7.61072 2.1969
4.86366 -1.92687
4.85082 -1.88537
4.90993 -2.06297
4.89642 -2.02463
4.95344 -2.18365
4.94648 -2.16428
5.00262 -2.30508
5.00237 -2.30443
7.91573 1.47091
7.92038 1.45517
7.8619 1.63825
7.86217 1.63749
6.46977 -2.21944
6.53572 -2.16975
6.37458 -2.29101
5.66067 -2.69849
5.65667 -2.69964
5.61337 -2.71232
5.62589 -2.70869
5.57147 -2.72203
5.5615 -2.72478
7.9287 -0.275295
7.94375 -0.22618
7.90927 -0.338208
7.86657 -0.460183
7.84614 -0.512747
4.85805 3.40051
4.82138 3.35041
6.67869 3.27512
6.68364 3.27127
6.73953 3.22802
6.78696 3.18892
6.8832 3.10642
6.89579 3.09504
6.52341 3.38652
5.84956 3.69989
5.91555 3.68048
4.42268 1.99766
4.47009 2.31154
6.07682 3.62586
6.50594 3.39749
6.45693 3.4287
6.21317 3.56436
7.08006 2.91801
6.99914 2.99888
6.59577 -2.12061
6.74601 -1.99601
6.9469 -1.81168
7.12877 -1.6262
8.04873 0.684846
8.0369 0.858078
6.56643 -2.14471
4.69356 3.11742
4.72709 3.18927
5.16075 3.65553
5.16419 3.65741
5.05111 3.58941
5.06001 3.59625
8.05149 0.484644
8.05218 0.504395
4.38886 1.69615
4.39323 1.74299
4.37702 1.55728
4.3816 1.61467
4.5875 2.82182
4.59552 2.84955
4.63762 2.97702
4.63535 2.9714
7.25037 -1.48887
7.25136 -1.48774
4.55465 -0.783274
4.55519 -0.785598
6.13593 -2.45573
6.11975 -2.46642
4.83431 -1.83211
4.82516 -1.80147
4.35495 0.723138
4.35437 0.734517
5.67859 3.73177
5.64778 3.73463
4.53251 -0.684155
4.66964 3.0585
4.65906 3.03341
4.68443 3.09529
5.33769 3.7174
5.28656 3.70468
7.17416 2.81592
7.20347 2.78282
8.03656 0.861016
7.19887 -1.54797
7.2058 -1.54017
7.15945 -1.59207
4.72765 3.19041
4.72729 3.1897
8.05069 0.631785
5.70114 -2.68389
5.72955 -2.67236
4.92153 3.47703
4.80494 3.32591
4.93433 3.48903
5.00462 3.55392
6.94537 3.05
4.35864 1.23113
4.35868 1.24001
4.42754 2.03552
4.68357 -1.30183
4.66644 -1.2382
4.78312 -1.66325
4.75365 -1.56021
5.9014 -2.59334
5.97474 -2.55315
8.03556 0.243007
8.02116 0.129987
4.36279 1.29463
4.36437 1.3637
4.35273 0.989476
4.35246 0.91364
4.35489 0.786638
4.35259 0.862554
4.37161 1.48465
4.36766 1.42222
4.36541 0.467333
4.36992 0.397427
5.50563 3.74025
5.6208 3.73765
4.4022 0.063199
4.41417 -0.0302312
7.74337 -0.743199
7.72294 -0.784407
7.75006 1.91706
7.74422 1.93014
4.52868 2.59783
4.51192 2.52271
7.99927 1.12033
7.99849 1.12458
7.38048 2.55924
7.33413 2.6214
7.50755 -1.14932
7.47118 -1.20294
7.38851 -1.31606
7.32128 -1.40279
7.57309 2.26262
7.56354 2.27897
7.89006 1.55446
7.89236 1.5474
5.80292 -2.64108
5.76801 -2.65778
5.61196 -2.71285
4.73233 -1.48326
5.2156 3.67989
5.18479 3.66645
5.22873 3.68476
6.0112 -2.53311
5.98933 -2.54552
8.04564 0.36051
7.9929 -0.0281487
8.01346 0.0826832
7.97467 -0.110825
7.61619 -0.978523
7.82744 -0.557403
7.60564 -0.996341
7.58152 -1.03587
7.40406 -1.29594
8.05226 0.548176
6.0873 -2.48652
4.68906 -1.32182
5.10256 3.62345
5.11069 3.62877
5.41351 3.7318
4.6089 -1.00905
4.63178 -1.10087
4.38264 1.62653
4.38714 1.67883
4.35941 0.584593
4.35666 0.658246
4.61409 2.90922
4.62831 2.95182
7.29572 -1.4345
7.26017 -1.47725
4.35436 1.09275
4.35637 1.16764
4.6364 -1.11929
5.52181 -2.73118
5.00404 -2.3083
5.03298 -2.37146
5.18149 -2.6092
5.10977 -2.51585
5.07357 -2.45267
4.35329 1.04064
4.37644 1.55052
4.45049 -0.266892
4.47985 -0.429554
4.37499 0.330935
4.362 0.527857
4.44119 -0.211776
4.38592 0.210996
7.65549 2.1131
7.82953 1.72606
7.83096 1.7223
7.65047 2.12286
4.55871 2.72197
4.47534 2.34156
4.57798 2.79039
7.25076 2.72673
8.00894 1.06099
8.03627 0.864017
7.94607 1.36062
7.46117 2.4427
7.2992 -1.43017
7.49122 2.39634
7.62294 2.17447
4.84245 -1.86066
4.87325 -1.95497
4.92971 -2.12155
4.97376 -2.2343
4.97759 -2.24508
7.85617 1.65392
7.9389 1.38759
5.65332 -2.70039
6.62861 3.31311
6.73016 3.23574
6.93391 3.06094
4.41 1.89983
4.40348 1.84403
6.33936 -2.31738
6.28191 -2.3584
5.01183 3.56033
4.60054 -0.974778
4.39558 1.76608
4.35504 0.712149
4.61104 2.89892
4.35815 1.22195
6.14805 -2.44765
5.72767 3.72536
8.04766 0.389512
5.73612 3.72442
4.88508 -1.99273
5.7455 -2.66683
6.83238 3.15107
4.41053 1.90437
8.05183 0.595137
6.18457 -2.42405
6.23486 -2.3905
5.12221 -2.5321
4.92114 -2.09443
6.34532 -2.31323
6.62717 3.31419
4.39978 1.8068
4.40231 1.83266
6.9398 3.05533
6.73475 3.23196
