7.63677 -0.227404
7.63827 -0.222749
7.55666 -0.441018
7.54777 -0.461783
5.31714 3.0891
5.32328 3.09321
7.7427 0.248511
7.7443 0.261322
4.66709 1.14704
4.663 1.06289
5.13887 -1.46048
5.10145 -1.37651
5.04516 -1.24123
5.0293 -1.19847
4.73735 1.83503
4.74374 1.87286
6.05998 -1.96944
6.00887 -1.98822
5.37784 -1.83379
5.34249 -1.79187
4.66581 0.632121
4.66947 0.541617
7.0758 -1.21348
7.10899 -1.17478
6.6563 2.85317
6.708 2.81245
6.41664 -1.79353
6.40957 -1.79829
7.35373 -0.833794
7.32626 -0.877677
7.76148 0.486217
7.76151 0.487104
7.69957 0.00241736
7.70146 0.0108387
5.51591 3.18558
5.57072 3.20001
5.12387 2.90242
5.15312 2.93792
5.14281 -1.46924
5.18408 -1.54916
4.67408 1.28145
4.6749 1.29537
4.70411 1.60404
4.70564 1.61616
5.85134 -2.01688
5.80978 -2.02214
5.61997 -1.99668
5.53423 -1.9584
4.90184 -0.810407
4.89494 -0.786722
4.84996 -0.620355
4.84037 -0.582242
5.46569 -1.91296
5.45224 -1.90386
4.66139 0.759644
4.66086 0.783597
4.91631 2.52112
4.94579 2.59445
5.03303 2.76806
5.03547 2.77179
4.8877 2.44357
4.87539 2.41027
7.43198 -0.700349
7.48219 -0.602902
6.38595 3.03206
6.41611 3.01587
5.9089 3.20795
5.93396 3.20338
6.59864 2.89741
6.78327 2.7487
6.74034 2.78652
6.60844 -1.65871
6.6671 -1.61163
6.51874 -1.72484
6.52946 -1.71716
7.25367 -0.984457
7.29453 -0.925984
5.30594 -1.74775
5.27704 -1.705
6.96957 -1.33201
6.93495 -1.36761
4.79935 2.14163
4.81866 2.2173
7.75777 0.736945
7.76093 0.667756
4.72613 -0.0102449
4.72222 0.0155527
5.44766 -1.89958
5.4513 -1.90301
7.67031 -0.114501
7.61849 -0.280303
7.53463 -0.491709
7.59682 -0.341508
5.96155 -1.99857
6.11136 -1.95243
5.71354 -2.01796
5.69918 -2.01497
7.06843 2.45763
7.0506 2.47852
7.11117 -1.17211
7.15325 -1.11975
7.01844 -1.2796
7.03948 -1.25637
6.24948 3.10214
6.2758 3.08893
7.41909 1.93346
7.42349 1.92487
7.3409 2.07214
7.37323 2.01682
7.25784 2.20426
7.27341 2.18068
7.15078 2.35421
7.16568 2.33494
7.60543 1.5001
7.61616 1.46764
7.65704 1.33297
7.6342 1.41203
7.69766 1.16686
7.68528 1.22264
7.74932 0.845142
7.75567 0.771992
7.59882 -0.336187
6.54259 2.93572
6.50461 2.9611
4.68477 1.42755
4.68444 1.42367
5.90832 -2.01162
5.72255 -2.01814
5.52942 -1.95613
4.90868 2.50356
6.17803 3.13214
6.19559 3.12504
6.32435 3.06521
6.42436 3.01101
6.41731 3.01521
6.82257 2.71441
6.35641 -1.82954
6.31142 -1.85675
6.91351 -1.38969
4.66133 0.936855
4.66102 0.913278
4.66861 1.18662
4.66781 1.16727
4.9735 -1.04132
4.99654 -1.10775
5.23677 -1.64427
5.26209 -1.68224
5.32795 -1.77489
4.68062 0.380526
4.67881 0.405363
4.66391 0.675545
4.66482 0.653231
6.87412 2.66617
6.92265 2.61804
7.72961 0.99682
7.72651 1.01833
6.15152 -1.934
4.66295 1.04028
4.6893 1.47409
4.67094 0.52283
7.00745 -1.29181
7.46053 1.85072
7.50162 1.76315
5.77163 3.22006
5.79238 3.21896
6.84967 -1.45139
7.56991 1.59899
7.54239 1.66831
6.57127 2.91681
4.67571 1.30766
4.67951 1.35952
6.29226 -1.86639
6.21202 -1.90817
4.9347 -0.921294
4.92494 -0.888975
4.95115 -0.975296
4.67157 0.505371
4.69075 0.267513
4.69821 0.195592
4.69796 0.197824
4.6619 1.01703
4.66083 0.889407
4.66061 0.808088
6.08601 3.16446
6.06693 3.1701
6.85538 2.68406
4.77884 -0.312852
4.79075 -0.369732
4.69091 1.48918
4.69076 1.48783
4.72822 1.77537
4.72336 1.74451
4.76606 -0.245185
4.77455 -0.290926
4.7673 2.00119
4.77549 2.04089
5.66822 3.21599
5.63999 3.2123
4.96455 -1.01599
5.41597 3.14653
5.23115 3.01998
7.75546 0.378723
7.72494 0.126483
5.07606 -1.31598
5.14041 -1.46404
4.74691 1.89205
4.73327 1.80868
4.87611 -0.721571
4.87909 -0.732075
4.83884 2.29113
4.84276 2.30554
6.7605 -1.5328
6.80265 -1.49601
7.3048 -0.910419
7.36558 -0.814566
7.38065 2.00368
7.41846 1.93467
7.21464 2.26807
7.21862 2.26238
7.57564 1.58404
7.67863 1.24979
7.66107 1.31865
7.76209 0.577316
7.76119 0.480055
7.7244 0.123471
7.67278 -0.105373
5.21967 3.00941
5.43409 3.15471
5.61678 3.20948
5.08537 2.8494
7.75656 0.393499
5.22205 -1.61766
5.0641 -1.28814
5.23029 -1.63297
4.71144 1.66236
4.69787 1.552
4.71723 1.70279
4.7664 1.99635
4.87075 -0.702207
4.91267 -0.84776
4.82493 -0.518604
4.70522 0.134613
4.70613 0.127551
4.94891 2.60084
5.03127 2.76508
4.98686 2.68285
4.79337 2.11885
4.78078 2.06488
7.42965 -0.704581
7.49193 -0.583415
6.13144 3.14943
6.03321 3.18029
5.94428 3.20095
5.86437 3.21363
5.72298 3.22017
5.71827 3.21991
6.70914 -1.5777
6.56906 -1.68764
6.50855 -1.73247
7.21581 -1.03853
7.20193 -1.05777
7.40055 -0.754678
7.76214 0.595521
7.5062 1.75286
7.5386 1.67732
4.80557 -0.435426
6.97499 2.5637
6.98667 2.5511
7.76187 0.62323
7.7568 0.757078
4.74059 -0.102657
4.74867 -0.149583
7.00197 2.53383
7.11298 2.40258
7.17781 -1.08886
7.70692 1.1241
7.7195 1.05758
7.45569 1.86078
7.32499 2.09883
7.3 2.13904
7.20156 2.28642
7.63285 1.41638
7.60457 1.50267
7.73927 0.932246
7.73722 0.946796
7.74077 0.919678
6.47273 2.98206
4.85754 2.35535
5.39192 -1.84718
4.69991 0.180193
5.82362 3.2175
6.19428 -1.91579
4.69174 0.256888
5.00837 -1.14192
4.68408 1.41918
6.81075 -1.48883
7.60356 1.50562
4.6913 0.261895
6.3616 3.04606
5.45171 -1.9034
7.51135 -0.542906
6.48028 2.97714
4.86143 2.36727
