6.21978 2.00634
6.2744 1.98765
5.92307 1.99744
6.01094 2.01913
7.03551 0.924134
7.03802 0.910532
5.51597 1.52909
5.50827 1.50671
5.60439 1.71279
5.62012 1.73901
5.59978 -0.284943
5.571 -0.21893
5.49964 -0.0243775
5.48494 0.0252928
6.36991 -0.672845
6.46061 -0.624468
6.15296 -0.723646
6.17207 -0.721665
5.95366 -0.680698
5.9832 -0.691149
5.77191 -0.544567
5.79206 -0.563591
5.80954 1.94134
5.81518 1.94429
5.72389 1.86905
5.80514 1.9377
6.84192 -0.221016
6.79033 -0.300233
6.60387 -0.516574
6.64372 -0.477678
5.41203 1.10219
5.42639 1.19834
5.39166 0.870986
5.3943 0.919261
5.45227 1.32113
5.43768 1.25788
6.72711 1.63759
6.66401 1.71074
6.79133 1.54459
6.73451 1.6278
6.87575 -0.161478
6.90428 -0.105602
6.96202 0.0334728
6.98669 0.105124
5.66462 -0.400833
5.63501 -0.34968
5.4498 0.161379
5.4458 0.180131
5.39039 0.656475
5.39185 0.618461
5.40987 0.407356
5.41868 0.340858
6.44623 1.90058
6.41661 1.92134
7.04263 0.345319
7.0315 0.28268
7.06353 0.621344
7.06148 0.533683
7.05736 0.769123
7.05697 0.774534
7.004 1.06797
7.00504 1.06373
6.95504 1.21814
6.94987 1.23336
7.00684 1.05695
6.58973 1.79071
6.59412 1.78655
6.89883 1.35359
6.92411 1.29662
6.97914 1.1486
7.03272 0.938045
7.02038 0.99582
6.87362 1.40455
6.87033 1.41098
6.49866 1.86419
6.59581 1.78485
6.2593 -0.709559
6.33404 -0.685945
5.86045 -0.625023
5.8755 -0.634515
6.12967 2.02171
6.32673 1.96908
6.09388 2.02377
5.90918 1.99318
6.72967 -0.38402
6.72187 -0.393651
5.39955 0.988006
5.40651 1.05661
5.48176 1.42636
5.52899 1.56209
5.65957 1.79314
5.58733 1.68119
6.59932 1.78116
6.91184 -0.0889639
6.94844 -0.00310139
5.54251 -0.150402
5.61404 -0.312023
5.52092 -0.0933176
5.47114 0.0769811
5.40161 0.48192
5.39916 0.507437
7.05821 0.47822
7.05141 0.409629
6.48553 -0.609525
6.13449 -0.722105
6.05128 -0.712959
5.72329 -0.48402
6.3908 1.935
6.35938 1.95332
6.11443 2.02409
5.809 1.94094
5.71248 1.85808
6.71042 -0.406375
6.8537 -0.201894
6.55819 -0.55457
5.42894 1.21364
5.3889 0.785797
5.38866 0.750951
5.45931 1.34752
5.68404 -0.432648
7.05677 0.776485
7.04366 0.871313
5.55866 1.62634
6.73144 1.63206
6.82706 1.48751
6.84747 1.45272
6.89651 1.35858
6.89856 1.35421
7.00046 0.152455
5.53204 -0.123518
5.44382 0.189889
5.42703 0.28702
5.39745 0.530394
6.4771 1.88138
7.01822 0.221213
7.06303 0.655229
6.94362 1.25017
