6.24483 2.4974
6.1802 2.51998
6.98324 -0.643689
7.04595 -0.547724
7.37605 0.606442
7.37654 0.592824
5.13232 1.52731
5.13904 1.55844
6.59095 2.30147
6.59515 2.29802
6.28988 -1.22253
6.27629 -1.22689
6.604 -1.0416
6.60101 -1.04407
7.11769 1.65025
7.13212 1.62188
5.72413 -1.17851
5.81074 -1.22653
7.1635 -0.337887
7.15741 -0.350679
7.32787 0.141158
7.31368 0.0790534
5.13087 0.059
5.13077 0.0595157
5.06582 0.754511
5.06655 0.71076
5.10406 0.233595
5.09839 0.277588
5.78786 2.5273
5.76274 2.52047
5.9691 2.55218
5.99495 2.54995
6.39553 2.43054
6.3473 2.45462
6.98067 -0.647233
6.91089 -0.736357
7.2134 1.43879
7.18809 1.49963
5.07382 1.05657
5.07884 1.13033
5.24616 -0.401194
5.22582 -0.336306
5.31604 -0.594678
5.34783 -0.670569
5.39895 -0.776111
5.36448 -0.708632
5.49851 -0.943492
5.54161 -1.00435
5.62427 -1.0964
5.59935 -1.06901
5.18392 1.74363
5.20379 1.8113
6.09744 -1.26939
6.17621 -1.25562
5.25053 1.94142
5.22326 1.86836
5.33317 2.12002
5.37814 2.19857
5.43996 2.28302
5.38869 2.21352
5.5815 2.42356
5.56495 2.41123
6.76182 -0.902114
6.72294 -0.940215
7.02223 1.81416
7.06065 1.75161
5.91007 -1.25967
5.8314 -1.23415
7.26299 -0.0932693
7.24487 -0.14484
5.07817 0.479067
5.07295 0.554333
7.35952 0.326648
7.3656 0.38102
6.48623 -1.1232
6.39578 -1.17473
6.81903 2.0857
6.86069 2.0365
7.2464 1.35098
7.23132 1.3926
7.27646 1.25973
7.28388 1.23398
7.33353 1.02737
7.32613 1.0686
7.35699 0.882861
7.3523 0.922022
5.27738 -0.49706
5.25785 -0.437484
5.21936 -0.315298
5.18316 -0.18156
5.17122 -0.130434
5.06762 0.949177
5.06677 0.906212
6.70807 2.1994
6.72937 2.17904
7.31397 1.11803
7.32307 1.08265
6.92157 1.96088
6.90202 1.98621
6.80479 2.10207
7.36914 0.768123
7.36525 0.815478
5.18803 -0.201224
5.19819 -0.241344
5.14714 -0.0204058
5.157 -0.0671127
6.79792 2.1096
6.78001 2.12874
6.34135 2.45761
6.29123 2.48038
5.0698 0.994782
5.18605 -0.193299
5.08632 1.21982
5.09558 1.30138
6.50483 2.36388
6.45954 2.39244
5.2154 -0.302147
5.20182 -0.254266
5.94362 2.55102
5.8653 2.54469
6.16318 2.52372
6.28736 2.48215
7.09284 -0.471044
6.98198 -0.645488
7.37476 0.521877
7.37462 0.68387
7.34281 0.979257
7.34021 0.996086
5.44512 -0.861796
5.45187 -0.873606
5.1565 1.63651
5.11439 1.43247
6.51236 2.35852
6.61433 2.28194
6.19289 -1.25273
6.29193 -1.22162
5.28813 2.03312
5.28715 2.03077
5.50567 2.35656
5.47029 2.32018
6.59963 -1.04518
6.68385 -0.974578
7.10271 1.67829
7.13446 1.61706
5.81639 -1.22935
5.70757 -1.16611
7.20326 -0.249814
7.13567 -0.393165
7.33979 0.199031
7.29935 0.0250985
5.13036 0.0616409
5.14385 -0.0037983
5.06704 0.688497
5.0657 0.775933
5.11833 0.134759
5.08946 0.355388
5.6729 2.48189
6.07413 2.54304
5.66174 2.47639
6.85141 -0.808297
6.83688 -0.824397
6.81265 -0.84991
7.10682 -0.446961
7.17785 1.52364
7.22268 1.41508
5.27947 -0.503075
5.27822 -0.499531
5.35563 -0.688854
5.43755 -0.84786
5.55695 -1.0224
5.63338 -1.10573
5.11157 1.41589
5.17526 1.71037
5.21578 1.84787
5.11087 1.41111
6.00354 -1.27238
6.04034 -1.27113
6.3884 -1.17882
5.95492 -1.26658
5.28936 2.03582
5.38204 2.20444
6.50898 -1.10797
6.97246 1.89056
7.07804 1.72191
7.21026 -0.233542
7.28188 -0.0354159
7.21801 -0.214176
7.34927 0.255125
5.06837 0.645565
5.08329 0.41743
5.07026 0.604666
5.08634 0.384532
5.12172 0.113535
7.3726 0.462033
6.67141 2.23384
6.67787 2.2284
7.30436 1.16059
7.30524 1.15735
7.37452 0.495831
7.37441 0.689665
7.25921 1.31241
7.30335 1.16478
7.32456 1.0755
7.34851 0.94753
6.94496 1.92956
6.96554 1.90088
6.74409 2.16455
6.66624 2.23828
6.88113 2.01257
7.37436 0.691036
7.36189 0.845991
5.2779 -0.498607
5.06547 0.862126
5.06513 0.820195
5.08245 1.18504
5.10965 1.40298
5.06517 0.79691
6.40834 2.42297
6.40218 2.42674
5.16372 -0.0976979
5.20114 -0.252001
5.06588 0.884992
6.45502 2.39523
