6.78667 -0.493219
6.72887 -0.560125
7.05322 1.23717
7.04979 1.24778
6.74171 1.79345
6.76155 1.77015
6.86337 1.62868
6.89422 1.57882
5.75451 -0.737095
5.8086 -0.781098
6.33727 -0.84618
6.34092 -0.844531
6.46269 2.04675
6.46963 2.04274
6.20675 2.16519
6.16352 2.17303
6.01148 2.18473
5.99738 2.18439
5.74789 2.09058
5.7948 2.12096
6.81713 -0.455002
6.87049 -0.377844
6.56693 -0.712704
6.56106 -0.717044
5.2941 0.931227
5.29109 0.860343
5.3147 1.16229
5.31117 1.13257
7.15004 0.798998
7.15225 0.778396
7.10854 1.04899
7.12446 0.971209
5.57595 -0.503708
5.55438 -0.46307
5.6601 -0.631907
5.65158 -0.619419
5.41316 1.59552
5.42165 1.61948
5.35422 1.38394
5.36428 1.42452
5.59731 1.94936
5.60232 1.95588
5.49363 1.78435
5.47734 1.74971
6.66537 1.8804
6.59489 1.94485
6.97881 1.42207
6.96967 1.44137
5.93784 -0.856195
6.00578 -0.875603
6.12706 -0.889583
6.04963 -0.884708
7.08008 0.0682241
7.06724 0.0271413
6.98692 -0.174529
6.98339 -0.182195
5.46993 -0.276361
5.45102 -0.225503
5.35223 0.126964
5.35525 0.112827
5.41503 -0.121754
5.40033 -0.0686248
5.31569 0.353845
5.3092 0.408459
5.29375 0.601565
5.29065 0.680945
7.15857 0.526713
7.15971 0.562598
7.12761 0.260714
7.13686 0.313693
7.10411 1.06738
7.09306 1.11223
7.08354 1.14814
7.08244 1.15241
7.10539 1.06252
7.13115 0.933188
6.53813 1.99362
6.67024 1.87542
6.67534 1.86976
6.52234 2.00573
7.01664 1.33542
6.99817 1.37909
6.36768 2.10307
6.36324 2.10523
6.22756 -0.878116
6.32551 -0.849733
6.3136 2.12912
6.30038 2.13381
5.8578 2.14929
5.8952 2.16359
6.80362 -0.4728
6.6883 -0.603652
6.53152 -0.73721
6.46385 -0.782625
5.30242 1.04798
5.29811 0.994735
5.38165 1.49105
5.40868 1.58111
5.54232 1.86889
5.51145 1.81863
6.80317 1.71865
6.71727 1.822
6.80587 1.71503
6.91909 1.53633
5.84537 -0.808393
5.72795 -0.709507
7.03892 -0.0515594
7.02792 -0.0800531
5.49158 -0.332222
5.50952 -0.371415
5.37668 0.0233088
5.39552 -0.0512001
5.30247 0.476422
5.29687 0.546587
7.14741 0.389412
7.15259 0.439412
6.45146 -0.790408
6.18347 -0.883542
6.51055 2.01363
6.4173 2.07581
6.10134 2.18363
5.9785 2.18062
5.69651 2.05267
6.9132 -0.310218
6.93242 -0.278107
6.64811 -0.641631
5.28995 0.811899
5.33087 1.27411
5.33089 1.27419
5.33089 1.27421
7.15782 0.712147
7.14034 0.874876
5.53118 -0.416446
5.60549 -0.550886
5.66548 -0.639289
5.45235 1.69502
5.66437 2.02203
5.58961 1.93825
6.80433 1.71717
6.96821 1.44423
6.99594 1.384
5.90946 -0.842658
6.03176 -0.882958
7.10072 0.139979
6.97024 -0.20801
7.11164 0.18518
5.43467 -0.178843
5.34659 0.154791
5.41836 -0.131969
5.33301 0.233596
5.28952 0.770639
5.32785 0.266427
5.28987 0.729449
7.15986 0.673843
7.15963 0.681749
7.02679 1.30904
7.15944 0.687156
7.08091 1.15776
