5.53848 2.81547
5.44333 2.75582
6.73982 2.49245
6.72799 2.50275
4.85998 0.780357
4.85869 0.816947
6.91319 -1.08049
6.96284 -1.02465
7.16817 1.97864
7.18979 1.94394
6.31877 2.77892
6.31814 2.77926
7.5359 0.155637
7.54352 0.200309
7.3607 1.61076
7.33148 1.67658
7.42803 1.43668
7.40208 1.50752
5.51749 -1.47199
5.45853 -1.40809
4.86801 1.13885
4.87113 1.19391
4.89099 1.41615
4.89268 1.43171
5.68365 -1.58958
5.60066 -1.54027
5.04669 -0.5303
5.05242 -0.550838
5.10314 -0.712243
5.12354 -0.771103
5.25084 -1.08025
5.26099 -1.0996
5.17221 -0.901316
5.1564 -0.862495
5.34447 -1.25091
5.32885 -1.22634
4.97186 1.88064
4.98825 1.94663
4.92665 1.66019
4.93503 1.70448
4.90805 0.1221
4.90627 0.135143
4.8783 0.389153
4.87564 0.414987
4.86144 0.684738
4.86243 0.650015
4.85924 0.874338
4.86002 0.946647
5.29091 2.60625
5.34313 2.66687
5.18233 2.44602
5.15885 2.40388
5.09722 2.27108
5.11931 2.3202
6.05642 -1.63061
5.98348 -1.63957
6.25029 -1.57115
6.22441 -1.58027
5.86814 -1.64082
5.92175 -1.6425
5.02924 2.08439
5.0051 2.00639
6.81892 -1.1769
6.87573 -1.1211
7.28151 1.78036
7.27448 1.79386
7.28926 -0.550968
7.28413 -0.560673
6.15744 2.84296
6.09663 2.85963
5.99623 2.88141
5.94736 2.88828
5.67449 2.86754
5.7404 2.88219
6.4468 -1.47045
6.44091 -1.47376
6.64564 -1.33113
6.6485 -1.32877
7.56857 0.413849
7.56707 0.391691
6.6083 2.59981
6.5677 2.63089
7.55578 0.890187
7.55315 0.912494
7.57496 0.595392
7.57508 0.600142
4.99431 -0.333707
4.98905 -0.311102
4.94586 -0.10288
4.9558 -0.154065
7.06685 -0.895595
7.09205 -0.863431
7.20722 -0.693652
7.15478 -0.776166
7.48598 1.25165
7.48525 1.25427
7.53362 1.03475
7.52927 1.06086
6.9159 2.31595
6.87185 2.36318
7.10755 2.07127
7.0968 2.08722
6.95983 2.26467
6.99361 2.22391
6.47874 2.6907
6.4797 2.69016
7.45992 -0.147841
7.44566 -0.192797
7.42617 -0.246704
7.44062 -0.206936
7.38441 -0.35192
7.3951 -0.326508
7.39548 1.52502
7.43291 1.42282
4.8637 1.07307
4.87728 1.27612
4.88592 0.304408
4.88182 0.34593
4.87457 0.427916
4.87027 0.483544
4.86473 0.579751
4.86595 0.553005
4.86049 0.715197
4.86127 1.0056
6.52262 2.66071
6.56649 2.63179
7.51571 1.12546
7.52044 1.10511
7.56439 0.81096
7.5689 0.757744
4.98672 -0.30089
5.0146 -0.413029
7.23304 1.87021
7.2401 1.85774
7.36849 1.59211
7.45877 1.34623
7.43727 1.41039
4.86323 1.04004
7.50828 0.0215564
7.48094 -0.0815238
5.0253 -0.452883
6.42613 2.72191
6.42678 2.72152
6.44824 2.70884
4.87895 1.29631
4.85956 0.744433
7.5219 0.0855041
7.51149 0.0341855
5.43994 2.75337
5.54895 2.82057
5.42195 -1.36455
5.39821 -1.33153
4.88049 1.31363
7.57277 0.677228
7.57247 0.696964
4.96678 -0.20736
4.97494 -0.246051
5.07365 -0.624451
5.07054 -0.614212
5.21044 -0.991383
5.18514 -0.931909
4.94792 1.77127
4.96582 1.8533
6.65284 2.56641
6.80179 2.43417
5.23295 2.52844
5.21219 2.49457
6.15269 -1.60671
6.1113 -1.61667
7.11008 -0.837869
7.15217 -0.780088
7.01043 -0.968749
6.89346 -1.10234
5.84344 2.89239
5.88944 2.89064
6.54564 -1.40583
6.54861 -1.40365
7.06477 2.1323
7.04676 2.15657
7.57314 0.506438
7.57288 0.496856
6.26349 2.80439
6.26028 2.80559
6.29981 2.78776
6.37291 2.75118
7.23314 -0.65052
7.26321 -0.598375
7.55554 0.281554
7.3236 1.6938
5.63827 2.85716
5.35598 2.67959
7.56014 0.319814
5.52697 -1.48047
5.3688 -1.28717
4.90157 1.50181
5.82298 -1.63248
5.77515 -1.62407
5.72768 -1.60686
5.59502 -1.53675
7.57136 0.725651
5.06877 -0.608179
5.03551 -0.48983
5.1371 -0.809527
5.29603 -1.16648
5.24145 -1.06153
4.90791 1.54747
4.90974 1.55879
4.99943 1.98765
4.91786 0.0561643
4.89275 0.243319
5.24971 2.55317
5.13719 2.36017
5.07134 2.20797
5.96149 -1.64269
6.32767 -1.53484
6.34909 -1.52505
5.05476 2.16112
6.74796 -1.24464
7.02343 -0.952823
6.74188 -1.24992
7.31312 -0.505886
4.92849 -0.00967967
4.92723 -0.00245227
4.92641 0.00256017
6.05203 2.87163
5.81428 2.89059
6.50826 -1.43038
6.68376 -1.29909
7.57455 0.563474
6.56711 2.63132
6.64745 2.57059
7.50634 1.16803
7.51009 1.15345
7.02933 -0.945187
7.46322 1.33126
7.5038 1.17917
7.4822 1.26513
7.52454 1.08287
7.54262 0.987787
6.82749 2.40929
6.65 2.56861
6.93856 2.29003
7.14428 2.01621
7.03914 2.1663
7.41856 -0.266582
7.40578 -0.299766
7.36948 -0.386864
4.88876 0.276413
4.87996 0.365997
4.86978 0.490182
4.86603 0.551407
4.86308 0.616386
6.48071 2.68956
7.56208 0.835945
7.54315 0.984487
5.75723 -1.61848
4.89095 0.258646
5.06071 2.17981
7.47627 -0.09689
7.3265 -0.479025
7.30218 1.73931
7.27194 1.79872
7.2037 1.92047
4.863 0.618521
7.29969 1.74458
7.56059 0.851752
7.36222 -0.403294
7.34159 -0.447673
4.86831 0.519617
