7.0898 -0.595485
7.09193 -0.592237
7.4304 0.649083
7.43234 0.594881
7.39134 1.02951
7.39365 1.01796
5.42585 -0.983616
5.40573 -0.948588
5.02745 1.24517
5.03816 1.33848
6.27875 -1.32056
6.25519 -1.3281
5.18665 1.98269
5.19069 1.99364
6.66551 -1.08338
6.69429 -1.05953
7.17741 1.65985
7.18802 1.63898
7.23877 -0.315732
7.20169 -0.393557
5.04838 0.201954
5.03346 0.317678
6.38875 2.52209
6.386 2.52347
6.1734 2.61183
6.13077 2.62182
7.25568 1.48816
7.24996 1.50191
5.25465 -0.628582
5.24465 -0.600925
5.18556 -0.429576
5.18692 -0.433908
5.33338 -0.812322
5.3543 -0.85647
5.54057 -1.14262
5.53269 -1.13396
5.07432 1.56478
5.06581 1.51664
5.12389 1.78241
5.13443 1.81831
5.01564 1.09425
5.02047 1.16335
5.49623 2.47741
5.55639 2.52688
5.36496 2.33143
5.36704 2.33439
6.08593 -1.37072
6.00147 -1.37567
5.89932 -1.3662
5.9776 -1.37514
5.26522 2.16392
5.25476 2.1412
6.822 -0.938227
6.82167 -0.938595
5.7161 -1.29525
5.6977 -1.28263
7.3006 -0.16428
7.29155 -0.190035
7.33176 -0.0730292
7.36193 0.0323331
7.40803 0.255811
7.39127 0.159821
5.09148 -0.0512612
5.09453 -0.0667246
5.00666 0.856299
5.00753 0.907613
5.00921 0.658944
5.00771 0.712152
5.02619 0.387428
5.02077 0.451235
5.96128 2.64833
5.96199 2.64833
5.68641 2.59864
5.75619 2.62333
7.41125 0.275141
7.42506 0.39852
6.47494 -1.22261
6.47463 -1.22279
6.95818 -0.781828
6.95677 -0.783597
5.15859 -0.333518
5.14469 -0.281549
7.40659 0.933148
7.40285 0.961675
6.75812 2.24535
6.70934 2.2907
6.58394 2.39623
6.56404 2.41039
7.00088 1.95589
6.96671 2.00327
5.1878 -0.436601
5.18725 -0.434928
5.10683 -0.130043
5.10683 -0.130034
5.00849 0.95984
5.00907 0.985326
5.00637 0.828546
7.37262 1.12019
7.37279 1.11951
7.34761 1.21645
7.35297 1.19634
6.88113 2.1122
6.85932 2.13726
7.3198 1.31033
7.30582 1.35201
5.1321 -0.232107
5.13712 -0.251924
6.82276 2.17737
6.80062 2.20103
7.06289 1.86491
7.06418 1.86289
6.33456 2.54937
6.33094 2.55101
7.42207 0.809655
7.42701 0.753992
5.02645 0.384632
5.02861 0.362634
5.01013 0.635544
5.01241 0.581737
5.12182 -0.190973
7.14513 1.72154
7.12895 1.75173
5.07658 0.0291104
5.07081 0.0598883
5.00644 0.777334
6.28055 2.57401
6.26723 2.57878
7.02647 -0.68856
7.09458 -0.587893
7.43163 0.566496
7.42961 0.691699
7.39932 0.98134
7.39033 1.03541
5.37747 -0.899149
5.44241 -1.01101
5.61102 -1.2149
5.56629 -1.16896
5.09669 1.67516
5.10326 1.70309
6.67065 2.32596
6.641 2.35026
5.42646 2.40702
5.4607 2.44471
6.18162 -1.35198
6.36023 -1.2843
5.80862 -1.34105
5.81197 -1.34196
5.22427 2.07438
5.1841 1.97513
6.59799 -1.1372
6.74548 -1.01214
7.2099 1.59393
7.15898 1.6955
7.24868 -0.293788
7.17715 -0.441535
7.36501 0.0444237
7.38952 0.150882
5.00724 0.72542
5.05218 0.175603
5.03283 0.323211
5.80858 2.63516
5.85863 2.64343
6.57402 -1.15593
6.47898 -1.21991
6.92987 2.05171
6.91472 2.07137
6.0672 2.63664
5.96291 2.64823
6.95928 -0.780382
7.15113 -0.489862
7.2198 1.57261
7.28342 1.41732
5.65486 2.58508
5.57736 2.54068
7.42841 0.73107
5.26859 -0.66534
5.22008 -0.531634
5.2933 -0.723275
5.3149 -0.771582
5.48046 -1.06464
5.62495 -1.22818
5.0549 1.4525
5.09441 1.66421
5.15496 1.88717
5.04325 1.37251
5.36224 2.32715
5.99174 -1.37632
6.13765 -1.36044
6.37728 -1.27674
5.80666 -1.34017
5.27694 2.18714
5.31274 2.24921
6.82137 -0.938908
6.89094 -0.860835
6.58008 -1.1513
7.11893 1.76966
7.06453 1.86232
7.16258 -0.469289
7.2685 -0.247699
7.29046 -0.192853
7.32923 -0.0812649
7.41099 0.27329
5.10682 -0.130001
5.08247 -0.00341692
5.00962 0.646955
5.01292 0.572081
5.02037 0.456281
5.02632 0.385951
5.06705 0.0824703
7.42595 0.408917
7.36108 1.16268
7.3725 1.12071
7.43101 0.497913
7.33106 1.27327
7.3808 1.07758
7.41404 0.886905
6.77174 2.23151
6.4979 2.45742
7.01668 1.93388
7.41471 0.88161
7.28955 1.40135
5.20793 -0.496073
5.02493 1.22221
6.4865 2.46433
6.43949 2.49311
5.10683 -0.130028
6.49202 2.46105
