6.22292 1.9681
6.23718 1.96322
5.97575 1.96944
6.01424 1.97894
6.89591 1.29853
6.90023 1.28931
6.90788 -0.0358224
6.88497 -0.0869085
5.6064 -0.231021
5.59515 -0.205208
5.52228 -0.0115103
5.51799 0.00298503
6.37803 -0.629741
6.42987 -0.602094
6.1607 -0.682568
6.11308 -0.678746
5.96146 -0.639293
6.03004 -0.663556
5.78011 -0.501046
5.82549 -0.543899
5.75982 1.84995
5.81333 1.89515
6.79603 -0.242778
6.77088 -0.281398
6.61307 -0.467743
6.62322 -0.457832
5.435 1.08801
5.44391 1.14768
5.41579 0.856088
5.42004 0.933958
5.47724 1.30571
5.45644 1.2155
5.69085 -0.385904
5.69257 -0.388223
5.54107 1.51288
5.54859 1.52973
5.6315 1.69527
5.6246 1.6844
6.64566 1.68932
6.68587 1.64271
6.7452 1.56647
6.77398 1.52432
6.93327 0.0250111
6.96732 0.123883
5.45954 0.2407
5.46935 0.193515
5.41472 0.670301
5.41732 0.602735
5.43279 0.42038
5.44553 0.324282
6.41755 1.88174
6.40532 1.89031
7.02177 0.366091
7.00559 0.275054
7.04072 0.644056
7.03798 0.526765
7.03988 0.66405
7.03239 0.767298
6.95681 1.13922
6.95397 1.14768
6.50181 1.82281
6.56811 1.76816
6.99968 0.979582
7.00806 0.940363
6.85524 1.38308
6.84492 1.40321
6.47213 1.84676
6.26698 -0.6688
6.29731 -0.659218
5.86846 -0.5825
5.91449 -0.611543
6.18712 1.9742
6.32991 1.9303
6.06922 1.98201
5.91272 1.9501
6.7413 -0.322246
6.70037 -0.372834
5.42306 0.973489
5.43303 1.07175
5.50604 1.41068
5.53199 1.48933
5.68879 1.77426
5.64277 1.71112
6.92476 1.23373
6.87343 1.34653
6.87892 -0.0986527
6.92961 0.0151359
5.58401 -0.178412
5.641 -0.296706
5.52849 -0.0316291
5.49467 0.0903499
5.42776 0.465773
5.42381 0.506854
7.0364 0.49994
7.02672 0.402362
6.4942 -0.56352
6.21203 -0.676426
6.05884 -0.672785
5.75258 -0.466766
6.35959 1.91451
6.34504 1.923
6.11771 1.98416
5.85159 1.9183
5.71656 1.80835
6.64022 -0.439665
6.83336 -0.182195
6.53532 -0.532421
5.45287 1.19887
5.41397 0.800111
5.41353 0.735596
5.49364 1.36711
5.68994 -0.384596
7.02862 0.804514
7.01951 0.870422
5.58526 1.60915
6.60397 1.73471
6.71271 1.61019
6.78988 1.49891
6.82937 1.43159
6.92629 1.22994
6.9733 0.144461
5.55709 -0.109283
5.47478 0.168993
5.44934 0.299696
5.42107 0.543813
6.46621 1.85148
6.99825 0.241089
7.04065 0.648641
6.97952 1.06279
6.99155 1.01628
7.01419 0.907407
6.58174 1.75658
6.98318 1.05019
