4.6927 -1.18747
4.70193 -1.22132
5.42408 -2.63396
5.42164 -2.63316
5.05219 -2.2632
5.06597 -2.29064
5.93491 -2.51257
5.84947 -2.5523
5.20213 -2.50085
5.2099 -2.51009
5.1143 -2.37909
5.14183 -2.41946
7.99364 0.163494
7.99464 0.171242
4.61356 -0.876118
4.63314 -0.956148
4.52139 -0.4586
4.56186 -0.655995
4.46761 2.06167
4.46775 2.06289
4.55701 2.53793
4.57191 2.59953
7.30355 2.60642
7.36044 2.53027
7.43467 -1.19773
7.45019 -1.17575
7.29612 -1.38013
7.32801 -1.34062
6.98409 -1.72441
7.02477 -1.68465
6.40987 -2.21545
6.41393 -2.21232
5.63726 -2.6247
5.64962 -2.62276
4.79321 -1.54821
4.76704 -1.45993
4.84749 -1.72573
4.84041 -1.70196
7.85404 -0.400681
7.84603 -0.423311
4.85864 3.3023
4.91809 3.38153
5.16437 3.58456
5.2029 3.60448
4.95994 3.42767
4.9926 3.45938
5.2634 3.62758
5.30995 3.64542
6.00061 -2.47821
6.03909 -2.45658
8.0087 0.296719
8.00774 0.284716
6.81502 3.11745
6.80295 3.1278
6.57778 3.30033
6.60142 3.28403
5.72719 3.67073
5.71261 3.6724
4.45226 1.94309
4.45118 1.93441
4.49059 2.19947
4.48711 2.18029
7.75894 -0.635119
7.75406 -0.64601
7.64242 -0.868316
7.64367 -0.86608
5.95668 3.61787
6.01917 3.59575
6.40742 3.4117
6.32555 3.45781
6.18325 3.53107
6.18404 3.53072
7.15236 2.78913
7.08381 2.86343
6.97382 2.97297
7.00438 2.94404
7.38515 -1.26607
7.3962 -1.25105
7.53504 -1.04743
7.50319 -1.09726
6.64237 -2.03521
6.63818 -2.03882
6.8204 -1.88123
6.83348 -1.86992
8.02001 0.515036
8.02015 0.583255
6.28307 -2.30455
6.28189 -2.30527
4.74189 -1.36859
4.76594 -1.45622
4.91716 -1.93492
4.92447 -1.95391
4.76963 3.15504
4.74128 3.09763
5.46108 3.67639
5.50604 3.68009
5.7184 -2.60225
5.73905 -2.59646
4.65434 -1.0418
4.65305 -1.0366
4.64665 2.85862
4.64286 2.8482
7.7225 1.90092
7.71382 1.92047
8.01323 0.764141
8.01337 0.762453
4.80742 3.22399
4.81742 3.24041
6.10843 -2.41551
6.17196 -2.37723
6.27353 -2.3108
6.19628 -2.3613
5.42632 -2.63446
5.33241 -2.60285
5.34054 -2.60703
5.2676 -2.56213
5.475 -2.6403
5.46902 -2.63973
5.0296 -2.2142
5.00392 -2.15714
5.21254 -2.51224
5.15983 -2.44769
4.38631 0.90643
4.38645 0.850101
4.38726 1.03287
4.38661 0.9771
4.40172 1.40454
4.39888 1.35823
4.41015 1.52481
4.40736 1.48653
4.48922 -0.289834
4.50545 -0.376695
4.56336 -0.663164
4.4063 0.376964
4.40985 0.331626
4.39728 0.513021
4.4003 0.462083
4.45864 -0.0969802
4.46369 -0.130811
4.4246 0.174952
4.43186 0.108393
5.85729 3.64591
5.84154 3.64981
6.29616 3.47466
6.18432 3.53058
4.54516 2.48316
4.5275 2.39879
4.61127 2.74631
4.60678 2.7299
7.20006 2.73375
7.22548 2.70396
7.99142 0.966111
7.98489 1.01195
7.94779 1.21587
7.93168 1.28775
6.7335 -1.95864
6.69872 -1.98801
7.06249 -1.64531
6.92959 -1.77921
7.51176 2.30204
7.47661 2.35912
7.59101 2.1648
7.57421 2.19515
7.42811 2.43336
7.4466 2.40559
7.88154 1.47413
7.89465 1.42972
7.82656 1.64158
7.83689 1.61249
6.41797 -2.20916
6.53681 -2.11963
6.34826 -2.25899
5.52426 -2.64162
5.55924 -2.63861
7.93271 -0.143687
7.94217 -0.106872
7.8931 -0.282398
7.90379 -0.247508
7.88335 -0.313944
7.813 -0.508611
7.80847 -0.520263
4.91869 3.38227
6.90458 3.03843
6.866 3.07297
6.77587 3.15032
6.74939 3.17171
6.69401 3.2151
6.65605 3.24383
6.51784 3.34212
4.44153 1.85701
4.4446 1.88313
4.45941 1.99804
4.47017 2.07827
4.50727 2.29718
5.8368 3.65066
5.82772 3.65255
6.07082 3.57793
6.45528 3.38138
6.43004 3.39746
6.18417 3.53066
7.04111 2.90696
6.92384 3.0213
6.54735 -2.111
6.90391 -1.80315
6.73631 -1.95632
7.11903 -1.58637
8.0176 0.673169
8.0137 0.756158
6.5422 -2.11523
6.30286 -2.29082
4.73433 3.08404
4.8008 3.21171
8.01802 0.43637
8.01997 0.492313
4.42709 1.71989
4.42926 1.74316
4.41473 1.5807
4.41746 1.61484
4.39037 0.667581
4.38861 0.722877
4.39578 0.540631
4.39329 0.592499
7.77642 1.77386
7.75644 1.82289
7.68597 1.97972
7.6674 2.0184
4.70719 3.02031
4.68596 2.96772
7.19863 -1.49648
7.22291 -1.46858
4.59785 -0.80979
4.39093 1.17745
4.39279 1.23109
4.38756 1.0485
4.38876 1.1041
5.66955 3.67745
5.63635 3.68053
4.56404 -0.666304
4.56575 -0.673956
4.71074 3.02965
4.72239 3.0573
7.16185 2.77862
7.16724 2.77254
7.14654 -1.55566
7.17732 -1.521
7.13107 -1.57297
4.93983 -1.99695
4.94966 -2.02194
8.01838 0.652093
5.11555 3.55605
5.09774 3.54466
5.93885 -2.51075
5.9383 -2.51101
5.73952 3.6688
5.78435 3.6611
7.98151 0.0875156
7.97264 0.0332421
4.4674 2.06027
4.91912 3.38273
8.00566 0.850432
8.01299 0.767259
4.71721 -1.27809
4.66985 -1.10221
4.82014 -1.63712
4.80334 -1.58079
4.9627 -2.05852
4.9756 -2.0898
5.0337 -2.22416
5.07174 -2.30049
5.08044 3.53185
5.0173 3.48197
5.82143 -2.56538
5.93789 -2.51119
8.00144 0.230209
7.99275 0.156586
4.39707 1.29459
4.3979 1.34418
4.38654 0.969793
4.38631 0.913601
4.38886 0.786598
4.38643 0.842859
4.40572 1.4648
4.4029 1.42238
4.40142 0.445218
4.40473 0.39686
5.53749 3.68206
5.6115 3.68175
4.43992 0.0400306
4.44658 -0.0118882
7.70413 -0.751029
7.70062 -0.758108
4.57999 2.62976
4.54853 2.49989
7.97167 1.09303
7.96166 1.14773
7.29336 2.61944
7.36766 2.52039
7.48563 -1.12349
7.42626 -1.20954
7.34138 -1.32299
7.27261 -1.40962
7.5519 2.23411
7.52673 2.2772
7.85528 1.55774
7.86685 1.52217
5.67863 -2.61439
5.60458 -2.63227
4.76675 -1.45897
4.86746 -1.79
5.21305 3.60891
5.14901 3.57637
5.33792 3.65296
6.06426 -2.44247
5.9887 -2.48446
5.75724 -2.58906
8.0097 0.308661
7.95702 -0.0416096
7.97002 0.020027
7.94753 -0.085416
4.87601 -1.81507
4.88082 -1.82873
7.65673 -0.841496
7.80432 -0.530161
7.58337 -0.970093
7.38218 -1.27016
7.57389 -0.985895
8.01944 0.617954
6.08857 -2.42782
4.73436 -1.34057
5.40811 3.66859
5.69445 -2.6109
4.64064 -0.986647
4.66337 -1.07783
4.42055 1.65007
4.42304 1.679
4.3928 0.60395
4.39069 0.657692
4.63268 2.81789
4.66362 2.90728
4.38901 1.11284
4.39058 1.1676
4.66837 -1.09672
5.51359 -2.64151
4.99418 -2.13291
5.10193 -2.3563
5.15186 -2.43545
4.38732 1.0406
4.41217 1.55068
4.48201 -0.24905
4.4118 0.308329
4.39633 0.527299
4.47971 -0.235434
4.41896 0.229701
4.59762 2.69772
4.51576 2.33994
4.62395 2.78908
7.23814 2.68847
8.00235 0.879798
7.92014 1.33498
7.42302 2.44087
7.24898 -1.43755
7.62908 2.09408
7.61918 2.11298
7.47059 2.36858
7.90533 1.39075
7.80489 1.70079
5.59427 -2.63317
7.92715 -0.165114
6.72468 3.192
4.43735 1.82292
4.44984 1.92457
4.63745 -0.973553
4.43403 1.78996
4.38831 0.731434
4.67569 2.93915
4.51079 2.31498
7.79565 1.72563
7.73158 1.88053
7.63978 2.07344
4.39313 1.24223
5.68266 3.67574
5.38772 3.66515
8.01728 0.41795
6.71015 3.20301
6.82692 3.10748
4.90029 -1.88566
6.18578 -2.3683
6.34646 -2.26036
6.6216 3.26977
4.43581 1.80717
7.9172 -0.201321
