7.27232 1.50759
7.27603 1.49822
7.45222 0.666202
7.45475 0.595707
7.41278 1.0303
7.42062 0.991107
5.09732 -0.193296
5.09657 -0.190059
5.16507 -0.445976
5.17996 -0.49506
5.39879 -0.998559
5.35033 -0.914173
5.50961 -1.15972
5.52923 -1.18423
5.01342 1.33481
5.01552 1.35311
5.16286 1.99806
5.18533 2.05895
7.20813 1.65043
7.21046 1.64585
7.25853 -0.3288
7.21947 -0.410771
6.47068 -1.26012
6.50204 -1.2395
6.17071 2.64814
6.17652 2.64603
6.40047 2.54921
6.4145 2.54147
7.12749 -0.577613
7.10876 -0.608535
5.55334 2.57183
5.64911 2.62669
7.44973 0.7409
7.45057 0.730538
5.23153 -0.641347
5.20796 -0.576165
5.30855 -0.826031
5.35031 -0.914116
5.05175 1.57936
5.03785 1.50067
5.09979 1.79798
5.09999 1.79864
4.99951 1.19153
4.99175 1.08061
5.46268 2.49846
5.488 2.51928
5.33713 2.34889
5.36332 2.38611
6.08142 -1.41049
6.04193 -1.4128
6.27435 -1.35925
6.28423 -1.35476
5.89454 -1.40836
5.90766 -1.40986
5.23971 2.1804
5.21072 2.11742
6.88083 -0.910333
6.84326 -0.951758
6.69076 -1.09878
6.68329 -1.10536
5.71297 -1.34076
5.65738 -1.30265
7.28816 -0.259382
7.26746 -0.309282
7.35675 -0.065673
7.37985 0.0149863
7.41449 0.166654
7.43022 0.256741
5.06405 -0.0327503
5.07073 -0.0665767
4.98428 0.870115
4.98492 0.908147
4.98643 0.673014
4.9853 0.712682
5.00275 0.401899
4.99851 0.451761
5.0281 0.176526
5.0262 0.189351
5.91377 2.68464
5.95977 2.68464
5.7537 2.66415
5.67369 2.63583
6.97854 -0.794243
6.94365 -0.838252
7.30822 1.4157
7.32103 1.37759
7.39412 1.12098
7.39028 1.13992
7.45343 0.496934
7.44721 0.401591
7.45353 0.500123
7.45379 0.510155
5.13651 -0.34571
5.11377 -0.26068
7.42856 0.933958
7.42286 0.977379
6.58125 2.43245
6.59836 2.4191
6.75523 2.28436
6.75132 2.288
6.8913 2.13759
6.88035 2.15083
7.03129 1.95532
6.98717 2.01648
6.30281 2.59761
6.34594 2.5777
6.4406 2.5266
6.46599 2.5111
5.15601 -0.415146
4.98564 0.946856
4.98683 0.999057
4.98372 0.815675
7.36486 1.23659
7.37941 1.18194
7.33673 1.33009
7.33464 1.33631
5.10965 -0.244506
5.11129 -0.250988
5.18015 -0.495666
5.18095 -0.498294
6.83274 2.20458
6.82272 2.21528
7.03877 1.94427
7.08315 1.87513
7.29358 -0.245767
7.31263 -0.196595
7.3074 1.4182
5.003 1.23637
5.00144 1.21739
7.44703 0.77619
7.44263 0.825783
5.00546 0.372707
5.01052 0.321172
4.98838 0.623185
4.99011 0.582264
7.16114 1.74023
7.15132 1.75857
5.05487 0.0167758
5.04676 0.0600377
4.98377 0.77787
7.08311 -0.64878
7.0443 -0.705822
7.2403 1.58268
7.30642 1.42105
7.45446 0.584408
7.45173 0.692515
7.422 0.982176
7.40934 1.05032
5.08583 -0.141623
5.10136 -0.211344
5.35032 -0.914144
5.43872 -1.06459
5.57725 -1.23354
5.47284 -1.11084
5.07427 1.68964
5.09941 1.79651
6.66788 2.36331
6.67809 2.35435
5.39604 2.4261
5.4572 2.49342
6.17713 -1.39148
6.20298 -1.3831
5.80379 -1.38361
5.87989 -1.4043
5.19864 2.09094
5.14867 1.956
6.70347 -1.08718
6.76902 -1.02649
7.22474 1.61644
7.1813 1.70233
7.20845 -0.432323
7.26663 -0.311172
7.38914 0.051526
7.40791 0.133074
4.98436 0.739547
5.0116 0.311149
5.02586 0.191855
5.76678 2.6671
5.85628 2.6819
6.5697 -1.19395
6.38881 -1.30624
6.96966 2.03951
6.93501 2.08446
6.0645 2.67317
6.0195 2.67818
6.15372 2.65237
6.27794 2.60928
7.00592 -0.758262
7.16844 -0.506624
7.23623 1.59179
7.23823 1.58731
5.65223 2.62822
5.54144 2.56322
7.44934 0.747494
5.26438 -0.72798
5.19674 -0.544521
5.26827 -0.737094
5.27167 -0.744694
5.45049 -1.08118
5.62167 -1.27592
5.03215 1.4672
5.06557 1.64775
5.131 1.90265
5.0161 1.35701
5.30289 2.29511
5.98718 -1.41645
6.17245 -1.39238
6.37293 -1.31504
5.75924 -1.36371
5.27222 2.24475
5.28509 2.26708
6.80979 -0.987148
6.91296 -0.874257
6.60536 -1.16671
7.13478 1.78815
7.0971 1.85234
7.18605 -0.474994
7.29072 -0.253101
7.31681 -0.185095
7.34677 -0.0982414
7.43348 0.27991
5.07947 -0.111576
5.0585 -0.00326797
4.98729 0.647483
4.9913 0.559796
4.99703 0.470692
5.00411 0.386476
5.0451 0.0699988
7.44606 0.388899
7.38385 1.16352
7.39752 1.10709
7.45351 0.498742
7.35854 1.2583
7.40299 1.07839
7.43366 0.902298
6.73988 2.29843
6.51356 2.48057
6.80965 2.22908
6.85886 2.17591
7.03702 1.947
6.49524 2.49334
7.43944 0.856995
6.29007 2.60381
6.38614 2.5574
