7.55071 0.0360073
7.55795 0.0664604
7.52369 1.25451
7.51564 1.28629
5.36593 -1.39082
5.39951 -1.43843
5.67123 -1.669
5.70118 -1.68109
5.0619 -0.735014
5.05974 -0.72804
5.12974 -0.924771
5.14868 -0.974722
6.56781 2.68987
6.56186 2.69432
4.82072 0.780996
4.81858 0.841582
5.13373 2.47652
5.1513 2.50887
7.17017 -0.823898
7.12853 -0.885486
6.15363 2.9054
6.17077 2.89887
5.89816 2.95637
5.94342 2.95275
7.03344 2.2421
7.0296 2.24713
6.37419 2.80824
6.34383 2.82496
7.56955 0.124132
7.58393 0.20837
7.52973 -0.048567
7.51289 -0.111432
7.44708 -0.302306
7.4641 -0.257497
7.35991 -0.499264
7.34462 -0.531125
7.38853 1.64326
7.37306 1.67812
7.45644 1.46985
7.4421 1.509
5.53387 2.89108
5.60147 2.91865
5.33759 2.75382
5.38293 2.79372
5.32779 -1.33592
5.29384 -1.27762
4.82537 1.11237
4.8313 1.21709
4.84652 1.38853
4.85363 1.45443
4.88451 1.67516
4.88617 1.68583
5.76847 -1.70191
5.85765 -1.71612
4.99071 -0.492516
5.00651 -0.549176
5.50639 -1.5577
5.52831 -1.57585
5.20574 -1.10516
5.18129 -1.05004
4.93122 1.9069
4.94798 1.97437
4.87098 0.100615
4.86262 0.16195
4.83792 0.38981
4.83628 0.405719
4.82038 0.709957
4.82207 0.650672
4.81867 0.850817
4.81995 0.971253
5.23687 2.64015
5.22836 2.62751
6.24259 -1.63901
6.27253 -1.62443
4.98616 2.11222
4.97868 2.08803
7.01256 -1.03337
6.99638 -1.05251
5.73613 2.95222
5.74054 2.95249
6.63809 -1.39762
6.6905 -1.35437
6.43931 -1.53641
6.48974 -1.50353
7.60757 0.42848
7.60353 0.368773
7.61245 0.612054
7.61271 0.580635
7.59387 0.891591
7.58822 0.939617
4.95153 -0.33182
4.97122 -0.416387
7.08458 -0.94159
7.12844 -0.885611
7.21973 -0.749629
7.24188 -0.714779
6.85914 -1.20141
6.85558 -1.20503
7.26631 1.89167
7.25808 1.90679
4.90722 -0.124246
4.90663 -0.121065
7.41671 -0.377442
7.40716 -0.399365
7.57209 1.03617
7.56512 1.07798
6.73505 2.55696
6.76705 2.52795
6.91069 2.38637
6.9096 2.38754
7.16924 2.05236
7.1309 2.10922
7.50403 -0.139041
7.49412 -0.170269
7.38528 -0.447686
7.31959 -0.579841
7.32961 -0.560554
7.42365 1.55792
7.47249 1.42428
4.8243 1.09601
4.8337 1.24906
4.8202 0.715853
4.82018 0.981781
6.65114 2.62745
6.65371 2.62537
7.55416 1.12688
7.563 1.08889
7.60494 0.78602
7.60294 0.809579
7.5881 0.94039
7.58817 0.939965
4.9368 -0.267198
4.97559 -0.43457
7.40929 1.59362
7.48789 1.38022
7.48682 1.3834
4.8235 1.04009
5.71686 -1.68699
5.76093 -1.70055
5.01996 2.21609
5.05152 2.29975
7.21046 1.98819
7.22181 1.96988
6.05483 -1.70031
6.0483 -1.70213
6.42161 2.78307
6.45136 2.76523
4.8376 1.29612
4.82002 0.721512
4.98503 -0.47199
4.83129 0.467868
4.82853 0.509179
7.5635 0.0938037
7.54367 0.00405788
5.43504 2.83382
5.48148 2.86291
5.4238 -1.47013
5.34352 -1.35965
4.84119 1.33651
4.92855 -0.228474
4.93192 -0.244494
5.06548 -0.74622
5.03167 -0.635675
5.16617 -1.01583
5.11662 -0.889298
4.90715 1.79762
4.91268 1.82297
6.52363 2.71946
6.57352 2.6857
6.84006 2.45886
6.90572 2.39157
5.18264 2.56001
5.11733 2.44335
6.16674 -1.66755
6.14479 -1.6763
7.12847 -0.885574
7.18621 -0.800837
6.93116 -1.12532
6.98794 -1.06241
6.12281 2.91455
6.25979 2.86448
5.99137 2.94458
5.83941 2.9586
6.53816 -1.47174
6.59345 -1.43098
7.02076 2.2582
7.0812 2.17879
7.61123 0.520726
7.60991 0.473577
6.3188 2.83656
6.3981 2.79599
7.58998 0.249309
7.35116 1.72598
5.63385 2.9296
5.29996 2.71474
7.60026 0.334866
5.46301 -1.51335
5.26355 -1.22171
4.86328 1.53045
4.86862 1.57088
4.86612 1.55277
4.89252 1.72178
5.91349 -1.71554
5.76309 -1.70116
5.58225 -1.6184
5.61372 -1.63697
5.0125 -0.570204
4.98951 -0.488164
5.09585 -0.832305
5.24785 -1.19308
5.23419 -1.16701
4.95788 2.0145
4.88316 0.0188218
4.85517 0.221539
5.24287 2.6482
5.09061 2.3894
5.06277 2.32717
6.34149 -1.59196
5.95319 -1.71573
6.04053 -1.70336
4.99097 2.12668
6.86368 -1.19672
7.04104 -0.998495
6.28554 2.85293
6.04819 2.93463
5.73408 2.95189
6.73916 -1.31342
6.37803 -1.5712
6.78184 -1.27428
7.2934 -0.628433
7.28477 -0.64342
7.61141 0.690265
6.60932 2.65856
6.64813 2.62995
4.90892 -0.133239
6.47619 2.75056
7.06528 -0.967099
4.88913 -0.018564
7.54068 1.18916
7.54856 1.15479
7.51006 1.30574
7.56382 1.08432
7.5763 1.01421
6.82252 2.47634
6.69027 2.5946
6.97458 2.31327
7.1046 2.14623
7.17858 2.03835
7.608 0.746077
7.61099 0.702378
7.47689 -0.222036
7.43688 -0.328885
7.29688 -0.62233
4.84177 0.343856
4.84575 0.302831
4.83333 0.440972
4.82395 0.593701
4.82471 0.576785
7.59737 0.863632
7.29359 1.84166
7.32417 1.78271
7.22741 1.96047
4.85076 0.2593
5.01679 2.20737
7.33951 1.75073
7.53047 1.22964
5.64628 -1.65622
4.84791 0.282372
4.83919 0.372116
4.8222 0.643582
5.00806 2.18034
7.32721 1.77672
7.27796 1.87093
7.39278 -0.431902
7.38993 -0.43803
4.82798 0.520274
4.82724 0.530565
