5.9382 2.44737
5.97663 2.45046
6.18741 2.42257
6.18885 2.42206
7.21768 1.24323
7.22985 1.20531
5.13432 1.02988
5.13444 1.03168
7.29925 0.878329
7.30646 0.8025
5.37527 -0.548477
5.38005 -0.559335
5.46829 -0.737824
5.477 -0.751877
5.19382 1.48757
5.21338 1.5782
5.4045 2.07393
5.39032 2.05011
5.52011 2.23123
5.57507 2.288
7.19059 -0.114582
7.19671 -0.0982169
5.20655 0.00792221
5.19651 0.0591072
5.12768 0.716314
5.1278 0.709312
7.30597 0.379961
7.30412 0.362923
6.6868 2.12268
6.77075 2.03549
6.40281 2.33226
6.41539 2.32473
5.6752 2.36352
5.77102 2.41075
6.84137 -0.713289
6.86226 -0.689271
6.74972 -0.812859
6.70431 -0.855733
7.01488 -0.475722
6.99866 -0.501937
7.29885 0.881588
7.28262 0.977039
5.57702 -0.900139
5.55104 -0.867338
5.24775 1.70239
5.22003 1.60467
5.15684 1.2618
5.16365 1.30999
6.30174 -1.1181
6.32212 -1.10912
5.31683 1.89858
5.32922 1.92557
6.52703 -0.998979
6.5097 -1.0111
6.9792 1.76392
6.96871 1.7798
7.08575 1.57351
7.1159 1.51085
5.91782 -1.14709
5.95569 -1.15458
5.73256 -1.056
5.72194 -1.04736
6.10821 -1.16347
6.06777 -1.16342
7.07877 -0.362826
7.10892 -0.303736
7.26244 0.1219
7.26377 0.127375
5.22314 -0.0716974
5.23871 -0.130853
5.13634 0.512118
5.13611 0.515331
5.16237 0.266727
5.16686 0.235312
6.64501 2.15871
6.61349 2.18648
7.31593 0.633833
7.31643 0.590609
7.24108 1.16463
7.25292 1.12086
7.2744 1.0252
7.27395 1.02766
6.52453 2.25526
6.53613 2.24662
7.27545 1.02027
7.29898 0.880723
5.29165 -0.3215
5.29054 -0.317875
5.25321 -0.188667
5.2614 -0.218525
5.2221 -0.0675172
5.12856 0.911546
5.12843 0.904753
6.56558 2.22365
6.59853 2.19921
6.84025 1.95639
6.80325 1.99944
6.51221 2.26421
6.42676 2.31748
5.12726 0.832191
5.12738 0.847016
6.68469 2.12474
6.68374 2.12561
5.13362 1.01735
5.32487 -0.415752
5.33371 -0.440231
7.29905 0.880239
5.22147 -0.0648859
5.2187 -0.0528317
5.27575 -0.268822
5.27235 -0.25682
6.01977 2.44784
5.87308 2.43967
6.18367 2.42339
6.29455 2.38494
6.62791 -0.92427
6.61808 -0.93195
6.98516 -0.522103
6.93238 -0.597461
5.14315 1.14632
5.38485 -0.569599
5.34248 -0.464042
5.51994 -0.820482
5.46196 -0.726993
5.21788 1.59686
5.18765 1.45494
6.20475 -1.14827
6.21017 -1.14659
5.35829 1.98779
5.42509 2.10526
5.59103 2.3014
5.48126 2.18659
7.04992 1.64299
7.04112 1.65945
5.82446 -1.11221
5.82054 -1.11004
7.15519 -0.203272
7.23102 0.00498468
5.1912 0.0866988
5.20905 -0.00420347
5.1291 0.650181
5.12737 0.774474
5.13884 0.481934
5.14734 0.388275
7.28807 0.249373
7.3145 0.487068
5.79316 2.41795
6.08147 2.44397
5.67119 2.36125
6.78577 -0.774908
6.8773 -0.670827
6.58001 -0.960225
7.05866 -0.400331
7.13351 1.47186
7.15808 1.4127
5.14544 1.16834
5.31155 -0.379032
5.42379 -0.65122
5.63874 -0.972987
5.6412 -0.975877
5.64224 -0.977018
5.17355 1.37584
5.26718 1.76284
5.2812 1.8056
6.40027 -1.07428
6.18714 -1.15132
5.30329 1.86607
5.45824 2.1552
6.42811 -1.05867
6.99813 1.73327
6.91926 1.85135
7.03453 1.67111
6.01244 -1.1636
5.83703 -1.11688
7.14024 -0.237068
7.23311 0.0117975
7.28582 0.236447
5.18076 0.147083
5.12929 0.644124
5.14854 0.377144
5.12955 0.638355
7.31582 0.518574
6.60677 2.19213
6.68234 2.12687
7.31397 0.687437
7.20079 1.29772
7.18006 1.35553
7.256 1.1095
7.23208 1.19721
7.26355 1.07325
5.26666 -0.237916
5.24764 -0.167564
6.85429 1.93935
6.86716 1.92284
7.31069 0.754424
5.12718 0.781884
5.12813 0.897733
6.30539 2.38006
6.90025 1.87798
7.20804 1.27529
6.31667 2.37446
6.36114 2.35373
7.16883 1.38676
7.3127 0.723846
6.88871 1.89438
5.24421 -0.154339
