6.15546 -2.57913
6.2194 -2.53366
7.9871 -0.351224
8.01564 -0.257949
4.84733 3.6165
4.83408 3.60358
4.71361 -1.79692
4.72762 -1.84967
4.28187 1.35822
4.27751 1.3022
4.26946 0.974438
4.26947 0.977238
4.27121 0.850236
4.27011 0.789916
4.2865 1.4716
4.28739 1.48598
5.76801 3.84859
5.75721 3.85114
4.28329 0.452516
4.28254 0.464
4.34132 2.06037
4.34703 2.11032
4.92814 -2.54412
4.91304 -2.49963
4.32781 -0.0166227
4.32013 0.0451382
7.78287 -0.840294
7.8329 -0.738908
4.55815 3.10447
4.54509 3.06696
5.0285 3.76429
5.07806 3.79137
5.21031 3.84395
5.27718 3.86114
4.88308 -2.40594
4.89918 -2.45639
7.12561 2.99012
7.17 2.94353
7.421 2.63958
7.43107 2.62607
7.27086 -1.58892
7.22732 -1.63777
4.64242 3.30742
4.62541 3.27308
5.45428 -2.97479
5.49757 -2.96234
5.35367 -2.99995
5.37715 -2.99408
4.80226 -2.12731
4.81834 -2.17949
8.12705 0.660348
8.1261 0.693199
4.97149 -2.6668
4.98046 -2.68655
5.04308 -2.82034
5.04104 -2.81574
5.22413 -2.99028
5.24466 -2.99741
5.13027 -2.93507
5.1615 -2.95644
4.75106 -1.93621
4.75658 -1.96006
5.72439 -2.85557
5.65024 -2.89491
5.78799 -2.81814
5.73649 -2.84929
4.67356 -1.64412
4.67055 -1.63163
8.06555 -0.0646834
8.06759 -0.0556487
6.68624 3.38385
6.6918 3.37977
6.89544 3.2121
6.89634 3.21133
5.98097 3.78331
5.93318 3.79899
7.72043 -0.956519
7.72755 -0.943414
6.22114 3.67834
6.24364 3.66713
6.46281 3.54025
6.48164 3.52861
7.05474 3.06343
7.23095 2.87572
7.20408 2.9066
7.61051 -1.13636
7.64957 -1.07574
6.96707 -1.91034
6.98909 -1.88848
6.79848 -2.06619
6.86659 -2.00536
7.07604 -1.80064
7.05773 -1.81946
4.78423 3.54263
4.73914 3.48081
8.11833 0.801826
8.11978 0.784072
6.66022 -2.18668
6.62478 -2.21568
7.93256 -0.506196
7.92752 -0.519071
4.83248 3.60197
4.83036 3.59949
8.12786 0.456596
8.12572 0.404405
4.29795 1.6397
4.29593 1.61428
4.27577 0.601148
4.27602 0.594408
4.47992 -0.840791
4.48553 -0.865554
4.2714 1.10816
4.27129 1.10424
4.36686 2.24743
4.3679 2.25459
7.15166 -1.7198
7.18002 -1.68903
5.9382 -2.72785
5.94573 -2.72268
4.5805 -1.26667
4.57058 -1.22754
4.64798 -1.54279
4.62861 -1.46225
5.7473 3.85278
5.75397 3.85169
5.86968 3.82077
4.39172 -0.416086
4.38196 -0.363809
4.43322 -0.624442
4.42328 -0.577193
4.379 2.31493
4.38649 2.37246
4.3695 -0.293258
4.35316 -0.193385
7.79354 2.00654
7.74997 2.09732
7.87773 1.81148
7.84083 1.90071
4.38893 2.38595
4.40359 2.47602
4.43975 2.66742
4.4422 2.68038
5.08006 3.79241
5.07961 3.79221
5.28234 3.86225
5.35284 3.87408
8.038 1.3051
8.0595 1.20741
8.08648 1.06013
8.10389 0.937155
7.34674 2.73731
7.36384 2.71524
7.47469 2.56445
7.4938 2.53668
6.88421 -1.98855
6.96273 -1.91472
7.66304 2.26171
7.69655 2.20103
7.5833 2.3983
7.60347 2.36522
4.70253 3.42169
4.69746 3.41389
5.42672 -2.98522
5.3352 -3.00266
4.7635 -1.98896
4.79112 -2.08316
4.86206 -2.33215
4.85071 -2.29129
7.94445 1.63049
7.9216 1.69628
7.99692 1.46327
7.98176 1.51588
5.27169 -2.99977
5.73236 -2.85149
5.7303 -2.85249
5.61153 -2.91397
5.60707 -2.91575
5.60154 -2.91832
6.50055 -2.31767
6.53136 -2.29357
8.03963 -0.171636
7.97236 -0.397267
7.93692 -0.494634
6.64027 3.41873
6.62256 3.43125
6.8436 3.25755
6.84458 3.25674
6.07892 3.74513
6.02834 3.76481
5.64299 3.87098
4.32072 1.89561
4.32501 1.93312
4.35044 2.13602
6.20367 3.68733
6.09588 3.73782
6.25968 3.65889
6.31275 3.63026
6.42643 3.5634
6.37752 3.59202
7.28112 2.81873
6.71009 -2.1433
6.7696 -2.09248
7.04575 -1.8313
4.7386 3.4801
8.12489 0.713417
8.11791 0.807163
6.33548 -2.44732
6.34253 -2.44201
6.46798 -2.34442
6.40671 -2.39267
6.68628 -2.16394
4.92939 3.69518
4.96665 3.72391
8.12305 0.356452
8.12951 0.533406
4.54465 -1.11922
4.55604 -1.16694
4.51852 -1.00802
4.52615 -1.04081
4.49252 2.88673
4.48371 2.85498
4.53551 3.03659
4.51819 2.97993
7.36933 -1.47139
7.40586 -1.42554
7.31872 -1.53309
7.29557 -1.56028
4.46099 -0.758343
4.46805 -0.788492
4.49691 -0.914658
6.0019 -2.6861
6.03551 -2.66356
4.60308 -1.35865
4.58337 -1.27806
4.61252 -1.39595
7.97962 -0.375625
4.91919 3.687
4.91091 3.67925
8.10084 0.13992
8.09274 0.0813319
4.50558 -0.952331
4.51156 -0.977734
4.27329 0.723233
4.27022 0.783496
5.513 3.88224
5.57058 3.87851
4.33467 2.01638
4.33252 1.99674
4.31569 1.84126
4.31215 1.8059
4.2987 0.252281
4.2955 0.288419
4.87713 -2.38208
4.87111 -2.36071
8.11077 0.868724
7.46626 -1.34662
7.50994 -1.28641
5.8271 -2.79537
5.84634 -2.78425
8.04918 -0.134614
7.90851 -0.565392
7.89127 -0.608717
6.53662 3.49197
6.56299 3.47345
7.04076 3.07707
7.04648 3.07164
8.12925 0.582404
4.30891 1.77351
4.30629 1.7423
8.10799 0.190868
8.10978 0.207063
4.73289 -1.87099
4.27654 1.23123
4.27685 1.28764
6.74321 3.33983
6.79024 3.30151
7.28669 2.81179
7.29304 2.80424
6.94705 3.16584
6.99304 3.12263
6.09957 -2.61961
6.23741 -2.52013
4.69464 -1.72569
8.11611 0.273225
8.11149 0.22407
4.27739 1.29473
4.28335 1.41085
4.26998 1.03763
4.26967 0.913738
4.27025 0.786737
4.26967 0.910814
4.29019 1.53204
4.28397 1.42183
4.412 -0.520529
4.39509 -0.434433
4.27941 0.520157
4.28677 0.39878
5.4282 3.88167
5.43536 3.88175
4.93859 -2.57829
4.91045 -2.49196
4.31202 0.118584
4.33558 -0.0747272
7.83986 -0.723949
7.77815 -0.849465
7.83731 1.90885
7.79643 2.00039
4.41284 2.52575
4.42212 2.57868
4.56216 3.11474
4.53709 3.04228
5.17085 3.83035
5.28002 3.86186
8.06411 1.18446
8.08484 1.07031
7.21808 -1.6482
7.2736 -1.58582
4.61658 3.25158
4.65984 3.34479
5.51972 -2.95205
5.56698 -2.93414
4.94957 -2.60626
5.00657 -2.75001
5.08298 -2.88204
5.07636 -2.87062
5.03129 -2.7969
5.0114 -2.75878
5.10576 -2.90756
5.18408 -2.9737
4.70145 -1.75025
8.12064 0.32119
8.07923 0.00423552
8.09036 0.0652
8.06255 -0.0779241
7.71964 -0.957883
7.88438 -0.62449
7.65938 -1.05966
7.57774 -1.18728
7.56093 -1.21222
7.52734 -1.26151
6.3427 -2.44188
6.40601 -2.39323
6.08419 -2.63004
6.07285 -2.63759
5.42632 3.88153
4.5315 -1.06368
4.54098 -1.10388
4.29292 1.57082
4.30087 1.67843
4.27851 0.537696
4.27394 0.659592
4.51311 2.9611
4.50041 2.91749
7.32129 -1.52998
7.36276 -1.47963
4.27008 1.0439
4.27328 1.16773
5.9022 -2.75011
5.98684 -2.69624
5.98877 -2.69486
4.55793 -1.17467
4.27002 1.04074
4.2914 1.55013
4.37268 -0.310946
4.45261 -0.720655
4.28784 0.384464
4.2789 0.52921
4.347 -0.153924
4.30699 0.166313
7.74635 2.10455
7.88308 1.79812
7.91492 1.71441
7.70157 2.19162
4.44876 2.71106
4.46478 2.78052
4.4681 2.79351
5.00513 3.74986
5.01845 3.7587
5.14347 3.8208
5.4229 3.8812
8.02752 1.34869
8.10459 0.931591
8.00842 1.42229
7.53679 2.47234
7.55295 2.44712
7.41143 2.65303
7.4155 -1.41307
7.45738 -1.35877
7.65101 2.28317
7.62377 2.33081
4.67076 3.36403
4.59383 3.19905
4.84195 -2.26416
4.83038 -2.22187
7.95249 1.60687
7.97217 1.54674
5.89272 -2.75636
5.87068 -2.77024
6.7362 3.34528
6.94465 3.16801
6.09128 3.74001
6.31548 3.62883
6.50306 3.51425
6.27906 -2.48974
6.46951 -2.34321
6.59203 -2.2437
6.53306 -2.29224
4.3035 1.7089
4.27378 0.665039
4.47328 2.8132
4.45447 -0.729105
4.27344 1.17285
4.94436 -2.59271
5.60132 3.87636
6.27345 -2.49385
4.4537 -0.725406
4.9084 -2.48666
6.3442 3.61188
4.58156 3.1665
6.84552 3.25595
6.09328 3.73906
4.33006 1.97499
6.59663 -2.23996
4.59232 3.19506
6.46953 -2.3432
6.99522 3.12055
6.79236 3.29976
6.57661 3.4638
