6.17092 -2.59167
6.19579 -2.57398
8.00638 -0.333799
8.03049 -0.254987
4.6829 -1.7509
4.70685 -1.84107
4.2673 1.35824
4.26246 1.29601
4.25676 0.850253
4.2557 0.791947
6.84773 3.27356
6.80213 3.31127
4.27213 1.47997
4.2725 1.48591
4.26799 0.461914
4.26784 0.464239
4.32538 2.06021
4.3299 2.09968
4.89961 -2.5468
4.89244 -2.52567
4.31183 -0.00680752
4.30634 0.0373312
7.79938 -0.837
7.84231 -0.749998
7.80874 2.00511
7.84996 1.91299
5.03134 3.79752
5.06626 3.81659
5.23138 3.87709
5.197 3.86825
4.86659 -2.4383
4.87709 -2.4712
7.13067 3.00546
7.1855 2.94793
8.07866 1.17868
8.09793 1.07146
7.43162 2.64795
7.44733 2.62685
4.66989 3.41175
4.6788 3.42916
4.61301 3.29847
4.60764 3.28763
5.36632 -3.04665
5.41195 -3.03525
8.14127 0.630116
8.1397 0.684654
4.95289 -2.71225
4.94563 -2.68749
5.21646 -3.05231
5.22334 -3.05361
5.02087 -2.86939
5.00321 -2.82952
5.16403 -3.03307
5.19566 -3.04404
5.10527 -2.99027
5.07261 -2.94835
4.73048 -1.92998
4.739 -1.9668
5.70421 -2.89955
5.65812 -2.924
5.78854 -2.84747
5.81088 -2.83396
4.6749 -1.72035
4.65164 -1.6238
6.64258 3.4372
6.64069 3.43856
5.98433 3.80349
5.96612 3.80946
5.7275 3.87958
5.76076 3.87246
6.23316 3.69231
6.26206 3.67791
6.47401 3.55327
6.48396 3.54712
7.057 3.08168
7.24597 2.87999
7.20923 2.92221
7.61975 -1.14724
7.66752 -1.0731
7.51918 -1.29731
7.51954 -1.2968
6.98367 -1.91363
7.06179 -1.83608
6.81661 -2.06979
6.87057 -2.02161
4.76452 3.55876
4.7397 3.52473
6.65977 -2.20725
6.63471 -2.22775
7.94232 -0.517691
7.93094 -0.546749
8.14101 0.444278
8.13959 0.409611
4.28219 1.62991
4.28095 1.61421
5.58772 3.9012
5.60108 3.89956
7.72957 -0.967295
7.67812 -1.05528
4.46654 -0.850237
4.4675 -0.854491
6.94928 3.18359
6.96095 3.17263
4.3494 2.23659
4.35335 2.26366
7.15558 -1.73583
7.19156 -1.6968
5.93762 -2.75481
5.96347 -2.73707
6.03496 -2.68897
6.04754 -2.67979
4.63363 -1.55292
4.60244 -1.42322
4.25517 0.982755
4.25514 0.977255
5.87311 3.84136
5.78619 3.86515
4.378 -0.423855
4.37795 -0.423569
4.41989 -0.631988
4.40615 -0.566682
4.36275 2.31477
4.37053 2.37451
4.35317 -0.283229
4.33972 -0.200995
7.89283 1.81005
7.89642 1.80069
7.71172 2.20138
7.75888 2.1093
4.37502 2.40438
4.38824 2.48559
4.41981 2.65501
4.42645 2.6902
5.33944 3.89855
5.31251 3.89403
8.04911 1.31608
8.0752 1.19754
7.35195 2.75308
7.38063 2.71605
7.48004 2.58065
7.50976 2.53745
6.90159 -1.992
6.96666 -1.93082
7.67195 2.2737
7.70428 2.21518
7.59202 2.41003
7.61889 2.36596
5.30228 -3.05606
4.74968 -2.01141
4.77018 -2.08135
4.82626 -2.28917
4.80981 -2.22908
4.78754 -2.15014
4.78763 -2.15051
7.95905 1.62911
7.93211 1.70667
8.01108 1.46194
7.99248 1.52648
5.85922 -2.80487
5.87152 -2.79694
5.63528 -2.93525
5.73949 -2.87778
6.51098 -2.33036
6.5326 -2.31345
8.05076 -0.182056
7.9829 -0.407132
7.95216 -0.491595
6.64284 3.437
6.6965 3.39593
6.86051 3.26235
6.90496 3.2233
6.03945 3.78163
6.04654 3.77858
5.7703 3.8697
5.64677 3.89367
4.30629 1.90461
4.30953 1.93296
4.33591 2.14507
6.20604 3.70627
6.12137 3.74593
6.42877 3.58205
6.39969 3.59907
7.28624 2.83424
6.72897 -2.14705
6.77362 -2.10892
7.06307 -1.83474
4.79226 3.59295
8.13769 0.718218
8.13189 0.798374
6.30039 -2.49539
6.34205 -2.46403
6.42793 -2.39688
6.46907 -2.36448
6.55136 -2.29754
6.59618 -2.26071
6.69594 -2.17568
4.93069 3.73119
4.95028 3.7463
8.13782 0.37776
8.14305 0.538483
4.53134 -1.12862
4.5406 -1.16746
4.50517 -1.01744
4.51073 -1.04132
4.26152 0.592892
4.26145 0.594645
4.4691 2.87216
4.46472 2.85636
4.5107 3.02115
4.49853 2.98136
7.38917 -1.46847
7.41726 -1.43321
7.29172 -1.58585
7.33012 -1.54076
4.45425 -0.794088
4.45315 -0.788987
4.48157 -0.915167
4.25678 1.09969
4.25686 1.10425
4.58897 -1.3686
4.57183 -1.29847
4.59395 -1.38827
7.99447 -0.372663
4.90307 3.70905
4.88065 3.68806
8.11536 0.145369
8.10994 0.106139
4.49227 -0.961719
4.49617 -0.978245
4.25885 0.72325
4.25587 0.781659
7.05018 3.08842
7.00467 3.13168
6.74545 3.3577
6.75427 3.35041
5.56303 3.90281
5.49948 3.90693
4.32012 2.02545
4.31697 1.99658
4.29949 1.83121
4.29695 1.80574
4.28314 0.261834
4.2815 0.280489
5.29539 -3.05754
4.85609 -2.39619
4.84561 -2.35895
8.12389 0.870087
8.13075 0.811005
8.11624 0.943113
8.11818 0.928168
4.53884 3.11195
4.53698 3.10601
5.49038 -3.00626
5.50738 -2.99852
8.06447 -0.128876
7.91847 -0.57713
7.90717 -0.605546
6.53893 3.51037
6.5833 3.47922
8.14286 0.573852
4.29462 1.78242
4.29123 1.74214
7.23978 -1.64501
7.23865 -1.64629
8.12015 0.179483
8.12379 0.212317
4.71586 -1.87752
4.26203 1.23125
4.26236 1.29342
6.31783 3.64759
6.33519 3.6374
7.29746 2.82027
7.31023 2.80507
4.81281 3.61912
4.83182 3.63986
6.11806 -2.62995
6.25189 -2.53188
4.67911 -1.73666
8.13023 0.278522
8.12724 0.246799
4.26243 1.29475
4.26902 1.41919
4.25585 0.786754
4.25529 0.908322
4.27581 1.54041
4.26917 1.42176
4.39849 -0.528178
4.37802 -0.423955
4.26428 0.528039
4.27206 0.399019
4.92134 -2.62045
4.91768 -2.6064
4.90797 -2.57414
4.88417 -2.49443
4.29631 0.128238
4.32194 -0.0824466
7.85592 -0.720744
7.78738 -0.860334
5.29179 -3.05839
7.85235 1.90743
7.80538 2.01243
4.39347 2.51369
4.40657 2.58837
4.53439 3.09745
4.51699 3.04374
5.13926 3.84834
5.26677 3.88605
8.09962 1.06101
8.07555 1.19578
5.28455 -3.05893
7.28514 -1.59359
4.70436 3.47023
4.64162 3.3597
4.58944 3.24331
4.63055 3.3361
5.57391 -2.96802
5.56548 -2.97194
5.57595 -2.96725
4.97718 -2.77125
5.05956 -2.93373
5.03231 -2.88667
4.98608 -2.79644
5.14747 -3.02242
5.15828 -3.03068
4.68047 -1.74157
8.13315 0.309476
8.09419 0.00984755
8.10226 0.0540603
8.08282 -0.0486889
7.73667 -0.954488
7.89396 -0.635774
7.66889 -1.07086
7.59568 -1.18464
7.56994 -1.22284
7.51852 -1.29823
6.36475 -2.44625
6.40554 -2.41491
4.51816 -1.07309
4.52555 -1.10439
4.27727 1.5611
4.28585 1.67837
4.48902 2.94611
4.48109 2.9189
7.34144 -1.52701
7.37416 -1.4873
5.92081 -2.7652
5.98627 -2.7224
6.00563 -2.70854
6.08365 -2.65503
4.54466 -1.18404
4.56539 -1.27061
4.25533 0.919165
4.25564 1.04075
4.27646 1.55006
4.35949 -0.318413
4.43567 -0.710255
4.2642 0.529449
4.27244 0.39392
5.43018 3.90626
5.45853 3.90667
5.41492 3.90593
4.33082 -0.143985
4.29312 0.158459
7.76192 2.10308
7.89252 1.81082
7.92977 1.71301
7.71053 2.20367
4.44427 2.77348
4.44827 2.79081
4.4491 2.79405
4.37159 2.38176
4.97051 3.75994
5.00517 3.78294
5.12606 3.84339
5.13013 3.84517
5.36859 3.90151
8.04372 1.33851
8.01921 1.43296
7.54223 2.48885
7.5685 2.44787
7.41667 2.66893
7.43506 -1.4102
7.46647 -1.36948
7.66623 2.28391
7.63261 2.34271
4.63929 3.35445
4.71951 3.49572
4.57643 3.21329
4.82634 -2.28951
4.80729 -2.21987
4.84551 -2.3585
7.96306 1.61732
7.98661 1.54538
5.8969 -2.78095
5.84103 -2.8164
6.02171 3.78889
6.0944 3.75876
6.26776 3.6748
6.52336 3.52071
6.27857 -2.51242
6.49034 -2.34735
6.6117 -2.2476
4.28763 1.69905
4.25958 0.656807
4.45039 2.79896
4.4418 -0.738054
4.46328 -0.835887
4.25869 1.16429
6.08918 -2.65084
4.25883 1.17112
4.25935 0.662822
5.43778 -3.02602
4.43925 -0.725886
6.35572 3.62528
4.55941 3.16811
4.54866 3.13941
4.78773 -2.15091
4.8052 -2.21252
8.07918 -0.0664988
6.1061 3.7532
4.31335 1.96461
4.5626 3.17656
5.57788 -2.96636
6.5873 3.47638
