6.14928 -2.57412
6.22883 -2.51754
4.67719 -1.6301
4.67853 -1.63494
7.97939 -0.358189
8.0097 -0.259134
4.90283 3.65581
4.84576 3.60018
4.72589 -1.81531
4.73592 -1.8531
4.28769 1.35822
4.28361 1.30574
4.27533 0.971024
4.27535 0.977231
4.27699 0.850229
4.27595 0.7933
4.29225 1.46826
4.29334 1.48601
5.78553 3.83518
5.75573 3.84223
4.28941 0.448759
4.28842 0.463904
4.34769 2.06044
4.35388 2.11458
4.93955 -2.54305
4.93122 -2.51853
4.33419 -0.0205464
4.32564 0.0482591
7.77627 -0.841611
7.82914 -0.734475
4.54567 3.04292
4.56688 3.10384
5.02736 3.75101
5.04516 3.76074
5.21563 3.83423
5.26074 3.84583
4.88967 -2.39301
4.90801 -2.45046
7.12359 2.98398
7.16381 2.94178
7.41676 2.63624
7.42457 2.62575
6.96033 -1.909
6.95551 -1.9136
7.26213 -1.5902
7.22258 -1.63458
4.65417 3.311
4.63252 3.26727
5.42722 -2.96681
5.49361 -2.94773
5.55998 -2.92189
5.53586 -2.93134
4.80807 -2.11787
4.83068 -2.19125
8.12136 0.672433
8.12067 0.696615
5.31746 -2.97864
5.34798 -2.98077
4.97859 -2.64946
4.9993 -2.69506
5.05155 -2.80166
5.0575 -2.80974
5.24816 -2.97318
5.25462 -2.97542
5.18601 -2.9462
5.13961 -2.91445
4.75929 -1.9387
4.76361 -1.95736
5.69148 -2.85973
5.64708 -2.88328
5.77884 -2.81182
5.74894 -2.8299
8.05933 -0.0670145
8.0629 -0.0512566
6.68206 3.37893
6.69088 3.37245
6.89143 3.20739
6.89542 3.20398
5.97963 3.77525
5.92001 3.7948
4.37298 2.24592
4.37374 2.25095
7.71656 -0.951961
7.7551 -0.881072
6.21633 3.67276
6.23387 3.66402
6.45833 3.53505
6.48071 3.52121
7.05937 3.05041
7.22494 2.87402
7.20202 2.90036
7.60682 -1.13201
7.6424 -1.0768
6.79123 -2.06475
6.86501 -1.99887
7.08259 -1.78555
7.0561 -1.81278
4.79211 3.53619
4.75531 3.48574
8.11304 0.799841
8.11601 0.763508
6.39761 -2.39086
6.34272 -2.43302
6.66039 -2.17846
6.62081 -2.21085
7.92866 -0.501601
7.92616 -0.508006
4.83886 3.59324
4.82975 3.58259
8.1226 0.461521
8.12017 0.402324
4.30425 1.64361
4.30192 1.61431
4.28151 0.604476
4.28189 0.594312
7.31411 -1.52998
7.32386 -1.51826
5.98707 -2.68564
5.98156 -2.68901
4.48527 -0.837014
4.49273 -0.869976
4.27738 1.11163
4.27718 1.10423
7.15009 -1.71339
7.17541 -1.68593
5.93843 -2.71708
5.93864 -2.71693
4.58608 -1.26272
4.5701 -1.1996
4.65372 -1.53874
4.63907 -1.47785
5.72835 3.84675
5.74677 3.84376
5.86831 3.81253
4.39721 -0.412981
4.38356 -0.33992
4.43855 -0.621425
4.43013 -0.581394
4.3855 2.315
4.3925 2.36872
4.37603 -0.297268
4.35853 -0.190343
7.78724 2.00713
7.74632 2.09239
7.87167 1.81205
7.83709 1.89567
4.39645 2.39063
4.40973 2.4722
4.44772 2.67238
4.44849 2.67646
5.0965 3.78763
5.08496 3.78244
5.30561 3.85548
5.35819 3.8643
8.03356 1.3007
8.05322 1.21136
8.08176 1.05547
8.09798 0.940865
7.34466 2.731
7.35712 2.71492
7.47255 2.55797
7.48741 2.53637
7.45149 -1.35729
7.44248 -1.3691
6.87727 -1.98717
6.96114 -1.90824
7.65947 2.25692
7.6905 2.20074
7.57982 2.39361
7.59731 2.36492
4.71691 3.42606
4.70498 3.40773
4.60368 3.19967
4.61159 3.21831
5.42225 -2.9687
5.3882 -2.97478
4.76902 -1.97998
4.79949 -2.08389
4.86863 -2.32146
4.86049 -2.29214
7.93862 1.63104
7.9174 1.69212
7.99126 1.4638
7.97748 1.51164
5.35465 -2.98068
5.26312 -2.97616
5.72934 -2.84033
5.71957 -2.84506
5.62391 -2.89469
5.59391 -2.90665
5.56338 -2.92086
6.49638 -2.3126
6.52286 -2.29189
8.03518 -0.16747
7.96815 -0.393323
7.93083 -0.495849
6.63934 3.41133
6.61444 3.42894
6.83624 3.25546
6.8405 3.25194
6.08474 3.73428
6.02259 3.75847
5.64149 3.86192
4.32648 1.89202
4.33119 1.93318
4.37387 2.25179
4.35624 2.1324
6.09015 3.73222
6.10382 3.72609
6.20272 3.67977
6.25872 3.65125
6.30324 3.62724
6.42549 3.55594
6.36866 3.5892
7.27907 2.81253
6.70254 -2.1418
6.76799 -2.0859
7.03876 -1.82991
4.74635 3.47375
8.11978 0.711498
8.11218 0.810763
6.68242 -2.15924
4.92888 3.68078
4.9732 3.71496
8.11714 0.347935
8.1241 0.531377
4.54997 -1.11547
4.56221 -1.16674
4.52385 -1.00426
4.53231 -1.04061
4.50188 2.89255
4.4913 2.85443
4.52605 2.97935
4.54361 3.0368
7.3614 -1.47255
7.4013 -1.42247
4.46009 -0.728001
4.47421 -0.788287
4.50305 -0.914454
5.99398 -2.68126
6.03573 -2.65326
4.60871 -1.35467
4.59073 -1.2811
4.61994 -1.39902
7.97369 -0.376809
4.92564 3.67819
4.92301 3.67573
8.09503 0.137742
8.08587 0.0714155
4.51089 -0.948578
4.51771 -0.977529
4.27906 0.723227
4.27617 0.780033
5.5184 3.87237
5.55797 3.8698
4.34048 2.01276
4.33874 1.9968
4.32216 1.84528
4.31823 1.80596
4.30491 0.248463
4.3011 0.291589
4.88554 -2.37643
4.88136 -2.3616
8.10552 0.868179
7.45736 -1.34943
7.50623 -1.28205
5.80155 -2.79859
5.83725 -2.77797
5.19402 -2.95176
5.22075 -2.96183
8.04306 -0.136907
7.90453 -0.5607
7.88492 -0.609985
6.5357 3.48461
6.55488 3.47115
7.03402 3.07516
7.04439 3.0653
8.12382 0.585823
4.31462 1.76995
4.3123 1.74236
8.10312 0.19542
8.10418 0.204962
4.7397 -1.86838
4.28235 1.23122
4.28264 1.28427
6.74229 3.33249
6.78288 3.29942
7.28239 2.8084
7.28616 2.80391
6.94613 3.15845
6.98629 3.12072
6.10921 -2.60314
6.23163 -2.51544
4.70085 -1.72131
4.67305 -1.61483
8.11047 0.271108
8.10519 0.214984
4.28342 1.29472
4.28908 1.40752
4.27583 1.03423
4.27552 0.913731
4.27624 0.78673
4.27554 0.907402
4.29593 1.5287
4.28989 1.42186
4.41741 -0.517471
4.40192 -0.438621
4.28549 0.516422
4.29265 0.398684
5.43367 3.87167
5.46505 3.87203
4.94531 -2.56188
4.92189 -2.49089
4.31831 0.114725
4.34103 -0.0716414
7.83344 -0.72523
7.77446 -0.84512
7.83114 1.90943
7.79274 1.99542
4.42058 2.53056
4.42834 2.57481
4.57403 3.12212
4.54521 3.04169
5.18901 3.82506
5.28539 3.85205
8.05954 1.17994
8.07875 1.07414
7.20938 -1.64948
7.26883 -1.58261
4.62743 3.25488
4.66714 3.33882
5.49806 -2.94566
4.96557 -2.61349
5.01421 -2.73132
5.09218 -2.86171
5.02634 -2.75334
5.09646 -2.86602
4.70983 -1.75372
8.11563 0.325873
8.07325 0.00199212
8.08561 0.0696531
8.0541 -0.0901082
7.71233 -0.959342
7.88055 -0.619979
7.65558 -1.05519
7.57057 -1.18833
7.55733 -1.20798
7.53087 -1.2468
6.4062 -2.38442
6.33321 -2.43999
6.08441 -2.61996
6.06612 -2.63213
5.42542 3.87106
4.53683 -1.05992
4.54715 -1.10368
4.29918 1.5747
4.30688 1.67846
4.28423 0.541012
4.27979 0.659497
4.52274 2.96709
4.50813 2.91693
7.31308 -1.53118
7.35821 -1.47656
4.27604 1.04735
4.27915 1.16773
5.89477 -2.74408
5.94029 -2.71587
4.56323 -1.17093
4.27591 1.04073
4.29738 1.55016
4.37795 -0.307961
4.45939 -0.724812
4.29399 0.380684
4.28477 0.529114
4.35347 -0.157897
4.31254 0.169453
7.73993 2.10515
7.8793 1.79302
7.90898 1.71496
7.69796 2.18676
4.45056 2.68611
4.47138 2.7764
4.4757 2.79329
5.01897 3.74583
5.02375 3.749
5.14881 3.81104
5.41045 3.86961
8.02104 1.35276
8.09976 0.926813
8.00411 1.41802
7.53461 2.46574
7.54674 2.44682
7.40933 2.64667
7.40768 -1.41422
7.45369 -1.35442
7.64492 2.28288
7.62023 2.32605
4.68368 3.36797
4.60078 3.19336
4.84818 -2.25402
4.83961 -2.22267
7.94826 1.60269
7.9664 1.54728
5.89105 -2.74652
5.88241 -2.75196
6.72863 3.34314
6.93772 3.16604
6.31454 3.62131
6.49494 3.51167
6.27926 -2.48057
6.46072 -2.34147
6.58387 -2.24208
6.53325 -2.28375
4.30984 1.71284
4.27952 0.66837
4.48243 2.8189
4.45954 -0.725527
4.27943 1.17632
4.95595 -2.58848
5.60678 3.86639
6.23722 -2.51136
4.45948 -0.725214
4.9145 -2.47176
6.33959 3.60653
4.59042 3.16585
6.84459 3.24854
4.33674 1.97913
6.59681 -2.23155
6.46972 -2.33454
6.9913 3.11594
6.78828 3.29497
6.57233 3.45877
