6.37515 2.70578
6.35338 2.71645
5.542 2.75772
5.49113 2.72582
5.00584 -0.243813
5.00157 -0.225478
5.00206 1.86113
4.99328 1.82445
6.74345 2.44342
6.69772 2.48321
4.88847 0.779893
4.88779 0.799072
6.93504 -1.0077
6.89109 -1.05713
7.06 2.08586
7.07116 2.07067
7.12458 1.99201
7.16464 1.92771
7.51148 0.178496
7.5142 0.194459
5.51622 -1.39947
5.50306 -1.3852
4.89895 1.15806
4.90003 1.1771
5.69278 -1.5312
5.675 -1.52063
7.54146 0.744281
7.54208 0.736702
5.16214 -0.778716
5.13332 -0.695578
5.28578 -1.06096
5.32786 -1.14119
5.20446 -0.883508
5.17169 -0.80303
5.38295 -1.22966
5.33393 -1.15253
4.95637 1.64098
4.97242 1.72582
4.92207 1.41349
4.92509 1.4363
4.9076 0.388676
4.90687 0.395806
4.89123 0.66644
4.89172 0.649538
4.88868 0.891405
4.88908 0.928794
5.33051 2.58139
5.34783 2.60149
5.21874 2.42318
5.17945 2.35267
5.13093 2.24992
5.16454 2.32467
6.06232 -1.57867
6.04642 -1.58062
6.25603 -1.52064
6.18622 -1.54523
5.87446 -1.58518
5.92597 -1.5868
5.06049 2.0642
5.05013 2.03071
6.82874 -1.12053
6.78957 -1.159
7.25373 1.76962
7.2669 1.74431
7.2666 -0.529029
7.25378 -0.553294
7.36182 -0.330706
7.36125 -0.332083
4.93632 0.138279
4.93985 0.114449
6.0768 2.81982
6.16025 2.79694
5.9503 2.84
6.03658 2.82786
5.72677 2.82758
5.74351 2.8313
6.4525 -1.42024
6.40083 -1.44933
6.65144 -1.28002
6.61463 -1.30812
6.57703 2.57962
6.56995 2.58504
7.42644 1.35129
7.43127 1.33693
7.52814 0.889168
7.52774 0.892556
7.5403 0.410442
7.53995 0.405009
7.54527 0.572097
7.54596 0.599068
4.97402 -0.0873265
4.99169 -0.17829
7.05399 -0.862222
7.06565 -0.847337
7.18207 -0.678322
7.17597 -0.687912
7.46326 1.22512
7.4498 1.27358
7.5057 1.03372
7.50442 1.04137
6.84447 2.34551
6.88761 2.29926
6.92593 2.25678
6.96726 2.20691
6.43862 2.66948
6.46094 2.65678
7.42791 -0.154227
7.42254 -0.171158
7.40321 -0.225209
7.40744 -0.213556
7.37472 1.5008
7.40023 1.43057
4.8923 1.05643
4.9089 1.29576
4.91382 0.32058
4.91322 0.326646
4.90287 0.444318
4.90131 0.46448
4.89478 0.569719
4.8934 0.59985
4.88973 0.714722
4.89109 1.02289
6.48942 2.63929
6.4951 2.63555
7.4878 1.12444
7.48821 1.12267
5.04357 -0.397032
5.02571 -0.327206
7.20803 1.85406
7.22667 1.82112
6.32096 2.73302
6.29802 2.74346
4.89206 1.04001
5.08517 -0.548111
5.08638 -0.552068
7.46916 -0.0138084
7.45711 -0.0592174
7.30273 -0.458406
7.31025 -0.443354
7.40327 1.42173
5.0179 -0.295168
5.00659 -0.247197
5.06593 -0.480305
7.27876 1.72015
7.3015 1.6737
6.40783 2.68779
4.90896 1.29644
4.88825 0.761063
7.49171 0.079482
7.48715 0.0569721
7.37034 1.51184
5.44372 2.6915
5.60232 2.78709
4.90901 1.29703
7.54429 0.654881
7.54366 0.695903
7.51352 0.985549
7.50853 1.01896
4.99453 -0.19204
5.24257 -0.973645
5.23908 -0.96546
5.43923 -1.30976
5.42323 -1.28968
4.9775 1.75216
5.00616 1.87633
6.65641 2.51821
6.77302 2.4156
5.27086 2.50465
5.29986 2.5419
6.15852 -1.55544
6.06825 -1.57716
5.78297 -1.56696
5.81716 -1.5746
5.09361 2.1588
5.07836 2.11792
7.09674 -0.803255
7.12547 -0.763812
6.97834 -0.956845
6.86456 -1.08473
7.33306 -0.395644
7.33948 -0.381699
4.92014 0.259181
4.92041 0.256968
5.84646 2.8429
5.78653 2.83619
6.55137 -1.3554
6.5121 -1.38139
7.10166 2.02675
7.02023 2.13945
6.26695 2.75768
6.20987 2.77891
7.18508 -0.67331
7.2408 -0.57668
7.53055 0.30495
7.30322 1.67001
7.33841 1.59101
5.64156 2.80317
5.39926 2.65244
7.53102 0.308892
5.57765 -1.45442
5.47747 -1.35475
4.90971 1.30385
5.72746 -1.54481
5.60444 -1.47657
7.54077 0.756104
5.10078 -0.597512
5.11428 -0.638894
5.07992 -0.530955
5.06889 -0.491039
5.16755 -0.792715
5.33099 -1.14717
5.24683 -0.983299
4.93785 1.52812
4.94613 1.57956
5.03094 1.96729
5.25484 2.48185
5.17159 2.33859
5.10581 2.18869
5.96763 -1.58862
6.2932 -1.5032
6.35476 -1.47506
6.76226 -1.18507
7.00205 -0.928556
6.70999 -1.23048
7.28276 -0.498504
7.36883 -0.313496
4.96402 -0.0336603
4.9586 -0.00264721
4.9551 0.0188613
6.05486 2.8252
5.87653 2.84301
7.53449 0.344798
6.53327 2.60949
6.58365 2.57468
7.02765 -0.897038
7.477 1.16695
7.48732 1.12687
7.54436 0.50209
7.47003 1.19757
7.43666 1.32042
7.49574 1.08181
7.51675 0.967485
6.83119 2.35931
6.61806 2.548
6.9119 2.27283
7.1194 2.00016
6.98662 2.18241
7.3848 -0.273318
7.38287 -0.278325
4.91846 0.274781
4.90806 0.382286
4.8982 0.506659
4.89661 0.532622
4.89201 0.633159
6.48416 2.64291
7.53533 0.814958
7.52606 0.904653
7.43407 -0.135037
7.27359 1.73056
7.23218 1.81091
7.34025 1.5869
7.19042 1.88423
7.52887 0.883331
4.89758 0.519141
