5.95684 1.29088
5.88494 1.19919
5.98852 0.0239006
6.0569 -0.0395621
5.87513 0.191561
5.87014 0.201702
6.61644 1.00227
6.58201 1.07477
6.20234 -0.0845919
6.26779 -0.0844033
6.43376 0.00043329
6.50265 0.0659813
5.81072 0.388067
5.82013 0.350348
6.6861 0.559637
6.68319 0.690435
6.66541 0.415615
6.66757 0.426179
6.57473 0.173934
6.60148 0.226439
6.11599 1.39167
6.21806 1.39666
6.3577 1.34591
6.45016 1.26579
5.88492 1.19917
6.00328 1.33821
6.67567 0.767234
6.66398 0.840793
6.50979 1.20021
6.52794 1.17523
6.5364 1.16047
6.62876 0.971031
5.82085 1.03232
5.80604 0.98733
6.06151 1.36826
5.88491 1.19915
5.83903 1.09607
5.79498 0.930582
5.79993 0.955209
6.22986 1.39627
6.35703 1.34627
6.6442 0.924227
6.55342 0.137118
6.53813 0.112598
5.7735 0.757112
5.77967 0.827911
5.77636 0.615834
5.77753 0.597835
6.68611 0.549365
6.63244 0.301164
6.63837 0.317414
5.77478 0.634429
5.77383 0.679584
6.06955 -0.0455876
5.96005 0.0527758
6.31673 -0.0680547
6.38147 -0.0397451
5.84017 0.288192
5.88108 0.18037
5.92657 0.104636
6.15974 -0.0832276
6.51914 0.0869658
5.79378 0.460917
6.68573 0.54245
6.62346 0.27646
6.55991 0.14629
5.78857 0.492449
5.78623 0.882221
5.78766 0.498249
5.77307 0.744337
5.7865 0.505302
5.7816 0.553635
5.7848 0.873448
5.77289 0.729003
