6.8073 -0.507149
6.74666 -0.577345
6.55946 -0.752356
6.58031 -0.735681
7.07468 1.23796
7.06557 1.2662
6.78506 1.78016
6.78697 1.77792
6.8787 1.64659
6.92682 1.56883
5.7516 -0.779393
5.7745 -0.798024
6.20387 2.20026
6.2047 2.19997
6.41945 2.10753
6.43047 2.10055
6.33049 -0.882134
6.36884 -0.864845
5.95742 2.21348
5.99452 2.21925
5.71302 2.10912
5.7916 2.16
6.83503 -0.470291
6.88755 -0.394357
5.27275 0.944407
5.26864 0.847527
5.29418 1.17496
5.28754 1.11908
7.12921 1.05049
7.14528 0.971977
5.57262 -0.553454
5.53138 -0.475773
5.63483 -0.645858
5.59118 -0.581853
5.39182 1.60931
5.41892 1.6858
5.33224 1.39814
5.33458 1.40756
5.57211 1.96564
5.59868 2.00019
5.4705 1.79929
5.43692 1.72789
6.6537 1.9263
6.61181 1.9646
6.95421 1.51884
6.98575 1.45676
5.93522 -0.894289
5.99559 -0.911533
6.12458 -0.925728
6.06994 -0.922288
7.10465 0.0754544
7.08436 0.0105657
7.01405 -0.166544
6.9996 -0.19789
5.44867 -0.288438
5.41666 -0.20231
5.39015 -0.115997
5.37701 -0.0684798
5.33205 0.115497
5.32907 0.130496
5.29548 0.342358
5.28591 0.422838
5.27248 0.589478
5.26837 0.694702
7.17827 0.507108
7.18022 0.568634
7.14571 0.242693
7.15927 0.320287
7.10751 1.13508
7.10282 1.15316
7.15656 0.907887
7.12525 1.06816
6.54569 2.02142
6.68574 1.89351
6.71934 1.85627
6.44009 2.09405
6.48243 2.06748
5.39747 -0.141206
5.40813 -0.177882
7.03219 1.35358
7.02487 1.3709
7.17344 0.781692
7.17406 0.77509
5.81655 2.17122
5.8922 2.20014
6.67973 -0.649144
6.82101 -0.489636
6.63749 -0.686962
6.48453 -0.802643
5.28151 1.06089
5.2751 0.9816
5.36001 1.50503
5.37751 1.56332
5.51674 1.88541
5.50724 1.86994
6.79121 1.77267
6.74261 1.82976
6.83779 1.70804
6.93498 1.55489
5.8426 -0.848581
5.69843 -0.724161
6.22107 -0.915147
6.21038 -0.916538
7.06474 -0.0439595
7.04458 -0.0961858
5.48534 -0.383041
5.4861 -0.384719
5.35593 0.0115174
5.36691 -0.0318865
5.28177 0.464661
5.27412 0.560636
7.16628 0.370628
7.17406 0.445731
6.2019 2.20064
6.31099 2.163
6.44441 -0.827844
6.22526 -0.913946
6.0985 2.21827
6.03698 2.21903
5.69309 2.09441
6.94715 -0.29998
6.66766 -0.660553
6.95 -0.295129
5.26812 0.825379
5.30652 1.2603
7.17238 0.791654
7.16164 0.875661
5.48703 -0.386648
5.57986 -0.565033
5.66242 -0.683692
5.42884 1.71021
5.32682 1.37264
5.31079 1.28717
5.63623 2.04021
5.5313 1.90677
6.99559 1.43583
6.81917 1.73449
7.01613 1.39018
5.86905 -0.862719
6.02923 -0.919645
6.95132 -0.292675
7.11831 0.122952
7.13501 0.192057
5.41279 -0.191275
5.33813 0.0858653
5.39465 -0.131822
5.31324 0.22236
5.26756 0.771159
5.30399 0.281161
5.26801 0.71703
7.18034 0.653462
7.17949 0.682481
7.05532 1.2935
6.53547 2.02993
6.52918 2.03502
6.3217 2.15806
7.17878 0.702327
7.09636 1.1758
6.33257 2.15239
6.37695 2.13084
6.48955 2.0626
