7.53178 0.0322318
7.53499 0.045703
7.50584 1.25385
7.50174 1.27005
5.67702 -1.63198
5.70425 -1.64297
5.14899 -0.914142
5.15226 -0.922766
4.83916 0.780695
4.83742 0.830009
7.16208 -0.802904
7.14081 -0.834369
6.96735 -1.0548
6.98316 -1.03703
5.94088 2.92371
5.94522 2.92337
7.20002 1.96887
7.20817 1.9558
6.34816 2.79447
6.33176 2.80349
7.55374 0.138932
7.56495 0.204583
7.50511 -0.0708159
7.49798 -0.0974706
7.44319 -0.261668
7.4407 -0.268242
7.33753 -0.503728
7.33066 -0.518055
7.37546 1.628
7.35353 1.6774
7.44309 1.45427
7.4233 1.5083
5.53602 2.8559
5.63423 2.89595
5.34005 2.71344
5.41115 2.77601
5.43329 -1.43271
5.426 -1.42481
5.32686 -1.28255
5.31704 -1.26569
4.8454 1.12481
4.85001 1.2062
4.86741 1.40151
4.87197 1.44376
5.86311 -1.68116
5.83965 -1.67743
5.01701 -0.510266
5.02807 -0.549957
5.08109 -0.724422
5.08924 -0.747953
5.51253 -1.51846
5.56135 -1.55886
5.2265 -1.0937
5.21698 -1.07223
4.95031 1.89456
4.9738 1.98911
4.90494 1.67422
4.90771 1.68888
4.88839 0.110708
4.88313 0.149357
4.85689 0.389502
4.85415 0.416078
4.83967 0.69811
4.84103 0.650363
4.83773 0.861866
4.83877 0.959694
5.26196 2.62441
5.29619 2.66414
5.15573 2.46272
5.15474 2.46095
5.07259 2.28653
5.0776 2.29767
6.24614 -1.60775
6.2515 -1.60514
6.05211 -1.66857
6.01945 -1.67259
5.0064 2.09915
4.98377 2.02602
6.84037 -1.18997
6.86501 -1.16578
6.15539 2.87659
6.13779 2.88141
5.63629 2.89674
5.73813 2.91939
6.64163 -1.36638
6.67077 -1.34234
6.44281 -1.50558
6.46711 -1.48973
7.58925 0.421607
7.5864 0.379539
7.59513 0.605558
7.59525 0.591608
6.63116 2.61455
6.61367 2.62794
7.57598 0.890932
7.57172 0.927064
4.98929 -0.408551
4.96915 -0.322087
4.92527 -0.114246
4.92957 -0.136362
7.07625 -0.919983
7.11135 -0.875191
7.1874 -0.76496
7.22559 -0.704854
7.25113 1.88188
7.24982 1.88428
7.55402 1.0355
7.54742 1.0751
6.73725 2.52715
6.74913 2.51638
6.91314 2.35329
6.89187 2.3761
7.14026 2.06125
7.11488 2.09888
6.99945 2.25252
7.01286 2.23633
7.48331 -0.143175
7.46691 -0.194869
7.40083 -0.367291
7.42008 -0.321524
7.34894 -0.480536
7.30574 -0.566877
7.30664 -0.565136
7.41042 1.54247
7.45389 1.4236
4.84281 1.08523
4.85417 1.26177
4.86398 0.308373
4.86554 0.292591
4.83913 0.715545
4.83948 0.992972
6.54688 2.67637
6.56403 2.66506
7.5361 1.12622
7.54399 1.09228
7.58801 0.772737
7.58322 0.829214
4.96025 -0.283025
4.99343 -0.42472
7.39013 1.59291
7.47421 1.36425
7.46354 1.39608
4.84216 1.04007
4.99561 -0.432844
6.42373 2.75434
6.43981 2.7447
4.85703 1.29621
4.83859 0.73228
4.84932 0.478322
4.84806 0.497183
7.54395 0.0899048
7.52867 0.0180986
5.43733 2.79616
5.51266 2.84334
5.42294 -1.42118
5.36921 -1.34644
4.85965 1.32576
7.59359 0.693559
7.59352 0.69774
4.94651 -0.218555
4.95213 -0.245225
5.06929 -0.689325
5.04993 -0.625592
5.18697 -1.00435
5.14672 -0.908018
4.9263 1.78524
4.93765 1.83722
6.50271 2.70596
6.52919 2.68854
6.82281 2.44773
6.81275 2.45719
5.20628 2.54518
5.15698 2.46475
6.14844 -1.64418
6.14276 -1.64554
7.11983 -0.863164
7.17027 -0.791122
6.9983 -1.01924
6.91345 -1.11453
6.18797 2.86475
6.26151 2.83634
5.94981 2.92258
5.8413 2.9275
6.54167 -1.44078
6.57239 -1.41814
7.04073 2.20108
7.06529 2.16852
7.59334 0.514014
7.59251 0.484513
6.29154 2.82213
6.38626 2.77494
7.26826 -0.633866
7.27959 -0.614229
7.5738 0.264456
7.33821 1.71086
5.63586 2.89662
5.32573 2.69857
7.58141 0.327795
5.49264 -1.49812
5.30829 -1.24953
4.88465 1.54373
4.88684 1.56027
4.88582 1.55286
4.89654 1.62392
5.87588 -1.68103
5.76875 -1.66496
5.58824 -1.58008
5.66273 -1.62402
7.59329 0.703818
5.03894 -0.588044
5.01112 -0.488947
5.11523 -0.821604
5.27049 -1.18058
5.23758 -1.11778
4.97701 2.00214
4.90397 0.00603711
4.87282 0.231771
5.24606 2.60392
5.11249 2.37567
5.06672 2.27222
6.34499 -1.56111
6.19249 -1.62794
5.95709 -1.68142
5.02094 2.14286
6.80334 -1.22533
7.03277 -0.97704
7.30247 -0.572986
6.27461 2.83046
6.05 2.90503
5.77162 2.92319
6.74275 -1.28177
6.35353 -1.55626
6.76326 -1.26296
7.59426 0.671083
6.58949 2.64576
6.65033 2.60025
4.91419 -0.0547318
6.47831 2.72195
7.04839 -0.956805
4.90635 -0.00881888
7.52657 1.1727
7.52812 1.16592
7.48806 1.31773
7.54558 1.08365
7.56048 1.0018
6.82478 2.44582
6.67146 2.58246
6.95766 2.30235
7.07473 2.15539
7.16247 2.02795
7.46238 -0.208457
7.42251 -0.315435
7.39461 -0.381851
4.86574 0.290548
4.85954 0.354157
4.85308 0.428841
4.84233 0.604358
4.8441 0.564871
7.581 0.850788
7.56705 0.960691
7.28509 1.81848
7.29976 1.79019
5.72722 -1.65201
4.86964 0.258992
5.03737 2.19445
7.32197 1.74537
7.5093 1.24117
5.67082 -1.62881
7.21341 1.94696
4.85901 0.359942
4.84137 0.631809
7.31428 1.76162
7.25298 1.87858
7.24199 1.898
7.37842 -0.418463
7.36722 -0.44256
4.84693 0.519966
4.84541 0.541097
