6.4616 -0.186046
6.3623 -0.245774
5.65618 0.783202
5.65441 0.708754
6.3029 1.56144
6.39282 1.51141
6.5968 1.31045
6.57076 1.34498
6.76802 0.321901
6.75909 0.291689
6.51069 -0.140252
6.56486 -0.0860105
6.23618 -0.281796
6.29496 -0.267332
5.86997 1.45141
5.81196 1.37295
5.66782 0.933258
5.66894 0.943563
5.99237 -0.208284
6.03259 -0.237542
5.85032 -0.0575083
5.8401 -0.0429362
5.75801 0.122562
5.76217 0.11296
5.68303 0.39288
5.69825 0.323577
5.66242 0.55086
5.66562 0.514684
6.67324 1.18329
6.65621 1.21591
6.80096 0.543313
6.79312 0.454693
6.80142 0.638771
6.80393 0.582974
6.68707 0.105668
6.7263 0.192844
6.26863 1.5715
6.43851 1.48055
6.63767 1.24728
6.62776 1.26451
6.54679 1.37165
6.49004 1.43361
6.18044 1.5906
6.78793 0.816433
6.78167 0.85664
6.01527 1.56154
5.97884 1.54303
6.7029 1.11941
6.7152 1.09242
5.91658 1.49724
5.95031 1.52478
5.75104 1.25854
5.75482 1.26718
5.69004 1.05243
5.70084 1.09425
5.66896 0.489533
5.67584 0.435741
6.75983 0.953758
6.74536 1.0035
6.06901 1.58206
6.79476 0.769871
5.71682 1.15778
5.72124 1.17109
6.34507 -0.254205
6.47556 -0.17461
5.91314 -0.137731
5.93369 -0.161802
5.72595 0.221766
5.70741 0.285675
6.73263 0.208716
6.76911 0.326537
6.13359 -0.275932
6.19985 -0.281145
6.5899 -0.0554259
6.09786 -0.263363
6.63497 0.00988321
5.8701 -0.0838067
5.80189 0.0311887
5.75356 0.13347
6.65912 0.0519829
5.67687 0.428982
5.87034 1.4519
5.87087 1.45249
6.06686 1.58165
6.06804 1.58197
6.80369 0.578893
6.79201 0.446426
6.80117 0.675192
6.76566 0.930966
5.96453 1.53486
6.72006 1.0801
5.66762 0.501088
5.65796 0.828453
6.79819 0.737109
5.65947 0.583739
5.74867 1.25194
5.66935 0.945894
5.65563 0.677299
5.65639 0.64348
5.80295 1.35821
5.73896 1.22386
6.7699 0.913686
6.73629 1.03228
