5.9316 1.30192
5.88263 1.23948
5.96385 0.00937199
5.99577 -0.020249
6.64448 0.99
6.5995 1.08473
5.85198 1.18042
5.82614 1.12224
6.15307 -0.113616
6.05312 -0.0703579
6.1619 -0.114978
6.26407 -0.114684
6.45689 -0.0127566
6.49776 0.0261286
5.85728 0.181042
5.86532 0.16249
5.79166 0.376842
5.79465 0.364878
6.70424 0.619648
6.70291 0.679188
6.57895 0.135852
6.61232 0.201351
6.17953 1.42448
6.10852 1.42101
6.34935 1.37878
6.25035 1.41786
6.42994 1.31492
6.47091 1.27941
6.68187 0.407671
6.68483 0.422819
6.00131 1.37299
6.6933 0.77728
6.68513 0.828733
6.49693 1.2508
6.54411 1.18585
6.56611 1.14747
6.6477 0.98182
5.79337 1.01666
5.78653 0.995868
6.02397 1.38468
5.80818 1.0686
5.77568 0.939026
5.77622 0.941704
6.22231 1.42594
6.37734 1.35961
6.65175 0.969563
5.75688 0.767375
5.76587 0.870612
5.75965 0.606294
5.76213 0.56801
5.76691 0.883069
5.77393 0.929359
5.75629 0.645845
5.7558 0.669289
6.04237 -0.0616023
5.95573 0.0176129
6.34885 -0.0863666
6.37727 -0.0739362
5.8227 0.277897
5.85043 0.197849
6.65099 0.289999
6.65162 0.291953
5.907 0.0931051
6.15587 -0.114683
6.53738 0.0765649
5.78629 0.399947
6.57064 0.121456
6.64825 0.283135
5.77251 0.483326
6.70258 0.535465
6.70366 0.549449
6.70432 0.56061
5.86501 1.20788
5.7701 0.498664
5.75576 0.734458
5.76705 0.517314
5.76436 0.543794
5.81951 1.10461
5.75531 0.694948
