4.67324 -1.2012
4.67578 -1.21049
5.30486 -2.65561
5.24468 -2.61465
5.42947 -2.69274
5.46387 -2.69453
5.87355 -2.57971
5.9078 -2.56379
5.17949 -2.5515
5.21363 -2.5845
8.01307 0.170783
8.01737 0.204024
4.59511 -0.88914
4.60768 -0.940521
4.36639 0.918023
4.36662 0.977124
4.36666 0.850124
4.36658 0.845837
4.50263 -0.469224
4.5263 -0.584687
5.60435 3.71538
5.55822 3.71583
4.44661 2.06145
4.44817 2.0751
7.32455 -1.37595
7.34086 -1.35575
6.8464 -1.88639
6.83919 -1.89327
7.00846 -1.72924
7.03042 -1.70779
6.40922 -2.24529
6.4287 -2.23028
5.58717 -2.6825
5.56377 -2.68798
4.772 -1.56317
4.76755 -1.54815
4.82566 -1.74115
4.81028 -1.68948
7.87527 -0.396444
7.86087 -0.437196
4.83123 3.32145
4.82435 3.31228
5.16593 3.62774
5.18041 3.63523
4.93839 3.45714
4.95267 3.47101
8.02764 0.303825
8.02484 0.268711
7.99179 0.0352241
7.9888 0.0181164
6.82917 3.13411
6.82818 3.13496
6.60636 3.30844
6.61633 3.30157
4.43256 1.95536
4.42993 1.93419
4.46529 2.18375
4.46669 2.19302
7.66609 -0.863593
7.65651 -0.881209
7.78111 -0.630695
7.76728 -0.661582
5.96026 3.64647
6.06362 3.60988
6.41067 3.43761
6.35703 3.46782
6.09774 3.59643
6.18735 3.55708
7.13502 2.83786
7.09108 2.88548
6.99721 2.97961
7.01161 2.96597
7.41154 -1.26219
7.44769 -1.21306
7.54808 -1.0628
7.52842 -1.09355
6.66905 -2.0405
6.6439 -2.06219
8.0309 0.769028
8.03228 0.752171
6.03924 -2.49127
6.04371 -2.48849
4.72225 -1.38245
4.74049 -1.44894
4.74504 3.17516
4.72569 3.13596
5.44272 3.70992
5.50906 3.71538
4.63591 -1.05481
4.63157 -1.03731
4.37065 0.656152
4.37302 0.592829
7.73542 1.9183
7.73536 1.91844
4.78258 3.24432
4.81976 3.30539
4.37029 1.16549
4.36862 1.10412
6.13193 -2.43457
6.14191 -2.42856
6.21786 -2.37881
6.25459 -2.3548
5.38796 -2.68669
5.3386 -2.6703
5.23485 -2.60671
4.97529 -2.17391
4.971 -2.16438
5.04908 -2.33869
5.0289 -2.29879
5.10877 -2.45192
5.13038 -2.48524
5.08718 -2.41602
5.077 -2.39471
4.38192 1.41607
4.37836 1.35814
4.39032 1.53635
4.38669 1.48644
4.53971 -0.648649
4.48237 -0.36477
4.4819 -0.362243
4.385 0.390045
4.38955 0.331956
4.37621 0.525958
4.37999 0.462414
4.43638 -0.0833102
4.44505 -0.141364
4.40293 0.188261
4.41282 0.0976131
6.29945 3.50085
6.21835 3.5414
4.55113 2.6197
4.54963 2.61342
4.51781 2.46614
4.50646 2.4119
4.58856 2.76047
4.5804 2.73065
7.20738 2.75592
7.24373 2.71332
8.00796 0.982476
8.00562 0.998919
7.96331 1.23123
7.95375 1.27388
7.43797 2.45317
7.3835 2.53137
7.31099 2.62897
7.24679 2.70961
6.7593 -1.96376
6.89375 -1.84212
7.08588 -1.64995
6.93535 -1.80277
7.5239 2.31838
7.49818 2.36015
7.60348 2.18158
7.5954 2.19617
4.87728 -1.90475
4.87184 -1.88719
4.94333 -2.0948
4.91931 -2.02661
7.90139 1.47226
7.90959 1.44449
7.84707 1.63965
7.85156 1.62701
6.44804 -2.21512
6.53618 -2.14873
6.36354 -2.27758
5.68294 -2.65914
5.65372 -2.66749
7.94851 -0.15848
7.96284 -0.102749
7.91376 -0.278275
7.93063 -0.223245
7.8984 -0.32803
7.84409 -0.480498
7.83033 -0.5159
4.88364 3.39306
6.92903 3.04537
6.87992 3.08934
6.77906 3.17579
6.77509 3.179
6.72119 3.22281
6.67067 3.26104
6.52107 3.3679
5.8461 3.67908
5.8799 3.66914
4.41858 1.84276
4.4248 1.89547
4.43809 1.99782
4.47509 2.24521
4.48621 2.31031
6.07436 3.60618
6.48469 3.39073
6.44565 3.41559
6.201 3.55022
7.06372 2.91338
6.93116 3.04348
6.57546 -2.11658
6.74196 -1.97943
6.9295 -1.80823
7.12469 -1.60949
8.03567 0.679948
8.02646 0.825786
6.55627 -2.13235
4.71054 3.10351
4.75797 3.19867
8.03745 0.464393
8.03867 0.499327
4.4049 1.70611
4.40835 1.74306
4.39284 1.56711
4.39664 1.61474
4.37604 0.529187
4.37357 0.580694
4.61147 2.83673
4.61502 2.849
7.78052 1.81334
7.77743 1.82091
7.68969 2.01559
7.68933 2.01634
4.6668 2.99518
4.65658 2.96986
7.22867 -1.49206
7.23942 -1.4797
4.57266 -0.794327
4.85167 -1.82545
4.84724 -1.81061
4.3687 0.723121
4.36854 0.726271
5.67479 3.70898
5.62842 3.71329
4.54573 -0.676666
4.56099 -0.744949
4.69992 3.07734
4.68074 3.03183
4.70649 3.09368
5.29956 3.68094
5.34381 3.69195
7.169 2.80028
7.18827 2.77851
7.17692 -1.5512
7.19385 -1.53213
7.14754 -1.58406
8.03714 0.640304
5.69836 -2.65357
5.70919 -2.64918
4.92009 3.437
5.11718 3.60104
5.07583 3.57462
5.78942 3.69158
5.77871 3.69342
4.37246 1.23112
4.37246 1.23199
4.44426 2.0459
8.02369 0.857197
4.69768 -1.29187
4.66527 -1.17147
4.79865 -1.65229
4.77366 -1.5685
5.00996 -2.25465
4.99912 -2.23177
5.03568 3.54488
5.01909 3.53177
5.79029 -2.61857
5.9593 -2.53557
8.02125 0.237639
8.00924 0.141145
4.37717 1.29461
4.37819 1.35565
4.36666 0.981367
4.3664 0.913624
4.36914 0.786621
4.36655 0.854429
4.38592 1.47632
4.38233 1.42228
4.38026 0.458212
4.38444 0.39719
5.51891 3.71599
5.61696 3.71457
4.41802 0.0534801
4.42777 -0.0225365
7.72691 -0.746484
7.71357 -0.773375
4.549 2.61047
4.52728 2.51314
7.98769 1.10888
7.98304 1.13429
7.37517 2.54314
7.31742 2.6206
7.49835 -1.13848
7.4528 -1.20564
7.36874 -1.31897
7.28555 -1.42486
7.5642 2.25066
7.5481 2.27822
7.87547 1.55584
7.88166 1.53682
5.54313 -2.68976
5.60887 -2.67917
4.74675 -1.47308
5.21453 3.65011
5.12672 3.60684
5.27312 3.67183
6.03371 -2.49466
5.98907 -2.52
5.7849 -2.62056
8.03056 0.33876
7.97785 -0.0337954
7.99551 0.0567949
7.96345 -0.100314
7.59877 -0.981998
7.81774 -0.545975
7.59659 -0.98568
7.59161 -0.993847
7.39488 -1.28512
8.03882 0.57676
6.08784 -2.46189
4.70806 -1.32968
5.41125 3.70528
5.77345 -2.62521
4.62222 -0.999651
4.64732 -1.10035
4.39855 1.63641
4.4022 1.6789
4.37303 0.592488
4.37059 0.658019
4.63426 2.90811
4.62757 2.88894
4.36855 1.10098
4.37036 1.16762
4.64972 -1.10989
5.48702 -2.69604
5.51838 -2.69376
4.94825 -2.10775
5.06124 -2.36524
5.22739 -2.59911
5.13119 -2.48668
5.10536 -2.44568
4.36731 1.04062
4.39143 1.55059
4.46371 -0.259408
4.4837 -0.372046
4.39043 0.321452
4.3761 0.527628
4.45735 -0.2217
4.39978 0.218843
4.57503 2.7118
4.48876 2.32314
4.59726 2.78984
7.2456 2.71108
8.02258 0.867083
7.93519 1.34986
7.44545 2.44195
7.27848 -1.43321
7.64173 2.1111
7.64021 2.11399
7.48256 2.38469
4.85562 -1.83928
4.89506 -1.95686
4.94434 -2.09778
7.92482 1.38891
7.81943 1.71518
5.62926 -2.673
7.94786 -0.160983
6.72791 3.21775
4.41765 1.83519
4.42665 1.91017
6.31501 -2.31255
6.2824 -2.33583
4.61602 -0.974264
4.41171 1.7761
4.36873 0.72008
4.63686 2.91499
4.48727 2.31565
7.81627 1.72369
7.73549 1.91816
7.64337 2.10794
4.37241 1.23022
5.70878 3.70454
5.36959 3.69826
8.03491 0.401442
5.80041 3.68941
5.73238 3.70191
5.47416 -2.69579
6.72472 3.22016
4.89914 -1.96989
5.74281 -2.63753
6.83015 3.13329
8.03869 0.590209
6.18508 -2.40066
5.15966 -2.52387
4.9439 -2.0964
6.3458 -2.29105
6.62483 3.29555
4.41489 1.80695
7.93276 -0.215893
