5.87512 2.25723
5.78642 2.22312
6.7919 -0.588926
6.77674 -0.606472
6.5471 -0.817978
6.61184 -0.766205
7.11099 1.2393
7.10164 1.26827
5.23727 0.966318
5.24007 1.00743
6.92056 1.65115
6.90465 1.67688
5.93084 -0.957868
5.91542 -0.951323
6.12048 -0.985303
6.15109 -0.981337
5.23789 0.569822
5.24677 0.447008
6.1998 2.25529
6.26631 2.23257
6.41524 2.16446
6.45296 2.14056
6.31904 -0.942946
6.41606 -0.899204
5.98977 2.27719
5.91008 2.26479
6.90669 -0.436308
6.91639 -0.422285
5.25946 1.1964
5.24756 1.09626
7.17378 1.00611
7.1805 0.973275
5.49247 -0.497258
5.5082 -0.526891
5.5921 -0.669455
5.56718 -0.632912
5.35572 1.63263
5.37771 1.69468
5.29809 1.42021
5.29056 1.38244
5.5295 1.99317
5.58283 2.06251
5.43139 1.82457
5.41218 1.78373
5.66157 2.13984
5.59258 2.0746
6.78058 1.84684
6.78414 1.84246
7.01064 1.48582
6.97616 1.5537
5.74683 -0.848667
5.72144 -0.824364
7.14619 0.0876835
7.11331 -0.0174697
7.05994 -0.153038
7.02702 -0.224436
5.39718 -0.267055
5.41272 -0.308866
5.34174 -0.08332
5.33756 -0.0682347
5.29972 0.0971292
5.28751 0.158541
5.23239 0.782181
5.23291 0.83713
5.24861 0.429626
5.26129 0.322931
7.21157 0.473948
7.21491 0.578843
7.17632 0.212212
7.19715 0.331439
7.14804 1.113
7.13729 1.15443
7.09161 1.2966
7.07101 1.34994
7.19283 0.903242
7.15959 1.06942
7.19662 0.87695
6.71195 1.92412
6.64733 1.99026
6.53276 2.08628
6.53964 2.08084
6.7687 1.86122
6.63854 1.99884
6.63296 2.00396
6.48592 2.1183
6.50446 2.10666
6.81267 1.8056
6.8251 1.78959
5.36405 -0.160193
5.37415 -0.194927
7.2045 0.806059
7.2108 0.738505
7.19809 0.866536
5.32148 -0.00806065
5.32075 -0.00489753
5.23243 0.761859
5.23283 0.706828
5.75374 2.20462
5.88719 2.26114
6.75259 -0.632386
6.84867 -0.516411
6.66644 -0.71968
6.5195 -0.836501
5.24616 1.08272
5.2369 0.959793
5.47932 -0.470831
5.45069 -0.404293
5.65 -0.748663
5.6368 -0.730745
5.32342 1.52867
5.32479 1.53323
5.47693 1.91114
5.50055 1.95141
6.89573 1.69027
6.95983 1.58391
5.83807 -0.914356
5.96259 -0.965533
6.2171 -0.972741
6.07483 -0.983822
7.10841 -0.0311053
7.07277 -0.123472
5.31965 1.13172e-05
5.23709 0.5835
5.24696 0.444884
7.19819 0.338858
7.21037 0.456418
6.0586 2.27683
6.09395 2.2755
6.12036 2.27058
6.30688 2.21846
6.43249 -0.891161
6.28094 -0.954463
5.68756 2.16177
6.69751 -0.689454
6.9274 -0.404858
6.97667 -0.320952
5.23307 0.847019
5.2653 1.23677
5.42722 -0.346282
5.44215 -0.383761
5.54057 -0.58673
5.65731 -0.757957
5.39199 1.73402
5.32081 1.51866
5.27682 1.30912
5.58915 2.07063
5.45182 1.86385
7.04065 1.42201
6.84412 1.76362
7.05027 1.40062
5.80715 -0.893441
6.02504 -0.98059
6.99948 -0.2785
7.14805 0.0941524
7.17452 0.203688
5.37898 -0.21049
5.32485 -0.0222081
5.35546 -0.131579
5.27979 0.203354
5.23237 0.771991
5.26363 0.30608
5.23307 0.697174
7.21496 0.61899
7.21307 0.683718
7.05796 1.38366
6.57281 2.05402
6.52491 2.09265
6.34561 2.2006
7.21148 0.727987
7.12249 1.20631
6.38494 2.1801
6.40041 2.17259
