5.44751 -2.40514
5.48038 -2.41665
4.99629 3.24928
5.00672 3.2619
5.33613 3.49
5.30396 3.47935
5.88328 -2.37813
5.83577 -2.39456
5.39569 -2.38184
5.38511 -2.37468
6.60822 3.16298
6.63875 3.14032
4.66519 -0.716478
4.69199 -0.82571
5.84768 3.51895
5.94146 3.49644
6.16973 3.41646
6.17997 3.41151
4.7069 2.68671
4.71999 2.72668
7.01632 2.80947
7.05339 2.77124
7.16927 2.64043
7.13693 2.67884
7.88261 1.15141
7.89836 1.06634
7.3804 -1.13378
7.39494 -1.11317
6.51879 -2.01068
6.61354 -1.93802
7.46028 2.23278
7.48534 2.19088
7.79878 1.48191
7.77619 1.55246
7.93989 0.651511
7.94179 0.59142
7.78256 -0.363891
7.76251 -0.418941
4.8945 3.10994
4.88751 3.09781
5.17171 3.40723
5.10851 3.36045
5.44794 3.52289
5.49704 3.53211
5.73404 -2.42087
5.64246 -2.43323
7.90343 0.0980367
7.89745 0.0636235
7.93457 0.353217
7.93299 0.332107
4.89181 -1.51771
4.88191 -1.48935
4.95976 -1.71269
4.94514 -1.67197
4.50812 1.65553
4.51063 1.6794
4.48755 1.42277
4.48707 1.41745
4.64321 -0.621483
5.01163 -1.84142
4.99303 -1.79541
4.57409 2.13865
4.57204 2.12735
4.54419 1.95052
4.55146 1.99898
7.53818 -0.889112
7.58793 -0.8004
5.80074 3.52629
5.73683 3.5345
6.3937 3.30224
6.45576 3.26385
6.82179 2.99419
6.89362 2.92972
7.4809 -0.983638
7.506 -0.94329
6.82444 -1.75807
6.80948 -1.77176
7.03975 -1.54615
7.00097 -1.58733
6.37985 -2.1098
6.41263 -2.08782
6.20232 -2.22321
6.18996 -2.23071
5.97482 -2.34058
5.93673 -2.35754
5.54003 -2.42907
5.51039 -2.42284
4.48776 0.398816
4.48824 0.391895
4.53187 -0.0164459
4.52554 0.0328164
7.9312 0.815705
7.93217 0.803499
4.77292 -1.13085
4.75941 -1.08365
4.82552 -1.30956
4.81311 -1.26735
7.81914 -0.253827
7.80442 -0.30009
5.11935 -2.06828
5.15242 -2.12449
6.18721 -2.23244
6.08802 -2.28662
4.46927 0.858141
4.46929 0.850003
4.46997 0.984734
4.46988 0.977003
4.61439 -0.487901
6.00952 3.475
5.82569 3.52335
6.14342 3.4272
6.28218 3.36302
4.6692 2.56035
4.66383 2.54224
4.74103 2.78575
4.73242 2.76307
7.09236 2.72868
7.12056 2.69752
7.27226 2.51159
7.26155 2.52551
7.17412 -1.39807
7.16157 -1.41306
6.61659 -1.93544
6.51395 -2.01454
6.96221 -1.62541
6.90572 -1.68156
7.53941 2.09536
7.57612 2.02658
7.37692 2.36448
7.38347 2.35464
7.84549 1.31524
7.83196 1.36771
7.74287 -0.471039
7.73515 -0.489463
7.71442 -0.539026
6.80351 3.00975
6.75671 3.04882
6.53903 3.2106
6.55636 3.1993
4.51791 1.74953
4.51401 1.71469
4.5043 1.61524
4.49699 1.53685
4.49278 1.48692
4.48295 1.36004
4.48276 1.35737
4.70443 -0.8752
4.8144 2.96233
4.81484 2.9632
4.57165 2.12501
4.59409 2.24307
5.64269 3.54132
5.65216 3.54084
6.05613 3.46071
6.32446 3.33978
6.50431 3.23412
6.94553 2.87984
6.41637 -2.08501
6.79755 -1.78204
6.71198 -1.85682
7.09505 -1.48826
6.28595 -2.17204
5.22524 -2.23074
5.24273 -2.25177
6.06205 -2.30029
6.03761 -2.31198
4.73339 -0.986005
4.74597 -1.03351
4.48242 0.474482
4.48339 0.460731
4.49336 0.330267
4.50787 0.180442
4.51453 0.119718
4.54211 -0.0864139
4.47159 0.714668
4.47138 0.72153
4.47648 0.587409
4.4763 0.591148
4.74471 2.79471
4.76423 2.84475
4.61498 2.33922
4.62198 2.37149
7.66964 1.82979
7.67025 1.82836
7.3278 -1.20609
7.31255 -1.22626
7.92504 0.873983
7.92141 0.909699
4.47616 1.22686
4.4763 1.231
4.47212 1.09752
4.47226 1.104
6.18874 -2.23152
7.83994 -0.182512
5.11276 -2.05585
5.08032 -1.99321
4.71891 -0.931404
4.72932 -0.970501
6.71134 3.08549
6.69551 3.09732
4.59913 -0.414592
4.58726 -0.35324
4.55039 -0.138357
4.56109 -0.204281
4.59926 2.26698
4.6089 2.31219
4.59621 2.25289
6.66596 -1.89484
7.71373 1.72278
7.74212 1.64952
7.85195 -0.140241
7.85616 -0.124033
7.67108 -0.635774
7.66266 -0.654327
4.90912 3.13249
4.92986 3.16338
4.53987 1.91808
4.53341 1.87171
7.35344 -1.1716
7.93521 0.758777
7.9371 0.73384
5.3023 -2.31224
5.33415 -2.34094
5.26958 -2.28347
4.49991 1.56784
4.49834 1.55108
4.60367 -0.436977
4.5614 2.06263
4.86923 3.06472
4.84555 3.02294
4.49822 0.274797
4.49913 0.265022
4.79896 -1.22039
4.77757 -1.14681
5.49327 -2.41993
5.40504 -2.38677
5.17334 -2.15582
5.19421 -2.18887
4.9672 3.21413
5.00948 3.26492
5.28693 3.47173
5.40074 3.51226
5.8355 -2.39462
5.88626 -2.37726
7.92195 0.222865
7.91905 0.1993
4.47841 1.29449
4.47846 1.2973
4.46935 0.921599
4.46931 0.913503
4.46946 0.786503
4.46911 0.794738
4.93838 -1.65211
4.91311 -1.58087
5.02863 -1.88348
5.04578 -1.91993
4.55292 2.00981
7.60349 -0.771108
7.6441 -0.691516
7.62465 1.92768
7.62407 1.92891
4.65489 2.50908
4.63866 2.44371
4.72238 2.73417
4.70104 2.66756
7.13112 2.68549
7.19474 2.61014
7.8717 1.20427
7.9048 1.0269
7.43122 -1.05938
7.22277 -1.34043
7.21847 -1.34582
7.5004 2.16481
7.43583 2.27283
7.33338 2.42784
7.35315 2.39954
7.7717 1.5656
7.80522 1.46122
7.94154 0.512402
7.93847 0.702319
5.55858 -2.43198
5.58635 -2.4335
4.85231 -1.39858
4.8611 -1.42706
7.88015 -0.0223326
7.87026 -0.0659743
5.08043 3.33576
5.2066 3.43008
5.53328 3.5351
5.73524 -2.4207
5.62027 -2.43311
7.94086 0.462637
4.97931 -1.76197
5.06893 -1.96831
4.54213 1.93534
7.67935 -0.618014
7.52862 -0.905589
7.46984 -1.00119
7.94154 0.482761
4.84923 -1.38813
5.92963 -2.36002
5.98718 -2.33572
4.47374 0.650867
4.47352 0.656344
4.77827 2.87806
4.78869 2.90372
4.47389 1.16204
4.47405 1.1675
4.57663 -0.294921
4.74785 -1.04062
5.11442 -2.05928
4.47037 1.0405
4.48142 1.33978
4.47902 0.525953
4.63142 2.41191
4.692 2.63889
7.20719 2.59469
7.07637 2.74676
7.9183 0.932626
7.85632 1.27185
7.32737 2.43627
7.12377 -1.45595
7.24422 -1.31384
7.57726 2.02436
7.53209 2.10879
7.41911 2.29931
7.82335 1.39846
7.74499 1.64155
4.51327 1.70765
4.52065 1.77341
4.83599 3.00588
4.81396 2.9614
5.59655 3.54125
6.01908 -2.32009
4.50006 0.254119
4.52041 0.071216
4.46938 0.778429
7.10773 -1.47415
7.93068 0.822304
4.47819 1.29153
5.39854 -2.38387
5.40128 -2.38527
6.58003 3.18276
7.7094 1.73374
4.53064 1.84995
4.52519 1.80773
4.94214 3.17994
7.66907 1.83111
7.57852 2.02189
4.48803 1.42895
4.52126 1.77837
7.27385 -1.2768
6.64982 3.132
5.70836 3.53784
7.86018 -0.107896
