6.37366 2.72589
6.36192 2.73164
5.54047 2.78289
5.47029 2.7389
6.74187 2.46479
6.71092 2.49173
4.87605 0.780095
4.8751 0.806863
6.94716 -1.01509
6.88418 -1.08591
7.08214 2.07907
7.0828 2.07818
7.14358 1.98618
7.1756 1.93478
7.52212 0.168532
7.52698 0.197009
7.3493 1.59746
7.31446 1.67596
7.4164 1.4231
7.3857 1.50692
5.51677 -1.43108
5.48365 -1.39518
4.88546 1.14969
4.88743 1.18443
5.6888 -1.55665
5.6426 -1.52919
5.0696 -0.545765
5.07121 -0.551519
5.12016 -0.702842
5.15002 -0.788974
5.27055 -1.06937
5.29871 -1.12306
5.1904 -0.891271
5.15963 -0.815685
5.36618 -1.23892
5.33172 -1.1847
4.98849 1.86989
4.99099 1.87996
4.94342 1.64935
4.95612 1.71652
4.90891 1.42199
4.90964 1.42748
4.89483 0.388884
4.89326 0.404167
4.87825 0.674416
4.87895 0.649746
4.87585 0.883965
4.87641 0.936576
5.31325 2.59223
5.34578 2.62999
5.20287 2.43314
5.16202 2.35982
5.11623 2.25914
5.15151 2.33758
6.05975 -1.60131
5.98664 -1.61029
6.25353 -1.54266
6.20287 -1.5605
5.8717 -1.60944
5.95343 -1.61199
5.04687 2.073
5.0305 2.02011
6.86884 -1.10152
6.80236 -1.1668
7.26277 1.78019
7.28421 1.73901
7.27648 -0.538592
7.26701 -0.55651
4.92364 0.131074
4.92472 0.123791
6.15903 2.817
6.06485 2.84282
6.03953 2.84831
5.94902 2.86105
5.70398 2.845
5.74215 2.85348
6.45001 -1.44213
6.4183 -1.45998
6.6489 -1.30241
6.62952 -1.3172
7.55261 0.407861
7.55215 0.401072
6.59066 2.58842
6.56844 2.60543
7.44312 1.34221
7.44473 1.33743
7.54019 0.889613
7.53882 0.901247
7.55821 0.582251
7.55865 0.599536
4.96174 -0.0941062
4.97605 -0.167731
7.0596 -0.876769
7.07716 -0.854352
7.19303 -0.685004
7.16673 -0.726381
7.47316 1.23668
7.46525 1.26516
7.51787 1.03417
7.51525 1.04987
6.91804 2.28713
6.85641 2.35321
6.92924 2.27405
6.97874 2.21432
6.45611 2.67873
6.46912 2.67133
7.44186 -0.151443
7.43262 -0.18059
7.41322 -0.234579
7.42191 -0.21067
7.37174 -0.340054
7.37582 -0.330355
7.38394 1.51156
7.41671 1.42223
4.87984 1.06368
4.89512 1.2872
4.90166 0.313531
4.89954 0.335052
4.89053 0.437168
4.88778 0.47279
4.88221 0.562434
4.88013 0.608003
4.87699 0.714929
4.87809 1.01535
6.50389 2.64863
6.52682 2.63351
7.49997 1.12488
7.50226 1.11502
7.55363 0.75225
7.55415 0.746171
5.03094 -0.404005
5.00829 -0.31545
7.21893 1.8611
7.23252 1.83709
6.31945 2.75335
6.30681 2.7591
7.3518 1.5915
7.42096 1.40958
7.41698 1.42144
4.8795 1.04002
7.48621 0.00160704
7.4675 -0.0689407
7.32012 -0.453288
7.32348 -0.446568
5.00508 -0.302251
4.99834 -0.273671
5.04822 -0.468352
7.28811 1.73106
7.30046 1.70583
6.41611 2.70252
4.89588 1.29638
4.87574 0.753814
7.50487 0.082107
7.49776 0.0470394
5.44207 2.71847
5.57905 2.80168
5.42118 -1.32084
5.4206 -1.32003
4.89658 1.30427
7.5567 0.664622
7.55622 0.696365
7.52635 0.986021
7.52368 1.00387
4.98243 -0.198718
4.99254 -0.246688
5.22856 -0.981377
5.21557 -0.950835
4.96461 1.76049
4.98757 1.86572
6.65485 2.53922
6.78556 2.42369
5.25365 2.51545
5.25566 2.51804
6.15598 -1.57779
6.08701 -1.59438
5.78007 -1.59248
5.7808 -1.59264
5.07897 2.16826
5.07508 2.15783
7.10255 -0.818343
7.13711 -0.770907
7.0092 -0.94221
6.87765 -1.09271
5.8451 2.86517
5.84029 2.86463
6.54886 -1.37748
6.52816 -1.39118
7.08458 2.07561
7.03179 2.14691
6.26544 2.77804
6.23184 2.79054
7.20603 -0.663376
7.25057 -0.586137
7.54144 0.294752
7.31232 1.68063
5.64013 2.8267
5.38039 2.66427
7.54371 0.313653
5.55556 -1.46578
5.41988 -1.31893
4.90594 1.39559
5.77888 -1.59201
5.60033 -1.5028
7.55443 0.742505
5.08745 -0.604871
5.09411 -0.625281
5.07714 -0.57233
5.05434 -0.490512
5.15398 -0.800204
5.31575 -1.15559
5.24449 -1.0174
4.9248 1.53655
4.93026 1.57051
5.01721 1.97617
4.91818 0.171809
4.90812 0.252233
5.25253 2.51387
5.15626 2.3482
5.08208 2.17588
5.96492 -1.6125
6.30822 -1.51699
6.35229 -1.49685
6.75603 -1.21104
7.01436 -0.936059
6.72389 -1.23896
7.296 -0.501722
4.94854 -0.0232072
4.94493 -0.00256224
4.9426 0.0117557
6.0536 2.84585
5.84752 2.86518
7.5552 0.457872
6.54805 2.61902
6.61146 2.5729
7.01992 -0.929205
7.48979 1.16743
7.49724 1.13845
7.55718 0.502563
7.48475 1.18955
7.44652 1.33193
7.50829 1.08227
7.52807 0.976368
6.82957 2.3811
6.63198 2.55699
6.92382 2.28052
7.13024 2.00716
7.00951 2.17539
7.39952 -0.270382
7.39286 -0.287671
7.35009 -0.390734
4.90653 0.265501
4.89581 0.375186
4.88581 0.499477
4.88328 0.54081
4.87939 0.625839
6.48266 2.66324
7.54699 0.824106
7.53304 0.94279
4.9074 0.258378
7.45247 -0.118409
7.34783 -0.395636
7.2864 1.73449
7.24951 1.8056
7.19621 1.90003
7.54269 0.869566
7.34971 -0.391585
4.88482 0.519349
