7.68111 -0.268912
7.69993 -0.210446
5.5094 3.29241
5.45153 3.2748
5.10627 3.03283
5.11526 3.04358
7.792 0.202355
7.80208 0.282997
4.60664 1.112
4.60587 1.09614
4.97294 -1.25185
4.96534 -1.23135
4.63361 1.51935
4.63696 1.55172
4.67759 1.86982
4.67805 1.87256
5.6001 -2.12368
5.63927 -2.13094
5.43109 -2.03905
5.40945 -2.02119
4.60907 0.599226
4.60991 0.578194
4.93027 2.75685
4.95943 2.81424
7.12829 -1.24548
7.13378 -1.23909
4.68102 -0.10805
4.66715 -0.0156267
7.50388 -0.686005
7.49896 -0.695572
6.33998 3.14265
6.37164 3.12621
4.75419 2.2484
4.76599 2.29638
5.71382 3.31802
5.76512 3.31711
6.67855 2.9206
6.735 2.87615
6.86217 -1.52689
6.83298 -1.55492
7.39277 -0.879794
7.37089 -0.914761
7.45573 1.98277
7.43586 2.01984
7.62727 1.60184
7.60397 1.66252
7.71484 1.32753
7.73067 1.26754
7.74598 -0.0410379
7.7603 0.0225769
7.61437 -0.448496
7.60065 -0.482201
5.30984 3.20878
5.22919 3.15225
5.02428 -1.38921
5.0327 -1.41185
5.14625 -1.66558
5.10897 -1.58776
6.50651 3.04369
6.55018 3.01473
4.61209 1.24296
4.61515 1.29509
4.6679 1.80367
4.66853 1.80839
6.16278 -2.02751
6.19928 -2.00981
5.72452 -2.1394
5.79136 -2.13988
4.79388 -0.652108
4.77645 -0.582899
4.84691 -0.853931
4.84141 -0.833804
5.21259 -1.78345
5.21345 -1.78498
4.63665 0.224953
4.63545 0.236223
4.6037 0.726203
4.60242 0.784548
4.7205 2.09954
4.72676 2.12787
6.14643 3.23055
6.2343 3.19342
5.97169 3.28577
5.97384 3.28538
6.92488 2.7045
6.84465 2.78133
6.62747 2.9598
6.39861 -1.89481
6.31955 -1.94284
6.58368 -1.76443
6.59756 -1.75448
6.79976 -1.58561
6.72743 -1.6484
6.92246 -1.46911
6.90609 -1.48578
7.25528 -1.08321
7.2934 -1.03127
7.81636 0.506805
7.81493 0.453528
4.93439 -1.13969
4.93802 -1.1515
4.74641 -0.447132
4.7657 -0.53642
6.98901 -1.40056
7.01005 -1.37892
7.02767 2.59663
6.99008 2.63717
7.81601 0.643721
7.8157 0.67067
7.71574 -0.157033
7.6604 -0.328823
6.04612 -2.07618
6.09476 -2.05855
5.69443 -2.14012
7.04277 -1.34273
7.05999 -1.32384
6.37903 3.12176
6.25961 3.18298
7.77686 1.04682
7.75657 1.15546
7.37777 2.12175
7.34017 2.18389
7.29462 2.25374
7.32422 2.2089
7.2061 2.37852
7.22918 2.34722
7.66446 1.49455
7.67756 1.45491
7.6425 -0.377071
7.57106 -0.54829
7.56153 -0.569528
6.58654 2.98999
6.49346 3.05246
4.65314 1.6963
4.65117 1.68005
4.62777 1.46072
4.62466 1.4234
5.99184 -2.09706
5.92994 -2.1152
5.94103 -2.11218
5.84547 -2.13095
5.89058 -2.12497
5.56277 -2.11041
5.55183 -2.10655
4.8247 -0.772898
4.8208 -0.758424
4.8579 -0.893702
4.99393 2.87358
5.00772 2.89812
6.0322 3.26975
6.06665 3.25779
6.11554 3.24147
6.24924 3.18739
6.43483 3.08886
5.61419 3.31257
5.62547 3.31353
6.78416 2.83405
6.30027 -1.95492
6.42921 -1.87392
6.90215 -1.48976
4.60307 0.970765
4.60231 0.913347
4.61078 1.22028
4.60859 1.16734
4.88616 -0.987
4.90481 -1.04733
4.62508 0.34833
4.61822 0.442575
4.65091 0.103795
4.64347 0.161627
4.60412 0.712271
4.60647 0.65418
4.81563 2.46407
4.8221 2.48512
4.76996 2.31073
4.7859 2.36683
7.08021 2.5365
7.11049 2.50113
6.92545 2.70394
6.92648 2.70288
7.21227 -1.14002
7.24079 -1.10356
7.79078 0.958367
7.78868 0.972976
7.80438 0.841006
7.80224 0.864996
4.60575 1.04034
4.64053 1.5894
4.64594 1.6379
4.63038 1.48756
4.61419 0.523753
7.52461 1.8447
7.53917 1.81367
4.91639 2.72707
4.90562 2.70167
5.76571 3.3171
5.76613 3.31708
4.6182 1.34113
4.61953 1.35924
4.87601 -0.953701
5.28389 -1.88872
5.2886 -1.89433
5.17155 -1.71119
5.15215 -1.67637
4.61601 0.473163
4.62892 0.305491
4.60316 0.982978
4.60184 0.855213
4.60181 0.844203
5.87008 3.30548
5.83659 3.30984
4.72432 -0.343714
4.73438 -0.391737
5.08448 3.004
5.04872 2.95746
4.69901 -0.212425
4.70574 -0.248697
5.39334 -2.00752
5.37514 -1.99079
5.23732 -1.82148
5.25004 -1.8396
4.70484 2.02052
4.70071 2.00051
4.87728 2.63743
4.8708 2.62077
5.68105 3.31716
5.66209 3.31644
6.49775 -1.82759
6.53297 -1.8014
4.65963 1.74422
6.25037 -1.98246
6.26908 -1.97178
5.40911 3.25898
5.60248 3.31111
5.14444 3.0744
5.10128 3.02634
7.80663 0.330826
7.78419 0.148712
5.04887 -1.45294
5.06948 -1.5005
4.68702 1.92691
4.67398 1.84654
7.44949 -0.786091
7.55396 -0.585303
4.75146 2.23676
4.76904 2.30764
6.81862 -1.56823
7.34365 -0.956197
7.43971 -0.803671
7.41735 2.05307
7.47932 1.93759
7.25086 2.3168
7.28658 2.26565
7.63608 1.57836
7.59258 1.691
7.73624 1.24437
7.70533 1.36243
7.77181 0.0790925
7.73298 -0.0933622
5.21181 3.13826
5.32974 3.22019
5.61051 3.31232
7.81285 0.414615
4.99852 -1.32185
5.08391 -1.53174
5.15071 -1.67387
4.69128 1.9497
4.76884 -0.550361
4.80202 -0.684167
5.21448 -1.78679
5.1826 -1.73066
4.73271 2.15666
4.71342 2.06419
7.44151 -0.800568
5.97919 3.28412
5.90604 3.29932
6.69824 -1.67378
6.63254 -1.72633
6.56974 -1.77485
7.29655 -1.02666
7.44069 -0.801981
7.81716 0.56094
7.5688 1.74697
7.58078 1.71904
5.34342 -1.95906
5.2974 -1.90467
4.7919 2.38684
4.8034 2.42599
7.05187 2.5696
7.81172 0.755855
7.81053 0.777233
7.79788 0.899502
7.79176 0.951937
4.6854 -0.133904
7.14504 -1.22533
4.84055 2.54205
4.84169 2.54558
4.8435 2.55061
7.1572 2.44319
7.13809 2.46731
7.78151 1.0186
7.75349 1.17016
7.16844 2.42863
7.49282 1.91073
7.3895 2.10194
7.33704 2.18889
7.69098 1.41091
7.64745 1.54508
7.8091 0.793987
4.63938 1.57913
4.64854 1.66014
5.4893 -2.07621
5.46694 -2.06185
5.81782 3.31255
5.76554 3.3171
5.50883 -2.08774
5.35605 -1.9731
4.64291 0.166382
5.02057 2.91827
6.22123 -1.99798
4.9616 -1.22126
4.62112 1.38008
7.11236 -1.2643
4.65746 0.0550287
4.63309 0.262842
4.9151 -1.08061
6.48246 3.05978
5.5482 -2.10492
4.81948 -0.753538
5.95153 -2.10883
4.95059 -1.18943
