6.37338 2.72973
6.36356 2.73454
5.54018 2.7877
5.46631 2.7414
6.74157 2.46888
6.71344 2.49335
4.87368 0.780134
4.87268 0.808353
6.94948 -1.0165
6.88286 -1.09142
7.14721 1.98507
7.1777 1.93614
7.52416 0.166627
7.52943 0.197496
7.35099 1.59943
7.31697 1.67605
7.41812 1.42511
7.38812 1.50701
5.51688 -1.43713
5.47994 -1.39709
4.88288 1.14809
4.88502 1.18583
5.68804 -1.56151
5.6364 -1.53083
5.06622 -0.54348
5.06843 -0.551418
5.11765 -0.704231
5.14611 -0.786334
5.26764 -1.07098
5.29314 -1.11959
5.18772 -0.892755
5.15915 -0.8226
5.36297 -1.24069
5.33129 -1.19085
4.98604 1.87148
4.99059 1.88981
4.94094 1.65095
4.95301 1.71474
4.9064 1.42362
4.90669 1.4258
4.89239 0.388924
4.89065 0.405765
4.87577 0.675941
4.87651 0.649786
4.8734 0.882543
4.87399 0.938064
5.30995 2.5943
5.34539 2.63544
5.19984 2.43504
5.16155 2.36633
5.11343 2.26091
5.14675 2.33502
6.05925 -1.60564
5.97521 -1.61596
6.25305 -1.54687
6.20605 -1.56342
5.87118 -1.61407
5.95868 -1.61681
5.04427 2.07468
5.02675 2.01808
6.8765 -1.09788
6.80481 -1.16829
7.2645 1.78221
7.28751 1.73799
7.27837 -0.54042
7.26954 -0.557125
4.92121 0.129697
4.92182 0.125577
6.15879 2.82084
6.06955 2.8453
6.03313 2.8532
5.94877 2.86507
5.69963 2.84833
5.7419 2.85772
6.44954 -1.44631
6.42164 -1.46201
6.64841 -1.30669
6.63237 -1.31893
7.55496 0.408745
7.55435 0.399686
6.59327 2.5901
6.56816 2.60932
7.44631 1.34047
7.4473 1.33752
7.54249 0.889697
7.54093 0.902909
7.56068 0.584193
7.56108 0.599626
4.9594 -0.0954023
4.97306 -0.165712
7.06067 -0.87955
7.07936 -0.855694
7.19512 -0.686282
7.16497 -0.733736
7.47505 1.23889
7.4682 1.26355
7.52019 1.03425
7.51732 1.05149
6.91772 2.29139
6.85869 2.35469
7.08604 2.07787
7.08491 2.07954
6.93376 2.27266
6.98094 2.21574
6.45945 2.6805
6.47068 2.67411
7.44453 -0.150911
7.43454 -0.182393
7.41513 -0.23637
7.42467 -0.210119
7.37361 -0.341807
7.37867 -0.329787
7.38565 1.51355
7.4191 1.42232
4.87745 1.06507
4.89248 1.28556
4.89934 0.312183
4.89692 0.336659
4.88818 0.435802
4.88519 0.474379
4.87981 0.561041
4.87759 0.609561
4.87455 0.714969
4.87561 1.01391
6.50666 2.65041
6.53289 2.63312
7.50229 1.12497
7.50495 1.11355
7.55522 0.760923
7.55633 0.747881
5.02852 -0.405338
5.00496 -0.313203
7.22102 1.86245
7.23364 1.84014
6.31916 2.75723
6.30849 2.76209
7.35426 1.59159
7.43264 1.38203
7.41998 1.41981
4.87709 1.04002
7.48947 0.0045541
7.46949 -0.0707996
7.32344 -0.45231
7.326 -0.447182
5.00262 -0.303605
4.99773 -0.282823
5.04483 -0.466066
7.28989 1.73315
7.29743 1.71776
6.41769 2.70534
4.89338 1.29637
4.87335 0.752428
7.50738 0.0826088
7.49978 0.0451406
5.44176 2.72362
5.57461 2.80447
5.4213 -1.3273
5.41729 -1.32173
4.8942 1.30565
7.55908 0.666484
7.55862 0.696454
7.5288 0.986112
7.52657 1.00099
4.98012 -0.199995
4.98994 -0.246594
5.22589 -0.982855
5.21107 -0.948039
4.96214 1.76209
4.98436 1.86389
6.65456 2.54323
6.78796 2.42524
5.25051 2.51742
5.24852 2.51418
6.15549 -1.58206
6.0906 -1.59768
5.07617 2.17007
5.07446 2.16546
7.10366 -0.821228
7.13933 -0.772263
7.0151 -0.939412
6.88015 -1.09423
5.84485 2.86929
5.84881 2.86914
6.54838 -1.3817
6.53123 -1.39305
7.08155 2.08427
7.034 2.14834
6.26516 2.78194
6.23604 2.79276
7.21003 -0.661477
7.25244 -0.587945
7.54352 0.292802
7.31399 1.68258
5.63985 2.8312
5.37678 2.66654
7.54614 0.314563
5.55134 -1.46795
5.41233 -1.31424
4.90521 1.41313
5.78572 -1.59829
5.77936 -1.59717
5.77304 -1.59488
5.59955 -1.50782
7.55693 0.740015
5.0849 -0.606278
5.09025 -0.622679
5.07662 -0.580129
5.05156 -0.490411
5.15149 -0.801581
5.31284 -1.1572
5.24404 -1.02392
4.92231 1.53816
4.92723 1.56878
5.01458 1.97787
4.91812 0.152737
4.90585 0.250916
5.25211 2.51979
5.15345 2.34997
5.07755 2.17343
5.9644 -1.61706
6.3111 -1.51962
6.35182 -1.50101
6.75484 -1.216
7.01671 -0.937493
6.72655 -1.24058
7.29853 -0.502337
4.94558 -0.0212088
4.94231 -0.00254599
4.94021 0.0103973
6.05337 2.84966
5.84234 2.86914
7.55843 0.475482
6.55087 2.62084
6.61678 2.57256
7.01845 -0.935355
7.49223 1.16752
7.49914 1.14067
7.55963 0.502653
7.48756 1.18802
7.44841 1.33413
7.51069 1.08236
7.53023 0.978066
6.82927 2.38526
6.63465 2.5587
6.92599 2.28192
7.13232 2.00849
7.01389 2.17404
7.40233 -0.26982
7.39476 -0.289458
7.35295 -0.390162
4.9039 0.267113
4.89347 0.373828
4.88345 0.498104
4.88073 0.542376
4.87697 0.624439
6.48237 2.66713
7.54922 0.825855
7.53438 0.950081
5.77697 -1.59642
4.90497 0.258417
7.45598 -0.11523
7.34458 -0.408323
7.28886 1.73524
7.25283 1.80458
7.19732 1.90305
7.54534 0.866934
7.35156 -0.393314
4.88239 0.519388
