5.33272 -2.18078
5.32161 -2.17105
6.13612 -2.17375
6.18792 -2.14555
5.63851 -2.3121
5.71371 -2.31153
4.98457 -1.5754
5.00934 -1.63898
4.74234 -0.797208
4.71686 -0.693375
5.1153 -1.8751
5.08188 -1.80531
4.61632 2.03502
4.61041 1.99959
7.60016 -0.666797
7.55277 -0.758967
6.38505 3.23318
6.37528 3.23825
7.56888 1.92912
7.61241 1.83644
7.84136 1.11061
7.84313 1.10105
7.42811 2.18949
7.42891 2.18816
7.34415 2.32039
7.32297 2.35173
7.74582 1.48689
7.73718 1.51387
7.8919 0.6424
7.89253 0.62238
7.74303 -0.326886
7.70536 -0.430344
7.79209 -0.169454
7.81047 -0.101403
5.1038 3.23092
5.10384 3.23095
5.29887 3.37021
5.30005 3.37083
5.78415 -2.30193
5.80724 -2.2977
5.58151 -2.30672
5.62792 -2.31213
5.50401 3.43842
5.50053 3.43788
4.91437 2.98183
4.93187 3.01123
7.85957 0.139098
7.84291 0.0431624
7.88748 0.3973
7.88115 0.312661
4.95607 -1.50225
4.94097 -1.45899
4.56002 1.62533
4.56573 1.67965
4.54216 1.42302
4.53966 1.39525
4.57312 1.74481
4.58159 1.80799
4.7686 -0.898266
4.75792 -0.859193
5.25195 -2.09288
5.2574 -2.09934
5.16126 -1.95664
5.12612 -1.89417
4.89378 2.94372
4.86938 2.8971
6.00511 3.39861
5.93169 3.4185
6.16051 3.34294
6.07055 3.37672
5.68192 3.45183
5.6538 3.4524
6.8609 2.88427
6.87457 2.872
6.99012 -1.52094
6.98025 -1.53098
7.44594 -0.942444
7.47245 -0.899831
6.43117 -1.99329
6.39656 -2.01821
6.66186 -1.82149
6.59751 -1.87245
6.88022 -1.62963
6.794 -1.70846
6.00518 -2.23337
6.03667 -2.22066
4.52241 0.913441
4.52195 0.89098
4.52697 1.14206
4.52782 1.16743
4.53926 0.428675
4.54421 0.357515
4.58969 -0.0519582
4.57518 0.0609208
4.52792 0.628554
4.52671 0.655478
4.6902 2.38602
4.68585 2.36967
7.23884 -1.23709
7.23572 -1.24097
7.87237 0.907087
7.87434 0.892042
4.62931 -0.28158
4.613 -0.191781
4.82433 -1.09456
4.81322 -1.05574
7.7787 -0.215971
7.74839 -0.311269
6.26281 -2.1033
6.08711 -2.19757
7.07593 -1.42876
7.10344 -1.39859
5.81542 3.44136
5.86964 3.43051
6.4427 3.19845
6.27328 3.29201
4.74532 2.58376
4.7222 2.50585
4.76735 2.64903
4.75278 2.60642
4.81509 2.77605
4.81794 2.78356
7.14972 2.58119
7.17117 2.55531
7.07295 2.66985
7.07955 2.66256
7.25229 2.45108
7.19742 2.52243
6.53467 -1.91918
6.4976 -1.94767
6.89786 -1.61264
6.89063 -1.61983
7.50629 2.0508
7.52064 2.02391
7.79452 1.32003
7.79233 1.32852
7.7038 -0.434464
6.736 2.9906
6.71917 3.00465
6.49915 3.16366
6.50326 3.16098
4.55909 1.61549
4.57287 1.74301
4.57187 1.73476
4.54884 1.50666
4.5472 1.48717
4.53508 1.33235
4.53471 1.32714
4.77403 -0.917911
4.64129 2.16825
4.64906 2.20881
5.76583 3.4472
5.911 3.4227
6.04675 3.38585
6.23209 3.3104
6.49577 3.16595
5.70568 3.45153
6.88445 2.86251
6.97355 -1.53777
7.06149 -1.44474
6.32091 -2.06606
6.7253 -1.7677
6.69637 -1.79298
6.93599 -1.57517
6.28777 -2.08803
5.31382 -2.16257
5.28714 -2.13453
5.90873 -2.2703
5.93574 -2.26082
4.52343 1.01712
4.52312 0.97694
4.52194 0.872395
4.52191 0.827507
4.531 1.25865
4.5288 1.2045
4.52583 1.10394
4.87416 -1.25985
4.88877 -1.30494
4.53467 0.493894
4.53707 0.459857
4.54655 0.329401
4.59071 -0.0589017
4.52325 0.744614
4.52485 0.695697
4.52966 0.59028
7.63523 1.78349
7.65432 1.73892
7.01715 2.72996
7.03405 2.71264
7.17119 -1.31997
7.1267 -1.37198
7.2932 -1.16532
7.24045 -1.23506
7.78528 -0.193418
5.47222 -2.27488
5.39602 -2.23228
5.88524 -2.2773
5.86207 -2.2831
4.52448 1.04044
4.52453 1.0644
6.70286 3.01783
6.62374 3.07695
6.54778 3.13087
6.56445 3.11924
4.64905 -0.386329
4.63875 -0.333044
4.53355 0.525066
4.53127 0.554126
4.62675 2.09325
4.6332 2.12691
4.59153 -0.0640564
4.59692 -0.0972561
4.65817 2.25113
6.93373 2.81352
7.65848 1.72852
7.68757 1.65465
7.6348 -0.593022
7.61622 -0.633946
5.54911 -2.30079
5.53072 -2.29582
4.96327 3.06027
4.99343 3.10363
4.58282 1.81659
4.5906 1.87216
7.32423 -1.12357
7.884 0.790965
7.88586 0.766375
4.55801 1.60392
4.55309 1.55133
4.67792 -0.526722
4.66725 -0.475996
4.57298 1.74382
4.54877 0.304097
4.55247 0.264154
4.85041 -1.18407
4.84807 -1.17599
5.48035 -2.27894
5.47669 -2.27747
5.75708 -2.30533
5.3998 3.41154
5.42871 3.42015
5.02768 3.14766
5.00806 3.12345
7.87639 0.265518
7.86577 0.179315
5.04129 -1.71611
4.97411 -1.54952
5.05104 -1.74025
5.11925 -1.88216
4.60636 1.97649
4.62158 2.06324
7.53911 -0.783952
7.60864 -0.649734
7.56637 1.93434
7.61465 1.8314
4.67117 2.31042
4.66964 2.30398
4.78406 2.69572
4.77334 2.6655
7.11145 2.62587
7.13885 2.59428
7.82754 1.17757
7.86213 0.984696
7.39723 -1.01933
7.386 -1.03597
7.46776 2.1209
7.4245 2.19541
7.3006 2.38373
7.37753 2.27002
7.71779 1.57067
7.7659 1.42233
7.81499 1.23697
7.80803 1.2659
7.88782 0.734155
7.89252 0.616641
7.83772 0.017386
7.8164 -0.0767203
5.10372 3.23083
5.19078 3.30363
5.20235 3.31219
5.30308 3.37204
5.5257 3.44105
7.89014 0.44361
4.93417 -1.43861
4.9098 -1.36745
5.0459 -1.72774
4.6929 -0.593353
4.69941 -0.621198
5.1822 -1.99313
4.60002 1.93594
7.49353 -0.864237
7.40272 -1.01106
7.89251 0.513579
6.05043 -2.214
5.98622 -2.24185
5.48658 -2.2809
5.20702 -2.02918
4.67157 2.31197
4.70122 2.4289
7.87845 0.848857
7.86848 0.938911
4.61034 -0.176401
4.79847 -1.0049
4.85724 -1.20671
4.71007 2.46085
4.75119 2.602
7.18751 2.53504
7.06134 2.68297
7.86477 0.966273
7.81612 1.2321
7.26531 2.43329
7.54362 1.97908
7.47614 2.1061
7.3867 2.25571
7.77138 1.40335
7.70632 1.6033
4.53465 1.32639
4.53904 1.3872
4.90403 2.96318
5.6021 3.45021
5.61913 3.45082
5.95889 -2.25156
4.7883 -0.968543
4.52184 0.808837
4.53126 1.26656
4.52839 1.19364
4.89703 -1.33081
4.56434 0.150561
4.55671 0.219322
4.52259 0.762342
4.52537 0.680798
4.82543 2.80181
7.18381 -1.30499
7.88308 0.80445
6.59972 3.0951
7.69323 1.63961
7.65437 -0.551007
4.9617 3.05803
4.5931 1.88874
5.22096 -2.04871
5.27749 -2.12307
5.83471 -2.2911
7.34613 -1.09341
4.94059 3.0242
4.53297 1.29472
4.56616 1.68433
4.54534 1.46454
4.55433 0.242277
4.52228 0.785852
7.69312 -0.459963
4.5227 0.936336
4.57205 0.0843921
6.61116 3.0865
4.8595 2.87695
4.85114 2.85858
7.66015 -0.537903
