5.97146 2.52036
5.93325 2.5173
6.1825 2.48892
6.26242 2.461
6.99301 -0.591856
7.03119 -0.533428
7.26158 1.24485
7.26217 1.24304
7.34497 0.832716
7.34466 0.835982
7.3586 0.592748
7.35862 0.592164
5.15193 1.51464
5.16452 1.57298
7.3072 0.135075
7.29789 0.0943378
5.155 0.0427143
5.15173 0.0593854
5.08554 0.742332
5.08608 0.710298
5.12195 0.243756
5.11925 0.264713
6.78969 2.08716
6.7794 2.09785
5.8318 2.50394
5.7653 2.48585
6.3978 2.39993
6.44259 2.37311
6.93827 -0.667341
6.89573 -0.721673
7.19982 1.42294
7.16822 1.4989
5.09649 1.10047
5.09932 1.14201
5.26519 -0.390687
5.25413 -0.355416
5.36786 -0.658901
5.33628 -0.583505
5.42082 -0.764035
5.38556 -0.695006
5.52252 -0.930234
5.54457 -0.96137
5.20319 1.73117
5.20661 1.7428
6.29365 -1.18934
6.37195 -1.15485
6.10123 -1.23603
6.14628 -1.22816
5.27119 1.92807
5.25538 1.8857
5.35541 2.10565
5.38196 2.15202
5.46411 2.26741
5.44797 2.24553
5.61109 2.40444
5.56814 2.37246
6.74259 -0.890394
6.73254 -0.90024
6.57752 -1.02975
6.49064 -1.0905
7.00877 1.79845
7.03218 1.76033
7.14119 1.55782
7.11642 1.60932
5.72678 -1.14006
5.65417 -1.081
5.91251 -1.22416
5.85384 -1.20513
7.13796 -0.345405
7.14259 -0.336331
7.24058 -0.0998666
7.22987 -0.130324
5.09672 0.489605
5.09309 0.541898
7.3429 0.343191
7.34651 0.3754
6.79762 2.07837
6.84283 2.02498
7.2323 1.33451
7.2063 1.40622
7.31467 1.02668
7.3095 1.05554
6.57148 2.28556
6.59334 2.26929
7.33852 0.88218
7.33534 0.908715
5.28326 -0.446634
5.28053 -0.438305
5.24206 -0.31612
5.20321 -0.178959
5.19191 -0.130562
5.08705 0.937179
5.08643 0.905747
6.68915 2.1872
6.6954 2.18122
7.29514 1.11734
7.30096 1.09469
6.87915 1.98147
6.91303 1.93759
7.34543 0.827474
7.35144 0.754237
6.50717 2.33228
6.4831 2.34729
5.17111 -0.0365855
5.17759 -0.0672406
5.08492 0.855282
5.08506 0.873145
5.09036 1.00652
5.11209 1.26929
5.11436 1.28925
5.23464 -0.291522
5.22431 -0.255081
6.00511 2.51832
5.86772 2.512
6.12238 2.50213
6.28963 2.45144
7.05973 -0.486742
6.96617 -0.630175
7.3565 0.507547
7.35854 0.596068
7.32467 0.978588
7.32393 0.983318
5.2986 -0.488274
5.31076 -0.519592
5.46838 -0.848951
5.45503 -0.827626
5.17592 1.62397
5.13495 1.42486
6.19667 -1.21942
6.2661 -1.19791
5.3104 2.01873
5.3279 2.05278
5.53226 2.33937
5.47366 2.27911
6.66266 -0.961664
6.60883 -1.00685
7.10829 1.62509
7.08307 1.67228
5.81895 -1.19217
5.74166 -1.14919
7.15931 -0.300727
7.18867 -0.235691
7.32361 0.214702
7.27782 0.0187618
5.13981 0.121389
5.16464 -0.00392748
5.08683 0.67628
5.08536 0.775468
5.13789 0.13336
5.10764 0.365722
5.71007 2.46213
6.07643 2.5121
5.66475 2.43977
6.85947 -0.765529
6.82059 -0.808618
6.75572 -0.876903
7.09147 -0.432094
7.16438 1.50791
7.20318 1.41436
5.37662 -0.677265
5.48882 -0.879748
5.58381 -1.00757
5.63617 -1.06511
5.1311 1.40326
5.20171 1.72546
5.23664 1.83439
5.11892 1.32223
6.39215 -1.14584
6.01094 -1.23878
5.2937 1.98298
5.40633 2.18874
6.48537 -1.09357
6.96414 1.86696
6.95007 1.88732
7.06416 1.70571
6.00727 -1.23879
6.00381 -1.23824
7.19155 -0.228994
7.26648 -0.0205108
7.19474 -0.221025
7.32945 0.24929
5.13942 0.123595
5.08779 0.645106
5.10376 0.404791
5.08917 0.615408
5.10568 0.384074
7.35547 0.479092
6.6508 2.22054
6.68029 2.1957
7.35638 0.495162
7.35514 0.688954
7.28846 1.1474
7.28225 1.16988
7.25454 1.26673
7.23531 1.32543
7.30511 1.07479
7.32627 0.969673
5.20634 -0.191031
5.20833 -0.198544
6.72491 2.15217
6.62724 2.24078
6.94094 1.90022
6.87274 1.98969
7.35437 0.710938
5.08507 0.873261
5.08454 0.808212
6.33424 2.43138
6.94661 1.89216
5.10134 1.17283
7.26112 1.24638
5.08454 0.807915
6.38066 2.40832
6.38951 2.4042
5.182 -0.0873146
6.86669 1.99704
5.22022 -0.241469
