7.71355 -0.29928
7.74505 -0.201445
5.50475 3.36861
5.49448 3.36549
5.04778 3.06953
5.06833 3.09408
7.82807 0.168585
7.83673 0.237889
4.58658 1.49015
4.59294 1.55152
4.65511 2.01084
4.65331 2.00003
4.63373 -0.0790068
4.62758 -0.0380266
7.55346 -0.676115
7.52667 -0.728215
6.37855 3.18129
6.30927 3.21726
7.56168 1.85979
7.57081 1.84035
4.71006 2.27346
4.70424 2.24982
6.69483 2.96994
6.70426 2.96252
7.4825 2.01878
7.48078 2.022
7.32042 2.28845
7.27906 2.34962
7.75623 1.32363
7.76268 1.2992
7.77995 -0.0728315
7.80334 0.031165
7.66144 -0.439105
7.64374 -0.482586
5.78335 -2.22435
5.80671 -2.22007
5.59328 3.3824
5.53197 3.37296
5.30472 3.29284
5.3713 3.32514
5.10932 3.14103
5.16402 3.19314
7.85388 0.428752
7.84417 0.298787
4.95343 -1.35161
4.98498 -1.43637
5.05947 -1.62198
5.0561 -1.61494
6.56897 3.06141
6.58232 3.05256
4.58113 1.4232
4.58092 1.42087
4.61909 1.77336
4.62376 1.80818
6.1772 -2.08898
6.18769 -2.08389
5.52913 -2.199
5.54182 -2.20394
4.80659 -0.876759
4.78546 -0.799466
5.13108 -1.77422
5.13477 -1.78078
4.59098 0.259107
4.59709 0.202018
4.67699 2.12667
4.67714 2.12736
5.92445 3.36069
5.97612 3.34669
6.14047 3.29515
6.15389 3.29011
6.89131 2.79884
6.86025 2.82858
6.68629 2.97649
6.39078 -1.96378
6.37231 -1.975
6.79201 -1.65386
6.76906 -1.67378
6.99764 -1.45472
6.94428 -1.50905
7.31268 -1.07478
7.32086 -1.06363
7.42099 -0.913053
7.42487 -0.906825
7.85647 0.52185
7.85417 0.436471
4.56095 0.913396
4.56057 0.894787
4.56502 1.11991
4.56662 1.16739
4.89076 -1.16212
4.90481 -1.20785
4.7069 -0.469503
4.71458 -0.505042
5.26756 -1.99312
5.2207 -1.92608
4.57601 0.449977
4.58415 0.332987
4.56735 0.604337
4.56508 0.654854
4.74776 2.42184
4.73352 2.36831
7.18239 -1.24539
7.15847 -1.27512
7.83301 0.931825
7.83991 0.879128
4.66536 -0.261171
4.65775 -0.219242
7.85637 0.557896
7.85539 0.645725
7.74898 -0.188151
7.70652 -0.319623
6.08645 -2.13308
7.05985 -1.38703
7.09693 -1.34635
6.44339 3.14223
6.26672 3.23969
4.81162 2.62143
4.80597 2.60491
7.13525 2.53733
7.15483 2.51371
7.81025 1.07984
7.8014 1.12728
7.40373 2.15668
7.38593 2.1861
7.23219 2.41363
7.27113 2.36081
7.70765 1.49048
7.7091 1.4861
7.67419 -0.406738
6.59344 3.045
6.52573 3.09045
4.61181 1.72035
4.60691 1.67984
4.58607 1.485
4.58344 1.45349
5.58556 -2.21669
5.65693 -2.22642
4.82693 -0.950378
4.89511 2.82022
4.90721 2.84701
5.8627 3.37316
5.86757 3.37224
6.0169 3.33631
6.15981 3.28742
6.03976 3.33011
6.46818 3.12761
5.70958 3.38768
5.7589 3.38414
5.65044 3.38712
5.65774 3.38774
6.83682 2.849
6.34899 -1.98961
6.47846 -1.90394
6.90801 -1.54577
7.0268 -1.42359
5.95965 -2.18153
5.93502 -2.1904
6.00696 -2.16452
6.07024 -2.14034
4.56184 0.994763
4.5617 0.976895
4.56455 1.10389
4.85442 -1.04604
4.86168 -1.06951
4.57465 0.469339
4.57536 0.459234
4.5845 0.328784
4.61145 0.0814544
4.60912 0.0995823
4.56802 0.589655
4.76676 2.4867
4.75504 2.44855
7.61069 1.75046
7.61401 1.74272
6.97266 2.71733
7.0197 2.66915
7.26851 -1.13623
7.26217 -1.14461
7.84587 0.814928
7.84186 0.859924
5.8845 -2.20482
5.85769 -2.21153
4.5639 1.04039
4.564 1.08728
4.92815 -1.27801
4.95061 -1.3434
4.5863 1.48735
4.68467 -0.366164
4.68359 -0.360561
4.76672 -0.727982
4.77913 -0.776382
5.36116 -2.09404
5.38028 -2.10989
4.57267 0.524429
4.56863 0.575788
4.66585 2.06887
4.67569 2.12018
4.86634 2.75848
4.83403 2.68229
7.64371 1.66857
7.64771 1.6584
7.60892 -0.562522
7.60772 -0.565149
5.68989 -2.22883
5.76327 -2.22687
4.62907 1.84531
4.63285 1.87235
5.4357 -2.15179
5.41542 -2.13925
5.29915 -2.02985
5.27249 -1.9988
7.27224 -1.13121
6.26659 -2.03961
6.19114 -2.08203
6.48996 -1.89617
6.57939 -1.82969
4.96723 2.9541
4.98304 2.97912
4.57572 1.35189
4.57282 1.30496
4.61501 1.74401
4.58483 0.325001
4.59052 0.263535
4.56033 0.831153
4.5606 0.804259
5.67653 -2.22908
5.40425 3.3386
5.50937 3.36954
5.08341 3.11269
5.01403 3.02558
7.84388 0.295949
7.82755 0.164975
5.05153 -1.60473
5.01974 -1.52607
5.17536 -1.85332
5.13788 -1.7863
4.64496 1.95243
4.66496 2.06369
7.49095 -0.79356
7.58212 -0.618479
7.52391 1.93833
7.60711 1.75879
4.69262 2.20014
4.71852 2.30908
4.82851 2.66801
4.82708 2.66397
7.09731 2.58301
7.09767 2.5826
6.85854 -1.59256
6.89423 -1.55948
7.37147 -0.98898
7.41214 -0.927105
7.44371 2.08854
7.49379 1.99716
7.27721 2.35226
7.33402 2.26793
7.67933 1.57429
7.68781 1.54944
7.77679 1.24056
7.73711 1.39385
7.8528 0.701073
7.85028 0.757749
7.80649 0.0466231
7.77703 -0.0845749
5.20632 3.22834
5.25849 3.2649
5.60614 3.38396
7.85396 0.430036
4.95152 -1.34601
5.00261 -1.48118
5.09631 -1.70183
4.72973 -0.572498
4.74813 -0.651098
5.49359 -2.18516
5.46199 -2.16692
5.19791 -1.89271
5.1083 -1.7267
4.64245 1.93637
4.68884 2.18401
7.46794 -0.834087
6.69048 -1.74209
6.6766 -1.75319
6.66396 -1.76336
7.3517 -1.01855
7.28539 -1.1131
7.85668 0.536102
5.98552 -2.17333
4.6877 -0.381075
5.27047 -1.99656
4.72831 2.34728
4.74922 2.42753
7.84053 0.872695
7.82885 0.96585
4.64675 -0.155786
4.835 -0.979112
4.77059 2.49851
4.79509 2.57463
7.17293 2.49086
7.09664 2.58377
7.82484 0.991368
7.78574 1.20205
7.21909 2.43106
7.51961 1.94678
7.43483 2.10412
7.36261 2.22329
7.73323 1.40694
7.67872 1.57601
4.57669 1.36529
5.91092 -2.19694
4.83164 -0.967103
4.56036 0.868624
4.56831 1.21678
4.56945 1.24433
4.90549 -1.2099
4.56299 0.702605
4.56181 0.738257
7.12314 -1.31655
7.84824 0.791377
4.60103 1.63063
4.59804 1.6032
5.39642 -2.12395
5.34003 -2.07548
5.81369 3.38024
5.79696 3.3817
7.67803 1.57792
7.61017 -0.559824
5.01384 3.02531
4.63971 1.91768
5.32087 -2.05405
4.59794 0.193998
5.01348 3.02477
4.95382 2.93194
6.29232 -2.02498
5.32826 -2.06292
4.62328 -0.00669839
5.62892 3.38568
5.01375 3.02517
4.57228 1.2949
4.5716 1.28357
4.59055 0.26327
4.56096 0.785223
4.56121 0.766618
4.92178 2.87484
5.67316 3.38814
6.58988 -1.82211
4.56152 0.958839
4.56694 1.18229
4.88231 -1.13624
4.5642 0.671529
7.0369 2.65046
6.48935 3.11469
4.60455 1.66199
4.59372 1.56033
7.63163 -0.511206
