4.70818 -1.17655
4.72273 -1.22993
5.41969 -2.58607
5.38031 -2.57308
5.08192 -2.25303
5.09735 -2.28374
5.02498 3.44995
5.11426 3.52015
5.23469 -2.47635
5.20817 -2.44478
5.13934 -2.35489
5.13585 -2.34977
4.62824 -0.865757
4.6534 -0.968581
4.56981 -0.613467
4.53633 -0.450147
6.26684 3.46717
6.18126 3.50849
4.56763 2.49714
4.5897 2.58844
7.29751 2.58811
7.3414 2.52935
7.42411 -1.18529
7.46017 -1.13418
7.27351 -1.38346
7.3178 -1.32858
6.61892 -2.03055
6.63344 -2.01942
6.96469 -1.72056
7.02027 -1.66625
5.60915 -2.59269
5.64633 -2.58685
4.81008 -1.5363
4.7903 -1.46956
4.86486 -1.71347
4.86439 -1.71189
7.83714 -0.404053
7.83423 -0.412264
4.82552 3.20425
4.81549 3.18684
4.88593 3.29435
4.91641 3.33498
4.97709 3.40422
5.01585 3.44186
5.23401 3.58518
5.30881 3.61386
6.02486 -2.43679
6.03881 -2.42895
5.82945 -2.52951
5.7372 -2.56331
6.80375 3.10419
6.78288 3.12211
6.55505 3.29388
6.58957 3.27007
5.67448 3.65136
5.72304 3.64582
4.57934 -0.657643
4.59376 -0.719952
4.51133 2.21235
4.50364 2.16998
4.47612 1.99295
4.47691 1.99822
7.74096 -0.638706
7.74569 -0.628044
7.62213 -0.872364
7.63282 -0.853295
5.95383 3.59512
5.98381 3.5845
6.40483 3.39107
6.30049 3.44984
7.07802 2.84589
7.1268 2.79301
6.95521 2.96769
6.99862 2.92659
7.52466 -1.0352
7.4831 -1.10021
6.79882 -1.87695
6.82884 -1.85097
8.00529 0.577677
8.00515 0.512753
6.39115 -2.20383
6.4104 -2.19092
6.28363 -2.27884
6.26399 -2.29076
4.75752 -1.35756
4.76466 -1.38359
4.93079 -1.90546
4.9475 -1.94885
4.78919 3.13903
4.77361 3.10747
5.47569 3.64971
5.50364 3.65201
5.6947 -2.57527
5.72688 -2.56624
4.67679 2.87737
4.66593 2.84755
7.71222 1.88709
7.69668 1.92208
7.99727 0.774177
7.99864 0.756928
6.09573 -2.39673
6.08973 -2.40035
5.45588 -2.59423
5.3274 -2.54817
5.36832 -2.56922
5.2935 -2.52687
5.50519 -2.5992
5.46495 -2.59534
5.00528 -2.09457
5.03069 -2.15126
5.2647 -2.50077
5.18258 -2.41671
4.40246 0.897031
4.40258 0.850082
4.40336 1.0235
4.40282 0.977081
4.41747 1.39537
4.4152 1.3583
4.42593 1.51562
4.42382 1.48661
4.50007 -0.258675
4.52427 -0.38825
4.42324 0.366558
4.426 0.331363
4.41403 0.502729
4.41646 0.46182
4.47635 -0.107856
4.47852 -0.122414
4.44184 0.164363
4.44701 0.11697
5.90614 3.60857
5.83847 3.62534
6.15219 3.52036
6.29355 3.45382
4.56175 2.47205
4.54423 2.38836
4.62934 2.73505
4.62777 2.72931
7.19424 2.71611
7.20867 2.6992
7.97825 0.953091
7.96839 1.02232
7.93544 1.20366
7.91411 1.29879
7.36296 -1.26933
7.32741 -1.31609
6.71074 -1.95412
6.53438 -2.09808
7.04389 -1.64162
6.92501 -1.76047
7.5021 2.28904
7.46797 2.34446
7.58109 2.15145
7.55734 2.19434
7.41815 2.41996
7.45921 2.35828
7.86574 1.47561
7.88277 1.41796
7.81023 1.64311
7.82521 1.60094
5.54798 -2.5997
5.55561 -2.59905
7.92013 -0.131918
7.92573 -0.110152
7.87665 -0.285679
7.88243 -0.266812
7.87138 -0.302738
4.84972 3.24
4.93579 3.35888
6.88512 3.03291
6.85493 3.05994
6.77333 3.13005
6.72895 3.16591
6.67239 3.20897
6.64442 3.23014
6.51527 3.32161
4.45978 1.86834
4.46036 1.8733
4.52403 2.28674
4.4875 2.07275
5.81814 3.62897
5.78034 3.63683
6.068 3.55546
6.43189 3.37394
6.41762 3.38303
7.02312 2.90186
6.91802 3.00366
6.52313 -2.1062
6.88355 -1.79911
6.73158 -1.93699
7.11453 -1.56797
8.00323 0.667776
8.00206 0.692598
6.33517 -2.24306
4.75356 3.0683
4.66938 -1.03119
4.67066 -1.03601
4.44475 1.73086
4.44591 1.74323
4.43215 1.59152
4.43402 1.61492
4.40618 0.676746
4.40472 0.722615
4.41149 0.549736
4.40945 0.592236
7.77315 1.74245
7.73974 1.82446
7.683 1.95118
7.64995 2.02005
4.70933 2.96602
4.71909 2.9902
7.17473 -1.49999
7.20977 -1.45974
4.6179 -0.822092
4.40752 1.18707
4.40904 1.23107
4.40402 1.05804
4.40502 1.10408
6.18635 -2.34214
4.83078 3.21237
4.49615 -0.236337
4.49685 -0.24065
7.12237 -1.55921
7.16417 -1.51215
7.11796 -1.56415
4.95385 -1.96665
4.97355 -2.01669
8.00346 0.661472
5.96316 -2.46923
5.938 -2.48142
8.00196 0.413201
7.99395 0.297623
7.97542 0.143523
7.95943 0.0456075
4.4857 2.06185
4.94953 3.37388
7.99131 0.845049
7.99475 0.80604
4.73274 -1.26713
4.69055 -1.11078
4.83724 -1.62505
4.82696 -1.59056
4.97725 -2.02708
5.00083 -2.08426
5.1343 -2.34691
5.06268 -2.21779
5.11622 3.52143
5.91902 -2.48971
5.84599 -2.52341
7.98568 0.224298
7.97933 0.169151
4.4129 1.29457
4.41358 1.33506
4.40266 0.960412
4.40247 0.913582
4.40455 0.786579
4.40252 0.833493
4.42147 1.45563
4.41927 1.42245
4.41825 0.43488
4.42087 0.396598
5.55227 3.65506
5.60702 3.65483
4.48422 2.05262
4.45734 0.0293299
4.46154 -0.00341631
7.68512 -0.754821
7.68989 -0.745469
4.56566 2.48921
4.60489 2.64525
4.64405 2.78299
4.63682 2.76029
7.156 2.76089
7.16681 2.74853
7.95892 1.08042
7.94464 1.15842
7.27372 2.6185
7.36153 2.50181
7.47551 -1.11156
7.40454 -1.21273
7.31961 -1.32619
7.26232 -1.39749
7.54211 2.22094
7.50972 2.27638
7.83922 1.55925
7.85507 1.51052
5.6528 -2.58498
5.60112 -2.59455
4.7834 -1.44721
4.86619 -1.71776
5.21184 3.57545
5.16675 3.5521
5.39368 3.63673
6.08846 -2.40112
5.98841 -2.45591
5.73509 -2.56385
7.99258 0.28397
7.94044 -0.0478268
7.94808 -0.0116156
7.93487 -0.0735627
4.89588 -1.80485
4.91261 -1.85232
4.46821 1.93459
7.69407 -0.737103
7.79073 -0.523801
7.57271 -0.957537
7.37181 -1.25794
7.55394 -0.988827
8.00378 0.651261
8.00489 0.486655
6.08916 -2.4007
4.75528 -1.34923
5.40561 3.63939
5.6913 -2.5765
4.6553 -0.976301
4.66106 -0.999472
4.43806 1.66095
4.43962 1.67907
4.40856 0.613082
4.40682 0.65743
4.6492 2.79775
4.68699 2.90661
4.40553 1.12242
4.40683 1.16758
4.49786 -0.246581
4.68384 -1.0858
5.50972 -2.59934
5.0379 -2.16535
5.1354 -2.34894
5.19151 -2.42673
4.40348 1.04058
4.42867 1.55076
4.42879 0.297889
4.41243 0.527037
4.49162 -0.20796
4.43422 0.23834
4.61559 2.68651
4.53725 2.35331
7.23218 2.67043
7.15005 2.76767
7.98625 0.889914
7.90817 1.32314
7.40457 2.43998
7.22551 -1.441
7.61901 2.08054
7.60244 2.11218
7.46094 2.35559
7.88982 1.39221
7.79331 1.68935
5.56326 -2.59786
7.91067 -0.168401
6.72212 3.17152
4.45301 1.81315
4.46527 1.91218
4.65449 -0.972987
4.45179 1.80098
4.40409 0.740581
4.70658 2.95838
4.64595 2.78845
4.5295 2.31445
7.77925 1.72717
7.72847 1.85059
7.63693 2.04599
4.7355 3.02784
4.40969 1.25183
5.66128 3.65217
5.40214 3.6388
8.00301 0.431304
5.77896 3.63705
6.69855 3.18936
6.82434 3.08695
4.92235 -1.88081
7.80972 -0.475557
7.7931 -0.518061
6.61903 3.24925
4.45244 1.80734
7.90481 -0.189726
