6.35285 -0.763446
6.26778 -0.791311
7.08642 0.928286
7.08065 0.959551
5.46267 1.56353
5.42808 1.46305
5.54618 1.7504
5.57857 1.80438
6.69335 1.77035
6.70759 1.75364
5.51703 -0.249594
5.52967 -0.278585
5.43096 0.00796942
5.44904 -0.05313
6.13661 -0.810448
6.19942 -0.803935
6.40458 2.00859
6.44301 1.98643
6.17592 2.0973
6.21287 2.0906
5.82643 2.04882
5.80178 2.03594
6.00383 2.10585
6.06345 2.10732
6.8402 -0.332496
6.8338 -0.342321
6.65513 -0.555596
6.68952 -0.522025
6.58419 -0.621083
6.51489 -0.672343
5.33943 0.90324
5.33876 0.887556
5.3607 1.13388
5.36511 1.16336
7.09796 0.850849
7.1059 0.776687
5.40089 1.35378
5.42736 1.46053
5.6573 1.9106
5.61065 1.85435
6.83012 1.58987
6.82268 1.60076
6.9354 1.39833
6.92194 1.42677
5.76091 -0.644106
5.72244 -0.600619
5.94364 -0.771945
5.88741 -0.741981
6.92019 -0.194172
6.94519 -0.145212
7.02626 0.0523811
7.02999 0.0632071
5.58584 -0.398459
5.60637 -0.433932
5.39782 0.15287
5.41496 0.0725257
5.33892 0.627229
5.33796 0.651734
5.35865 0.378254
5.35869 0.377899
7.08917 0.298982
7.0893 0.299692
7.1145 0.570593
7.114 0.549142
7.04381 1.11445
7.05584 1.0656
7.02187 1.18173
7.00367 1.23534
7.06504 1.03086
6.56196 1.89991
6.63334 1.83234
6.96485 1.33335
6.97433 1.31199
7.03267 1.15058
6.55797 1.90313
6.501 1.94707
6.5497 1.90972
6.66064 1.80468
6.37395 2.02675
6.33507 2.04566
6.24253 -0.798629
6.40547 -0.737922
6.31985 2.05298
6.22725 2.08578
5.95704 2.09653
5.90185 2.08255
6.70724 -0.503084
6.76412 -0.434556
5.34701 1.02045
5.34725 1.02278
5.42758 1.46137
5.48733 1.62601
5.59664 1.83379
5.52089 1.70354
6.71368 1.74609
6.84288 1.56947
6.88534 1.49693
5.85141 -0.720557
5.79624 -0.675614
6.97983 -0.0689496
6.99053 -0.0438538
5.50522 -0.221167
5.55924 -0.343164
5.46236 -0.0963132
5.42075 0.0483472
5.34642 0.501395
5.34519 0.516754
7.10696 0.429686
7.10658 0.425869
6.46762 -0.704616
6.07608 -0.805395
6.45554 1.97751
6.38994 2.01796
6.10755 2.108
5.73005 1.98292
5.70403 1.96103
6.82768 -0.350771
6.89464 -0.241528
6.60661 -0.601449
5.3363 0.783275
5.34598 1.007
5.37866 1.24469
5.39131 1.3087
7.11041 0.723086
7.0951 0.873209
5.65989 -0.520844
5.64089 -0.49049
5.67236 -0.53938
5.50227 1.66277
6.76882 1.6757
6.90274 1.4643
6.9489 1.36961
6.00859 -0.793457
6.03736 -0.801603
7.06115 0.170318
5.48113 -0.152445
5.38185 0.231718
5.47413 -0.132316
5.37718 0.258694
5.33616 0.769536
5.35838 0.380668
5.33628 0.75582
7.09246 0.322377
7.08631 0.285452
7.06283 0.176798
7.11305 0.669952
7.07465 0.989435
6.98165 1.29457
