6.4072 2.27302
6.39106 2.28145
7.18055 1.24186
7.187 1.22176
5.17186 1.0067
5.17515 1.05492
5.38191 -0.449497
5.42045 -0.537025
5.51226 -0.713542
5.55669 -0.785217
5.44878 2.04532
5.40036 1.96399
5.5685 2.19997
5.58121 2.21311
7.1446 -0.128119
7.16667 -0.0691318
5.17319 0.53306
5.17627 0.490539
7.27215 0.413631
7.26539 0.351525
6.7199 2.02797
6.75474 1.9918
6.05226 2.38673
5.98117 2.38915
6.19183 2.36292
6.1092 2.37992
5.74258 2.3277
5.77647 2.3444
6.76399 -0.737119
6.83151 -0.659498
6.52368 -0.942329
6.48721 -0.964937
6.73926 -0.76171
6.67239 -0.824833
7.02702 -0.379249
6.96893 -0.473148
7.25503 0.925222
7.24644 0.975705
7.27542 0.74824
7.27324 0.776439
5.34832 -0.356008
5.3357 -0.31951
5.62572 -0.873245
5.58067 -0.816349
5.23036 1.46396
5.22018 1.41285
5.28574 1.67784
5.27367 1.63529
5.19314 1.23835
5.20674 1.33459
5.35775 1.87214
5.39777 1.95936
6.82951 1.90397
6.86051 1.86582
6.95229 1.7325
6.90897 1.79812
7.05981 1.54323
7.06838 1.52542
5.92244 -1.07991
5.9644 -1.08821
5.73764 -0.98224
5.78652 -1.0153
6.11256 -1.10027
6.06521 -1.10022
6.30711 -1.05629
6.26954 -1.06752
7.03785 -0.359667
7.08045 -0.276169
7.22035 0.109512
7.23213 0.158012
5.2729 -0.105285
5.2797 -0.131108
5.23324 0.0656278
5.23436 0.0599914
5.16504 0.823763
5.16519 0.838732
5.19795 0.286946
5.20905 0.20926
6.60691 2.13413
6.6031 2.13749
7.27975 0.669854
7.28068 0.589291
7.14155 1.35491
7.16073 1.30107
7.2015 1.17221
7.20891 1.14484
7.24198 1.00258
7.26165 0.879347
5.29707 -0.198256
5.2943 -0.188146
5.26358 -0.067775
6.52483 2.19736
6.5325 2.19167
6.79582 1.94472
6.76822 1.97684
6.66786 2.07883
6.64448 2.10027
5.36212 -0.395184
5.37898 -0.44187
6.86228 1.86353
6.86864 1.85534
6.35294 2.30105
6.33596 2.30894
7.26526 0.853732
5.25794 -0.0441629
5.2488 -0.00445045
5.16527 0.723696
5.16538 0.708423
5.87771 2.37707
5.88842 2.37833
6.6414 -0.852634
6.58317 -0.898148
6.91336 -0.556151
6.9038 -0.569793
5.18035 1.12335
5.16704 0.91991
5.45918 -0.619763
5.3796 -0.443548
5.56453 -0.795857
5.46809 -0.637945
5.25626 1.57206
5.23445 1.48165
5.39893 1.96154
5.48796 2.10493
5.64492 2.26659
5.54012 2.16737
7.00843 1.64064
6.9977 1.659
5.82932 -1.0416
5.89894 -1.07112
6.20934 -1.08557
6.14161 -1.0958
7.12591 -0.174927
7.187 -0.00797093
5.23494 0.0571794
5.16775 0.626317
5.18367 0.408919
7.25553 0.281763
7.27712 0.476067
5.87265 2.37569
6.08587 2.38462
6.25456 2.3416
6.29892 2.32601
6.41005 -1.01026
6.37785 -1.02498
5.67699 2.29054
6.89383 -0.583074
6.75566 -0.745752
7.0306 -0.373162
7.10671 1.44057
7.11888 1.41125
5.16597 0.88845
5.18753 1.19237
5.32028 -0.274105
5.35685 -0.380673
5.46368 -0.629192
5.6476 -0.899068
5.3198 1.78066
5.31103 1.7565
5.20945 1.35264
5.50405 2.12561
5.32599 1.79591
7.03347 1.5943
6.89321 1.82093
5.69826 -0.94749
6.01691 -1.09871
7.09217 -0.251216
7.20228 0.0416538
7.24559 0.224606
5.31205 -0.24852
5.21572 0.166948
5.16496 0.773585
5.18985 0.351636
5.16658 0.659392
7.28037 0.553861
6.56609 2.16588
6.60998 2.13152
7.27916 0.686154
7.13089 1.38232
7.17338 1.26572
7.22751 1.07624
7.2284 1.07196
7.22984 1.06568
5.30131 -0.21389
5.28347 -0.147207
6.51669 2.20371
7.27181 0.793134
6.47727 2.22896
7.27877 0.697225
6.49605 2.21721
