7.2868 1.52448
7.303 1.48353
7.47226 0.68192
7.47438 0.622571
7.43247 1.03102
7.44044 0.991169
5.07815 -0.203881
5.07475 -0.189269
5.14514 -0.456981
5.15643 -0.494208
5.37394 -1.01228
5.34683 -0.965063
5.48204 -1.17494
5.52609 -1.22997
5.07929 1.81123
5.07252 1.78296
5.43417 2.51635
5.38758 2.46505
6.07728 -1.44693
6.07876 -1.4466
5.89027 -1.44596
5.85264 -1.43717
5.14102 2.01217
5.17218 2.09661
5.75151 2.70009
5.81537 2.71081
6.46677 -1.29454
6.52718 -1.25482
7.00544 2.02929
7.00595 2.02859
6.16835 2.67992
6.21116 2.66436
6.41358 2.57253
6.4382 2.55896
7.1616 -0.561442
7.12408 -0.623368
5.55091 2.61171
5.61473 2.64826
7.46895 0.741609
7.47154 0.709655
5.17679 -0.560378
5.21031 -0.653067
5.28575 -0.838618
5.30952 -0.888749
5.03103 1.59275
5.01217 1.48601
4.9958 1.36585
5.00827 1.46012
4.97519 1.14484
4.96982 1.06809
5.31158 2.36492
5.3599 2.4336
6.27046 -1.39355
6.30793 -1.37651
5.21629 2.19553
5.1805 2.11779
6.86309 -0.963844
6.93165 -0.888239
6.71189 -1.11166
6.67369 -1.14534
5.71009 -1.38255
5.62035 -1.32103
7.30359 -0.274327
7.28712 -0.31406
7.3797 -0.0589187
7.3963 -0.000941131
7.4358 0.172928
7.44751 0.239995
5.03887 -0.0157539
5.04888 -0.0664409
4.96373 0.882802
4.96417 0.908638
4.9655 0.685933
4.96473 0.713168
4.98123 0.415187
4.97808 0.452244
5.00736 0.178649
5.02462 0.062104
5.87016 2.71798
5.95774 2.71797
6.93437 -0.884943
6.99724 -0.805641
7.33299 1.4022
7.35587 1.33415
7.4138 1.12171
7.4063 1.15863
7.47164 0.478811
7.46664 0.402307
7.47275 0.515205
7.47484 0.596447
5.09654 -0.283254
5.11624 -0.356904
7.44873 0.934701
7.44444 0.967388
6.75271 2.31848
6.7725 2.29907
6.57883 2.46516
6.61998 2.43305
6.92943 2.12589
6.89893 2.16282
6.33349 2.61384
6.35951 2.60183
5.12712 -0.395646
4.96465 0.934934
4.96641 1.01166
4.96292 0.803857
6.49312 2.52548
6.4934 2.52529
7.39375 1.20607
7.4037 1.16871
7.46031 0.848701
7.46131 0.840438
5.16025 -0.506656
5.17513 -0.555282
7.06943 1.93487
7.10056 1.88636
7.31781 -0.238635
7.33225 -0.201364
7.23617 -0.425344
7.2314 -0.434895
7.32749 1.41894
4.98329 1.24911
4.97966 1.20496
5.08977 -0.255483
5.08851 -0.250164
4.98619 0.361758
4.99013 0.321655
4.96841 0.611836
4.96964 0.582748
7.2264 1.65902
7.22993 1.6518
7.17584 1.75739
7.17185 1.76485
5.03494 0.00545041
5.02655 0.0501773
4.96296 0.778363
7.07272 -0.703962
7.06067 -0.721671
7.26854 1.5673
7.32093 1.43799
7.47472 0.600302
7.47205 0.693263
7.44167 0.982901
7.42679 1.06402
5.06655 -0.15227
5.32764 -0.926666
5.40986 -1.07167
5.54624 -1.25067
5.4354 -1.11294
5.0537 1.70293
5.09622 1.87403
6.66542 2.39658
6.69851 2.36753
5.36811 2.44363
5.45413 2.53609
6.17318 -1.4263
6.07372 -1.44725
5.79935 -1.42268
5.92835 -1.44877
5.17561 2.10582
5.11614 1.93843
6.77693 -1.05235
6.79063 -1.03966
7.23683 -0.423971
7.2819 -0.32595
7.41129 0.0580471
7.4248 0.116723
4.96335 0.752519
4.99244 0.30026
5.00376 0.205499
5.73121 2.69429
5.85413 2.71721
6.56574 -1.22887
6.41628 -1.32299
6.95364 2.09648
7.00613 2.02833
6.06939 2.70458
6.27559 2.64101
7.04876 -0.737952
7.18434 -0.522014
7.25027 1.60818
7.25922 1.58809
5.64996 2.66545
5.51063 2.58255
7.46776 0.761943
5.23611 -0.721124
5.17545 -0.556278
5.24685 -0.748923
5.42435 -1.09562
5.26061 -0.783155
5.61865 -1.31975
5.01126 1.48069
5.03909 1.63263
5.10899 1.91687
4.99334 1.34402
5.26815 2.29671
5.26042 2.28285
5.25297 2.26816
5.98299 -1.4533
6.19954 -1.41724
6.36906 -1.34913
5.71569 -1.38533
6.79915 -1.03144
6.93309 -0.886522
6.62857 -1.18086
7.14933 1.80514
7.127 1.84317
7.20759 -0.480231
7.3103 -0.257862
7.34071 -0.17806
7.36287 -0.113829
7.45398 0.285944
5.05435 -0.094622
5.03649 -0.00313122
4.96679 0.647968
4.97144 0.548515
4.9756 0.483924
4.98371 0.386959
5.02517 0.0586738
6.06211 2.70636
6.05369 2.70759
7.46382 0.371214
7.40476 1.16429
7.42042 1.09461
7.47255 0.499444
7.38046 1.2548
7.38318 1.24488
7.42337 1.07915
7.45167 0.916431
6.84073 2.23051
6.53641 2.49532
6.84281 2.22824
6.84488 2.22587
7.05439 1.95821
6.49284 2.52567
6.44252 2.5563
7.4619 0.834627
6.30382 2.62828
7.20176 1.70859
7.20085 1.71037
7.20165 1.70883
6.38376 2.58959
7.3596 1.32272
