7.7148 -0.300453
7.74679 -0.201098
6.18698 -2.08689
6.18732 -2.0867
5.50457 3.37155
5.50189 3.37074
5.04553 3.07095
5.06484 3.09403
7.82946 0.167282
7.83349 0.199506
4.58477 1.48902
4.59124 1.55151
4.65352 2.01183
4.65155 2.00001
4.6319 -0.0778854
4.62605 -0.0388915
7.55537 -0.675733
7.52774 -0.729475
6.37881 3.18342
6.31198 3.21812
7.56198 1.86264
7.57252 1.84019
4.70776 2.27203
4.70231 2.24987
6.69546 2.97185
6.70308 2.96585
7.48353 2.02017
7.48251 2.02208
7.32139 2.28976
7.28086 2.3497
7.75783 1.32348
7.76392 1.30042
7.78126 -0.074059
7.805 0.0314966
7.66326 -0.438743
7.64638 -0.480198
5.78338 -2.22753
5.80912 -2.22281
5.58962 3.3847
5.51166 3.37269
5.30452 3.29603
5.36834 3.327
5.10909 3.14471
5.16155 3.19469
7.85526 0.427463
7.84568 0.299356
4.95354 -1.3578
4.98314 -1.43732
5.05585 -1.61973
5.05406 -1.61599
6.57138 3.0621
6.58356 3.05402
4.57953 1.42319
4.57922 1.41982
4.61721 1.77219
4.62203 1.80817
5.53673 -2.20598
5.53916 -2.20692
4.80503 -0.877641
4.7833 -0.798141
5.13044 -1.77832
5.13173 -1.78062
4.59094 0.244328
4.59556 0.201133
5.92475 3.36306
5.98028 3.34801
6.13464 3.29961
6.15417 3.29228
6.89001 2.80248
6.86085 2.83041
6.68857 2.97714
6.39047 -1.96645
6.37435 -1.97624
6.79171 -1.6565
6.77067 -1.67476
6.99733 -1.45743
6.94575 -1.50995
7.3149 -1.07445
7.32192 -1.06488
7.42202 -0.914258
7.42682 -0.906539
7.85802 0.522431
7.85597 0.446277
4.55937 0.913398
4.55897 0.893861
4.56346 1.12082
4.56503 1.16739
4.88908 -1.16298
4.90302 -1.20836
4.70537 -0.470366
4.7126 -0.503831
5.26693 -1.99715
5.21816 -1.92739
4.57451 0.449104
4.58251 0.333992
4.56573 0.605329
4.56351 0.65488
4.7454 2.42037
4.73157 2.36837
7.18471 -1.24505
7.15951 -1.27636
7.83463 0.930811
7.84132 0.879657
4.66389 -0.262007
4.65591 -0.218117
7.85793 0.554582
7.85692 0.644762
7.75027 -0.189353
7.7083 -0.319268
6.18863 -2.08596
6.08648 -2.13572
7.06051 -1.38874
7.09836 -1.34722
6.44587 3.14302
6.26699 3.24184
4.80981 2.62256
4.80379 2.60497
7.13584 2.53912
7.15651 2.51419
7.81154 1.08112
7.80313 1.12619
7.40473 2.15803
7.3877 2.18618
7.2332 2.41498
7.26932 2.36598
7.70931 1.49033
7.71031 1.4873
7.67541 -0.407884
6.5937 3.04712
6.52698 3.09192
4.61021 1.72128
4.6052 1.67983
4.58446 1.48593
4.58289 1.46705
5.58499 -2.22029
5.64776 -2.22884
4.82476 -0.949048
4.89177 2.81842
4.90524 2.84824
5.85852 3.37635
5.86935 3.37431
6.01858 3.33826
6.16278 3.28836
6.04005 3.33244
6.46947 3.12911
5.70942 3.3903
5.76323 3.38643
5.65184 3.38999
5.65757 3.39048
6.83886 2.84957
6.35398 -1.989
6.48036 -1.9051
6.91069 -1.54544
7.02822 -1.42446
5.9616 -2.18376
5.93505 -2.19331
6.0088 -2.16661
6.06814 -2.14394
4.56027 0.99568
4.56012 0.976897
4.56296 1.10389
4.85454 -1.05266
4.86001 -1.07036
4.90416 -1.21191
4.90354 -1.21
4.57301 0.470345
4.57379 0.45926
4.58294 0.328809
4.60993 0.0805918
4.60779 0.0971867
4.56645 0.589681
4.76463 2.48676
4.75463 2.45424
7.61169 1.75182
7.61566 1.74256
6.97449 2.71785
7.02029 2.67094
7.26952 -1.13742
7.26128 -1.14832
7.84747 0.813921
7.84372 0.855957
5.88453 -2.20779
5.85564 -2.21502
4.56229 1.04039
4.56238 1.08634
4.92687 -1.28018
4.94803 -1.3418
4.5846 1.48735
4.68321 -0.366991
4.68175 -0.359434
4.76635 -0.733488
4.77757 -0.777262
5.3579 -2.09571
5.37464 -2.10959
4.57106 0.524455
4.5671 0.5749
4.66425 2.06987
4.67526 2.12734
4.8644 2.75969
4.83368 2.68722
7.64432 1.67102
7.64935 1.65825
7.60998 -0.563772
7.60807 -0.567969
5.69279 -2.23214
5.76126 -2.23031
4.62717 1.84414
4.63112 1.87235
5.43192 -2.15373
5.41481 -2.14315
5.29629 -2.03132
5.26816 -1.99857
7.27437 -1.13089
6.26829 -2.04117
6.48966 -1.89881
6.58118 -1.83079
4.96697 2.95836
4.98093 2.98045
4.57403 1.35084
4.57125 1.30587
4.61329 1.744
4.58335 0.324144
4.58896 0.26356
4.55875 0.830234
4.55899 0.805244
5.67455 -2.23247
5.40407 3.34159
5.50577 3.3718
5.08112 3.11413
5.01378 3.02962
7.84521 0.294701
7.82922 0.165603
5.05163 -1.61057
5.01787 -1.52703
5.17306 -1.85451
5.13282 -1.78255
4.64338 1.95342
4.66318 2.06367
7.49292 -0.793166
7.5832 -0.61976
7.52565 1.93817
7.60742 1.76177
4.69034 2.19873
4.71658 2.30913
4.82669 2.66914
4.82488 2.66404
7.09789 2.58477
7.09935 2.58307
6.86009 -1.5935
6.89393 -1.56213
7.37254 -0.990246
7.41105 -0.931674
7.44473 2.08991
7.49023 2.00735
7.27817 2.35355
7.3358 2.26802
7.6809 1.57414
7.69563 1.53098
7.77835 1.24041
7.73833 1.39507
7.85445 0.697562
7.85182 0.756782
7.80783 0.0453695
7.77873 -0.0842356
5.20611 3.23177
5.2558 3.26659
5.60598 3.38668
7.85544 0.430592
4.94981 -1.34689
4.99968 -1.47936
5.09422 -1.70291
4.72822 -0.573353
4.74614 -0.649872
5.493 -2.18894
5.45411 -2.1665
5.19727 -1.89679
5.10563 -1.72655
4.64071 1.93635
4.68714 2.18506
4.67601 2.13115
7.46899 -0.835323
6.69018 -1.74472
6.6783 -1.75422
6.66748 -1.76293
7.35383 -1.01824
7.29146 -1.10736
7.8582 0.535143
5.98555 -2.17616
4.68729 -0.387103
5.26766 -1.99801
4.72599 2.34583
4.74725 2.42759
7.84208 0.871718
7.83028 0.966384
4.64526 -0.156631
4.83351 -0.980169
4.76789 2.49683
4.79329 2.57575
7.17354 2.4927
7.09518 2.58787
7.82651 0.990316
7.78699 1.20328
7.22104 2.43116
7.52059 1.94811
7.43658 2.1042
7.3636 2.22462
7.73486 1.40678
7.67985 1.57713
4.57514 1.36619
5.913 -2.1993
4.82987 -0.967162
4.55878 0.869546
4.56667 1.21582
4.56789 1.24525
4.56144 0.701706
4.5602 0.739247
7.12232 -1.31998
7.84968 0.79192
4.59922 1.62951
4.59645 1.60412
5.39309 -2.12566
5.33941 -2.07947
5.81353 3.38285
5.79817 3.38419
7.67865 1.58045
7.61198 -0.559463
5.0117 3.02665
4.6378 1.91649
5.31647 -2.05381
4.59621 0.195064
5.0078 3.02075
4.95177 2.93323
6.29201 -2.02768
5.32532 -2.06443
4.62197 -0.00908168
5.63494 3.38887
5.01075 3.02513
4.57067 1.29489
4.56992 1.28253
4.58906 0.26241
4.55938 0.785249
4.55964 0.765706
4.92146 2.87923
5.66968 3.3908
6.58959 -1.82471
4.55993 0.957917
4.56537 1.18321
4.88105 -1.13839
4.56258 0.672526
7.03866 2.65096
6.48961 3.11681
4.60297 1.66291
4.59192 1.55922
7.6328 -0.5123
