5.78781 2.20612
5.86728 2.23669
6.79617 -0.566244
6.7684 -0.598393
6.55053 -0.799776
6.60309 -0.757739
7.10092 1.23892
7.08928 1.275
6.92921 1.61715
6.89745 1.66848
6.12157 -0.969341
6.13264 -0.967908
5.24893 0.544996
5.24677 0.574865
6.20093 2.24002
6.24922 2.22353
6.41641 2.14867
6.44672 2.12946
6.32222 -0.926078
6.40296 -0.889674
5.89572 2.24628
5.99109 2.26112
6.88682 -0.445734
6.90839 -0.414539
5.24666 0.960516
5.24497 0.920757
5.26909 1.19045
5.25865 1.10259
7.16142 1.01842
7.17073 0.972915
5.50326 -0.491299
5.52995 -0.54157
5.60395 -0.66291
5.56867 -0.611182
5.36573 1.62616
5.39313 1.70349
5.30738 1.4142
5.30239 1.38919
5.54132 1.98553
5.59424 2.05434
5.44224 1.81756
5.41428 1.75812
5.67459 2.13142
5.62684 2.08628
6.63943 1.98241
6.63249 1.98875
7.00374 1.47776
6.96313 1.55769
5.74812 -0.829935
5.73517 -0.817545
5.93201 -0.940847
5.93488 -0.941666
7.13467 0.0842915
7.10528 -0.00969347
7.04721 -0.156784
7.01941 -0.217073
5.40018 -0.242631
5.42269 -0.3032
5.35517 -0.0923836
5.34851 -0.0683027
5.30869 0.102224
5.29904 0.150762
5.24162 0.776477
5.2422 0.83691
5.27077 0.32832
5.25745 0.440413
7.20233 0.483145
7.20528 0.576011
7.16783 0.220666
7.18664 0.328346
7.1368 1.11913
7.12773 1.15408
7.08455 1.28836
7.05804 1.35701
7.18762 0.876963
7.15007 1.06907
6.62154 1.99816
6.70468 1.91563
6.77311 1.83978
6.47321 2.11157
6.49835 2.09579
6.80586 1.79765
6.81462 1.78638
5.37332 -0.154927
5.38497 -0.194995
7.19588 0.7993
7.20061 0.748653
5.24165 0.767094
5.24209 0.706609
5.76994 2.196
5.88853 2.24481
6.72413 -0.645878
6.841 -0.508984
6.67001 -0.70072
6.5098 -0.82711
5.25596 1.07666
5.24698 0.965546
5.48095 -0.446467
5.46048 -0.398886
5.33357 1.52211
5.33942 1.54157
5.48763 1.90422
5.50237 1.92934
6.77458 1.83807
6.77359 1.83923
6.87966 1.6952
6.95317 1.57612
5.66235 -0.742071
5.67839 -0.758739
5.8393 -0.896545
5.92229 -0.93621
6.2182 -0.956766
6.10508 -0.968806
7.09629 -0.0346707
7.06495 -0.115904
5.33057 -0.00289423
5.33193 -0.00828091
5.2466 0.577626
5.25647 0.450287
7.18934 0.34767
7.2003 0.453454
6.08911 2.2606
6.09507 2.26038
6.09951 2.25955
6.30802 2.20308
6.43579 -0.873599
6.2655 -0.943225
5.68905 2.14363
6.68953 -0.68173
6.93288 -0.375768
6.96928 -0.313789
5.24227 0.841335
5.27673 1.24329
7.18779 0.875726
7.18767 0.87662
5.4437 -0.357402
5.45437 -0.384204
5.55121 -0.580859
5.65869 -0.737961
5.4019 1.72762
5.32243 1.4794
5.28624 1.30303
5.60183 2.06243
5.47197 1.87473
7.02815 1.42585
6.8372 1.75554
7.0408 1.39773
5.82305 -0.885552
6.0262 -0.963686
6.98612 -0.282432
7.1398 0.102141
7.16356 0.200462
5.38816 -0.205273
5.32836 0.00633278
5.36633 -0.131646
5.28907 0.208626
5.24162 0.771772
5.27482 0.299168
5.24219 0.702357
7.20536 0.628551
7.20376 0.683375
7.05091 1.37543
6.56245 2.04734
6.52609 2.07675
6.33898 2.1888
7.20241 0.72087
7.11524 1.19785
6.37042 2.17242
6.39391 2.16101
6.52186 2.07969
