7.08544 -0.597555
7.09008 -0.59045
7.42822 0.647371
7.4301 0.594798
7.3892 1.02943
7.39095 1.02064
5.42855 -0.982122
5.41128 -0.952035
5.03057 1.25116
5.04043 1.33702
6.27919 -1.31662
6.25212 -1.32529
5.18903 1.98115
5.19123 1.98711
6.66292 -1.08181
6.69541 -1.05489
7.17433 1.66079
7.18577 1.63829
7.23575 -0.316621
7.19992 -0.391836
5.05061 0.203224
5.03607 0.316069
5.96928 2.6439
5.96226 2.64451
6.38903 2.51842
6.38445 2.5207
6.17367 2.60818
6.12606 2.61932
6.95794 -0.778051
6.95622 -0.780241
7.25398 1.48618
7.24748 1.50182
5.25696 -0.627305
5.24831 -0.603401
5.18605 -0.422246
5.1893 -0.432595
5.33586 -0.810951
5.3547 -0.8507
5.54393 -1.14076
5.53305 -1.1288
5.07658 1.56332
5.06861 1.51823
5.1263 1.78085
5.13788 1.82027
5.01803 1.09561
5.02132 1.14271
5.49958 2.47531
5.55672 2.52229
6.08638 -1.36675
5.99742 -1.37195
5.8998 -1.36198
5.98459 -1.37167
5.26777 2.16227
5.25916 2.14358
5.36777 2.32965
5.36742 2.32918
6.8146 -0.941737
6.81928 -0.937143
7.06522 1.85659
7.06245 1.86111
5.71641 -1.2907
5.70173 -1.28063
7.30731 -0.138055
7.28967 -0.188221
7.32926 -0.0737648
7.36014 0.0340678
7.40109 0.228667
7.38895 0.159137
5.09422 -0.0531123
5.09691 -0.0667393
5.0089 0.854917
5.00979 0.907559
5.01149 0.657537
5.00995 0.712099
5.02853 0.385981
5.02299 0.451182
5.69014 2.59579
5.75644 2.61925
7.40917 0.277208
7.42267 0.397818
6.47539 -1.21862
6.47146 -1.22086
5.1608 -0.332299
5.14778 -0.283636
7.40439 0.933067
7.40084 0.960105
6.75841 2.24144
6.70515 2.29096
6.58421 2.39249
6.55858 2.41074
6.99703 1.95707
6.96466 2.00195
5.19139 -0.439028
5.19008 -0.43503
5.10989 -0.132111
5.10941 -0.13005
5.01077 0.961138
5.01129 0.983953
5.00864 0.829834
7.37026 1.1201
7.37097 1.11737
7.34589 1.21444
7.35032 1.19779
6.88342 2.10563
6.85713 2.13584
7.31811 1.30835
7.30294 1.35358
5.13435 -0.230868
5.1397 -0.252017
6.82177 2.17465
6.79842 2.1996
6.33483 2.54569
6.32934 2.54818
7.42002 0.808042
7.4246 0.756393
5.02855 0.385825
5.02867 0.384597
5.01231 0.63678
5.01464 0.581684
5.1244 -0.191067
7.14353 1.71967
7.12672 1.75104
5.07875 0.0303439
5.07321 0.0598733
5.00871 0.77728
6.28083 2.57032
6.26319 2.57664
7.02469 -0.686834
7.09589 -0.580949
7.42935 0.564705
7.4274 0.691618
7.39705 0.981256
7.38843 1.03392
5.38019 -0.89765
5.44278 -1.00565
5.6144 -1.21303
5.57946 -1.17715
5.09893 1.67371
5.10364 1.69375
6.67093 2.32215
6.63627 2.35057
5.4295 2.40511
5.46105 2.43984
6.18207 -1.34803
6.35749 -1.28179
5.22684 2.07272
5.18764 1.97704
6.58671 -1.14255
6.74312 -1.01071
7.20687 1.59486
7.15674 1.69482
5.80901 -1.33667
5.79787 -1.3311
7.24685 -0.292023
7.17402 -0.442457
7.36259 0.0437135
7.38768 0.152663
5.00953 0.724007
5.05484 0.173963
5.0351 0.324503
5.81275 2.63196
5.85886 2.63958
6.57445 -1.15212
6.52586 -1.18484
6.92589 2.05293
6.91269 2.07006
5.95527 2.64419
6.06747 2.63298
6.95406 -0.782856
7.1494 -0.488186
7.21812 1.57064
7.28098 1.41723
5.65513 2.58074
5.5811 2.53833
7.42624 0.729373
5.26901 -0.659076
5.22241 -0.530345
5.2958 -0.721894
5.31923 -0.774271
5.48345 -1.06298
5.62528 -1.22341
5.05717 1.45103
5.0973 1.66586
5.15736 1.88562
5.04597 1.37406
5.36849 2.33053
5.99219 -1.3723
6.13416 -1.35724
6.37773 -1.27281
5.81188 -1.33758
5.27742 2.18137
5.31551 2.24743
6.88874 -0.859493
6.82261 -0.933723
6.57755 -1.14976
7.06094 1.86342
7.11735 1.76781
7.16023 -0.468719
7.26616 -0.247131
7.28755 -0.193709
7.32748 -0.0795672
7.40851 0.272561
5.10774 -0.122501
5.08487 -0.00343181
5.01185 0.646902
5.01508 0.57331
5.0227 0.45484
5.02854 0.385898
5.06924 0.0837174
7.42381 0.411049
7.35881 1.1626
7.3698 1.12218
7.42874 0.497829
7.32831 1.27477
7.37858 1.07749
7.41208 0.885366
6.76795 2.23175
6.49818 2.45369
7.01463 1.93255
7.41224 0.884071
7.28784 1.39936
5.21074 -0.496175
5.02722 1.22072
6.48336 2.46267
6.43799 2.49044
5.10911 -0.12873
6.49053 2.45841
