6.41202 2.20784
6.36383 2.23301
5.82124 2.28588
5.78249 2.27097
6.57377 -0.840181
6.63646 -0.790045
7.13934 1.24034
7.13645 1.2493
5.212 0.981918
5.21868 1.07977
5.46365 -0.513172
5.4534 -0.489908
5.55928 -0.68758
5.563 -0.693589
5.92757 -1.00544
5.86225 -0.977713
6.11738 -1.03025
6.20306 -1.01915
7.09542 -0.142593
7.13455 -0.0380346
5.2129 0.555622
5.21954 0.463823
7.23599 0.449631
7.22399 0.339339
5.98615 2.32196
5.99885 2.32153
6.25818 2.27724
6.19662 2.29827
6.78073 -0.648248
6.79863 -0.627665
6.53766 -0.868084
6.44592 -0.92496
6.95508 -0.413365
6.93713 -0.442367
5.23235 1.21314
5.2297 1.19083
7.20817 0.971875
7.20776 0.97428
7.23558 0.746895
7.23835 0.711072
5.38948 -0.336694
5.38414 -0.321264
5.32753 1.65084
5.33427 1.66989
5.27193 1.43711
5.25724 1.36342
5.49622 2.01467
5.49764 2.01651
5.4015 1.84388
5.40637 1.85449
5.62491 2.16352
5.58814 2.12875
6.79948 1.86891
6.81364 1.85149
7.03009 1.50853
7.01286 1.54244
6.89896 1.73612
6.92352 1.69891
5.7432 -0.901413
5.68275 -0.843566
6.31174 -0.98903
6.25513 -1.00595
7.09042 -0.154106
7.04843 -0.245168
7.17535 0.0962657
7.1983 0.190768
5.27448 0.0827835
5.25506 0.180445
5.20637 0.798244
5.20675 0.837749
5.24804 0.22427
5.236 0.308563
7.24108 0.558019
7.24199 0.586816
7.1797 1.09576
7.16422 1.15543
7.11149 1.31982
7.10755 1.33004
7.20679 0.979485
7.18642 1.07041
7.20755 0.97556
7.22174 0.877876
6.73243 1.94802
6.70991 1.97107
5.31549 -0.0984675
5.30793 -0.0680505
6.56157 2.10487
6.59659 2.07719
6.7522 1.9261
6.64987 2.02974
6.61172 2.06472
6.83183 1.82797
6.85463 1.79862
5.33796 -0.175023
5.34369 -0.194738
6.35775 2.23613
6.30803 2.25925
7.23053 0.806102
7.22875 0.82509
7.22746 0.837293
5.29693 -0.0220063
5.29296 -0.00472483
5.20649 0.747117
5.20678 0.707444
6.5216 2.13729
6.47343 2.16931
5.70812 2.22887
5.88351 2.30603
6.82139 -0.599762
6.87027 -0.537322
6.54584 -0.862008
6.65639 -0.773066
5.22012 1.09879
5.20992 0.944387
5.47487 -0.537147
5.42311 -0.419519
5.61698 -0.766893
5.55464 -0.679646
5.2973 1.54555
5.28946 1.51306
5.4468 1.9306
5.49545 2.01356
6.9786 1.60582
6.93661 1.67773
5.83462 -0.964508
5.99734 -1.02228
6.21401 -1.01772
6.04846 -1.02801
7.09461 -0.144622
7.13994 -0.0218228
5.28693 0.0220943
5.2103 0.60004
5.22251 0.430991
7.22075 0.316393
7.23716 0.464305
5.97595 2.32077
6.09079 2.31806
6.17906 2.30165
6.30371 2.26124
6.42366 -0.93804
6.32213 -0.984432
5.68337 2.21285
6.71997 -0.711201
6.91376 -0.477282
6.9975 -0.34112
5.20715 0.863023
5.23311 1.21839
5.40772 -0.382514
5.38235 -0.315998
5.51064 -0.60326
5.65351 -0.813279
5.36411 1.75204
5.31679 1.61635
5.25028 1.32627
5.55628 2.09187
5.39764 1.83459
7.07584 1.41122
6.86361 1.78637
7.07694 1.40878
5.76239 -0.915657
6.02183 -1.02718
7.03709 -0.267429
7.16931 0.0735757
7.20258 0.211945
5.35312 -0.22518
5.32485 -0.131388
5.25367 0.188511
5.20633 0.772607
5.23402 0.324363
5.20738 0.68258
7.242 0.592066
6.52169 2.13723
6.52176 2.13717
7.2393 0.684685
7.07781 1.40684
6.60197 2.07284
6.4236 2.20056
7.1429 1.23014
6.47028 2.17137
