6.44438 -0.27749
6.4233 -0.290166
5.66508 0.24679
5.65326 0.298015
6.84014 0.778823
6.84479 0.726802
6.80569 0.28439
6.78364 0.209723
6.22161 -0.359166
6.14559 -0.355325
6.02197 -0.318017
6.05868 -0.332005
6.64844 -0.066759
6.60737 -0.123093
5.63122 1.01514
5.62396 0.971337
5.65623 1.13808
5.66929 1.18713
5.9243 -0.248384
5.93412 -0.255527
5.80049 -0.086863
5.82883 -0.134671
6.71478 0.041155
6.72754 0.0655158
5.71335 0.0970566
5.69112 0.159824
5.80913 1.48222
5.87591 1.55733
6.08212 1.66148
6.01623 1.64576
6.50752 1.49671
6.44926 1.54847
6.28212 1.64316
6.19286 1.66338
6.56346 1.44159
6.60038 1.39545
6.84633 0.540765
6.83994 0.468473
6.81995 0.90194
6.81208 0.939022
6.84829 0.652566
6.84931 0.629893
6.41431 1.57572
6.33869 1.6175
6.68005 1.27511
6.65068 1.3262
5.77634 1.43144
5.80598 1.4786
6.54045 1.46671
6.17417 1.66744
6.80979 0.948177
6.79551 1.0003
6.83429 0.83008
6.8307 0.853157
6.6501 1.32706
6.65038 1.32667
6.73954 1.15932
6.72809 1.18446
5.70484 1.28707
5.74579 1.38068
5.62531 0.46473
5.62888 0.436852
5.61079 0.835417
5.60732 0.737826
6.83597 0.818633
5.74681 1.38305
5.74812 1.38554
5.61197 0.587243
5.6155 0.545625
6.16055 1.66882
6.11701 1.66757
6.32967 -0.336004
6.52554 -0.210976
5.85745 -0.170536
5.92317 -0.247492
5.64713 0.32636
5.67993 0.195616
6.7704 0.171114
6.81914 0.341262
6.11903 -0.353235
6.28965 -0.346487
6.56852 -0.168935
6.01403 -0.312748
6.67475 -0.0286304
5.76534 -0.0240673
5.75201 0.00180266
5.74034 0.0258202
6.76963 1.08321
6.77921 1.05822
6.73091 0.073114
5.63381 0.404513
5.9233 1.59658
5.8068 1.4797
5.96784 1.62498
6.0986 1.66596
6.83168 0.40693
6.84823 0.592003
6.84805 0.687468
6.78012 1.05544
6.78177 1.05028
6.8108 0.944253
5.94494 1.6119
6.69651 1.24726
5.64285 1.08156
5.62095 0.502192
5.61181 0.856949
5.60765 0.689192
5.60996 0.614304
5.61754 0.52536
5.67769 1.21142
5.60914 0.65076
5.61888 0.917084
