5.44268 -2.35243
5.46269 -2.35943
6.08832 -2.25542
6.18849 -2.20088
5.85845 -2.34986
5.83539 -2.35783
4.95844 -1.63742
4.96744 -1.66051
6.6052 3.13886
6.61306 3.13303
4.66959 -0.651015
4.70995 -0.815543
4.58135 2.05682
4.57173 1.99919
5.9008 3.47834
5.93807 3.4694
4.728 2.67356
4.7369 2.70076
7.03165 2.76639
7.04667 2.7509
7.1624 2.61962
7.13794 2.64867
7.8679 1.13685
7.87866 1.07872
7.36858 -1.11985
7.37078 -1.11672
7.44881 2.21733
7.46521 2.18991
7.36555 2.34919
7.36255 2.35363
7.77989 1.48369
7.76227 1.53869
7.92142 0.690767
7.92422 0.602464
7.76846 -0.35069
7.74212 -0.423008
7.83672 -0.129108
7.83739 -0.126612
5.03998 3.2495
5.10688 3.31534
5.21463 3.39473
5.30258 3.44105
5.58235 -2.38897
5.5829 -2.38903
5.7024 -2.38485
5.66807 -2.38949
7.88778 0.112684
7.878 0.0563245
7.91777 0.368943
7.9145 0.32517
4.92355 -1.53745
4.90298 -1.47852
4.52664 1.64476
4.53029 1.67949
4.50703 1.42286
4.50557 1.40668
4.66049 -0.611701
5.10089 -1.96723
5.1098 -1.98308
5.0356 -1.8291
5.03439 -1.8261
4.5626 1.93904
4.56957 1.9855
7.57579 -0.786091
7.52655 -0.8739
5.73263 3.50463
5.71327 3.50712
6.16648 3.39056
6.14246 3.39958
6.39064 3.27778
6.42762 3.2549
6.83574 2.95498
6.88683 2.90913
7.46843 -0.968943
7.51535 -0.893525
6.48819 -2.00461
6.40744 -2.06272
6.62844 -1.89847
6.60785 -1.91477
6.84434 -1.71225
6.80396 -1.74918
7.0179 -1.54181
6.99563 -1.56546
5.2855 -2.23904
5.23453 -2.18
5.95307 -2.31582
5.93638 -2.32325
5.53568 -2.38162
5.50627 -2.37544
4.48766 0.913482
4.48761 0.910966
4.49265 1.16204
4.49283 1.16748
4.50613 0.409467
4.50821 0.379631
4.5525 -0.029114
4.54325 0.042842
4.49237 0.650389
4.49212 0.656042
4.59681 -0.299982
4.59245 -0.275981
4.79126 -1.11791
4.76812 -1.03707
4.84402 -1.2965
4.83855 -1.27788
7.80471 -0.240323
7.78443 -0.304078
5.18396 -2.10868
5.18858 -2.11654
6.21417 -2.18639
6.0877 -2.25572
4.64856 -0.556418
5.96512 3.46088
5.82202 3.4941
6.22786 3.36266
6.27909 3.33836
4.69946 2.57918
4.68465 2.52926
4.74963 2.73531
4.76847 2.78497
7.08543 2.7077
7.11673 2.67311
7.26514 2.49
7.23867 2.52441
6.58776 -1.92971
6.50817 -1.99088
6.93926 -1.62086
6.90033 -1.65954
7.52759 2.07947
7.55633 2.02563
7.82731 1.31695
7.81782 1.35373
7.72893 -0.457992
7.70393 -0.517687
7.69324 -0.543252
6.77943 3.00292
6.74332 3.03307
6.52481 3.19385
6.55335 3.17524
4.52384 1.61533
4.51548 1.52608
4.51219 1.48701
4.50312 1.37256
4.50129 1.34659
4.72869 -0.890086
4.8382 2.9474
4.85804 2.98652
4.59637 2.14036
4.6137 2.23085
6.05278 3.43401
6.29408 3.33012
6.50126 3.2098
5.59969 3.50924
5.65031 3.50965
6.92374 2.87366
6.38276 -2.07834
6.77178 -1.77693
6.70641 -1.83404
7.08975 -1.46659
6.2866 -2.14207
5.28783 -2.24185
6.08427 -2.25736
6.03728 -2.27983
4.75071 -0.973784
4.75753 -0.999553
4.48879 1.03728
4.48832 0.976981
4.48757 0.852472
4.48757 0.847494
4.49544 1.23803
4.49487 1.22424
4.49091 1.10398
4.49862 0.516033
4.50254 0.460419
4.51233 0.329958
4.5236 0.208854
4.53474 0.107307
4.55945 -0.0765996
4.48962 0.725119
4.48988 0.717174
4.49508 0.590842
4.78198 2.81791
4.79215 2.84396
4.64092 2.35536
4.64428 2.37085
7.65737 1.81327
7.66647 1.79201
7.1534 -1.39407
7.14941 -1.39873
7.31546 -1.19154
7.28628 -1.23012
7.9066 0.885569
7.90479 0.903464
7.82044 -0.186403
5.37197 -2.31354
5.4267 -2.34552
4.73619 -0.919208
4.74967 -0.969826
4.48893 1.04048
4.48894 1.04377
6.70831 3.06136
6.66991 3.09005
4.61694 -0.40451
4.59832 -0.308232
4.49828 0.52564
4.49757 0.534595
4.59149 2.11522
4.59366 2.1265
4.56507 -0.111852
4.57847 -0.194442
4.62497 2.28298
4.63107 2.31156
4.61831 2.25226
7.70647 1.69334
7.72275 1.65134
7.65814 -0.620523
7.64082 -0.658685
4.92818 3.10648
4.9489 3.13735
5.59673 3.50899
5.49681 3.49882
4.56161 1.93158
4.5533 1.87192
7.36448 -1.12559
7.91694 0.770259
7.92018 0.727493
5.3546 -2.30074
5.36007 -2.30566
5.28848 -2.24262
4.52064 1.58071
4.51787 1.55117
4.62635 -0.450896
4.87841 3.02337
4.90859 3.07663
4.51626 0.285249
4.51816 0.264713
4.81731 -1.20744
4.80272 -1.15722
5.48869 -2.36991
5.00763 3.21374
4.98632 3.18799
5.34035 3.45617
5.39945 3.47653
5.80881 -2.36423
5.8859 -2.34187
5.58586 -2.38903
7.9057 0.238081
7.90004 0.192171
4.93449 -1.56989
4.97283 -1.67354
5.03671 -1.83184
5.07185 -1.90653
4.57156 1.99819
4.58247 2.06284
7.5814 -0.775514
7.63172 -0.676921
7.62109 1.89343
7.60352 1.93084
4.66001 2.43788
4.6584 2.43141
4.74398 2.7207
4.72594 2.66685
7.1242 2.66452
7.17507 2.60456
7.85134 1.21707
7.88958 1.01185
7.41909 -1.0451
7.48876 2.14915
7.41552 2.27185
7.32169 2.4121
7.37655 2.33259
7.75247 1.56741
7.79119 1.44734
7.92405 0.549587
7.92079 0.713432
7.86501 -0.00816397
7.85105 -0.0698077
5.11817 3.32478
5.20512 3.38902
5.47443 3.49342
5.76102 -2.37667
7.92277 0.45585
4.87797 -1.40366
4.87219 -1.38679
5.00306 -1.74976
5.12536 -2.01018
4.56213 1.93555
7.67515 -0.583995
7.5166 -0.89142
7.4459 -1.00471
7.92405 0.493754
6.08725 -2.25592
5.9065 -2.33369
5.98684 -2.30253
5.58133 -2.38878
4.81657 2.90189
4.81699 2.90292
7.91265 0.827364
7.91054 0.849483
4.76553 -1.02815
4.85972 -1.34854
5.19695 -2.12908
5.14825 -2.05184
4.65769 2.42826
4.713 2.6258
7.20017 2.57341
7.05599 2.74098
7.8992 0.944628
7.84207 1.25777
7.30523 2.43521
7.09552 -1.46011
7.12545 -1.42613
7.56526 2.00821
7.51213 2.10783
7.40779 2.28409
7.80481 1.4002
7.7312 1.62791
4.53448 1.72082
4.53925 1.76258
4.49801 1.30363
4.86013 2.99073
4.818 2.90523
5.68473 3.50919
5.5985 3.5092
5.9986 -2.29677
4.48735 0.788848
4.49704 1.28648
4.49296 1.17309
4.86916 -1.3781
4.52011 0.241804
4.53575 0.0989311
4.48743 0.783937
4.49184 0.661357
7.20619 -1.33136
7.0923 -1.46376
7.91383 0.815986
6.5534 3.17521
7.68982 1.73558
4.91524 3.08718
4.55221 1.86334
4.54504 1.80782
4.97369 3.17076
7.64889 1.833
7.57509 1.98888
4.49753 1.29455
4.53256 1.70389
4.50847 1.44164
4.5429 1.79181
4.4874 0.78642
4.4877 0.916046
5.22181 -2.16468
7.22201 -1.31185
7.2616 -1.26236
6.63603 3.11577
5.70464 3.50813
