6.4565 -0.213155
6.38038 -0.258934
5.64082 0.753458
5.63997 0.717668
6.29609 1.58823
6.41177 1.52386
6.77919 0.310781
6.74607 0.198665
6.23147 -0.306799
6.22824 -0.306636
6.57566 -0.101978
6.58035 -0.0972811
5.82626 1.42652
5.81016 1.40473
5.66389 1.00275
5.65546 0.951887
5.69472 1.13815
5.70233 1.16673
5.97219 -0.220172
6.02959 -0.26193
5.83367 -0.0673213
5.83651 -0.072123
5.74397 0.114456
5.73946 0.127202
5.67716 0.345127
5.68371 0.315316
5.64877 0.543102
5.65045 0.524048
6.68069 1.20378
6.67974 1.20562
6.58528 1.35577
6.58574 1.3552
6.81684 0.570119
6.807 0.458778
6.81532 0.642861
6.81759 0.59236
6.69938 0.0934136
6.74179 0.187666
6.29472 1.58863
6.43076 1.51103
6.65023 1.25553
6.63447 1.28295
6.50498 1.44342
6.17431 1.61471
6.80168 0.820479
6.7938 0.871
6.00921 1.58537
5.99086 1.57604
6.68236 1.2002
6.72241 1.11225
5.91037 1.52167
5.92678 1.53507
5.73735 1.267
5.75283 1.30239
5.6753 1.06153
5.6808 1.08281
5.65602 0.48218
5.66192 0.436071
6.7655 0.987839
6.76404 0.992841
6.11138 1.60988
6.80698 0.784326
6.34051 -0.278455
6.49037 -0.185391
5.89663 -0.147456
5.93057 -0.187206
5.7123 0.214013
5.68765 0.299011
6.74522 0.196185
6.78395 0.330903
6.12928 -0.298849
6.23436 -0.306261
6.58252 -0.0946326
6.07189 -0.278663
6.64676 -0.00153434
5.83013 -0.0610142
5.78711 0.0224771
5.74945 0.09999
6.68119 0.0584788
5.66411 0.421728
5.8515 1.46014
5.88812 1.49989
6.0352 1.5955
6.0771 1.60687
6.80377 0.434717
6.81732 0.582905
6.81498 0.691529
6.77904 0.934905
5.95873 1.5577
6.58636 1.35434
6.73827 1.07214
5.65379 0.501415
5.64411 0.837004
6.81352 0.721847
5.64428 0.593118
5.72763 1.23992
5.64185 0.669432
5.64302 0.61757
5.65408 0.937177
5.65136 0.914005
5.78621 1.36553
6.7889 0.894771
6.74928 1.03968
