6.34457 -0.807395
6.30686 -0.819747
6.73135 -0.519456
6.71109 -0.542904
5.43587 1.58085
5.42459 1.54807
5.51692 1.7693
5.51851 1.77194
6.69835 1.80675
6.73614 1.76237
6.84803 1.61078
6.86161 1.58882
5.8427 -0.764173
5.75847 -0.695649
5.42224 -0.0630082
5.4236 -0.0675858
6.43532 2.02878
6.45709 2.01623
6.20963 2.13006
6.12223 2.14591
6.0781 2.14931
6.00042 2.1474
5.78276 2.07204
5.798 2.08192
6.82778 -0.398422
6.85344 -0.361331
6.57506 -0.669557
6.53932 -0.695993
5.31544 0.918047
5.31354 0.873158
5.33523 1.14961
5.33481 1.14606
7.12552 0.823416
7.13042 0.777591
7.09863 0.994892
7.10363 0.970442
5.57929 -0.453961
5.57738 -0.450367
5.3762 1.36974
5.39399 1.44148
5.62514 1.93138
5.6062 1.90855
6.57797 1.92509
6.61988 1.88677
6.96923 1.38796
6.94719 1.4345
5.75742 -0.694791
5.68886 -0.617286
5.9405 -0.817492
5.88601 -0.788455
6.12955 -0.853438
6.11453 -0.852493
7.05552 0.0609938
7.05012 0.043717
6.95637 -0.183524
6.96576 -0.165127
5.49118 -0.264283
5.48539 -0.248696
5.3737 0.139164
5.38337 0.093848
5.33591 0.365331
5.33249 0.39408
5.31502 0.613651
5.31293 0.667189
7.13888 0.546318
7.13921 0.556562
7.10951 0.278735
7.11446 0.307099
7.06382 1.13782
7.08138 1.06654
7.05548 1.16343
7.03072 1.23634
7.08639 1.04761
7.10573 0.95849
6.54929 1.94973
6.65306 1.85536
6.99805 1.32317
6.99958 1.31971
7.05959 1.15157
6.51229 1.97811
6.67822 1.82986
6.37063 2.06713
6.34997 2.07718
6.23461 -0.840684
6.4384 -0.761882
6.31654 2.09327
6.26594 2.11119
5.89927 2.12725
5.8982 2.12698
6.78502 -0.45479
6.69687 -0.558159
5.32332 1.03507
5.32112 1.00787
5.40328 1.47707
5.44391 1.60123
5.5679 1.85236
5.51569 1.76701
6.76103 1.73157
6.69193 1.81425
6.82271 1.6488
6.90319 1.51778
5.84813 -0.768204
5.75749 -0.694848
7.0131 -0.0591593
7.01126 -0.0639204
5.49782 -0.281404
5.53293 -0.358111
5.42459 -0.070821
5.39744 0.0351001
5.32316 0.488183
5.31963 0.532538
7.12854 0.408196
7.13112 0.433093
6.45891 -0.750894
6.14049 -0.852267
6.48464 1.99662
6.40441 2.04856
6.10418 2.14899
5.8938 2.12501
5.69994 2.01092
6.87397 -0.328823
6.91463 -0.26088
6.62857 -0.622708
5.31178 0.798419
5.33716 1.16297
5.35339 1.26029
5.35934 1.29045
7.13725 0.696358
7.11903 0.874091
5.57533 -0.446244
5.63111 -0.536738
5.66869 -0.592622
5.47586 1.67984
5.69251 2.00384
5.67346 1.98353
6.78761 1.69764
6.93738 1.45368
6.97421 1.37736
5.95229 -0.821398
6.03439 -0.844646
7.08314 0.157006
7.0011 -0.0873208
7.08828 0.178304
5.45655 -0.166411
5.35563 0.228363
5.44462 -0.132133
5.35279 0.244833
5.31149 0.77012
5.35171 0.251694
5.31172 0.741867
7.13927 0.603773
7.1382 0.677354
7.00077 1.31689
