6.36122 -0.719015
6.32147 -0.732036
6.21633 2.04837
6.31529 2.01451
6.00732 2.0633
5.98984 2.05898
7.0577 0.941549
7.06916 0.879527
5.48976 1.54603
5.4684 1.48395
5.57577 1.73128
5.61534 1.79723
5.54446 -0.234008
5.57817 -0.311316
5.47476 -0.0385155
5.44862 0.0498039
6.14492 -0.766328
6.22241 -0.758293
5.874 2.02353
5.80572 1.98786
6.85486 -0.254667
6.81171 -0.320928
6.59376 -0.570227
6.66624 -0.499484
6.54528 -0.607683
6.4902 -0.648434
5.38679 1.11778
5.39626 1.18114
5.36515 0.887355
5.36601 0.903114
7.07277 0.853736
7.08111 0.775774
5.42586 1.33765
5.43219 1.36319
5.68982 1.88959
5.65205 1.84405
6.7102 1.7041
6.68417 1.73428
6.8104 1.56685
6.77786 1.6145
6.9012 1.40882
6.8964 1.41896
5.76444 -0.592864
5.75639 -0.583769
5.94681 -0.725897
5.93379 -0.718961
6.88362 -0.204937
6.9244 -0.125079
6.99361 0.0427703
7.00798 0.084513
5.59273 -0.342383
5.63598 -0.417108
5.44013 0.0826829
5.42221 0.166727
5.36365 0.641283
5.36387 0.635739
5.38468 0.393046
5.38919 0.359072
6.47775 1.92128
6.42901 1.95542
7.06556 0.322495
7.05997 0.29106
7.08859 0.596389
7.08731 0.541285
7.02357 1.09082
7.03002 1.06465
6.9879 1.20024
6.97632 1.23433
7.04109 1.02285
6.57607 1.84441
6.61341 1.80906
6.9313 1.34364
6.94881 1.30418
7.00546 1.14957
7.04498 1.00498
7.04312 1.01366
6.52783 1.88334
6.62768 1.7946
6.25087 -0.754343
6.37218 -0.713697
6.17976 2.0546
6.32324 2.01168
6.01838 2.06392
5.90553 2.03763
6.71843 -0.4437
6.743 -0.4141
5.37372 1.00396
5.37737 1.03998
5.45509 1.4436
5.52589 1.63755
5.62747 1.81388
5.53285 1.65177
6.65749 1.76333
6.86623 1.47766
6.86728 1.47585
5.85476 -0.671925
5.83541 -0.656168
6.94527 -0.0791226
6.96914 -0.0231399
5.51295 -0.158206
5.58583 -0.328052
5.50055 -0.122086
5.44529 0.062292
5.37287 0.499662
5.37206 0.508078
7.08218 0.454355
7.07854 0.417615
6.47644 -0.65783
6.07003 -0.760077
6.04296 -0.757102
5.98355 -0.738065
5.69111 -0.502978
5.73419 -0.556625
6.42508 1.95751
6.37513 1.98663
6.11105 2.06535
5.77018 1.96159
5.70826 1.9095
6.77045 -0.37791
6.87443 -0.221962
6.58333 -0.578907
5.40422 1.22891
5.36135 0.770068
5.36133 0.767823
5.42363 1.32715
5.67758 -0.485265
7.0702 0.872291
7.08326 0.750109
5.52943 1.64522
6.74982 1.65352
6.86772 1.47504
6.92332 1.36178
7.03031 0.161239
5.50598 -0.138325
5.41335 0.210456
5.50395 -0.132501
5.40252 0.273092
5.3715 0.515649
6.48906 1.91425
7.04015 0.199374
7.08763 0.662468
6.96232 1.272
