4.69352 -1.61857
4.70057 -1.64406
7.95874 -0.376858
7.99379 -0.262308
4.87706 3.59106
4.92741 3.64014
8.0888 0.199194
8.08992 0.207785
4.30329 1.3582
4.29995 1.31521
4.29105 0.961874
4.29111 0.977212
4.29247 0.850211
4.2916 0.80237
4.30765 1.45929
4.3093 1.48608
5.83249 3.79926
5.75176 3.81835
4.3058 0.438691
4.30417 0.463648
5.53296 3.84577
5.52946 3.84581
4.36477 2.06061
4.37186 2.12266
4.35132 -0.0310625
4.34042 0.0566237
4.57629 3.06197
4.59028 3.10214
7.11816 2.96754
7.14721 2.93707
7.40538 2.62728
7.40714 2.62492
6.94066 -1.9051
6.86072 -1.98132
7.23874 -1.59364
7.20988 -1.62603
4.68568 3.3206
4.68154 3.31222
5.49441 -2.90256
5.48262 -2.90718
4.82363 -2.09259
4.86376 -2.22277
4.87717 -2.26489
4.8868 -2.29442
8.10613 0.704823
8.1061 0.705771
5.32789 -2.92544
5.29642 -2.92324
5.07369 -2.75276
5.10337 -2.79303
5.14934 -2.8452
5.16416 -2.86024
4.78134 -1.94537
4.78245 -1.95014
5.57977 -2.87383
5.6383 -2.85087
8.10147 0.331524
8.10092 0.324528
8.06954 0.0643916
8.06568 0.0422974
8.04268 -0.0732623
8.05033 -0.0394851
6.67085 3.36574
6.68842 3.35284
6.8807 3.19476
6.89295 3.18429
5.97603 3.75363
5.88472 3.78358
4.3724 2.12608
4.38978 2.24095
7.75751 -0.845353
7.70619 -0.939747
7.86753 -0.613453
7.81879 -0.722282
6.20345 3.65779
6.20767 3.65569
6.44633 3.52111
6.47291 3.50467
7.07179 3.01551
7.20884 2.86945
7.1965 2.88363
7.59692 -1.12035
7.62316 -1.07962
6.7718 -2.06089
6.83993 -2.00006
7.10016 -1.7451
7.05172 -1.79488
4.81322 3.5189
4.79865 3.49894
8.09886 0.794522
8.10592 0.708393
6.37307 -2.38599
6.34324 -2.4089
6.66087 -2.15643
6.61017 -2.19791
5.00574 3.70066
4.99081 3.69087
4.85598 3.56983
4.82812 3.53727
8.1085 0.474719
8.1053 0.396747
4.32113 1.65409
4.31798 1.61438
4.2969 0.613398
4.29762 0.594056
4.54752 2.97779
4.53943 2.95182
7.33921 -1.47581
7.30133 -1.52138
5.98769 -2.6571
5.96178 -2.67296
4.49961 -0.826893
4.51205 -0.881829
4.29342 1.12093
4.29297 1.10421
7.14589 -1.69621
7.16304 -1.6776
6.21515 -2.50208
6.25367 -2.47511
4.60106 -1.25215
4.58052 -1.17105
4.66909 -1.52789
4.66712 -1.51967
5.67758 3.83061
5.72748 3.82249
5.86464 3.79046
4.41191 -0.404658
4.3939 -0.308238
4.45283 -0.613341
4.44848 -0.592656
4.40291 2.31518
4.40858 2.3587
4.38504 -0.256122
4.37294 -0.182189
7.77034 2.00872
7.73651 2.0792
7.85543 1.81357
7.82707 1.88218
4.47096 2.68684
4.46587 2.66563
4.4166 2.40317
4.42617 2.46195
5.14058 3.77479
5.0993 3.75625
5.36797 3.83732
5.37255 3.83809
5.22993 3.80812
5.21453 3.80281
8.02166 1.28893
8.0364 1.22193
8.06912 1.04296
8.08216 0.95081
7.33909 2.7141
7.33913 2.71405
7.46682 2.54061
7.47031 2.53555
7.42992 -1.36047
7.38966 -1.41326
6.85834 -1.98341
6.95671 -1.8901
7.64992 2.24406
7.67428 2.19996
7.57047 2.38104
7.58079 2.36413
4.75543 3.4378
4.72513 3.39123
4.63351 3.20875
4.65168 3.25158
4.78383 -1.95592
4.82192 -2.08583
7.92299 1.63251
7.90615 1.68099
7.97609 1.46523
7.96599 1.50028
5.40447 -2.92436
5.2368 -2.90369
5.72123 -2.81043
5.6908 -2.82517
5.55864 -2.88226
5.55356 -2.88462
5.65734 -2.84264
6.4852 -2.299
6.50008 -2.28737
8.02326 -0.156306
7.95686 -0.382753
7.94737 -0.408828
6.63686 3.39153
6.59267 3.42277
6.81652 3.24986
6.82959 3.23909
6.05221 3.72394
6.00716 3.74147
5.63744 3.83762
4.34194 1.88239
4.34777 1.93335
4.39349 2.26397
6.08743 3.71053
6.17639 3.67062
6.20018 3.65948
6.25615 3.63077
6.27774 3.61913
6.42299 3.53595
6.3449 3.58165
6.47822 3.50129
6.53311 3.46497
7.25204 2.82038
6.6823 -2.13779
6.76368 -2.06828
7.02003 -1.82619
4.76713 3.45674
8.10607 0.706355
8.09683 0.820411
6.67207 -2.14665
8.10207 0.338576
8.1096 0.525937
4.56424 -1.1054
4.5682 -1.12201
4.53815 -0.994164
4.54883 -1.04006
4.52696 2.90816
4.51164 2.85295
4.47878 -0.736712
4.49072 -0.787739
4.51948 -0.913908
6.13367 -2.55995
6.13265 -2.56062
6.02019 -2.63648
6.03633 -2.62566
4.62382 -1.34401
4.61044 -1.28926
4.63983 -1.40726
7.95779 -0.379982
5.04413 -2.69923
5.05658 -2.72096
4.97019 -2.53567
4.97709 -2.55237
8.07947 0.131905
8.07256 0.0818693
4.75802 -1.86136
4.75737 -1.85916
4.52514 -0.93852
4.5342 -0.976982
4.29454 0.723208
4.29212 0.770752
4.47439 -0.717059
4.35606 2.00305
4.3554 1.99697
4.3395 1.85605
4.33451 1.80613
4.93186 -2.43446
4.93503 -2.4427
4.32158 0.238228
4.31611 0.300086
8.09146 0.866718
7.46646 -1.3115
7.49631 -1.27036
4.76149 -1.8741
4.75826 -1.8622
5.81289 -2.76113
5.78144 -2.7793
5.21886 -2.89692
5.00459 -2.61839
4.99726 -2.60383
8.02667 -0.143055
7.89386 -0.548124
7.87261 -0.601513
7.01594 3.07003
7.03878 3.04831
8.10924 0.594985
4.32994 1.7604
4.32844 1.74252
4.29791 1.2312
4.29815 1.27524
6.73982 3.31284
6.76317 3.29383
6.94365 3.13867
6.96821 3.11559
6.13503 -2.55905
4.7175 -1.70956
4.6717 -1.53816
8.09534 0.265433
8.08756 0.189561
4.29961 1.2947
4.30444 1.39858
4.29151 1.0251
4.29121 0.913712
4.29227 0.786711
4.29125 0.898257
4.31134 1.51973
4.30575 1.42193
4.43188 -0.509274
4.42021 -0.449848
4.30179 0.506412
4.30841 0.398428
5.44835 3.84487
5.54827 3.84479
4.95255 -2.48801
4.96294 -2.51879
4.33515 0.104382
4.35564 -0.0633707
7.81571 -0.728767
7.76408 -0.832882
7.81461 1.91098
7.78284 1.98211
4.44133 2.54348
4.445 2.56442
4.60582 3.1419
4.56809 3.04002
5.23913 3.81046
5.29978 3.82576
8.04727 1.16781
8.06242 1.0844
7.18606 -1.65291
7.25606 -1.57401
4.65819 3.26425
4.68671 3.3228
5.41632 -2.92157
5.40997 -2.9234
5.03422 -2.68243
5.01254 -2.63472
5.11524 -2.81081
5.06638 -2.73875
5.18606 -2.87418
5.83782 -2.74678
5.87641 -2.72475
4.7323 -1.76303
5.91019 -2.70566
8.05722 -0.00402065
8.03146 -0.122764
7.69273 -0.963254
7.87006 -0.607615
7.6454 -1.04319
7.55135 -1.19116
7.54768 -1.1966
7.54034 -1.20736
6.40672 -2.36079
6.30776 -2.43494
6.08499 -2.59294
6.04807 -2.61749
4.95798 3.66555
5.04082 3.7243
5.42302 3.84299
4.55112 -1.04983
4.56369 -1.10313
4.31595 1.58512
4.32298 1.67854
4.29956 0.549898
4.29547 0.659242
4.54965 2.98384
4.52883 2.91542
7.29 -1.53458
7.34563 -1.46809
4.29201 1.05661
4.2949 1.16771
4.57788 -1.16059
4.29169 1.04071
4.31339 1.55023
4.3924 -0.299779
4.46385 -0.668017
4.31049 0.370553
4.30052 0.528858
4.37081 -0.168546
4.3274 0.177867
7.72271 2.10677
7.86915 1.77937
7.89307 1.71646
7.68827 2.17373
4.48907 2.76538
4.45551 2.6173
4.49606 2.79271
5.05888 3.73421
5.16313 3.78489
5.3771 3.83855
7.27344 2.79546
7.26858 2.8013
8.00368 1.36368
8.08681 0.914008
7.99255 1.40659
7.52877 2.44805
7.53008 2.44602
7.33862 2.71468
7.40371 2.62963
7.38636 -1.41735
7.44364 -1.34259
7.62861 2.2821
7.61076 2.31331
4.71832 3.37852
4.61942 3.17811
4.8649 -2.22686
4.86434 -2.22482
4.90738 -2.35916
4.90923 -2.36402
7.93694 1.59149
7.95094 1.54874
6.70834 3.33738
6.91917 3.16078
6.31202 3.60116
6.53323 3.4649
6.27979 -2.45597
6.43718 -2.3368
6.56199 -2.23774
6.53374 -2.26099
4.9432 3.65418
4.32684 1.72339
4.29492 0.677297
4.50695 2.83416
4.29549 1.18562
4.98701 -2.57717
5.6214 3.83968
5.75266 -2.79371
7.91393 -0.499222
6.32724 3.59218
4.61415 3.16413
4.93103 -2.43236
5.93907 -2.68774
6.8421 3.22866
4.35464 1.99025
6.5973 -2.20901
6.47022 -2.31133
6.9808 3.10358
6.77737 3.28212
7.91742 -0.490141
6.56088 3.44529
