6.78599 -0.493543
6.72865 -0.559912
7.05295 1.23716
7.0496 1.24755
6.74117 1.79362
6.76124 1.77005
6.86318 1.62846
6.89381 1.57895
5.75455 -0.736573
5.80902 -0.780889
6.33735 -0.845736
6.34058 -0.84428
6.46235 2.04653
6.46948 2.04242
6.20678 2.16475
6.16301 2.17269
6.0123 2.1843
5.99742 2.18393
5.74832 2.09036
5.79484 2.12047
6.81726 -0.454303
6.87028 -0.37764
6.56703 -0.712171
6.56079 -0.716784
5.29436 0.931064
5.29136 0.860501
5.31496 1.16213
5.31146 1.13274
7.14974 0.799299
7.15198 0.778386
7.10841 1.04832
7.1242 0.9712
5.576 -0.503094
5.55466 -0.462913
5.66041 -0.631735
5.65232 -0.619883
5.41342 1.59535
5.42168 1.61866
5.35449 1.38376
5.36465 1.42473
5.59762 1.94916
5.60237 1.95533
5.49391 1.78417
5.47783 1.74998
6.66551 1.87983
6.59468 1.9446
6.97918 1.42062
6.96939 1.44129
5.93787 -0.855725
6.0047 -0.874813
6.12709 -0.889137
6.05043 -0.88431
7.07978 0.0681349
7.06703 0.0273459
6.98659 -0.174628
6.98319 -0.182001
5.47019 -0.276212
5.45145 -0.225789
5.3525 0.127115
5.35559 0.112593
5.41511 -0.121035
5.40062 -0.0686265
5.31594 0.353986
5.30949 0.408282
5.29402 0.601714
5.29093 0.680776
7.15833 0.526955
7.15946 0.562523
7.12738 0.260936
7.13659 0.313612
7.10383 1.06737
7.09239 1.11383
7.08325 1.1483
7.08218 1.1524
7.10516 1.06233
7.13083 0.933501
6.53827 1.99308
6.67005 1.87519
6.6748 1.86992
6.52222 2.00539
7.01645 1.33519
6.99784 1.37919
6.36772 2.10263
6.36308 2.10489
6.22764 -0.877654
6.32697 -0.848873
6.31364 2.12868
6.29995 2.13353
5.85831 2.14902
5.89523 2.16314
6.80339 -0.472578
6.6884 -0.60309
6.5294 -0.738218
6.4636 -0.782378
5.30268 1.04782
5.2984 0.994897
5.38191 1.49088
5.40906 1.58133
5.54264 1.86868
5.5115 1.81799
6.80265 1.71881
6.71696 1.82191
6.80608 1.71421
6.91889 1.5361
5.8454 -0.807896
5.72832 -0.709326
7.0386 -0.0516532
7.02772 -0.0798539
5.49165 -0.331595
5.50981 -0.371251
5.37694 0.0234544
5.39588 -0.0514386
5.30272 0.476567
5.29716 0.546414
7.14718 0.389644
7.15233 0.439334
6.45155 -0.789946
6.18294 -0.883156
6.51023 2.01342
6.41714 2.07547
6.10137 2.1832
5.97748 2.17996
5.69655 2.05215
6.91272 -0.310448
6.9322 -0.277894
6.64787 -0.641397
5.29022 0.811733
5.33095 1.27274
5.33116 1.27401
5.33124 1.27441
7.15763 0.711136
7.14007 0.874866
5.53173 -0.416814
5.6058 -0.550711
5.66552 -0.638741
5.45264 1.69484
5.66472 2.0218
5.59033 1.93864
6.80413 1.71692
6.96783 1.44434
6.99569 1.38393
5.90996 -0.84241
6.03179 -0.882485
7.10051 0.140189
6.97054 -0.206832
7.11136 0.185095
5.43494 -0.178689
5.3467 0.1557
5.41869 -0.131971
5.33326 0.233735
5.28979 0.770633
5.32814 0.266246
5.29014 0.729602
7.15961 0.674095
7.15939 0.68174
7.02644 1.30923
7.1592 0.686969
7.08072 1.15754
