6.35412 -0.756685
6.26177 -0.786937
7.08443 0.91742
7.07716 0.956811
5.46679 1.56087
5.43345 1.46401
5.55069 1.74749
5.58781 1.80937
6.69571 1.76108
6.70319 1.75229
5.52121 -0.247222
5.53705 -0.283566
5.4323 0.0188891
5.45295 -0.0509061
6.13787 -0.803734
6.21298 -0.795946
6.39985 2.00548
6.44084 1.98185
6.19299 2.08823
6.21336 2.08453
5.83367 2.04498
5.80238 2.02863
6.00435 2.09946
6.05331 2.10066
6.84243 -0.320652
6.83044 -0.339066
6.6414 -0.562104
6.68598 -0.518595
6.58559 -0.613625
6.51113 -0.668705
5.34311 0.900962
5.34264 0.889771
5.36467 1.13143
5.36985 1.16607
7.09373 0.855069
7.10212 0.776548
5.40469 1.35133
5.4287 1.44814
5.66225 1.9074
5.61134 1.84601
6.82712 1.58636
6.81586 1.60285
6.9302 1.39993
6.91805 1.42558
5.76145 -0.636309
5.72761 -0.598055
5.94412 -0.764937
5.89447 -0.738478
6.91462 -0.19581
6.94203 -0.142149
7.02129 0.0509186
7.02664 0.0664493
5.58689 -0.389925
5.61088 -0.431371
5.40153 0.154979
5.41982 0.0692453
5.3426 0.629318
5.34181 0.649356
5.36261 0.380505
5.36333 0.375034
7.08565 0.302493
7.08492 0.298403
7.11056 0.574519
7.10994 0.547946
7.04073 1.11085
7.05191 1.06545
7.0167 1.18455
6.99951 1.23519
7.06175 1.02828
6.56411 1.89147
6.63031 1.82879
6.95975 1.33491
6.97045 1.3108
7.02853 1.15043
6.55338 1.90012
6.49926 1.9423
6.53116 1.91784
6.65562 1.80315
6.37446 2.02054
6.33278 2.04081
6.24375 -0.79216
6.40041 -0.734235
6.32036 2.04679
6.22129 2.08187
5.96593 2.0918
5.90241 2.07571
6.70894 -0.494048
6.76091 -0.431443
5.35107 1.01794
5.35183 1.0254
5.43171 1.45871
5.49401 1.62982
5.60106 1.83094
5.5217 1.69377
6.7064 1.74833
6.84644 1.5555
6.88259 1.49372
5.85192 -0.713156
5.8022 -0.672654
6.97458 -0.0704976
6.98728 -0.0407017
5.50639 -0.211586
5.56328 -0.340864
5.46818 -0.100235
5.42434 0.0503852
5.34999 0.503428
5.34912 0.514326
7.10319 0.43344
7.10231 0.424613
6.46896 -0.697497
6.06549 -0.797692
6.45107 1.97457
6.38772 2.01325
6.10808 2.10151
5.73615 1.97967
5.70467 1.95319
6.81897 -0.354901
6.89156 -0.23855
6.60323 -0.598179
5.34008 0.780946
5.34779 0.974999
5.38255 1.24228
5.39623 1.31151
7.10628 0.727199
7.09142 0.873073
5.66432 -0.518398
5.65121 -0.497454
5.67292 -0.531188
5.50633 1.66015
6.76593 1.67232
6.89741 1.46594
6.94501 1.36842
6.01725 -0.789158
6.03781 -0.794982
7.05646 0.168937
5.48491 -0.150296
5.38664 0.228482
5.47867 -0.132344
5.38104 0.260885
5.33996 0.769446
5.35848 0.417766
5.34006 0.757966
7.05937 0.180234
7.10918 0.668813
7.0696 0.994463
6.97871 1.29113
