6.05475 0.0629202
6.06798 0.0506439
6.36279 0.0409026
6.27877 0.00500593
5.93257 0.225394
5.89091 0.309987
6.60697 0.843359
6.62112 0.785468
6.54113 1.03522
6.53505 1.04802
5.89467 1.07173
5.89241 1.0665
6.03473 1.2568
6.13132 1.30633
5.85045 0.918803
5.84051 0.868237
5.8619 0.418216
5.88524 0.324649
6.63097 0.687235
6.63022 0.720639
6.38539 1.23704
6.39444 1.2292
6.52342 1.06988
6.4701 1.1414
5.9549 1.16855
6.00886 1.23949
5.83274 0.77834
5.82776 0.731474
6.6283 0.740253
6.5991 0.877794
6.53398 0.225495
6.56981 0.299717
6.5779 0.942056
6.40443 1.21821
5.89693 1.07565
6.20232 1.30664
5.83639 0.839681
5.82821 0.66969
5.82803 0.710473
5.83687 0.542722
5.83261 0.582708
6.62653 0.508725
6.62765 0.518572
6.25307 1.30497
6.27876 1.29487
6.49607 0.169822
6.48276 0.148484
6.63107 0.580754
6.58101 0.330493
6.59806 0.377253
6.15917 0.00720628
6.01328 0.10499
6.39355 0.0585999
6.19422 0.00180527
5.88821 0.316491
5.97211 0.151018
5.98307 0.137918
6.17028 0.00257227
6.45824 0.121693
5.85023 0.468404
6.60365 0.397762
6.52939 0.216923
5.86087 0.963339
5.82858 0.645601
5.83022 0.607219
5.83919 0.521267
5.83759 0.85035
