5.97426 -0.571346
5.9121 -0.532502
6.71017 -0.28349
6.73707 -0.248667
5.47595 1.06273
5.46326 0.958629
6.84102 1.31537
6.85909 1.27673
6.879 0.00903707
6.85081 -0.0538311
5.4685 0.458957
5.47053 0.440597
6.44681 1.79816
6.42294 1.81447
6.98654 0.401164
6.99692 0.514679
6.17369 -0.61358
6.12193 -0.609425
6.39155 -0.557977
6.37739 -0.563908
5.87996 -0.511808
5.86754 -0.500078
6.22844 1.9008
6.15939 1.91214
6.07756 1.91531
6.01988 1.91018
5.81838 1.81881
5.81952 1.81978
6.62992 -0.378249
6.5852 -0.421021
5.45511 0.831811
5.45839 0.891828
5.51793 1.28058
5.50997 1.24606
5.74035 -0.356745
5.79283 -0.427822
5.58526 1.48433
5.62502 1.57336
5.68026 1.66377
5.63247 1.58852
6.77934 1.43218
6.74353 1.48878
5.6179 -0.137411
5.63832 -0.180678
5.56335 0.0118229
5.5807 -0.0393344
5.5093 0.216215
5.49326 0.293367
5.45438 0.692834
5.45882 0.577108
6.99727 0.687309
6.99232 0.755505
6.93324 0.157406
6.96148 0.262068
6.92467 1.1017
6.90976 1.14605
6.47849 1.77576
6.52336 1.73877
6.40882 1.82353
6.36561 1.84764
6.82527 1.3481
6.80351 1.39054
6.61799 1.65004
6.59396 1.67462
6.96422 0.951754
6.95524 0.992951
6.28024 -0.598389
6.22599 -0.607323
5.88152 -0.513205
5.97947 -0.573267
5.74031 1.74317
5.81341 1.81404
5.9185 1.87958
5.85301 1.84004
6.66533 -0.33891
6.76207 -0.211974
5.46232 0.94925
5.48144 1.09939
6.87077 1.25029
6.83232 1.33395
6.89543 0.0482268
6.81857 -0.116418
5.68493 -0.271746
5.66432 -0.232614
5.54201 0.078431
5.53301 0.112136
5.46399 0.505904
5.47071 0.439255
6.99814 0.538029
6.98501 0.390086
6.07179 -0.604047
6.49499 -0.495902
6.50871 -0.486474
5.80231 -0.437474
6.30114 1.87612
6.12319 1.91733
5.922 1.88087
5.72344 1.72451
6.8002 -0.150092
5.49437 1.17324
5.45484 0.823438
5.45405 0.710572
5.53803 1.35581
5.70039 -0.299514
6.98274 0.850192
6.98015 0.868972
5.62861 1.58115
5.55317 1.4011
6.62844 1.63844
6.68167 1.57395
6.72195 1.51974
6.79988 1.39716
6.89416 1.19242
6.92452 0.130101
5.59791 -0.0860863
5.52766 0.133307
5.48831 0.321838
5.45955 0.56568
6.3225 1.86889
6.96438 0.274818
6.99889 0.636348
6.9367 1.06121
6.34192 1.86041
6.97252 0.912373
6.97863 0.87951
6.563 1.70508
6.94793 1.02253
5.54676 1.38468
