5.91497 2.45972
5.97559 2.46459
6.18642 2.43598
6.20372 2.42993
7.22655 1.24356
7.23638 1.21294
7.31424 0.808608
7.30819 0.872291
5.18535 1.49304
5.20796 1.59778
5.39392 2.08077
5.38855 2.07174
5.50855 2.2387
5.5736 2.3059
7.20158 -0.111346
7.20389 -0.105168
7.27197 0.124705
7.27098 0.120391
5.19613 0.0149547
5.18746 0.0591634
5.11916 0.721573
5.11937 0.709511
7.31405 0.371914
7.31337 0.365647
6.77458 2.04594
6.70162 2.1217
6.4018 2.34594
6.42089 2.33451
5.76972 2.42661
5.74411 2.41399
6.86442 -0.702361
6.86961 -0.696387
6.74638 -0.830599
6.71193 -0.863118
7.00991 -0.502126
7.00577 -0.508818
7.30385 0.903397
7.29127 0.977357
5.37372 -0.571514
5.37077 -0.56446
5.4581 -0.743451
5.45561 -0.738571
5.56538 -0.906567
5.54971 -0.886774
5.23867 1.70825
5.21191 1.61391
5.14817 1.26741
5.15336 1.30411
6.3001 -1.1325
6.33219 -1.11836
5.30705 1.9049
5.31236 1.91647
5.66152 2.37186
5.60768 2.33177
6.53724 -1.0052
6.50585 -1.02715
6.98563 1.77142
6.98299 1.77542
7.09195 1.58075
7.12725 1.50737
5.91671 -1.16314
5.93225 -1.16621
5.73139 -1.07299
5.70824 -1.05416
6.10717 -1.17857
6.08856 -1.17855
7.09074 -0.359305
7.11573 -0.310325
5.21542 -0.079528
5.22891 -0.130792
5.12833 0.507568
5.12742 0.520701
5.15387 0.261895
5.15678 0.241539
6.65411 2.16459
6.6305 2.18538
7.32458 0.625224
7.32497 0.590924
7.28254 1.0255
7.28114 1.0333
6.53402 2.26138
6.55552 2.24538
7.30703 0.881019
7.30643 0.886033
7.28587 1.00989
5.28992 -0.347386
5.28074 -0.31752
5.25016 -0.213493
5.25287 -0.22337
5.12017 0.916727
5.11994 0.904954
6.57532 2.22994
6.59747 2.21351
7.26303 1.11615
7.26327 1.11522
6.83133 1.98192
6.81163 2.00484
6.51119 2.27797
6.43815 2.3235
5.21198 -0.0641646
5.21267 -0.0674587
5.11862 0.827283
5.11883 0.852297
5.12542 1.02654
5.31597 -0.420667
5.32289 -0.439839
5.26744 -0.27341
5.26264 -0.256468
6.04363 2.46046
5.87197 2.45464
6.14137 2.44588
6.29356 2.39838
7.00232 -0.513965
6.93921 -0.604073
5.13426 1.15181
5.12953 1.08962
5.33361 -0.46894
5.36838 -0.558481
5.50952 -0.826236
5.46052 -0.747945
5.20903 1.60258
5.177 1.44886
6.20312 -1.16265
6.22148 -1.15696
5.34861 1.99404
5.40172 2.09264
5.57815 2.30972
5.4797 2.20556
6.62655 -0.939651
6.62457 -0.941313
7.06172 1.63937
7.0496 1.66204
5.82334 -1.12837
5.8046 -1.11795
7.16218 -0.210046
7.22745 -0.0343128
7.28796 0.202332
7.24113 0.00796068
5.18081 0.0937106
5.20008 -0.00414769
5.12055 0.655456
5.11888 0.774675
5.13858 0.384189
5.13865 0.383341
7.29584 0.241632
7.32343 0.489697
5.77416 2.42806
6.08042 2.45815
5.66987 2.37736
6.79281 -0.781722
6.87335 -0.6918
6.63024 -0.936406
7.06529 -0.406751
7.13991 1.47934
7.16744 1.41304
5.13538 1.1626
5.30073 -0.37864
5.41425 -0.656484
5.60262 -0.950523
5.6296 -0.982283
5.64101 -0.994825
5.16497 1.38138
5.25375 1.75517
5.2722 1.81142
6.39863 -1.08874
6.1435 -1.17298
5.30125 1.89096
5.44775 2.16198
6.43968 -1.06572
6.99039 1.76371
6.92549 1.85862
7.04052 1.67811
6.0114 -1.1788
5.88357 -1.15075
7.15173 -0.233686
7.24024 0.00489563
7.29543 0.239277
5.1724 0.142335
5.1209 0.644323
5.13866 0.38324
5.12139 0.633717
7.32429 0.510141
6.61567 2.19788
6.68452 2.13866
7.32229 0.687744
7.2072 1.30521
7.19137 1.34937
7.26276 1.11739
7.24222 1.19168
7.27195 1.07356
5.25461 -0.229783
5.2393 -0.172307
6.69222 2.13108
6.85802 1.94953
6.8825 1.91814
7.31982 0.745341
5.11856 0.787207
5.11943 0.892787
6.31122 2.39044
6.90962 1.88085
7.21877 1.26945
6.32961 2.38131
6.36687 2.36393
7.17524 1.39424
7.32081 0.730208
6.89496 1.90168
5.23259 -0.146496
5.21315 -0.0696157
