7.64027 0.0538757
7.64106 0.0571899
7.50185 -0.389709
7.46385 -0.478527
4.75173 1.32599
4.75446 1.35987
5.83138 -1.88047
5.83193 -1.8805
4.96635 -0.750438
4.97625 -0.78231
4.84743 -0.274023
4.83318 -0.201444
6.98715 2.43758
6.98295 2.44216
4.76082 0.296931
4.76443 0.260705
4.73342 0.782416
4.73277 0.801022
6.22064 -1.78712
6.22599 -1.78513
7.20847 -0.923257
7.20314 -0.931142
6.62189 -1.54026
6.58937 -1.56425
7.69111 0.45982
7.69372 0.529713
7.67862 0.865645
7.68344 0.820429
7.57976 -0.174035
7.55852 -0.238659
5.32635 2.938
5.25594 2.8734
5.52404 3.05223
5.4455 3.01652
7.67956 0.307615
7.67083 0.233762
5.33207 -1.57986
5.27993 -1.49989
5.15272 -1.25822
5.18782 -1.33212
4.77549 1.5625
4.78231 1.61652
4.78838 1.65943
4.80026 1.73583
4.83179 1.90544
4.84308 1.96124
6.02971 -1.85498
6.00303 -1.86114
5.6953 -1.86008
5.6439 -1.8437
4.91966 -0.58149
4.93669 -0.644995
5.38693 -1.64851
5.37682 -1.6357
5.03928 -0.974721
5.00871 -0.884832
5.12534 2.71014
5.13568 2.72599
6.37193 2.93499
6.3944 2.92343
6.12195 3.0451
6.1505 3.03527
5.93506 3.08982
5.98201 3.08027
5.7139 3.09721
5.73384 3.0986
6.42317 -1.67851
6.37601 -1.70573
6.82465 -1.36642
6.77874 -1.40815
7.30466 -0.775975
7.34024 -0.717318
7.46417 1.67567
7.44971 1.70936
6.55212 2.8259
6.53053 2.8401
6.93707 -1.25467
6.9406 -1.25106
7.49872 1.59128
7.51897 1.53796
4.7334 0.931476
4.73409 1.02151
5.13858 -1.22801
5.10937 -1.15732
4.80719 -0.0600316
4.78993 0.0538872
4.74984 0.420652
4.74399 0.495846
4.82717 -0.169569
4.81029 -0.0784839
7.45765 -0.492635
7.51469 -0.357894
7.62938 1.16638
7.62686 1.17712
6.9 2.53076
6.84907 2.58087
6.98744 -1.19918
7.01053 -1.1737
7.37244 1.8707
7.38373 1.84867
7.17392 2.19902
7.20358 2.15612
7.10211 2.2982
7.10432 2.29535
7.58446 1.33979
7.57928 1.35771
7.66193 0.994104
7.66668 0.961202
7.5427 -0.283641
7.59567 -0.120758
4.74237 1.19235
4.73996 1.14509
5.6245 -1.83441
5.58202 -1.8142
4.75497 0.358585
4.75216 0.391206
4.73741 0.630401
4.73669 0.652061
4.73301 0.894136
4.99173 2.45144
4.95825 2.36775
4.95381 2.35505
4.95542 2.36005
4.88724 -0.456439
4.89294 -0.480207
7.29609 2.01049
7.29394 2.01412
4.73515 1.04019
4.73543 1.05965
4.74707 1.26612
5.97952 -1.86613
5.95219 -1.87052
5.73663 -1.8703
4.86244 -0.344863
6.69807 2.71583
6.72488 2.69421
6.63817 2.76447
6.67545 2.73435
4.76723 0.235601
4.77162 0.195437
4.7411 0.545677
4.74235 0.521667
4.73614 0.672887
4.7332 0.763503
7.11029 -1.05453
7.1224 -1.03971
6.94331 -1.24826
7.69334 0.660794
7.69009 0.732052
7.38082 -0.6439
7.36154 -0.680151
5.48078 -1.74437
5.47757 -1.74191
5.35952 -1.61457
5.33269 -1.58068
5.01981 2.5149
6.3052 2.96974
6.2747 2.98398
4.77291 1.5401
4.76694 1.48818
5.88063 -1.87888
5.91235 -1.87623
5.41608 -1.68157
5.42568 -1.69098
4.92385 2.26569
4.90584 2.20493
7.5402 1.47844
7.55052 1.44921
7.61207 -0.063645
6.07935 -1.84066
6.11371 -1.8292
4.89408 -0.484709
7.6507 0.111202
7.63958 0.0507369
5.42458 3.0053
5.34227 2.95026
5.22739 -1.4101
5.23104 -1.41746
4.75664 1.38572
4.7493 1.29571
4.82044 1.84925
4.81306 1.80905
4.98249 -0.801858
4.94706 -0.682396
5.07353 -1.06699
5.04818 -1.00021
6.61715 2.7798
6.98852 2.43604
6.91965 2.51022
5.07584 2.62702
5.04529 2.57021
6.27008 -1.7624
6.21435 -1.78969
7.16544 -0.981496
7.22237 -0.903268
6.25185 2.99469
6.15748 3.03247
5.8858 3.09571
5.83078 3.10008
6.52204 -1.61367
6.68666 -1.48779
7.25576 -0.852646
7.27168 -0.828369
7.33482 1.94202
7.34089 1.93094
7.10522 2.29414
7.15485 2.22631
7.60773 1.25646
7.60581 1.26399
7.69386 0.551723
7.68943 0.423598
6.43695 2.89908
6.45154 2.89107
7.66297 0.180978
5.22964 2.84599
5.57184 3.06827
5.62453 3.08243
5.18213 2.78868
7.68522 0.366736
5.3325 -1.58043
5.23572 -1.42627
5.14665 -1.24571
4.76494 1.46939
4.78285 1.6208
4.77427 1.55235
4.80393 1.75663
4.86466 2.05737
4.8958 -0.491436
4.99826 -0.850859
5.55411 -1.7983
5.48401 -1.74676
5.00745 -0.881121
5.09273 -1.11547
4.77405 0.174515
4.78644 0.0782265
5.1131 2.68949
6.32518 -1.73553
4.86804 2.07231
4.86652 2.06575
6.33507 2.95477
6.08604 3.05607
5.75121 3.09878
6.04003 3.0684
5.65407 3.08791
6.72272 -1.45817
6.48626 -1.63717
6.86627 -1.32574
7.35181 -0.697248
7.69413 0.638271
7.42649 1.76036
7.48547 1.62478
6.46644 2.88218
7.14201 -1.01387
4.87578 2.10178
4.8079 -0.0645548
7.64238 1.10368
7.61915 1.2098
7.64532 1.08733
7.64868 1.07099
6.81215 2.61633
6.77527 2.64945
7.05043 2.36222
7.07828 -1.09496
7.07824 -1.095
7.4089 1.79782
7.30097 2.00201
7.23688 2.10567
7.2505 2.08475
7.55894 1.42333
7.65787 1.0183
7.67403 0.907772
7.68637 0.783746
7.40901 -0.591408
7.40416 -0.600925
6.7472 2.67456
7.25905 2.07145
5.92978 -1.87438
5.4477 -1.71334
7.61285 -0.0607113
5.83286 -1.88046
5.40364 -1.66885
6.12794 -1.82467
6.05676 -1.84703
5.031 2.54098
7.42821 -0.552823
5.55973 -1.80144
7.07822 -1.09503
7.03321 -1.14806
7.69408 0.642678
