6.17151 -2.59215
6.19489 -2.57553
8.00712 -0.333129
8.03106 -0.254873
4.68172 -1.74913
4.70605 -1.84074
4.26674 1.35824
4.26193 1.29632
4.2562 0.850253
4.25515 0.792267
6.84781 3.27423
6.8025 3.3117
4.27158 1.48029
4.27192 1.48591
4.3775 -0.42414
4.3778 -0.425776
4.2674 0.462275
4.26727 0.464248
4.32477 2.0602
4.32924 2.09927
4.89851 -2.5469
4.89182 -2.52718
4.31121 -0.00643001
4.30581 0.0370309
7.80001 -0.836874
7.84268 -0.750424
7.80931 2.00505
7.8503 1.91345
5.03145 3.7988
5.06575 3.81753
5.22944 3.87766
5.19649 3.86919
4.86596 -2.43954
4.87625 -2.47177
7.13087 3.00605
7.1861 2.9481
8.07766 1.18702
8.09836 1.07188
7.43203 2.64827
7.44796 2.62688
4.66869 3.41138
4.67808 3.42974
4.61187 3.29812
4.60696 3.28819
5.36681 -3.04845
5.40977 -3.03771
8.14181 0.628953
8.14022 0.684325
4.95216 -2.71403
4.9445 -2.68791
5.21433 -3.05439
5.22366 -3.05616
5.02002 -2.87127
5.00175 -2.83005
5.16172 -3.03471
5.1861 -3.04317
5.10427 -2.99246
5.0697 -2.94808
4.72969 -1.92974
4.73832 -1.96706
5.70297 -2.90149
5.65842 -2.92511
5.79092 -2.84717
5.81176 -2.83457
4.67495 -1.72329
4.65091 -1.6235
6.64267 3.43787
6.63615 3.44255
5.98446 3.80427
5.96739 3.80987
5.72598 3.88074
5.7609 3.87326
6.23362 3.69285
6.26215 3.67863
6.47444 3.55377
6.48405 3.54783
7.0576 3.08185
7.24655 2.88015
7.20943 2.92281
7.62011 -1.14766
7.66821 -1.073
7.51952 -1.29771
7.52023 -1.2967
6.98431 -1.91376
7.06194 -1.8367
6.81731 -2.06993
6.87072 -2.02223
4.76377 3.55938
4.73976 3.52648
6.65975 -2.20804
6.63509 -2.22822
7.94269 -0.518133
7.93108 -0.547814
8.14152 0.443804
8.14013 0.409812
4.28158 1.62954
4.28037 1.61421
5.5872 3.90215
5.60217 3.90031
7.72992 -0.967707
7.67629 -1.05941
4.46602 -0.850601
4.46681 -0.854066
6.94936 3.18427
6.96157 3.17281
4.34873 2.23617
4.35279 2.26401
7.15573 -1.73645
7.192 -1.6971
5.93759 -2.75584
5.96415 -2.73762
6.03494 -2.68994
6.04816 -2.6803
4.63308 -1.55331
4.60143 -1.42172
4.25463 0.98307
4.25459 0.977255
5.87324 3.84216
5.78759 3.86559
4.41938 -0.632278
4.4055 -0.566278
4.36213 2.31476
4.36985 2.37409
4.35255 -0.282843
4.3392 -0.201288
7.89338 1.81
7.89938 1.79437
7.71231 2.20132
7.75921 2.10975
4.37482 2.40715
4.38765 2.48596
4.41904 2.65453
4.42584 2.69057
5.33893 3.89949
5.31385 3.89528
8.04954 1.31651
8.0758 1.19716
7.35215 2.75368
7.38128 2.71608
7.48024 2.58128
7.51038 2.53748
6.90226 -1.99213
6.96681 -1.93144
7.67229 2.27417
7.70325 2.21812
7.59236 2.41048
7.61949 2.36599
5.30651 -3.05731
4.74915 -2.01228
4.76938 -2.08128
4.80669 -2.22078
4.82539 -2.2891
4.7865 -2.14915
4.78684 -2.15044
7.95961 1.62906
7.93251 1.70707
8.01163 1.46189
7.99289 1.52689
5.85938 -2.80583
5.87257 -2.79732
5.63635 -2.93599
5.73976 -2.87879
6.51138 -2.33085
6.53259 -2.31427
8.05119 -0.182456
7.9833 -0.407512
7.95274 -0.491478
6.64354 3.4372
6.69688 3.39637
6.86116 3.26253
6.90532 3.22373
6.03957 3.78236
6.04759 3.77892
5.77091 3.87037
5.64691 3.89454
4.30573 1.90495
4.30894 1.93295
4.33535 2.14542
6.20613 3.707
6.12235 3.74624
6.42886 3.58277
6.40054 3.59934
7.28644 2.83484
6.7297 -2.14719
6.77377 -2.10955
7.06368 -1.83486
4.79059 3.59244
8.13818 0.718403
8.13242 0.798041
6.30126 -2.49557
6.34203 -2.46487
6.42875 -2.39704
6.46905 -2.3653
6.55213 -2.2977
6.59616 -2.2615
6.69631 -2.17614
4.93074 3.73258
4.94965 3.74716
8.13839 0.37858
8.14357 0.538679
4.53082 -1.12898
4.54001 -1.16748
4.50466 -1.0178
4.51014 -1.04134
4.26099 0.592584
4.2609 0.594653
4.4682 2.8716
4.46399 2.85641
4.50974 3.02056
4.49778 2.98141
7.38993 -1.46836
7.41769 -1.43351
7.29251 -1.58573
7.33056 -1.54106
4.45376 -0.794433
4.45259 -0.789005
4.48098 -0.915187
4.25623 1.09937
4.25632 1.10425
4.58843 -1.36898
4.57188 -1.30127
4.59324 -1.38797
7.99504 -0.37255
4.90245 3.7099
4.87949 3.6884
8.11592 0.145578
8.1106 0.107093
4.49176 -0.96208
4.49558 -0.978264
4.25829 0.723251
4.25533 0.781347
7.05026 3.0891
7.00503 3.1321
6.74553 3.35838
6.75494 3.3506
5.55954 3.90395
5.49896 3.90788
4.31956 2.0258
4.31638 1.99657
4.29887 1.83082
4.29636 1.80574
4.28255 0.262201
4.28096 0.280184
5.29705 -3.05933
4.85528 -2.39673
4.84499 -2.36016
8.12439 0.870139
8.1312 0.811459
8.11668 0.94355
8.11873 0.927827
4.53819 3.11248
4.53619 3.10607
5.48814 -3.00879
5.50775 -2.99987
8.06506 -0.128655
7.91886 -0.577582
7.90778 -0.605424
6.53902 3.51108
6.58408 3.47944
8.14338 0.573524
4.29407 1.78276
4.29065 1.74214
7.24059 -1.64489
7.2388 -1.6469
8.12062 0.179045
8.12433 0.212519
4.71521 -1.87777
4.26147 1.23125
4.2618 1.2931
6.31792 3.64831
6.33604 3.63767
7.29788 2.8206
7.31089 2.8051
4.81204 3.61976
4.83187 3.64141
6.12185 -2.62812
6.25245 -2.53233
4.67851 -1.73708
8.13077 0.278725
8.12785 0.247673
4.26189 1.29475
4.26847 1.41951
4.25531 0.786754
4.25474 0.908004
4.27525 1.54073
4.2686 1.42176
4.39797 -0.528473
4.37739 -0.423569
4.26425 0.518383
4.2715 0.399029
4.92066 -2.62211
4.91674 -2.60703
4.90631 -2.57242
4.88318 -2.49453
4.2957 0.128609
4.32142 -0.0827435
7.85654 -0.720621
7.78773 -0.860752
5.29211 -3.0605
7.8529 1.90738
7.80571 2.01288
4.39272 2.51323
4.40597 2.58875
4.5334 3.09684
4.51621 3.0438
5.14115 3.85011
5.26627 3.88698
8.10018 1.06067
8.07599 1.19622
5.28218 -3.06124
7.28558 -1.59388
4.70303 3.46982
4.64093 3.36027
4.58839 3.24299
4.62796 3.33262
5.576 -2.96863
5.57476 -2.96921
5.5763 -2.96852
4.97591 -2.77171
5.05866 -2.93572
5.03062 -2.88729
4.98527 -2.79823
5.14896 -3.02651
5.15728 -3.03287
4.67966 -1.74123
8.13363 0.309025
8.09476 0.0100634
8.10272 0.0536319
8.08356 -0.04762
7.73731 -0.954358
7.89432 -0.636208
7.66926 -1.07129
7.59637 -1.18454
7.57029 -1.22324
7.5182 -1.29956
6.3656 -2.44642
6.40553 -2.41575
4.51765 -1.07346
4.52495 -1.10441
4.27666 1.56072
4.28527 1.67836
4.48809 2.94553
4.48035 2.91895
7.34222 -1.5269
7.37459 -1.4876
5.92152 -2.76578
5.98625 -2.7234
6.00628 -2.70906
6.08363 -2.65598
4.54415 -1.1844
4.56472 -1.27034
4.25478 0.919483
4.2551 1.04075
4.27588 1.55006
4.35898 -0.3187
4.43501 -0.709855
4.26366 0.529458
4.27185 0.394284
5.43034 3.9072
5.45992 3.90763
5.41441 3.90686
4.3302 -0.143603
4.29259 0.158157
7.7625 2.10303
7.89287 1.81128
7.93034 1.71295
7.71086 2.20412
4.4441 2.77588
4.44763 2.7912
4.44837 2.79407
4.37102 2.38211
4.96918 3.76033
5.00466 3.78388
5.12448 3.84385
5.12962 3.84609
5.36606 3.90225
8.04434 1.33812
8.01963 1.43337
7.54244 2.48949
7.5691 2.4479
7.41688 2.66955
7.43581 -1.41009
7.46682 -1.36989
7.66682 2.28393
7.63295 2.34316
4.63819 3.35412
4.71878 3.49632
4.57576 3.21384
4.82573 -2.29051
4.80646 -2.2198
4.8446 -2.35842
7.96346 1.61773
7.98717 1.54533
5.89706 -2.7819
5.83988 -2.81819
6.0195 3.79058
6.09452 3.75948
6.26866 3.67508
6.52414 3.52096
6.27855 -2.51329
6.49115 -2.34751
6.61245 -2.24775
4.28702 1.69867
4.25904 0.656498
4.44951 2.79841
4.44131 -0.738398
4.46337 -0.838911
4.25814 1.16397
6.08978 -2.65132
4.25829 1.17144
4.25879 0.663147
5.4382 -3.02756
4.4387 -0.725904
6.35617 3.62579
4.55856 3.16817
4.54879 3.1421
4.78718 -2.15182
8.07962 -0.0669101
6.10659 3.75374
4.31271 1.96421
4.56145 3.17585
5.57658 -2.96839
6.58771 3.47687
