5.3344 -2.18681
5.3201 -2.1743
6.13395 -2.17746
6.18795 -2.14806
5.64157 -2.31559
5.71164 -2.31505
4.98155 -1.57352
5.00743 -1.63995
4.74087 -0.798042
4.71356 -0.686758
5.11466 -1.87924
5.07977 -1.8064
4.61473 2.03601
4.60865 1.99957
7.60207 -0.666415
7.55384 -0.760227
6.38532 3.2353
6.37798 3.23911
7.56918 1.93196
7.61411 1.83628
7.84256 1.1118
7.84474 1.10004
7.42905 2.19075
7.43056 2.18824
7.34512 2.3217
7.32476 2.35182
7.74737 1.48675
7.73832 1.515
7.8931 0.648969
7.89397 0.621474
7.74419 -0.327968
7.70703 -0.430011
7.79412 -0.16762
7.81169 -0.102549
5.1009 3.23176
5.10398 3.23478
5.29504 3.37132
5.30017 3.37402
5.78418 -2.30511
5.80515 -2.30127
5.58155 -2.31045
5.62587 -2.31563
5.50035 3.44071
5.50035 3.44071
4.9141 2.9862
4.92978 3.01254
7.86085 0.137897
7.84451 0.0437607
7.88885 0.396011
7.88267 0.31323
4.95618 -1.50839
4.93925 -1.45988
4.5585 1.62621
4.56412 1.67964
4.54057 1.42301
4.53797 1.3942
4.57986 1.80798
4.57144 1.74521
4.76704 -0.899148
4.75756 -0.864474
5.25131 -2.09701
5.25452 -2.10082
5.15892 -1.95784
5.12095 -1.89033
4.89007 2.94171
4.86906 2.90157
6.00015 3.40241
5.93199 3.42087
6.16079 3.3451
6.07381 3.37776
5.68318 3.45443
5.65364 3.45503
6.85976 2.88749
6.87513 2.87369
6.98981 -1.52365
6.98173 -1.53188
7.44696 -0.943648
7.4744 -0.899545
6.43376 -1.99381
6.39705 -2.02023
6.66035 -1.82499
6.59798 -1.87437
6.87859 -1.63339
6.79445 -1.71031
6.00694 -2.23537
6.0367 -2.22336
4.52083 0.913443
4.52039 0.891889
4.52541 1.14297
4.52623 1.16744
4.53776 0.427801
4.54258 0.35852
4.588 -0.0509198
4.57373 0.0600991
4.52631 0.629547
4.52514 0.655504
4.68784 2.38456
4.68389 2.36973
7.87398 0.906074
7.87575 0.892571
4.62783 -0.282417
4.61117 -0.190655
4.82283 -1.09562
4.81117 -1.05489
7.77988 -0.217078
7.75002 -0.310942
6.26059 -2.10708
6.08714 -2.20021
7.07659 -1.43047
7.10265 -1.4019
5.81572 3.44376
5.87439 3.43202
6.42858 3.20924
6.27355 3.29416
4.74492 2.58924
4.72049 2.50691
4.76554 2.65016
4.7506 2.60649
4.81212 2.7742
4.81569 2.78363
7.15031 2.58298
7.16961 2.55971
7.07351 2.67157
7.08124 2.66304
7.25288 2.45284
7.19929 2.52252
6.53708 -1.91966
6.49808 -1.94963
6.89974 -1.61301
6.89107 -1.62164
7.50726 2.0521
7.52226 2.02399
7.79601 1.31989
7.79349 1.32967
7.70495 -0.435534
6.73798 2.99116
6.72027 3.00594
6.50032 3.16503
6.50554 3.16163
4.55748 1.61548
4.54733 1.50755
4.54561 1.48717
4.53449 1.34652
4.53319 1.32802
4.77186 -0.91658
4.63925 2.16698
4.64745 2.20981
5.76207 3.45008
5.91278 3.42477
6.04702 3.38804
6.23505 3.31134
6.49602 3.16794
5.70552 3.45415
6.88624 2.86302
6.97623 -1.53744
7.06291 -1.4456
6.32372 -2.06662
6.72741 -1.76812
6.69683 -1.79484
6.94547 -1.56808
6.28772 -2.09048
5.31009 -2.16339
5.28566 -2.13772
5.90661 -2.2739
5.93577 -2.26368
4.52185 1.01804
4.52153 0.976942
4.52038 0.871489
4.52034 0.828416
4.52938 1.25771
4.52726 1.20539
4.52424 1.10394
4.8729 -1.26198
4.88633 -1.30342
4.53303 0.4949
4.5355 0.459883
4.54499 0.329427
4.58929 -0.0597062
4.52173 0.743728
4.52326 0.696673
4.52809 0.590305
7.63624 1.78485
7.65597 1.73877
7.01897 2.73047
7.03464 2.71442
7.17038 -1.32334
7.12774 -1.3732
7.29421 -1.16651
7.24108 -1.23676
7.78688 -0.193099
5.46673 -2.27608
5.39445 -2.23567
5.88527 -2.28027
5.86422 -2.28554
4.52286 1.04044
4.52291 1.06346
6.70311 3.01981
6.62584 3.07755
6.54804 3.13289
6.56668 3.11987
4.64759 -0.387155
4.63691 -0.331916
4.53194 0.525092
4.52973 0.553238
4.62515 2.09425
4.6314 2.12689
4.59033 -0.0662289
4.59714 -0.10824
4.65636 2.25118
6.94165 2.80794
7.65909 1.73098
7.6892 1.6545
7.63586 -0.594272
7.61657 -0.636765
5.54714 -2.30416
5.53076 -2.29974
4.9607 3.06104
4.99127 3.10499
4.58092 1.81542
4.58886 1.87215
7.32636 -1.12325
7.8855 0.790023
7.88756 0.762761
4.55632 1.60287
4.55149 1.55132
4.67753 -0.532554
4.66539 -0.474855
4.54729 0.30324
4.55091 0.26418
4.84891 -1.18514
4.846 -1.17514
5.48073 -2.28307
5.47443 -2.28054
5.7596 -2.3082
5.39962 3.41453
5.42542 3.42222
5.02539 3.14909
5.00782 3.1274
7.87772 0.264271
7.86733 0.179899
5.03818 -1.71418
4.97224 -1.55048
5.05039 -1.74441
5.11695 -1.88335
4.60478 1.97748
4.6198 2.06323
7.54108 -0.783558
7.60973 -0.651015
7.56811 1.93417
7.61496 1.83437
4.66923 2.31048
4.66919 2.3103
4.78224 2.69685
4.77114 2.66557
7.11203 2.62763
7.14054 2.59476
7.82555 1.19424
7.86338 0.98593
7.39822 -1.0205
7.38502 -1.04008
7.46872 2.12218
7.4222 2.20197
7.30156 2.38502
7.37931 2.27011
7.71936 1.57052
7.76705 1.42346
7.81655 1.23682
7.81156 1.25756
7.88936 0.733188
7.89395 0.613593
7.83896 0.0162247
7.81797 -0.0764061
5.09352 3.2236
5.18748 3.3046
5.20248 3.31568
5.31329 3.37927
5.50037 3.44071
7.89162 0.444167
4.93161 -1.43702
4.90809 -1.36833
5.04396 -1.72874
4.69139 -0.594208
4.69742 -0.619973
5.18155 -1.99728
4.59828 1.93592
7.49458 -0.865472
7.40468 -1.01077
7.89395 0.512678
6.0521 -2.21591
5.98625 -2.24463
5.49146 -2.28645
5.20443 -2.03051
4.66924 2.31052
4.69925 2.42895
7.88001 0.84788
7.87049 0.934634
4.60884 -0.177245
4.79697 -1.00595
4.85735 -1.21313
4.70767 2.45936
4.74939 2.60312
7.18808 2.53678
7.05994 2.68692
7.86633 0.965289
7.81736 1.23333
7.26712 2.43337
7.5446 1.98041
7.47777 2.10618
7.38769 2.25703
7.7729 1.40321
7.70745 1.60442
4.57125 1.74365
4.57128 1.74394
4.53299 1.32535
4.5375 1.3881
4.90203 2.96443
5.60194 3.45289
5.62458 3.45371
5.96076 -2.25368
4.78652 -0.968602
4.52027 0.807929
4.52971 1.26747
4.52678 1.1927
4.89576 -1.33296
4.56303 0.148204
4.55503 0.220354
4.521 0.763323
4.52385 0.679915
4.82509 2.80653
7.18483 -1.30618
7.88448 0.804974
6.59996 3.09709
7.69386 1.64214
7.65618 -0.550646
4.95958 3.05936
4.59119 1.88755
5.21728 -2.04852
5.26638 -2.11483
5.83474 -2.29416
7.34716 -1.09462
4.9376 3.02416
4.53136 1.29471
4.56464 1.68522
4.54367 1.4635
4.55285 0.241417
4.52069 0.785878
7.69063 -0.469714
4.52111 0.935413
4.57034 0.0854369
7.23959 -1.23865
7.24051 -1.23751
6.61229 3.08783
4.85757 2.87816
4.84786 2.85681
4.95763 3.05627
7.66132 -0.538997
