4.67509 -1.1999
4.67826 -1.21152
5.30826 -2.65098
5.244 -2.60723
5.42896 -2.68717
5.45991 -2.68878
5.87126 -2.57711
5.91075 -2.55876
5.18237 -2.54758
5.22509 -2.58888
8.01123 0.170091
8.01521 0.200913
4.59686 -0.887905
4.6101 -0.942004
4.36822 0.916955
4.36846 0.977122
4.36847 0.850122
4.36841 0.846895
4.50441 -0.468216
4.52967 -0.591453
5.60609 3.71221
5.56816 3.71258
4.4486 2.06147
4.45003 2.07394
7.32185 -1.37635
7.33964 -1.35431
6.8441 -1.88593
6.83866 -1.89112
7.00615 -1.72879
7.02989 -1.70559
6.40928 -2.24246
6.4273 -2.22858
5.5837 -2.67854
5.56334 -2.68331
4.77401 -1.56175
4.7674 -1.53942
4.82773 -1.73968
4.81314 -1.69067
7.87326 -0.396846
7.85946 -0.435879
4.83969 3.32744
4.82761 3.31133
5.16578 3.62364
5.18255 3.63231
4.94043 3.45434
4.95646 3.4699
8.02584 0.303151
8.02321 0.27023
7.9899 0.0345141
7.98728 0.0195393
6.82783 3.13253
6.82579 3.13428
6.60365 3.30767
6.61491 3.2999
4.43443 1.9542
4.43194 1.93421
4.46755 2.18516
4.46856 2.19185
7.66386 -0.864037
7.6553 -0.879784
7.77901 -0.631115
7.76602 -0.660105
5.95992 3.64376
6.0594 3.60854
6.41036 3.43515
6.35405 3.46687
6.10585 3.59023
6.18703 3.55458
7.13666 2.83324
7.09039 2.88339
6.99499 2.97898
7.01093 2.96389
7.40904 -1.26256
7.44649 -1.21165
7.54685 -1.06134
7.52603 -1.0939
6.66652 -2.04
6.64336 -2.05997
8.02924 0.768408
8.03048 0.753301
6.03931 -2.48799
6.04145 -2.48666
4.72412 -1.38114
4.743 -1.44998
4.74738 3.17325
4.72543 3.12881
5.44446 3.70674
5.50877 3.71203
4.63766 -1.05358
4.63361 -1.03724
4.37245 0.657193
4.37369 0.623948
7.7342 1.91665
7.73332 1.91863
4.78494 3.24239
4.81954 3.29922
4.37217 1.16657
4.37046 1.10412
6.1297 -2.43277
6.14476 -2.42369
6.21582 -2.37715
6.25744 -2.34994
5.3916 -2.68173
5.33801 -2.66393
5.23801 -2.6024
4.98044 -2.17773
4.97413 -2.1637
5.05527 -2.34328
5.03238 -2.29802
5.13396 -2.48292
5.13664 -2.48629
5.11145 -2.44827
5.12766 -2.47325
5.08976 -2.4125
5.08221 -2.3967
4.3838 1.41498
4.38031 1.35814
4.3922 1.53525
4.38865 1.48644
4.54196 -0.650026
4.48408 -0.363799
4.48404 -0.363558
4.38702 0.388804
4.39148 0.331925
4.37821 0.52473
4.38191 0.462382
4.4385 -0.0846073
4.44682 -0.140363
4.40499 0.186998
4.41463 0.0986361
6.29914 3.49837
6.21512 3.54037
4.55167 2.61218
4.55167 2.61215
4.52041 2.46776
4.50845 2.41066
4.59071 2.75913
4.5829 2.73058
7.20668 2.75382
7.2446 2.70939
8.00639 0.980923
8.00365 1.00016
7.96184 1.22977
7.95166 1.27519
7.43726 2.45104
7.38138 2.53127
7.24945 2.70334
7.31031 2.62689
6.75689 -1.96328
6.87983 -1.85253
7.08366 -1.64951
6.93481 -1.80054
7.52275 2.31683
7.49613 2.36006
7.6023 2.17998
7.59339 2.19607
4.87906 -1.90184
4.8746 -1.88743
4.93865 -2.07326
4.92231 -2.02687
7.8995 1.47243
7.90817 1.44309
7.84513 1.63983
7.85017 1.62563
6.44518 -2.21456
6.53624 -2.14597
6.36209 -2.27581
5.68587 -2.65397
5.65334 -2.66327
7.94701 -0.157077
7.96088 -0.10314
7.9118 -0.278666
7.92808 -0.225547
7.89697 -0.326693
7.84114 -0.483166
7.82826 -0.516314
4.887 3.39208
6.92671 3.04471
6.8786 3.08779
6.77876 3.17338
6.77265 3.17831
6.71861 3.22208
6.66929 3.25941
6.52077 3.36545
5.84565 3.67635
5.87522 3.66765
4.42076 1.84411
4.42668 1.8943
4.44011 1.99784
4.47463 2.22955
4.48821 2.30906
6.07402 3.6035
6.4819 3.38984
6.44417 3.41387
6.1994 3.54836
7.06157 2.91277
6.93046 3.04137
6.57279 -2.11605
6.74143 -1.97726
6.92707 -1.80775
7.12415 -1.6073
8.03396 0.679305
8.02527 0.819271
6.55493 -2.13072
4.71277 3.10169
4.76204 3.19991
8.03561 0.461734
8.03689 0.498661
4.407 1.70742
4.41033 1.74307
4.39491 1.5684
4.39862 1.61475
4.37791 0.530273
4.37492 0.592798
4.61462 2.83869
4.61758 2.84892
7.78013 1.8096
7.77544 1.8211
7.68934 2.01219
7.68725 2.01654
4.67064 2.99757
4.65937 2.96966
7.22582 -1.49248
7.23786 -1.47865
4.57505 -0.795794
4.37429 1.23111
4.37396 1.2215
4.85395 -1.82457
4.85014 -1.81181
4.37051 0.723119
4.3704 0.725188
5.6743 3.70599
5.62588 3.71049
4.54747 -0.675683
4.56144 -0.738213
4.70389 3.07981
4.68359 3.03162
4.70939 3.09347
5.30126 3.67783
5.33862 3.68712
7.16832 2.79822
7.18627 2.77794
7.17404 -1.55162
7.19228 -1.53107
7.14598 -1.58301
8.03536 0.641422
5.698 -2.64959
5.70651 -2.64613
4.9199 3.43174
5.11702 3.59677
5.07791 3.57178
5.78894 3.68869
5.77264 3.69148
4.44645 2.04726
8.02198 0.856555
4.69953 -1.29057
4.66512 -1.1627
4.80069 -1.65085
4.77647 -1.56966
4.94615 -2.09429
4.9469 -2.09611
5.01555 -2.25879
5.0024 -2.23105
5.03993 3.54364
5.01892 3.52705
5.79325 -2.61352
5.95727 -2.53326
8.01937 0.236934
8.00768 0.14261
4.37906 1.29461
4.38006 1.35457
4.36849 0.980303
4.36823 0.913622
4.37101 0.786619
4.36838 0.853362
4.3878 1.47523
4.38428 1.42229
4.38227 0.456979
4.38636 0.397159
5.52067 3.71277
5.61646 3.71154
4.4201 0.0522038
4.42955 -0.021526
7.72475 -0.746915
7.71235 -0.771926
4.55166 2.61213
4.52929 2.51188
7.98617 1.10738
7.98101 1.13557
7.37447 2.54103
7.31522 2.6205
7.49714 -1.13706
7.45039 -1.20599
7.36614 -1.31935
7.28432 -1.42342
7.56303 2.24909
7.54607 2.27813
7.87355 1.55602
7.88025 1.53543
5.53928 -2.68539
5.60847 -2.67474
4.74865 -1.47174
5.21439 3.6462
5.12884 3.60395
5.27895 3.67014
6.03666 -2.48961
5.98903 -2.51665
5.78228 -2.61757
8.02858 0.335904
7.97587 -0.0345369
7.99316 0.0533954
7.96194 -0.0989004
7.59649 -0.982454
7.81647 -0.544474
7.59541 -0.98428
7.59294 -0.98833
7.39367 -1.2837
8.03705 0.580514
6.08791 -2.45866
4.71056 -1.33072
5.41095 3.7018
5.75898 -2.62704
4.62397 -0.998417
4.64936 -1.10028
4.40063 1.63771
4.40418 1.67891
4.37488 0.593561
4.37242 0.657989
4.63704 2.90803
4.62805 2.88225
4.37042 1.10206
4.3722 1.16762
4.65146 -1.10866
5.49087 -2.6908
5.51793 -2.68884
4.94799 -2.09863
5.06495 -2.36443
5.23347 -2.59777
5.10954 -2.44476
4.36915 1.04062
4.3934 1.5506
4.46545 -0.258425
4.48421 -0.364494
4.39246 0.320207
4.37802 0.527597
4.45947 -0.223004
4.4016 0.219873
4.57718 2.71046
4.49132 2.32474
4.59979 2.78976
7.24491 2.70901
8.02066 0.868289
7.93376 1.34845
7.44339 2.44185
7.27568 -1.43362
7.64053 2.10949
7.63822 2.1139
7.48143 2.38316
4.85734 -1.83647
4.89792 -1.9571
7.92297 1.38909
7.81805 1.71381
5.6261 -2.6694
7.94589 -0.161375
6.7276 3.21531
4.41952 1.83403
4.42885 1.91154
6.31181 -2.31192
6.28246 -2.33287
4.61806 -0.974197
4.41383 1.77741
4.37052 0.721122
4.64055 2.91729
4.4895 2.31559
7.81431 1.72387
7.73512 1.91459
7.64303 2.10467
4.3743 1.23131
5.70631 3.70181
5.37131 3.69512
8.03324 0.403008
5.80567 3.68539
5.73189 3.69896
5.47367 -2.69047
6.72334 3.21853
4.90099 -1.96689
5.74246 -2.63368
6.82984 3.13084
8.03697 0.589562
6.18514 -2.39759
5.16458 -2.52279
6.34586 -2.28814
6.62453 3.29311
4.41688 1.80697
7.93129 -0.21451
