5.44846 -2.41551
5.47452 -2.42464
4.97692 3.23555
5.00294 3.26707
5.35521 3.50351
5.30423 3.48664
5.3836 -2.38449
5.34833 -2.36065
6.60882 3.16773
6.6438 3.14175
4.66433 -0.729356
4.68846 -0.82771
5.83723 3.52694
5.94213 3.50176
6.17034 3.42135
6.18645 3.41357
4.70275 2.68929
4.71504 2.72682
7.01331 2.81795
7.05471 2.77524
7.17062 2.64452
7.14081 2.67994
7.88551 1.15427
7.90224 1.0639
7.38273 -1.13652
7.39969 -1.11247
6.52412 -2.01174
6.6146 -1.94235
7.46254 2.23581
7.4893 2.19107
7.8025 1.48156
7.77892 1.55516
7.94352 0.643789
7.94525 0.589248
7.78534 -0.366488
7.76652 -0.41814
4.89082 3.11496
4.88189 3.09944
5.16345 3.40964
5.10882 3.36921
5.43444 3.52682
5.49727 3.53862
5.67987 -2.43611
5.63742 -2.44184
7.90651 0.0951552
7.90128 0.0650594
7.93787 0.350124
7.93663 0.333472
4.88556 -1.51382
4.87776 -1.49148
4.96002 -1.72754
4.94086 -1.67417
4.50448 1.65765
4.50677 1.67938
4.48372 1.42275
4.48343 1.41957
4.63981 -0.623407
5.00691 -1.84385
4.98489 -1.78937
4.57488 2.1653
4.5684 2.12962
4.54057 1.95277
4.54749 1.99894
7.54265 -0.88822
7.59032 -0.803214
5.81413 3.53055
5.74147 3.53988
6.39431 3.30706
6.4613 3.26561
6.81904 3.00191
6.89496 2.93377
7.48335 -0.986529
7.50333 -0.95442
6.71425 -1.86016
6.72658 -1.8495
6.82053 -1.76709
6.81056 -1.7762
7.04405 -1.547
7.00202 -1.59163
6.3288 -2.14944
6.41252 -2.0933
6.24754 -2.20136
6.1939 -2.23391
5.9791 -2.34545
5.9368 -2.36429
5.73951 -2.42711
5.83083 -2.40336
5.54088 -2.43841
5.52026 -2.43407
4.48414 0.396721
4.48431 0.394308
4.52781 -0.0139538
4.52206 0.0308442
7.67196 1.83291
7.67095 1.83516
7.93471 0.813495
7.93619 0.79495
4.76931 -1.1334
4.75969 -1.09979
4.82189 -1.31213
4.80811 -1.26528
7.82198 -0.256484
7.80835 -0.299305
5.12655 -2.09418
5.14531 -2.12605
6.18195 -2.24142
6.08808 -2.29269
4.46572 0.860211
4.46574 0.850008
4.46643 0.986797
4.46631 0.977007
4.47919 1.35945
4.47914 1.3586
4.60767 -0.474422
4.47968 0.462408
4.47978 0.46079
6.01826 3.47777
5.82641 3.5291
6.12895 3.43826
6.28278 3.36787
4.66325 2.55664
4.65973 2.54479
4.73563 2.7859
4.73155 2.77516
7.09372 2.73281
7.11726 2.7068
7.27366 2.51584
7.26606 2.52573
7.17949 -1.39728
7.16394 -1.41585
6.62161 -1.93643
6.51504 -2.01899
6.96673 -1.62631
6.90678 -1.68589
7.54173 2.09849
7.57707 2.03228
7.37911 2.36743
7.3875 2.35483
7.84907 1.3149
7.83474 1.37047
7.74561 -0.473605
7.7413 -0.483911
7.71859 -0.538195
6.80825 3.0111
6.75934 3.05192
6.54183 3.21389
6.55695 3.20403
4.51688 1.77464
4.5104 1.71679
4.50045 1.61522
4.49335 1.53896
4.48896 1.48691
4.69966 -0.872272
4.56717 2.12223
4.59023 2.24547
5.63447 3.54761
5.657 3.54646
6.05679 3.46597
6.33044 3.34168
6.50491 3.2389
6.94982 2.88106
6.42205 -2.08614
6.80262 -1.78305
6.71306 -1.86123
7.09609 -1.49252
6.28582 -2.17793
5.23051 -2.2497
5.23386 -2.25372
6.05688 -2.30911
6.03767 -2.3183
5.88795 -2.38345
5.90623 -2.37631
4.72999 -0.98841
4.74196 -1.03364
4.48962 0.330328
4.50478 0.174852
4.51056 0.122159
4.5387 -0.0883446
4.46811 0.71265
4.46783 0.721588
4.47302 0.585404
4.47274 0.591206
4.80701 2.9584
4.80887 2.96281
4.73737 2.79015
4.75874 2.84491
4.60988 2.33605
4.61759 2.37161
7.33023 -1.20895
7.31771 -1.2255
7.92866 0.871703
7.92468 0.910926
4.4725 1.22474
4.47272 1.231
4.4685 1.09542
4.46868 1.104
6.18862 -2.2374
7.84378 -0.181747
5.10201 -2.04787
5.07438 -1.99452
4.71551 -0.933803
4.72532 -0.970634
6.71193 3.09024
6.70054 3.09875
4.59562 -0.416575
4.58626 -0.368164
4.54751 -0.143571
4.55767 -0.206216
7.62531 1.93411
7.58003 2.02662
4.5942 2.26383
4.60454 2.31232
4.59186 2.25301
7.71515 1.72857
7.74593 1.64916
7.85481 -0.142917
7.8599 -0.123286
7.67363 -0.638774
7.66696 -0.65347
4.90952 3.1438
4.92611 3.16851
4.53559 1.91542
4.5295 1.87167
7.35126 -1.18066
7.9388 0.756519
7.94042 0.735088
5.29202 -2.3145
5.32906 -2.34788
5.26586 -2.29151
4.49583 1.56531
4.4945 1.55106
4.59921 -0.434239
4.55737 2.06259
4.85851 3.05713
4.83908 3.02285
4.49468 0.27274
4.49539 0.265083
4.79535 -1.22294
4.77262 -1.14476
5.49416 -2.42963
5.4148 -2.40095
5.15717 -2.14382
5.18667 -2.19053
4.96344 3.21927
5.00983 3.27461
5.27723 3.47455
5.40099 3.51929
5.84018 -2.39994
5.88633 -2.38418
7.92515 0.219872
7.92278 0.200702
4.47492 1.2945
4.475 1.29931
4.4658 0.923664
4.46576 0.913508
4.46601 0.786507
4.46556 0.7968
4.932 -1.64814
4.90891 -1.58303
5.02704 -1.89364
5.04065 -1.92256
4.54926 2.01209
7.60783 -0.770241
7.64654 -0.694387
4.65388 2.52309
4.63477 2.44613
4.71821 2.73676
4.69614 2.6677
7.13245 2.6895
7.19861 2.61124
7.87571 1.20175
7.9078 1.02986
7.43361 -1.06219
7.22794 -1.33967
7.22082 -1.3486
7.50269 2.16789
7.43982 2.27302
7.33568 2.43093
7.34869 2.41232
7.77548 1.56524
7.80798 1.46395
7.94499 0.505087
7.94195 0.700133
5.5538 -2.44043
5.58716 -2.44226
4.84864 -1.40116
4.86137 -1.4424
7.88313 -0.0251199
7.87404 -0.0652202
5.07319 3.33787
5.20689 3.43809
5.54365 3.54245
5.62789 -2.44179
5.73008 -2.42951
7.94442 0.463972
4.97463 -1.76437
5.05902 -1.96096
4.5382 1.9353
7.68018 -0.624707
7.53097 -0.908353
7.47456 -1.0005
7.94498 0.480598
4.84419 -1.38604
5.93418 -2.3652
5.98725 -2.34225
4.47027 0.648856
4.46997 0.656402
4.77074 2.87337
4.78313 2.90388
4.47025 1.15994
4.47047 1.1675
4.57244 -0.292349
4.74445 -1.04303
5.10819 -2.06065
4.46681 1.04051
4.48007 1.37267
4.48228 0.4231
4.47548 0.526011
4.62625 2.4087
4.68787 2.64146
7.20857 2.59887
7.08037 2.7479
7.92206 0.930264
7.85912 1.27463
7.33173 2.43648
7.12933 -1.45514
7.26342 -1.29568
7.57959 2.02749
7.53602 2.10898
7.42133 2.30231
7.827 1.39812
7.74771 1.64424
4.50916 1.7051
4.51698 1.77554
4.83124 3.00885
4.81317 2.97238
5.59616 3.54755
6.02311 -2.32468
4.49611 0.256541
4.51739 0.0657638
4.46591 0.776415
7.62799 1.92854
7.11077 -1.4762
7.93392 0.823521
4.47454 1.28942
5.39311 -2.39126
5.40226 -2.39593
6.58527 3.18425
7.71325 1.73338
4.5264 1.84731
4.52129 1.80771
4.93594 3.18175
4.484 1.42645
4.51701 1.77573
7.69103 1.78709
7.67292 1.83074
7.27626 -1.27964
6.65253 3.13519
5.70909 3.54368
7.86478 -0.10374
