5.88624 2.47499
5.97429 2.48206
6.18519 2.45257
6.22211 2.43967
7.00443 -0.531188
7.0139 -0.516695
7.23753 1.24396
7.24446 1.22237
7.32387 0.816162
7.31962 0.860914
5.17488 1.49981
5.19435 1.59001
5.49425 2.24794
5.54004 2.29524
7.28301 0.127954
7.27942 0.112227
5.18324 0.0236527
5.17626 0.059233
5.10863 0.728078
5.10894 0.709758
6.77932 2.05885
6.72599 2.11423
5.7683 2.44533
5.82786 2.46153
6.40055 2.36285
6.42768 2.34661
6.74225 -0.852541
6.72137 -0.872252
6.88863 -0.690878
6.87798 -0.704486
5.12301 1.15185
5.12328 1.15569
7.30943 0.93386
7.30196 0.977752
5.28746 -0.378389
5.28727 -0.377782
5.37189 -0.598895
5.35996 -0.570428
5.44642 -0.7499
5.43366 -0.724921
5.55098 -0.914516
5.54805 -0.910815
5.22744 1.71551
5.21023 1.65482
5.13744 1.27434
5.14062 1.29684
6.29808 -1.15031
6.34465 -1.1298
6.10566 -1.19699
6.11125 -1.19601
5.29538 1.91244
5.29297 1.906
5.38145 2.08883
5.38643 2.09753
5.64572 2.38207
5.57186 2.32707
6.54986 -1.01289
6.50108 -1.047
6.99302 1.78006
6.99886 1.77055
7.09962 1.5897
7.1413 1.50306
5.72995 -1.094
5.6913 -1.06257
5.91537 -1.18261
5.90561 -1.17944
7.10553 -0.35495
7.12414 -0.318474
7.21435 -0.107588
7.21233 -0.113335
5.21157 -0.110871
5.21679 -0.130717
5.11842 0.501939
5.11666 0.527343
5.14335 0.255919
5.1443 0.24924
7.32345 0.362553
7.32416 0.368821
6.66537 2.17185
6.65154 2.18403
6.82034 2.01334
6.82192 2.01149
7.33527 0.614576
7.33554 0.591313
7.29261 1.02587
7.29002 1.04027
6.54576 2.26896
6.57951 2.24384
7.3169 0.881383
7.31549 0.89314
7.29876 0.997059
5.26862 -0.317081
5.10979 0.923135
5.10944 0.905203
6.58737 2.23771
6.59616 2.23119
7.27309 1.11652
7.27508 1.10879
7.3302 0.744328
7.33072 0.737983
6.50993 2.29499
6.45223 2.33096
5.19917 -0.0555232
5.20168 -0.0673903
5.10794 0.821213
5.10825 0.85883
5.11444 1.02026
5.30496 -0.426747
5.30951 -0.439355
5.25716 -0.279085
5.25063 -0.256034
6.07313 2.47607
5.8706 2.47314
6.08905 2.4737
6.29233 2.41501
7.02098 -0.505115
6.94766 -0.612252
5.32264 -0.474998
5.35033 -0.546296
5.49663 -0.833354
5.4588 -0.772912
5.19866 1.60928
5.16382 1.44134
6.2011 -1.18044
6.23546 -1.16979
5.33664 2.00178
5.37628 2.0789
5.56339 2.31926
5.47777 2.22902
6.63786 -0.946548
6.61964 -0.961846
7.07631 1.6349
7.06009 1.66525
5.82197 -1.14836
5.78488 -1.12774
7.19734 -0.152019
7.17084 -0.218424
7.30466 0.233045
7.25263 0.011345
5.16797 0.102383
5.18897 -0.00407869
5.10999 0.661981
5.10838 0.774923
5.13833 0.295963
5.12893 0.377817
7.32971 0.433094
7.33448 0.492949
5.75357 2.439
6.07912 2.4757
5.66826 2.39691
6.86889 -0.715471
6.80151 -0.790149
6.67185 -0.916675
7.07349 -0.414692
7.14783 1.48859
7.17903 1.41347
5.40246 -0.662995
5.55795 -0.922738
5.61525 -0.990205
5.6395 -1.01685
5.15436 1.38824
5.23714 1.74569
5.26106 1.81862
5.12507 1.17292
6.3966 -1.10664
6.09445 -1.19733
5.2988 1.9208
5.43477 2.17037
6.454 -1.07445
6.98189 1.79715
6.93319 1.86761
7.04793 1.68676
6.0101 -1.1976
5.93057 -1.18495
7.16594 -0.229504
7.24847 -0.00306505
7.30625 0.242462
5.16207 0.136463
5.11052 0.644568
5.12772 0.389997
5.11129 0.62798
5.12832 0.383539
7.33476 0.499711
6.62668 2.20498
6.68318 2.15667
7.33259 0.688123
7.21514 1.31448
7.20536 1.34174
7.27081 1.12679
7.25476 1.18485
7.28234 1.07395
5.22897 -0.178174
5.23998 -0.21991
6.70246 2.13769
6.86263 1.96211
6.90146 1.91233
7.33098 0.734232
5.10789 0.79379
5.10866 0.886669
6.31843 2.40326
5.28777 -0.379354
6.92121 1.88439
5.12346 1.15854
7.23204 1.26222
6.3456 2.38977
6.37397 2.37655
7.18317 1.4035
6.90269 1.9107
5.21821 -0.136796
5.20339 -0.0751613
6.82275 2.01051
5.24254 -0.229141
