6.80258 -0.53222
6.75588 -0.586275
6.55567 -0.772474
6.58998 -0.745039
7.08581 1.23837
7.07375 1.27575
6.94218 1.56615
6.88666 1.65588
5.75009 -0.801326
5.75682 -0.8068
6.20262 2.21713
6.22359 2.20997
6.41816 2.12498
6.43736 2.11281
6.32698 -0.900777
6.38332 -0.875378
5.93124 2.22739
5.99306 2.23701
5.69494 2.11874
5.78994 2.18024
6.857 -0.459873
6.89639 -0.402919
5.26168 0.951241
5.257 0.840882
5.28354 1.18153
5.27528 1.11208
7.14287 1.03689
7.15608 0.972375
5.51945 -0.48236
5.56257 -0.563588
5.62173 -0.653092
5.57092 -0.578587
5.38075 1.61646
5.41627 1.7167
5.32131 1.4052
5.32014 1.39932
5.55905 1.97408
5.5968 2.02316
5.45851 1.80704
5.41743 1.7197
6.64765 1.9501
6.62058 1.97485
6.99338 1.46567
6.94358 1.56369
5.93386 -0.914041
5.96983 -0.924316
6.12329 -0.944469
6.09826 -0.942894
7.11738 0.0792035
7.09323 0.00197088
7.02812 -0.162404
7.008 -0.206028
5.40468 -0.205994
5.43765 -0.294701
5.37531 -0.105979
5.36492 -0.0684047
5.32214 0.109866
5.31633 0.139094
5.28499 0.336403
5.27384 0.430294
5.26145 0.583212
5.25682 0.701835
7.18848 0.496942
7.19085 0.571763
7.15509 0.233348
7.17088 0.323706
7.11994 1.12831
7.11339 1.15355
7.16973 0.894768
7.13578 1.06855
6.57787 2.01156
6.69377 1.90289
6.74215 1.84927
6.45414 2.10148
6.48918 2.07949
6.79565 1.78573
6.79889 1.78157
5.38723 -0.147027
5.4012 -0.195096
7.04026 1.36299
7.03871 1.36665
7.18296 0.789162
7.18532 0.763874
5.79517 2.18259
5.89064 2.21909
6.68146 -0.666115
6.82949 -0.497845
6.67537 -0.67228
6.49525 -0.813023
5.27067 1.06758
5.26317 0.974789
5.48341 -0.40992
5.47517 -0.390775
5.3488 1.51227
5.36135 1.55409
5.50369 1.89385
5.50508 1.89623
6.7841 1.80067
6.75576 1.83378
6.85555 1.70259
6.94317 1.56445
5.84117 -0.869419
5.68312 -0.731759
6.21985 -0.932804
6.16259 -0.94026
7.07812 -0.0400188
7.05322 -0.104551
5.34517 0.00540339
5.35207 -0.021872
5.27104 0.458563
5.26232 0.567921
7.17606 0.360888
7.18519 0.449007
6.15286 2.22671
6.30973 2.18
6.44076 -0.847255
6.24233 -0.926367
6.09702 2.23623
6.0638 2.23664
5.69131 2.11606
6.67757 -0.670146
6.9411 -0.332133
6.95818 -0.303046
5.2568 0.832368
5.29388 1.25308
7.17892 0.827321
7.17268 0.876068
5.46842 -0.374084
5.47271 -0.384868
5.56715 -0.572053
5.66084 -0.706715
5.41675 1.71802
5.32485 1.42052
5.30038 1.2939
5.62164 2.04964
5.5022 1.89106
7.0094 1.4316
6.82682 1.74342
7.02659 1.39338
5.84809 -0.873121
6.02795 -0.938329
6.96609 -0.288329
7.12743 0.114123
7.14712 0.195623
5.40193 -0.197447
5.33398 0.0521242
5.38264 -0.131747
5.30299 0.216533
5.25617 0.771428
5.29162 0.2888
5.25668 0.71059
7.19095 0.642894
7.18979 0.68286
7.07011 1.28544
6.54692 2.03732
6.52787 2.05272
6.32903 2.1711
7.1888 0.710194
7.10437 1.18515
6.34863 2.16089
6.38414 2.14364
6.50326 2.06985
