7.61779 0.0493899
7.62354 0.0735895
7.48623 -0.375084
7.455 -0.448073
7.58695 1.25684
7.58489 1.26498
4.77239 1.31397
4.77609 1.35996
4.97083 -0.683742
4.99776 -0.770437
4.86734 -0.262751
4.85833 -0.216881
5.06151 -0.962447
5.068 -0.979578
6.63663 2.73427
6.63288 2.73708
6.90256 2.49612
6.9677 2.42503
4.78065 0.308425
4.78544 0.260363
4.75534 0.78206
4.75423 0.813464
5.05607 2.52525
5.06316 2.53831
4.96305 2.30097
4.97915 2.34516
6.19393 -1.76261
6.23008 -1.74914
7.19886 -0.898314
7.18439 -0.919712
6.2023 2.98369
6.14759 3.00455
6.62586 -1.50526
6.56556 -1.54974
7.1257 2.23073
7.08562 2.28328
7.67106 0.452296
7.6744 0.541858
7.65733 0.879027
7.66195 0.835661
7.56341 -0.158733
7.53565 -0.243223
7.43922 -0.483441
7.43498 -0.492276
5.32911 2.89279
5.28684 2.85401
5.52645 3.01282
5.48293 2.99303
7.66132 0.324688
7.64963 0.22581
5.33101 -1.51971
5.30851 -1.4852
5.19769 -1.28619
5.21329 -1.31902
4.80684 1.62692
4.82183 1.72328
4.85929 1.92252
4.86459 1.94872
5.72737 -1.82426
5.69815 -1.81495
5.83836 -1.83938
5.86826 -1.83928
5.56859 -1.75739
5.6115 -1.78127
4.94012 -0.570194
4.96537 -0.664352
4.80875 0.0686851
4.80927 0.0648414
5.15269 2.69298
5.13947 2.67335
4.9101 2.12721
4.89471 2.0747
6.03528 -1.81675
6.07683 -1.80516
6.34281 2.91958
6.38258 2.89913
5.7574 3.06396
5.72943 3.0622
5.93707 3.0569
5.93763 3.05678
6.42713 -1.64366
6.34856 -1.689
6.82871 -1.33062
6.7576 -1.39527
7.29037 -0.759142
7.31335 -0.721271
7.67382 0.635078
7.67446 0.557718
7.44164 1.67779
7.43453 1.69435
6.55452 2.79341
6.50681 2.8248
6.87599 -1.28363
6.92015 -1.2386
7.32012 1.9264
7.31643 1.93318
7.47661 1.59336
7.50347 1.52263
4.75506 0.944033
4.75556 1.00901
5.13734 -1.15723
5.13247 -1.14544
4.76996 0.432315
4.76607 0.482284
4.84726 -0.158191
4.83189 -0.0751935
7.49128 -0.362564
7.61307 1.14734
7.60308 1.19008
6.82946 2.56822
6.89317 2.50553
6.97861 -1.17626
6.99146 -1.16207
7.35915 1.85281
7.36181 1.84761
7.14141 2.20899
7.18586 2.14468
7.56377 1.34174
7.56363 1.34223
7.66604 0.787335
7.6641 0.813174
7.5267 -0.268663
7.57343 -0.125195
7.44193 -0.47792
4.76474 1.20624
4.76099 1.13285
5.66671 -1.80581
4.77718 0.344943
4.77323 0.390863
4.75912 0.617072
4.75796 0.651715
4.75441 0.880995
5.01598 2.43623
4.99169 2.3755
6.71642 2.66957
6.72736 2.66072
7.64336 0.983271
7.64033 1.0031
4.89237 -0.379935
4.91369 -0.46875
7.2867 1.98488
7.26394 2.02332
4.75733 1.04017
4.75779 1.07262
4.76778 1.25407
5.98563 -1.8271
5.9514 -1.83261
5.74322 -1.82818
5.78022 -1.83215
4.88807 -0.360594
6.67656 2.70194
6.70735 2.67712
4.78693 0.247021
4.7926 0.195095
4.7617 0.557619
4.76359 0.521322
4.75707 0.685023
4.75496 0.750137
7.09127 -1.04293
7.11327 -1.01602
6.95404 -1.20358
7.67054 0.724719
7.67271 0.677206
7.36657 -0.627111
7.35717 -0.644789
5.5211 -1.72364
5.4848 -1.69572
5.39155 -1.59811
5.37975 -1.58319
5.04948 2.51192
6.30713 2.93817
6.26254 2.95897
4.78865 1.48828
4.79364 1.5316
5.88692 -1.83866
5.91492 -1.83631
5.45168 -1.66327
5.48309 -1.69404
4.94646 2.2515
4.93777 2.22217
7.53164 1.44367
7.53507 1.43394
7.58375 -0.0892419
6.08359 -1.80326
6.08495 -1.8028
4.91794 -0.485573
7.6295 0.106972
7.61274 0.0264717
5.42715 2.96312
5.37614 2.92901
5.28489 -1.44586
5.25869 -1.40325
4.77725 1.37372
4.77092 1.29581
4.84196 1.83673
4.8369 1.80916
5.01471 -0.823609
4.96728 -0.671229
5.41099 -1.62186
5.42736 -1.6384
5.09639 -1.05436
5.05246 -0.93799
6.59442 2.76514
6.64063 2.73136
6.9913 2.39846
6.90072 2.49801
5.10203 2.61059
6.24644 -1.7407
6.1515 -1.77993
7.15616 -0.957417
7.23659 -0.844061
6.12012 3.01271
6.25378 2.96308
5.93649 3.05697
5.83291 3.06519
6.526 -1.57878
6.66427 -1.47415
7.24179 -0.836179
7.24427 -0.832399
7.13724 2.21495
7.06778 2.30562
7.67442 0.544428
7.67028 0.435632
6.40875 2.88415
6.43848 2.86783
7.64541 0.197423
5.2326 2.79746
5.61359 3.04207
5.62678 3.04562
5.21054 2.77086
7.66461 0.359004
5.23457 -1.36096
5.36435 -1.56406
5.1718 -1.23279
4.78817 1.48382
4.80403 1.60847
4.79629 1.55245
4.83064 1.77321
4.8803 2.01871
4.92435 -0.51071
5.02378 -0.851783
5.56116 -1.75323
5.55772 -1.7507
5.02907 -0.869183
5.12969 -1.13846
4.89007 2.05831
4.80938 0.064138
4.79367 0.185889
5.17503 2.72293
6.32918 -1.70037
7.03055 -1.11759
7.06901 -1.07105
6.3231 2.93016
6.07208 3.02737
5.6613 3.0512
6.04204 3.03542
5.63417 3.04699
6.72673 -1.42283
6.46076 -1.62162
6.84621 -1.31352
7.33714 -0.679972
7.67361 0.651167
7.4035 1.76252
7.47016 1.60964
6.46885 2.84972
7.12348 -1.00257
4.82812 -0.0531061
7.61955 1.11612
7.58977 1.24649
7.56488 1.33782
7.62486 1.08657
7.63092 1.05706
6.81467 2.58243
6.75476 2.63621
7.03179 2.35019
7.39543 1.7797
7.34101 1.88745
7.2052 2.11538
7.23264 2.07323
7.53788 1.42532
7.64697 0.958797
7.65498 0.900624
7.39308 -0.576489
7.37795 -0.606154
7.32286 1.92151
7.24988 2.04643
5.93597 -1.83483
6.02576 -1.81858
5.48381 -1.69478
7.59568 -0.0446377
6.13213 -1.78777
7.0243 -1.12495
5.65075 -1.79989
