6.80832 -0.501777
6.74468 -0.575432
6.56027 -0.748045
6.57824 -0.733676
7.0723 1.23787
7.06382 1.26415
6.78025 1.78164
6.78415 1.77706
6.877 1.6446
6.9232 1.56994
5.75192 -0.774693
5.77829 -0.796143
6.41973 2.10379
6.42899 2.09792
6.33125 -0.878139
6.36574 -0.862588
6.20418 2.19641
6.20022 2.19713
5.96303 2.21049
5.99483 2.21544
5.71689 2.10706
5.79195 2.15566
6.83032 -0.472524
6.88565 -0.392522
5.27512 0.942942
5.27113 0.848951
5.29646 1.17355
5.29016 1.12058
7.12628 1.05341
7.14297 0.971892
5.57299 -0.547927
5.53393 -0.474362
5.63764 -0.644308
5.59789 -0.586027
5.39419 1.60777
5.41922 1.67843
5.33468 1.39656
5.33788 1.40945
5.57491 1.96383
5.59909 1.99526
5.47307 1.79763
5.44141 1.73031
6.655 1.9212
6.60993 1.96241
6.95682 1.50857
6.98411 1.45485
5.93551 -0.890056
6.0011 -0.908793
6.12485 -0.921712
6.06387 -0.917873
7.10192 0.0746511
7.08245 0.0124074
7.01104 -0.167431
6.9978 -0.196146
5.45103 -0.287096
5.42048 -0.204887
5.39333 -0.118143
5.3796 -0.0684959
5.33417 0.116704
5.3318 0.128654
5.29772 0.343635
5.2885 0.421241
5.27485 0.590821
5.27085 0.693174
7.17608 0.509286
7.17794 0.567963
7.1437 0.244695
7.15678 0.319554
7.10485 1.13653
7.10055 1.15308
7.15373 0.910698
7.12299 1.06807
6.5388 2.02354
6.68402 1.8915
6.71445 1.85777
6.43708 2.09245
6.48098 2.06491
5.39967 -0.139958
5.40889 -0.171697
7.03046 1.35156
7.0219 1.37181
7.1714 0.780091
7.17164 0.777494
5.82114 2.16879
5.89253 2.19608
6.68068 -0.64409
6.8192 -0.487878
6.62751 -0.691693
6.48223 -0.800419
5.28384 1.05945
5.27766 0.983059
5.36242 1.50347
5.38097 1.5653
5.51959 1.88358
5.50771 1.86424
6.79283 1.76631
6.7398 1.8289
6.83398 1.7092
6.93321 1.55283
5.84291 -0.844115
5.70171 -0.722532
6.22133 -0.911363
6.22062 -0.911455
7.06187 -0.0448039
7.04273 -0.0943933
5.48603 -0.377395
5.48871 -0.383241
5.35824 0.0128276
5.37009 -0.0340324
5.28407 0.465968
5.27665 0.559075
7.16418 0.372715
7.17167 0.445029
6.21952 2.19127
6.31126 2.15935
6.4452 -0.823685
6.2216 -0.911285
6.09881 2.21442
6.03123 2.21525
5.69347 2.08978
6.94808 -0.293681
6.94824 -0.293419
6.66549 -0.658451
5.27054 0.823881
5.30923 1.26184
7.17098 0.784011
7.15927 0.875574
5.49194 -0.389959
5.58271 -0.563461
5.66276 -0.678758
5.43146 1.70852
5.32727 1.36169
5.31303 1.28572
5.63936 2.03819
5.53778 1.91027
6.99263 1.43674
6.81754 1.73258
7.01388 1.38949
5.87354 -0.86049
6.02951 -0.915642
7.11635 0.124844
6.94854 -0.292846
7.13241 0.191293
5.41522 -0.189893
5.33902 0.0930955
5.39723 -0.131838
5.31544 0.223608
5.27 0.771101
5.30664 0.279524
5.27044 0.71841
7.17806 0.655726
7.17728 0.682399
7.05215 1.29522
6.53302 2.02835
6.52946 2.03122
6.32013 2.15527
7.17663 0.700641
7.09464 1.1738
6.32913 2.15057
6.37541 2.1281
6.48662 2.06105
