5.4422 -2.34724
5.45814 -2.35282
5.2903 -2.23869
5.31982 -2.26451
6.09092 -2.25097
6.18846 -2.19786
5.85601 -2.34708
5.83535 -2.35422
4.95831 -1.63005
4.96972 -1.65934
6.6049 3.13649
6.61053 3.13231
4.67002 -0.644576
4.71172 -0.814543
5.03801 -1.82786
5.0387 -1.82929
4.58325 2.05563
4.57384 1.99921
5.90603 3.47435
5.93774 3.46674
4.73007 2.67226
4.73735 2.6945
7.03316 2.76215
7.04601 2.74889
7.16173 2.61757
7.1397 2.64374
7.86645 1.13542
7.87672 1.07994
7.36741 -1.11848
7.36841 -1.11707
7.44768 2.21582
7.46323 2.18981
7.36439 2.34762
7.36039 2.35353
7.77803 1.48386
7.7609 1.53734
7.91961 0.694628
7.92249 0.60355
7.76707 -0.349392
7.74012 -0.423409
7.83428 -0.131309
7.83592 -0.125237
5.04346 3.24848
5.10671 3.31074
5.21923 3.39339
5.30244 3.43722
5.5823 -2.38448
5.58535 -2.38484
5.69929 -2.38131
5.67059 -2.38518
7.88624 0.114125
7.87608 0.0556066
7.91612 0.37049
7.91268 0.324488
4.92667 -1.53939
4.90505 -1.47746
4.52846 1.6437
4.53222 1.6795
4.50895 1.42287
4.50739 1.40562
4.66219 -0.610739
5.10168 -1.9622
5.11261 -1.98164
4.56441 1.93791
4.56909 1.96907
7.57459 -0.784683
7.53392 -0.857211
5.72594 3.5025
5.71095 3.50443
6.16616 3.38797
6.13853 3.39834
6.39034 3.27537
6.42485 3.25402
6.83711 2.95112
6.88616 2.90711
7.4672 -0.967498
7.51301 -0.893869
6.48508 -2.00399
6.40685 -2.06029
6.63026 -1.89427
6.60729 -1.91246
6.8463 -1.70775
6.80341 -1.74696
7.01575 -1.54138
6.9951 -1.56331
5.2872 -2.23531
5.23867 -2.17909
5.95093 -2.31338
5.93635 -2.31987
5.53525 -2.37696
5.50859 -2.37135
4.48956 0.91348
4.48949 0.909876
4.49452 1.16095
4.49474 1.16747
4.50794 0.410515
4.51017 0.378425
4.55453 -0.0303601
4.54499 0.0438281
4.49431 0.649198
4.494 0.656011
4.59858 -0.298979
4.59297 -0.26812
4.79306 -1.11663
4.77058 -1.03809
4.84584 -1.29522
4.84105 -1.27892
7.80329 -0.238995
7.78247 -0.30447
5.19109 -2.11397
5.19214 -2.11576
6.21682 -2.18186
6.08767 -2.25255
4.65192 -0.563158
5.96075 3.45949
5.82166 3.49122
6.23672 3.35589
6.27878 3.33594
4.70244 2.58103
4.6867 2.52798
4.7532 2.73753
4.77116 2.78489
7.08475 2.70563
7.11471 2.67253
7.26444 2.48788
7.23642 2.5243
6.58486 -1.92914
6.50759 -1.98853
6.937 -1.62041
6.8998 -1.65737
7.52643 2.0779
7.55438 2.02553
7.82552 1.31711
7.81643 1.35236
7.72756 -0.456708
7.70086 -0.520463
7.69115 -0.543668
6.77706 3.00225
6.742 3.03152
6.52341 3.19221
6.55067 3.17443
4.52577 1.61534
4.5173 1.52502
4.5141 1.48702
4.50511 1.3738
4.50312 1.34553
4.73107 -0.891551
4.84054 2.94594
4.86229 2.98882
4.59882 2.14188
4.61563 2.22964
6.05245 3.43138
6.29109 3.32917
6.50096 3.20741
5.60372 3.50616
5.6505 3.50654
6.9216 2.87305
6.37938 -2.07767
6.76924 -1.77642
6.70586 -1.8318
7.08923 -1.46446
6.28666 -2.13912
6.06942 -2.26128
6.03725 -2.27667
4.75241 -0.972582
4.75728 -0.990957
4.49068 1.03618
4.49022 0.976979
4.48944 0.853559
4.48944 0.846404
4.49738 1.23916
4.49673 1.22316
4.49282 1.10398
4.50059 0.514826
4.50442 0.460389
4.5142 0.329928
4.52515 0.211649
4.53672 0.106086
4.56115 -0.0756343
4.49146 0.726183
4.49179 0.716003
4.49697 0.590812
4.78565 2.82019
4.79489 2.84388
4.64347 2.35695
4.64647 2.37079
7.65616 1.81165
7.6661 1.78843
7.15437 -1.39003
7.14817 -1.39727
7.31424 -1.19011
7.2837 -1.2305
7.90479 0.886709
7.90315 0.90285
7.81853 -0.186786
5.36886 -2.30633
5.42948 -2.34174
4.73789 -0.918009
4.75167 -0.969759
4.49087 1.04048
4.49088 1.04489
6.70801 3.05898
6.66739 3.08934
6.56751 3.16273
6.55304 3.17283
4.61869 -0.403518
4.60053 -0.309586
4.5002 0.525608
4.49941 0.53566
4.59342 2.11402
4.59581 2.12652
4.56651 -0.109245
4.58018 -0.193474
4.6275 2.28455
4.63325 2.3115
4.62049 2.2522
7.70576 1.69045
7.72085 1.65152
7.65687 -0.619023
7.63867 -0.659114
4.93503 3.11133
4.95078 3.13478
5.59123 3.50508
5.49701 3.4955
4.56375 1.93291
4.55526 1.87194
7.36557 -1.12106
7.91514 0.771389
7.91851 0.726869
5.35975 -2.29961
5.36262 -2.30219
4.52268 1.58198
4.51979 1.55118
4.62858 -0.452265
4.88164 3.02342
4.9089 3.07152
4.51803 0.286277
4.52003 0.264682
4.81912 -1.20616
4.80519 -1.15824
5.48823 -2.36494
5.00745 3.20867
4.9882 3.18541
5.34581 3.45458
5.39932 3.47302
5.80619 -2.36124
5.88586 -2.33839
5.60187 -2.3848
7.9041 0.239577
7.89817 0.19147
4.93659 -1.5688
4.97657 -1.67586
5.0375 -1.82679
5.07442 -1.90521
4.57345 1.997
4.5846 2.06287
7.57923 -0.775947
7.6305 -0.675486
7.62074 1.89006
7.6015 1.93103
4.66051 2.43087
4.66034 2.43019
4.74617 2.71934
4.72839 2.66678
7.12351 2.66241
7.17313 2.60401
7.84934 1.21833
7.88808 1.01036
7.4179 -1.04369
7.48761 2.14761
7.41352 2.27175
7.32054 2.41056
7.37902 2.32554
7.75058 1.56759
7.78981 1.44598
7.92233 0.553244
7.91905 0.714525
7.86352 -0.00677033
7.84916 -0.0701848
5.12213 3.32362
5.20497 3.38482
5.46722 3.48831
5.76355 -2.37233
7.92099 0.455182
4.88103 -1.40557
4.87424 -1.38573
5.0054 -1.74856
5.13169 -2.01488
4.5641 1.93557
7.67474 -0.580649
7.51534 -0.889938
7.44354 -1.00505
7.92233 0.494836
6.08524 -2.25364
5.90423 -2.3311
5.98681 -2.29927
5.57665 -2.38345
7.91078 0.828536
7.90834 0.854157
4.76733 -1.02688
4.85959 -1.34077
5.19404 -2.1186
5.15159 -2.0511
4.66027 2.42986
4.71506 2.62451
7.19948 2.57131
7.05398 2.74041
7.89732 0.945809
7.84067 1.25638
7.30306 2.4351
7.09274 -1.46051
7.11096 -1.43984
7.56408 2.00662
7.51017 2.10774
7.40668 2.28259
7.80299 1.40037
7.72984 1.62657
4.53658 1.72212
4.54108 1.76151
4.50001 1.30487
4.8625 2.98924
4.82053 2.90416
5.68886 3.50603
5.5987 3.50598
5.99659 -2.29447
4.48924 0.789938
4.49891 1.28539
4.49489 1.17421
4.87068 -1.37552
4.52208 0.240593
4.53726 0.101657
4.48935 0.782759
4.49366 0.662417
4.8184 2.89964
7.20497 -1.32992
7.09078 -1.46274
7.91216 0.815357
7.68789 1.73576
4.91778 3.08559
4.55433 1.86466
4.547 1.80783
4.97679 3.16985
7.6469 1.83319
7.57475 1.98564
4.49946 1.29456
4.53439 1.70282
4.51048 1.44289
4.54503 1.79313
4.4893 0.786389
4.48961 0.917153
5.22356 -2.1609
7.22302 -1.30767
7.26039 -1.26094
6.63467 3.11417
4.81949 2.90205
5.70427 3.50521
