6.20533 -0.445585
6.2132 -0.444436
5.64657 1.30885
5.61848 1.2185
5.86235 -0.284877
5.81668 -0.233614
5.60573 0.271006
5.62037 0.207577
5.57427 0.440569
5.57454 0.438137
6.89107 0.781563
6.88995 0.794167
6.84982 0.240461
6.84617 0.22813
6.42649 -0.372451
6.48282 -0.333474
6.00633 -0.401058
6.04375 -0.415319
5.99383 1.72553
6.03386 1.73985
5.80577 1.59122
5.83553 1.62465
6.67625 -0.132288
6.65168 -0.165994
5.55674 0.769056
5.55647 0.751075
5.68283 1.39541
5.69208 1.41684
5.74528 -0.119391
5.77075 -0.162369
6.77392 1.20945
6.79397 1.16193
6.73717 -0.0327109
6.76806 0.0262826
5.64809 0.108438
5.66238 0.0680942
6.53272 1.56246
6.50631 1.58593
6.20753 1.74383
6.20255 1.74544
6.8954 0.491902
6.89476 0.48461
6.86158 0.951191
6.85998 0.95873
6.40728 1.66255
6.39953 1.66823
6.59068 1.4997
6.57158 1.52249
6.45029 1.62962
6.88198 0.844117
6.87814 0.868529
6.67407 1.39177
6.64147 1.4381
6.3892 1.67445
6.28298 1.72256
6.89248 0.764579
6.89795 0.687435
5.65074 1.32047
5.65421 1.3284
5.58477 1.06531
5.57432 1.00199
5.56301 0.55942
5.56221 0.568733
6.13923 1.75267
6.13006 1.75241
6.31308 -0.424062
6.19718 -0.445014
5.8854 1.66603
5.93327 1.69966
6.62019 -0.203158
6.57627 -0.252682
5.56132 0.888122
5.56335 0.908269
5.79798 -0.205569
5.91216 -0.337152
6.73446 1.29209
6.72927 1.30242
5.58463 0.368544
5.63106 0.16785
5.57827 0.409326
5.56798 0.503445
6.81232 0.129382
6.87773 0.358506
6.10347 -0.435864
6.36625 -0.402227
6.54735 -0.281357
5.93944 -0.356688
6.10832 1.74951
5.74112 1.50904
6.71679 -0.0693362
5.56104 0.884066
5.55766 0.646599
5.72661 -0.0860385
5.74086 1.50862
5.74057 1.50808
6.70233 1.34788
6.72513 1.30989
6.81689 1.10221
6.79755 0.0927276
5.70082 -0.0276138
5.67547 0.0335442
5.58338 0.375857
5.55873 0.622037
6.17803 1.74874
6.27121 1.72794
6.87814 0.360677
6.89968 0.607148
6.90049 0.635258
6.83143 1.05733
6.85538 0.976995
6.62424 1.46102
5.59289 1.11241
5.60777 1.17151
6.84238 1.02327
6.8657 0.932473
