4.75889 -1.57243
4.76859 -1.60754
5.28181 -2.68698
5.24928 -2.66483
5.43293 -2.73045
5.46069 -2.73189
8.02555 0.175465
8.03197 0.22508
4.58325 -0.897505
4.59132 -0.930483
4.36575 1.35812
4.36537 1.35313
4.35397 0.925249
4.35418 0.977138
4.35443 0.850138
4.35423 0.838674
4.36929 1.42342
4.37048 1.44276
4.49057 -0.476049
4.50345 -0.538883
4.37142 0.398389
4.36723 0.462621
5.59259 3.73687
5.51146 3.73766
4.43312 2.06131
4.4356 2.08293
5.35799 3.71945
5.37685 3.72272
7.34281 -1.37327
7.3491 -1.36547
6.86193 -1.88947
6.84273 -1.90778
7.02412 -1.73235
7.03406 -1.72264
6.40881 -2.26446
6.43819 -2.24182
5.61071 -2.70929
5.59853 -2.71214
4.81163 -1.75104
4.79092 -1.68147
7.94722 -0.208244
7.96091 -0.158379
7.88892 -0.393722
7.87039 -0.446115
4.92455 3.47607
4.92702 3.47847
5.88897 -2.59727
5.88783 -2.5979
8.03981 0.30839
8.03582 0.25843
8.0046 0.0400307
7.99909 0.0084846
7.97602 -0.0982701
7.9798 -0.0815776
6.83773 3.14419
6.84346 3.1393
6.62471 3.31365
6.6259 3.31283
4.41991 1.96325
4.41628 1.93405
4.44998 2.17425
4.45401 2.20092
7.68116 -0.860587
7.6647 -0.890855
7.79535 -0.627854
7.77577 -0.671585
6.04764 3.63472
5.96256 3.66484
6.41275 3.45426
6.37726 3.47425
6.18947 3.57402
6.08924 3.61803
7.12388 2.86916
7.09576 2.89964
7.01224 2.98387
7.01626 2.98006
7.42849 -1.2597
7.45578 -1.22261
7.55646 -1.07267
7.54464 -1.09117
6.68618 -2.0439
6.64757 -2.07721
8.0421 0.773229
8.04445 0.744521
6.03876 -2.51347
6.05899 -2.50088
4.70964 -1.39136
4.7235 -1.4419
4.72925 3.18809
4.72744 3.18441
5.43093 3.73146
5.49296 3.73656
4.62407 -1.06317
4.61778 -1.03777
4.3585 0.649106
4.36059 0.593031
4.76663 3.25738
4.79644 3.30634
4.55848 -0.792894
4.55701 -0.786382
4.35763 1.15815
4.35615 1.10414
6.23173 -2.39006
6.23533 -2.3877
4.66102 -1.20983
4.65948 -1.20374
5.36327 -2.7203
5.34255 -2.71341
5.21342 -2.63588
5.51669 -2.72775
5.4774 -2.73116
5.00718 -2.3076
5.00534 -2.30397
5.15969 -2.57845
5.14614 -2.55874
5.0906 -2.47665
5.10045 -2.49182
5.0697 -2.43981
5.04172 -2.38124
4.37758 1.54376
4.3734 1.48637
5.76492 3.71656
5.8007 3.70854
4.52452 -0.639326
4.47076 -0.371343
4.46739 -0.353343
4.37301 0.376911
4.37652 0.332169
4.47261 2.31589
4.47296 2.31857
4.42209 -0.0745294
4.43307 -0.148143
4.38901 0.19681
4.40059 0.0906886
6.30155 3.51768
6.2402 3.54835
7.7027 2.01508
7.69727 2.0264
7.79044 1.81969
7.78693 1.82818
4.54748 2.67056
4.53582 2.62202
4.50025 2.45521
4.49294 2.42033
4.57397 2.76957
4.56345 2.73113
7.21208 2.77017
7.23168 2.7472
8.01851 0.992906
8.01883 0.990616
7.97329 1.24109
7.96793 1.26497
7.44274 2.46763
7.39786 2.53207
7.31562 2.643
7.26201 2.71034
6.77562 -1.967
6.93895 -1.81747
7.1009 -1.65294
6.9766 -1.78015
7.53171 2.32888
7.51203 2.36082
7.61149 2.19235
7.60901 2.19682
4.86518 -1.92441
4.85316 -1.88557
4.91364 -2.06651
4.89896 -2.02485
4.95513 -2.18091
4.94924 -2.16452
7.91414 1.47106
7.91918 1.45398
7.86025 1.63841
7.86099 1.63633
6.46735 -2.21896
6.53577 -2.16741
6.37336 -2.28951
5.66315 -2.69412
5.65634 -2.69607
5.56872 -2.7189
5.56411 -2.72017
7.92704 -0.275626
7.94254 -0.225047
7.90806 -0.337077
7.86407 -0.46244
7.84438 -0.513097
4.86089 3.39969
4.82121 3.34545
6.67844 3.27314
6.6816 3.27069
6.73758 3.22747
6.78588 3.18765
6.88295 3.10444
6.89393 3.09451
6.52315 3.38445
5.84918 3.69758
5.91159 3.67922
4.42439 1.99768
4.47203 2.31274
6.07655 3.62372
6.50358 3.39674
6.45567 3.42724
6.21182 3.56279
7.07824 2.9175
6.99015 3.00523
6.59351 -2.12016
6.74556 -1.99417
6.94505 -1.81131
7.12832 -1.62435
8.04728 0.684302
8.03539 0.85903
6.5653 -2.14334
4.69544 3.11587
4.73046 3.19029
5.16484 3.65434
5.16598 3.65496
5.05465 3.58838
5.06177 3.59385
8.04993 0.482394
8.05068 0.503832
4.39064 1.69726
4.39491 1.743
4.37877 1.55837
4.38327 1.61468
4.59017 2.82347
4.59768 2.84949
4.64086 2.97904
4.63771 2.97123
7.24796 -1.48923
7.25003 -1.48685
4.55656 -0.784452
4.55682 -0.785544
6.13598 -2.45309
6.12223 -2.46218
4.83624 -1.83137
4.82762 -1.80249
4.35648 0.723136
4.35595 0.733601
5.67817 3.72924
5.64563 3.73226
4.53398 -0.683323
4.673 3.06059
4.66147 3.03323
4.68688 3.09511
5.34324 3.71578
5.288 3.70204
7.17359 2.81418
7.20178 2.78234
8.03517 0.860872
7.19643 -1.54833
7.20447 -1.53928
7.15812 -1.59118
8.04918 0.632732
5.70083 -2.68053
5.72728 -2.66978
4.92137 3.47258
4.80697 3.32424
4.95306 3.50229
5.00793 3.55296
6.94359 3.0495
4.36017 1.23113
4.36022 1.23912
4.4294 2.03667
4.68514 -1.30073
4.66631 -1.23079
4.78484 -1.66203
4.75581 -1.56111
5.8912 -2.59603
5.97303 -2.5512
8.03397 0.242411
8.01984 0.131226
4.36439 1.29463
4.36589 1.36282
4.35427 0.988575
4.35401 0.913639
4.35647 0.786636
4.35414 0.861651
4.3732 1.48372
4.36923 1.42222
4.36702 0.466345
4.37148 0.397401
5.50708 3.73761
5.62038 3.73509
4.40396 0.0621191
4.41568 -0.0293762
7.74154 -0.743564
7.7219 -0.783181
7.74843 1.91721
7.74324 1.92882
4.53094 2.59924
4.51363 2.52165
7.99798 1.11906
7.99677 1.12566
7.37989 2.55745
7.33227 2.62132
7.50652 -1.14811
7.46913 -1.20324
7.38632 -1.31639
7.31309 -1.41054
7.5721 2.26129
7.56182 2.27888
7.88844 1.55462
7.89117 1.54622
5.80095 -2.63883
5.77048 -2.65341
5.61162 -2.70915
4.73393 -1.48213
5.21548 3.67658
5.17282 3.65797
5.23367 3.68332
6.0137 -2.52884
5.9893 -2.54269
8.04397 0.358093
7.99123 -0.0287761
8.01147 0.0798067
7.97343 -0.109663
7.61426 -0.978909
7.82636 -0.556133
7.60464 -0.995157
7.58264 -1.0312
7.40304 -1.29474
8.05077 0.551352
6.08736 -2.48378
4.69117 -1.32269
5.10635 3.62235
5.11246 3.62634
5.41326 3.72886
4.61038 -1.008
4.6335 -1.10081
4.38441 1.62763
4.38882 1.67884
4.36092 0.58547
4.35821 0.658221
4.61626 2.90906
4.62793 2.94401
7.29446 -1.43365
7.26854 -1.46481
4.35594 1.09367
4.35793 1.16763
4.63788 -1.11825
5.52143 -2.72705
4.99822 -2.28737
5.03612 -2.37077
5.18621 -2.60816
5.11215 -2.51261
5.07711 -2.45189
4.35485 1.04064
4.37811 1.55053
4.45196 -0.26606
4.48027 -0.423165
4.37671 0.329881
4.36355 0.527832
4.44299 -0.212878
4.38746 0.211868
7.65379 2.11326
7.82853 1.72471
7.82939 1.72245
7.64951 2.12157
4.56052 2.72084
4.47584 2.33456
4.58012 2.79032
7.25019 2.72499
8.01301 1.02688
8.03499 0.862753
7.94486 1.35942
7.45942 2.44262
7.29699 -1.43049
7.49026 2.39504
7.62606 2.16554
4.84392 -1.85829
4.87568 -1.95518
4.93133 -2.11891
4.97665 -2.23455
4.97936 -2.2422
7.84455 1.68131
7.93734 1.38774
5.65064 -2.69735
6.64651 3.29736
6.72992 3.23378
6.93366 3.05897
4.41181 1.90096
4.40505 1.84305
6.33666 -2.31685
6.28196 -2.35589
5.01356 3.55796
4.60226 -0.974721
4.39737 1.76719
4.35656 0.71303
4.61375 2.90061
4.35973 1.22287
6.14629 -2.44622
5.72557 3.72305
8.04624 0.390837
5.73571 3.72192
5.18528 -2.60718
4.88664 -1.99019
5.7452 -2.66357
6.83213 3.14911
4.4121 1.90339
8.05037 0.594589
6.18463 -2.42145
5.12637 -2.53119
4.92367 -2.09465
6.34537 -2.31076
6.62691 3.31212
4.40146 1.80682
4.4041 1.83377
6.93876 3.05411
6.73367 3.23069
