7.5426 -0.427856
7.52625 -0.466078
5.31948 3.05067
5.35415 3.07384
4.68554 1.15773
4.68043 1.05274
5.14174 -1.40817
5.12275 -1.36556
4.69786 1.35734
4.69805 1.35961
4.75559 1.82442
4.76378 1.87296
6.03523 -1.94673
6.01415 -1.95447
5.74015 -1.98239
5.80951 -1.98582
4.79549 -0.303424
4.79528 -0.302327
4.7091 0.266951
4.70964 0.261596
4.68313 0.642157
4.68764 0.530458
7.05978 -1.20372
7.07025 -1.19151
6.64951 2.83259
6.68381 2.80558
7.34182 -0.81976
7.33915 -0.824027
7.74343 0.479445
7.74412 0.498034
7.62239 -0.213947
7.61818 -0.226756
5.51796 3.15204
5.60897 3.17601
5.12657 2.85811
5.17897 2.9217
7.72713 0.263081
7.72612 0.254502
5.18229 -1.48749
5.20783 -1.53695
4.69299 1.2932
4.69312 1.29545
4.72242 1.59339
4.72531 1.61626
4.77671 1.94313
4.78698 1.99389
5.81751 -1.98583
5.81541 -1.9861
5.62606 -1.95774
5.59285 -1.94291
4.92791 -0.828
4.9161 -0.787488
4.86708 -0.610668
4.86349 -0.596433
4.67899 0.769847
4.67869 0.783307
4.95089 2.5398
4.96741 2.58088
5.05671 2.7532
5.08698 2.7996
4.91899 2.46046
4.89571 2.39752
6.37076 3.01442
6.38593 3.00627
6.16747 3.10808
6.18327 3.10265
5.95879 3.16982
5.92983 3.17571
6.61126 2.86194
6.76025 2.74217
6.73348 2.76575
6.61182 -1.62888
6.6479 -1.59993
7.24149 -0.970104
7.26977 -0.929623
7.52292 1.67014
7.48928 1.7485
5.31266 -1.7048
5.30357 -1.69136
6.92083 -1.35512
6.91846 -1.35755
4.82599 2.15821
4.83799 2.20525
7.74411 0.662353
7.74415 0.661459
7.5564 1.58585
7.55941 1.57795
5.05216 -1.19568
5.04911 -1.18829
4.74692 -0.0230168
4.73959 0.0253867
7.50204 -0.521165
7.57575 -0.345712
5.93288 -1.97225
6.11646 -1.91983
7.07082 2.42528
7.03434 2.46803
7.11793 -1.13395
7.1455 -1.09964
7.01049 -1.25897
7.04909 -1.21635
7.40712 1.91736
7.44091 1.85142
7.32931 2.05655
7.35309 2.01586
7.24662 2.18916
7.25287 2.1797
7.11987 2.36369
7.14994 2.32478
7.63842 1.33472
7.62011 1.39809
7.67984 1.16854
7.67097 1.20849
7.73291 0.838986
7.73489 0.81618
7.58443 -0.322708
7.65367 -0.109185
7.46994 -0.587802
7.49012 -0.546505
6.51484 2.92785
6.49029 2.94425
5.91374 -1.97694
5.66705 -1.96721
5.5357 -1.91596
5.48893 -1.88427
4.9295 2.4905
4.86662 2.30797
4.87314 2.32817
6.255 3.0733
6.30873 3.04706
6.41423 2.99068
6.45172 2.96835
6.81575 2.69375
6.33312 -1.81535
6.31487 -1.82638
6.91699 -1.35906
4.67911 0.92651
4.67893 0.913257
4.68625 1.17635
4.68587 1.16725
5.00238 -1.05928
5.01577 -1.09787
5.28355 -1.66122
5.29888 -1.68421
5.35729 -1.75982
4.69756 0.390349
4.69729 0.39401
4.68215 0.664341
4.68262 0.652941
6.889 2.62438
6.90145 2.61203
7.71094 1.00855
7.7104 1.01229
6.12954 -1.91383
4.6804 1.04026
5.71945 -1.98017
4.79579 -0.304801
4.79558 -0.303831
5.39832 -1.80467
5.38731 -1.79426
4.71584 0.205814
4.71688 0.196328
4.68826 0.522548
6.99034 -1.28138
5.77344 3.19045
5.77839 3.19019
6.48097 -1.72308
6.413 -1.76807
6.83237 -1.44084
7.41799 -0.687691
7.40879 -0.704977
6.56417 2.89531
4.69326 1.29744
4.69538 1.32641
6.24881 -1.85964
6.21557 -1.87695
4.9526 -0.911408
4.95117 -0.906679
4.95501 -0.919308
4.68852 0.515197
4.7004 0.358701
4.67982 1.02742
4.67882 0.89984
4.67855 0.797069
6.08772 3.13639
6.0552 3.146
6.83307 2.67773
7.68067 -0.00162674
7.68494 0.0161137
4.71195 1.50224
4.7103 1.48792
4.75017 1.789
4.74317 1.7446
4.86486 2.3027
4.86202 2.29312
5.67013 3.18467
5.6236 3.1786
7.56255 1.56913
7.59081 1.48906
7.656 -0.101099
5.45878 -1.86201
4.9834 -1.00558
7.706 0.122235
7.70357 0.108581
5.41815 3.11066
5.25932 3.00231
5.16353 -1.45216
5.1111 -1.33777
4.70288 1.41701
4.76518 1.88142
4.75316 1.80878
4.89431 -0.711521
4.90512 -0.749644
6.98172 2.5279
6.96871 2.54188
6.24682 3.07714
6.24401 3.07826
6.74233 -1.52172
6.76677 -1.50039
7.29222 -0.895599
7.34297 -0.81789
7.36889 1.98786
7.39856 1.93371
7.19238 2.26741
7.20077 2.25594
7.66044 1.2515
7.64689 1.30463
7.74459 0.570751
7.73937 0.392208
7.70879 0.138085
5.22219 2.96813
5.46824 3.13328
5.6187 3.17801
5.10933 2.83436
7.73898 0.386903
5.23863 -1.5925
5.25592 -1.61979
5.08514 -1.27733
4.70434 1.43176
4.72976 1.6517
4.71747 1.55209
4.73901 1.71632
4.79096 2.0116
4.87484 -0.64124
4.93386 -0.848527
4.84224 -0.508807
4.72288 0.14485
4.72673 0.114898
4.98734 2.62158
5.03479 2.71621
5.0092 2.66884
4.81252 2.10691
4.80278 2.0651
7.42579 -0.67332
6.11992 3.12573
5.90271 3.17895
6.03493 3.15213
5.85073 3.18558
5.76182 3.19048
5.70236 3.1872
6.71254 -1.54777
6.54873 -1.67524
6.51194 -1.70267
7.19103 -1.04217
7.18996 -1.04367
7.3883 -0.740246
7.7447 0.606488
7.48646 1.75472
7.52538 1.66426
4.82842 -0.449448
7.74416 0.660884
7.73985 0.75072
5.044 -1.17545
4.75786 -0.0928824
4.76986 -0.162585
6.92325 2.5894
7.09736 2.3925
7.18808 -1.04608
7.10112 -1.15436
7.69255 1.10988
7.70013 1.06975
7.44404 1.8451
7.3047 2.09786
7.28862 2.12373
7.22367 2.22318
7.61389 1.41816
7.72266 0.926013
7.71226 0.999863
7.73024 0.862224
6.46969 2.95783
5.38445 -1.79154
5.44609 -1.85007
5.82542 3.18798
6.35807 -1.80068
6.14347 -1.9079
5.26254 -1.6296
5.02264 -1.11771
6.81421 -1.45831
6.35852 3.02146
7.49789 -0.530303
4.89109 2.38329
