6.3543 -0.755719
6.26091 -0.786312
7.08415 0.915868
7.07666 0.95642
5.46738 1.56049
5.43435 1.46452
5.55133 1.74707
5.58913 1.81008
6.69605 1.75975
6.70257 1.7521
5.5218 -0.246883
5.53811 -0.284278
5.43249 0.020449
5.45351 -0.0505884
6.13805 -0.802775
6.21492 -0.794805
6.39917 2.00504
6.44053 1.9812
6.19543 2.08693
6.21344 2.08366
5.8347 2.04443
5.80246 2.02758
6.00443 2.09854
6.05186 2.09971
6.84275 -0.31896
6.82996 -0.338601
6.63944 -0.563034
6.68547 -0.518105
6.58579 -0.61256
6.5106 -0.668185
5.34364 0.900636
5.34319 0.890088
5.36524 1.13108
5.37052 1.16645
7.09312 0.855672
7.10159 0.776529
5.40524 1.35098
5.42879 1.44596
5.66296 1.90695
5.61143 1.84482
6.82669 1.58586
6.81488 1.60315
6.92945 1.40016
6.91749 1.42541
5.76152 -0.635195
5.72835 -0.597689
5.94419 -0.763936
5.89548 -0.737978
6.91383 -0.196044
6.94157 -0.141711
7.02058 0.0507097
7.02616 0.0669125
5.58704 -0.388706
5.61152 -0.431006
5.40206 0.15528
5.42051 0.0687767
5.34312 0.629616
5.34236 0.649016
5.36318 0.380826
5.364 0.374625
7.08513 0.303006
7.08428 0.298215
7.11 0.575079
7.10936 0.547776
7.04029 1.11034
7.05135 1.06543
7.01597 1.18495
6.99891 1.23517
7.06128 1.02791
6.56441 1.89026
6.62987 1.82829
6.95902 1.33514
6.96989 1.31063
7.02794 1.1504
6.55273 1.89969
6.49901 1.94162
6.52851 1.91899
6.65491 1.80293
6.37453 2.01965
6.33245 2.04012
6.24392 -0.791235
6.39968 -0.733709
6.32043 2.0459
6.22044 2.08132
5.9672 2.09113
5.90249 2.07474
6.70919 -0.492757
6.76045 -0.430999
5.35166 1.01758
5.35249 1.02577
5.4323 1.45832
5.49496 1.63037
5.60169 1.83053
5.52181 1.69238
6.70536 1.74865
6.84694 1.5535
6.8822 1.49326
5.85199 -0.712099
5.80305 -0.672232
6.97382 -0.0707188
6.98681 -0.0402514
5.50656 -0.210217
5.56386 -0.340536
5.46901 -0.100795
5.42485 0.0506764
5.3505 0.503718
5.34969 0.513979
7.10265 0.433976
7.10171 0.424433
6.46916 -0.69648
6.06398 -0.796591
6.45043 1.97415
6.3874 2.01258
6.10815 2.10058
5.73703 1.97921
5.70477 1.95207
6.81773 -0.355491
6.89113 -0.238125
6.60275 -0.597712
5.34062 0.780613
5.34805 0.970427
5.38311 1.24194
5.39693 1.31191
7.10569 0.727786
7.0909 0.873054
5.66495 -0.518049
5.65268 -0.498449
5.673 -0.530018
5.50691 1.65977
6.76551 1.67184
6.89665 1.46617
6.94445 1.36825
6.01848 -0.788544
6.03788 -0.794036
7.05579 0.168739
5.48545 -0.149989
5.38732 0.22802
5.47931 -0.132348
5.38159 0.261198
5.3405 0.769433
5.3585 0.423065
5.3406 0.758273
7.05888 0.180724
7.10863 0.66865
7.06888 0.995181
6.97829 1.29064
