5.97272 2.50326
5.89492 2.49701
6.1837 2.47269
6.24442 2.45147
6.99811 -0.564761
7.02347 -0.525955
7.25084 1.24445
7.25426 1.23381
7.33555 0.825323
7.33348 0.847117
5.16218 1.50802
5.17784 1.58059
5.4769 2.25915
5.48097 2.26335
7.2964 0.131895
7.28964 0.102327
5.16761 0.0342014
5.16268 0.0593173
5.09585 0.735966
5.09629 0.710057
5.13129 0.249068
5.13015 0.257982
6.78506 2.07452
6.75555 2.10517
5.85477 2.49173
5.76664 2.46775
6.39903 2.38337
6.43593 2.36128
6.73724 -0.879151
6.73281 -0.88333
6.9161 -0.677853
6.8878 -0.713997
7.19272 1.41465
7.15783 1.49852
5.10833 1.12341
5.11002 1.14812
7.31619 0.970805
7.31493 0.97823
5.27514 -0.385195
5.26893 -0.365405
5.36966 -0.632102
5.34686 -0.577665
5.43225 -0.757722
5.40704 -0.708366
5.53507 -0.923304
5.54612 -0.938903
5.21382 1.72431
5.20819 1.70443
5.12443 1.28275
5.12518 1.28803
6.29563 -1.17191
6.35976 -1.14366
6.10321 -1.2186
6.13064 -1.2138
5.28199 1.92109
5.27217 1.89476
5.36704 2.09813
5.38396 2.12769
5.62655 2.39445
5.5698 2.35219
6.56517 -1.02222
6.4953 -1.07107
7.00174 1.79024
7.0173 1.7649
7.15433 1.50615
7.10892 1.60056
5.72819 -1.11949
5.67075 -1.07277
5.91379 -1.2056
5.87696 -1.19366
7.12348 -0.349668
7.13435 -0.328356
7.22887 -0.103315
7.22204 -0.122737
5.10641 0.495114
5.10362 0.535397
7.33422 0.351838
7.33652 0.372462
6.67903 2.18066
6.67706 2.1824
6.80777 2.04933
6.83349 2.01895
7.19824 1.39952
7.19323 1.41335
7.34824 0.601662
7.34836 0.591786
7.30482 1.02632
7.3008 1.04872
6.55999 2.27814
6.59459 2.2524
7.32886 0.881824
7.32648 0.901759
7.31439 0.981496
5.25392 -0.316549
5.20693 -0.14866
5.20272 -0.130629
5.09721 0.930907
5.0967 0.905504
7.28529 1.11697
7.2894 1.10099
6.89061 1.94867
6.90857 1.92541
7.33863 0.790341
7.34219 0.746978
6.5084 2.31563
6.46931 2.33999
5.18365 -0.0450431
5.18835 -0.0673075
5.09498 0.813851
5.09542 0.866752
5.10112 1.01266
5.2916 -0.43412
5.29328 -0.438767
5.2447 -0.285968
5.23606 -0.255506
6.04126 2.4991
5.86899 2.49492
6.10105 2.49085
6.29083 2.43517
7.04243 -0.494947
6.9579 -0.62217
7.34695 0.500056
7.3479 0.538015
5.30934 -0.482345
5.32843 -0.531518
5.48099 -0.841985
5.45671 -0.80319
5.18607 1.61741
5.14785 1.43222
6.19865 -1.20201
6.25241 -1.18535
5.32212 2.01116
5.34951 2.06444
5.54617 2.33039
5.47544 2.25747
6.65159 -0.954913
6.61366 -0.986749
7.09401 1.62947
7.07281 1.66914
5.8203 -1.1726
5.76096 -1.13961
7.17363 -0.244734
7.18105 -0.228309
7.31514 0.222894
7.26657 0.0154495
5.15238 0.112901
5.17551 -0.00399501
5.09717 0.669894
5.09564 0.775225
5.13807 0.20211
5.11715 0.371124
5.7295 2.4518
6.07762 2.49593
5.66632 2.42063
6.86368 -0.743173
6.81207 -0.80037
6.72231 -0.892747
7.08344 -0.424322
7.15734 1.49969
7.19298 1.41398
5.38816 -0.670892
5.51819 -0.898009
5.59785 -0.999814
5.63766 -1.04356
5.14149 1.39655
5.217 1.73419
5.24754 1.82735
5.12153 1.25895
6.39414 -1.12833
6.04824 -1.22027
5.29598 1.95521
5.41904 2.18054
6.47136 -1.08503
6.97207 1.83578
6.94253 1.87851
7.05691 1.69725
6.00853 -1.22039
5.9711 -1.21444
7.18178 -0.226618
7.25844 -0.0127195
7.18258 -0.224605
7.31909 0.246241
5.14954 0.129342
5.09794 0.644866
5.11446 0.398184
5.09905 0.621022
5.11579 0.383835
7.34651 0.488009
6.64002 2.21359
6.68156 2.1785
7.3469 0.494813
7.34507 0.688583
7.22476 1.32571
7.22233 1.3325
7.28058 1.13819
7.26997 1.17657
7.29494 1.07441
5.21645 -0.185289
5.22246 -0.208087
6.71489 2.1457
6.60685 2.24209
6.92336 1.90561
6.86823 1.97737
7.34392 0.721341
5.09496 0.801774
5.0956 0.879249
6.32718 2.41882
5.28527 -0.416653
6.93527 1.88869
5.11122 1.16645
7.24814 1.25345
6.36501 2.40004
6.38257 2.39185
5.19155 -0.0818869
6.84706 2.00306
5.23019 -0.235963
