6.40796 2.26267
6.38673 2.27376
7.17424 1.24163
7.17927 1.22598
5.17824 1.00277
5.18206 1.05887
5.42731 -0.533237
5.38913 -0.446529
5.51973 -0.709419
5.5577 -0.770664
5.4563 2.04046
5.41571 1.97227
5.57671 2.19466
5.58226 2.20039
7.13679 -0.130418
7.16157 -0.0641929
5.1795 0.536643
5.18314 0.486296
7.26641 0.419349
7.25882 0.34959
6.72552 2.01189
6.75202 1.98438
6.07366 2.37535
5.98196 2.37848
6.19258 2.35277
6.09561 2.37273
5.75402 2.32162
5.77739 2.33314
6.76665 -0.723004
6.82629 -0.654442
6.5259 -0.930538
6.48065 -0.958588
6.7172 -0.772169
6.66697 -0.819586
7.0156 -0.384667
6.96388 -0.468259
7.24759 0.932632
7.2403 0.975479
7.27096 0.723892
7.26726 0.771747
5.35823 -0.362696
5.3434 -0.319789
5.63399 -0.868678
5.60409 -0.830917
5.23697 1.4597
5.22146 1.38186
5.29219 1.67367
5.28278 1.64049
5.1993 1.23437
5.21405 1.33876
5.3647 1.86765
5.39914 1.9427
6.82474 1.8984
6.85306 1.86355
6.94772 1.72717
6.89883 1.80123
7.05541 1.53808
7.06031 1.52789
5.92323 -1.0685
5.94258 -1.07233
5.73851 -0.969599
5.7978 -1.0097
6.1133 -1.08954
6.08678 -1.08951
6.30785 -1.04561
6.25935 -1.06011
7.04511 -0.331282
7.07562 -0.271488
7.2132 0.107408
7.22675 0.163214
5.28135 -0.110989
5.28666 -0.131151
5.23595 0.0876724
5.24074 0.0636114
5.17161 0.81971
5.17179 0.838576
5.204 0.290379
5.21622 0.204836
7.27361 0.675971
7.2746 0.589067
7.13682 1.34939
7.15242 1.3056
7.19666 1.16656
7.20143 1.14891
7.22201 1.07271
7.21995 1.08064
7.22305 1.06823
7.22227 1.07173
7.23652 0.998285
7.25531 0.879113
5.30313 -0.194814
5.30289 -0.193944
5.27062 -0.0678187
6.60007 2.12971
6.6039 2.12668
6.51791 2.19289
6.51833 2.19258
6.78326 1.94857
6.76227 1.973
6.665 2.07103
6.63781 2.09597
5.36844 -0.391692
5.38307 -0.432189
6.85745 1.85788
6.87313 1.83769
6.35371 2.29074
6.33153 2.30105
7.25952 0.849231
5.26413 -0.0406439
5.25581 -0.00449403
5.17182 0.727416
5.17196 0.708267
5.87859 2.36602
5.85702 2.35904
6.64369 -0.84047
6.57724 -0.892408
6.90116 -0.561932
6.89895 -0.565094
5.18667 1.11945
5.17385 0.923798
5.46914 -0.622591
5.38626 -0.439867
5.57286 -0.791257
5.47247 -0.628542
5.26278 1.56785
5.24319 1.48664
5.40653 1.95662
5.48915 2.09044
5.65407 2.26068
5.56434 2.18045
7.00369 1.63511
6.988 1.66198
5.83014 -1.02958
5.91239 -1.06445
6.21007 -1.07488
6.12957 -1.08703
7.12094 -0.170114
7.17953 -0.0101709
5.2432 0.051607
5.17451 0.622144
5.18984 0.412425
7.25001 0.287263
7.27078 0.474199
5.88802 2.36752
6.08661 2.37454
6.24318 2.33558
6.29968 2.31572
6.41221 -0.998794
6.369 -1.01854
5.67798 2.27853
6.89664 -0.568173
6.74999 -0.740265
7.02534 -0.368073
7.10215 1.43526
7.11222 1.41101
5.17251 0.884412
5.19468 1.19645
5.33014 -0.280759
5.36455 -0.380951
5.47063 -0.625352
5.64851 -0.885817
5.32684 1.77612
5.31191 1.73501
5.21555 1.3487
5.51234 2.12025
5.33737 1.80205
7.04033 1.56731
6.88878 1.81576
5.70798 -0.942663
6.01769 -1.08735
7.08401 -0.253619
7.19704 0.0467238
7.23876 0.222595
5.31857 -0.244813
5.22166 0.170321
5.17153 0.77343
5.19686 0.347304
5.17306 0.663075
7.27436 0.559853
6.55904 2.16133
6.5968 2.13236
7.27325 0.685936
7.12216 1.38707
7.16866 1.26021
5.30349 -0.196159
5.2896 -0.143721
6.51746 2.19324
7.26484 0.800079
6.46875 2.22445
7.27301 0.692704
6.49196 2.20993
