5.97237 2.50809
5.90575 2.50274
6.18336 2.47728
6.24951 2.45416
6.99667 -0.572419
7.02565 -0.528067
7.25388 1.24456
7.25649 1.23641
7.33821 0.827412
7.33664 0.84397
5.15928 1.50989
5.17407 1.57844
7.29945 0.132794
7.29197 0.100069
5.16404 0.0366072
5.15959 0.0593366
5.09294 0.737765
5.0934 0.710125
5.12865 0.247567
5.12707 0.259884
6.78637 2.07809
6.76229 2.1031
5.84828 2.49518
5.76626 2.47287
6.39868 2.38805
6.43781 2.36462
6.73609 -0.88522
6.73542 -0.885856
6.92236 -0.674882
6.89004 -0.716166
7.19473 1.41699
7.16077 1.49863
5.10499 1.11693
5.10699 1.1464
5.27233 -0.386747
5.26475 -0.362582
5.36915 -0.639676
5.34387 -0.579315
5.42902 -0.759506
5.40097 -0.70459
5.53152 -0.925262
5.54568 -0.945253
5.21072 1.72631
5.20772 1.71575
5.12146 1.28466
5.12165 1.28602
6.29507 -1.17683
6.3632 -1.14682
6.10265 -1.22352
6.13506 -1.21786
5.27894 1.92306
5.26742 1.8922
5.36375 2.10026
5.38339 2.13456
5.47317 2.26156
5.4702 2.25753
5.62218 2.39727
5.56933 2.35792
6.56866 -1.02435
6.49398 -1.07656
7.00373 1.79256
7.02151 1.76361
7.15062 1.52076
7.11104 1.60303
5.72779 -1.1253
5.66607 -1.07509
5.91343 -1.21085
5.87043 -1.1969
7.12757 -0.348463
7.13668 -0.33061
7.23218 -0.102341
7.22425 -0.124881
5.10367 0.493557
5.10064 0.537234
7.33667 0.349394
7.33935 0.373292
6.8049 2.05754
6.83613 2.02065
7.21868 1.35131
7.19692 1.41133
7.3512 0.598717
7.35128 0.591893
7.3076 1.02642
7.30326 1.05065
6.56324 2.28024
6.59423 2.25717
7.33159 0.881925
7.32898 0.903725
5.25057 -0.316428
5.20588 -0.157223
5.19966 -0.130611
5.09434 0.932679
5.0938 0.905572
6.68206 2.18262
6.68267 2.18204
7.28808 1.11707
7.29267 1.09921
6.88737 1.95794
6.90983 1.92886
7.34055 0.800835
7.3448 0.749029
6.50805 2.32033
6.47321 2.34205
5.1801 -0.0426529
5.1853 -0.0672886
5.09203 0.812172
5.09249 0.868559
5.09808 1.01093
5.28856 -0.435802
5.28958 -0.438633
5.24186 -0.287537
5.23274 -0.255386
6.03105 2.50454
5.86863 2.49975
6.10708 2.49404
6.29049 2.43977
7.04732 -0.492628
6.96024 -0.624432
7.34965 0.502173
7.35096 0.554743
7.31786 0.978338
7.31783 0.978529
5.3063 -0.484021
5.32344 -0.528148
5.47743 -0.843954
5.45624 -0.810096
5.18321 1.61926
5.1442 1.43014
6.19809 -1.20693
6.25628 -1.1889
5.31881 2.0133
5.3434 2.06115
5.54224 2.33293
5.47493 2.26371
6.65472 -0.956821
6.6123 -0.992428
7.09804 1.62823
7.07571 1.67003
5.81992 -1.17813
5.7555 -1.14232
7.16959 -0.260558
7.1832 -0.230395
7.31754 0.220579
7.26975 0.0163856
5.14883 0.1153
5.17243 -0.00397593
5.09425 0.671699
5.09274 0.775293
5.13802 0.182681
5.11446 0.369597
5.724 2.45472
6.07728 2.5005
5.66587 2.42604
6.86249 -0.749491
6.81448 -0.802701
6.73382 -0.887289
7.08571 -0.426518
7.15933 1.50201
7.19586 1.41409
5.3849 -0.672693
5.50989 -0.892849
5.59388 -1.002
5.63724 -1.04965
5.13856 1.39845
5.21241 1.73157
5.24446 1.82934
5.12072 1.27857
6.39357 -1.13328
6.0377 -1.2255
5.29533 1.96306
5.41545 2.18286
6.47532 -1.08744
6.96982 1.84459
6.94466 1.881
7.05896 1.69964
6.00818 -1.22559
5.98034 -1.22117
7.18454 -0.227289
7.26071 -0.0149214
7.18602 -0.223593
7.32202 0.247103
5.14668 0.127718
5.09508 0.644934
5.11144 0.400051
5.09626 0.619436
5.11293 0.383902
7.34905 0.485489
6.64307 2.21556
6.6812 2.18344
7.34958 0.494912
7.34791 0.688688
7.22696 1.32828
7.2262 1.3304
7.28281 1.14079
7.27344 1.17468
7.29781 1.07452
7.31793 0.977976
5.21359 -0.186912
5.21847 -0.20539
6.71772 2.14753
6.61261 2.24172
6.92833 1.90409
6.8695 1.98085
7.34688 0.718401
5.09202 0.803594
5.09263 0.877557
6.32917 2.42237
5.2847 -0.42516
6.93847 1.88967
5.10843 1.16825
7.25181 1.25145
6.36943 2.40238
6.38453 2.39534
5.18885 -0.0834208
6.85261 2.00136
5.22737 -0.237519
