4.70789 -1.17675
4.72235 -1.22977
5.41977 -2.58694
5.38106 -2.57418
5.0809 -2.25227
5.09677 -2.28386
5.02435 3.45014
5.11429 3.52085
5.23424 -2.47697
5.20674 -2.44423
5.14064 -2.35791
5.13545 -2.35031
4.62797 -0.865947
4.65303 -0.968353
4.56973 -0.614591
4.53605 -0.450302
6.26531 3.46835
6.18131 3.5089
4.56718 2.49687
4.58937 2.58865
7.29762 2.58844
7.34175 2.52937
7.4243 -1.18551
7.45998 -1.13494
7.27392 -1.3834
7.31798 -1.3288
6.61936 -2.03064
6.63353 -2.01978
6.96505 -1.72063
7.02035 -1.66659
5.60967 -2.59328
5.64639 -2.58751
4.80977 -1.53652
4.78987 -1.46938
4.86454 -1.7137
4.86395 -1.71171
7.83745 -0.403991
7.83445 -0.412467
4.82521 3.20467
4.81553 3.18785
4.88543 3.2945
4.91645 3.33584
4.97678 3.40465
5.01588 3.44262
5.23316 3.58542
5.30883 3.61444
6.02442 -2.43755
6.03881 -2.42946
5.82985 -2.52995
5.73675 -2.56407
6.80396 3.10444
6.78325 3.12221
6.55546 3.294
6.58978 3.27033
5.67376 3.65191
5.72312 3.64628
4.57905 -0.657803
4.59316 -0.718753
4.51095 2.21211
4.50333 2.17017
4.47582 1.99313
4.47658 1.99822
7.7413 -0.638638
7.74576 -0.628596
7.6225 -0.872289
7.63302 -0.85353
5.95388 3.59554
5.98446 3.58471
6.40488 3.39145
6.30095 3.44999
7.07813 2.84621
7.12796 2.7922
6.95555 2.96779
6.99872 2.92691
7.52485 -1.03543
7.48347 -1.10016
6.79921 -1.87703
6.82893 -1.85132
8.00556 0.577779
8.00542 0.512176
6.39167 -2.20394
6.41039 -2.19138
6.28362 -2.27931
6.26432 -2.29103
4.75724 -1.35776
4.76469 -1.38492
4.93054 -1.906
4.94707 -1.94894
4.78883 3.13932
4.77301 3.10729
5.47542 3.6502
5.50368 3.65252
5.69513 -2.57577
5.73087 -2.56574
4.67623 2.87703
4.66551 2.84756
7.71241 1.88734
7.697 1.92205
7.99756 0.773993
7.99891 0.757029
6.0998 -2.39477
6.09008 -2.40063
5.45533 -2.59496
5.32749 -2.54917
5.36781 -2.56991
5.29302 -2.52751
5.50464 -2.59995
5.46502 -2.59616
5.0062 -2.09789
5.03018 -2.15137
5.26374 -2.50098
5.18217 -2.41728
4.40216 0.897203
4.40228 0.850082
4.40307 1.02368
4.40252 0.977082
4.41718 1.39554
4.4149 1.3583
4.42564 1.51579
4.42351 1.48661
4.49958 -0.257694
4.52393 -0.388038
4.42293 0.366748
4.4257 0.331368
4.41373 0.502918
4.41617 0.461825
4.47602 -0.107657
4.47825 -0.122568
4.44153 0.164557
4.44673 0.116813
5.90524 3.60926
5.83853 3.62579
6.15278 3.52055
6.2936 3.4542
4.56166 2.47328
4.54393 2.38855
4.62901 2.73526
4.62738 2.72932
7.19435 2.71643
7.20898 2.69928
7.97849 0.95333
7.9687 1.02213
7.93567 1.20388
7.91444 1.29859
7.36338 -1.26927
7.32872 -1.31485
6.71116 -1.9542
6.53447 -2.09845
7.04423 -1.64169
6.9251 -1.76081
7.50227 2.28927
7.46754 2.34567
7.58128 2.1517
7.55765 2.19435
7.41833 2.4202
7.45954 2.3583
7.86603 1.47558
7.88298 1.41818
7.81053 1.64309
7.82543 1.60116
5.54754 -2.60047
5.55568 -2.59977
7.92036 -0.132134
7.92603 -0.110092
7.87695 -0.285619
7.88282 -0.266458
7.8716 -0.302943
4.84858 3.23919
4.93548 3.35931
6.88548 3.03301
6.85514 3.06018
6.77338 3.13042
6.72932 3.16602
6.67279 3.20908
6.64463 3.23039
6.51532 3.32199
4.45944 1.86814
4.46007 1.87348
4.52372 2.28693
4.48712 2.07252
5.81848 3.62937
5.78039 3.63729
6.06805 3.55587
6.43232 3.37408
6.41785 3.38329
7.02345 2.90195
6.91812 3.00398
6.52361 -2.10629
6.88392 -1.79918
6.73167 -1.93734
7.11462 -1.5683
8.00349 0.667875
8.00227 0.693764
6.33541 -2.24336
4.75321 3.06859
4.6691 -1.03139
4.67032 -1.03602
4.44443 1.73066
4.4456 1.74323
4.43183 1.59132
4.43371 1.61491
4.40589 0.676578
4.40443 0.722619
4.4112 0.549569
4.40915 0.592241
7.77321 1.74303
7.74005 1.82443
7.68306 1.9517
7.65027 2.02002
4.7089 2.96605
4.71915 2.99144
7.17517 -1.49993
7.21001 -1.4599
4.61753 -0.821867
4.40722 1.18689
4.40874 1.23107
4.40372 1.05786
4.40472 1.10408
6.18633 -2.34263
4.83029 3.21251
4.49591 -0.236772
4.49656 -0.240812
7.12282 -1.55915
7.16441 -1.51231
7.11821 -1.56431
4.95359 -1.96721
4.97311 -2.01678
8.00373 0.6613
5.96271 -2.46999
5.938 -2.48196
8.00226 0.413644
7.99421 0.29738
7.97579 0.14405
7.95968 0.0453806
4.48537 2.06185
4.94897 3.37404
7.99157 0.845148
7.99508 0.805329
4.73246 -1.26733
4.69017 -1.11062
4.83693 -1.62527
4.82652 -1.59038
4.97699 -2.02766
5.00037 -2.08436
5.13315 -2.34606
5.06214 -2.21791
5.1155 3.52164
5.91937 -2.49011
5.84555 -2.52417
7.98597 0.224407
7.97957 0.168917
4.41261 1.29457
4.41329 1.33522
4.40236 0.960584
4.40217 0.913582
4.40426 0.78658
4.40223 0.833664
4.42118 1.4558
4.41896 1.42245
4.41794 0.43507
4.42057 0.396602
5.552 3.65556
5.6071 3.65533
4.48392 2.05281
4.45702 0.0295262
4.46127 -0.00357176
7.68548 -0.754749
7.69009 -0.745709
4.56533 2.48942
4.60443 2.64497
4.6437 2.7832
4.63675 2.76135
7.15611 2.76122
7.16653 2.74931
7.95915 1.08066
7.94496 1.15823
7.27408 2.61852
7.36164 2.50215
7.47569 -1.11178
7.40494 -1.21268
7.32001 -1.32613
7.2625 -1.39771
7.54229 2.22118
7.51003 2.27639
7.83951 1.55922
7.85529 1.51074
5.65328 -2.58552
5.60118 -2.59525
4.7831 -1.44743
4.86622 -1.71909
5.21186 3.57608
5.16642 3.55255
5.39265 3.63703
6.08802 -2.40188
5.98841 -2.45643
5.73556 -2.56437
7.99291 0.284448
7.94075 -0.0477127
7.94849 -0.011035
7.9351 -0.0737802
4.89552 -1.80504
4.91202 -1.85188
4.46788 1.93458
7.69413 -0.737621
7.79107 -0.523734
7.57291 -0.957768
7.372 -1.25817
7.5543 -0.988773
8.00406 0.65065
8.00517 0.486759
6.08915 -2.4012
4.7549 -1.34908
5.40566 3.63992
5.69136 -2.57713
4.65503 -0.976491
4.6611 -1.00092
4.43774 1.66075
4.43932 1.67907
4.40827 0.612914
4.40652 0.657435
4.64866 2.79741
4.68656 2.90663
4.40523 1.12224
4.40653 1.16758
4.49751 -0.246366
4.68356 -1.086
5.50979 -2.60011
5.03698 -2.16467
5.13478 -2.34907
5.19074 -2.4269
4.40319 1.04058
4.42837 1.55076
4.42848 0.29808
4.41213 0.527041
4.49167 -0.210192
4.43394 0.238182
4.61526 2.68672
4.53685 2.35307
7.23229 2.67076
7.15038 2.76776
7.98655 0.889728
7.90839 1.32335
7.40491 2.44
7.22594 -1.44093
7.6192 2.08079
7.60275 2.11219
7.46112 2.35584
7.89011 1.39218
7.79353 1.68956
5.56383 -2.59851
7.91098 -0.168341
6.72216 3.1719
4.45273 1.81333
4.46537 1.91541
4.65418 -0.972997
4.45146 1.80078
4.4038 0.740413
4.70601 2.95802
4.64553 2.78846
4.52916 2.31446
7.77955 1.72714
7.72853 1.85114
7.63699 2.0465
4.73503 3.02788
4.40938 1.25165
5.66171 3.65265
5.40188 3.63929
8.00328 0.431054
5.77995 3.63736
6.69876 3.18961
6.82439 3.08733
4.92195 -1.8809
7.80914 -0.477799
7.79332 -0.518269
6.61908 3.24963
4.45214 1.80734
7.90504 -0.189939
