4.67949 -1.19679
4.68417 -1.21397
5.31638 -2.63993
5.25566 -2.59859
5.42774 -2.67389
5.45048 -2.67507
5.86582 -2.57091
5.91777 -2.54675
5.23885 -2.58619
5.18924 -2.53823
8.00683 0.168442
8.01007 0.193495
4.60103 -0.884958
4.61586 -0.94554
4.3726 0.91441
4.37284 0.977117
4.37277 0.850117
4.37276 0.849419
4.50865 -0.465812
4.53772 -0.607589
5.61024 3.70464
5.59187 3.70482
4.45335 2.06152
4.45446 2.07118
4.55301 2.59362
4.55673 2.60899
7.31542 -1.3773
7.33673 -1.35089
6.83863 -1.88485
6.83741 -1.88601
7.00063 -1.72769
7.02861 -1.70036
6.40943 -2.23571
6.42396 -2.22451
5.57541 -2.6691
5.56232 -2.67217
4.77881 -1.55837
4.76703 -1.51861
4.83267 -1.7362
4.81996 -1.69349
7.86845 -0.397805
7.8561 -0.432737
4.85987 3.34174
4.83537 3.30907
5.16543 3.61387
5.18763 3.62535
4.94531 3.44767
4.96549 3.46727
6.0231 -2.48927
6.03933 -2.48014
8.02156 0.301543
8.01934 0.273851
7.98538 0.0328208
7.98366 0.0229323
6.82463 3.12876
6.82008 3.13266
6.59718 3.30584
6.61154 3.29593
4.43889 1.95142
4.43675 1.93426
4.47294 2.18851
4.47302 2.18907
7.65856 -0.865096
7.65242 -0.876385
7.77399 -0.632116
7.76303 -0.656581
5.95911 3.63729
6.04934 3.60534
6.40962 3.42929
6.34692 3.4646
6.1252 3.57544
6.18629 3.54861
7.14059 2.82221
7.08875 2.8784
6.9897 2.97748
7.00929 2.95893
7.40306 -1.26344
7.44364 -1.20829
7.54389 -1.05786
7.52032 -1.09474
6.66048 -2.0388
6.64206 -2.05469
8.03283 0.585019
8.03284 0.588013
8.0253 0.766928
8.02619 0.755996
4.72856 -1.378
4.74899 -1.45246
4.75294 3.1687
4.72482 3.11174
5.44862 3.69915
5.50809 3.70404
5.73861 -2.62527
5.74161 -2.62443
4.64183 -1.05063
4.63847 -1.03708
7.73127 1.91272
7.72844 1.91909
4.79056 3.23779
4.81901 3.28452
6.12438 -2.42845
6.15156 -2.41208
6.21093 -2.37319
6.26422 -2.33835
5.4003 -2.66989
5.33662 -2.64874
5.2455 -2.59221
4.99273 -2.18685
4.98158 -2.16206
5.07002 -2.35423
5.04067 -2.2962
5.14042 -2.47411
5.156 -2.49368
5.09592 -2.40412
5.09464 -2.40144
4.38828 1.41237
4.38495 1.35817
4.39668 1.53264
4.39333 1.48647
4.48546 -0.345851
4.48938 -0.366837
4.54731 -0.653311
4.39184 0.385844
4.39607 0.33185
4.38298 0.521803
4.38651 0.462308
4.44353 -0.0877005
4.45103 -0.137975
4.40989 0.183987
4.41894 0.101075
6.29839 3.49244
6.20742 3.53793
4.52659 2.47161
4.51321 2.40769
4.59585 2.75593
4.58887 2.73041
7.20503 2.7488
7.23982 2.70803
8.00265 0.97722
7.99896 1.0031
7.95833 1.22629
7.94666 1.27833
7.43558 2.44594
7.37632 2.53103
7.29243 2.64236
7.30868 2.62195
6.75114 -1.96214
6.84664 -1.87736
7.07837 -1.64846
6.9335 -1.79521
7.52 2.31313
7.49125 2.35982
7.59948 2.17619
7.58859 2.19584
4.88333 -1.89492
4.88119 -1.888
7.89501 1.47286
7.90479 1.43975
7.84048 1.64027
7.84685 1.62234
6.43838 -2.21321
6.53638 -2.13938
6.35864 -2.27161
5.69284 -2.64165
5.65241 -2.65321
7.94343 -0.153729
7.9562 -0.104073
7.90713 -0.279599
7.92201 -0.231037
7.89357 -0.323506
7.83411 -0.489527
7.82331 -0.517301
4.89501 3.38975
6.92118 3.04314
6.87545 3.08409
6.77804 3.16761
6.76684 3.17666
6.71246 3.22034
6.66598 3.25551
6.52004 3.35962
5.84456 3.66984
5.86405 3.6641
4.42595 1.84734
4.43116 1.89151
4.44494 1.99789
4.47353 2.19222
4.49298 2.30609
6.07322 3.5971
6.47525 3.38773
6.44063 3.40977
6.19559 3.54394
7.05646 2.91132
6.92881 3.03636
6.56643 -2.11479
6.74016 -1.97207
6.92128 -1.8066
7.12287 -1.60206
8.02987 0.677771
8.02242 0.803735
6.55175 -2.12685
4.71809 3.09733
4.77173 3.20286
8.03121 0.455393
8.03266 0.497074
4.41203 1.71054
4.41506 1.74309
4.39987 1.57147
4.40333 1.61477
4.37688 0.659761
4.37487 0.723101
4.38238 0.532863
4.37951 0.592723
4.62213 2.84336
4.62368 2.84875
7.7792 1.80066
7.77069 1.82155
7.68849 2.00407
7.68229 2.017
4.67978 3.00325
4.66602 2.96917
7.21902 -1.49348
7.23412 -1.47613
4.58075 -0.799293
4.37678 1.16925
4.37892 1.23111
4.3749 1.10411
4.37396 1.06092
4.85939 -1.82249
4.85705 -1.81468
5.67311 3.69885
5.61982 3.7038
4.55161 -0.673338
4.56251 -0.722149
4.71338 3.08571
4.69038 3.03113
4.71629 3.09297
5.30533 3.67039
5.32624 3.67559
7.1667 2.79332
7.18151 2.77659
7.16716 -1.55263
7.18854 -1.52856
7.14225 -1.5805
4.92786 -2.0228
4.92929 -2.02642
8.03111 0.64409
5.69713 -2.6401
5.70014 -2.63888
4.91945 3.41921
5.11665 3.58659
5.08287 3.565
5.78779 3.68179
5.75815 3.68688
4.45169 2.05052
8.0179 0.855024
4.70395 -1.28745
4.66475 -1.14181
4.80555 -1.64742
4.78319 -1.57244
4.95029 -2.08535
4.95408 -2.09454
5.02887 -2.26868
5.01023 -2.22933
5.05006 3.54069
5.01852 3.51578
5.80029 -2.60149
5.95244 -2.52776
8.01489 0.235252
8.00394 0.146104
4.38356 1.2946
4.38452 1.35197
4.37285 0.977764
4.3726 0.913617
4.37547 0.786613
4.37276 0.850817
4.39228 1.47262
4.38893 1.42232
4.38706 0.454039
4.39095 0.397084
5.52488 3.7051
5.61526 3.70432
4.42505 0.0491605
4.43381 -0.0191166
7.71959 -0.747944
7.70941 -0.768472
4.55874 2.61654
4.5341 2.50888
7.98254 1.10379
7.97617 1.13861
7.37281 2.53599
7.30999 2.62024
7.49427 -1.13367
7.44464 -1.20684
7.35995 -1.32026
7.28139 -1.41997
7.56025 2.24535
7.54123 2.27789
7.86898 1.55645
7.8769 1.53211
5.53011 -2.67495
5.6075 -2.66417
4.75316 -1.46855
5.21405 3.63688
5.13388 3.59705
5.29284 3.66609
5.98895 -2.50866
6.04361 -2.47775
5.77602 -2.61044
8.02386 0.329093
7.97116 -0.0363051
7.98754 0.045289
7.95834 -0.0955293
7.60382 -0.961225
7.81343 -0.540896
7.59246 -0.980805
7.3908 -1.28032
7.5909 -0.983393
8.03281 0.589536
6.08807 -2.45095
4.71651 -1.33318
5.41024 3.6935
5.72016 -2.63194
4.62813 -0.995475
4.65423 -1.10012
4.40561 1.6408
4.40889 1.67893
4.37936 0.596158
4.37694 0.657916
4.64369 2.90785
4.6292 2.8663
4.37491 1.10467
4.37672 1.16761
4.65563 -1.10571
5.50004 -2.67831
5.51685 -2.67709
4.95954 -2.1072
5.0738 -2.36248
5.11983 -2.4425
4.37354 1.04062
4.39809 1.55062
4.46959 -0.256081
4.39729 0.317238
4.3826 0.527522
4.46453 -0.226111
4.40594 0.22233
4.58229 2.70727
4.49743 2.32854
4.60583 2.78959
7.24322 2.70387
8.01608 0.871166
7.93036 1.34508
7.43847 2.44161
7.26901 -1.4346
7.63767 2.10563
7.63346 2.11367
7.47872 2.37952
4.86146 -1.82977
4.90475 -1.9577
7.91856 1.3895
7.81476 1.71056
5.61856 -2.66083
7.94121 -0.162309
6.72687 3.20948
4.42398 1.83125
4.4341 1.9148
6.30419 -2.3104
6.28261 -2.3258
4.6229 -0.974036
4.41888 1.78055
4.37485 0.723629
4.64933 2.92275
4.49482 2.31544
7.80965 1.72431
7.73423 1.90607
7.64222 2.09686
4.37901 1.23404
5.70039 3.69529
5.37541 3.68762
4.91312 -1.98149
8.02925 0.406744
5.81822 3.67579
5.73071 3.69191
5.4725 -2.67777
5.10261 -2.41503
6.72004 3.21465
4.90539 -1.95973
6.82911 3.125
6.1853 -2.39027
5.17631 -2.52021
6.34601 -2.28119
6.6238 3.28727
4.42161 1.80702
7.92776 -0.211213
