7.63802 -0.228577
7.64001 -0.222401
7.55796 -0.442237
7.54977 -0.461385
5.31692 3.09266
5.32043 3.095
7.74409 0.247207
7.74593 0.261934
4.66538 1.14605
4.66138 1.06383
5.13551 -1.4584
5.09947 -1.37752
5.04526 -1.24732
5.02749 -1.1994
4.73566 1.83601
4.74188 1.87286
6.06227 -1.97155
6.00838 -1.99134
5.37723 -1.83771
5.33839 -1.79165
4.66421 0.631192
4.66779 0.54265
7.07728 -1.21439
7.10969 -1.17659
6.65693 2.85507
6.71024 2.81308
6.42128 -1.79297
6.40925 -1.80106
7.35483 -0.835093
7.32507 -0.882645
7.42018 1.93494
7.41957 1.93609
7.70088 0.00118981
7.70312 0.0111703
5.51572 3.18868
5.56718 3.20223
5.12362 2.90652
5.15073 2.93942
5.14291 -1.47482
5.18188 -1.55029
4.67233 1.28037
4.67321 1.29536
4.70241 1.60503
4.70382 1.61616
5.85447 -2.01975
5.80925 -2.02548
5.5289 -1.95988
5.61941 -2.00028
4.89943 -0.808778
4.89298 -0.786651
4.84838 -0.621252
4.83823 -0.580928
5.45164 -1.90765
5.52879 -1.95982
4.65976 0.758699
4.65921 0.783624
4.9131 2.51939
4.94378 2.59571
4.98383 2.6818
4.96723 2.6462
4.88481 2.442
4.87351 2.41145
7.43404 -0.69994
7.48255 -0.605787
6.38736 3.0337
6.41759 3.01746
5.90457 3.21126
5.93509 3.2057
6.59747 2.9007
6.7854 2.7493
6.74097 2.78844
6.60812 -1.66147
6.66888 -1.61272
6.52057 -1.72596
6.53355 -1.71666
7.2548 -0.985786
7.29682 -0.925647
7.7631 0.486823
7.76308 0.486121
5.30532 -1.75173
5.27458 -1.70626
6.97408 -1.32987
6.93648 -1.36854
4.79688 2.1401
4.81687 2.21842
7.75904 0.743852
7.76249 0.668339
4.7242 -0.0090623
4.72061 0.0146421
5.42522 -1.88293
5.44624 -1.90274
7.6716 -0.115703
7.61377 -0.298747
7.53764 -0.488982
7.59877 -0.341119
5.96421 -2.00101
6.11089 -1.95545
5.713 -2.02141
5.69163 -2.01696
7.0682 2.46062
7.0521 2.47949
7.11475 -1.17041
7.15397 -1.12161
7.01917 -1.28151
7.03859 -1.26007
6.24977 3.10442
6.27876 3.08988
7.34197 2.07358
7.3751 2.01691
7.25888 2.20566
7.27531 2.18078
7.15364 2.35333
7.16713 2.33588
7.6071 1.49994
7.6235 1.45034
7.65876 1.3328
7.6355 1.41332
7.69931 1.16671
7.6866 1.22395
7.75084 0.845713
7.7576 0.767901
7.60016 -0.337436
6.54516 2.93645
6.50593 2.96266
4.68316 1.42849
4.68276 1.42367
5.90781 -2.01483
5.7264 -2.02167
5.52884 -1.95985
5.52882 -1.95983
4.90676 2.50477
6.17144 3.13717
6.1971 3.1268
6.3258 3.0669
6.8232 2.71633
6.35856 -1.83086
6.3111 -1.85956
6.91319 -1.39252
4.65969 0.937813
4.65936 0.91328
4.66697 1.18757
4.66613 1.16727
4.97083 -1.03966
4.99476 -1.10866
5.23615 -1.64826
5.25869 -1.68206
5.32524 -1.77629
4.67905 0.379617
4.6771 0.406414
4.66222 0.676583
4.66317 0.653258
6.87275 2.67004
6.92461 2.6186
7.73133 0.995734
7.728 1.01889
6.15355 -1.93587
4.66133 1.04028
4.6888 1.48637
4.66934 0.522856
4.98611 2.68663
5.03085 2.76943
7.00904 -1.29278
7.46234 1.85055
7.50269 1.76458
5.77146 3.2228
5.79368 3.22162
6.85127 -1.45236
7.57056 1.60162
7.54415 1.66815
6.57192 2.9188
4.67409 1.3086
4.67781 1.35951
6.29629 -1.86702
6.21169 -1.91106
4.93304 -0.92221
4.92251 -0.887336
4.9508 -0.98048
4.67 0.504461
4.689 0.268586
4.69665 0.19469
4.69619 0.198912
4.66024 1.01607
4.65916 0.888442
4.65895 0.809108
6.08585 3.16706
6.06801 3.17234
6.85744 2.68464
4.7773 -0.313724
4.79034 -0.37596
4.68897 1.48797
4.68895 1.48783
4.72619 1.77411
4.72152 1.7445
4.76332 -0.239685
4.77261 -0.289733
4.76542 2.00118
4.7758 2.05151
5.66804 3.21889
5.64151 3.21542
4.9628 -1.01695
5.41576 3.14985
5.22855 3.02162
7.75691 0.37737
7.72661 0.127111
5.07281 -1.31396
5.13841 -1.46507
4.74521 1.89304
4.73143 1.80868
4.87443 -0.722502
4.87668 -0.730448
4.83632 2.28956
4.84067 2.3056
6.76219 -1.53383
6.80597 -1.49561
7.30596 -0.911791
7.36768 -0.814258
7.38174 2.00515
7.42028 1.93476
7.21567 2.26945
7.22054 2.26247
7.57736 1.58388
7.68031 1.24964
7.66238 1.31995
7.76371 0.577924
7.76315 0.490752
7.72574 0.122218
7.67448 -0.105033
5.21944 3.01324
5.43092 3.1567
5.6166 3.2124
5.08315 2.85079
7.75815 0.394096
5.21774 -1.61497
5.06216 -1.28914
5.22804 -1.63412
4.70974 1.66335
4.69606 1.55199
4.71521 1.70154
4.76428 1.99503
4.87037 -0.707852
4.91071 -0.847689
4.82333 -0.519511
4.70359 0.133666
4.70422 0.128723
4.94535 2.59891
5.03095 2.7696
4.98484 2.68412
4.79159 2.11996
4.77875 2.06486
7.42999 -0.707292
7.49392 -0.583017
6.13251 3.15162
6.03305 3.18289
5.94766 3.20273
5.86563 3.21623
6.70883 -1.58048
6.57095 -1.68879
6.50824 -1.73519
7.21811 -1.03819
7.20303 -1.05908
7.40168 -0.756014
7.76376 0.594506
7.50796 1.75269
7.53979 1.6785
4.80346 -0.434128
6.97352 2.56782
6.98853 2.55163
7.76351 0.619744
7.75837 0.757667
4.739 -0.103562
4.74671 -0.148379
7.00819 2.52945
7.11443 2.40351
7.17686 -1.09282
7.70825 1.12542
7.72129 1.05645
7.45674 1.86219
7.32687 2.09892
7.30105 2.14046
7.19963 2.29194
7.63461 1.41622
7.60578 1.50387
7.74081 0.932823
7.73954 0.941882
7.74174 0.924998
6.473 2.98429
6.41881 3.01673
4.85713 2.36105
5.38691 -1.84691
4.69987 0.165567
5.82345 3.22023
5.71973 3.22291
6.19899 -1.91652
4.69018 0.255983
5.71939 3.22291
5.71962 3.22292
5.00705 -1.14416
4.6823 1.41807
6.81043 -1.49165
7.60424 1.50838
4.68965 0.261922
6.36189 3.04834
5.44861 -1.905
7.5126 -0.544073
6.48286 2.97787
4.85868 2.36579
