6.78326 -0.494838
6.72778 -0.559062
7.05189 1.23712
7.04882 1.24664
6.73903 1.79427
6.75999 1.76967
6.86242 1.62758
6.8922 1.57944
5.75469 -0.734484
5.81071 -0.780054
6.33768 -0.84396
6.3392 -0.843277
6.461 2.04564
6.46886 2.04111
6.20692 2.16302
6.16097 2.17135
6.01559 2.18255
5.99757 2.1821
5.75004 2.08944
5.795 2.11855
6.81778 -0.451509
6.86944 -0.376825
6.56743 -0.71004
6.55972 -0.715745
5.29542 0.930413
5.29247 0.861134
5.31597 1.1615
5.31263 1.1334
7.14853 0.800505
7.1509 0.778346
7.10792 1.04565
7.12317 0.971162
5.57616 -0.500637
5.5558 -0.462286
5.66166 -0.631046
5.65531 -0.621738
5.41448 1.59467
5.42182 1.61538
5.35558 1.38306
5.36612 1.42557
5.59886 1.94835
5.60255 1.95314
5.49505 1.78343
5.47983 1.75106
6.66609 1.87757
6.59384 1.94363
6.98066 1.41482
6.96828 1.44095
5.938 -0.853844
6.00036 -0.871655
6.12722 -0.887352
6.05363 -0.88272
7.07857 0.0677778
7.06618 0.0281645
6.98525 -0.175022
6.98239 -0.181226
5.47124 -0.275615
5.45315 -0.226935
5.35356 0.127717
5.35698 0.111656
5.41547 -0.118155
5.40177 -0.0686337
5.31694 0.354554
5.31064 0.407571
5.29507 0.602311
5.29203 0.680096
7.15736 0.527923
7.15845 0.562225
7.12649 0.261826
7.13548 0.313286
7.1027 1.06733
7.08969 1.1202
7.08207 1.14894
7.08118 1.15237
7.10422 1.0616
7.12958 0.93475
6.53882 1.99091
6.66928 1.8743
6.67263 1.87059
6.52172 2.00402
7.01568 1.3343
6.99652 1.37959
6.36787 2.10085
6.36242 2.1035
6.22799 -0.875806
6.33281 -0.845433
6.31378 2.12691
6.29825 2.13241
5.86034 2.14794
5.89538 2.16134
6.80248 -0.471689
6.68883 -0.600844
6.5209 -0.742248
6.46258 -0.781389
5.30371 1.04718
5.29953 0.995545
5.38298 1.49019
5.4106 1.58221
5.5439 1.86787
5.51171 1.81546
6.80057 1.71945
6.71571 1.82153
6.80691 1.71094
6.9181 1.53519
5.84554 -0.805912
5.72978 -0.708602
7.03732 -0.0520285
7.02689 -0.0790573
5.49196 -0.329085
5.51096 -0.370594
5.37796 0.0240366
5.39729 -0.0523923
5.30374 0.477148
5.29828 0.54572
7.14625 0.390572
7.15127 0.439022
6.4519 -0.788097
6.18082 -0.881611
6.50895 2.01258
6.4165 2.07412
6.10151 2.18149
5.97342 2.17729
5.69672 2.05009
6.91078 -0.311367
6.93132 -0.277043
6.64691 -0.640463
5.29129 0.811067
5.33126 1.26725
5.33228 1.27333
5.33265 1.27521
7.15689 0.707091
7.13902 0.874827
5.53391 -0.418285
5.60707 -0.550012
5.66567 -0.636548
5.4538 1.69409
5.66611 2.02091
5.59321 1.9402
6.8033 1.71596
6.96631 1.44481
6.99469 1.38362
5.91196 -0.841419
6.03192 -0.880593
7.09964 0.14103
6.97175 -0.202119
7.1102 0.184756
5.43602 -0.178075
5.34715 0.159333
5.41998 -0.13198
5.33424 0.23429
5.29088 0.770607
5.32932 0.265518
5.29122 0.730215
7.1586 0.675101
7.15841 0.681704
7.02503 1.31
7.15825 0.686219
7.07995 1.15665
