6.80438 -0.522669
6.75237 -0.582873
6.55711 -0.76481
6.58629 -0.741474
7.08157 1.23821
7.07063 1.27211
6.88363 1.65234
6.93729 1.56562
5.75067 -0.79297
5.76356 -0.803457
6.2031 2.2107
6.2164 2.20616
6.41865 2.11833
6.43474 2.10814
6.32832 -0.893675
6.3778 -0.871366
5.94121 2.22209
5.99362 2.23025
5.70182 2.11507
5.79057 2.17253
6.84863 -0.463842
6.89302 -0.399657
5.2659 0.948637
5.26143 0.843413
5.28759 1.17903
5.27995 1.11475
7.13767 1.04207
7.15197 0.972223
5.57155 -0.569422
5.52399 -0.47985
5.62672 -0.650337
5.57179 -0.569795
5.38497 1.61373
5.41805 1.70708
5.32522 1.40267
5.32512 1.40217
5.56403 1.97086
5.59752 2.01441
5.46308 1.80409
5.42395 1.72088
6.64995 1.94104
6.61724 1.97095
6.94667 1.5485
6.99047 1.46227
5.93437 -0.906516
5.97964 -0.919446
6.12378 -0.93733
6.08747 -0.935044
7.11253 0.0777753
7.08985 0.00524508
7.02276 -0.163981
7.0048 -0.202928
5.40594 -0.19571
5.44185 -0.292315
5.38096 -0.109795
5.36953 -0.0684333
5.32591 0.112011
5.32118 0.135818
5.28899 0.338672
5.27844 0.427454
5.26566 0.585599
5.26122 0.699118
7.18459 0.500814
7.1868 0.570571
7.15152 0.236908
7.16646 0.322403
7.1152 1.13089
7.10936 1.1534
7.16471 0.899766
7.13177 1.0684
6.56561 2.01531
6.69071 1.89932
6.73346 1.85194
6.44879 2.09865
6.48661 2.07492
6.79279 1.78238
6.79447 1.78022
5.39113 -0.144809
5.40576 -0.195124
7.03718 1.35941
7.03343 1.36827
7.17933 0.786316
7.18103 0.768147
5.80332 2.17826
5.89123 2.21187
6.67698 -0.663747
6.82626 -0.494718
6.66632 -0.673294
6.49117 -0.809069
5.2748 1.06503
5.26772 0.977384
5.48409 -0.399662
5.47929 -0.388499
5.35307 1.50951
5.3675 1.55761
5.50853 1.89072
5.50589 1.88641
6.78677 1.79016
6.75075 1.83225
6.84878 1.70466
6.94008 1.56084
5.84171 -0.861481
5.68895 -0.728864
6.22031 -0.926077
6.1808 -0.931223
7.07302 -0.04152
7.04993 -0.101364
5.34927 0.00773255
5.35772 -0.025687
5.27512 0.460886
5.26682 0.565146
7.17233 0.364599
7.18095 0.447759
6.17154 2.21678
6.31021 2.17352
6.44215 -0.839861
6.23583 -0.921635
6.09758 2.22939
6.05358 2.22993
5.69199 2.10781
6.9434 -0.319884
6.67393 -0.666627
6.95506 -0.30003
5.26111 0.829705
5.2987 1.25583
7.17643 0.813734
7.16847 0.875913
5.47535 -0.378766
5.47786 -0.385054
5.57164 -0.569574
5.66144 -0.697944
5.4213 1.71509
5.32553 1.40399
5.30435 1.29133
5.62719 2.04605
5.51259 1.89666
7.00414 1.43321
6.82391 1.74002
7.02261 1.39216
5.85607 -0.869158
6.02844 -0.931212
6.96046 -0.289985
7.12395 0.117486
7.14251 0.194264
5.4058 -0.19525
5.33556 0.0649779
5.38721 -0.131776
5.30689 0.218753
5.26051 0.771325
5.29633 0.28589
5.261 0.713043
7.18691 0.64692
7.18586 0.682716
7.06448 1.28851
6.54256 2.0345
6.52837 2.04598
6.32624 2.16613
7.18498 0.707197
7.10132 1.18159
6.34251 2.15765
6.3814 2.13877
6.49804 2.06709
