6.411 2.22165
6.36959 2.24327
5.80311 2.29552
5.78117 2.28708
6.61876 -0.818847
6.64474 -0.798066
7.14888 1.24069
7.14816 1.24292
5.2035 0.987166
5.20946 1.07451
5.4545 -0.518224
5.43722 -0.478987
5.54932 -0.693078
5.56167 -0.712992
5.4861 2.02121
5.47651 2.0051
5.92647 -1.02144
5.84436 -0.986592
6.11634 -1.04537
6.19668 -1.03496
7.10584 -0.139528
7.14136 -0.0446199
5.20449 0.550844
5.21037 0.469481
7.24365 0.442007
7.23276 0.34192
5.9851 2.33619
6.02405 2.33486
6.1893 2.31387
6.19556 2.31258
6.77718 -0.667067
6.8056 -0.634406
6.5347 -0.883807
6.45467 -0.933426
6.97031 -0.40614
6.94387 -0.448885
7.21809 0.961996
7.21595 0.974582
7.24356 0.753152
7.24752 0.701948
5.38783 -0.36123
5.37388 -0.320893
5.31804 1.65697
5.31966 1.66155
5.26313 1.44279
5.24603 1.35702
5.22373 1.21859
5.22717 1.24295
5.39224 1.84986
5.40455 1.8767
5.61257 2.17149
5.58664 2.14697
6.80584 1.87633
6.82356 1.85452
7.03663 1.51617
7.0252 1.53866
6.8922 1.7627
6.92961 1.70603
5.74198 -0.919159
5.66973 -0.850026
6.31076 -1.00327
6.21895 -1.03071
7.07744 -0.204855
7.05564 -0.252144
7.18488 0.0990707
7.20546 0.183832
5.24668 0.175034
5.26598 0.077957
5.19762 0.803648
5.19795 0.837957
5.22794 0.303985
5.24461 0.187304
7.25028 0.611017
7.25054 0.588181
7.11807 1.3275
7.11948 1.32354
7.19035 1.08996
7.17327 1.15576
7.21089 1.00183
7.19544 1.07074
7.21484 0.981281
7.23019 0.878187
6.73931 1.95606
6.73096 1.96461
5.31239 -0.123712
5.29853 -0.0679922
6.57126 2.11112
6.60715 2.08276
6.74665 1.94793
6.65368 2.04013
6.61139 2.07892
6.83828 1.8355
6.86457 1.80166
5.32917 -0.180012
5.33344 -0.194674
6.35673 2.24988
6.31395 2.26978
7.23679 0.831393
5.28868 -0.0266983
5.28361 -0.00466673
5.19776 0.742157
5.19801 0.707651
6.52056 2.15138
6.48465 2.17524
5.69277 2.23704
5.88227 2.32113
6.8417 -0.590129
6.87753 -0.544358
6.55375 -0.869661
6.653 -0.791028
5.2117 1.104
5.20084 0.939204
5.47343 -0.558657
5.41384 -0.424642
5.60587 -0.773027
5.53395 -0.666781
5.28861 1.55116
5.27781 1.50641
5.43666 1.93715
5.49386 2.03301
6.98492 1.61319
6.94954 1.67377
5.83346 -0.981382
5.97529 -1.03323
6.21299 -1.0325
6.07026 -1.04387
7.10124 -0.15104
7.14991 -0.0188895
5.27592 0.0295241
5.20129 0.605604
5.21429 0.426317
7.22812 0.30906
7.24563 0.466796
5.95381 2.33254
6.08973 2.33239
6.19809 2.31172
6.3027 2.27496
6.42078 -0.953335
6.33393 -0.993019
5.68196 2.23003
6.72753 -0.718518
6.90941 -0.500346
7.00451 -0.347905
7.08412 1.4142
7.08585 1.41003
5.19843 0.868408
5.223 1.21262
5.39614 -0.382095
5.36921 -0.307127
5.50057 -0.608822
5.65223 -0.831893
5.35473 1.7581
5.31546 1.64869
5.24135 1.33203
5.54522 2.09901
5.38246 1.8264
7.07301 1.43878
6.87016 1.79402
5.74733 -0.923132
6.02079 -1.04232
7.04975 -0.263704
7.17629 0.0668158
7.21168 0.214626
5.34442 -0.230123
5.31455 -0.131324
5.24518 0.183689
5.19757 0.772814
5.22467 0.330138
5.19874 0.677669
7.25051 0.583599
6.53109 2.1433
6.54065 2.13596
7.24813 0.68501
7.08755 1.40592
7.1331 1.28548
7.2372 0.827598
6.43497 2.20658
7.14977 1.23815
6.47573 2.18108
