7.71618 -0.301743
7.74871 -0.200715
6.18459 -2.09097
6.18735 -2.08947
5.04304 3.0725
5.06101 3.09398
4.58277 1.48778
4.58937 1.5515
5.12973 -1.78285
5.12891 -1.78114
4.65178 2.01292
4.64962 1.99999
4.6299 -0.0766519
4.62437 -0.0398429
7.55747 -0.675313
7.52891 -0.730861
6.37911 3.18576
6.31496 3.21907
7.5623 1.86576
7.57439 1.84001
4.70524 2.27046
4.70019 2.24993
6.69615 2.97394
6.70177 2.96952
7.48467 2.0217
7.48442 2.02217
7.32246 2.2912
7.28284 2.3498
7.75959 1.32332
7.76528 1.30176
7.7827 -0.0754093
7.80683 0.0318613
7.66526 -0.438344
7.64929 -0.47757
5.78342 -2.23102
5.81177 -2.22583
5.5856 3.38722
5.50438 3.37471
5.30431 3.29955
5.36509 3.32904
5.10885 3.14877
5.15883 3.1964
7.83097 0.165871
7.83035 0.162288
7.85677 0.426045
7.84735 0.299981
4.95366 -1.36461
4.98111 -1.43836
5.05186 -1.61725
5.05181 -1.61714
6.57403 3.06285
6.58493 3.05563
4.57777 1.42318
4.57736 1.41867
4.61514 1.77091
4.62013 1.80816
4.80332 -0.87861
4.78092 -0.796682
4.59089 0.228072
4.59388 0.200158
5.92507 3.36566
5.98486 3.34947
6.12823 3.30451
6.15446 3.29466
6.88859 2.80649
6.86151 2.83242
6.69106 2.97785
6.39014 -1.96938
6.37659 -1.97761
6.79138 -1.6594
6.77244 -1.67584
6.99699 -1.46042
6.94737 -1.51094
7.31734 -1.07409
7.32309 -1.06625
7.42314 -0.915583
7.42896 -0.906223
7.85972 0.52307
7.85795 0.457063
4.55763 0.9134
4.55721 0.892842
4.56175 1.12182
4.56328 1.16739
4.88722 -1.16394
4.90036 -1.20671
4.7037 -0.471316
4.71043 -0.502498
5.21537 -1.92882
5.26122 -1.99441
4.57285 0.448143
4.58071 0.335098
4.56396 0.606421
4.56178 0.654908
4.7428 2.41876
4.72942 2.36843
7.18725 -1.24467
7.16066 -1.27771
7.8364 0.929696
7.84288 0.880239
4.66226 -0.262928
4.6539 -0.216879
7.85965 0.550937
7.85861 0.643702
7.75168 -0.190674
7.71025 -0.318877
6.1979 -2.08351
6.08651 -2.13863
7.06123 -1.39062
7.09993 -1.34818
6.44861 3.14389
6.26729 3.2442
4.80781 2.62381
4.80139 2.60504
7.13649 2.5411
7.15837 2.51472
7.81296 1.08252
7.80503 1.125
7.40583 2.15951
7.38964 2.18627
7.23431 2.41647
7.26733 2.37168
7.71115 1.49016
7.71165 1.48863
7.67676 -0.409144
6.594 3.04946
6.52835 3.09353
4.60846 1.7223
4.60332 1.67983
4.58269 1.48696
4.58227 1.48197
5.58437 -2.22424
5.63768 -2.2315
5.53802 -2.21085
5.53322 -2.20903
4.82238 -0.947584
4.8881 2.81643
4.90308 2.8496
5.85393 3.37987
5.87131 3.37658
6.02043 3.34041
6.16603 3.2894
6.04038 3.33501
6.47089 3.13075
5.70924 3.39318
5.768 3.38895
5.65338 3.39316
5.65739 3.3935
6.84109 2.85021
6.35947 -1.98833
6.48246 -1.90638
6.91365 -1.54508
7.02978 -1.42541
5.96375 -2.1862
5.93508 -2.19652
6.01082 -2.16891
6.06582 -2.1479
4.55853 0.996688
4.55838 0.976899
4.56121 1.1039
4.85466 -1.05994
4.85818 -1.0713
4.90428 -1.21889
4.90216 -1.21235
4.57121 0.471452
4.57206 0.459288
4.58123 0.328837
4.60825 0.079643
4.60633 0.0945516
4.56472 0.589709
4.76228 2.48683
4.75418 2.46049
7.6128 1.75331
7.61748 1.74239
6.97649 2.71842
7.02094 2.6729
7.27064 -1.13873
7.2603 -1.1524
7.84924 0.812813
7.84578 0.851593
5.88456 -2.21106
5.8534 -2.21886
4.56051 1.0404
4.5606 1.08531
4.92547 -1.28257
4.9452 -1.34004
4.58273 1.48734
4.6816 -0.3679
4.67973 -0.358193
4.76594 -0.739544
4.77586 -0.77823
5.35432 -2.09755
5.36844 -2.10926
4.5693 0.524484
4.56542 0.573923
4.66249 2.07097
4.67329 2.12732
4.86228 2.76103
4.83329 2.69265
7.64498 1.67373
7.65114 1.65808
7.61114 -0.565147
7.60845 -0.57107
5.69599 -2.23577
5.75904 -2.23409
4.62509 1.84284
4.62921 1.87234
5.42777 -2.15587
5.41414 -2.14744
5.29314 -2.03294
5.26623 -2.00161
7.27672 -1.13055
6.27016 -2.04288
6.48933 -1.90173
6.58315 -1.83199
4.96668 2.96304
4.9786 2.9819
4.57218 1.34969
4.56954 1.30687
4.61139 1.74399
4.58173 0.323202
4.58725 0.263588
4.55701 0.829223
4.55723 0.806327
5.67236 -2.23621
5.40387 3.34488
5.50205 3.37413
5.07861 3.1157
5.01351 3.03406
7.84668 0.29333
7.83103 0.166283
5.05174 -1.61699
5.01581 -1.52808
5.12782 -1.77884
5.17053 -1.85581
4.64164 1.9545
4.66122 2.06365
7.49509 -0.792733
7.5844 -0.621169
7.52756 1.93799
7.60776 1.76504
4.68784 2.19717
4.71444 2.30919
4.82469 2.67039
4.82246 2.66411
7.09852 2.5867
7.10121 2.5836
6.86178 -1.59453
6.8936 -1.56504
7.37373 -0.991638
7.40984 -0.9367
7.44585 2.09141
7.48631 2.01856
7.27923 2.35497
7.33776 2.26811
7.68264 1.57398
7.70424 1.51067
7.78008 1.24025
7.73968 1.3964
7.85627 0.693699
7.85351 0.755718
7.8093 0.0439905
7.7806 -0.0838624
5.20588 3.23554
5.25284 3.26844
5.60579 3.38968
7.85707 0.431204
4.94793 -1.34786
4.99645 -1.47735
5.09192 -1.70409
4.72656 -0.574293
4.74394 -0.648524
5.49235 -2.19311
5.44544 -2.16603
5.19657 -1.90128
5.10268 -1.7264
4.6388 1.93633
4.68528 2.18623
4.67636 2.14303
7.47014 -0.836682
6.68985 -1.74762
6.68017 -1.75536
6.67136 -1.76246
7.35618 -1.0179
7.29815 -1.10104
7.85988 0.534088
5.98558 -2.17928
4.68685 -0.393732
5.26473 -1.99951
4.72343 2.34424
4.74509 2.42765
7.84379 0.870644
7.83184 0.966972
4.64361 -0.15756
4.83186 -0.981331
4.76492 2.49498
4.79131 2.57699
7.17421 2.49473
7.09358 2.59239
7.82835 0.98916
7.78835 1.20464
7.22319 2.43126
7.52168 1.94956
7.43851 2.10429
7.36469 2.22608
7.73666 1.40662
7.6811 1.57836
4.57345 1.36718
5.54371 -2.21238
5.91528 -2.2019
4.82791 -0.967227
4.55704 0.87056
4.56486 1.21478
4.56616 1.24625
4.55974 0.700718
4.55842 0.740337
7.12141 -1.32375
7.85127 0.792517
4.59722 1.62827
4.59469 1.60514
5.38943 -2.12754
5.33872 -2.08385
5.81336 3.38572
5.79951 3.38694
7.67934 1.58323
7.61398 -0.559065
5.00935 3.02813
4.6357 1.91519
5.31164 -2.05356
4.5943 0.196237
5.00156 3.01632
4.94951 2.93465
6.29167 -2.03065
5.32209 -2.06609
4.62051 -0.0117033
5.64157 3.39237
5.00746 3.02509
4.5689 1.29488
4.56808 1.28139
4.58743 0.261463
4.55763 0.785277
4.55791 0.764703
4.92112 2.88406
5.66585 3.39372
6.58926 -1.82757
4.55818 0.956902
4.56365 1.18421
4.87965 -1.14075
4.56079 0.673624
7.04061 2.65151
6.4899 3.11914
4.60122 1.66393
4.58994 1.55799
7.63409 -0.513503
