7.6339 0.0526047
7.63609 0.0618365
7.49743 -0.385566
7.45707 -0.479879
4.75758 1.32259
4.76059 1.35989
4.96762 -0.731541
4.98235 -0.778946
4.85307 -0.270829
4.8403 -0.205818
6.98164 2.43402
6.95813 2.45968
4.76644 0.300187
4.77039 0.260608
4.73963 0.782315
4.73885 0.804547
4.95959 2.34916
4.96204 2.3559
6.21307 -1.78018
6.22715 -1.77493
7.20575 -0.91619
7.19783 -0.927903
6.62301 -1.53034
6.58262 -1.56014
7.10871 2.27932
7.09907 2.29196
7.68543 0.457688
7.68825 0.533154
7.67259 0.869437
7.67803 0.818399
7.57513 -0.169699
7.55204 -0.239952
5.32714 2.92519
5.26469 2.86791
5.52473 3.04106
5.4561 3.00987
7.67439 0.312452
7.66482 0.231509
5.33177 -1.56282
5.28803 -1.49573
5.16546 -1.26615
5.19503 -1.32841
4.78125 1.55914
4.7885 1.61655
4.78977 1.62554
4.80637 1.73227
4.83958 1.91028
4.84918 1.95769
6.03141 -1.84412
6.01484 -1.84794
5.70439 -1.84993
5.64584 -1.83128
5.83375 -1.86886
5.84181 -1.86883
4.92545 -0.578289
4.94482 -0.65048
5.39612 -1.64379
5.3903 -1.63642
5.0454 -0.971339
5.03173 -0.931145
5.13279 2.70546
5.13672 2.71149
6.36368 2.93062
6.39105 2.91654
6.14229 3.02956
6.14694 3.02796
5.93563 3.08049
5.96944 3.07362
5.72555 3.0883
5.72895 3.08854
6.42429 -1.66864
6.36823 -1.70099
6.8258 -1.35628
6.77275 -1.4045
7.30061 -0.771205
7.33262 -0.718438
7.68857 0.640609
7.68861 0.635002
7.45778 1.67627
7.44541 1.70511
6.5528 2.8167
6.5238 2.83577
6.91976 -1.26287
6.93481 -1.24753
7.49245 1.59187
7.51458 1.53362
4.73954 0.935034
4.74017 1.01797
5.13823 -1.20796
5.11591 -1.15395
4.81102 -0.0461298
4.7954 0.0569831
4.75554 0.423957
4.75025 0.492003
4.83286 -0.166345
4.81394 -0.0641742
7.45327 -0.488533
7.50806 -0.359217
7.62476 1.16098
7.62012 1.1808
6.90072 2.521
6.84352 2.57729
6.98494 -1.19269
7.00512 -1.1704
7.36868 1.86563
7.37752 1.84837
7.16471 2.20184
7.19856 2.15288
7.5786 1.34034
7.57485 1.35332
7.65665 0.992123
7.65865 0.978269
7.53816 -0.279397
7.58937 -0.122015
4.74871 1.19628
4.74591 1.14163
5.64247 -1.82966
5.59037 -1.80488
4.76126 0.35472
4.75813 0.391109
4.74356 0.626624
4.74272 0.651963
4.73907 0.890413
4.9986 2.44713
4.96396 2.36053
4.88869 -0.434763
4.89882 -0.47696
7.29343 2.00323
7.28544 2.01673
4.74144 1.04018
4.74177 1.06333
4.75294 1.26271
5.98125 -1.85507
5.9422 -1.86135
5.7385 -1.85837
5.81809 -1.86691
4.8697 -0.34932
6.69198 2.71189
6.72558 2.6848
6.63887 2.75511
6.66362 2.7351
4.77281 0.238837
4.77756 0.19534
4.74694 0.549061
4.74837 0.521569
4.74207 0.676325
4.73937 0.759716
7.1049 -1.05124
7.11982 -1.033
6.94635 -1.2356
7.68455 0.729974
7.68849 0.643663
7.37678 -0.639143
7.3603 -0.670131
5.4922 -1.7385
5.47962 -1.72882
5.3686 -1.60991
5.34603 -1.58139
5.03135 2.52113
6.30575 2.9608
6.27125 2.97689
4.77954 1.54421
4.77309 1.48821
5.88241 -1.86749
5.92324 -1.86406
5.42616 -1.67638
5.44195 -1.69185
4.93026 2.26167
4.91489 2.20981
7.53778 1.46859
7.54614 1.44488
7.60405 -0.0708975
6.08055 -1.83007
6.10556 -1.82172
4.90084 -0.484953
7.6447 0.110004
7.63197 0.0438618
5.42531 2.99335
5.35186 2.94424
5.2421 -1.41925
5.23861 -1.41357
4.76248 1.38232
4.75542 1.29574
4.82654 1.8457
4.81982 1.80908
4.99162 -0.808021
4.95279 -0.679232
5.08 -1.06341
5.04939 -0.982738
6.61071 2.77565
6.98931 2.42539
6.91432 2.50678
5.08326 2.62236
5.04646 2.55394
6.26338 -1.75625
6.19654 -1.78692
7.16281 -0.974674
7.2264 -0.886493
6.2524 2.98573
6.14808 3.0275
5.90016 3.08473
5.83138 3.09019
6.52316 -1.60378
6.68032 -1.48393
7.25181 -0.847981
7.26392 -0.829511
7.33112 1.93704
7.33463 1.93064
7.14986 2.22309
7.09478 2.29734
7.602 1.257
7.60134 1.25958
7.68835 0.549656
7.684 0.427008
6.42896 2.89485
6.44784 2.88448
7.658 0.185638
5.23048 2.83224
5.58367 3.06085
5.62517 3.072
5.19018 2.78363
7.67938 0.364545
5.23539 -1.40794
5.34152 -1.57579
5.15378 -1.24205
4.77152 1.47348
4.78861 1.61744
4.78044 1.55238
4.8115 1.76133
4.87267 2.06234
4.90389 -0.496897
5.00549 -0.851121
5.55611 -1.78553
5.50489 -1.74788
5.01357 -0.877739
5.1032 -1.12199
4.77961 0.177738
4.79292 0.0742431
5.12814 2.69762
6.32632 -1.72557
7.06476 -1.10137
7.07562 -1.08822
4.87408 2.06855
4.87344 2.06583
6.33168 2.9478
6.08208 3.04794
5.73191 3.08857
6.0406 3.05906
5.64843 3.07632
6.72386 -1.44815
6.47903 -1.63276
6.86058 -1.32228
7.34765 -0.692353
7.68855 0.641775
7.41997 1.76097
7.48113 1.62049
6.46713 2.87299
7.13676 -1.01067
4.87729 2.08079
4.81346 -0.0614039
7.63591 1.1072
7.60591 1.24103
7.63953 1.08711
7.64364 1.06704
6.81287 2.60673
6.76946 2.6457
7.04515 2.35881
7.40509 1.79269
7.31156 1.9717
7.2279 2.10842
7.24544 2.08149
7.55298 1.4239
7.65494 1.00231
7.66863 0.905747
7.67966 0.798022
7.4045 -0.587181
7.39674 -0.602407
6.73642 2.67525
7.25645 2.06436
5.93153 -1.86319
5.45793 -1.70808
7.60799 -0.0561571
5.40573 -1.65549
6.12913 -1.81421
6.0482 -1.83918
5.03798 2.5366
7.43521 -0.525452
5.57659 -1.79699
7.03069 -1.14151
