6.2216 1.98415
6.2528 1.97347
5.95364 1.98119
6.01286 1.99581
5.52981 1.52015
5.52932 1.51873
5.6195 1.70303
5.62264 1.70826
6.91005 1.2942
6.91082 1.29256
5.60362 -0.253655
5.58501 -0.210968
5.51278 -0.0169113
5.50412 0.0123488
6.37462 -0.647834
6.44277 -0.611486
6.15735 -0.700337
6.14095 -0.699021
5.95819 -0.656673
6.01038 -0.675138
5.77667 -0.519314
5.81145 -0.552164
5.74474 1.85796
5.81174 1.91457
6.81529 -0.233643
6.77904 -0.289304
6.60921 -0.48824
6.63182 -0.466163
5.42536 1.09396
5.44102 1.19882
5.40566 0.862342
5.40924 0.927789
5.46676 1.31218
5.44265 1.20762
6.65336 1.69831
6.70688 1.63627
6.73743 1.59701
6.78126 1.53283
6.89167 -0.099199
6.89366 -0.095317
6.94534 0.028563
6.97545 0.116009
5.67975 -0.392239
5.668 -0.371943
5.45527 0.205915
5.45906 0.187668
5.40451 0.664498
5.40663 0.609336
5.42317 0.414913
5.43426 0.33124
6.42959 1.88965
6.41006 1.90333
7.03053 0.357372
7.01647 0.278255
7.05029 0.634523
7.04784 0.529669
7.04722 0.708154
7.04271 0.770335
6.93768 1.22759
6.9359 1.23284
6.54596 1.80349
6.57964 1.77573
6.96524 1.14809
7.00837 0.986398
7.02094 0.927539
6.86295 1.3921
6.85558 1.40647
6.48327 1.85408
6.26376 -0.685909
6.31273 -0.670436
5.8651 -0.600349
5.89813 -0.621186
6.14329 1.9975
6.32858 1.94657
6.09743 2.00054
5.91123 1.96818
6.73642 -0.348176
6.7094 -0.381572
5.41319 0.979582
5.4219 1.0654
5.49585 1.41726
5.53063 1.52224
5.67652 1.78218
5.6161 1.69672
6.91666 1.27933
6.88403 1.34977
6.89418 -0.094161
6.93751 0.00748073
5.56659 -0.166655
5.62968 -0.303135
5.52531 -0.057523
5.48479 0.0847383
5.41678 0.472551
5.41346 0.507099
7.04556 0.490823
7.03708 0.405412
6.49056 -0.582831
6.17503 -0.698222
6.05567 -0.689648
5.74029 -0.474008
6.37269 1.92311
6.35106 1.93572
6.11629 2.00138
5.83366 1.92783
5.71485 1.82922
6.66969 -0.425691
6.8419 -0.190464
6.54492 -0.541718
5.44218 1.20547
5.40345 0.794102
5.40309 0.742041
5.47923 1.35889
5.68745 -0.404861
7.04044 0.792749
7.02965 0.870796
5.57409 1.61637
6.59786 1.75873
6.7207 1.61953
6.80549 1.49412
6.83697 1.44046
6.9847 0.147816
5.54657 -0.115258
5.46116 0.178186
5.43998 0.294375
5.41115 0.53818
6.47078 1.86403
7.00663 0.232746
7.05004 0.651406
6.99055 1.06319
6.96757 1.14053
6.99617 1.04148
7.02335 0.914593
6.58656 1.76985
6.99226 1.05731
6.93375 1.23864
