4.5733 -1.38262
4.57273 -1.38007
8.02862 -0.313694
8.04763 -0.251568
4.66852 -1.77705
4.68288 -1.83114
4.2505 1.35826
4.24638 1.30537
4.24009 0.850272
4.2392 0.801549
6.85025 3.29374
6.81324 3.32434
4.36297 -0.432364
4.37354 -0.489334
4.30699 2.06002
4.31012 2.0874
4.87332 -2.57238
4.87001 -2.55717
4.29339 0.00451775
4.29043 0.028323
4.2655 0.270134
4.26538 0.271367
7.81843 -0.8332
7.85317 -0.762794
5.33997 -3.11176
5.32242 -3.11679
7.82575 2.00351
7.86013 1.92667
5.03462 3.83585
5.05086 3.84472
4.84757 -2.47563
4.85161 -2.4883
7.13652 3.02317
7.20338 2.953
8.11076 1.08414
8.09231 1.18679
5.27503 -3.12373
5.23344 -3.12955
7.44387 2.65759
7.4661 2.62775
4.63383 3.40077
4.65735 3.44672
5.51829 -3.03877
5.52172 -3.03669
7.97517 1.62931
7.98323 1.60503
8.15767 0.595233
8.15539 0.674794
4.93101 -2.76573
4.91169 -2.69986
5.15211 -3.11512
5.13331 -3.10266
5.0682 -3.05085
5.09055 -3.07421
4.99384 -2.92907
5.01241 -2.96168
4.9601 -2.84523
4.95606 -2.83347
4.70673 -1.9228
4.71871 -1.97458
4.6512 -1.70357
4.62981 -1.61477
6.64511 3.45739
6.59917 3.49036
5.99359 3.82384
6.00149 3.82071
5.68189 3.91447
5.7648 3.89672
6.24703 3.70843
6.26478 3.69958
7.07501 3.08679
7.26331 2.8849
7.21518 2.94022
7.63041 -1.1598
7.66085 -1.11256
7.52937 -1.30931
7.54037 -1.29374
7.00282 -1.91743
7.06628 -1.85444
6.83754 -2.07394
6.87515 -2.04035
4.74179 3.57737
4.74159 3.5771
6.65925 -2.23098
6.64616 -2.24169
7.95358 -0.530954
7.93489 -0.578686
8.1562 0.430064
8.15561 0.415618
4.26401 1.61862
4.26365 1.61413
5.57214 3.92965
5.63372 3.92208
7.68768 -1.06924
7.74006 -0.979657
4.53469 3.16991
4.55261 3.21977
6.95182 3.20391
6.97954 3.17791
4.32925 2.22408
4.33656 2.27413
7.1601 -1.75433
7.20487 -1.70576
5.97348 -2.76084
5.98393 -2.75366
6.03432 -2.71816
6.06619 -2.69492
4.57233 -1.37832
4.57259 -1.37942
4.61707 -1.56461
4.2389 0.992225
4.2388 0.977274
4.25579 1.48948
4.25559 1.48583
5.87706 3.86513
5.82819 3.8785
4.40451 -0.640694
4.38639 -0.554554
4.25096 0.472373
4.25143 0.464506
5.48963 3.93497
5.48395 3.93528
4.344 2.31457
4.35016 2.36186
4.33433 -0.271656
4.32421 -0.209777
7.90926 1.80851
7.94333 1.71976
7.72941 2.19971
7.76885 2.12271
4.36904 2.48749
4.37053 2.49663
4.3968 2.64069
4.40828 2.70152
4.93153 3.77221
4.93772 3.77632
5.17433 3.8937
5.18169 3.89622
5.32413 3.92651
5.35016 3.92909
8.05979 1.33688
8.06188 1.32871
7.35795 2.77128
7.40001 2.71698
7.4862 2.59935
7.52819 2.53833
6.92165 -1.99598
6.9712 -1.94938
7.60208 2.42357
7.63668 2.36681
4.58127 3.28881
4.5873 3.30428
5.40939 -3.08763
5.42259 -3.08288
4.73373 -2.03733
4.74603 -2.07925
4.78968 -2.24841
4.80022 -2.28692
4.75643 -2.12049
4.76369 -2.14844
8.02742 1.4604
8.00485 1.53871
5.86411 -2.83362
5.89977 -2.81062
5.66775 -2.9572
5.74765 -2.9079
6.52302 -2.34501
6.53207 -2.33793
8.06361 -0.194079
7.99506 -0.418516
7.96974 -0.488088
6.66385 3.44296
6.70785 3.40928
6.8798 3.26782
6.91586 3.23614
5.95862 3.83716
5.9881 3.82618
6.04312 3.80366
6.07812 3.78863
5.78859 3.88986
5.65112 3.91984
4.28964 1.91498
4.29168 1.93278
4.31915 2.15552
6.20878 3.72812
6.15078 3.75528
6.43146 3.60358
6.42527 3.6072
6.48691 3.56826
6.48663 3.56845
4.4424 2.85554
4.44338 2.8598
7.29215 2.85214
6.75077 -2.15137
6.77826 -2.12789
7.08148 -1.83839
4.74201 3.57765
8.15246 0.723757
8.14778 0.788387
6.32665 -2.50061
6.3415 -2.48943
6.45242 -2.40174
6.46854 -2.38904
6.57432 -2.3021
6.59566 -2.28455
6.70708 -2.18924
4.65816 -1.73233
8.15487 0.402346
8.15866 0.544342
4.51597 -1.13946
4.5228 -1.16805
4.48977 -1.02831
4.49294 -1.04191
4.24561 0.583667
4.24512 0.59491
4.48206 3.00334
4.47585 2.98301
7.41205 -1.46511
7.43041 -1.44207
7.31537 -1.58237
7.34327 -1.54961
4.43956 -0.804454
4.43634 -0.789545
4.46416 -0.916738
4.46395 -0.915753
4.24025 1.0901
4.24051 1.10427
6.18821 -2.60569
6.16837 -2.62082
8.0116 -0.369246
4.88447 3.73449
4.84573 3.69823
8.13212 0.151655
8.12979 0.134762
4.47693 -0.972551
4.47841 -0.978835
4.24218 0.72327
4.23968 0.772276
7.05273 3.10882
7.0154 3.14431
6.74798 3.37794
6.77439 3.35612
4.30334 2.03591
4.29903 1.9964
4.28081 1.81961
4.27941 1.80557
4.83182 -2.41247
4.82702 -2.39542
8.13903 0.87166
8.14449 0.824603
8.12951 0.956232
8.13449 0.91792
4.51959 3.1277
4.51335 3.10773
5.66721 -2.95754
5.6073 -2.99013
5.66681 -2.95779
5.80505 -2.87243
8.08212 -0.122255
7.92997 -0.590674
7.92551 -0.601887
6.54156 3.53138
6.54644 3.52786
8.15856 0.563985
4.27812 1.7927
4.27386 1.74196
7.26386 -1.64147
7.24315 -1.66471
5.9382 -2.78486
5.90248 -2.80874
8.13418 0.166345
8.13995 0.21838
4.69621 -1.88506
4.24527 1.23127
4.24556 1.28368
6.32054 3.66922
6.36085 3.64556
7.30989 2.83006
7.33007 2.80602
4.78954 3.63817
4.83348 3.68614
6.22452 -2.5785
6.2686 -2.54543
8.14652 0.284633
8.14543 0.273025
4.24613 1.29477
4.25209 1.41446
4.23962 0.786773
4.23886 0.898797
4.3829 -0.537005
4.35926 -0.412444
4.90095 -2.67025
4.8893 -2.62544
4.86206 -2.52642
4.85434 -2.49724
4.27817 0.139377
4.30621 -0.0913536
4.25654 0.385813
4.2669 0.255283
7.87446 -0.717047
7.79802 -0.872874
5.30153 -3.12175
5.34401 -3.10999
7.86905 1.90586
7.81544 2.02597
4.37112 2.49979
4.38863 2.59956
4.50465 3.07895
4.49379 3.04543
5.25151 3.91393
5.19411 3.89941
8.11621 1.05059
8.08808 1.20816
5.21241 -3.12935
7.29829 -1.60244
4.66441 3.45806
4.62079 3.37676
4.55811 3.23377
4.56276 3.24508
5.5856 -3.00283
5.51081 -3.04283
4.939 -2.78516
5.10548 -3.08755
5.16395 -3.11919
5.05607 -3.03133
5.03032 -2.9983
4.98474 -2.90401
4.96159 -2.85052
8.14759 0.295959
8.11145 0.016323
8.11599 0.0412068
8.10505 -0.0166226
7.75616 -0.950599
7.90501 -0.648795
7.67929 -1.08312
7.61638 -1.1816
7.58034 -1.23509
7.50898 -1.33799
6.3902 -2.4513
6.405 -2.43994
4.50277 -1.08396
4.50774 -1.10499
4.25931 1.55141
4.26851 1.67829
4.46122 2.92881
4.45881 2.92052
7.3647 -1.5236
7.3873 -1.49615
5.94187 -2.78228
5.98562 -2.75258
6.02509 -2.72432
6.08303 -2.68337
4.52935 -1.19485
4.54552 -1.26239
4.23896 0.92869
4.2393 1.04077
4.25286 1.4286
4.25922 1.54998
4.34427 -0.327029
4.41611 -0.698255
4.25514 0.404548
4.24789 0.529714
5.43489 3.93456
5.49875 3.93444
5.39965 3.93381
4.31215 -0.132517
4.27711 0.149397
7.77926 2.10145
7.90282 1.82467
7.9464 1.71144
7.72043 2.217
4.3546 2.39234
4.42587 2.7837
4.93069 3.77154
4.98985 3.81092
5.07867 3.85719
5.11488 3.87301
5.29803 3.92205
8.06232 1.32682
8.03166 1.44528
7.54852 2.50791
7.58644 2.44873
7.42273 2.68728
7.45763 -1.40688
7.47695 -1.38183
7.68361 2.28474
7.64281 2.35643
4.60642 3.34444
4.69749 3.51375
4.55636 3.22972
4.80798 -2.31935
4.78225 -2.2177
4.8182 -2.35613
8.00327 1.54381
5.90172 -2.8093
5.84001 -2.8489
6.098 3.78039
6.29458 3.68333
4.43021 2.80452
4.44667 2.87322
6.278 -2.53857
6.51438 -2.35212
6.63414 -2.25206
4.26932 1.68768
4.24354 0.647511
4.42716 -0.74838
4.44998 -0.852654
4.45172 -0.860697
4.4659 -0.924597
4.24204 1.15464
6.10694 -2.66524
4.24258 1.18058
4.2426 0.67257
5.37808 -3.09967
5.45005 -3.07127
4.42258 -0.72644
5.35063 -3.10789
6.36903 3.64073
7.67393 2.30202
4.77101 -2.17808
5.82647 -2.8578
8.09236 -0.078835
6.1209 3.76951
4.29408 1.95264
6.48125 3.57191
4.42827 2.79528
