7.54353 -0.428725
7.52767 -0.465795
5.31933 3.05321
5.35212 3.07512
4.68432 1.15702
4.67927 1.05341
5.14181 -1.41221
5.12135 -1.36628
4.69664 1.35806
4.69676 1.3596
4.75438 1.82512
4.76246 1.87295
6.03686 -1.94823
6.0138 -1.9567
5.73807 -1.98471
5.80177 -1.98787
5.38402 -1.7943
5.38383 -1.79408
4.70792 0.266268
4.70839 0.261617
4.68198 0.641494
4.68644 0.531195
7.06084 -1.20437
7.07297 -1.19022
6.64996 2.83395
6.6854 2.80603
7.3426 -0.820686
7.3383 -0.827569
7.74462 0.479892
7.74527 0.497312
7.62337 -0.214856
7.61954 -0.226485
5.51782 3.15425
5.60645 3.17759
5.12639 2.86104
5.17726 2.92277
7.72821 0.262067
7.72738 0.254975
5.17937 -1.48567
5.20626 -1.53776
4.69174 1.29242
4.69192 1.29545
4.72121 1.59409
4.72401 1.61625
4.77647 1.94899
4.78571 1.99464
5.81974 -1.98788
5.81504 -1.98848
5.62566 -1.96031
5.58898 -1.94394
4.92619 -0.826838
4.9147 -0.787437
4.86595 -0.611308
4.86196 -0.595496
4.67783 0.769173
4.67752 0.783326
4.94861 2.53856
4.96598 2.58178
5.05515 2.75418
5.08358 2.79777
4.91693 2.45935
4.89437 2.39836
6.37177 3.01558
6.38792 3.00691
6.16952 3.10917
6.18401 3.10418
5.95534 3.17245
5.92971 3.17767
6.61042 2.86428
6.76177 2.7426
6.73393 2.76712
6.6116 -1.63085
6.64917 -1.6007
7.24229 -0.971051
7.27141 -0.929383
7.52426 1.67002
7.49019 1.74939
5.31222 -1.70764
5.30182 -1.69226
6.92405 -1.35359
6.91955 -1.35822
4.82423 2.15712
4.83672 2.20605
7.74501 0.667278
7.74526 0.661875
7.55772 1.58573
7.56033 1.57886
5.04992 -1.19429
5.04774 -1.18899
4.74555 -0.0221735
4.73844 0.0247374
7.50419 -0.51922
7.57714 -0.345434
5.93477 -1.97399
6.11612 -1.92199
7.07066 2.42741
7.03542 2.46872
7.11725 -1.13675
7.14601 -1.10097
7.01101 -1.26033
7.04845 -1.219
7.40791 1.91843
7.44221 1.85148
7.33008 2.05758
7.35442 2.01592
7.24737 2.19016
7.25423 2.17976
7.12191 2.36307
7.15097 2.32545
7.63965 1.3346
7.62104 1.39901
7.68102 1.16843
7.67192 1.20943
7.73399 0.839392
7.73626 0.813262
7.58538 -0.323598
7.65499 -0.108922
7.47142 -0.587506
7.48865 -0.552261
6.51667 2.92836
6.49124 2.94536
5.91338 -1.97923
5.67093 -1.97077
5.53529 -1.91861
5.48647 -1.88554
4.92812 2.49136
4.86464 2.3069
4.86878 2.31975
6.24883 3.07802
6.30976 3.04826
6.41444 2.9923
6.45363 2.96896
6.8162 2.69511
6.33465 -1.81628
6.31464 -1.82838
6.91676 -1.36109
4.67793 0.927193
4.67775 0.913259
4.68508 1.17703
4.68468 1.16725
5.00048 -1.0581
5.0145 -1.09852
5.27891 -1.65778
5.29645 -1.68408
5.35535 -1.76081
4.69644 0.3897
4.69607 0.394759
4.68095 0.665081
4.68144 0.65296
6.88802 2.62714
6.90285 2.61242
7.71217 1.00778
7.71147 1.01269
6.13099 -1.91516
4.67925 1.04026
5.71906 -1.98267
4.71467 0.205135
4.71563 0.196348
4.68711 0.522566
6.99147 -1.28207
5.77332 3.19241
5.77932 3.19209
6.4844 -1.72266
6.41277 -1.77007
6.83351 -1.44154
7.41883 -0.688689
7.41033 -0.704669
6.56464 2.89673
4.6921 1.29812
4.69494 1.33698
6.25168 -1.86009
6.21533 -1.87901
4.95142 -0.912061
4.94944 -0.90551
4.95475 -0.923005
4.6874 0.514548
4.70036 0.345966
4.67864 1.02673
4.67764 0.899151
4.67737 0.797797
6.0876 3.13824
6.05598 3.14759
6.83454 2.67814
4.79437 -0.304058
4.79497 -0.306908
7.68223 -0.000216769
7.68593 0.0151803
4.71056 1.50138
4.70901 1.48792
4.74872 1.7881
4.74186 1.74459
4.79373 -0.300667
4.79416 -0.302959
4.86351 2.30355
4.86171 2.29745
5.67 3.18674
5.62469 3.18083
7.56306 1.5712
7.59173 1.48997
7.65698 -0.102018
5.45835 -1.86477
4.98215 -1.00627
7.70726 0.122487
7.70502 0.109891
5.41801 3.11302
5.25746 3.00348
5.16199 -1.45295
5.10878 -1.33633
4.70165 1.41772
4.76397 1.88212
4.75185 1.80877
4.89311 -0.712185
4.90341 -0.748484
6.98156 2.52999
6.96983 2.5426
6.24671 3.07901
6.24598 3.07931
6.74353 -1.52246
6.76914 -1.5001
7.29305 -0.896577
7.34446 -0.817671
7.36967 1.98891
7.39987 1.93377
7.19436 2.2668
7.20181 2.25662
7.66164 1.25139
7.64783 1.30555
7.74574 0.571184
7.74051 0.391492
7.70984 0.137108
5.22202 2.97086
5.46598 3.1347
5.61857 3.18008
5.10775 2.83535
7.7402 0.387363
5.2387 -1.59626
5.25417 -1.62069
5.08375 -1.27804
4.70296 1.4309
4.72855 1.6524
4.71618 1.55208
4.73757 1.71542
4.78928 2.01056
4.87457 -0.645266
4.93246 -0.848477
4.84109 -0.509454
4.72171 0.144174
4.72537 0.115733
4.9848 2.62021
5.03455 2.71944
5.00773 2.66976
4.81126 2.1077
4.80132 2.06509
7.42605 -0.675403
6.12068 3.1273
5.90571 3.18054
6.03481 3.15398
5.85163 3.18743
5.75925 3.19244
5.70341 3.18936
6.71232 -1.54974
6.55007 -1.67606
6.51171 -1.70466
7.19267 -1.04193
7.19075 -1.0446
7.38911 -0.741199
7.74585 0.605764
7.48782 1.75459
7.52629 1.66516
4.82691 -0.448522
7.74533 0.658397
7.74097 0.751139
5.04408 -1.1798
4.75672 -0.0935278
4.76846 -0.161726
6.92881 2.58547
7.09839 2.39316
7.1874 -1.0489
7.10164 -1.15571
7.6935 1.11082
7.70141 1.06895
7.44484 1.84617
7.30604 2.09792
7.28937 2.12474
7.22215 2.22752
7.61514 1.41805
7.72375 0.926424
7.71391 0.996359
7.73094 0.866017
6.46989 2.95944
5.44251 -1.84988
5.8253 3.18993
6.36202 -1.80019
6.14683 -1.90842
5.2601 -1.62947
5.02169 -1.11931
6.81398 -1.46032
6.35872 3.02308
7.49878 -0.531135
4.88914 2.38223
