6.04957 -2.74417
6.00863 -2.77497
4.57531 -1.49701
4.55228 -1.3945
8.0579 -0.287222
8.07019 -0.247067
8.17613 0.423317
8.17643 0.433449
4.22837 1.35829
4.22521 1.31769
4.21814 0.850298
4.21748 0.814193
6.85358 3.3203
6.82787 3.34156
4.34319 -0.443565
4.36086 -0.538887
4.28278 2.05977
4.28409 2.07123
4.25856 1.82961
4.25646 1.80621
4.86942 -2.71999
4.86082 -2.68469
4.84744 -2.63562
4.83541 -2.58038
4.24716 0.237004
4.24499 0.25982
7.84351 -0.828195
7.86747 -0.779642
5.38871 -3.16886
5.39483 -3.16483
6.43489 3.63092
6.39352 3.65595
7.84815 2.0014
7.87352 1.94469
4.3614 2.59378
4.34791 2.51072
4.79914 -2.42515
4.8005 -2.43348
7.14421 3.04648
7.2166 2.97052
8.12765 1.10085
8.11474 1.17269
5.19369 -3.23814
5.24829 -3.22614
5.11523 -3.23052
5.11033 -3.23012
7.46 2.6703
7.49081 2.62894
7.65598 2.37415
7.66466 2.35882
4.68414 3.56003
4.74401 3.6443
5.53188 -3.08892
5.58648 -3.05577
8.01565 1.56851
7.99047 1.64444
5.88092 -2.86391
5.85321 -2.88313
8.17907 0.556565
8.17604 0.661811
5.06247 -3.20261
5.10826 -3.22896
4.95992 -3.02959
4.94782 -2.99172
4.89962 -2.83757
4.90867 -2.86397
4.67545 -1.91334
4.692 -1.98482
5.63835 -3.02426
5.6137 -3.04049
4.99736 -3.1103
4.98532 -3.08036
4.61083 -1.64337
4.60108 -1.60287
6.64845 3.48398
6.61447 3.50837
6.01389 3.84623
6.04408 3.83425
5.77012 3.92867
5.68692 3.94648
6.26529 3.72965
6.26835 3.72812
4.43316 2.93422
4.43055 2.92257
7.09873 3.09352
7.28613 2.89138
7.23945 2.94503
7.64444 -1.17634
7.64619 -1.17363
7.54278 -1.32511
7.56779 -1.28971
7.02804 -1.92244
7.07219 -1.87861
6.86509 -2.07941
6.88118 -2.06504
6.65858 -2.26203
6.66107 -2.25982
6.41336 -2.46472
6.4043 -2.47234
4.64894 -1.80453
4.65224 -1.81846
7.9684 -0.548417
7.94932 -0.597135
5.56278 3.96575
5.55163 3.96712
7.71409 -1.06397
7.75388 -0.995934
4.51603 3.20914
4.50277 3.17223
6.95518 3.23067
7.00401 3.18485
4.30272 2.2076
4.31445 2.28791
7.16606 -1.77869
7.22241 -1.71757
4.53623 -1.32448
4.54666 -1.36869
4.59527 -1.58
4.21748 1.00469
4.2173 0.977299
4.23477 1.50171
4.23389 1.48573
4.38426 -0.652158
4.36785 -0.574127
4.22877 0.486003
4.23003 0.464854
5.49553 3.9704
5.46376 3.97216
5.38623 3.97064
5.39875 3.97093
4.31931 2.31432
4.32333 2.3452
4.26923 0.0193521
4.26957 0.0165162
4.30952 -0.256419
4.30378 -0.221339
5.44774 -3.13651
5.42565 -3.14912
5.35315 -3.18552
7.93088 1.80647
7.95708 1.73825
7.75269 2.19752
7.78197 2.14036
4.3665 2.62184
4.38435 2.71644
4.94548 3.8316
4.91141 3.80897
5.03073 3.88148
5.06872 3.89828
5.10603 3.91359
5.16172 3.93269
5.35961 3.96849
5.30415 3.963
4.81672 -2.49735
4.78318 -2.35599
8.07785 1.34451
8.04933 1.45616
7.36586 2.79524
7.42553 2.7182
7.49433 2.62397
7.55245 2.5395
6.94805 -2.00122
6.97718 -1.97383
7.61533 2.44139
7.63849 2.4034
4.58829 3.3869
4.5705 3.3478
4.64809 3.50107
4.62929 3.46968
4.54142 3.27667
4.56067 3.32608
4.71274 -2.07144
4.71422 -2.07649
4.71547 -2.08146
4.73216 -2.14571
4.7665 -2.28608
4.76606 -2.28395
5.75966 -2.94645
5.7661 -2.94212
5.75822 -2.94754
5.75562 -2.94941
8.08051 -0.209909
8.01107 -0.433504
7.99288 -0.48347
8.15959 0.213641
8.16093 0.22625
8.13414 0.024837
8.13424 0.0254828
6.69151 3.45081
6.72279 3.42687
6.90519 3.27502
6.93022 3.25304
5.99292 3.85514
5.88323 3.89601
6.05792 3.82838
6.04794 3.83267
5.88044 3.89696
5.81266 3.9164
5.65669 3.95328
4.26772 1.92865
4.26817 1.93254
4.29707 2.16928
6.21239 3.75689
6.18951 3.7676
6.5027 3.58661
6.49001 3.59542
4.40975 2.83523
4.41984 2.87907
4.44631 2.98515
7.2266 2.95959
7.29992 2.87571
6.77946 -2.15707
6.78437 -2.15288
7.10572 -1.8432
4.66846 3.53751
8.1719 0.731051
8.1687 0.775237
6.59963 -2.31165
6.48358 -2.40792
6.46784 -2.42099
6.35977 -2.50718
6.34078 -2.52247
6.71274 -2.21496
6.72176 -2.20709
4.65351 -1.82458
4.62946 -1.72045
4.49575 -1.15374
4.49935 -1.16883
4.4695 -1.04262
4.46951 -1.04269
4.24099 1.60433
4.24163 1.61403
4.22466 0.571521
4.22363 0.59526
7.44218 -1.46068
7.44772 -1.45372
7.34651 -1.5778
7.36058 -1.56127
4.42022 -0.818102
4.41421 -0.79028
4.44473 -0.93045
4.44175 -0.91649
4.21848 1.07748
4.21898 1.1043
6.21008 -2.62343
6.13196 -2.68301
8.03415 -0.364747
4.85997 3.76798
4.83561 3.74517
8.16832 0.306052
8.1756 0.411904
4.22024 0.723296
4.21837 0.759921
7.0561 3.13569
7.02953 3.16094
6.75132 3.40459
6.80088 3.36364
4.28125 2.04968
4.27541 1.99615
6.32922 3.69434
6.32648 3.69602
8.15897 0.873731
8.1626 0.842506
8.14697 0.973505
8.15596 0.904427
4.49426 3.14844
4.48224 3.11
5.67839 -2.99878
8.10536 -0.113538
6.54491 3.55812
6.57547 3.5361
5.64304 3.95561
7.29557 -1.63681
7.24908 -1.68895
5.94419 -2.82011
5.92901 -2.83026
8.13405 0.0243029
8.13334 0.0208142
4.67034 -1.89498
4.65707 -1.8413
4.22321 1.23129
4.22343 1.27085
4.25142 1.74462
4.2512 1.74173
4.78261 -2.35304
7.32625 2.84294
7.3562 2.80728
4.52476 3.23436
4.5305 3.25089
4.7589 3.66325
4.77859 3.68475
6.54456 -2.35811
6.53826 -2.36354
6.10272 3.80874
6.1184 3.80144
4.22468 1.29479
4.22959 1.40142
4.21825 0.786798
4.21722 0.886256
4.36269 -0.548445
4.33457 -0.397291
4.87306 -2.73841
4.85193 -2.65051
4.82261 -2.5309
4.81886 -2.51026
4.27225 -0.00405949
4.28549 -0.103081
4.23786 0.352072
4.25648 0.137714
7.89886 -0.712178
7.81203 -0.889386
5.31408 -3.20345
5.33781 -3.19302
7.89105 1.90379
7.82869 2.04379
4.34386 2.48283
4.365 2.61429
4.46549 3.05458
4.46324 3.04765
5.23149 3.95048
5.25304 3.95427
8.13804 1.03687
8.10449 1.2244
5.30227 -3.20661
5.18094 -3.23877
5.10943 -3.22986
7.3156 -1.6141
4.61651 3.44348
4.59346 3.39913
5.59826 -3.04953
5.49029 -3.11147
4.89166 -2.80241
5.0355 -3.17398
4.926 -2.92594
4.92469 -2.92085
4.92686 -2.92951
4.9721 -3.05595
5.64759 -3.01798
5.02388 -3.15487
5.02671 -3.16209
7.78182 -0.945479
7.91956 -0.665938
7.69287 -1.09912
7.64364 -1.17759
7.59403 -1.25121
7.4964 -1.39035
8.17917 0.552033
6.27727 -2.57234
6.2871 -2.56425
6.25684 -2.58842
4.48251 -1.09826
4.48428 -1.10576
4.24574 1.67304
4.24644 1.68299
7.39532 -1.51909
7.40461 -1.50781
5.98477 -2.792
5.96794 -2.80342
6.08223 -2.72063
4.50919 -1.20907
4.51936 -1.25156
4.46937 -1.04207
4.4556 -0.979592
4.21741 0.941231
4.21777 1.0408
4.23175 1.44088
4.2375 1.54988
4.32423 -0.338374
4.39037 -0.682455
4.23292 0.418196
4.22641 0.530064
5.44109 3.97183
5.54657 3.96745
5.37963 3.97037
4.28756 -0.117417
5.46255 -3.12909
5.40266 -3.1608
7.80207 2.09931
7.91637 1.84291
7.9677 1.70944
7.73347 2.23454
4.33224 2.40628
4.39458 2.76424
4.88207 3.78569
4.9697 3.84772
5.01825 3.87478
5.09481 3.90968
5.21476 3.9463
8.08541 1.31231
8.04791 1.46134
7.5568 2.53299
7.61006 2.44987
7.4307 2.71144
7.48734 -1.40251
7.49075 -1.39809
7.70561 2.2858
4.56314 3.33127
4.74928 -2.21484
4.75479 -2.23763
8.02425 1.54184
5.9079 -2.84565
8.16615 0.278581
8.15365 0.15973
5.88226 3.89638
4.40696 2.82355
4.42679 2.90739
6.66334 -2.25785
6.53139 -2.36948
6.42225 -2.45766
6.29699 -2.55664
4.22242 0.635271
4.45354 3.01282
4.4079 -0.761977
4.42785 -0.853389
4.43239 -0.874341
4.22012 1.14194
6.13032 -2.6842
8.17916 0.550728
4.22118 1.19304
4.22055 0.685404
5.47567 -3.1207
6.4563 3.61707
7.93991 -0.619357
4.25639 1.80533
4.40062 -0.727169
5.88266 3.89623
4.749 -2.21386
8.02042 1.55411
5.83302 -2.89639
8.15237 0.149313
8.10971 -0.0950777
6.14038 3.79099
4.26869 1.93688
6.32408 3.69746
4.81075 3.7207
6.12729 -2.6865
4.40142 2.79724
6.38601 3.66046
6.29811 3.71189
