6.36322 -0.70839
6.35959 -0.709579
6.21718 2.03798
6.30518 2.00787
6.00822 2.05238
5.96267 2.04114
7.05222 0.937244
7.06146 0.887191
5.49624 1.54184
5.47825 1.48958
5.58284 1.72671
5.61652 1.78284
5.55102 -0.230281
5.58977 -0.319143
5.48091 -0.0350207
5.4576 0.043745
6.14691 -0.755777
6.20996 -0.749239
5.88537 2.01749
5.80667 1.97636
6.85837 -0.236056
6.80642 -0.315813
6.59626 -0.556965
6.66067 -0.494094
6.50731 -0.625692
6.48429 -0.642716
5.39303 1.11392
5.40371 1.18539
5.3717 0.883309
5.373 0.907105
7.06901 0.833225
7.07518 0.775555
5.43183 1.3338
5.43318 1.33923
5.69759 1.88457
5.67368 1.85573
6.71438 1.68766
6.67919 1.72846
6.80569 1.56135
6.76714 1.61779
6.89302 1.41133
6.8903 1.41709
5.76528 -0.580611
5.76451 -0.579739
5.94756 -0.714885
5.94488 -0.713456
6.87487 -0.207511
6.91942 -0.120265
6.9858 0.040472
7.00272 0.0896079
5.59437 -0.328973
5.64306 -0.413085
5.44252 0.102136
5.42804 0.17004
5.37026 0.645038
5.37079 0.631468
5.39091 0.396583
5.39648 0.35457
6.46996 1.91616
6.42595 1.947
7.05989 0.328137
7.05293 0.288988
7.0824 0.602558
7.08092 0.539406
7.01873 1.08517
7.02385 1.06442
6.97978 1.20466
6.96979 1.23409
7.03262 1.03128
6.57945 1.83114
6.60864 1.8035
6.92327 1.3461
6.9427 1.30231
6.99896 1.14934
7.04195 0.98843
7.0375 1.00925
6.52062 1.8786
6.6198 1.79219
6.25295 -0.743273
6.36422 -0.707905
6.16738 2.04647
6.3241 2.00115
6.03704 2.05399
5.90641 2.02689
6.7211 -0.429499
6.73794 -0.409208
5.3801 1.00001
5.38457 1.04409
5.46168 1.43934
5.52666 1.6189
5.6354 1.80875
5.54632 1.65904
6.64311 1.76773
5.85556 -0.660296
5.84478 -0.651518
6.93701 -0.0815553
6.96402 -0.0181865
5.5148 -0.143151
5.59219 -0.324439
5.50968 -0.128248
5.45168 0.065923
5.37998 0.495276
5.37876 0.50792
7.07626 0.460254
7.07183 0.415641
6.47854 -0.646642
6.08596 -0.75069
6.04502 -0.74619
5.95514 -0.717394
5.69907 -0.498292
5.76238 -0.577138
6.4166 1.95194
6.37123 1.9784
6.11188 2.05515
5.77977 1.95648
5.70927 1.89717
6.75676 -0.3844
6.8696 -0.217284
6.57712 -0.572891
5.41033 1.22513
5.36816 0.773956
5.36808 0.763653
5.43135 1.33156
5.67917 -0.472259
7.06364 0.872049
7.07677 0.756571
5.53666 1.64056
6.74528 1.64822
6.85781 1.47808
6.86243 1.47019
6.87306 1.45079
6.9172 1.35991
7.02293 0.159067
5.51192 -0.134948
5.42088 0.205372
5.51109 -0.132546
5.40858 0.276534
5.37792 0.519294
6.4861 1.90612
7.03473 0.204772
7.08155 0.660679
6.9577 1.2666
