7.67422 -0.262463
7.69035 -0.212358
5.51038 3.27622
5.46922 3.2637
7.78434 0.209526
7.7931 0.27963
4.61603 1.11744
4.61474 1.09097
4.98832 -1.26141
4.97528 -1.22624
4.64359 1.52555
4.64631 1.55176
4.68687 1.86441
4.68825 1.87261
5.60318 -2.104
5.68435 -2.11903
5.43439 -2.01799
5.42721 -2.01206
4.61788 0.604337
4.61917 0.572511
4.9321 2.73132
4.97066 2.8072
7.12014 -1.24051
7.12992 -1.22909
4.69106 -0.114218
4.67555 -0.0108699
7.49336 -0.688105
7.49308 -0.68864
4.76479 2.2481
4.7684 2.26278
5.71474 3.30293
5.73756 3.30253
6.67509 2.91013
6.74153 2.85781
6.85352 -1.52162
6.8168 -1.55689
7.3867 -0.872647
7.35928 -0.916467
7.45005 1.97512
7.42633 2.01938
7.62375 1.58755
7.59463 1.6634
7.70605 1.32835
7.72387 1.26081
7.73877 -0.0342864
7.75115 0.0207531
7.60438 -0.45049
7.594 -0.475976
5.31097 3.19026
5.24373 3.14312
5.03998 -1.39898
5.04283 -1.40664
5.14572 -1.63527
5.1202 -1.58199
6.49325 3.03993
6.54335 3.0067
4.62172 1.24894
4.62444 1.29514
6.18577 -2.00182
6.20174 -1.99408
5.93791 -2.09633
5.94935 -2.09352
5.7045 -2.12103
5.79421 -2.12167
4.80259 -0.647175
4.77855 -0.551675
4.85547 -0.849083
4.85329 -0.841095
4.64505 0.229823
4.645 0.230357
4.61266 0.731398
4.6115 0.7844
4.72974 2.09378
4.7373 2.12797
6.14484 3.21784
6.21622 3.18767
5.95219 3.27545
5.96764 3.27264
6.84134 2.77129
6.87439 2.73965
6.61497 2.95626
6.40027 -1.88016
6.30835 -1.93601
6.57359 -1.75828
6.59922 -1.73992
6.8014 -1.57112
6.71859 -1.64301
7.24309 -1.08501
7.2738 -1.04316
7.28739 -1.02419
7.29302 -1.01615
7.80785 0.50361
7.80664 0.458739
4.94366 -1.13493
4.94507 -1.13954
4.75481 -0.442381
4.77656 -0.543083
6.98061 -1.39544
7.01444 -1.36065
7.03572 2.574
6.97985 2.63427
7.80743 0.661947
7.80728 0.675967
7.70869 -0.150425
7.65061 -0.330777
6.03406 -2.06512
6.09732 -2.04218
5.51914 -2.07037
5.56596 -2.09077
5.69739 -2.1212
7.03915 -1.33332
7.05215 -1.31906
6.25804 3.17042
6.36433 3.11709
7.76977 1.0398
7.74706 1.16144
7.37226 2.11434
7.33677 2.17298
7.2889 2.24605
7.33025 2.18342
7.20056 2.37107
7.21852 2.34671
7.65529 1.49541
7.67087 1.44829
7.63577 -0.370771
7.5552 -0.562622
7.55118 -0.571594
6.58508 2.97831
6.4866 3.0444
4.66191 1.69119
4.66057 1.68009
4.63663 1.45557
4.63395 1.42344
5.99446 -2.08035
5.82909 -2.11592
5.89333 -2.1074
4.84666 -0.816925
4.83288 -0.765836
4.85984 -0.864866
5.01627 2.88564
5.01923 2.8909
6.03059 3.25693
6.04654 3.2514
6.10677 3.23129
6.24091 3.1777
6.36762 3.11548
6.39877 3.09772
6.42775 3.08063
6.77297 2.83088
6.30197 -1.94001
6.41875 -1.86755
6.90389 -1.47446
4.61212 0.965496
4.61143 0.913337
4.61976 1.21505
4.61779 1.16733
4.8993 -0.995175
4.91397 -1.04263
5.21795 -1.76457
5.23231 -1.78599
4.6337 0.353333
4.62764 0.436793
4.65929 0.108539
4.65262 0.160419
4.61341 0.706565
4.61554 0.654033
4.83028 2.47319
4.83385 2.48479
4.78413 2.31955
4.79747 2.3665
7.04964 2.55807
7.10076 2.49837
7.19939 -1.14192
7.23485 -1.09657
7.78128 0.964341
7.77623 0.999457
7.79557 0.846544
7.79419 0.861977
4.61464 1.04033
4.6507 1.59572
4.65483 1.63273
4.63975 1.4876
4.62301 0.52361
7.51466 1.84563
7.53334 1.80582
4.92702 2.72041
4.92307 2.7111
5.76663 3.30202
5.78725 3.30093
6.89756 -1.48058
4.62713 1.33593
4.62884 1.35929
4.88513 -0.948666
5.28735 -1.86662
5.31165 -1.89556
5.184 -1.70479
5.16866 -1.67725
4.62464 0.478167
4.63852 0.29959
4.64546 0.226016
4.65171 0.168637
4.61229 0.988268
4.611 0.860526
4.61095 0.838592
5.87095 3.29121
5.83011 3.29653
4.73279 -0.338919
4.74526 -0.398409
5.06686 2.9577
5.11655 3.02238
4.70153 -0.174934
4.71643 -0.255258
5.39668 -1.98616
5.39219 -1.98203
5.25104 -1.81442
5.26944 -1.84064
4.71668 2.02787
4.71106 2.00062
4.8877 2.6309
4.8872 2.62962
5.70016 3.30255
5.66302 3.30114
6.4994 -1.81302
6.52312 -1.7954
4.6691 1.74426
6.2521 -1.96719
6.25948 -1.96298
5.41016 3.24167
5.59237 3.2927
5.15777 3.06603
5.12044 3.02659
7.79868 0.338268
7.77499 0.145258
5.0483 -1.42053
5.0805 -1.49484
4.69633 1.92149
4.6782 1.80843
7.49031 -0.693703
7.54798 -0.578257
4.76396 2.24454
4.7805 2.30731
6.81015 -1.56306
6.89297 -1.48499
7.33774 -0.949235
7.42819 -0.805364
7.41175 2.04554
7.46988 1.93714
7.24523 2.30923
7.27602 2.26514
7.62687 1.57922
7.58915 1.67709
7.72763 1.24518
7.69859 1.35576
7.76444 0.0859875
7.72363 -0.0952282
5.21303 3.1184
5.3457 3.21017
5.61147 3.29663
7.8041 0.411334
5.00852 -1.31671
5.10305 -1.54364
5.16308 -1.66751
4.70295 1.95695
4.77714 -0.54566
4.81382 -0.691413
5.19919 -1.73155
4.85686 2.55113
4.85197 2.53914
4.88422 2.62197
4.74203 2.15085
4.72383 2.06429
7.43967 -0.785655
6.00606 3.26358
5.89971 3.28629
6.69988 -1.65927
6.62319 -1.72063
6.54787 -1.77752
7.28442 -1.02844
7.43445 -0.794632
7.80877 0.566214
7.55907 1.74788
7.57422 1.71256
5.35892 -1.9511
5.35714 -1.949
4.80624 2.39577
4.81502 2.42566
7.04213 2.56684
6.93245 2.68323
7.8052 0.720286
7.80221 0.774112
7.78872 0.905258
7.78363 0.948887
4.69361 -0.129257
7.15003 -1.20454
7.15386 2.43307
7.14736 2.44128
7.77231 1.02439
7.74665 1.16339
7.15769 2.42811
7.48705 1.90297
7.37988 2.10147
7.33151 2.18145
7.682 1.41176
7.64079 1.53849
7.79861 0.816296
4.84562 2.5211
6.91467 2.70088
4.64827 1.57396
4.65878 1.66649
5.50954 -2.0658
5.5067 -2.06397
5.8187 3.29818
5.75822 3.30204
5.51203 -2.06727
5.3594 -1.95164
5.02198 2.89521
4.67611 1.79466
5.62137 3.29783
6.21134 -1.9889
4.96887 -1.20893
4.6309 1.38616
7.09169 -1.2741
4.66472 0.0681367
4.64213 0.262695
6.37014 3.11419
4.92207 -1.0688
6.481 3.04812
4.82822 -0.748591
4.94998 -1.15433
