5.95468 1.29182
5.88471 1.20261
5.9864 0.0226553
6.05655 -0.042441
5.8733 0.190481
5.86967 0.197859
6.61884 1.00122
6.58351 1.07563
5.87631 1.18456
5.8821 1.19758
6.19791 -0.0871992
6.26747 -0.0869987
6.43574 -0.000697268
6.50223 0.0625654
5.80909 0.387105
5.81795 0.351593
6.68786 0.555564
6.68488 0.689471
6.66749 0.416804
6.66882 0.423283
6.57375 0.168032
6.60241 0.224289
6.11535 1.39418
6.22225 1.39941
6.31027 1.36728
6.35696 1.34885
6.36258 1.34439
6.45194 1.26696
6.00311 1.3412
6.67718 0.768095
6.66579 0.839759
6.50869 1.20454
6.52933 1.17614
6.53895 1.15935
6.63039 0.971956
5.8185 1.03098
5.80437 0.988062
6.05829 1.36966
5.83727 1.09684
5.79332 0.931306
5.79789 0.954052
6.22912 1.39918
6.35891 1.34751
6.64485 0.928113
6.55525 0.136074
6.54198 0.11479
5.77207 0.757992
5.77908 0.838358
5.77493 0.615016
5.77621 0.595278
6.68787 0.548364
6.63408 0.300228
6.63944 0.314925
5.7732 0.635407
5.77229 0.678701
6.06669 -0.0472725
5.95968 0.0497618
6.31949 -0.0696243
6.38111 -0.0426758
5.83868 0.287309
5.87763 0.18234
5.92489 0.103647
6.1594 -0.0859659
6.5207 0.0860743
5.79314 0.455691
6.6876 0.543516
6.62595 0.277884
6.56088 0.144036
5.78719 0.491667
5.88321 1.19992
5.78424 0.881087
5.78615 0.498284
5.77158 0.74349
5.78483 0.506331
5.78012 0.552792
5.78311 0.874185
5.77139 0.726084
