6.20501 -0.447317
6.21512 -0.445839
5.64637 1.3124
5.61738 1.21918
5.86097 -0.285688
5.81642 -0.235685
5.60467 0.270403
5.61895 0.208537
5.57315 0.441261
5.57349 0.438162
6.89211 0.782787
6.8912 0.792918
6.8508 0.23948
6.84757 0.228541
6.42611 -0.374491
6.48407 -0.334383
6.00598 -0.402913
6.0417 -0.416526
5.99174 1.72664
6.03371 1.74166
5.80438 1.59196
5.83535 1.62677
6.67566 -0.135411
6.65267 -0.166952
5.55571 0.769695
5.55542 0.750474
5.67387 1.37806
5.69093 1.41755
5.74404 -0.120118
5.76824 -0.160935
6.77473 1.21039
6.79536 1.16151
6.73878 -0.0322362
6.76897 0.0254063
5.64774 0.10557
5.66124 0.0674473
6.53208 1.565
6.50758 1.58677
6.20931 1.74501
6.20312 1.74701
6.8965 0.490811
6.89598 0.48497
6.86251 0.952292
6.86107 0.959052
6.40852 1.66336
6.40003 1.66958
6.59174 1.50039
6.57208 1.52386
6.45564 1.62728
6.88299 0.844414
6.87903 0.869581
6.6746 1.39323
6.64371 1.43712
6.38871 1.6764
6.28453 1.72358
6.89324 0.769134
6.89894 0.688614
5.64954 1.32122
5.65217 1.32723
5.583 1.06188
5.57323 1.00266
5.56201 0.558851
5.56115 0.568758
6.13876 1.75454
6.13075 1.75431
6.31273 -0.42593
6.19452 -0.446583
5.88374 1.66692
5.93311 1.70159
6.6232 -0.201729
6.57721 -0.253591
5.56032 0.888737
5.56296 0.915007
5.79681 -0.206261
5.91191 -0.339151
6.73593 1.29164
6.73034 1.30275
5.58323 0.369487
5.63005 0.167276
5.57825 0.401444
5.56692 0.50347
6.81325 0.128449
6.87903 0.358891
6.10313 -0.43766
6.36776 -0.403328
6.54692 -0.28362
5.93778 -0.357669
6.11178 1.75178
5.74093 1.51132
6.71767 -0.0701848
5.55996 0.883449
5.55659 0.647258
5.72631 -0.0884413
5.73972 1.50935
5.73836 1.50682
6.70137 1.35165
6.7259 1.31078
6.81773 1.10319
6.79904 0.0931657
5.69974 -0.0282296
5.67361 0.0347989
5.58225 0.375217
5.55772 0.621461
6.17261 1.75112
6.27175 1.72942
6.87918 0.359644
6.90083 0.607487
6.90159 0.634155
6.83257 1.05737
6.85695 0.975433
6.62473 1.46237
5.59182 1.11307
5.60634 1.17069
6.8433 1.024
6.86621 0.935504
