6.99494 -0.64047
7.05182 -0.55341
7.38299 0.611889
7.38367 0.593087
5.12452 1.53235
5.1289 1.55265
6.59004 2.31376
6.61039 2.29704
6.28846 -1.23506
6.20776 -1.2609
6.63744 -1.02574
6.60925 -1.0491
7.11065 1.68032
7.13926 1.62406
5.7231 -1.19353
5.7959 -1.23389
7.17312 -0.335057
7.16306 -0.356156
7.33609 0.143578
7.31996 0.0729744
5.05797 0.759355
5.05879 0.710944
5.09695 0.229553
5.0901 0.282709
5.77038 2.5366
5.76172 2.53424
5.96819 2.56447
6.01478 2.56044
6.39467 2.44223
6.35224 2.46341
6.17902 2.53239
6.17928 2.53233
6.97982 -0.661868
6.91693 -0.742197
7.2188 1.4451
7.19599 1.49993
5.06481 1.0391
5.0707 1.12568
5.2386 -0.405373
5.21456 -0.328706
5.308 -0.599122
5.33402 -0.661245
5.39025 -0.780914
5.36316 -0.72787
5.48896 -0.948765
5.54044 -1.02144
5.61358 -1.10231
5.56237 -1.046
5.17625 1.74858
5.20267 1.83855
6.09593 -1.28266
6.18811 -1.26654
5.24232 1.94672
5.21049 1.86146
5.32433 2.12573
5.36827 2.20249
5.43035 2.28922
5.37667 2.21645
5.56974 2.43116
5.56369 2.42666
6.76946 -0.906776
6.71913 -0.956114
7.02758 1.82041
7.07197 1.74813
5.9091 -1.27379
5.8672 -1.2602
7.27191 -0.0906454
7.25083 -0.150613
5.0708 0.474876
5.06494 0.559279
7.36613 0.320069
7.3732 0.383256
6.48479 -1.1359
6.40585 -1.18087
6.83387 2.08115
6.86779 2.04109
7.25201 1.35753
7.24127 1.38718
7.28211 1.26632
7.29283 1.22911
7.34103 1.02765
7.33275 1.07379
7.36433 0.883131
7.35905 0.927315
5.26593 -0.489337
5.24884 -0.437158
5.21034 -0.314971
5.17341 -0.174979
5.163 -0.130383
5.05989 0.953949
5.05895 0.906397
6.7156 2.20426
6.74288 2.17817
7.32146 1.11831
7.33186 1.07786
6.92497 1.97014
6.91584 1.98197
6.81175 2.10657
7.37618 0.773646
7.37341 0.807355
5.18089 -0.205169
5.19324 -0.253956
5.13761 -0.0139707
5.14881 -0.0670619
6.80109 2.11826
6.77329 2.14797
6.34048 2.46933
6.29631 2.4894
5.06162 0.990112
5.17785 -0.193002
5.07607 1.20015
5.08812 1.30621
6.50394 2.37589
6.46941 2.39767
7.11034 1.68092
7.10949 1.6825
5.12374 0.0559102
5.12306 0.0595636
5.20774 -0.306374
5.19649 -0.266678
5.92226 2.56237
5.86434 2.55769
6.28649 2.49388
6.17938 2.5323
6.98773 -0.651054
7.10601 -0.4648
7.38203 0.527576
7.38155 0.689928
7.35003 0.979523
7.34668 1.00116
5.43648 -0.866568
5.45065 -0.891357
5.14878 1.6415
5.11282 1.47049
6.52993 2.35739
6.67692 2.24127
6.19139 -1.26598
6.30066 -1.22963
5.27997 2.03839
5.27381 2.02357
5.49509 2.36339
5.46895 2.33651
6.59619 -1.05951
6.69228 -0.979714
7.14409 1.61411
7.11047 1.68067
5.81541 -1.24363
5.69488 -1.17241
7.20906 -0.255431
7.12722 -0.426235
7.34623 0.192798
7.30791 0.0276187
5.12727 0.0364707
5.13558 -0.00374692
5.05917 0.693356
5.05788 0.776118
5.10988 0.139977
5.08222 0.351277
5.68622 2.50182
6.07322 2.55534
6.84821 -0.825307
6.84337 -0.830672
6.83529 -0.839175
7.11293 -0.452875
7.18321 1.52989
7.23044 1.41536
5.66061 2.49081
5.65863 2.48968
7.38142 0.694207
5.27806 -0.524137
5.27079 -0.503632
5.34767 -0.693251
5.4206 -0.837315
5.54626 -1.0283
5.6323 -1.12147
5.10433 1.42056
5.16474 1.70436
5.20748 1.85323
5.10223 1.40618
5.6376 2.47584
6.00202 -1.28571
6.05428 -1.28393
6.38698 -1.19133
5.93298 -1.27747
5.28775 2.05544
5.37282 2.21039
6.51816 -1.11356
6.98423 1.88695
7.08356 1.72835
7.2177 -0.23535
7.288 -0.0413441
7.22726 -0.211453
7.35715 0.257445
5.06064 0.645748
5.07515 0.422457
5.06275 0.600394
5.07864 0.384713
5.11474 0.109567
7.37942 0.455248
7.31161 1.16086
7.31383 1.15267
7.38174 0.496097
7.26871 1.30724
7.30906 1.17144
7.33229 1.07579
7.35735 0.938723
6.68116 2.23732
6.93589 1.95552
6.97207 1.90509
6.75172 2.16947
6.88444 2.0216
7.3802 0.714312
7.36858 0.851236
5.26896 -0.498283
5.05768 0.857698
5.05741 0.824962
5.07493 1.1899
5.09857 1.3817
5.05747 0.792532
6.41832 2.42825
6.40695 2.43522
5.15646 -0.101828
5.05825 0.889703
6.45975 2.40364
