5.97405 -0.572462
5.92425 -0.541341
6.71171 -0.282761
6.73763 -0.249206
5.4753 1.06313
5.46251 0.958202
6.84185 1.31511
6.85972 1.27692
6.87986 0.00928882
6.85133 -0.0543323
5.46849 0.45281
5.46983 0.440614
6.44711 1.79899
6.42371 1.81497
6.98715 0.400561
6.9976 0.514879
6.17349 -0.614625
6.12034 -0.610359
6.39132 -0.559168
6.37834 -0.564604
5.87913 -0.512294
5.8617 -0.495829
6.22836 1.90184
6.16064 1.91296
6.07579 1.91624
6.0198 1.91126
5.81749 1.81928
5.81942 1.82092
6.62966 -0.379645
6.5858 -0.421597
5.45451 0.832178
5.45807 0.897367
5.51732 1.28096
5.50916 1.24559
5.7396 -0.357187
5.79267 -0.429072
5.58459 1.48476
5.62386 1.5727
5.67953 1.66425
5.63235 1.58997
6.77877 1.43445
6.74403 1.48935
5.61772 -0.138886
5.63763 -0.181071
5.5627 0.0114573
5.5797 -0.0386626
5.5087 0.215871
5.49247 0.293898
5.45378 0.692492
5.4582 0.577497
6.99794 0.686643
6.99293 0.755684
6.93379 0.156858
6.96223 0.262292
6.92516 1.10227
6.91043 1.14607
6.47816 1.77703
6.52404 1.73921
6.40851 1.82473
6.36646 1.84819
6.82573 1.34863
6.80414 1.39073
6.6183 1.65086
6.5959 1.67377
6.96478 0.952198
6.95608 0.992109
6.28003 -0.599499
6.2272 -0.6082
5.88132 -0.514255
5.97822 -0.574001
5.73941 1.74365
5.80906 1.81118
5.91841 1.88075
5.87622 1.85528
6.66587 -0.339424
6.76172 -0.213849
5.46165 0.94966
5.48067 1.09895
6.87158 1.25004
6.83294 1.33414
6.89596 0.0477104
6.81948 -0.116149
5.68426 -0.272124
5.66297 -0.231708
5.5418 0.0767145
5.53243 0.111806
5.46338 0.505918
5.46995 0.439722
6.99878 0.537397
6.98573 0.390297
6.07159 -0.605129
6.49578 -0.496481
6.50847 -0.487767
5.80143 -0.437989
6.30216 1.87679
6.12311 1.91834
5.92066 1.88158
5.72333 1.72587
6.8007 -0.150579
5.49374 1.17363
5.45422 0.823085
5.45344 0.710951
5.5379 1.35803
5.70023 -0.300803
6.98344 0.8495
6.98074 0.868994
5.62795 1.58157
5.5521 1.40049
6.62803 1.64006
6.68214 1.5745
6.72309 1.51939
6.80033 1.39768
6.89465 1.19299
6.92532 0.130336
5.5973 -0.0864378
5.52686 0.133847
5.48768 0.321478
5.45897 0.565349
6.32283 1.86979
6.96495 0.274243
6.99953 0.636537
6.93735 1.06123
6.34162 1.86158
6.97282 0.914045
6.97917 0.879933
6.56328 1.70586
6.94847 1.02295
5.54608 1.38509
