4.74609 -1.14978
4.76156 -1.20652
5.12237 -2.17301
5.10067 -2.13587
5.03726 -2.00842
5.03509 -2.00316
4.96233 3.28286
4.97774 3.30153
5.10859 3.42561
5.11092 3.42744
5.3526 3.55065
5.30598 3.53521
5.30306 -2.40221
5.29377 -2.39592
4.57987 -0.463446
4.5729 -0.429441
4.65857 -0.81521
4.66491 -0.841045
5.94657 3.53723
5.88307 3.55247
6.17443 3.454
6.22969 3.42733
4.62665 2.53387
4.63328 2.56128
4.67509 2.70654
4.68204 2.72776
6.9932 2.87445
7.06351 2.80191
7.17962 2.67181
7.16662 2.68726
7.92444 1.06733
7.90481 1.17336
7.28271 2.54324
7.29476 2.52711
7.39823 -1.1548
7.43138 -1.10782
6.55964 -2.01879
6.62166 -1.97123
6.91719 -1.71113
6.93559 -1.69315
7.47759 2.25607
7.5157 2.19234
7.96773 0.592306
7.96829 0.574764
5.56192 -2.50056
5.5465 -2.49961
4.8514 -1.50713
4.84725 -1.49314
7.80383 -0.3838
7.79326 -0.412805
4.86635 3.14842
4.84443 3.11035
5.45421 3.57365
5.49884 3.58203
7.92703 0.0759455
7.9268 0.0746319
4.93661 -1.75644
4.91233 -1.68884
6.77616 3.07172
6.76701 3.07958
4.4802 1.67178
4.48099 1.67926
4.61715 -0.636235
4.9549 -1.80914
4.97546 -1.86001
4.56213 2.2439
4.54413 2.14474
4.51642 1.96783
4.52104 1.99867
7.69511 -0.647854
7.73659 -0.554395
7.57243 -0.882279
7.60625 -0.82198
5.7735 3.57565
5.77237 3.57579
6.39833 3.33914
6.49821 3.27734
6.90962 2.95476
6.94468 2.92156
7.49924 -1.00525
7.48624 -1.02559
6.74594 -1.86645
6.8175 -1.80455
7.0727 -1.55269
7.00903 -1.6203
6.32193 -2.1901
6.41172 -2.12988
6.285 -2.21587
6.22017 -2.25521
5.77544 -2.46801
5.79613 -2.46263
4.50076 0.00266016
4.49883 0.0176959
4.72245 2.84594
4.7258 2.85515
7.68704 1.85321
7.67552 1.87915
7.95815 0.798762
7.96256 0.743394
4.79763 -1.32925
4.77475 -1.25147
7.84089 -0.274194
7.83457 -0.294075
5.1709 -2.25359
5.17935 -2.26571
6.14693 -2.30125
6.0885 -2.33317
5.26533 -2.36935
5.26237 -2.36608
4.44201 0.874007
4.44208 0.850035
4.4428 1.00055
4.44252 0.977035
4.45606 1.37291
4.45518 1.35849
4.46458 1.49313
4.46412 1.48679
4.56535 -0.389574
4.57039 -0.416553
4.46475 0.341065
4.46556 0.330719
4.45508 0.477516
4.45605 0.461176
4.48407 0.138424
4.48412 0.13798
6.03658 3.50887
5.83096 3.56538
6.07337 3.4953
6.28684 3.40022
7.946 0.921198
7.92799 1.04771
7.21533 -1.39201
7.17976 -1.4345
7.30752 -1.27748
7.29188 -1.29805
6.65501 -1.94306
6.52229 -2.04862
6.99684 -1.63228
6.91378 -1.71455
7.5568 2.11876
7.52984 2.16743
7.39374 2.38712
7.41437 2.35612
7.82705 1.47925
7.83429 1.45473
7.77025 1.64688
7.79661 1.57266
7.87292 1.31266
7.85328 1.3888
7.77946 -0.449408
6.83746 3.01939
6.82781 3.02802
6.61943 3.19394
6.61592 3.1966
6.56049 3.23585
6.56091 3.23557
4.48946 1.75862
4.48634 1.73079
4.47482 1.6151
4.66785 -0.85275
4.56508 2.26115
4.53732 2.10369
5.62269 3.58735
5.68927 3.58396
6.0611 3.50041
6.37027 3.35435
6.50891 3.27079
6.97839 2.88917
6.90375 2.96043
6.45993 -2.09365
6.83368 -1.78921
6.72 -1.88961
7.10303 -1.52093
6.3027 -2.20357
4.80067 3.02974
4.81052 3.04899
6.00565 -2.37568
6.0381 -2.36014
5.9169 -2.41641
5.93725 -2.40846
4.70728 -1.00444
4.71524 -1.03453
4.51596 -0.101216
4.44491 0.699196
4.44418 0.721972
4.44996 0.572039
4.44902 0.591592
4.75537 2.92627
4.77126 2.96388
4.57586 2.31488
4.58835 2.37244
7.95284 0.856508
7.94783 0.905783
4.44816 1.21062
4.44886 1.23103
4.44434 1.08141
4.44483 1.10403
6.18777 -2.27665
5.39472 -2.46116
5.36225 -2.44391
7.86935 -0.176645
4.89558 3.1935
4.91219 3.21773
4.69285 -0.949797
4.69864 -0.97152
6.71579 3.12105
6.67658 3.15105
4.52826 -0.178331
4.53488 -0.219119
7.62972 1.97651
7.60641 2.02414
4.57547 2.31314
4.57376 2.30511
5.60443 -2.49992
5.63807 -2.4968
7.87387 -0.160757
7.88488 -0.118303
7.96101 0.354133
7.95934 0.330029
4.50708 1.89772
4.50342 1.8714
5.47457 -2.48782
5.43522 -2.47814
5.35671 -2.4408
5.33328 -2.42372
4.53052 2.06231
4.77127 -1.23993
4.74127 -1.13178
5.50009 -2.49432
5.073 -2.08136
5.13777 -2.20128
5.01213 -1.95173
5.0488 -2.03287
5.01215 3.33917
4.93844 3.25346
5.0961 3.41452
5.15429 3.45574
5.40263 3.56485
5.21255 3.49338
5.87113 -2.43519
5.8868 -2.42984
7.94709 0.209819
7.946 0.200352
4.45168 1.29452
4.45199 1.3127
4.44214 0.937434
4.44204 0.913535
4.44298 0.786534
4.44194 0.810549
4.88947 -1.62169
4.88087 -1.59744
4.46006 1.43317
4.45936 1.42264
4.45948 0.409556
4.46041 0.395954
5.58848 3.58893
5.59605 3.5889
4.52489 2.02728
7.63679 -0.764463
7.66278 -0.713528
4.60887 2.46228
4.64735 2.6139
4.69042 2.75408
4.66349 2.66863
7.14127 2.71625
7.20474 2.64195
7.90241 1.18497
7.92769 1.04954
7.22562 2.61619
7.34651 2.45629
7.44951 -1.08093
7.35135 -1.22055
7.26239 -1.3346
7.2365 -1.36707
7.51796 2.18844
7.46646 2.2743
7.79987 1.56295
7.82622 1.48198
7.96808 0.507117
7.96514 0.685558
5.52127 -2.49792
5.59246 -2.50008
4.82419 -1.41842
4.86316 -1.54495
7.90297 -0.0437017
7.89924 -0.0601929
5.02493 3.35192
5.20881 3.49145
5.56329 3.58735
5.67159 -2.49155
5.69561 -2.48839
7.92926 0.0904286
7.94827 0.220063
4.94458 -1.77982
4.99797 -1.91566
4.51197 1.93503
7.68552 -0.667959
7.74595 -0.532735
7.54661 -0.926783
7.34616 -1.22772
7.50508 -0.996009
7.96773 0.472716
4.81056 -1.37212
5.9617 -2.39653
5.98769 -2.3852
4.44715 0.635451
4.44631 0.656787
4.72134 2.84264
4.74602 2.90494
4.446 1.14588
4.44663 1.16753
4.54449 -0.275199
4.72174 -1.05906
5.1883 -2.27695
5.06666 -2.06978
5.2277 -2.32864
5.23784 -2.34149
5.27458 -2.3782
4.44308 1.04053
4.46909 1.55095
4.47043 0.272314
4.45185 0.526395
4.48455 0.134325
4.4716 0.259502
4.59181 2.38727
4.66033 2.65863
7.21759 2.62621
7.10689 2.75542
7.94683 0.914694
7.8778 1.2931
7.35938 2.43781
7.16638 -1.44969
7.59436 2.04736
7.56144 2.11021
7.43617 2.32227
7.85131 1.39583
7.76496 1.66131
6.73227 3.10775
4.49284 1.78959
4.48182 1.68812
6.04889 -2.35402
4.47155 1.57973
4.49727 0.0294162
4.44274 0.762988
4.79291 3.01209
4.70181 2.78686
7.72054 1.77427
7.73813 1.73104
7.65392 1.9261
4.7978 3.02331
7.13101 -1.48983
7.95555 0.831636
4.45024 1.27533
5.40882 -2.46746
5.60355 3.58853
5.00591 -1.936
7.96746 0.464593
4.49811 1.82975
4.49525 1.80759
7.96283 0.738306
6.67015 3.15593
6.81804 3.03665
7.09556 2.76777
7.6981 1.82837
7.75911 1.67704
7.76347 -0.490321
6.61273 3.199
5.71397 3.58264
7.89543 -0.0760342
6.56641 3.23173
