5.97394 -0.57302
5.93032 -0.54576
6.71248 -0.282397
6.73791 -0.249475
5.47497 1.06333
5.46214 0.957988
6.84227 1.31498
6.86003 1.27702
6.88028 0.00941469
6.85158 -0.0545829
5.46848 0.449737
5.46948 0.440622
6.44727 1.7994
6.4241 1.81523
6.98745 0.40026
6.99794 0.514979
6.17339 -0.615148
6.11955 -0.610826
6.39121 -0.559764
6.37882 -0.564952
5.87872 -0.512537
5.85878 -0.493705
6.22831 1.90236
6.16127 1.91337
6.07491 1.91671
6.01975 1.91181
5.81704 1.81952
5.81938 1.82149
6.62953 -0.380342
6.58609 -0.421885
5.45422 0.832362
5.45792 0.900136
5.51701 1.28116
5.50876 1.24536
5.73923 -0.357408
5.7926 -0.429697
5.58425 1.48497
5.62328 1.57237
5.67916 1.66448
5.63229 1.5907
6.77848 1.43558
6.74427 1.48964
5.61763 -0.139623
5.63728 -0.181268
5.56238 0.0112744
5.5792 -0.0383267
5.50839 0.215699
5.49208 0.294164
5.45348 0.692321
5.45788 0.577691
6.99828 0.686311
6.99323 0.755773
6.93406 0.156584
6.96261 0.262403
6.9254 1.10255
6.91076 1.14608
6.478 1.77766
6.52438 1.73944
6.40836 1.82533
6.36688 1.84847
6.82595 1.3489
6.80445 1.39083
6.61845 1.65128
6.59687 1.67335
6.96506 0.95242
6.95651 0.991688
6.27993 -0.600055
6.2278 -0.608639
5.88122 -0.51478
5.9776 -0.574368
5.73896 1.74389
5.80689 1.80976
5.91836 1.88134
5.88783 1.8629
6.66613 -0.339681
6.76154 -0.214787
5.46132 0.949865
5.48028 1.09872
6.87199 1.24991
6.83325 1.33423
6.89623 0.0474522
6.81994 -0.116014
5.68393 -0.272313
5.6623 -0.231256
5.54169 0.0758563
5.53214 0.111641
5.46308 0.505925
5.46957 0.439956
6.99909 0.537081
6.98609 0.390402
6.07149 -0.60567
6.49618 -0.49677
6.50835 -0.488414
5.80099 -0.438247
6.30266 1.87712
6.12307 1.91885
5.91999 1.88194
5.72327 1.72655
6.80095 -0.150822
5.49342 1.17383
5.45391 0.822908
5.45313 0.711141
5.53784 1.35914
5.70015 -0.301447
6.98378 0.849154
6.98104 0.869005
5.62762 1.58178
5.55156 1.40018
6.62783 1.64087
6.68237 1.57478
6.72366 1.51922
6.80055 1.39794
6.89489 1.19327
6.92572 0.130454
5.59699 -0.0866135
5.52646 0.134118
5.48736 0.321298
5.45868 0.565183
6.32299 1.87024
6.96524 0.273956
6.99985 0.636631
6.93767 1.06124
6.34147 1.86217
6.97298 0.914881
6.97944 0.880144
6.56342 1.70625
6.94873 1.02316
5.54575 1.3853
