8.02528 -0.316709
8.04506 -0.252081
4.6698 -1.76985
4.68648 -1.83263
4.25302 1.35826
4.2488 1.30397
4.24259 0.850269
4.24168 0.800109
6.84988 3.29071
6.81158 3.32238
4.36523 -0.431088
4.3742 -0.479472
4.30975 2.06005
4.31309 2.08924
4.87627 -2.56517
4.87395 -2.55452
4.29615 0.00281896
4.29281 0.0296742
7.81557 -0.83377
7.85155 -0.760874
7.8232 2.00375
7.85861 1.92462
5.03412 3.8301
5.05317 3.8405
4.85042 -2.47003
4.85543 -2.48573
7.13564 3.02051
7.2007 2.95224
8.10883 1.08224
8.08976 1.18839
5.24756 -3.11617
5.23173 -3.11838
7.44203 2.65615
7.46329 2.62762
4.63924 3.40242
4.66057 3.44408
8.15521 0.600466
8.15303 0.676273
4.93429 -2.75771
4.91678 -2.69801
5.16209 -3.10538
5.16192 -3.10526
5.0759 -3.04333
5.08828 -3.05626
4.99807 -2.91973
5.02032 -2.9588
4.9661 -2.84304
4.96797 -2.84727
4.71029 -1.92388
4.72175 -1.97341
5.67243 -2.94904
5.66585 -2.95253
4.6558 -1.71043
4.63309 -1.61612
6.64473 3.45436
6.59743 3.48831
5.99128 3.82129
5.99664 3.81917
5.68873 3.90923
5.76419 3.89308
6.24495 3.70601
6.26437 3.69633
6.485 3.56604
6.48624 3.56527
7.07231 3.08602
7.26071 2.88417
7.21429 2.93752
7.62881 -1.15792
7.66252 -1.1056
7.52784 -1.30751
7.53724 -1.2942
6.99995 -1.91686
7.06561 -1.85169
6.8344 -2.07332
6.87446 -2.03754
4.7452 3.57458
4.7413 3.56924
6.65933 -2.22742
6.64444 -2.2396
7.95189 -0.528965
7.9343 -0.573896
8.15392 0.432196
8.1532 0.414717
4.26674 1.62031
4.26625 1.61414
5.57448 3.92539
5.62882 3.9187
7.68467 -1.06984
7.73849 -0.977803
4.53833 3.16964
4.55202 3.20774
6.95144 3.20086
6.97675 3.17712
4.33227 2.22595
4.33908 2.27256
7.15942 -1.75156
7.20288 -1.70442
5.95082 -2.77179
5.98086 -2.75118
6.03442 -2.71378
6.06339 -2.69265
4.61955 -1.56286
4.57677 -1.38494
4.24134 0.990804
4.24125 0.977271
4.25818 1.48809
4.25806 1.48584
5.87647 3.86157
5.82189 3.8765
4.40682 -0.639388
4.38936 -0.556373
4.25349 0.470821
4.25387 0.464466
5.48896 3.93093
5.48625 3.93108
4.34681 2.3146
4.35321 2.36375
4.33716 -0.273392
4.32653 -0.208459
7.90679 1.80874
7.94177 1.71765
7.72675 2.19996
7.76735 2.1207
4.36994 2.47502
4.37319 2.49497
4.40025 2.64284
4.411 2.69982
5.18212 3.89143
5.18396 3.89207
5.32641 3.92236
5.3449 3.92418
8.06214 1.3172
8.06001 1.32686
7.35705 2.76855
7.39711 2.71684
7.48528 2.59655
7.52543 2.5382
6.91864 -1.99538
6.97052 -1.9466
7.60057 2.42154
7.63402 2.36669
4.58581 3.29019
4.59034 3.3018
5.39726 -3.08406
5.43291 -3.07122
4.73612 -2.03344
4.74965 -2.07957
4.79232 -2.24412
4.80413 -2.28725
4.7611 -2.12494
4.76728 -2.14875
7.97336 1.62777
7.97233 1.63073
8.02497 1.46063
8.003 1.53688
5.86337 -2.82931
5.89831 -2.80677
5.66259 -2.95413
5.74643 -2.90338
6.52122 -2.34281
6.53215 -2.33426
8.06168 -0.192275
7.99323 -0.416808
7.9671 -0.488614
6.6607 3.44207
6.70615 3.40728
6.87691 3.267
6.91423 3.23421
5.96755 3.83033
5.98755 3.82288
6.04257 3.80036
6.07338 3.78712
5.78584 3.88683
5.65047 3.91591
4.29214 1.91343
4.29436 1.9328
4.32166 2.15395
6.20837 3.72484
6.14637 3.75388
6.43106 3.60035
6.42143 3.60598
7.29126 2.84946
6.7475 -2.15072
6.77756 -2.12505
7.07872 -1.83784
4.74955 3.57994
8.15024 0.722926
8.1454 0.789885
6.32271 -2.49982
6.34158 -2.48562
6.44874 -2.40101
6.46862 -2.38536
6.57087 -2.30142
6.59574 -2.28098
6.70541 -2.18721
4.66142 -1.73368
4.93197 3.76651
4.93423 3.76825
8.15231 0.398658
8.15632 0.543463
4.51828 -1.13784
4.52547 -1.16796
4.49208 -1.02668
4.49561 -1.04183
4.248 0.585051
4.24757 0.59487
4.44614 2.85787
4.44609 2.85772
4.48636 3.00601
4.47925 2.98276
7.40862 -1.46561
7.42843 -1.44074
7.31182 -1.5829
7.3413 -1.54829
4.44176 -0.802899
4.43886 -0.789461
4.46551 -0.911289
4.46652 -0.915667
4.24273 1.09154
4.24296 1.10427
6.18571 -2.60367
6.17252 -2.61373
4.57514 -1.37836
4.57308 -1.36992
4.57574 -1.38073
8.00903 -0.369759
4.88726 3.73067
4.85097 3.6967
8.12961 0.150712
8.12681 0.130468
4.47923 -0.970926
4.48107 -0.978746
4.24468 0.723267
4.24211 0.773683
7.05235 3.10576
7.01379 3.14242
6.7476 3.37491
6.77137 3.35526
4.30586 2.03434
4.30172 1.99642
4.28362 1.82135
4.28204 1.80559
4.26789 0.271203
4.26776 0.272711
5.3378 -3.10329
5.34132 -3.10254
4.83546 -2.41003
4.82981 -2.38995
8.13676 0.871424
8.14243 0.822563
8.12752 0.954264
8.13204 0.919457
4.52248 3.12534
4.51689 3.10747
5.49995 -3.04053
5.5167 -3.03291
5.65365 -2.95898
5.60247 -2.98679
5.81067 -2.86368
8.07947 -0.123248
7.92825 -0.588643
7.92276 -0.602436
6.54118 3.52833
6.54313 3.52692
8.1562 0.565465
4.2806 1.79116
4.27646 1.74199
7.26025 -1.642
7.24248 -1.66194
5.93752 -2.78085
5.92023 -2.7924
8.13208 0.168316
8.13752 0.21747
4.69916 -1.88393
4.24779 1.23126
4.24808 1.28514
6.32014 3.66597
6.357 3.64433
7.30802 2.82859
7.3271 2.80588
4.79303 3.63531
4.83323 3.6792
6.20987 -2.58558
6.26609 -2.5434
8.14408 0.283716
8.1427 0.269091
4.24858 1.29476
4.25465 1.41595
4.24205 0.78677
4.24132 0.900226
4.2617 1.54862
4.26034 1.52623
4.38524 -0.535681
4.36208 -0.41417
4.90401 -2.66278
4.89356 -2.62258
4.86838 -2.53299
4.85881 -2.49682
4.28089 0.137706
4.30857 -0.0900176
4.25867 0.389657
4.26611 0.293369
7.87168 -0.717601
7.79642 -0.870993
5.30007 -3.11225
7.86655 1.9061
7.81393 2.02394
4.37447 2.50187
4.39132 2.59788
4.50911 3.08172
4.49727 3.04517
5.2538 3.90975
5.18708 3.89287
8.11372 1.05215
8.08621 1.20631
5.22372 -3.11831
7.29631 -1.60111
4.6704 3.45988
4.62392 3.3742
4.56281 3.2352
4.57193 3.25739
5.58415 -2.9975
5.52154 -3.0307
4.94473 -2.78307
5.11398 -3.07925
5.1622 -3.10541
5.06918 -3.03253
5.0348 -2.98841
4.99147 -2.90155
4.9655 -2.84188
8.14542 0.297987
8.10886 0.0153517
8.11393 0.0431348
8.10171 -0.0214325
7.75323 -0.951182
7.90335 -0.646842
7.67775 -1.0813
7.61328 -1.18205
7.57878 -1.23325
7.51041 -1.33203
6.38639 -2.45055
6.40508 -2.43618
4.50508 -1.08233
4.51041 -1.1049
4.26191 1.55156
4.27112 1.6783
4.46539 2.93141
4.46215 2.92027
7.36121 -1.52411
7.38533 -1.49483
5.9389 -2.77987
5.98572 -2.74805
6.02217 -2.72195
6.08313 -2.67912
4.53165 -1.19322
4.5485 -1.26362
4.24142 0.927261
4.24175 1.04077
4.25527 1.4272
4.2618 1.54999
4.34655 -0.325737
4.41905 -0.700055
4.25767 0.402993
4.25034 0.529675
5.43419 3.93031
5.49331 3.93068
5.40194 3.92963
4.31495 -0.134237
4.27952 0.150756
7.77666 2.1017
7.90127 1.8226
7.94397 1.71167
7.71894 2.215
4.35715 2.39075
4.42943 2.78592
4.93656 3.76983
4.99215 3.80672
5.08578 3.85512
5.11717 3.86884
5.30787 3.91919
8.05961 1.32852
8.02979 1.44343
7.54758 2.50505
7.58375 2.4486
7.42182 2.68453
7.45424 -1.40738
7.47538 -1.37997
7.68111 2.28462
7.64128 2.35437
4.61135 3.34594
4.70079 3.51104
4.55937 3.22726
4.81073 -2.31487
4.78601 -2.21803
4.82229 -2.35648
7.97342 1.62758
8.00077 1.54405
5.901 -2.80508
5.83524 -2.84715
6.09746 3.77714
6.29056 3.68205
4.44586 2.85679
4.43286 2.80235
6.27809 -2.53465
6.51078 -2.3514
6.63078 -2.25139
4.27207 1.68938
4.24595 0.648906
4.42936 -0.746831
4.4525 -0.852571
4.45392 -0.859142
4.24454 1.15609
6.10428 -2.66308
4.24502 1.17916
4.24512 0.671107
5.37689 -3.09189
5.44827 -3.06473
4.42508 -0.726357
6.36703 3.63841
7.67818 2.28984
4.77352 -2.17401
5.82572 -2.8534
8.09039 -0.0769846
6.11868 3.76707
4.29697 1.95444
4.43133 2.79506
6.51627 3.54514
