6.41123 2.21858
6.36831 2.24099
5.80714 2.29337
5.78146 2.2835
6.60876 -0.823588
6.6429 -0.796283
7.14676 1.24061
7.14556 1.24434
5.20539 0.986
5.21151 1.07568
5.45653 -0.517101
5.44082 -0.481414
5.55153 -0.691856
5.56196 -0.70868
5.48833 2.01977
5.48106 2.00756
5.92671 -1.01788
5.84834 -0.984619
6.11657 -1.04201
6.20576 -1.03046
7.10352 -0.14021
7.13984 -0.0431565
5.20636 0.551906
5.21241 0.468223
7.24195 0.443701
7.23081 0.341346
5.98533 2.33303
6.01845 2.3319
6.20055 2.30789
6.19578 2.30951
6.77797 -0.662885
6.80405 -0.632908
6.53536 -0.880313
6.45272 -0.931545
6.96693 -0.407746
6.94237 -0.447436
7.21589 0.964191
7.21413 0.974515
7.24179 0.751761
7.24548 0.703975
5.3882 -0.355777
5.37616 -0.320975
5.32015 1.65561
5.32291 1.6634
5.26508 1.44153
5.24852 1.35844
5.22555 1.21741
5.22762 1.23202
5.3943 1.84853
5.40496 1.87176
5.61531 2.16972
5.58697 2.14292
6.80443 1.87468
6.82136 1.85385
7.03518 1.51447
7.02246 1.5395
6.8937 1.75679
6.92826 1.70445
5.74225 -0.915215
5.67263 -0.84859
6.31098 -1.00011
6.21593 -1.02852
7.08032 -0.193577
7.05403 -0.250594
7.18276 0.0984474
7.20387 0.185373
5.24748 0.181566
5.26787 0.0790296
5.19956 0.802447
5.1999 0.837911
5.22973 0.305002
5.24674 0.185993
7.24859 0.601772
7.24875 0.588114
7.11667 1.32586
7.11702 1.32488
7.18798 1.09124
7.17126 1.15569
7.20998 0.996861
7.19344 1.07067
7.21322 0.980009
7.22832 0.878118
6.73778 1.95427
6.72628 1.96605
5.31308 -0.118102
5.30062 -0.0680052
6.56911 2.10973
6.60739 2.07947
6.74788 1.94308
6.65283 2.03782
6.60941 2.07764
6.83685 1.83383
6.86236 1.80098
5.33113 -0.178904
5.33572 -0.194689
6.35696 2.24682
6.31263 2.26744
7.23509 0.83006
5.29051 -0.0256556
5.28568 -0.00467964
5.1997 0.743259
5.19996 0.707605
6.52079 2.14825
6.48215 2.17392
5.69618 2.23522
5.88254 2.31777
6.83719 -0.59227
6.87592 -0.542794
6.55199 -0.86796
6.65376 -0.787037
5.21357 1.10284
5.20285 0.940356
5.47375 -0.553877
5.4159 -0.423503
5.60834 -0.771664
5.53855 -0.66964
5.29054 1.54991
5.2804 1.50788
5.43892 1.9357
5.49421 2.02872
6.98352 1.61155
6.94667 1.67465
5.83372 -0.977632
5.98019 -1.0308
6.21321 -1.02933
6.06541 -1.04035
7.09977 -0.149614
7.14769 -0.0195413
5.27836 0.027873
5.2033 0.604368
5.21611 0.427356
7.22648 0.31069
7.24374 0.466242
5.95873 2.32992
6.08997 2.3292
6.19442 2.30977
6.30292 2.27191
6.42142 -0.949936
6.33131 -0.991111
5.68227 2.22622
6.72585 -0.716892
6.91038 -0.495221
7.00295 -0.346397
7.08277 1.41263
7.08388 1.40996
5.20037 0.867211
5.22512 1.21383
5.39871 -0.382188
5.37213 -0.309098
5.5028 -0.607586
5.65251 -0.827756
5.35681 1.75675
5.31576 1.6415
5.24333 1.33075
5.54767 2.09742
5.38584 1.82822
7.07567 1.42835
6.86871 1.79232
5.75068 -0.921471
6.02102 -1.03896
7.04694 -0.264531
7.17474 0.068318
7.20966 0.214031
5.34636 -0.229024
5.31684 -0.131339
5.24694 0.184689
5.19952 0.772768
5.22674 0.328855
5.20066 0.678761
7.24872 0.585374
6.529 2.14195
6.53645 2.13623
7.24617 0.684938
7.08497 1.40733
7.12039 1.31545
7.23513 0.829656
6.43244 2.20524
7.14824 1.23637
6.47452 2.17892
