7.67309 -0.261408
7.68878 -0.21267
5.51055 3.27357
5.47212 3.26188
7.78308 0.210699
7.79163 0.279079
4.61757 1.11833
4.6162 1.09013
4.99084 -1.26298
4.9769 -1.2254
4.64523 1.52656
4.64783 1.55177
4.68839 1.86353
4.68992 1.87262
5.60369 -2.10078
5.69173 -2.11708
5.43492 -2.01454
5.43011 -2.01057
4.61932 0.605173
4.62068 0.571581
4.9324 2.72714
4.9725 2.80604
7.1188 -1.2397
7.12929 -1.22746
4.6927 -0.115227
4.67692 -0.0100915
4.76653 2.24805
4.7688 2.25728
5.7149 3.30046
5.73305 3.30014
6.67453 2.90841
6.74259 2.85481
6.85211 -1.52076
6.81415 -1.55722
7.38571 -0.871478
7.35738 -0.916746
7.44912 1.97387
7.42477 2.0193
7.62317 1.58521
7.5931 1.66354
7.70461 1.32849
7.72276 1.25971
7.73759 -0.0331816
7.74966 0.0204547
7.60274 -0.450817
7.59291 -0.474958
5.31116 3.18723
5.24611 3.14163
5.04255 -1.40058
5.04449 -1.40578
5.14563 -1.6303
5.12204 -1.58105
6.49108 3.03931
6.54224 3.00538
4.6233 1.24992
4.62595 1.29514
6.18953 -1.99762
6.20214 -1.99151
5.93554 -2.09415
5.95251 -2.08999
5.70122 -2.11802
5.79467 -2.11869
4.80402 -0.646367
4.77889 -0.546565
4.85688 -0.848289
4.85523 -0.842289
4.61413 0.732248
4.61299 0.784376
4.89005 2.63116
4.88942 2.62982
4.73126 2.09284
4.73903 2.12799
7.49155 -0.688465
7.49253 -0.686573
6.14458 3.21576
6.21326 3.18673
5.949 3.27377
5.96663 3.27055
6.8408 2.76965
6.8658 2.74571
6.61293 2.95568
6.40054 -1.87776
6.30652 -1.9349
6.57193 -1.75727
6.59949 -1.73753
6.80167 -1.56874
6.71714 -1.64213
7.24109 -1.0853
7.26798 -1.04866
7.28638 -1.023
7.29398 -1.01211
7.80645 0.503087
7.80528 0.459592
4.94517 -1.13415
4.94623 -1.13758
4.75618 -0.441604
4.77834 -0.544173
6.97924 -1.3946
7.01515 -1.35766
7.03704 2.5703
6.97817 2.63379
7.80603 0.664929
7.8059 0.676834
7.70753 -0.149344
7.64901 -0.331097
6.03209 -2.06331
6.09774 -2.03951
5.51305 -2.06414
5.56827 -2.08819
5.69787 -2.1181
7.03855 -1.33178
7.05087 -1.31827
6.25778 3.16836
6.36167 3.11624
7.74576 1.16102
7.76861 1.03865
7.37136 2.11312
7.33901 2.16658
7.28797 2.2448
7.32854 2.18334
7.19966 2.36985
7.21678 2.34662
7.65379 1.49555
7.66977 1.44721
7.7455 1.16236
7.7454 1.16282
7.63467 -0.36974
7.55261 -0.564967
7.54949 -0.571932
6.58484 2.9764
6.48548 3.04308
4.66335 1.69035
4.66211 1.6801
4.63808 1.45473
4.63547 1.42345
5.99489 -2.07762
5.82641 -2.11346
5.89378 -2.10452
5.51256 -2.06392
4.85025 -0.82413
4.83485 -0.767049
4.86015 -0.860147
5.50867 -2.06144
5.36311 -1.95097
5.37594 -1.96295
5.01993 2.88762
5.02111 2.88972
6.03033 3.25484
6.04325 3.25035
6.10534 3.22963
6.23954 3.17612
6.36631 3.11397
6.41038 3.08884
6.42659 3.07929
6.77114 2.83036
6.30224 -1.93757
6.41704 -1.8665
6.90418 -1.47191
4.61361 0.964634
4.61293 0.913335
4.62123 1.21419
4.6193 1.16733
4.90145 -0.996512
4.91547 -1.04186
5.21852 -1.76094
5.23542 -1.78615
4.63512 0.354151
4.62918 0.435847
4.66067 0.109315
4.65421 0.159438
4.61493 0.705631
4.61702 0.654009
4.83268 2.47469
4.83577 2.48474
4.78645 2.32099
4.79936 2.36644
7.04464 2.5616
7.09917 2.49792
7.19728 -1.14223
7.23388 -1.09542
7.77972 0.965319
7.77419 1.00379
7.79413 0.84745
7.79288 0.861483
4.61609 1.04033
4.65236 1.59675
4.65628 1.63188
4.64128 1.48761
4.62445 0.523586
7.51303 1.84579
7.53238 1.80454
4.92876 2.71931
4.92593 2.71264
5.76678 3.29956
5.79071 3.29829
6.89612 -1.4797
4.6286 1.33508
4.63037 1.35929
4.88662 -0.947842
5.28791 -1.86301
5.31543 -1.89576
5.18604 -1.70374
5.17136 -1.6774
4.62605 0.478986
4.6401 0.298625
4.65311 0.169449
4.64658 0.229383
4.61378 0.989134
4.6125 0.861395
4.61244 0.837674
5.87109 3.28888
5.82905 3.29435
4.73418 -0.338135
4.74704 -0.399501
5.06983 2.95774
5.11677 3.01883
4.70194 -0.168799
4.71818 -0.256332
5.39723 -1.98267
5.39498 -1.9806
5.25329 -1.81327
5.27261 -1.8408
4.71862 2.02908
4.71275 2.00064
5.70329 3.30016
5.66318 3.29863
6.49967 -1.81064
6.52151 -1.79441
4.67065 1.74427
6.25238 -1.9647
6.25791 -1.96154
5.41034 3.23884
5.58709 3.28896
5.15995 3.06466
5.12396 3.02664
7.79738 0.339485
7.77348 0.144693
5.04821 -1.41523
5.08231 -1.49391
4.69785 1.92061
4.67986 1.80844
7.547 -0.577104
7.50063 -0.67035
4.766 2.24581
4.78237 2.30726
6.80876 -1.56221
6.89027 -1.48532
7.33677 -0.948096
7.4263 -0.805641
7.41084 2.0443
7.46833 1.93707
7.24431 2.30799
7.27429 2.26506
7.62537 1.57937
7.58859 1.67481
7.72622 1.24532
7.69748 1.35467
7.76324 0.0871158
7.7221 -0.0955336
5.21322 3.11515
5.34831 3.20853
5.61163 3.294
7.80267 0.410797
5.01016 -1.31587
5.10618 -1.54559
5.1651 -1.66647
4.70486 1.95814
4.7785 -0.544891
4.81576 -0.692599
5.2019 -1.7317
4.8596 2.55261
4.85367 2.53808
4.89582 2.64437
4.74355 2.1499
4.72554 2.06431
7.43937 -0.783214
6.01045 3.26022
5.89867 3.28415
6.70015 -1.6569
6.62166 -1.7197
6.54429 -1.77796
7.28235 -1.02875
7.43343 -0.793429
7.8074 0.567077
7.55748 1.74803
7.57315 1.7115
4.80858 2.39723
4.81692 2.42561
7.04054 2.56639
6.93369 2.67975
7.80414 0.714465
7.80085 0.773602
7.78722 0.9062
7.7823 0.948388
4.69495 -0.128497
7.15085 -1.20114
7.15331 2.43141
7.14887 2.43702
7.7708 1.02533
7.74552 1.16228
7.15593 2.42803
7.4861 1.9017
7.3783 2.1014
7.33056 2.18017
7.68053 1.4119
7.6397 1.53742
7.79689 0.819947
4.84598 2.5162
6.9129 2.70038
4.64972 1.57312
4.66045 1.66753
5.81884 3.29583
5.75702 3.29958
5.35996 -1.94808
4.64645 0.230632
5.02221 2.89144
4.67647 1.78606
5.62435 3.29555
6.20973 -1.98742
4.97006 -1.20691
4.6325 1.38715
7.08831 -1.2757
4.6659 0.0702817
4.64361 0.262671
6.36988 3.11214
4.92321 -1.06686
5.36165 -1.9497
6.48076 3.04622
4.82965 -0.747782
4.94988 -1.14859
