6.80472 -0.520878
6.75171 -0.582235
6.55738 -0.763373
6.5856 -0.740805
7.08078 1.23818
7.07005 1.27143
6.88306 1.65167
6.93608 1.56599
5.75077 -0.791404
5.76482 -0.80283
6.20319 2.2095
6.21505 2.20545
6.41874 2.11708
6.43424 2.10726
6.32857 -0.892343
6.37677 -0.870613
5.94308 2.2211
5.99372 2.22898
5.70312 2.11439
5.79069 2.17108
6.84706 -0.464586
6.89239 -0.399045
5.26669 0.948149
5.26226 0.843888
5.28835 1.17856
5.28082 1.11525
7.13669 1.04304
7.15119 0.972195
5.57167 -0.56758
5.52484 -0.47938
5.62766 -0.64982
5.57403 -0.571187
5.38576 1.61322
5.41815 1.70463
5.326 1.40217
5.32614 1.40275
5.56496 1.97026
5.59765 2.01277
5.46393 1.80354
5.42544 1.72169
6.65038 1.93934
6.61662 1.97021
6.94754 1.54508
6.98993 1.46164
5.93447 -0.905106
5.98148 -0.918533
6.12387 -0.935991
6.08545 -0.933572
7.11162 0.0775075
7.08922 0.00585899
7.02176 -0.164277
7.0042 -0.202347
5.44264 -0.291868
5.4069 -0.195724
5.38202 -0.110511
5.37039 -0.0684387
5.32662 0.112413
5.32209 0.135204
5.28974 0.339097
5.2793 0.426921
5.26644 0.586047
5.26205 0.698608
7.18386 0.501541
7.18604 0.570348
7.15085 0.237575
7.16563 0.322159
7.11431 1.13138
7.10861 1.15338
7.16377 0.900703
7.13102 1.06837
6.56331 2.01602
6.69014 1.89865
6.73183 1.85244
6.44778 2.09812
6.48613 2.07406
6.79225 1.78176
6.79364 1.77996
5.39186 -0.144393
5.40619 -0.193688
7.03661 1.35873
7.03245 1.36857
7.17865 0.785783
7.18022 0.768948
5.80484 2.17745
5.89135 2.21052
6.6773 -0.662062
6.82566 -0.494131
6.66299 -0.674871
6.4904 -0.808327
5.27558 1.06455
5.26857 0.97787
5.48422 -0.397738
5.48006 -0.388072
5.35387 1.50899
5.36866 1.55827
5.50948 1.89011
5.50604 1.88451
6.78727 1.7882
6.74981 1.83196
6.84751 1.70505
6.93949 1.56016
5.84181 -0.859992
5.69005 -0.728322
6.2204 -0.924816
6.18421 -0.929529
7.07207 -0.0418015
7.04932 -0.100767
5.35004 0.00816926
5.35878 -0.0264024
5.27589 0.461322
5.26766 0.564626
7.17163 0.365295
7.18016 0.447525
6.17505 2.21491
6.3103 2.17231
6.44241 -0.838474
6.23461 -0.920748
6.09769 2.22811
6.05167 2.22867
5.69211 2.10627
6.94384 -0.317588
6.67321 -0.665926
6.95448 -0.299465
5.26192 0.829206
5.2996 1.25635
7.17596 0.811186
7.16769 0.875884
5.47665 -0.379644
5.47882 -0.385089
5.57259 -0.569051
5.66156 -0.6963
5.42217 1.71453
5.32567 1.40062
5.30509 1.29085
5.62824 2.04537
5.51475 1.89783
7.00315 1.43351
6.82336 1.73938
7.02186 1.39193
5.85757 -0.868415
6.02853 -0.929877
6.95941 -0.290295
7.1233 0.118117
7.14164 0.19401
5.40658 -0.194805
5.33586 0.067388
5.38807 -0.131781
5.30762 0.219169
5.26132 0.771306
5.29721 0.285344
5.26181 0.713503
7.18615 0.647674
7.18513 0.682689
7.06342 1.28908
6.54174 2.03398
6.52846 2.04471
6.32571 2.1652
7.18427 0.706635
7.10075 1.18092
6.34136 2.15705
6.38089 2.13785
6.49706 2.06657
