4.68844 -1.19048
4.6962 -1.21895
5.33287 -2.61747
5.33012 -2.6156
5.42527 -2.64689
5.43131 -2.64721
5.85474 -2.5583
5.93206 -2.52235
5.21492 -2.53056
5.2032 -2.51923
5.10838 -2.38716
5.12638 -2.41356
7.99789 0.16509
7.99962 0.17842
4.60952 -0.878969
4.62757 -0.952726
4.51728 -0.460926
4.55407 -0.64038
4.46301 2.06162
4.46346 2.06557
4.55572 2.5559
4.56701 2.60258
7.30522 2.61146
7.36568 2.53052
7.43758 -1.20116
7.44744 -1.18719
7.30235 -1.37922
7.33083 -1.34393
6.98943 -1.72547
7.02601 -1.68972
6.40973 -2.22198
6.41717 -2.21625
5.645 -2.63351
5.65053 -2.63264
4.78856 -1.55149
4.76629 -1.47633
4.84271 -1.72911
4.83381 -1.69923
7.85869 -0.399753
7.84928 -0.426352
4.90089 3.37079
4.85113 3.30448
5.16472 3.59401
5.19797 3.61121
4.95522 3.43412
4.98386 3.46193
5.28976 3.64625
5.31026 3.65411
5.99394 -2.48961
6.03917 -2.46418
8.01284 0.298276
8.01148 0.281212
6.81812 3.1211
6.80848 3.12937
6.58404 3.30211
6.60469 3.28787
4.44794 1.94577
4.44652 1.93436
4.48488 2.19592
4.48256 2.18313
7.64777 -0.867248
7.64656 -0.869479
7.76379 -0.63415
7.75696 -0.64942
5.95746 3.62414
6.02891 3.59884
6.40813 3.41737
6.33244 3.46
6.16453 3.54538
6.18477 3.53649
7.14856 2.7998
7.0854 2.86826
6.97894 2.97443
7.00596 2.94884
7.39093 -1.26522
7.41313 -1.23504
7.5379 -1.0508
7.50871 -1.09645
6.64821 -2.03637
6.63944 -2.04394
6.82635 -1.88241
6.83475 -1.87514
8.02415 0.537611
8.02425 0.58479
8.01728 0.76392
8.01748 0.761472
4.73759 -1.37162
4.76115 -1.45749
4.91341 -1.94303
4.91813 -1.9553
4.76424 3.15944
4.73239 3.09492
5.45706 3.68373
5.5067 3.68781
5.72492 -2.60968
5.73987 -2.60548
4.6503 -1.04465
4.64835 -1.03675
4.63836 2.85346
4.63651 2.84839
7.72533 1.90472
7.71854 1.92002
4.80198 3.22844
4.81793 3.25464
6.11358 -2.41969
6.16538 -2.38847
6.201 -2.36513
6.27801 -2.3148
5.41797 -2.64583
5.33379 -2.61787
5.26047 -2.57183
5.0177 -2.20538
4.99671 -2.15873
5.06376 -2.3048
5.05754 -2.29249
5.15357 -2.45621
5.19534 -2.5087
4.38186 0.909017
4.38202 0.850106
4.38283 1.03545
4.38215 0.977106
4.39738 1.40707
4.39439 1.35821
4.4058 1.52733
4.40284 1.48651
4.48801 -0.307904
4.50026 -0.373515
4.55819 -0.659985
4.40163 0.379829
4.40541 0.331698
4.39266 0.515854
4.39585 0.462156
4.45377 -0.0939868
4.45961 -0.133122
4.41986 0.177866
4.42769 0.106033
5.84384 3.65619
5.84238 3.65655
6.29688 3.4804
6.19177 3.53295
4.53917 2.47943
4.52289 2.40166
4.6063 2.74942
4.601 2.73007
7.20166 2.7386
7.23011 2.70528
7.99504 0.969695
7.98943 1.0091
7.95119 1.21923
7.93651 1.28472
6.73946 -1.95982
6.75643 -1.94484
7.06761 -1.64633
6.93086 -1.78437
7.51442 2.30562
7.48133 2.35934
7.59374 2.16847
7.57885 2.19537
7.43085 2.43705
7.44086 2.42203
7.88588 1.47372
7.89792 1.43295
7.83105 1.64116
7.8401 1.61567
6.42455 -2.21046
6.53667 -2.126
6.35161 -2.26306
5.51773 -2.65315
5.56024 -2.6495
7.93617 -0.146927
7.9467 -0.105969
7.89762 -0.281495
7.90967 -0.242195
7.88665 -0.317029
7.81981 -0.502455
7.81326 -0.519307
4.91129 3.38501
6.90993 3.03995
6.86905 3.07655
6.77657 3.1559
6.75502 3.17331
6.69996 3.21679
6.65925 3.2476
6.51855 3.34776
4.4365 1.85389
4.44027 1.88583
4.45474 1.99799
4.47126 2.11505
4.50266 2.30006
5.84194 3.65663
5.8411 3.6568
6.07159 3.58412
6.46172 3.38343
6.43346 3.40143
6.18785 3.53494
7.04606 2.90837
6.92544 3.02616
6.55351 -2.11222
6.73758 -1.96152
6.90951 -1.80426
7.12027 -1.59143
8.02156 0.674654
8.01664 0.772162
6.54528 -2.11898
4.72904 3.08837
4.79142 3.20885
8.02227 0.442507
8.02406 0.493849
4.42223 1.71687
4.42468 1.74313
4.40993 1.57772
4.4129 1.61482
4.38601 0.665058
4.38418 0.722949
4.39146 0.538125
4.38885 0.592571
7.77731 1.78251
7.76104 1.82245
7.68678 1.98758
7.6722 2.01795
4.69835 3.01481
4.67952 2.96819
7.20521 -1.49551
7.22652 -1.47102
4.59233 -0.806404
4.38637 1.17481
4.38831 1.2311
4.38303 1.04587
4.38429 1.1041
5.6707 3.68435
5.62591 3.68851
4.56003 -0.668573
4.56471 -0.689502
4.70417 3.03012
4.72329 3.07549
7.16342 2.78337
7.17184 2.77385
7.1532 -1.55468
7.18094 -1.52344
7.13468 -1.5754
4.93597 -2.00529
4.94309 -2.02338
8.02249 0.649511
4.91853 3.39373
5.11591 3.5659
5.09294 3.55122
5.78546 3.66777
5.72872 3.67752
7.97702 0.0343677
7.97628 0.0298388
4.46233 2.05712
8.00961 0.851913
4.71293 -1.28111
4.66415 -1.09985
4.81544 -1.64044
4.79684 -1.57809
4.9587 -2.06717
4.96866 -2.09133
5.05594 -2.28877
5.02613 -2.22583
5.07064 3.5347
5.01769 3.49288
5.81461 -2.57703
5.94261 -2.51657
8.00578 0.231836
7.99636 0.153205
4.39271 1.29459
4.39358 1.3467
4.38211 0.972375
4.38187 0.913606
4.38454 0.786603
4.382 0.845437
4.40138 1.46732
4.39839 1.42236
4.39679 0.448063
4.40028 0.396933
5.53342 3.68949
5.61273 3.68916
4.43512 0.0429757
4.44246 -0.01422
7.70912 -0.750034
7.70346 -0.761451
4.57313 2.62549
4.54387 2.50279
7.97518 1.0965
7.96634 1.14479
7.29877 2.6197
7.36935 2.52551
7.48841 -1.12677
7.43223 -1.20866
7.34737 -1.32211
7.27544 -1.41296
7.55459 2.23773
7.53141 2.27742
7.8597 1.55732
7.87009 1.52538
5.68574 -2.62248
5.60553 -2.64265
4.76234 -1.46207
4.86781 -1.80989
5.21337 3.61793
5.14413 3.58304
5.32258 3.65743
6.0576 -2.45385
5.98878 -2.49232
5.7633 -2.59596
8.01427 0.315252
7.96158 -0.0398985
7.97606 0.028736
7.95102 -0.0886783
4.87053 -1.81788
4.87207 -1.82224
7.63695 -0.886247
7.80726 -0.533624
7.5863 -0.973548
7.38496 -1.27344
7.57938 -0.985088
8.02375 0.608787
6.08841 -2.43528
4.7286 -1.33819
5.4088 3.67662
5.69532 -2.62037
4.63661 -0.989495
4.664 -1.09931
4.41573 1.64708
4.41848 1.67898
4.38847 0.601436
4.38626 0.657764
4.63155 2.83361
4.65719 2.90746
4.38446 1.1102
4.38611 1.1676
4.66411 -1.09973
5.49122 -2.65238
5.51465 -2.65312
4.98301 -2.12462
5.09272 -2.35832
5.14153 -2.43772
4.38287 1.0406
4.40763 1.55066
4.478 -0.251318
4.40712 0.311203
4.3919 0.527371
4.47481 -0.232427
4.41476 0.227323
4.59267 2.7008
4.50985 2.33627
4.6181 2.78924
7.23978 2.69344
8.00678 0.877013
7.92344 1.33824
7.4281 2.44111
7.25544 -1.4366
7.63185 2.09781
7.62378 2.1132
7.47321 2.37211
7.9096 1.39034
7.80807 1.70394
5.60281 -2.64289
7.93168 -0.164209
6.72539 3.19764
4.43303 1.82561
4.44476 1.92142
6.28869 -2.30733
6.28292 -2.31144
4.63276 -0.973708
4.42914 1.78692
4.38397 0.728916
4.66719 2.93386
4.50564 2.31513
7.80017 1.7252
7.73243 1.88877
7.64057 2.081
4.38858 1.23959
5.68838 3.68205
5.38375 3.6724
8.02114 0.414335
5.72833 3.67759
5.47014 -2.65197
5.96591 -2.50438
6.71334 3.20676
6.82762 3.11314
4.89422 -1.88699
6.18562 -2.37538
5.20014 -2.51497
6.34632 -2.26708
6.62231 3.27542
4.43123 1.80712
7.9206 -0.204512
