6.45695 -0.210763
6.37879 -0.257773
5.64218 0.756082
5.64124 0.716881
6.29669 1.58586
6.4101 1.52276
6.58623 1.35202
6.58466 1.35411
6.7782 0.311762
6.74467 0.198254
6.23184 -0.304852
6.23132 -0.304826
6.56992 -0.105355
6.57898 -0.0962866
5.83012 1.42871
5.81032 1.40193
5.66422 0.996945
5.65663 0.951164
5.69767 1.14387
5.70356 1.16597
5.97397 -0.219123
6.02986 -0.259778
5.8349 -0.0665947
5.8368 -0.0697975
5.74511 0.115103
5.74125 0.125989
5.67768 0.349341
5.68499 0.316045
5.64997 0.543787
5.65179 0.523222
6.68004 1.20198
6.67766 1.20652
6.81575 0.57121
6.80578 0.458418
6.81409 0.6425
6.81641 0.590964
6.69829 0.0944949
6.74271 0.193211
6.29242 1.58712
6.43144 1.50834
6.64912 1.2548
6.63388 1.28132
6.58321 1.35572
6.50366 1.44256
6.17485 1.61258
6.80046 0.820122
6.79273 0.869733
6.00975 1.58326
5.9898 1.57313
6.68417 1.19307
6.72178 1.1105
5.91091 1.51951
5.92886 1.53417
5.73855 1.26625
5.753 1.29928
5.6766 1.06072
5.68257 1.08382
5.65716 0.482829
5.66315 0.436041
6.765 0.984832
6.76239 0.993781
6.10765 1.60743
6.8059 0.783051
6.34091 -0.276315
6.48907 -0.184439
5.89809 -0.146598
5.93085 -0.184964
5.71351 0.214697
5.68939 0.297834
6.74428 0.197117
6.78264 0.330517
6.12966 -0.296827
6.23231 -0.304765
6.58317 -0.0911732
6.07418 -0.277313
6.64572 -0.000526907
5.83254 -0.0623879
5.78841 0.0232457
5.74979 0.102748
6.67924 0.0579056
5.66523 0.422368
5.85316 1.45942
5.8866 1.49571
6.038 1.59428
6.0763 1.60467
6.80274 0.435751
6.81617 0.582567
6.81376 0.690088
6.77786 0.934558
5.95924 1.55568
6.73666 1.07284
5.65501 0.501386
5.64533 0.83625
6.81216 0.723194
5.64562 0.592291
5.72948 1.24098
5.64307 0.670126
5.6442 0.619856
5.65539 0.937925
5.65294 0.917068
5.78769 1.36489
6.78722 0.89644
6.74813 1.03903
