6.37579 2.69721
6.34974 2.70997
5.54266 2.74698
5.50001 2.72025
5.01134 -0.240773
5.00296 -0.204752
5.00794 1.85733
4.99427 1.80026
6.74413 2.4343
6.69209 2.47958
4.89376 0.779807
4.8932 0.795749
6.06343 -1.56888
6.07566 -1.56611
6.92988 -1.00455
6.89404 -1.04485
7.05056 2.08875
7.06619 2.06747
7.11647 1.99449
7.15997 1.92469
7.17968 -0.671414
7.17747 -0.67506
7.50694 0.182746
7.50875 0.193372
5.51598 -1.38599
5.51133 -1.38095
4.9047 1.16164
4.9054 1.17397
5.69448 -1.52035
5.68881 -1.51698
7.53595 0.744078
7.53687 0.732618
5.16322 -0.762559
5.13893 -0.69248
5.29228 -1.05737
5.33489 -1.13862
5.21046 -0.880198
5.18152 -0.809146
5.39011 -1.22571
5.34196 -1.14996
4.9619 1.63741
4.97937 1.72979
4.92768 1.40986
4.93168 1.44006
4.91305 0.388588
4.91267 0.39224
4.89677 0.663039
4.89716 0.64945
4.89416 0.894577
4.89449 0.925475
5.33788 2.57677
5.3487 2.58934
5.22551 2.41893
5.19252 2.35973
5.13719 2.24599
5.16565 2.30927
6.25709 -1.51125
6.17912 -1.53871
5.87563 -1.57484
5.91426 -1.57605
5.0663 2.06044
5.0585 2.03523
6.81164 -1.12864
6.78411 -1.15568
7.24987 1.76512
7.25952 1.74658
7.26239 -0.524951
7.24814 -0.551922
7.35739 -0.326414
7.35561 -0.330711
4.94172 0.141352
4.9463 0.110464
6.09396 2.80671
6.16077 2.78839
5.95085 2.83102
6.0233 2.82083
5.73649 2.82015
5.74408 2.82184
6.45356 -1.41091
6.39338 -1.44479
6.65252 -1.27048
6.60827 -1.30425
6.57121 2.57587
6.5706 2.57634
7.41933 1.35517
7.42553 1.33672
7.48239 1.12424
7.48202 1.12604
7.53508 0.415646
7.53437 0.404803
7.53975 0.567767
7.54055 0.598869
4.97926 -0.0844352
4.99837 -0.182794
7.0516 -0.856018
7.06074 -0.844346
7.45903 1.22019
7.44321 1.27717
7.50051 1.03353
7.49981 1.03775
6.83938 2.34223
6.86374 2.3161
6.93141 2.24109
6.96236 2.20375
6.43116 2.66553
6.45745 2.65057
7.42196 -0.155414
7.41825 -0.167135
7.39894 -0.221214
7.40127 -0.214786
7.37067 1.49607
7.39304 1.43448
4.89762 1.05333
4.91163 1.25725
4.90813 0.447367
4.90708 0.460937
4.90014 0.572827
4.89907 0.596373
4.89517 0.714633
4.89663 1.0261
7.523 0.88884
7.52296 0.889217
5.04895 -0.394058
5.03314 -0.33222
7.20338 1.85106
7.22418 1.81432
6.3216 2.72435
6.29427 2.73679
4.89742 1.04
5.09089 -0.544956
5.09314 -0.552313
7.46188 -0.0203826
7.45268 -0.0550707
7.29531 -0.460588
7.30461 -0.441983
7.3975 1.42152
4.9146 1.29349
5.02337 -0.292147
5.01283 -0.247423
5.07348 -0.485402
4.91903 0.323597
4.91906 0.323336
7.27478 1.7155
7.29605 1.67203
6.40429 2.68151
4.89358 0.764155
7.4861 0.0783625
7.48262 0.061208
7.36279 1.51595
5.44442 2.67999
5.61223 2.78086
7.53899 0.650727
7.53831 0.695705
7.50805 0.985347
7.50207 1.02539
4.99968 -0.189192
5.24861 -0.970306
5.2494 -0.971875
5.4472 -1.30536
5.42415 -1.27642
4.983 1.74861
5.01432 1.88099
6.65707 2.50924
6.76767 2.41215
5.2782 2.50004
5.31871 2.55208
6.1596 -1.54591
6.05959 -1.56922
5.7842 -1.55608
5.83266 -1.5669
5.09985 2.15477
5.07976 2.10089
7.09426 -0.79682
7.12051 -0.760787
6.96517 -0.963087
6.85898 -1.08132
7.32574 -0.3978
7.33509 -0.377455
4.92565 0.262308
4.92675 0.25305
5.84704 2.83339
5.7636 2.82405
6.55244 -1.34598
6.50524 -1.37721
7.10894 2.00591
7.0153 2.13627
6.26759 2.749
6.2005 2.77395
7.17578 -0.677721
7.23664 -0.572647
7.52288 0.288888
7.29919 1.6653
7.33238 1.59078
5.64217 2.79313
5.4073 2.64739
5.58707 -1.44958
5.50229 -1.37019
5.70553 -1.52469
5.60619 -1.46539
7.5349 0.761953
5.10646 -0.594374
5.12288 -0.644699
5.08112 -0.513059
5.0751 -0.491263
5.17358 -0.789382
5.33779 -1.14342
5.24784 -0.968685
4.94342 1.52452
4.95289 1.58342
5.0368 1.96351
4.91523 1.29943
5.25582 2.4682
5.17835 2.33434
5.11593 2.19416
5.96878 -1.57844
6.28679 -1.49731
6.35582 -1.46577
6.76492 -1.174
6.9968 -0.925357
6.70406 -1.22687
7.27711 -0.497132
7.37855 -0.274455
7.52543 0.306975
4.97063 -0.0381182
4.96443 -0.00268345
4.96044 0.0218917
6.05542 2.81615
5.8889 2.83355
7.52573 0.309578
6.52697 2.60542
6.57179 2.57544
7.03094 -0.88332
7.47155 1.16675
7.48298 1.12181
7.5389 0.501889
7.46375 1.20099
7.43245 1.31551
7.49038 1.08161
7.51192 0.963696
6.83188 2.35002
6.61212 2.54417
6.90664 2.26944
7.11477 1.99717
6.97686 2.1854
7.37932 -0.272504
4.91861 0.327942
4.91329 0.385314
4.90349 0.509722
4.9023 0.52913
4.8974 0.636281
6.48481 2.6342
7.53036 0.811056
7.52306 0.888279
7.42623 -0.142129
7.26812 1.72889
7.22479 1.81318
7.33623 1.5822
7.18795 1.8775
6.48298 2.63533
4.90302 0.519053
