6.177 -2.5966
6.1865 -2.58985
8.01396 -0.32694
8.03634 -0.25382
4.67416 -1.74539
4.69867 -1.83768
4.26157 1.35825
4.25698 1.2992
4.25107 0.850259
4.25007 0.795223
6.84859 3.28045
6.80592 3.31573
4.26647 1.48326
4.26663 1.48588
4.37287 -0.426759
4.37644 -0.446017
4.31911 2.06015
4.32315 2.09549
4.88838 -2.54786
4.8861 -2.54115
4.30554 -0.0029436
4.30091 0.0342578
7.80588 -0.835704
7.84602 -0.754363
7.81454 2.00456
7.85343 1.91766
5.03246 3.8106
5.061 3.82619
5.21148 3.88289
5.19177 3.87782
4.8601 -2.45104
4.8684 -2.47703
7.13267 3.0115
7.1916 2.94966
8.10231 1.07578
8.08109 1.19384
7.4358 2.65124
7.45374 2.62716
4.65759 3.408
4.67148 3.43515
4.60143 3.29494
4.60064 3.29336
5.37131 -3.06504
5.38965 -3.06045
8.14686 0.618215
8.14505 0.68129
4.94543 -2.7305
4.93405 -2.69171
5.19464 -3.07361
5.22664 -3.07968
5.04714 -2.94903
5.03035 -2.91954
5.01213 -2.88869
4.98831 -2.83495
5.06258 -2.97102
5.09509 -3.01274
4.72237 -1.92753
4.73208 -1.96945
5.69146 -2.91941
5.66123 -2.93545
5.81294 -2.84439
5.81988 -2.84019
4.67141 -1.7337
4.64419 -1.62072
6.64345 3.44409
6.59428 3.47937
5.98565 3.81143
5.97909 3.81359
5.71194 3.89148
5.76214 3.88073
6.23789 3.69781
6.26299 3.6853
6.47842 3.55839
6.48487 3.5544
7.06314 3.08342
7.25189 2.88166
7.21126 2.92835
7.62339 -1.15153
7.66819 -1.082
7.52266 -1.3014
7.52664 -1.29576
6.9902 -1.91493
7.06332 -1.84235
6.82375 -2.0712
6.87213 -2.02801
4.75677 3.56511
4.74034 3.5426
6.65959 -2.21534
6.63861 -2.23251
7.94616 -0.522216
7.93229 -0.557646
8.14619 0.439428
8.14506 0.411661
4.27599 1.62606
4.27505 1.61418
5.58241 3.91091
5.61222 3.90724
7.67446 -1.07187
7.73315 -0.971512
6.95015 3.19052
6.96729 3.17443
4.34252 2.23232
4.34762 2.26723
7.15712 -1.74214
7.1961 -1.69986
5.93739 -2.76542
5.97045 -2.74273
6.03474 -2.69893
6.0539 -2.68495
4.62798 -1.55691
4.59213 -1.40785
4.24962 0.985986
4.24956 0.977261
5.87446 3.84947
5.80052 3.8697
4.41464 -0.634958
4.39941 -0.562544
4.26206 0.465554
4.26213 0.464332
4.35635 2.3147
4.36358 2.37019
4.34675 -0.27928
4.33442 -0.203991
7.89843 1.80953
7.92668 1.73597
7.71775 2.20081
7.76228 2.11387
4.37298 2.43273
4.3822 2.48935
4.41196 2.65012
4.42025 2.69406
5.33417 3.90818
5.32629 3.90686
8.07154 1.23839
8.05349 1.32041
7.354 2.75929
7.38724 2.71636
7.48214 2.58703
7.51605 2.53775
6.90844 -1.99336
6.96821 -1.93715
7.67546 2.27843
7.69374 2.24533
7.59545 2.41465
7.62496 2.36625
5.34556 -3.06882
4.74424 -2.02025
4.76194 -2.08063
4.80127 -2.22958
4.81738 -2.2884
4.77692 -2.14002
4.77947 -2.14981
7.96479 1.62857
7.93625 1.71076
8.01666 1.46141
7.9967 1.53065
5.86089 -2.81468
5.88227 -2.80089
5.64624 -2.94283
5.74227 -2.88806
6.51509 -2.33536
6.53242 -2.3218
8.05514 -0.186158
7.98705 -0.411016
7.95816 -0.490398
6.65 3.43904
6.70037 3.40048
6.86709 3.26421
6.90868 3.22768
6.0407 3.78915
6.05731 3.78201
5.77654 3.87658
5.64825 3.9026
4.30061 1.90815
4.30344 1.9329
4.33019 2.14864
6.20698 3.71372
6.13141 3.74912
6.42969 3.5894
6.40842 3.60184
7.28825 2.84035
6.73641 -2.14852
6.7752 -2.11539
7.06935 -1.83598
4.77512 3.58773
8.14273 0.720108
8.13731 0.794966
6.30935 -2.49717
6.34186 -2.47269
6.43629 -2.39853
6.46889 -2.37286
6.55919 -2.2991
6.596 -2.26884
6.69974 -2.18031
4.67251 -1.73827
4.9312 3.74537
4.94384 3.75511
8.14364 0.386148
8.14837 0.540482
4.52609 -1.13232
4.53453 -1.16766
4.49992 -1.02115
4.50466 -1.04153
4.25609 0.589745
4.25588 0.594735
4.45988 2.86642
4.45724 2.8569
4.50093 3.01508
4.49079 2.98192
7.39697 -1.46732
7.42174 -1.43623
7.29979 -1.58466
7.3346 -1.54378
4.44924 -0.797624
4.44741 -0.789177
4.46418 -0.866428
4.47553 -0.915368
4.25114 1.09642
4.25128 1.10426
4.58342 -1.37252
4.57233 -1.32715
4.58664 -1.38524
8.00031 -0.371498
4.89672 3.71773
4.86874 3.69153
8.12108 0.147513
8.11671 0.115904
4.48704 -0.965415
4.49011 -0.978446
4.25316 0.723257
4.25035 0.778458
7.05105 3.09538
7.00833 3.13599
6.74631 3.36461
6.76114 3.35236
5.52732 3.9145
5.49415 3.91665
4.3144 2.02902
4.31085 1.99652
4.29312 1.82725
4.29096 1.80568
4.27702 0.265594
4.27598 0.277367
5.31241 -3.0759
4.84781 -2.40174
4.83927 -2.37139
8.12906 0.870623
8.13544 0.815644
8.12077 0.947589
8.12375 0.924672
4.53227 3.11732
4.52892 3.1066
5.46742 -3.03221
5.51112 -3.01233
5.60515 -2.9651
5.58608 -2.97546
8.07049 -0.126617
7.9224 -0.581751
7.91342 -0.604297
6.53984 3.51762
6.5913 3.48148
8.14822 0.570486
4.28899 1.78593
4.2853 1.74208
7.248 -1.64381
7.24018 -1.65257
8.12494 0.175
8.1293 0.214385
4.70916 -1.88009
4.25631 1.23125
4.25663 1.2901
6.31876 3.65497
6.34394 3.64018
7.3017 2.82361
7.317 2.80539
4.80487 3.62562
4.83238 3.65565
6.15682 -2.61122
6.25759 -2.5365
8.13579 0.280607
8.13345 0.255747
4.25687 1.29475
4.26334 1.42099
4.25031 0.78676
4.24968 0.905072
4.27015 1.54371
4.26406 1.43586
4.39317 -0.53119
4.37162 -0.420026
4.26402 0.433881
4.26627 0.399114
4.91438 -2.63744
4.908 -2.6129
4.89103 -2.55653
4.87399 -2.49539
4.29012 0.132038
4.31657 -0.0854855
7.86225 -0.719483
7.79101 -0.864612
5.29511 -3.08001
7.85805 1.9069
7.80881 2.01705
4.38584 2.50895
4.40045 2.59219
4.52424 3.09114
4.50907 3.04432
5.15866 3.8664
5.26157 3.89556
8.10528 1.05746
8.07986 1.20004
5.26029 -3.08261
7.28962 -1.59661
4.69073 3.46607
4.63452 3.36552
4.57875 3.24006
4.60399 3.30044
5.57926 -2.97946
5.55594 -2.99182
4.96415 -2.776
5.14284 -3.05108
5.15624 -3.05835
5.12809 -3.03789
5.04999 -2.95487
5.01497 -2.89299
4.97782 -2.81468
8.13808 0.304864
8.10007 0.0120568
8.10695 0.049675
8.0904 -0.0377486
7.74332 -0.953161
7.89773 -0.640217
7.6725 -1.07512
7.60274 -1.1836
7.57349 -1.22702
7.51527 -1.3118
6.37344 -2.44798
6.40536 -2.42345
4.51291 -1.0768
4.51947 -1.1046
4.2711 1.55727
4.27994 1.67834
4.47954 2.94021
4.47349 2.91945
7.34938 -1.52585
7.37864 -1.49032
5.92813 -2.77114
5.98605 -2.73269
6.01227 -2.71392
6.08344 -2.6647
4.53944 -1.18773
4.55861 -1.26781
4.24974 0.922415
4.25007 1.04076
4.26342 1.42245
4.27057 1.55003
4.3543 -0.321353
4.42899 -0.706161
4.25864 0.529539
4.26638 0.397643
5.43179 3.91591
5.47279 3.91652
5.40971 3.91544
4.32445 -0.140072
4.28766 0.155367
7.76784 2.10253
7.89604 1.81555
7.93562 1.71246
7.71391 2.20822
4.36579 2.38537
4.44152 2.79344
4.95688 3.76391
4.99994 3.79249
5.10989 3.84809
5.12493 3.85467
5.3427 3.90905
8.0501 1.3345
8.02346 1.43716
7.54438 2.49535
7.57462 2.44816
7.41874 2.67519
7.44276 -1.40906
7.47004 -1.37369
7.67223 2.28419
7.63609 2.34739
4.62807 3.35104
4.712 3.50187
4.56958 3.2189
4.82008 -2.29969
4.79875 -2.21913
4.83619 -2.35769
7.96722 1.62144
7.99229 1.54485
5.89855 -2.79064
5.82926 -2.83473
5.99912 3.80617
6.09563 3.76614
6.27691 3.67771
6.53135 3.52325
4.44307 2.80014
4.44184 2.795
6.27837 -2.52134
6.49854 -2.34898
6.61936 -2.24912
4.28138 1.69517
4.25411 0.653636
4.4368 -0.741577
4.46105 -0.852287
4.46139 -0.853869
4.25301 1.161
6.09524 -2.65575
4.25329 1.17435
4.25364 0.666148
5.44204 -3.04174
4.43356 -0.726075
6.36026 3.63055
4.55069 3.16874
4.55001 3.16693
4.78203 -2.16018
8.08368 -0.0707077
6.11115 3.75877
4.30678 1.96053
4.55089 3.16928
4.4417 2.79431
6.59151 3.48134
