6.44538 -0.272157
6.41975 -0.287577
5.66601 0.254362
5.65563 0.29936
6.83848 0.768857
6.84248 0.724075
6.8035 0.286578
6.78053 0.208807
6.22243 -0.354825
6.15244 -0.351289
6.02275 -0.313881
6.04589 -0.322699
6.64268 -0.0694866
6.60517 -0.120957
5.63546 1.02336
5.62657 0.969725
5.65679 1.1282
5.67203 1.18544
5.92827 -0.246046
5.96737 -0.274489
5.80324 -0.0852431
5.82947 -0.129486
6.71769 0.0525042
6.72552 0.0674695
5.71589 0.0984989
5.69513 0.15712
5.82229 1.49087
5.87985 1.55561
6.07066 1.65396
6.01432 1.64051
6.49778 1.50097
6.44641 1.5466
6.28327 1.63862
6.18801 1.6602
6.56527 1.43448
6.59917 1.39211
6.84388 0.543198
6.83721 0.467669
6.81788 0.899487
6.81094 0.932171
6.84556 0.651762
6.84668 0.626781
6.4156 1.57063
6.33507 1.61513
6.67758 1.27348
6.64907 1.32307
5.77962 1.43001
5.80632 1.4725
6.53751 1.46478
6.17274 1.66351
6.806 0.951959
6.79295 0.999546
6.83159 0.829284
6.82735 0.856489
6.73812 1.15541
6.7241 1.18621
5.70754 1.2854
5.74849 1.37902
5.62786 0.466176
5.63162 0.436787
5.61366 0.840988
5.60994 0.736208
6.83357 0.815789
5.61452 0.588692
5.61832 0.543883
6.16162 1.66464
6.12604 1.66362
6.33056 -0.331233
6.52262 -0.208856
5.8607 -0.168623
5.92378 -0.242495
5.65024 0.324259
5.68261 0.197141
6.76831 0.173192
6.81622 0.340403
6.11988 -0.348727
6.28506 -0.343153
6.56967 -0.16284
6.01775 -0.31056
6.67243 -0.0263843
5.77071 -0.0271299
5.75492 0.00351643
5.7411 0.0319684
6.77497 1.06221
6.77734 1.05603
6.72759 0.0721373
5.63632 0.40594
5.92071 1.58944
5.81051 1.47808
5.97294 1.62274
6.09682 1.66106
6.82937 0.409234
6.84567 0.591249
6.84529 0.690215
6.77756 1.05534
5.75117 1.38374
6.77797 1.05407
6.80816 0.943478
5.94608 1.60741
6.64541 1.3285
6.6952 1.24366
5.64538 1.08
5.62368 0.502127
5.61434 0.855382
5.61022 0.694184
5.61275 0.612585
5.62004 0.526782
5.68183 1.21378
5.61185 0.652308
5.6218 0.91875
5.74979 1.38147
