6.46251 -0.181262
6.3591 -0.243451
5.65889 0.788451
5.65695 0.707181
6.06871 1.5776
6.06614 1.57675
6.3041 1.55671
6.38947 1.50921
6.59885 1.30241
6.56807 1.34322
6.76605 0.323864
6.76238 0.31146
6.49922 -0.147006
6.56212 -0.0840216
6.23702 -0.277323
6.3074 -0.260006
5.85479 1.42484
5.81227 1.36734
5.66879 0.916097
5.6716 0.941922
5.99593 -0.206186
6.03312 -0.233238
5.85343 -0.0556762
5.84075 -0.0376055
5.76079 0.124202
5.76681 0.110312
5.68406 0.401307
5.70082 0.325035
5.66483 0.552229
5.66829 0.513031
6.67192 1.17968
6.65206 1.21773
6.79587 0.512715
6.79067 0.453972
6.79897 0.638049
6.80133 0.585563
6.6849 0.107831
6.72267 0.191777
6.26403 1.56848
6.43988 1.47517
6.63545 1.24582
6.62658 1.26126
6.53975 1.37474
6.4874 1.43188
6.18152 1.58635
6.78551 0.815719
6.77952 0.854105
6.01634 1.55733
5.97672 1.5372
6.70653 1.10515
6.71392 1.08892
5.91767 1.49293
5.95446 1.52296
5.75346 1.25705
5.75517 1.26097
5.69264 1.05082
5.70437 1.09627
5.67125 0.490831
5.6783 0.435683
6.75882 0.947743
6.74206 1.00538
6.07482 1.57817
6.7926 0.76732
5.71944 1.15616
5.72514 1.17332
6.34588 -0.249926
6.47294 -0.172707
5.91605 -0.136015
5.93425 -0.157319
5.72836 0.223134
5.7109 0.283321
6.73035 0.210995
6.7665 0.325767
6.13436 -0.271888
6.19352 -0.276543
6.5912 -0.0485071
6.10245 -0.260663
6.63289 0.0118981
5.87796 -0.0882884
5.8045 0.0327261
5.75436 0.13998
6.65523 0.0508366
5.67913 0.430262
6.80088 0.578067
6.78994 0.448492
6.79873 0.672309
6.7633 0.930271
5.96556 1.53083
6.71685 1.08151
5.8741 1.45026
5.67006 0.50103
5.6604 0.826944
6.79548 0.739802
5.66215 0.582084
5.75238 1.25406
5.8709 1.44678
5.67263 0.947763
5.65806 0.678688
5.65875 0.648052
5.80591 1.35692
5.74798 1.24133
6.76655 0.917024
6.73399 1.03097
