5.97597 2.42729
5.97834 2.42748
7.20325 1.2427
7.21484 1.2066
5.14891 1.02087
5.15026 1.04072
7.2903 0.829435
7.2938 0.792569
5.37785 -0.510009
5.39575 -0.550664
5.48538 -0.728387
5.51433 -0.775096
5.20759 1.47868
5.21589 1.51715
5.42171 2.06281
5.39321 2.01493
5.53892 2.21908
5.57746 2.25889
7.17271 -0.119843
7.18504 -0.0869133
5.22349 -0.00351362
5.21123 0.0590157
5.15049 0.520159
5.15153 0.505815
7.29283 0.393047
7.28907 0.358493
6.69966 2.08587
6.76453 2.01851
6.18912 2.39943
6.15813 2.40581
6.40446 2.31002
6.40645 2.30883
5.70139 2.3496
5.77314 2.38497
6.80389 -0.731059
6.85031 -0.6777
6.51568 -0.984783
6.51082 -0.987796
6.75516 -0.78401
6.6919 -0.843724
7.02297 -0.432785
6.9871 -0.490749
7.28182 0.898546
7.26856 0.976521
5.31265 -0.33193
5.30801 -0.318508
5.59595 -0.889687
5.55322 -0.835731
5.26252 1.69285
5.24088 1.61657
5.17095 1.25269
5.1804 1.31955
6.3044 -1.09468
6.30574 -1.09409
5.33274 1.8883
5.35662 1.94037
6.84668 1.92401
6.85323 1.91596
6.96874 1.75171
6.94549 1.78692
7.07567 1.56174
7.09743 1.51651
5.91961 -1.12098
5.99382 -1.13566
5.73451 -1.02775
5.74591 -1.03546
6.1099 -1.13891
6.03396 -1.13882
7.05932 -0.368552
7.09786 -0.293023
7.24608 0.117086
7.25147 0.139282
5.24248 -0.0847511
5.25464 -0.130952
5.14141 0.838355
5.14142 0.839294
5.1762 0.274585
5.18326 0.225187
6.6302 2.14916
6.60028 2.17551
7.30187 0.647832
7.30253 0.590097
7.21894 1.19257
7.23581 1.13018
7.26167 1.01802
7.28447 0.880188
5.27526 -0.210648
5.26337 -0.167274
5.23822 -0.0676174
6.54974 2.21343
6.58349 2.1884
6.84102 1.93086
6.78964 1.99066
6.44849 2.28259
6.40825 2.30768
6.67815 2.10689
6.66848 2.11576
5.33934 -0.407758
5.3513 -0.440868
7.28592 0.869938
5.23564 -0.0568321
5.22427 -0.00742451
5.1417 0.710303
5.14171 0.708983
5.28926 -0.261361
5.28814 -0.257392
5.98099 2.42732
5.87488 2.41534
6.63315 -0.89643
6.60452 -0.918813
6.95726 -0.535335
6.92127 -0.586708
5.15761 1.1374
5.14252 0.905914
5.41374 -0.589094
5.35691 -0.456077
5.53688 -0.811124
5.46434 -0.692385
5.2328 1.58722
5.20497 1.46482
5.37403 1.97762
5.46309 2.12577
5.61197 2.28787
5.48379 2.15575
7.03073 1.64887
7.02733 1.65523
5.82634 -1.08489
5.85053 -1.09515
6.20669 -1.12407
6.18498 -1.12735
7.14381 -0.192256
7.21391 -5.03895e-05
5.2081 0.0752966
5.22365 -0.00429418
5.14341 0.641343
5.16146 0.396298
7.27542 0.261961
7.29997 0.482793
5.82405 2.40153
6.08318 2.4209
6.29552 2.36327
6.29618 2.36304
5.67344 2.33377
6.77433 -0.763828
6.88373 -0.636723
6.46459 -1.01495
7.04788 -0.389891
7.12309 1.4597
7.14284 1.41213
5.14242 0.902989
5.1618 1.17768
5.29452 -0.278799
5.32916 -0.37967
5.43929 -0.642659
5.64432 -0.946775
5.1875 1.36682
5.28902 1.77531
5.29585 1.79614
6.40295 -1.05076
6.29595 -1.09731
5.30661 1.8256
5.47531 2.14418
6.40929 -1.0472
7.01072 1.68376
6.90914 1.83952
7.02479 1.65974
5.66325 -0.964868
6.01414 -1.13889
7.12156 -0.242566
7.22113 0.0234009
7.27018 0.231845
5.19435 0.154803
5.14131 0.774144
5.16459 0.367231
5.14324 0.646133
7.30204 0.532288
6.59148 2.18227
6.65422 2.12868
7.30044 0.686939
7.19035 1.28554
7.16167 1.36555
7.24493 1.09657
7.24989 1.07275
7.25788 1.03776
5.28626 -0.25114
5.26138 -0.159757
6.5139 2.24139
7.29586 0.769195
6.88501 1.87332
6.30364 2.3596
6.50796 2.2452
7.19059 1.2848
6.35181 2.33714
7.15842 1.3746
7.29951 0.7135
6.87854 1.88251
6.51079 2.24343
