7.27318 1.50859
7.27763 1.49735
7.45341 0.667136
7.45597 0.595752
7.41395 1.03034
7.42209 0.989642
5.09618 -0.193925
5.09527 -0.190012
5.16388 -0.44663
5.17856 -0.49501
5.39731 -0.999374
5.35013 -0.917196
5.50797 -1.16062
5.52905 -1.18695
5.09854 1.79879
5.09828 1.79767
5.01307 1.34332
5.01429 1.35391
5.16156 1.9989
5.18504 2.06251
7.2098 1.64991
7.21168 1.64622
7.25688 -0.335221
7.22044 -0.41171
6.47045 -1.26216
6.50354 -1.24041
6.17057 2.65003
6.17858 2.64711
6.40125 2.55059
6.41618 2.54236
7.12952 -0.576652
7.10967 -0.609416
5.5532 2.5742
5.64707 2.62797
7.45087 0.740942
7.45181 0.729298
5.23027 -0.642043
5.20596 -0.574815
5.3072 -0.826779
5.34788 -0.912609
5.05052 1.58016
5.03632 1.4998
4.99807 1.18876
4.99045 1.07987
5.46085 2.49961
5.4786 2.5142
5.33561 2.34984
5.36312 2.38893
6.08117 -1.41266
6.04414 -1.41483
6.27412 -1.36129
6.28564 -1.35605
5.89428 -1.41066
5.90384 -1.41175
5.23832 2.1813
5.20832 2.11612
6.88403 -0.908811
6.84444 -0.952476
6.69201 -1.09954
6.68272 -1.10773
5.71279 -1.34324
5.65518 -1.30374
7.28907 -0.26027
7.26863 -0.309566
7.35811 -0.0652718
7.38083 0.0140402
7.41575 0.167027
7.43124 0.255746
5.06256 -0.0317406
5.06943 -0.0665686
4.98306 0.870869
4.98369 0.908177
4.98518 0.673782
4.98408 0.712711
5.00147 0.402689
4.9973 0.45179
5.02807 0.168484
5.02508 0.188715
5.91118 2.68662
5.95965 2.68662
5.75356 2.66637
5.68666 2.6427
6.97965 -0.79492
6.94293 -0.841234
7.30969 1.4149
7.32683 1.3639
7.39529 1.12103
7.39123 1.14103
7.45451 0.495858
7.44837 0.401633
7.45467 0.501019
7.45509 0.517257
5.1353 -0.346375
5.11208 -0.259541
7.42975 0.934002
7.42395 0.978236
6.58111 2.43439
6.59965 2.41993
6.75507 2.28649
6.75361 2.28786
6.89356 2.13689
6.88146 2.15154
7.02975 1.95972
6.98829 2.0172
6.30463 2.59857
6.34675 2.57913
6.44045 2.52853
6.46761 2.51195
5.15429 -0.413987
4.98439 0.946148
4.98562 0.999806
4.98248 0.814973
7.3658 1.23769
7.38086 1.18115
7.33765 1.33117
7.33621 1.33546
5.10842 -0.245182
5.10988 -0.250937
5.17897 -0.496319
5.1807 -0.501997
6.83328 2.20606
6.82392 2.21606
7.0406 1.94371
7.08418 1.87579
7.29502 -0.245343
7.3138 -0.196878
7.30859 1.41824
5.00183 1.23713
5.00014 1.21665
7.44784 0.780601
7.44375 0.826662
5.00432 0.372057
5.00931 0.321201
4.98719 0.622511
4.9889 0.582293
7.16201 1.74125
7.15253 1.75894
5.05369 0.016103
5.04545 0.0600459
4.98254 0.7779
7.0825 -0.652058
7.04527 -0.706763
7.24198 1.58176
7.30728 1.42205
7.45571 0.585386
7.45294 0.692559
7.42324 0.982221
7.41037 1.05113
5.08468 -0.142256
5.10107 -0.215741
5.34897 -0.914888
5.43852 -1.06752
5.57541 -1.23456
5.46849 -1.10813
5.07305 1.69043
5.09922 1.80128
6.66773 2.36529
6.6793 2.35513
5.39438 2.42714
5.45701 2.49607
6.17689 -1.39364
6.1909 -1.38909
5.80352 -1.38593
5.8836 -1.4077
5.19724 2.09184
5.14674 1.95495
6.70783 -1.08511
6.7703 -1.02727
7.22319 1.62252
7.18252 1.70271
7.21016 -0.431821
7.26754 -0.31205
7.39045 0.0519134
7.40892 0.132103
4.98312 0.740318
5.01046 0.310502
5.02455 0.192665
5.7645 2.66884
5.85615 2.68399
6.56947 -1.19603
6.39045 -1.30724
6.97183 2.03885
6.93611 2.08517
6.06435 2.67517
6.02259 2.67981
6.14716 2.65586
6.2778 2.61117
7.00847 -0.757055
7.16939 -0.507538
7.23706 1.59277
7.23947 1.58736
5.6521 2.63043
5.53961 2.56437
7.45043 0.748353
5.26415 -0.731396
5.19547 -0.545224
5.26691 -0.737848
5.26931 -0.743227
5.44886 -1.08209
5.62149 -1.27852
5.03091 1.468
5.064 1.64685
5.12969 1.90349
5.01462 1.35617
5.29965 2.29336
5.98693 -1.41864
6.17435 -1.39412
6.3727 -1.31706
5.75665 -1.365
5.27196 2.2479
5.28358 2.26805
6.80915 -0.989779
6.91417 -0.874989
6.60674 -1.16755
7.13564 1.78916
7.09888 1.85179
7.18733 -0.475305
7.29188 -0.253384
7.31823 -0.184677
7.34772 -0.0991674
7.43469 0.280268
5.07798 -0.110569
5.0572 -0.00325985
4.98608 0.647512
4.99012 0.559125
4.99576 0.471478
5.00289 0.386505
5.0439 0.0693186
7.44711 0.387849
7.3851 1.16357
7.39888 1.10634
7.45464 0.498784
7.36004 1.25749
7.4042 1.07844
7.43473 0.903137
6.74932 2.29176
6.51491 2.48145
6.81171 2.22894
6.85768 2.17928
7.03805 1.94766
6.4951 2.49526
7.44079 0.855652
6.29088 2.60526
6.386 2.55932
