6.39735 1.06684
6.44386 0.996079
5.92743 0.811039
5.91606 0.695433
6.52655 0.797552
6.53161 0.776874
6.45014 0.292994
6.43867 0.272253
6.28589 1.1469
6.2695 1.1575
5.99881 1.02616
5.98573 0.995862
6.25627 1.15986
6.13982 1.15617
6.19831 0.147489
6.29757 0.158118
6.02722 0.281154
6.08637 0.200392
6.53662 0.572772
6.52903 0.499536
5.92415 0.565652
5.92576 0.555802
6.3739 1.0866
6.47321 0.94176
6.07836 1.11453
6.01895 1.06113
5.916 0.692865
5.93247 0.835152
6.5391 0.689439
6.51837 0.833328
6.42108 0.248526
6.43322 0.26313
6.49429 0.379941
6.26587 1.15951
6.49447 0.894534
5.95695 0.921301
5.92375 0.569439
6.51346 0.444322
6.5419 0.631601
5.94077 0.486473
5.94405 0.465744
5.97701 0.368803
5.99387 0.328142
6.08766 0.19953
6.18797 0.146621
6.3458 0.185808
5.96446 0.403266
6.38066 0.208415
