5.44172 -2.34203
5.45357 -2.34618
5.29212 -2.23476
5.36132 -2.2953
6.09355 -2.24649
6.18842 -2.19483
5.85355 -2.34428
5.83532 -2.35059
4.95818 -1.62264
4.97202 -1.65816
6.6046 3.1341
6.60799 3.13159
4.67045 -0.638101
4.7135 -0.813537
5.04056 -1.82655
5.04362 -1.83294
4.58517 2.05443
4.57596 1.99923
5.91128 3.47033
5.9374 3.46406
4.73216 2.67096
4.73781 2.68821
7.03468 2.75789
7.04535 2.74688
7.16105 2.61552
7.14147 2.63878
7.86499 1.13398
7.87477 1.08116
7.44654 2.21429
7.46124 2.18972
7.36321 2.34604
7.35822 2.35342
7.77616 1.48404
7.75953 1.53598
7.91778 0.698511
7.92075 0.604643
7.76568 -0.348086
7.7381 -0.423811
7.83184 -0.133521
7.83445 -0.123854
5.04696 3.24747
5.10655 3.30611
5.22385 3.39205
5.30231 3.43337
5.58226 -2.37997
5.58782 -2.38062
5.69616 -2.37775
5.67312 -2.38086
7.8847 0.115574
7.87416 0.0548847
7.91445 0.372045
7.91085 0.323802
4.92981 -1.54134
4.90714 -1.47638
4.53029 1.64263
4.53416 1.67951
4.51088 1.42288
4.50922 1.40456
4.6639 -0.609771
5.10247 -1.95714
5.11543 -1.98019
4.56624 1.93677
4.5686 1.95254
7.57339 -0.783268
7.54134 -0.840429
5.7192 3.50036
5.70862 3.50172
6.16583 3.38535
6.13459 3.39708
6.39003 3.27295
6.42207 3.25313
6.83849 2.94725
6.88549 2.90507
7.46597 -0.966044
7.51066 -0.894215
6.48195 -2.00337
6.40625 -2.05785
6.63209 -1.89005
6.60672 -1.91014
6.84826 -1.70322
6.80287 -1.74472
7.01359 -1.54095
6.99457 -1.56115
5.28484 -2.22683
5.24284 -2.17818
5.94878 -2.31093
5.93631 -2.31648
5.53482 -2.37226
5.51091 -2.36724
4.49147 0.913477
4.49137 0.90878
4.4964 1.15985
4.49666 1.16747
4.50976 0.411569
4.51215 0.377212
4.55657 -0.031613
4.54674 0.0448197
4.49626 0.648001
4.4959 0.65598
4.60036 -0.297969
4.59351 -0.260215
4.79488 -1.11535
4.77305 -1.03911
4.84767 -1.29393
4.84356 -1.27996
7.80187 -0.237659
7.78049 -0.304864
6.21949 -2.1773
6.08764 -2.24936
4.6553 -0.569935
5.95636 3.45809
5.8213 3.48833
6.24563 3.34908
6.27848 3.3335
4.70543 2.58289
4.68876 2.5267
4.75679 2.73977
4.77388 2.78482
7.08407 2.70356
7.11267 2.67196
7.26373 2.48574
7.23416 2.52419
6.58195 -1.92856
6.50701 -1.98615
6.93473 -1.61996
6.89927 -1.65519
7.52526 2.07633
7.55243 2.02544
7.82372 1.31728
7.81503 1.35097
7.72619 -0.455418
7.69777 -0.523254
7.68906 -0.544086
6.77468 3.00157
6.74068 3.02996
6.522 3.19055
6.54792 3.17365
4.5277 1.61535
4.51913 1.52395
4.51602 1.48703
4.5071 1.37504
4.50495 1.34446
4.73347 -0.893023
4.84289 2.94446
4.86311 2.98431
4.60128 2.14341
4.61757 2.22843
6.05212 3.42874
6.28809 3.32821
6.50066 3.205
5.60778 3.50306
5.65069 3.50341
6.91945 2.87244
6.37599 -2.077
6.76669 -1.77592
6.70531 -1.82955
7.0887 -1.46232
6.28672 -2.13616
5.19103 -2.10779
5.1959 -2.11493
6.05449 -2.26523
6.03721 -2.27349
4.75413 -0.971373
4.75702 -0.982313
4.49258 1.03508
4.49213 0.976977
4.49133 0.854651
4.49132 0.845308
4.49933 1.24029
4.49859 1.22208
4.49473 1.10397
4.50257 0.513611
4.50632 0.460358
4.51607 0.329897
4.52671 0.214459
4.53872 0.104859
4.56287 -0.0746636
4.4933 0.727252
4.49371 0.714825
4.49887 0.590781
4.78934 2.82248
4.79765 2.8438
4.64604 2.35855
4.64868 2.37073
7.65494 1.81001
7.66573 1.78483
7.15534 -1.38596
7.14692 -1.39581
7.31302 -1.18867
7.2811 -1.23088
7.90297 0.887854
7.90151 0.902234
7.8166 -0.18717
5.36574 -2.29908
5.43227 -2.33794
4.7396 -0.916803
4.75368 -0.969692
4.49282 1.04048
4.49283 1.04602
6.70771 3.05659
6.66486 3.08862
6.5821 3.14989
6.55274 3.17039
4.62045 -0.402521
4.60274 -0.310947
4.50213 0.525577
4.50126 0.536732
4.59535 2.11282
4.59798 2.12655
4.56796 -0.106623
4.5819 -0.192501
4.63005 2.28613
4.63544 2.31144
4.62267 2.25214
7.70504 1.68753
7.71893 1.6517
7.65559 -0.617515
7.63651 -0.659545
4.94192 3.11621
4.95266 3.13221
5.58569 3.50116
5.49722 3.49216
4.5659 1.93424
4.55722 1.87196
7.36598 -1.11743
7.91334 0.772524
7.91684 0.726241
5.36492 -2.29847
5.36518 -2.2987
4.52473 1.58325
4.52172 1.55119
4.63082 -0.453642
4.88489 3.02346
4.90921 3.06638
4.51981 0.287311
4.52191 0.264652
4.82094 -1.20488
4.80768 -1.15927
5.48777 -2.35996
5.00727 3.20358
4.99009 3.18283
5.3513 3.45298
5.39919 3.46949
5.80355 -2.35824
5.88583 -2.33489
5.61796 -2.38055
7.90249 0.241082
7.89629 0.190764
4.93871 -1.56772
4.98032 -1.67819
5.03829 -1.82177
5.077 -1.90388
4.57536 1.99581
4.58675 2.06289
7.57705 -0.776383
7.62927 -0.674042
7.62039 1.88667
7.59947 1.93122
4.74837 2.71797
4.73086 2.66671
7.12281 2.66029
7.17119 2.60346
7.84732 1.2196
7.88658 1.00888
7.4167 -1.04228
7.36668 -1.11644
7.48646 2.14606
7.41151 2.27166
7.31938 2.409
7.3815 2.31845
7.74867 1.56777
7.78842 1.44461
7.9206 0.556922
7.9173 0.715624
7.86203 -0.00536895
7.84726 -0.0705639
5.12611 3.32246
5.20482 3.38061
5.45996 3.48317
5.7661 -2.36798
7.9192 0.454511
4.88412 -1.40748
4.8763 -1.38467
5.00775 -1.74735
5.13805 -2.0196
4.56608 1.93559
7.67432 -0.577284
7.51407 -0.888447
7.44117 -1.0054
7.9206 0.495923
6.08322 -2.25134
5.90194 -2.32849
5.98677 -2.29598
5.57194 -2.37808
4.66267 2.42999
4.66103 2.42363
7.90891 0.829715
7.90613 0.858858
4.76913 -1.0256
4.85945 -1.33296
5.15496 -2.05037
4.71714 2.62322
4.66313 2.43164
7.19878 2.56921
7.05197 2.73984
7.89544 0.946996
7.83926 1.25499
7.30087 2.435
7.08994 -1.46093
7.09638 -1.45362
7.56289 2.00502
7.50819 2.10764
7.40556 2.28108
7.80115 1.40055
7.72847 1.62522
4.53869 1.72344
4.54292 1.76044
4.50202 1.30612
4.86491 2.98773
4.82466 2.90639
5.69302 3.50285
5.5989 3.50275
5.99456 -2.29217
4.49113 0.791034
4.50078 1.2843
4.49683 1.17534
4.87221 -1.37292
4.52406 0.239375
4.53878 0.104398
4.49128 0.781574
4.4955 0.663484
4.81881 2.89398
7.20374 -1.32848
7.08925 -1.46171
7.91047 0.814724
7.68596 1.73595
4.92033 3.08399
4.55646 1.86599
4.54896 1.80784
4.97991 3.16894
7.6449 1.83338
7.57441 1.98237
7.36623 -1.11709
4.86752 2.99244
4.50141 1.29457
4.53624 1.70175
4.51251 1.44415
4.54717 1.79446
4.49122 0.786358
4.49153 0.918265
5.22532 -2.15709
7.22403 -1.30346
7.25918 -1.25951
6.63331 3.11257
4.82182 2.90059
5.7039 3.50227
