4.67381 -1.2008
4.67654 -1.21081
5.3059 -2.65419
5.24447 -2.61237
5.42931 -2.69103
5.46265 -2.69276
5.87285 -2.57891
5.90871 -2.56224
5.18038 -2.55029
5.21716 -2.58585
8.0125 0.17057
8.01671 0.203066
4.59564 -0.88876
4.60842 -0.940977
4.36695 0.917694
4.36719 0.977123
4.36722 0.850123
4.36714 0.846163
4.50318 -0.468914
4.52734 -0.586769
5.60489 3.7144
5.56128 3.71483
4.44722 2.06146
4.44874 2.07474
7.32372 -1.37608
7.34048 -1.35531
6.84569 -1.88625
6.83902 -1.89261
7.00775 -1.7291
7.03026 -1.70711
6.40924 -2.24442
6.42827 -2.22976
5.58611 -2.68128
5.56363 -2.68655
4.77262 -1.56274
4.7675 -1.54546
4.82629 -1.7407
4.81116 -1.68985
7.87465 -0.396567
7.86043 -0.436791
4.83383 3.32329
4.82535 3.31199
5.16589 3.62648
5.18107 3.63433
4.93902 3.45628
4.95384 3.47067
8.02709 0.303618
8.02434 0.269178
7.99121 0.0350056
7.98833 0.0185542
6.82876 3.13362
6.82744 3.13475
6.60552 3.30821
6.61589 3.30105
4.43314 1.955
4.43055 1.9342
4.46598 2.18419
4.46726 2.19266
7.6654 -0.86373
7.65614 -0.88077
7.78046 -0.630824
7.76689 -0.661128
5.96016 3.64564
6.06232 3.60947
6.41057 3.43686
6.35611 3.46753
6.10023 3.59452
6.18725 3.55631
7.13552 2.83644
7.09087 2.88484
6.99653 2.97942
7.0114 2.96533
7.41077 -1.26231
7.44732 -1.21263
7.5477 -1.06235
7.52769 -1.09366
6.66827 -2.04035
6.64373 -2.06151
8.03039 0.768837
8.03173 0.752518
6.03926 -2.49026
6.04302 -2.48792
4.72283 -1.38205
4.74127 -1.44926
4.74576 3.17457
4.72561 3.13376
5.44326 3.70894
5.50897 3.71434
4.63645 -1.05443
4.6322 -1.03729
4.3712 0.656472
4.37358 0.59282
7.73504 1.91779
7.73473 1.9185
4.78331 3.24372
4.81969 3.30349
4.37087 1.16582
4.36918 1.10412
6.13124 -2.43402
6.14278 -2.42706
6.21723 -2.3783
6.25547 -2.35331
5.38908 -2.68516
5.33842 -2.66834
5.23582 -2.60538
4.97687 -2.17508
4.97196 -2.16417
5.05098 -2.3401
5.02997 -2.29855
5.10959 -2.4508
5.13174 -2.48494
5.08798 -2.41494
5.0786 -2.39532
4.38249 1.41573
4.37896 1.35814
4.39089 1.53601
4.38729 1.48644
4.5404 -0.649073
4.4829 -0.364471
4.48256 -0.362647
4.38562 0.389663
4.39015 0.331947
4.37683 0.52558
4.38058 0.462404
4.43703 -0.0837093
4.44559 -0.141056
4.40356 0.187873
4.41338 0.0979279
6.29935 3.50009
6.21735 3.54109
4.5513 2.61738
4.55025 2.61303
4.51861 2.46664
4.50707 2.41152
4.58922 2.76006
4.58117 2.73063
7.20717 2.75528
7.24428 2.71178
8.00748 0.981998
8.00502 0.999299
7.96286 1.23078
7.95311 1.27428
7.43775 2.45252
7.38285 2.53134
7.31078 2.62833
7.2461 2.70958
6.75856 -1.96361
6.88947 -1.84532
7.0852 -1.64982
6.93519 -1.80208
7.52355 2.3179
7.49755 2.36012
7.60312 2.18109
7.59478 2.19614
4.87783 -1.90385
4.87269 -1.88726
4.94468 -2.09608
4.92023 -2.02669
7.90081 1.47231
7.90915 1.44406
7.84647 1.6397
7.85114 1.62658
6.44716 -2.21495
6.53619 -2.14788
6.3631 -2.27703
5.68384 -2.65755
5.6536 -2.6662
7.94805 -0.158048
7.96224 -0.102869
7.91316 -0.278395
7.92984 -0.223953
7.89796 -0.327618
7.84319 -0.481319
7.8297 -0.516027
4.88467 3.39276
6.92832 3.04517
6.87951 3.08887
6.77897 3.17505
6.77434 3.17879
6.72039 3.22259
6.67025 3.26054
6.52098 3.36714
5.84596 3.67824
5.87846 3.66868
4.41925 1.84318
4.42538 1.89511
4.43871 1.99783
4.47495 2.24039
4.48683 2.30993
6.07425 3.60535
6.48383 3.39046
6.44519 3.41506
6.20051 3.54965
7.06306 2.91319
6.93094 3.04283
6.57464 -2.11642
6.74179 -1.97876
6.92875 -1.80808
7.12452 -1.60882
8.03515 0.67975
8.02609 0.823782
6.55586 -2.13185
4.71123 3.10295
4.75922 3.19905
8.03688 0.463575
8.03812 0.499122
4.40555 1.70651
4.40896 1.74306
4.39348 1.5675
4.39725 1.61475
4.37662 0.529521
4.3736 0.592382
4.61244 2.83734
4.6158 2.84897
7.7804 1.81219
7.77682 1.82097
7.68958 2.01455
7.68869 2.0164
4.66798 2.99591
4.65744 2.9698
7.22779 -1.49219
7.23894 -1.47938
4.57339 -0.794778
4.85237 -1.82518
4.84813 -1.81098
4.36926 0.723121
4.36911 0.725937
5.67464 3.70806
5.62764 3.71243
4.54627 -0.676364
4.56112 -0.742876
4.70114 3.0781
4.68162 3.03176
4.70738 3.09362
5.30008 3.67998
5.34221 3.69046
7.16879 2.79964
7.18766 2.77834
7.17603 -1.55133
7.19337 -1.53181
7.14706 -1.58374
8.03659 0.640648
5.69825 -2.65235
5.70836 -2.64824
4.92003 3.43538
5.11713 3.59972
5.07647 3.57374
5.78927 3.69069
5.77684 3.69282
4.37302 1.23112
4.37302 1.23166
4.44493 2.04632
8.02316 0.856999
4.69825 -1.29147
4.66523 -1.16877
4.79928 -1.65184
4.77452 -1.56885
5.01168 -2.25592
5.00013 -2.23155
5.03699 3.5445
5.01904 3.53032
5.7912 -2.61701
5.95868 -2.53486
8.02067 0.237422
8.00876 0.141596
4.37775 1.29461
4.37877 1.35532
4.36722 0.98104
4.36697 0.913623
4.36971 0.78662
4.36711 0.8541
4.3865 1.47599
4.38293 1.42229
4.38088 0.457833
4.38503 0.397181
5.51945 3.715
5.61681 3.71364
4.41866 0.0530874
4.42832 -0.0222256
7.72625 -0.746616
7.7132 -0.772929
4.54982 2.61098
4.5279 2.51275
7.98722 1.10842
7.98242 1.13468
7.37495 2.54249
7.31674 2.62057
7.49798 -1.13805
7.45206 -1.20575
7.36794 -1.31909
7.28517 -1.42442
7.56384 2.25018
7.54747 2.27819
7.87488 1.55589
7.88122 1.53639
5.54194 -2.68842
5.60875 -2.6778
4.74734 -1.47267
5.21449 3.64891
5.12737 3.60595
5.27491 3.67131
6.03462 -2.49311
5.98905 -2.51897
5.78409 -2.61964
8.02996 0.337881
7.97724 -0.0340236
7.99479 0.0557489
7.96298 -0.0998791
7.59807 -0.982138
7.81735 -0.545513
7.59623 -0.985249
7.59202 -0.992149
7.39451 -1.28469
8.03828 0.577915
6.08786 -2.4609
4.70883 -1.33
5.41116 3.70421
5.769 -2.62577
4.62276 -0.999271
4.64795 -1.10033
4.39919 1.63681
4.40281 1.6789
4.37358 0.592807
4.37116 0.65801
4.63512 2.90809
4.62772 2.88688
4.36913 1.10131
4.37093 1.16762
4.65025 -1.10951
5.4882 -2.69443
5.51824 -2.69225
4.94589 -2.09928
5.06239 -2.36499
5.22926 -2.5987
5.13206 -2.4855
5.10665 -2.44539
4.36788 1.04062
4.39203 1.55059
4.46425 -0.259105
4.48386 -0.369722
4.39105 0.321069
4.37669 0.527618
4.458 -0.222101
4.40034 0.21916
4.57569 2.71138
4.48955 2.32363
4.59804 2.78981
7.24539 2.71045
8.02199 0.867454
7.93475 1.34943
7.44482 2.44192
7.27762 -1.43334
7.64136 2.1106
7.6396 2.11396
7.48221 2.38422
4.85615 -1.83841
4.89594 -1.95693
4.94493 -2.09682
7.92425 1.38897
7.81901 1.71476
5.62828 -2.67189
7.94725 -0.161103
6.72781 3.217
4.41823 1.83483
4.42733 1.91059
6.31403 -2.31236
6.28242 -2.33492
4.61665 -0.974243
4.41236 1.7765
4.36928 0.720401
4.638 2.9157
4.48795 2.31563
7.81567 1.72374
7.73537 1.91706
7.64326 2.10693
4.37299 1.23055
5.70802 3.7037
5.37012 3.69729
8.0344 0.401924
5.80203 3.68817
5.73223 3.701
5.47401 -2.69415
6.7243 3.21966
4.89971 -1.96896
5.7427 -2.63634
6.83006 3.13254
8.03816 0.59001
6.1851 -2.39972
5.16118 -2.52354
4.94482 -2.09648
6.34582 -2.29015
6.62474 3.2948
4.4155 1.80696
7.93231 -0.215467
