6.37745 2.67473
6.3402 2.69299
5.54438 2.71884
5.5233 2.70563
7.48626 1.033
7.48728 1.02792
5.02577 -0.232808
5.01514 -0.18711
5.09068 -0.487053
5.09214 -0.49188
5.02334 1.84738
4.9977 1.74025
6.7459 2.41041
6.67735 2.47006
4.90764 0.779581
4.90738 0.787041
5.3578 2.56427
5.35104 2.55683
6.06642 -1.54255
6.16018 -1.52133
6.91633 -0.996297
6.90177 -1.01268
5.76411 2.79904
5.74566 2.79595
7.02582 2.09634
7.05319 2.05907
7.13035 1.94465
7.14771 1.91679
7.18793 -0.627605
7.16594 -0.663899
7.52148 0.743545
7.52324 0.721917
5.16606 -0.720218
5.15363 -0.684361
5.3093 -1.04797
5.33743 -1.10162
5.22617 -0.871522
5.20729 -0.825173
5.40886 -1.21535
5.38385 -1.17601
5.5345 -1.36833
5.51767 -1.3522
4.97638 1.62806
4.9969 1.73653
4.94239 1.40036
4.94894 1.44992
4.91129 0.654124
4.91143 0.649218
4.9085 0.902892
4.90865 0.916777
5.24325 2.4078
5.22676 2.37822
5.15362 2.23569
5.16855 2.2689
6.25989 -1.48664
6.1768 -1.51591
5.87871 -1.54773
5.88358 -1.54789
5.69805 -1.49085
5.72263 -1.5017
5.08153 2.05061
5.08044 2.04707
6.76551 -1.15051
6.76965 -1.14686
7.23976 1.75331
7.24017 1.75251
7.25135 -0.514263
7.23335 -0.548327
7.34578 -0.315168
7.34082 -0.327116
7.49405 0.190073
7.49478 0.194234
4.92243 0.451497
4.92225 0.453565
4.9559 0.149405
4.96321 0.100023
6.13893 2.77233
6.16214 2.76597
5.95228 2.8075
5.98848 2.80241
6.45633 -1.38645
6.37385 -1.43289
6.65536 -1.24546
6.59163 -1.2941
7.40069 1.36532
7.41049 1.33617
7.46758 1.12369
7.46525 1.13518
7.52138 0.429284
7.51975 0.404264
7.52528 0.556418
7.52636 0.598346
5.00678 -0.147884
4.99298 -0.076858
7.04533 -0.839759
7.04788 -0.836505
7.44411 1.22113
7.42594 1.28658
6.82541 2.33322
6.7892 2.36871
6.94578 2.19998
6.94952 2.19546
6.41162 2.65519
6.44831 2.63431
7.36006 1.48368
7.3742 1.44474
4.91695 1.12785
4.91155 1.04522
4.91419 0.58097
4.9139 0.587261
4.90941 0.714401
4.91116 1.03452
6.5544 2.56502
6.57233 2.55292
7.50968 0.878389
7.50638 0.905716
5.06307 -0.386264
5.05261 -0.345358
7.19119 1.8432
7.20469 1.81934
6.32328 2.70163
6.28444 2.7193
4.91147 1.03998
5.10586 -0.536686
5.11084 -0.552954
7.44282 -0.0376116
7.44108 -0.0442035
7.38401 -0.219147
7.38586 -0.214395
7.27588 -0.466308
7.28984 -0.43839
7.38238 1.42096
4.92943 1.2839
4.92016 1.17099
5.03771 -0.284231
5.02917 -0.248015
5.08432 -0.465405
4.93353 0.331836
4.9344 0.322973
7.26433 1.7033
7.28178 1.66766
6.39504 2.66505
4.90756 0.772257
7.23859 1.75554
7.21403 1.80198
7.4714 0.0754287
7.47076 0.0723092
7.34299 1.52674
5.44626 2.64985
5.63823 2.76455
7.52512 0.639839
7.52427 0.695188
7.49372 0.984819
7.48458 1.0428
5.01386 -0.181363
5.26568 -0.960884
5.28099 -0.991521
5.46807 -1.29383
5.42654 -1.2417
4.99746 1.73927
5.0357 1.89319
6.65881 2.48576
6.75366 2.40311
5.29744 2.48797
5.37768 2.58392
6.16244 -1.52084
6.03372 -1.54547
5.78744 -1.52756
5.8733 -1.54673
5.11621 2.1442
5.08342 2.05628
7.08776 -0.779957
7.1075 -0.752858
6.93068 -0.979444
6.84434 -1.0724
7.30654 -0.40345
7.32361 -0.366335
4.94007 0.270502
4.94338 0.242783
5.66922 2.77411
5.84856 2.8085
6.55524 -1.3213
6.48729 -1.36627
7.09304 2.00168
7.00237 2.12793
6.26928 2.72625
6.17594 2.76096
7.14906 -0.690388
7.22572 -0.562077
7.48244 0.13073
7.28863 1.65297
7.31659 1.5902
5.64378 2.76682
5.42839 2.63416
7.5195 0.777282
5.12136 -0.586148
5.14542 -0.659913
5.1894 -0.780646
5.35648 -1.1331
5.25055 -0.929245
5.61065 -1.43594
4.95801 1.5151
4.97062 1.59354
5.05215 1.95359
4.9321 1.30905
5.25839 2.43242
5.19607 2.32323
5.14246 2.20848
5.97181 -1.55176
6.26999 -1.4819
6.35858 -1.44141
5.61194 -1.43682
6.77194 -1.14478
6.98304 -0.916972
6.68852 -1.2174
7.26232 -0.493536
7.36382 -0.270872
7.40603 -0.158833
7.40686 -0.156425
7.41978 -0.114286
7.51 0.302434
4.98794 -0.0498011
4.97972 -0.00277842
4.91906 0.494237
4.92797 0.388277
4.97441 0.0298333
6.05686 2.79245
5.92133 2.80876
7.51236 0.322886
6.51046 2.59477
6.53601 2.57774
7.03957 -0.847369
7.45726 1.16623
7.47136 1.10823
7.52457 0.501361
7.42143 1.30264
7.44716 1.21003
7.47635 1.0811
7.49926 0.953768
6.83374 2.32485
6.59656 2.53413
6.89286 2.26054
6.95127 2.19325
7.10187 1.98885
4.91733 0.517749
4.9172 0.519978
4.91151 0.644463
6.48652 2.61111
7.51732 0.800831
7.51382 0.837867
7.25379 1.72451
7.32569 1.56989
7.18148 1.85984
7.44792 1.20722
6.4637 2.62512
4.91728 0.518821
