5.34448 -2.22304
5.31107 -2.19381
6.12091 -2.19974
6.1881 -2.16315
5.65992 -2.33649
5.69927 -2.33619
4.96346 -1.56227
4.996 -1.64583
4.73204 -0.803042
4.69376 -0.647054
5.06712 -1.8129
5.09496 -1.87104
4.60519 2.04195
4.5981 1.99946
7.61355 -0.664124
7.56025 -0.767789
7.8498 1.11896
7.85443 1.09395
7.4347 2.19835
7.44046 2.18872
7.35096 2.32956
7.33556 2.35233
7.75666 1.48587
7.74516 1.52177
7.90032 0.688387
7.90261 0.616043
7.75113 -0.33446
7.71706 -0.42801
7.80629 -0.156617
7.81903 -0.109424
5.0835 3.23683
5.10481 3.2578
5.27207 3.37801
5.30086 3.39317
5.78437 -2.32419
5.79262 -2.32268
5.58178 -2.33289
5.61359 -2.3366
4.9125 3.01245
4.91724 3.02041
7.86855 0.130693
7.85407 0.0473503
7.89712 0.388278
7.89176 0.316641
4.95683 -1.54525
4.92889 -1.46521
4.5494 1.63151
4.55445 1.6796
4.53099 1.42297
4.52832 1.39344
4.56949 1.80793
4.56901 1.80437
4.7577 -0.904436
4.75544 -0.896161
5.11073 -1.90432
5.14488 -1.96505
4.8678 2.92969
4.86713 2.92841
5.97036 3.42518
5.93377 3.43509
6.16241 3.35809
6.09343 3.38399
6.38687 3.2477
6.39302 3.2439
5.69077 3.47002
5.65671 3.47071
6.8529 2.90677
6.87847 2.88382
7.45309 -0.950875
7.4861 -0.897825
6.44931 -1.99689
6.40002 -2.03237
6.65123 -1.84598
6.6008 -1.88592
6.8688 -1.65592
6.79717 -1.72142
6.99104 -1.53648
6.98906 -1.53858
6.01749 -2.24739
6.03687 -2.23956
4.51135 0.913454
4.51103 0.89734
4.51605 1.14842
4.51669 1.16745
4.52872 0.422563
4.53276 0.364552
4.57786 -0.0446896
4.56502 0.0551685
4.51661 0.635502
4.5157 0.655658
4.67368 2.37575
4.67217 2.37006
7.88366 0.899991
7.88422 0.895747
4.61897 -0.287436
4.60016 -0.183903
4.81381 -1.10199
4.79887 -1.0498
7.78698 -0.223719
7.75985 -0.308981
6.24733 -2.12974
6.0873 -2.21607
7.08055 -1.44074
7.09789 -1.42172
5.81752 3.45814
5.90285 3.44107
6.35729 3.26374
6.27516 3.30702
4.73667 2.60233
4.71025 2.5133
4.75465 2.65694
4.74259 2.62168
4.79426 2.76309
4.8022 2.78401
7.15387 2.59377
7.1602 2.58613
7.07692 2.68189
7.09138 2.66592
7.25638 2.46346
7.21054 2.52306
6.55156 -1.92253
6.50097 -1.96142
6.91103 -1.61525
6.89372 -1.63246
7.51307 2.05992
7.53199 2.02446
7.80495 1.31905
7.80044 1.33654
7.7118 -0.44195
6.74982 2.99452
6.72686 3.01369
6.50731 3.17327
6.51922 3.16551
4.54787 1.61544
4.53823 1.51284
4.53606 1.48712
4.52793 1.38797
4.52408 1.33333
4.75885 -0.908597
4.62699 2.15938
4.63781 2.21582
5.73949 3.46733
5.92346 3.43718
6.04867 3.40117
6.25282 3.317
6.49752 3.1799
5.70457 3.46984
5.65006 3.47074
5.65268 3.47076
6.89695 2.86606
6.99936 -1.52777
7.07145 -1.45081
6.34059 -2.06997
6.74009 -1.77064
6.69957 -1.80604
6.2874 -2.10522
5.21671 -2.07797
5.2359 -2.10614
5.28768 -2.16832
5.27679 -2.15688
5.89394 -2.29556
5.93595 -2.28082
4.5124 1.02354
4.51205 0.976953
4.511 0.866056
4.51098 0.833867
4.51969 1.25209
4.518 1.21078
4.51472 1.10395
4.86537 -1.27476
4.87171 -1.29433
4.5232 0.500938
4.52608 0.460036
4.53566 0.329579
4.58076 -0.0645329
4.51255 0.738411
4.51373 0.702531
4.51866 0.590459
7.64228 1.79297
7.66183 1.7473
7.02991 2.73358
7.03817 2.72512
7.16553 -1.34355
7.13393 -1.38049
7.30028 -1.17366
7.25399 -1.23486
7.79647 -0.191186
5.43383 -2.28332
5.38502 -2.25603
5.88545 -2.29809
5.87708 -2.30019
4.51317 1.04045
4.5132 1.05783
6.70459 3.03168
6.63843 3.08112
6.54955 3.14499
6.58009 3.12367
4.63883 -0.392114
4.62588 -0.325149
4.52232 0.525248
4.52055 0.547912
4.61553 2.10024
4.62062 2.12678
4.58311 -0.0792641
4.5985 -0.174143
4.65659 2.30265
4.65832 2.31079
4.64549 2.25149
6.98915 2.77441
7.69755 1.65715
7.69894 1.65358
7.64223 -0.601773
7.61866 -0.653682
5.5353 -2.32439
5.53101 -2.32323
5.52789 3.46022
5.49934 3.45731
4.9592 3.08565
4.97831 3.11312
4.56955 1.80835
4.57847 1.8721
7.33915 -1.12137
7.89448 0.784377
7.89776 0.74108
4.54612 1.59654
4.54188 1.55128
4.67519 -0.567548
4.65423 -0.468009
4.53842 0.2981
4.54155 0.264332
4.83988 -1.19151
4.83364 -1.17002
5.483 -2.30788
5.46089 -2.29898
5.77471 -2.32541
5.39853 3.43247
5.40568 3.4346
5.01169 3.15769
5.00637 3.15113
7.88571 0.256788
7.87668 0.183405
5.01951 -1.70257
4.96102 -1.55625
5.04648 -1.76937
5.10391 -1.89005
4.59529 1.9834
4.60914 2.06312
7.55293 -0.781195
7.61625 -0.658701
7.61672 1.85132
7.57826 1.93322
4.77131 2.70367
4.75792 2.66594
7.11551 2.63817
7.15066 2.59763
7.8263 1.23281
7.87086 0.993334
7.40418 -1.02753
7.3791 -1.06472
7.47444 2.12989
7.40844 2.24134
7.30731 2.39276
7.39001 2.27062
7.72882 1.56963
7.77394 1.43029
7.89859 0.727386
7.90255 0.595305
7.8464 0.00925649
7.82742 -0.0745208
5.0323 3.18023
5.16767 3.31036
5.20323 3.33663
5.37458 3.42269
5.42647 3.43973
7.90052 0.447505
4.91628 -1.42749
4.89783 -1.3736
5.03227 -1.73475
4.68233 -0.599336
4.68544 -0.61262
5.17766 -2.02216
4.58785 1.93581
7.50087 -0.872886
7.41646 -1.00904
7.90255 0.507271
6.06214 -2.22734
5.98642 -2.26129
5.5207 -2.31975
5.1889 -2.03849
4.66653 2.34726
4.68744 2.42929
7.88933 0.842018
7.88256 0.908967
4.59989 -0.182315
4.78799 -1.01229
4.85802 -1.2517
4.73881 2.60971
4.6933 2.45041
7.19154 2.54724
7.0515 2.71062
7.87572 0.959386
7.82456 1.24045
7.27801 2.4339
7.5505 1.98835
7.48759 2.10665
7.39361 2.265
7.78202 1.40235
7.71423 1.61113
4.56075 1.73713
4.56213 1.74926
4.52299 1.31915
4.89005 2.97195
5.60096 3.46898
5.97195 -2.26643
4.77586 -0.968956
4.51087 0.802477
4.52037 1.2729
4.51712 1.1871
4.88816 -1.34586
4.5552 0.134064
4.54495 0.226547
4.51141 0.769213
4.5147 0.674612
4.82306 2.83484
7.19093 -1.31338
7.89287 0.80812
6.60146 3.10905
7.66574 1.73785
7.66704 -0.548478
4.94691 3.06731
4.57973 1.88044
5.19522 -2.04734
5.83493 -2.31251
7.62407 1.83534
7.57087 1.9483
7.35331 -1.10187
4.9196 3.02392
4.5217 1.29466
4.55547 1.69056
4.53361 1.45725
4.54394 0.236255
4.51118 0.786033
7.67567 -0.528221
4.51156 0.92988
4.56014 0.0917055
5.24372 -2.11734
7.23457 -1.25957
7.24653 -1.24461
6.61907 3.09582
4.84603 2.8854
4.8282 2.8462
4.92566 3.03363
7.66833 -0.545562
5.25975 -2.13664
