7.69576 -0.28263
7.72031 -0.20638
5.5073 3.32683
5.4139 3.29841
5.07985 3.04941
5.11252 3.08845
7.80829 0.1871
7.82117 0.290161
4.61236 1.50616
4.61707 1.55163
4.92636 2.81117
4.93554 2.82923
4.65966 -0.0949302
4.64927 -0.0257456
7.52628 -0.681537
7.51148 -0.710318
6.37476 3.15109
6.27086 3.20505
4.74261 2.29372
4.73162 2.24904
5.72316 3.34992
5.71187 3.35012
6.6859 2.94289
6.72111 2.91516
6.88055 -1.53809
6.86741 -1.55072
7.40567 -0.894998
7.39557 -0.911131
7.46782 1.99904
7.45615 2.02081
7.3066 2.26987
7.29896 2.28116
7.63476 1.63223
7.62385 1.66065
7.73354 1.32577
7.74513 1.28184
7.76133 -0.0554002
7.77974 0.0264565
7.63564 -0.444254
7.6148 -0.495443
5.30748 3.24745
5.37211 3.27881
5.13795 3.11294
5.19905 3.17116
4.99086 -1.36843
5.01114 -1.42293
5.11093 -1.65398
5.08509 -1.60004
6.53473 3.0517
6.5647 3.03182
4.59541 1.295
4.59221 1.24053
4.64585 1.78998
4.64831 1.80829
6.11386 -2.08216
6.19405 -2.04328
5.76711 -2.17849
5.7853 -2.17862
5.55683 -2.15272
5.5797 -2.16162
4.77534 -0.662602
4.772 -0.649323
4.82869 -0.864243
4.81613 -0.818292
5.15344 -1.73956
5.17791 -1.78308
4.61878 0.214592
4.61513 0.248701
4.70084 2.11179
4.70435 2.12764
6.23876 3.22002
6.14982 3.2576
6.90971 2.74712
6.8517 2.80267
6.65404 2.96734
6.39507 -1.92597
6.34339 -1.95737
6.79626 -1.61644
6.74624 -1.65987
7.00202 -1.41618
6.92334 -1.49629
7.28121 -1.0794
7.3058 -1.04589
7.83448 0.513601
7.83257 0.442443
4.58337 0.91337
4.58326 0.907944
4.58717 1.10702
4.5892 1.16736
4.91468 -1.14982
4.92302 -1.17696
4.72856 -0.457237
4.74261 -0.522245
5.27651 -1.93587
5.25673 -1.90756
4.5903 0.590243
4.58741 0.654491
7.14954 -1.25022
7.1436 -1.2576
7.81011 0.946221
7.81352 0.920173
4.68634 -0.249293
4.68379 -0.235224
7.83424 0.604951
7.83363 0.659401
7.73076 -0.17109
7.68123 -0.324667
6.07176 -2.09972
6.08932 -2.09335
5.6281 -2.17037
5.68813 -2.18036
7.05049 -1.36274
7.07668 -1.33401
6.4081 3.13101
6.26291 3.20924
4.83738 2.60537
4.83692 2.60403
7.12683 2.5118
7.13088 2.50692
7.79195 1.06174
7.77682 1.14273
7.3895 2.13753
7.36084 2.18489
7.21789 2.39438
7.25185 2.34831
7.68397 1.49271
7.69181 1.469
7.65681 -0.390473
7.60478 -0.517802
7.58356 -0.565134
6.58966 3.01484
6.50804 3.06962
4.63447 1.70716
4.63118 1.67995
4.60893 1.47169
4.6049 1.42331
5.98629 -2.1326
5.88858 -2.1614
5.93532 -2.1487
5.88033 -2.16294
5.88474 -2.16236
5.59354 -2.16566
5.52163 -2.14029
4.85379 -0.955045
4.9464 2.84791
4.98325 2.91347
5.92433 3.32605
5.99302 3.30856
6.03562 3.29702
6.10942 3.2714
6.13418 3.26313
6.4499 3.10637
5.63057 3.34625
5.66012 3.34877
6.80795 2.8408
6.29667 -1.98662
6.45146 -1.88748
6.89856 -1.52137
7.0066 -1.41128
4.5842 0.981751
4.58416 0.976869
4.58708 1.10387
4.8582 -0.96961
4.88533 -1.05735
4.60672 0.337689
4.5982 0.454874
4.63309 0.0937028
4.62795 0.133599
4.59034 0.589292
4.78445 2.44467
4.7971 2.48583
4.76129 2.36752
4.76095 2.36633
6.94678 2.70999
7.01135 2.64385
7.23968 -1.13599
7.25341 -1.11844
7.82313 0.829226
7.81936 0.871417
4.58685 1.04037
4.58697 1.10059
4.95189 -1.26342
4.94632 -1.2472
4.61047 1.48746
4.80121 -0.76388
4.78112 -0.685505
5.40737 -2.07029
5.42404 -2.0841
4.59543 0.524058
4.59038 0.588394
7.54579 1.8427
7.55158 1.83037
4.89378 2.74126
4.86849 2.68163
4.59919 1.35219
4.5997 1.35915
4.65598 1.86203
4.65744 1.87247
5.48934 -2.12422
5.47427 -2.11491
4.85661 -0.964412
5.33982 -2.00895
5.33393 -2.00208
5.14506 -1.72481
5.14018 -1.71605
4.59765 0.462518
4.60848 0.318042
5.86823 3.33583
5.85036 3.33816
4.70631 -0.353915
4.71126 -0.377543
5.20814 -1.83648
5.20878 -1.8374
4.67965 2.00488
4.67871 2.00029
4.85513 2.65134
4.8392 2.61038
6.49423 -1.85857
6.55394 -1.81418
5.00514 2.94779
5.01304 2.9603
4.63947 1.74412
6.24668 -2.01493
6.28948 -1.99051
4.58284 0.844202
4.58337 0.790271
5.40686 3.29579
5.56042 3.33751
5.11607 3.0922
5.06172 3.02581
7.82354 0.314996
7.80378 0.156058
5.05007 -1.52177
5.0463 -1.51242
4.66743 1.93843
4.67091 1.95829
7.46292 -0.799152
7.56668 -0.60029
4.72488 2.22022
4.74608 2.30829
6.83666 -1.57922
7.35622 -0.971006
7.4289 -0.85733
7.42926 2.06909
7.4994 1.93856
7.26283 2.33291
7.30869 2.26671
7.65568 1.57651
7.59987 1.72059
7.75456 1.24265
7.71969 1.37662
7.82935 0.750931
7.82844 0.77148
7.78747 0.0644249
7.75288 -0.0893926
5.20929 3.17967
5.29669 3.24093
5.60853 3.34478
7.83145 0.421593
5.04426 -1.50708
4.97723 -1.33279
5.12597 -1.68659
4.75117 -0.560361
4.7769 -0.668754
5.20698 -1.83472
5.14732 -1.72878
4.66714 1.93662
4.71289 2.16902
4.69126 2.06396
7.45305 -0.816541
5.91953 3.32704
6.69473 -1.70463
6.65245 -1.73846
6.61392 -1.76947
7.32147 -1.023
7.83501 0.54972
7.58949 1.74502
7.59472 1.73283
5.21092 -1.8405
5.31047 -1.976
4.76139 2.36786
4.77868 2.42669
7.0135 2.64146
7.07257 2.57547
7.81736 0.887259
7.80864 0.958266
4.66794 -0.143789
4.69381 -0.289995
4.80895 2.52238
4.82064 2.5587
7.16431 2.46473
7.11883 2.52144
7.80108 1.0063
7.76806 1.18457
7.19132 2.42973
7.50509 1.92724
7.40998 2.10292
7.34859 2.20443
7.71006 1.40912
7.66163 1.5591
4.58285 0.855534
4.59166 1.23031
4.59171 1.23138
4.94132 -1.23218
4.585 0.715365
4.58471 0.72419
7.13482 -1.2679
7.82769 0.783672
4.62682 1.64665
4.62064 1.59004
5.44622 -2.09835
5.39329 -2.05792
5.81596 3.34313
5.77974 3.3463
4.66684 1.93452
5.50199 -2.1315
5.34887 -2.01902
4.6226 0.178857
5.0176 2.96713
5.37205 -2.04041
5.69371 3.34965
6.24226 -2.01728
4.60031 1.36716
4.64202 0.0271442
4.61385 0.263155
4.58348 0.784856
4.58355 0.779564
6.59407 -1.78521
7.17683 -1.21575
4.58411 0.971935
4.58924 1.16932
4.90029 -1.10574
4.58726 0.657365
7.01182 2.64334
6.48557 3.08459
4.62707 1.64888
4.61924 1.57619
5.97957 -2.13456
