5.33709 -2.19648
5.31769 -2.17951
6.13047 -2.1834
6.18799 -2.15209
5.64646 -2.32116
5.70835 -2.32069
4.97673 -1.57052
5.00438 -1.64152
4.73851 -0.799375
4.70828 -0.67617
5.0764 -1.80813
5.1129 -1.88436
4.61219 2.03759
4.60584 1.99954
7.60513 -0.665804
7.55555 -0.762244
6.38574 3.23871
6.38231 3.24049
7.84449 1.11371
7.84732 1.09841
7.43056 2.19278
7.4332 2.18837
7.34668 2.3238
7.32764 2.35195
7.74984 1.48651
7.74014 1.51681
7.89503 0.659481
7.89628 0.620026
7.74604 -0.3297
7.7097 -0.429477
7.79736 -0.164686
7.81365 -0.104382
5.09626 3.23311
5.1042 3.24092
5.28892 3.3731
5.30035 3.37913
5.78423 -2.3102
5.80181 -2.30698
5.58161 -2.31644
5.6226 -2.32122
4.91368 2.9932
4.92643 3.01464
7.8629 0.135976
7.84706 0.0447179
7.89106 0.393949
7.88509 0.314139
4.95635 -1.51822
4.93648 -1.4613
4.55607 1.62762
4.56154 1.67963
4.53801 1.423
4.53526 1.39252
4.57709 1.80797
4.5708 1.76099
4.76455 -0.900558
4.757 -0.872924
5.11362 -1.88587
5.15517 -1.95976
4.88413 2.9385
4.86854 2.90873
5.9922 3.40848
5.93247 3.42466
6.16122 3.34856
6.07904 3.37942
5.6852 3.45858
5.65338 3.45923
6.85793 2.89263
6.87602 2.87639
6.98932 -1.52799
6.98409 -1.53332
7.4486 -0.945575
7.47752 -0.899086
6.43791 -1.99463
6.39784 -2.02347
6.65791 -1.83059
6.59873 -1.87745
6.87598 -1.6394
6.79518 -1.71327
6.00975 -2.23858
6.03675 -2.22768
4.5183 0.913446
4.51789 0.893342
4.52291 1.14442
4.52368 1.16744
4.53535 0.426405
4.53996 0.360129
4.5853 -0.0492584
4.57141 0.0587842
4.52372 0.631135
4.52262 0.655545
4.68406 2.38221
4.68077 2.36981
7.87656 0.904451
7.87801 0.893418
4.62547 -0.283755
4.60823 -0.188855
4.82042 -1.09732
4.80789 -1.05353
7.78178 -0.218849
7.75265 -0.310419
6.25706 -2.11312
6.08718 -2.20444
7.07765 -1.43321
7.10138 -1.40718
5.8162 3.44759
5.88198 3.43444
6.40599 3.22651
6.27398 3.29759
4.74429 2.59802
4.71776 2.50862
4.76263 2.65197
4.74711 2.60658
4.80736 2.77124
4.8121 2.78373
7.15126 2.58586
7.1671 2.56676
7.07442 2.67433
7.08394 2.66381
7.25381 2.45568
7.20229 2.52266
6.54095 -1.92042
6.49885 -1.95277
6.90275 -1.61361
6.89177 -1.62452
7.50881 2.05418
7.52485 2.02411
7.79839 1.31967
7.79534 1.3315
7.70677 -0.437245
6.74113 2.99205
6.72203 3.00801
6.50218 3.16723
6.50919 3.16266
4.55492 1.61547
4.5449 1.50896
4.54306 1.48715
4.53356 1.36919
4.53076 1.32944
4.76839 -0.914451
4.63598 2.16496
4.64488 2.21141
5.75605 3.45468
5.91563 3.42808
6.04746 3.39154
6.23979 3.31285
6.49642 3.17113
5.70527 3.45833
6.8891 2.86383
6.98053 -1.53692
7.06519 -1.44699
6.32822 -2.06751
6.73079 -1.76879
6.69756 -1.79783
6.96062 -1.55675
6.28763 -2.09441
5.2492 -2.10208
5.24987 -2.10306
5.30411 -2.1647
5.2833 -2.14283
5.90323 -2.27968
5.93582 -2.26825
4.51933 1.01951
4.519 0.976945
4.51788 0.87004
4.51785 0.829869
4.5268 1.25621
4.52479 1.20683
4.5217 1.10394
4.87089 -1.26539
4.88243 -1.301
4.53041 0.49651
4.53299 0.459924
4.5425 0.329467
4.58701 -0.0609933
4.51928 0.74231
4.52072 0.698235
4.52558 0.590346
7.63785 1.78701
7.65861 1.73852
7.02189 2.7313
7.03558 2.71727
7.16909 -1.32873
7.12939 -1.37514
7.29583 -1.16842
7.24452 -1.23626
7.78944 -0.192589
5.45796 -2.27801
5.39193 -2.2411
5.88532 -2.28502
5.86765 -2.28945
4.52028 1.04044
4.52032 1.06196
6.7035 3.02298
6.6292 3.0785
6.54844 3.13611
6.57026 3.12088
4.64526 -0.388477
4.63397 -0.330111
4.52938 0.525133
4.52728 0.551818
4.62258 2.09584
4.62853 2.12686
4.5884 -0.069705
4.59751 -0.125814
4.66586 2.30842
4.66632 2.31056
4.65346 2.25126
6.95432 2.799
7.66006 1.73491
7.69181 1.65425
7.63756 -0.596273
7.61713 -0.641276
5.54398 -2.30956
5.53083 -2.306
5.50769 3.44591
5.50008 3.44514
4.9603 3.0676
4.98782 3.10716
4.57789 1.81353
4.58609 1.87214
7.32977 -1.12275
7.88789 0.788518
7.89028 0.75698
4.5536 1.60118
4.54893 1.55131
4.67691 -0.541886
4.66241 -0.473029
4.54493 0.301869
4.54841 0.26422
4.8465 -1.18683
4.84271 -1.17378
5.48133 -2.28969
5.47082 -2.28545
5.76363 -2.31279
5.39933 3.41931
5.42016 3.42552
5.02174 3.15139
5.00744 3.13373
7.87985 0.262275
7.86982 0.180834
5.0332 -1.71108
4.96925 -1.55202
5.04935 -1.75107
5.11331 -1.88522
4.60225 1.97906
4.61696 2.0632
7.54424 -0.782928
7.61147 -0.653065
7.61543 1.83897
7.57085 1.93392
4.77932 2.69867
4.76761 2.66567
7.11296 2.63044
7.14324 2.59553
7.82237 1.22092
7.86537 0.987905
7.39981 -1.02237
7.38344 -1.04665
7.47025 2.12424
7.41853 2.21247
7.30309 2.38708
7.38217 2.27024
7.72189 1.57029
7.76889 1.42528
7.81906 1.23658
7.81722 1.24421
7.89182 0.73164
7.89624 0.608716
7.84095 0.0143665
7.82049 -0.0759034
5.0772 3.21203
5.1822 3.30613
5.20268 3.32127
5.32963 3.39085
5.48066 3.44045
7.894 0.445057
4.92752 -1.43448
4.90536 -1.36974
5.04084 -1.73034
4.68897 -0.595576
4.69422 -0.618012
5.18051 -2.00391
4.5955 1.93589
7.49625 -0.867449
7.40782 -1.0103
7.89624 0.511236
6.05478 -2.21896
5.98629 -2.24907
5.49925 -2.29533
5.20029 -2.03263
4.66848 2.32016
4.6961 2.42904
7.88249 0.846317
7.87371 0.927789
4.60645 -0.178597
4.79458 -1.00764
4.85753 -1.22342
4.70384 2.45697
4.74651 2.60491
7.189 2.53957
7.05769 2.69324
7.86884 0.963715
7.81936 1.2353
7.27003 2.43351
7.54617 1.98252
7.48039 2.10631
7.38927 2.25916
7.77533 1.40298
7.70926 1.60621
4.56845 1.74192
4.56884 1.74536
4.53032 1.3237
4.53503 1.38953
4.89884 2.96644
5.60168 3.45718
5.6333 3.45832
5.96374 -2.25708
4.78368 -0.968696
4.51776 0.806475
4.52722 1.26891
4.5242 1.19121
4.89374 -1.3364
4.56094 0.144434
4.55234 0.222006
4.51844 0.764894
4.52141 0.678501
4.82455 2.81408
7.18645 -1.3081
7.88672 0.805813
6.60036 3.10028
7.69485 1.64619
7.65908 -0.550068
4.9562 3.06148
4.58814 1.88565
5.2114 -2.0482
5.83479 -2.29905
7.61679 1.83602
7.56964 1.93639
7.3488 -1.09655
4.9328 3.0241
4.52879 1.2947
4.56219 1.68664
4.54099 1.46183
4.55047 0.24004
4.51816 0.785919
7.68664 -0.485316
4.51856 0.933938
4.56762 0.0871085
5.25015 -2.10345
7.23825 -1.24423
7.24211 -1.2394
6.6141 3.08996
4.8545 2.88009
4.84262 2.85398
4.9491 3.05023
7.66319 -0.540748
5.25071 -2.10413
