6.37371 2.7253
6.36167 2.73119
5.54051 2.78215
5.4709 2.73851
6.74192 2.46416
6.71053 2.49148
4.87641 0.780089
4.87548 0.806634
6.9468 -1.01487
6.88439 -1.08507
7.08149 2.07927
7.08245 2.07796
7.14302 1.98635
7.17528 1.93458
7.52181 0.168825
7.52661 0.196934
7.34904 1.59716
7.31407 1.67594
7.41613 1.4228
7.38532 1.5069
5.51676 -1.43015
5.48422 -1.39489
4.88586 1.14994
4.8878 1.18421
5.68892 -1.5559
5.64355 -1.52894
5.07013 -0.546116
5.07164 -0.551534
5.12055 -0.702629
5.15062 -0.78938
5.271 -1.06912
5.29957 -1.12359
5.19082 -0.891043
5.1597 -0.814621
5.36667 -1.23865
5.33178 -1.18375
4.98887 1.86965
4.99106 1.87845
4.9438 1.64911
4.9566 1.71679
4.9093 1.42174
4.91009 1.42774
4.89521 0.388878
4.89366 0.403921
4.87863 0.674182
4.87933 0.64974
4.87623 0.884184
4.87679 0.936347
5.31376 2.59191
5.34584 2.62915
5.20334 2.43284
5.16209 2.35882
5.11667 2.25887
5.15224 2.33798
6.05982 -1.60065
5.9884 -1.60942
6.2536 -1.54201
6.20238 -1.56005
5.87178 -1.60872
5.95262 -1.61125
5.04727 2.07274
5.03108 2.02042
6.86766 -1.10208
6.80199 -1.16657
7.26251 1.77988
7.2837 1.73916
7.27619 -0.538311
7.26662 -0.556416
4.92401 0.131286
4.92516 0.123516
6.15906 2.81641
6.06413 2.84244
6.04051 2.84756
5.94905 2.86043
5.70465 2.84448
5.74219 2.85283
6.45009 -1.44148
6.41778 -1.45967
6.64897 -1.30175
6.62908 -1.31693
7.55224 0.407724
7.55181 0.401285
6.59026 2.58816
6.56849 2.60483
7.44263 1.34248
7.44433 1.33741
7.53983 0.889599
7.53849 0.900991
7.55783 0.581953
7.55828 0.599522
4.96211 -0.0939068
4.97651 -0.168041
7.05943 -0.876341
7.07682 -0.854146
7.19271 -0.684808
7.16701 -0.72525
7.47287 1.23634
7.4648 1.26541
7.51751 1.03416
7.51493 1.04962
6.91809 2.28647
6.85605 2.35299
6.92855 2.27426
6.9784 2.2141
6.45559 2.67846
6.46888 2.6709
7.44145 -0.151525
7.43232 -0.180313
7.41292 -0.234303
7.42148 -0.210755
7.37145 -0.339784
7.37538 -0.330443
7.38368 1.51126
7.41634 1.42221
4.8802 1.06347
4.89552 1.28745
4.90202 0.313738
4.89994 0.334805
4.8909 0.437379
4.88818 0.472546
4.88258 0.562648
4.88052 0.607763
4.87736 0.714923
4.87848 1.01558
6.50347 2.64835
6.52589 2.63357
7.49961 1.12487
7.50185 1.11524
7.55339 0.750916
7.55381 0.745908
5.03131 -0.4038
5.00881 -0.315796
7.21861 1.86089
7.23235 1.83662
6.3195 2.75275
6.30655 2.75864
7.35142 1.59149
7.41916 1.41382
7.41652 1.42169
4.87987 1.04002
7.48571 0.00115364
7.46719 -0.0686547
7.3196 -0.453438
7.32309 -0.446473
5.00545 -0.302042
4.99843 -0.272263
5.04874 -0.468703
7.28783 1.73074
7.30093 1.70399
6.41586 2.70209
4.89626 1.29639
4.87611 0.754027
7.50448 0.0820298
7.49744 0.0473316
5.44212 2.71767
5.57974 2.80125
5.42117 -1.31985
5.42111 -1.31976
4.89694 1.30406
7.55634 0.664336
7.55585 0.696352
7.52597 0.986008
7.52323 1.00432
4.98279 -0.198521
4.99294 -0.246703
5.22898 -0.98115
5.21626 -0.951265
4.96499 1.76025
4.98807 1.866
6.6549 2.5386
6.78519 2.42346
5.25415 2.51513
5.25696 2.51874
6.15605 -1.57713
6.08646 -1.59388
5.78015 -1.59173
5.78187 -1.59211
5.0794 2.16798
5.07518 2.15666
7.10238 -0.817899
7.13677 -0.770698
7.00829 -0.94264
6.87727 -1.09247
5.84514 2.86452
5.83871 2.8638
6.54894 -1.37683
6.52769 -1.39089
7.08508 2.07418
7.03145 2.14669
6.26549 2.77745
6.2312 2.7902
7.20541 -0.663668
7.25028 -0.585858
7.54112 0.295052
7.31206 1.68033
5.64017 2.82601
5.38095 2.66393
7.54334 0.313513
5.55621 -1.46544
5.42104 -1.31966
4.90605 1.39289
5.77737 -1.59062
5.60045 -1.50203
7.55405 0.742888
5.08784 -0.604655
5.0947 -0.625682
5.07722 -0.57113
5.05477 -0.490527
5.15437 -0.799992
5.3162 -1.15534
5.24456 -1.0164
4.92519 1.5363
4.93073 1.57077
5.01761 1.97591
4.91818 0.174743
4.90847 0.252436
5.2526 2.51293
5.1567 2.34793
5.08278 2.17626
5.965 -1.6118
6.30778 -1.51658
6.35236 -1.49621
6.75621 -1.21027
7.01399 -0.935838
6.72348 -1.23871
7.29561 -0.501627
4.94899 -0.0235146
4.94533 -0.00256473
4.94297 0.0119647
6.05364 2.84526
5.84837 2.86453
7.5547 0.455162
6.54761 2.61874
6.61064 2.57295
7.02015 -0.928259
7.48941 1.16741
7.49695 1.13811
7.5568 0.502549
7.48432 1.18978
7.44623 1.33159
7.50792 1.08226
7.52774 0.976107
6.82962 2.38046
6.63157 2.55672
6.92348 2.2803
7.12993 2.00695
7.00884 2.17559
7.39909 -0.270468
7.39256 -0.287396
7.34965 -0.390822
4.90693 0.265253
4.89617 0.375394
4.88618 0.499688
4.88367 0.540569
4.87976 0.626054
6.4827 2.66264
7.54665 0.823837
7.53284 0.941668
4.90778 0.258372
7.45193 -0.118898
7.34833 -0.393684
7.28603 1.73437
7.24901 1.80576
7.19604 1.89956
7.54229 0.869971
7.34943 -0.391319
4.8852 0.519343
