6.20894 -2.52503
6.14491 -2.57057
4.6815 -1.62705
4.68435 -1.63735
7.97394 -0.363119
8.0055 -0.259972
4.85402 3.59777
4.9285 3.67037
4.73458 -1.82833
4.7418 -1.85554
4.29181 1.35821
4.28792 1.30824
4.27948 0.968607
4.27951 0.977226
4.28107 0.850224
4.28008 0.795696
4.29632 1.46589
4.29755 1.48603
5.79793 3.8257
5.75468 3.83593
4.29373 0.4461
4.29258 0.463836
4.3522 2.06048
4.35873 2.11759
4.94762 -2.54229
4.94409 -2.5319
4.33872 -0.0233235
4.32954 0.0504681
7.82648 -0.731337
7.77666 -0.832284
4.55376 3.04795
4.57306 3.10339
5.21939 3.82736
5.2491 3.835
4.89433 -2.38385
4.91426 -2.44627
7.12215 2.97964
7.15942 2.94053
7.41375 2.63387
7.41997 2.62553
6.95514 -1.90797
6.92638 -1.93539
7.25595 -1.59111
7.21923 -1.63232
4.66249 3.31354
4.63755 3.26315
5.54267 -2.91679
5.49074 -2.93713
4.81218 -2.1112
4.83942 -2.19957
8.11734 0.680987
8.11682 0.699033
5.34268 -2.96616
5.26336 -2.96062
4.98361 -2.63718
5.01263 -2.70109
5.0574 -2.78874
5.06962 -2.80532
5.17678 -2.92077
5.14622 -2.89986
4.76511 -1.94046
4.76859 -1.95545
5.66819 -2.86267
5.64485 -2.87505
5.77237 -2.80734
5.75775 -2.81618
8.08148 0.0688704
8.0806 0.0638154
8.05494 -0.0686644
8.05958 -0.0481479
6.6791 3.37545
6.69023 3.36727
6.8886 3.20405
6.89477 3.19878
5.97868 3.76954
5.91069 3.79184
4.37185 2.20785
4.37798 2.24831
7.77155 -0.842552
7.71382 -0.948736
6.21293 3.6688
6.22695 3.66182
6.45516 3.53137
6.48006 3.51597
7.06265 3.04119
7.22069 2.87281
7.20057 2.89594
7.60421 -1.12893
7.63732 -1.07754
6.7861 -2.06373
6.86388 -1.99427
7.08723 -1.77487
7.05494 -1.80806
4.79768 3.53162
4.76675 3.48922
8.10929 0.798436
8.11335 0.748953
6.39113 -2.38957
6.34286 -2.42665
6.66052 -2.17264
6.618 -2.20743
7.9259 -0.498349
7.92519 -0.500175
4.978 3.70874
4.97783 3.70863
4.84338 3.58706
4.82932 3.57062
8.11887 0.465006
8.11624 0.400851
4.30871 1.64638
4.30616 1.61433
4.28557 0.606832
4.28604 0.594244
7.31073 -1.52771
7.34627 -1.48497
5.98723 -2.6781
5.97634 -2.68477
4.48906 -0.834341
4.49783 -0.873106
4.28162 1.11409
4.28135 1.10422
7.14898 -1.70885
7.17214 -1.68373
6.22733 -2.51195
6.23541 -2.50629
4.59004 -1.25993
4.56975 -1.17982
4.65778 -1.53588
4.64648 -1.48889
5.71495 3.84249
5.74168 3.83814
5.86734 3.8067
4.40109 -0.410783
4.3847 -0.323011
4.44232 -0.61929
4.43497 -0.584368
4.3901 2.31505
4.39674 2.36608
4.38065 -0.300106
4.36234 -0.188189
7.78277 2.00755
7.74373 2.08891
7.86738 1.81245
7.83445 1.89211
4.45357 2.67602
4.453 2.67364
4.40177 2.39394
4.41407 2.46949
5.10814 3.78424
5.08874 3.77553
5.32208 3.85068
5.36198 3.85738
8.03042 1.29759
8.04878 1.21415
8.07843 1.05217
8.09381 0.943492
7.34319 2.72654
7.35237 2.71469
7.47104 2.55339
7.4829 2.53615
7.44579 -1.35813
7.42436 -1.38624
6.87235 -1.98619
6.95997 -1.90345
7.65695 2.25352
7.68622 2.20054
7.57735 2.39029
7.59294 2.36471
4.72708 3.42916
4.7103 3.40337
4.61156 3.20207
4.62752 3.2397
4.77294 -1.97362
4.80542 -2.0844
4.87329 -2.3139
4.86741 -2.29274
7.93449 1.63142
7.91443 1.68918
7.98726 1.46418
7.97444 1.50864
5.3678 -2.96581
5.25668 -2.95842
5.7272 -2.83244
5.71197 -2.83981
5.63267 -2.88105
5.5846 -2.90021
5.56079 -2.91129
6.49342 -2.30901
6.51684 -2.29069
8.03203 -0.164522
7.96516 -0.390532
7.92652 -0.496709
6.63869 3.4061
6.60869 3.42731
6.83103 3.25398
6.83762 3.24855
6.07615 3.73155
6.01851 3.75398
5.64042 3.8555
4.33057 1.88948
4.33557 1.93323
4.37905 2.255
4.36035 2.12983
6.08943 3.7265
6.12298 3.71144
6.20205 3.67441
6.25804 3.64584
6.2965 3.6251
6.42483 3.55066
6.36238 3.5872
7.27762 2.80814
6.69719 -2.14074
6.76685 -2.08125
7.03381 -1.82893
4.75184 3.46926
8.11616 0.71014
8.10813 0.813311
6.67969 -2.15592
8.11296 0.341906
8.12027 0.52994
4.55374 -1.11281
4.56657 -1.16659
4.52763 -1.00159
4.53667 -1.04046
4.5085 2.89668
4.49667 2.85404
4.53161 2.97895
4.54252 3.01463
7.35579 -1.47338
7.39808 -1.4203
4.46447 -0.727935
4.47857 -0.788142
4.50739 -0.91431
6.0009 -2.66943
6.03589 -2.64597
4.6127 -1.35185
4.59593 -1.28326
4.62519 -1.4012
7.96949 -0.377647
8.09092 0.136201
8.08217 0.0728693
4.51466 -0.945922
4.52207 -0.977385
4.28315 0.723222
4.28038 0.777582
4.46343 -0.723261
5.52223 3.86538
5.54905 3.86364
4.3446 2.01019
4.34314 1.99685
4.32674 1.84813
4.32253 1.80601
4.30932 0.24576
4.30507 0.293833
4.89149 -2.37244
4.88861 -2.36223
8.10181 0.867793
7.45976 -1.33941
7.50361 -1.27896
5.78347 -2.80088
5.83082 -2.77352
5.20058 -2.93728
8.03873 -0.138531
7.90171 -0.557379
7.88042 -0.610882
6.53505 3.47941
6.54913 3.46952
7.02925 3.0738
7.04291 3.06081
8.11997 0.588242
4.31867 1.76743
4.31656 1.7424
8.09968 0.198641
8.10022 0.203476
4.74452 -1.86653
4.28646 1.23122
4.28673 1.28189
6.74164 3.32731
6.77768 3.29795
7.27934 2.806
7.2813 2.80367
6.94547 3.15323
6.98152 3.11936
6.11604 -2.59148
4.70525 -1.71821
4.67269 -1.59458
8.10647 0.269609
8.10073 0.208553
4.2877 1.29472
4.29314 1.40516
4.27997 1.03182
4.27966 0.913726
4.28047 0.786725
4.27969 0.904987
4.3 1.52633
4.29408 1.42188
4.42123 -0.515306
4.40675 -0.441586
4.28979 0.513779
4.29681 0.398617
5.43755 3.86459
5.48607 3.86515
4.95006 -2.55026
4.92999 -2.49013
4.32275 0.111994
4.34489 -0.0694572
7.8289 -0.726136
7.77183 -0.84202
7.82678 1.90984
7.79013 1.99191
4.42606 2.53397
4.43274 2.57206
4.58242 3.12734
4.55125 3.04125
5.20187 3.82132
5.28919 3.84511
8.0563 1.17673
8.07443 1.07685
7.20322 -1.65039
7.26546 -1.58034
4.63511 3.25722
4.67231 3.33459
5.47828 -2.93983
5.41902 -2.9568
4.97689 -2.61861
5.01963 -2.7181
5.09827 -2.84827
5.03692 -2.74948
5.1178 -2.86797
5.88835 -2.7404
5.88955 -2.73971
4.71577 -1.75618
5.89061 -2.73911
8.11209 0.329188
8.06901 0.000404225
8.04812 -0.0987322
7.70715 -0.960375
7.87784 -0.616786
7.6529 -1.05202
7.56549 -1.18908
7.55478 -1.20497
7.53337 -1.23639
6.40634 -2.37818
6.32649 -2.43866
6.08456 -2.61282
6.06135 -2.62826
4.93185 3.67315
5.02771 3.74223
5.42479 3.86364
4.5406 -1.05726
4.55152 -1.10353
4.30361 1.57745
4.31113 1.67848
4.28828 0.543358
4.28393 0.65943
4.52956 2.97134
4.5136 2.91653
7.30699 -1.53208
7.35498 -1.47439
4.28026 1.0498
4.28331 1.16772
4.56699 -1.16828
4.28007 1.04073
4.30161 1.55018
4.38168 -0.305848
4.46092 -0.711599
4.29835 0.378008
4.28893 0.529046
4.35805 -0.160709
4.31647 0.171675
7.73538 2.10558
7.87662 1.78942
7.90478 1.71536
7.6954 2.18332
4.47605 2.77349
4.45184 2.66823
4.48108 2.79314
5.02896 3.74292
5.1526 3.80413
5.40164 3.86141
8.01646 1.35565
8.09634 0.923431
8.00105 1.415
7.53307 2.46107
7.54234 2.44661
7.40784 2.64217
7.40215 -1.41503
7.45104 -1.3513
7.64061 2.28267
7.61773 2.32269
4.69283 3.37075
4.6057 3.18933
4.8526 -2.24685
4.84614 -2.22324
7.94527 1.59974
7.96232 1.54767
6.72327 3.34162
6.93282 3.16465
6.31387 3.61599
6.48919 3.50985
6.2794 -2.47407
6.45451 -2.34024
6.57809 -2.24093
6.53338 -2.27774
4.93023 3.67191
4.31433 1.71563
4.28359 0.670728
4.4889 2.82293
4.28367 1.17878
4.96415 -2.5855
5.61064 3.85934
4.91881 -2.46122
6.33633 3.60274
4.59669 3.1654
5.9386 -2.70933
6.84393 3.24329
4.34147 1.98207
6.59694 -2.2256
6.46985 -2.32841
6.98852 3.11268
6.7854 3.29158
6.56931 3.45521
