4.69748 -1.61578
4.70591 -1.64627
7.98994 -0.263077
7.95767 -0.368523
4.88465 3.58885
4.92705 3.63019
8.08498 0.197757
8.08667 0.210827
4.30708 1.35819
4.30391 1.31751
4.29486 0.959657
4.29493 0.977208
4.29622 0.850206
4.29539 0.804568
4.31138 1.45712
4.31316 1.4861
5.84387 3.79055
5.75079 3.81257
4.30977 0.436251
4.30799 0.463585
5.53657 3.83918
5.52837 3.83926
4.36891 2.06066
4.37572 2.12025
4.35547 -0.0336107
4.344 0.0586505
4.58371 3.06659
4.59595 3.10172
7.11685 2.96356
7.14318 2.93592
7.40263 2.62511
7.40292 2.62471
6.9359 -1.90415
6.85963 -1.97687
7.23307 -1.59447
7.2068 -1.62395
4.82875 -2.09083
4.8274 -2.08646
4.87289 -2.23147
4.8936 -2.29501
5.32302 -2.91203
5.30731 -2.91093
5.07906 -2.74092
5.11448 -2.78898
5.13904 -2.81685
5.16971 -2.84798
4.78669 -1.94698
4.78701 -1.94839
5.55298 -2.87524
5.63607 -2.84264
7.95388 -0.380762
7.95362 -0.38149
8.09774 0.330123
8.09682 0.318625
8.06561 0.0629168
8.06077 0.0352122
8.03864 -0.0747762
8.04728 -0.0366327
6.66814 3.36254
6.68783 3.34809
6.8781 3.19169
6.89235 3.17952
5.97516 3.74839
5.87616 3.78086
4.3771 2.12899
4.39367 2.23853
7.75289 -0.846275
7.70368 -0.936787
7.86316 -0.614325
7.81619 -0.719213
6.20033 3.65417
6.20132 3.65367
6.44342 3.51773
6.46738 3.50291
7.0748 3.00705
7.20494 2.86834
7.19517 2.87958
7.59453 -1.11752
7.6185 -1.08031
6.76709 -2.05996
6.80448 -2.02658
7.10441 -1.7353
7.05066 -1.79055
4.81833 3.51472
4.80916 3.50213
8.09542 0.793233
8.1024 0.708097
6.36712 -2.38481
6.34337 -2.40305
6.66099 -2.15109
6.60759 -2.19478
5.01488 3.698
4.99509 3.68503
4.86012 3.56416
4.82772 3.52629
8.10508 0.477917
8.1017 0.395395
4.5677 -1.10296
4.56763 -1.1027
4.32522 1.65663
4.32187 1.6144
4.30063 0.615559
4.30143 0.593994
4.55295 2.9774
4.53838 2.93066
7.3337 -1.47662
7.29823 -1.51929
5.98784 -2.65019
5.95699 -2.66908
4.50309 -0.824441
4.51672 -0.884701
4.29731 1.12318
4.29679 1.10421
7.14487 -1.69205
7.16005 -1.67559
6.21114 -2.49883
6.25968 -2.46484
4.60469 -1.24959
4.5853 -1.17303
5.66528 3.8267
5.72281 3.81734
5.86375 3.78511
4.41547 -0.402641
4.39835 -0.310969
4.45629 -0.611382
4.45292 -0.595385
4.40713 2.31522
4.41248 2.35627
4.38448 -0.229455
4.37643 -0.180213
7.76624 2.00911
7.73414 2.07601
7.8515 1.81394
7.82464 1.87891
4.47668 2.6904
4.4701 2.66299
4.42149 2.40621
4.43016 2.45946
5.15126 3.77168
5.10277 3.74991
5.23343 3.80172
5.20157 3.79075
8.01877 1.28608
8.03233 1.22449
8.06606 1.03993
8.07833 0.95322
7.46543 2.53641
7.46616 2.53535
7.33767 2.7098
7.33446 2.71383
7.42469 -1.36123
7.38722 -1.41038
6.85334 -1.98242
6.95563 -1.8857
7.64761 2.24095
7.67035 2.19977
7.56821 2.378
7.57678 2.36393
4.76477 3.44064
4.73002 3.38724
4.69401 3.32313
4.7072 3.34668
4.64073 3.21095
4.65635 3.24776
4.78742 -1.95009
4.82736 -2.0863
4.86894 -2.22029
7.9192 1.63286
7.90342 1.67829
7.97242 1.46558
7.96321 1.49752
5.37358 -2.91132
5.4061 -2.91174
5.23025 -2.88566
5.71927 -2.80319
5.68383 -2.82035
5.66551 -2.82992
5.55115 -2.87576
6.48249 -2.29571
6.49456 -2.28627
8.02037 -0.153601
7.95408 -0.380156
6.63626 3.38673
6.5874 3.42127
6.81174 3.24851
6.82694 3.23598
6.04433 3.72143
6.00343 3.73735
5.63646 3.83173
4.34569 1.88005
4.35179 1.93339
4.39825 2.26692
6.08677 3.70528
6.19397 3.65718
6.19956 3.65456
6.25553 3.62581
6.27156 3.61716
6.42238 3.53111
6.33915 3.57982
6.47761 3.49641
6.52772 3.46325
7.23917 2.82947
6.6774 -2.13681
6.76264 -2.06401
7.01549 -1.82529
4.77217 3.45262
8.10254 0.705034
8.09311 0.822749
6.66956 -2.1436
8.09871 0.341715
8.10609 0.524619
4.54161 -0.991718
4.55283 -1.03993
4.53304 2.91195
4.51657 2.85259
4.48349 -0.739602
4.49473 -0.787606
4.52347 -0.913776
6.13381 -2.55348
6.12832 -2.55711
6.02654 -2.62563
6.03647 -2.61897
4.62748 -1.34142
4.61521 -1.29124
4.67137 -1.51935
4.64465 -1.40926
5.05364 -2.69577
5.0721 -2.72798
4.97763 -2.53296
4.98762 -2.55713
8.0757 0.130491
8.06939 0.0848327
4.76276 -1.85954
4.75934 -1.8481
4.5286 -0.936083
4.5382 -0.976849
4.29829 0.723204
4.29598 0.768503
4.47799 -0.715016
4.35984 2.00069
4.35944 1.99702
4.34371 1.85866
4.33846 1.80617
4.938 -2.43034
4.9479 -2.45608
4.32562 0.235748
4.31975 0.302145
8.08805 0.866364
7.46867 -1.30231
7.49391 -1.26753
5.54835 -2.87644
4.78085 -1.92602
4.76401 -1.86394
5.80699 -2.75705
5.78908 -2.76739
8.10301 0.692505
5.41023 -2.91173
5.22487 -2.88364
5.01292 -2.61535
5.00169 -2.59302
8.0227 -0.144545
7.89127 -0.545076
7.87171 -0.594228
7.01156 3.06878
7.03742 3.0442
8.10571 0.597205
4.33365 1.75809
4.33234 1.74256
4.30167 1.2312
4.3019 1.27306
6.73923 3.30808
6.75839 3.29247
6.94305 3.13387
6.96383 3.11435
6.14115 -2.54859
4.72153 -1.70672
4.67338 -1.52698
8.09167 0.264058
8.08308 0.183102
4.30353 1.2947
4.30816 1.39642
4.29531 1.02289
4.29501 0.913708
4.29616 0.786707
4.29506 0.896041
4.31507 1.51756
4.30959 1.42195
4.43539 -0.507288
4.42464 -0.452568
4.30574 0.503987
4.31222 0.398366
5.4519 3.83838
5.57244 3.83688
4.95998 -2.48731
4.96714 -2.50853
4.33923 0.101876
4.35918 -0.0613666
7.81122 -0.729663
7.76152 -0.829873
7.8106 1.91136
7.78045 1.97889
4.44636 2.54661
4.44904 2.5619
4.61353 3.1467
4.57363 3.03962
5.25248 3.80658
5.30327 3.81939
8.0443 1.16487
8.05846 1.08689
7.18041 -1.65374
7.25297 -1.57193
4.66607 3.26664
4.69149 3.31889
5.41634 -2.91095
5.03896 -2.67086
5.02511 -2.64041
5.12082 -2.79848
5.07608 -2.73521
5.21505 -2.87682
5.82118 -2.74888
5.87209 -2.71982
4.67289 -1.52521
4.73775 -1.76528
5.91663 -2.69465
8.05333 -0.00547762
8.02597 -0.130677
7.68798 -0.964201
7.86741 -0.604498
7.64293 -1.04028
7.54669 -1.19184
7.54534 -1.19385
7.54264 -1.19781
6.40684 -2.35507
6.30159 -2.43372
6.08514 -2.58639
6.0437 -2.61394
4.96659 3.66304
5.04514 3.71839
5.42244 3.83619
4.55458 -1.04739
4.56771 -1.10299
4.32002 1.58764
4.32688 1.67855
4.30328 0.552052
4.29926 0.65918
4.55678 2.98828
4.53384 2.91506
7.2844 -1.5354
7.34253 -1.46601
4.29588 1.05885
4.29871 1.1677
4.58151 -1.15803
4.29551 1.04071
4.31727 1.55025
4.39601 -0.297737
4.46481 -0.653666
4.31448 0.368098
4.30434 0.528796
4.37501 -0.171126
4.33101 0.179906
7.71854 2.10716
7.86669 1.77606
7.88922 1.71682
7.68593 2.17057
4.49336 2.76271
4.45671 2.60052
4.501 2.79257
5.06873 3.73134
5.1666 3.77855
5.36837 3.83043
7.27203 2.79119
7.26456 2.80016
7.99948 1.36632
8.08368 0.910905
7.98974 1.40382
7.39136 2.63986
7.40234 2.62551
7.48674 2.50455
7.52592 2.44582
7.38095 -1.41815
7.44121 -1.33972
7.52688 2.44433
7.53075 2.43825
7.62466 2.28191
7.60846 2.31022
4.72671 3.38107
4.62393 3.17441
4.87076 -2.22537
4.91175 -2.35207
4.91654 -2.36465
7.93419 1.58878
7.94719 1.54909
6.70342 3.33598
6.91467 3.1595
6.3114 3.59628
6.53263 3.46009
6.27992 -2.45001
6.43147 -2.33566
6.55669 -2.23669
6.53386 -2.25548
4.94747 3.64834
4.33096 1.72595
4.29865 0.679461
4.51289 2.83785
4.29937 1.18788
4.99453 -2.57442
5.62495 3.83321
5.74588 -2.78903
7.90975 -0.500056
6.32425 3.5887
4.6199 3.16371
5.37604 3.83171
4.9354 -2.42379
5.47994 -2.89729
5.93922 -2.68064
6.8415 3.22385
4.35898 1.99294
6.59742 -2.20355
6.47034 -2.3057
6.97825 3.10059
6.77472 3.27901
7.91458 -0.487485
6.5581 3.44203
