6.08093 1.52953
6.04458 1.5175
6.31732 1.50472
6.35267 1.48505
6.60193 1.23966
6.53848 1.32379
6.47399 -0.120284
6.53206 -0.0621434
6.24629 -0.228117
6.31485 -0.211248
5.69152 0.571379
5.6855 0.689556
5.69337 0.855244
5.70082 0.923876
6.0351 -0.18311
6.03893 -0.185896
5.88764 -0.0355227
5.84795 0.0210324
5.79141 0.142238
5.81788 0.081192
6.74636 0.872813
6.72892 0.943165
5.72904 0.341073
5.7118 0.419556
6.62376 1.20443
6.65745 1.13989
6.772 0.630111
6.77272 0.614047
6.73956 0.350236
6.75795 0.44434
6.661 0.13162
6.68279 0.180039
5.8136 1.28893
5.78727 1.2419
6.2134 1.53523
6.45493 1.41599
6.46221 1.40866
6.60972 1.22893
6.69442 1.05372
6.70819 1.01627
5.84109 1.34153
5.76616 1.18954
5.77003 1.19893
6.45839 1.41283
6.19342 1.53956
6.75883 0.807866
6.75596 0.82623
6.0281 1.51107
6.0066 1.50015
5.92973 1.4455
5.94912 1.46133
5.72125 1.03316
5.74327 1.11847
5.68944 0.809017
5.69108 0.827918
5.69184 0.567588
5.6921 0.563589
6.16759 1.53758
6.7698 0.68486
6.76644 0.736362
6.76425 0.770903
5.74827 1.13836
5.7601 1.17391
6.35585 -0.196992
6.43819 -0.147416
5.9512 -0.115311
5.94056 -0.105874
5.75484 0.238182
5.74926 0.257433
6.70517 0.236064
6.73038 0.315137
6.60554 0.0275999
6.16031 -0.226576
6.61 0.0340615
6.07224 -0.199073
6.01161 -0.164496
5.83321 0.0496369
6.14224 -0.22569
5.76316 0.211586
6.61239 0.0382268
5.70738 0.446315
6.76285 0.47546
6.77003 0.568987
6.77193 0.640596
5.97759 1.48352
6.67632 1.09924
5.91591 1.43196
5.69889 0.500348
5.68556 0.694381
5.87429 1.38675
5.70866 0.968332
5.69796 0.506009
