7.69676 -0.283568
7.72171 -0.206102
5.50715 3.32918
5.41133 3.30003
5.07804 3.05054
5.11234 3.09152
7.80941 0.186057
7.82248 0.290651
4.61091 1.50526
4.61571 1.55162
4.92609 2.81488
4.93391 2.83026
4.65819 -0.0940331
4.64805 -0.0264375
7.52781 -0.681232
7.51233 -0.711326
6.37498 3.15279
6.27303 3.20574
4.74078 2.29257
4.73008 2.24908
5.72023 3.35216
5.71173 3.35231
6.68641 2.94442
6.72017 2.91783
6.88181 -1.53886
6.86976 -1.55043
7.40655 -0.896037
7.39726 -0.910883
7.46865 2.00015
7.45754 2.02088
7.30738 2.27091
7.29737 2.28571
7.63527 1.63431
7.6252 1.66052
7.73482 1.32565
7.74612 1.28282
7.76237 -0.0563823
7.78107 0.0267217
7.63709 -0.443964
7.61576 -0.496349
5.30733 3.25001
5.38391 3.28716
5.12519 3.1039
5.19708 3.1724
4.98858 -1.36701
5.00967 -1.42368
5.10803 -1.65218
5.08345 -1.60088
6.53666 3.05225
6.56569 3.03299
4.59406 1.295
4.59165 1.25403
4.64434 1.78904
4.64692 1.80829
6.11052 -2.08589
6.19369 -2.04557
5.77002 -2.18116
5.78488 -2.18127
5.55191 -2.15402
5.57757 -2.16401
4.77407 -0.66332
4.77169 -0.653865
4.82745 -0.864948
4.81441 -0.817232
5.14939 -1.73655
5.17548 -1.78295
4.61756 0.213884
4.61374 0.249555
4.6995 2.11263
4.70281 2.12762
6.23306 3.22438
6.15005 3.25945
6.90868 2.75003
6.85218 2.80413
6.65586 2.96786
6.39483 -1.9281
6.34502 -1.95836
6.79602 -1.61855
6.74752 -1.66065
7.00177 -1.41835
6.92452 -1.49701
7.28298 -1.07914
7.30665 -1.04689
7.83572 0.514066
7.83377 0.441685
4.58211 0.913371
4.58198 0.907202
4.58593 1.10775
4.58793 1.16736
4.91333 -1.15052
4.92199 -1.1787
4.72734 -0.457928
4.74103 -0.521276
5.27601 -1.9391
5.2547 -1.90861
4.589 0.591037
4.58616 0.654511
4.7597 2.36757
4.76062 2.37102
7.15139 -1.24995
7.14443 -1.25859
7.8114 0.94541
7.81516 0.916684
4.68516 -0.249963
4.68232 -0.234323
7.83549 0.6023
7.83486 0.658631
7.73179 -0.172051
7.68266 -0.324383
6.07352 -2.10133
6.08895 -2.09573
5.63185 -2.17382
5.6877 -2.18311
7.05101 -1.36411
7.07782 -1.3347
6.41009 3.13164
6.26312 3.21096
4.83593 2.60628
4.83518 2.60408
7.1273 2.51324
7.13223 2.5073
7.79298 1.06276
7.77821 1.14186
7.3903 2.13861
7.36225 2.18496
7.2187 2.39546
7.2534 2.34838
7.6853 1.49259
7.69278 1.46996
7.65779 -0.391389
7.60709 -0.515718
7.58507 -0.564833
6.58987 3.01654
6.50903 3.0708
4.63319 1.70791
4.62981 1.67995
4.60765 1.47244
4.60355 1.4233
5.98591 -2.13503
5.88576 -2.16456
5.93493 -2.1512
5.88271 -2.16513
5.88434 -2.16491
5.59309 -2.16853
5.51956 -2.1426
4.8535 -0.959239
4.94315 2.84616
4.98157 2.91452
5.92059 3.32891
5.99437 3.31013
6.03585 3.29888
6.11235 3.27233
6.13545 3.26461
6.45093 3.10756
5.63169 3.34855
5.65998 3.35097
6.80957 2.84127
6.29643 -1.98879
6.45298 -1.88841
6.89832 -1.52353
7.00774 -1.41197
4.58294 0.982484
4.5829 0.97687
4.58581 1.10387
4.85628 -0.968421
4.88399 -1.05804
4.60546 0.336962
4.59683 0.455715
4.63187 0.0930127
4.62689 0.131683
4.58908 0.589313
4.78232 2.44335
4.79539 2.48588
6.94824 2.7104
7.01182 2.64527
7.24156 -1.13572
7.25428 -1.11945
7.82441 0.82842
7.82053 0.871856
4.58555 1.04037
4.58568 1.09984
4.95198 -1.26839
4.94529 -1.24893
4.60911 1.48746
4.79997 -0.764584
4.77819 -0.679627
5.40477 -2.07163
5.42356 -2.0872
4.59415 0.524079
4.58916 0.587684
7.54724 1.84257
7.55243 1.83151
4.89223 2.74223
4.86595 2.68026
4.59789 1.35295
4.59835 1.35915
4.65447 1.86109
4.65606 1.87246
5.48631 -2.12577
5.46821 -2.11458
4.85529 -0.965144
5.33753 -2.01012
5.33046 -2.00189
5.14325 -1.72574
5.13967 -1.71932
4.59639 0.46179
4.60708 0.318901
5.8681 3.33791
5.8513 3.3401
4.70507 -0.354612
4.70968 -0.376573
4.67793 2.00381
4.6772 2.00027
4.85362 2.65229
4.83891 2.61447
6.49399 -1.86069
6.55537 -1.81506
5.00086 2.94477
5.01135 2.96136
4.6381 1.74412
6.24643 -2.01715
6.29088 -1.99179
4.58158 0.843466
4.58209 0.791059
5.40671 3.29831
5.55754 3.33931
5.11413 3.09342
5.05902 3.02577
7.82469 0.313913
7.80512 0.156561
5.05016 -1.52644
5.0448 -1.51319
5.20617 -1.83749
5.20569 -1.83662
4.66616 1.93922
4.67119 1.96791
7.4645 -0.798837
7.56755 -0.601314
4.72306 2.21909
4.74452 2.30834
6.83789 -1.57997
7.35708 -0.972019
7.42793 -0.861376
7.43007 2.07019
7.50077 1.93863
7.26365 2.33401
7.31012 2.26678
7.65702 1.57639
7.60037 1.72261
7.75581 1.24253
7.72067 1.37759
7.83067 0.748123
7.82967 0.770706
7.78855 0.0634219
7.75424 -0.0891212
5.20912 3.18242
5.29454 3.24228
5.6084 3.347
7.83272 0.422071
5.04191 -1.50562
4.97578 -1.33354
5.1243 -1.68745
4.74996 -0.561045
4.77519 -0.6677
5.20647 -1.83799
5.1449 -1.72865
4.66575 1.93661
4.71154 2.16986
4.68974 2.06394
7.45389 -0.81753
5.92045 3.32894
6.69449 -1.70674
6.65381 -1.73929
6.61674 -1.76912
7.32317 -1.02275
7.83623 0.548952
7.59091 1.74489
7.59567 1.73377
5.30822 -1.97716
4.75948 2.36667
4.77699 2.42674
7.01832 2.63806
7.07398 2.57588
7.81869 0.886421
7.80977 0.958693
4.66675 -0.144465
4.69346 -0.295205
4.80679 2.52104
4.8192 2.5596
7.16479 2.4662
7.11758 2.52495
7.80242 1.00546
7.76906 1.18555
7.19288 2.4298
7.50592 1.92837
7.41138 2.10299
7.34938 2.20549
7.71137 1.40899
7.6626 1.56006
4.58159 0.856272
4.59035 1.22955
4.59045 1.23211
4.9393 -1.23093
4.58376 0.714646
4.58342 0.724983
7.13416 -1.27064
7.82885 0.784106
4.62537 1.64575
4.61937 1.59078
5.44327 -2.09986
5.3889 -2.05768
5.81583 3.34522
5.78071 3.34829
4.66531 1.93357
5.50152 -2.13452
5.34837 -2.0222
4.62121 0.17971
5.01739 2.97042
5.36951 -2.04172
5.69808 3.35196
6.2437 -2.0186
4.59889 1.36628
4.64097 0.0252376
4.61253 0.263177
4.58221 0.784877
4.58229 0.778835
6.59384 -1.78728
7.18333 -1.2096
4.58284 0.971198
4.58798 1.17005
4.89928 -1.10746
4.58596 0.658163
7.01323 2.64374
6.48579 3.08628
4.6258 1.64962
4.61781 1.57529
5.98148 -2.13632
