4.69616 -1.61671
4.70413 -1.64554
7.95541 -0.379874
7.99122 -0.262821
4.88212 3.58959
4.92717 3.63351
8.08625 0.198236
8.08775 0.209813
4.30581 1.3582
4.30259 1.31674
4.29359 0.960396
4.29365 0.977209
4.29497 0.850208
4.29413 0.803836
4.31014 1.45785
4.31187 1.48609
5.84007 3.79346
5.75112 3.8145
4.30845 0.437064
4.30672 0.463606
5.53537 3.84138
5.52874 3.84144
4.36753 2.06064
4.37444 2.12106
4.35408 -0.0327613
4.3428 0.0579749
4.58124 3.06505
4.59406 3.10186
7.11729 2.96489
7.14452 2.9363
7.40354 2.62583
7.40433 2.62478
6.93748 -1.90447
6.85999 -1.97835
7.23496 -1.59419
7.20782 -1.62464
5.48382 -2.89944
5.48084 -2.90061
4.84622 -2.15363
4.82614 -2.0885
4.8697 -2.22843
4.89133 -2.29481
5.32464 -2.9165
5.30368 -2.91504
5.07727 -2.74486
5.11078 -2.79033
5.14247 -2.8263
5.16786 -2.85207
4.78491 -1.94644
4.78549 -1.94897
5.55696 -2.87671
5.63681 -2.84538
8.09899 0.33059
8.09819 0.320593
8.06692 0.0634084
8.0624 0.0375739
8.03999 -0.0742716
8.0483 -0.0375835
6.66904 3.36361
6.68803 3.34967
6.87897 3.19272
6.89255 3.18111
5.97545 3.75013
5.87901 3.78176
4.37553 2.12802
4.39238 2.23934
7.75443 -0.845968
7.70452 -0.937773
7.86462 -0.614035
7.81706 -0.720236
6.20137 3.65537
6.20344 3.65434
6.44439 3.51885
6.46922 3.5035
7.0738 3.00987
7.20624 2.86871
7.19561 2.88093
7.59532 -1.11846
7.62006 -1.08008
6.76866 -2.06027
6.81629 -2.01774
7.10299 -1.73857
7.05101 -1.79199
4.81663 3.51611
4.80565 3.50107
8.09656 0.793662
8.10365 0.707314
6.3691 -2.3852
6.34333 -2.405
6.66095 -2.15287
6.60845 -2.19582
5.01183 3.69889
4.99366 3.68698
4.85874 3.56605
4.82785 3.52995
8.10622 0.476851
8.1029 0.395846
4.32386 1.65579
4.32057 1.61439
4.29938 0.614839
4.30016 0.594015
4.55114 2.97753
4.53873 2.93772
7.33554 -1.47635
7.29926 -1.51999
5.98779 -2.65249
5.95858 -2.67037
4.50193 -0.825258
4.51517 -0.883743
4.29601 1.12243
4.29552 1.10421
7.14521 -1.69343
7.16105 -1.67626
6.21248 -2.49991
6.25768 -2.46826
4.60348 -1.25044
4.58371 -1.17237
5.66938 3.828
5.72436 3.81906
5.86404 3.7869
4.41429 -0.403313
4.39687 -0.310059
4.45513 -0.612035
4.45144 -0.594475
4.40573 2.31521
4.41118 2.35708
4.38467 -0.238344
4.37526 -0.180871
7.76761 2.00898
7.73493 2.07707
7.85281 1.81382
7.82545 1.88
4.47477 2.68921
4.46869 2.66387
4.41986 2.40519
4.42883 2.46029
5.1477 3.77272
5.10161 3.75202
5.23226 3.80385
5.20589 3.79477
8.01974 1.28703
8.03368 1.22364
8.06708 1.04094
8.07961 0.952417
7.4659 2.53781
7.46754 2.53542
7.33814 2.71123
7.33602 2.7139
7.42643 -1.36098
7.38803 -1.41134
6.85501 -1.98275
6.95599 -1.88717
7.64838 2.24199
7.67166 2.19984
7.56896 2.37901
7.57812 2.364
4.76165 3.43969
4.72839 3.38857
4.69111 3.32225
4.69749 3.33364
4.63833 3.21022
4.65479 3.24904
4.78622 -1.95203
4.82555 -2.08614
4.8676 -2.22248
7.92046 1.63274
7.90433 1.67919
7.97364 1.46546
7.96414 1.49844
5.39211 -2.91555
5.40756 -2.91575
5.23243 -2.89167
5.71992 -2.8056
5.68615 -2.82196
5.55294 -2.87832
5.55197 -2.87877
5.66278 -2.83416
6.48339 -2.29681
6.4964 -2.28663
8.02133 -0.154503
7.95503 -0.381045
7.95315 -0.386228
6.63646 3.38833
6.58916 3.42177
6.81333 3.24896
6.82782 3.23701
6.04695 3.72227
6.00467 3.73872
5.63679 3.83369
4.34444 1.88083
4.35045 1.93338
4.39666 2.26594
6.08699 3.70703
6.18811 3.66166
6.19977 3.6562
6.25574 3.62746
6.27362 3.61782
6.42258 3.53272
6.34107 3.58043
6.47781 3.49804
6.52952 3.46383
7.24346 2.82644
6.67903 -2.13714
6.76299 -2.06544
7.017 -1.82559
4.77049 3.45399
8.10373 0.705479
8.09435 0.82197
6.6704 -2.14462
8.09983 0.340669
8.10726 0.525059
4.56654 -1.10377
4.56782 -1.10914
4.54046 -0.992533
4.5515 -1.03997
4.53101 2.91069
4.51493 2.85271
4.48192 -0.738639
4.49339 -0.78765
4.52214 -0.91382
6.13376 -2.55564
6.12976 -2.55828
6.02443 -2.62925
6.03643 -2.6212
4.62626 -1.34228
4.61362 -1.29058
4.67148 -1.52576
4.64304 -1.40859
7.95522 -0.380495
5.05047 -2.69692
5.06693 -2.72564
4.97515 -2.53386
4.98411 -2.55554
8.07696 0.130962
8.07045 0.0838449
4.76118 -1.86015
4.75868 -1.85178
4.52745 -0.936895
4.53687 -0.976893
4.29704 0.723205
4.29469 0.769252
4.47679 -0.715697
4.35858 2.00148
4.35809 1.997
4.34231 1.85779
4.33714 1.80616
4.93596 -2.43172
4.94361 -2.45162
4.32427 0.236575
4.31854 0.301459
8.08919 0.866482
7.46793 -1.30538
7.49471 -1.26847
4.7744 -1.90871
4.76209 -1.86336
5.80896 -2.75841
5.78654 -2.77136
8.10401 0.697972
5.40952 -2.91575
5.22287 -2.88806
5.01014 -2.61636
5.00021 -2.59662
8.02403 -0.144048
7.89213 -0.546092
7.87201 -0.596657
7.01302 3.0692
7.03788 3.04557
8.10688 0.596465
4.33241 1.75886
4.33104 1.74255
4.30042 1.2312
4.30065 1.27379
6.73943 3.30967
6.75998 3.29293
6.94325 3.13547
6.96529 3.11476
6.13911 -2.55208
4.72019 -1.70767
4.67161 -1.52625
8.09289 0.264517
8.08457 0.185255
4.30222 1.2947
4.30692 1.39714
4.29405 1.02363
4.29375 0.913709
4.29487 0.786708
4.29379 0.896779
4.31383 1.51828
4.30831 1.42194
4.43422 -0.50795
4.42317 -0.451661
4.30442 0.504795
4.31095 0.398386
5.45072 3.84054
5.56439 3.83952
4.9575 -2.48754
4.96574 -2.51195
4.33787 0.102711
4.358 -0.0620347
7.81272 -0.729365
7.76238 -0.830876
7.81194 1.91124
7.78125 1.97996
4.44468 2.54556
4.4477 2.56274
4.61096 3.1451
4.57178 3.03975
5.24803 3.80787
5.30211 3.82151
8.04529 1.16585
8.05978 1.08606
7.18229 -1.65346
7.254 -1.57262
4.66344 3.26585
4.68989 3.3202
5.4497 -2.90737
5.41242 -2.91537
5.03738 -2.67472
5.02092 -2.63851
5.11896 -2.80259
5.07285 -2.73639
5.20539 -2.87594
5.82673 -2.74818
5.87353 -2.72146
4.67158 -1.52613
4.73593 -1.76453
5.91448 -2.69832
8.05463 -0.00499196
8.0278 -0.128039
7.68956 -0.963886
7.86829 -0.605537
7.64376 -1.04125
7.54824 -1.19161
7.54612 -1.19476
7.54187 -1.20099
6.4068 -2.35698
6.30365 -2.43413
6.08509 -2.58857
6.04516 -2.61513
4.96372 3.66388
5.0437 3.72036
5.42263 3.83846
4.55343 -1.0482
4.56637 -1.10304
4.31866 1.5868
4.32558 1.67855
4.30204 0.551334
4.298 0.659201
4.55441 2.9868
4.53217 2.91518
7.28627 -1.53512
7.34356 -1.4667
4.29459 1.05811
4.29744 1.16771
4.5803 -1.15888
4.29423 1.04071
4.31598 1.55024
4.39481 -0.298418
4.46449 -0.65845
4.31315 0.368916
4.30306 0.528816
4.37361 -0.170266
4.3298 0.179227
7.71993 2.10703
7.86751 1.77716
7.8905 1.7167
7.68671 2.17162
4.49193 2.7636
4.45631 2.60611
4.49935 2.79262
5.06545 3.7323
5.16545 3.78066
5.37142 3.83326
7.2725 2.79262
7.2659 2.80054
8.00088 1.36544
8.08472 0.911939
7.99068 1.40474
7.37369 2.66493
7.4028 2.62688
7.51416 2.46565
7.52734 2.44589
7.38275 -1.41788
7.44202 -1.34067
7.52767 2.44539
7.52897 2.44334
7.62597 2.28197
7.60923 2.31125
4.72392 3.38022
4.62243 3.17564
4.86856 -2.22518
4.91029 -2.35443
4.9141 -2.36444
7.93511 1.58968
7.94844 1.54897
6.70506 3.33645
6.91617 3.15993
6.31161 3.59791
6.53283 3.46169
6.27988 -2.452
6.43337 -2.33604
6.55846 -2.23704
6.53382 -2.25731
4.94605 3.65028
4.32958 1.7251
4.29741 0.67874
4.51091 2.83662
4.29808 1.18713
4.99202 -2.57534
5.62377 3.83537
5.74814 -2.79059
7.91114 -0.499778
6.32524 3.58986
4.61799 3.16385
5.37487 3.83384
4.93394 -2.42665
5.93917 -2.68301
6.8417 3.22545
4.35753 1.99204
6.59738 -2.20537
6.4703 -2.30758
6.9791 3.10159
6.7756 3.28005
7.91553 -0.488371
6.55903 3.44311
