6.27689 2.48036
6.18064 2.51398
6.98513 -0.633676
7.0431 -0.544963
7.37268 0.603797
7.37308 0.592697
5.13611 1.52486
5.14396 1.56125
7.1217 1.63448
7.12865 1.62082
5.72463 -1.17121
5.80981 -1.21843
7.15883 -0.339262
7.15466 -0.348018
7.32388 0.139983
7.31063 0.082006
5.13553 0.0558539
5.13481 0.0594905
5.06963 0.752158
5.07033 0.710671
5.10752 0.235558
5.10242 0.275101
5.79635 2.52279
5.76323 2.51378
5.96954 2.54621
5.98532 2.54485
6.39595 2.42486
6.3449 2.45035
6.97248 -0.651117
6.90797 -0.73352
7.21078 1.43573
7.18425 1.49949
5.0782 1.06505
5.0828 1.13259
5.24984 -0.399164
5.23129 -0.339998
5.31995 -0.59252
5.35454 -0.675098
5.40318 -0.773778
5.36512 -0.699288
5.50315 -0.940931
5.54218 -0.996047
5.62947 -1.09353
5.61732 -1.08018
5.18764 1.74122
5.20433 1.79807
6.29059 -1.21624
6.35402 -1.18831
6.09817 -1.26295
6.17043 -1.25031
5.25452 1.93884
5.22947 1.87171
5.33747 2.11724
5.37888 2.18958
5.44462 2.28
5.40014 2.2197
5.58722 2.41986
5.56557 2.40374
6.7581 -0.89985
6.7248 -0.932492
6.57996 -1.053
6.59659 -1.04137
7.01963 1.81112
7.05515 1.75329
5.91054 -1.25281
5.81816 -1.22284
7.25866 -0.0945438
7.24197 -0.142036
5.08175 0.481103
5.07684 0.551931
7.35631 0.329844
7.36191 0.379935
6.48693 -1.11703
6.39089 -1.17175
6.81183 2.08791
6.85724 2.03427
7.24368 1.3478
7.22648 1.39523
7.27372 1.25653
7.27953 1.23635
7.32989 1.02724
7.32292 1.06608
6.58922 2.297
6.5914 2.29537
7.35342 0.882729
7.34903 0.919452
5.28019 -0.492427
5.26223 -0.437643
5.22375 -0.315457
5.1879 -0.184756
5.17522 -0.130459
5.07137 0.946859
5.07057 0.906122
6.70442 2.19704
6.72281 2.17946
7.31034 1.1179
7.3188 1.08497
6.91992 1.95638
6.8953 1.98826
6.8014 2.09989
7.36572 0.765441
7.36129 0.819424
5.1915 -0.199308
5.19902 -0.228997
6.50526 2.35799
6.50437 2.35854
5.15177 -0.0235314
5.16098 -0.0671374
6.79638 2.1054
6.78328 2.1194
6.34177 2.45192
6.28877 2.476
5.07377 0.99705
5.19003 -0.193443
5.0913 1.22938
5.09921 1.29904
6.49619 2.36376
6.45474 2.3899
5.21911 -0.300095
5.20617 -0.254424
5.95399 2.5455
5.86577 2.53838
6.1553 2.51955
6.28778 2.47645
7.08644 -0.474076
6.97893 -0.64253
7.37123 0.519109
7.37151 0.666908
7.33931 0.979128
7.33707 0.99362
5.28203 -0.497426
5.28349 -0.501185
5.44931 -0.859479
5.45246 -0.864984
5.16025 1.63409
5.11515 1.414
6.19362 -1.2463
6.28722 -1.21729
5.29232 2.03042
5.29456 2.03477
5.51081 2.35324
5.47094 2.31225
6.67976 -0.972083
6.60139 -1.03786
7.09892 1.67713
7.12978 1.6185
5.81688 -1.22236
5.71373 -1.16305
7.20044 -0.247086
7.13978 -0.377103
7.33666 0.202058
7.29519 0.0238743
5.13193 0.0744771
5.14786 -0.00382325
5.07086 0.686137
5.0695 0.775843
5.12244 0.132225
5.09297 0.357384
5.68008 2.47808
6.07458 2.53706
5.66232 2.46931
6.85297 -0.800035
6.83374 -0.821348
6.80165 -0.855125
7.10386 -0.444089
7.17525 1.5206
7.21892 1.41494
5.3595 -0.686718
5.44579 -0.852982
5.56213 -1.01954
5.63391 -1.09808
5.11508 1.41362
5.18037 1.71328
5.21981 1.84527
5.11507 1.4135
6.00427 -1.26591
6.03356 -1.26491
6.38909 -1.17274
5.96558 -1.26129
5.29018 2.02584
5.38673 2.20141
6.50453 -1.10525
6.96674 1.89231
7.07536 1.71878
7.20664 -0.232663
7.27891 -0.0325365
7.21352 -0.215499
7.34544 0.253997
5.07212 0.645476
5.08724 0.414989
5.07392 0.606741
5.09007 0.384443
5.12511 0.115463
7.36929 0.465328
6.66742 2.23127
6.67834 2.22208
7.30084 1.16046
7.30107 1.15962
7.37102 0.495702
7.37069 0.689527
7.25459 1.31493
7.30058 1.16154
7.3208 1.07536
7.34421 0.951807
6.94937 1.91695
6.96237 1.89883
6.74039 2.16216
6.65871 2.23876
6.87952 2.00818
7.3705 0.694881
7.35864 0.843444
5.06925 0.864277
5.06888 0.817881
5.0861 1.18268
5.11504 1.41331
5.06891 0.799036
6.40349 2.4204
6.39987 2.42262
5.16725 -0.095692
5.20483 -0.249967
5.06958 0.882704
6.45273 2.39115
