4.70974 -1.17544
4.72483 -1.2308
5.41925 -2.58123
5.37613 -2.56701
5.00293 -2.0826
4.99992 -2.07531
5.08753 -2.25719
5.10051 -2.28304
5.02842 3.44895
5.11412 3.51633
5.23719 -2.47294
5.21606 -2.44779
4.62972 -0.864711
4.65545 -0.969836
4.57022 -0.607287
4.53783 -0.449294
6.2753 3.46071
6.18098 3.50624
4.57006 2.49865
4.59149 2.58732
7.2969 2.58626
7.33948 2.52926
7.42304 -1.18403
7.46118 -1.12999
7.27122 -1.38379
7.31677 -1.32737
6.61648 -2.03007
6.63295 -2.01743
6.96274 -1.72017
7.01982 -1.66439
5.60631 -2.58946
5.646 -2.58322
4.81178 -1.5351
4.79264 -1.47053
7.83543 -0.404393
7.83304 -0.411149
4.8272 3.20195
4.81529 3.18127
4.88868 3.29355
4.91625 3.33029
4.97882 3.40185
5.0157 3.43767
5.23866 3.58382
5.3087 3.61067
6.02731 -2.43261
6.03878 -2.42616
5.82728 -2.52703
5.73963 -2.55915
4.86698 -1.71314
4.86668 -1.7123
6.80262 3.10286
6.78086 3.12153
6.55275 3.29323
6.58837 3.26866
5.67842 3.64835
5.72263 3.64331
4.58089 -0.656761
4.59704 -0.726543
4.51342 2.21365
4.50531 2.16894
4.47778 1.99191
4.47873 1.99824
7.73907 -0.639083
7.74532 -0.62501
7.62008 -0.872772
7.63173 -0.852005
5.95354 3.59282
5.98024 3.58337
6.40457 3.38899
6.29796 3.44904
7.07744 2.84412
7.12045 2.7975
6.95333 2.96716
6.99804 2.92483
7.52362 -1.03397
7.48108 -1.10051
6.79664 -1.87651
6.82838 -1.84906
8.00379 0.577114
8.00366 0.515926
6.3883 -2.20327
6.41045 -2.18841
6.28369 -2.27625
6.26219 -2.28929
4.7591 -1.35644
4.76454 -1.37626
4.93217 -1.90249
4.94982 -1.94834
4.79116 3.13741
4.77687 3.10846
5.47716 3.64702
5.5034 3.64917
5.69231 -2.57255
5.70488 -2.56902
4.67983 2.87927
4.66826 2.84748
7.71119 1.88569
7.69495 1.92224
7.99566 0.77519
7.99715 0.75637
5.45886 -2.59017
5.32689 -2.54265
5.37112 -2.5654
5.29611 -2.52331
5.50824 -2.59505
5.46454 -2.59087
5.00425 -2.08537
5.03352 -2.15064
6.09088 -2.39699
6.08916 -2.39793
5.26996 -2.49962
5.18488 -2.41359
5.14049 -2.35012
4.40409 0.896082
4.40421 0.85008
4.40499 1.02256
4.40446 0.977079
4.41906 1.39445
4.41685 1.35831
4.42752 1.51469
4.42548 1.48661
4.50276 -0.264068
4.52617 -0.389416
4.42495 0.365507
4.42763 0.331337
4.41573 0.50169
4.41809 0.461794
4.47814 -0.108954
4.48002 -0.121566
4.44358 0.163294
4.44854 0.117836
5.91107 3.6048
5.83816 3.62287
6.14895 3.51933
6.29329 3.45172
4.56224 2.46526
4.54592 2.3873
4.63116 2.73391
4.62989 2.72925
7.19365 2.71433
7.20698 2.69871
7.97692 0.951777
7.96673 1.02336
7.93419 1.20242
7.91234 1.29991
7.36068 -1.26967
7.32019 -1.32292
6.70845 -1.95367
6.53388 -2.09604
7.04201 -1.64125
6.92455 -1.75858
7.50112 2.28772
7.47031 2.33776
7.58009 2.15011
7.55564 2.19426
7.41714 2.4186
7.45736 2.35819
7.86415 1.47576
7.88157 1.41678
7.80858 1.64327
7.82403 1.59978
5.55037 -2.59547
5.55525 -2.59505
7.91886 -0.13073
7.92407 -0.110483
7.87499 -0.28601
7.88028 -0.26876
7.87018 -0.301607
4.85594 3.2444
4.93752 3.35652
6.88316 3.03235
6.85382 3.05862
6.77308 3.12801
6.72688 3.16532
6.67021 3.20835
6.64324 3.22876
6.51501 3.31954
4.46162 1.86949
4.46195 1.87231
4.52572 2.28568
4.48955 2.07402
5.81625 3.62678
5.78002 3.63432
6.06772 3.55319
6.42953 3.37319
6.41637 3.38157
7.0213 2.90134
6.91743 3.00187
6.52053 -2.10568
6.8815 -1.7987
6.7311 -1.93503
7.11408 -1.56611
8.00178 0.667232
8.00088 0.686184
6.33383 -2.24144
4.7555 3.06671
4.67094 -1.03008
4.6725 -1.03595
4.44653 1.73196
4.44759 1.74324
4.4339 1.59261
4.43569 1.61492
4.40777 0.677671
4.40635 0.722588
4.41307 0.550655
4.41108 0.592209
7.77283 1.73928
7.73806 1.82462
7.6827 1.9483
7.64819 2.02021
4.71169 2.96585
4.71875 2.98335
7.17232 -1.50034
7.20844 -1.45884
4.61992 -0.823334
4.4092 1.18804
4.41068 1.23107
4.40568 1.059
4.40666 1.10408
6.1864 -2.33945
4.83345 3.21159
4.49747 -0.233948
4.49841 -0.239763
7.11994 -1.55957
7.16284 -1.51125
7.11664 -1.56326
4.95526 -1.96359
4.97596 -2.01616
8.00195 0.662418
5.96561 -2.46504
5.93797 -2.47843
8.00027 0.410768
7.99253 0.298958
7.97341 0.140623
7.9581 0.0468554
4.48755 2.06187
4.95259 3.37299
7.98986 0.844506
7.99291 0.809954
4.73431 -1.26602
4.69264 -1.11164
4.83897 -1.62383
4.82934 -1.59155
4.97872 -2.02391
5.00344 -2.08368
5.13463 -2.34136
5.06566 -2.21714
5.12017 3.52028
5.91712 -2.48755
5.84844 -2.51924
7.98409 0.223702
7.97795 0.170436
4.4145 1.29457
4.41516 1.33414
4.40429 0.959466
4.4041 0.91358
4.40613 0.786578
4.40415 0.832547
4.42306 1.45471
4.42092 1.42246
4.41995 0.433837
4.4225 0.396571
5.55376 3.65234
5.60657 3.65212
4.4859 2.05158
4.4591 0.02825
4.46305 -0.00256134
7.68313 -0.755219
7.68877 -0.744153
4.56744 2.4881
4.6074 2.64681
4.64596 2.7818
4.63724 2.75442
7.1554 2.75905
7.16833 2.74426
7.95763 1.07915
7.94293 1.1595
7.27174 2.61841
7.36091 2.49994
7.47448 -1.11036
7.40235 -1.21306
7.31741 -1.32652
7.26128 -1.39627
7.54112 2.21961
7.50801 2.2763
7.8376 1.5594
7.85388 1.50935
5.6502 -2.58201
5.60077 -2.59075
4.78508 -1.44602
4.86607 -1.71051
5.21172 3.572
5.16855 3.54964
5.3993 3.63509
6.08249 -2.40167
5.98838 -2.45303
5.73255 -2.56095
7.99075 0.281337
7.93877 -0.0484542
7.94587 -0.0148089
7.93359 -0.0723665
4.89789 -1.80382
4.91581 -1.8547
4.47001 1.9346
7.69372 -0.734254
7.78888 -0.524169
7.57164 -0.95627
7.37075 -1.2567
7.55193 -0.989123
8.0022 0.654622
8.00336 0.486081
4.7574 -1.35011
5.40536 3.63644
5.69098 -2.57303
4.65678 -0.975257
4.66082 -0.991529
4.43983 1.66204
4.44129 1.67908
4.41015 0.614003
4.40844 0.657403
4.65218 2.7996
4.68934 2.90655
4.4072 1.12338
4.40847 1.16757
4.49978 -0.24776
4.6854 -1.0847
5.50933 -2.59508
5.04296 -2.16911
5.13898 -2.34815
5.19576 -2.4258
4.40512 1.04058
4.43034 1.55077
4.43051 0.296835
4.41405 0.52701
4.49137 -0.195683
4.43576 0.239212
4.61741 2.68538
4.53941 2.35466
7.23158 2.6686
7.14827 2.76716
7.98463 0.890935
7.90696 1.32194
7.40271 2.43989
7.22314 -1.44135
7.618 2.07917
7.60075 2.1121
7.45992 2.35422
7.88826 1.39235
7.79215 1.68819
5.56013 -2.5943
7.90901 -0.168733
6.72186 3.16945
4.45459 1.81217
4.46475 1.89445
6.08799 -2.39855
4.65621 -0.97293
4.45358 1.8021
4.40568 0.741504
4.7097 2.96032
4.64825 2.78839
4.53139 2.3144
7.77759 1.72732
7.72816 1.84757
7.63665 2.04322
4.73807 3.02766
4.41136 1.25279
5.6589 3.64955
5.4036 3.63614
8.00155 0.432675
5.77353 3.63532
6.69738 3.18798
6.82408 3.08488
4.92458 -1.88032
7.81287 -0.463226
7.79188 -0.516918
6.61877 3.24718
4.45412 1.80736
7.90356 -0.188556
