6.35667 -0.743163
6.24975 -0.778187
6.24011 2.06318
6.21439 2.07197
7.08045 0.895689
7.07017 0.951333
5.47503 1.55554
5.446 1.47117
5.55969 1.74167
5.60629 1.81935
5.52956 -0.242478
5.55181 -0.293528
5.43498 0.0407283
5.46078 -0.0464582
6.1404 -0.790306
6.2401 -0.779969
6.39039 1.99927
6.43651 1.97268
5.84815 2.03728
5.80358 2.01399
6.0054 2.08667
6.03304 2.08735
6.84689 -0.296965
6.82371 -0.332555
6.61396 -0.57512
6.67889 -0.511734
6.5884 -0.59871
6.50362 -0.661428
5.35049 0.896405
5.3504 0.894201
5.37261 1.12653
5.37933 1.17148
7.08525 0.86351
7.09458 0.77627
5.41229 1.34642
5.42995 1.41765
5.67214 1.90101
5.61271 1.82933
6.7007 1.74147
6.6955 1.7475
6.82112 1.57936
6.80222 1.60704
6.91979 1.40312
6.91028 1.4232
5.76252 -0.620713
5.73794 -0.592927
5.94508 -0.750923
5.90858 -0.731472
6.90349 -0.199086
6.9357 -0.136021
7.01135 0.0479936
7.01994 0.0729337
5.58898 -0.372859
5.61989 -0.426251
5.40895 0.159196
5.42954 0.0626846
5.34995 0.633496
5.34952 0.644601
5.37053 0.385007
5.37261 0.369304
6.49546 1.9329
6.49336 1.93437
7.07843 0.309673
7.07596 0.295767
7.10267 0.58237
7.10181 0.545555
7.03457 1.10366
7.04405 1.06517
7.00637 1.19018
6.99119 1.23488
7.05518 1.02312
6.5684 1.87457
6.62424 1.82171
6.94953 1.33805
6.96268 1.30842
7.02025 1.15012
6.54421 1.8941
6.64559 1.80008
6.37548 2.00811
6.32819 2.03111
6.24618 -0.77922
6.39027 -0.726863
6.2079 2.07308
6.32137 2.03439
5.98371 2.08235
5.90353 2.06204
6.71235 -0.475974
6.75448 -0.425218
5.3592 1.01292
5.361 1.03063
5.4401 1.45328
5.50737 1.63745
5.60991 1.82522
5.5233 1.67424
6.69016 1.7533
6.85354 1.52756
6.8771 1.48731
5.85294 -0.698356
5.81412 -0.666736
6.96406 -0.0735938
6.98077 -0.0343974
5.50875 -0.192424
5.57138 -0.336265
5.4798 -0.108079
5.43151 0.0544612
5.35715 0.507493
5.35699 0.509469
7.09565 0.440948
7.09378 0.422101
6.47165 -0.683257
6.04432 -0.782285
6.44211 1.96869
6.38326 2.00383
6.10914 2.08853
5.74837 1.97318
5.70596 1.93751
6.80155 -0.363161
6.88541 -0.232596
6.59648 -0.591638
5.34762 0.776286
5.35142 0.910988
5.39033 1.23748
5.40606 1.31712
7.09801 0.735423
7.08406 0.872802
5.67317 -0.513508
5.67184 -0.511382
5.67405 -0.514806
5.51446 1.6549
6.76014 1.66557
6.88675 1.46921
6.93722 1.36604
6.03457 -0.780561
6.03872 -0.781738
7.04707 0.166173
5.49247 -0.145999
5.39623 0.222011
5.48774 -0.132401
5.38875 0.265267
5.34755 0.769267
5.35869 0.491962
5.34761 0.762259
6.49577 1.93271
7.05247 0.187104
7.10144 0.666535
7.0595 1.00452
6.97282 1.28426
