6.19217 -0.515458
6.29097 -0.501027
5.99286 -0.472563
5.97041 -0.458528
5.91371 1.76813
5.82865 1.70848
6.65543 -0.242824
6.68778 -0.200944
5.53328 1.02733
5.52952 0.996451
5.80681 -0.317593
5.80642 -0.317151
5.56291 0.246675
5.563 0.246299
5.52906 0.46848
5.53231 0.439136
6.93297 0.4545
6.93686 0.497001
6.41141 -0.452557
6.33122 -0.486135
6.02788 1.81276
5.98432 1.79717
5.74943 1.62117
5.79604 1.67354
6.53748 -0.365377
6.53258 -0.37007
5.51503 0.794809
5.51401 0.726834
5.6396 1.43218
5.64541 1.44565
6.88426 1.03645
6.89743 0.982908
6.6999 1.43783
6.71814 1.409
6.80641 1.24738
6.84967 1.14485
6.80221 -0.0135663
6.80457 -0.00906213
5.69953 -0.145896
5.68128 -0.107219
5.63491 0.00110148
5.6203 0.0441837
6.27959 1.79116
6.22554 1.80863
6.5091 1.65536
6.53614 1.63127
6.88453 0.205899
6.89435 0.242312
6.45704 1.69522
6.4194 1.72283
6.63341 1.52776
6.60467 1.56207
6.92265 0.856087
6.91402 0.910974
6.36921 1.75307
6.34568 1.76373
6.58491 1.58342
6.59136 1.57683
6.93816 0.735011
6.93731 0.747014
5.59382 1.30541
5.57576 1.24488
5.52262 0.536473
5.51976 0.569737
6.29889 -0.499412
6.0899 -0.508295
5.9006 -0.4119
6.08979 -0.508276
5.82047 1.70055
5.92699 1.77615
6.71782 -0.156862
6.61416 -0.289367
5.52112 0.912942
5.54994 1.13849
5.75063 -0.233466
5.80798 -0.318819
6.79374 1.27391
6.77272 1.31572
6.81345 0.0109622
6.84823 0.0939257
5.56276 0.247375
5.59034 0.144711
5.53765 0.397919
5.52546 0.50445
6.94194 0.593986
6.9215 0.371391
6.08983 -0.508288
6.42456 -0.44466
6.53026 -0.372048
5.87972 -0.391868
6.13105 1.82158
6.20298 1.81166
6.04574 1.81508
5.73357 1.60101
6.75214 -0.103562
5.55001 1.13889
5.51744 0.859175
5.51462 0.673176
5.55024 1.13997
5.71537 -0.177534
5.69499 1.53826
5.65159 1.45728
6.66771 1.48401
6.756 1.34593
6.85083 1.14183
6.85367 0.109248
5.65711 -0.052452
5.60943 0.0781178
5.54429 0.353646
5.51787 0.598816
6.293 1.78781
6.91331 0.325659
6.94213 0.619643
6.93909 0.715888
6.87765 1.05903
6.64406 1.51549
6.92763 0.824822
6.91217 0.920451
5.60709 1.34743
6.87973 1.05257
