4.71968 -1.16843
4.73819 -1.23633
5.41643 -2.55047
5.38878 -2.54136
5.01232 -2.06232
4.99181 -2.01267
5.05034 3.44257
5.11325 3.49202
4.65931 -0.940464
4.63914 -0.858057
4.57286 -0.567955
4.54742 -0.443865
6.17919 3.49196
6.27996 3.44331
4.58553 2.50828
4.60292 2.5802
4.64293 2.72658
4.64367 2.72885
7.29302 2.5745
7.32725 2.52867
7.41626 -1.17604
7.46758 -1.10329
7.2567 -1.38593
7.26685 -1.37335
6.60094 -2.02698
6.62987 -2.0048
6.95028 -1.7177
7.01693 -1.65258
4.82261 -1.52745
4.80758 -1.47671
7.82533 -0.403925
7.82435 -0.406604
4.83791 3.18731
4.81401 3.14583
4.9062 3.28845
4.91517 3.3004
4.98983 3.38679
5.01474 3.41098
5.2683 3.57519
5.30796 3.5904
5.81345 -2.51129
5.75514 -2.53265
4.88602 -1.72498
4.87916 -1.70589
6.79538 3.09434
6.77143 3.1149
6.53815 3.28909
6.58076 3.2597
5.70346 3.62919
5.71996 3.62731
4.59081 -0.651148
4.61796 -0.768491
4.52674 2.22192
4.51592 2.16233
4.48834 1.98532
4.4903 1.99836
7.72705 -0.641481
7.74293 -0.605701
7.60705 -0.875372
7.62476 -0.843795
5.95171 3.57821
5.95754 3.57615
6.34037 3.41098
6.40291 3.37575
7.07372 2.83286
7.08 2.82605
6.94138 2.96377
6.99434 2.91362
7.51695 -1.02612
7.46818 -1.10241
6.78277 -1.87376
6.8254 -1.83689
7.10602 -1.5593
7.08574 -1.58083
7.99424 0.573532
7.99416 0.536121
6.37015 -2.19967
6.4108 -2.1724
6.28405 -2.25974
6.2507 -2.27997
4.94093 -1.88357
4.96129 -1.93647
4.80372 3.12713
4.79763 3.11478
5.48654 3.62988
5.50186 3.63114
4.69918 2.89131
4.68308 2.84706
7.70459 1.87681
7.68395 1.92328
7.9854 0.781636
7.9877 0.752822
4.76942 -1.34916
4.76372 -1.32976
5.44577 -2.55709
5.32367 -2.50753
5.34152 -2.51671
5.31274 -2.50066
5.03383 -2.10732
5.05148 -2.14669
5.12578 -2.28557
5.12094 -2.27855
6.10621 -2.37081
6.08898 -2.38022
5.30346 -2.49225
5.25289 -2.45157
5.27778 -2.47135
5.19949 -2.39369
5.17941 -2.36498
4.41446 0.890046
4.41456 0.850068
4.41532 1.01654
4.41487 0.977067
4.42918 1.38856
4.42733 1.35836
4.43765 1.5088
4.43604 1.48666
4.51987 -0.298386
4.53826 -0.396836
4.43583 0.358824
4.438 0.331168
4.42649 0.49508
4.42847 0.461625
4.48951 -0.115939
4.48954 -0.116174
4.45465 0.156494
4.45827 0.123344
5.94244 3.58083
5.83619 3.60715
6.12828 3.51276
6.29155 3.43782
4.56535 2.42205
4.55667 2.3806
7.18991 2.703
7.19618 2.69565
7.96847 0.943416
7.95614 1.03002
7.92626 1.19458
7.90106 1.307
7.34614 -1.27181
7.30998 -1.31937
6.69383 -1.95077
6.53071 -2.08307
7.03006 -1.63888
6.92161 -1.74654
7.49492 2.27937
7.4852 2.29515
7.57372 2.14153
7.54481 2.19374
7.41074 2.40999
7.44561 2.35763
7.854 1.47672
7.87393 1.40923
7.7981 1.64426
7.81654 1.59236
5.58606 -2.56641
5.55288 -2.56921
5.67489 -2.55272
5.64385 -2.55976
7.91079 -0.123172
7.91351 -0.11259
7.86443 -0.288117
7.86656 -0.281157
7.86249 -0.29441
7.83602 -0.372722
7.82308 -0.409984
4.89555 3.27246
4.9485 3.3415
6.87066 3.02881
6.84671 3.05026
6.65632 3.20441
6.63577 3.21996
6.51336 3.30637
4.53649 2.27897
4.50261 2.08214
5.80426 3.61285
5.77802 3.61831
6.06591 3.53876
6.4145 3.36841
6.40839 3.3723
7.00975 2.89806
6.91369 2.99054
6.50396 -2.10239
6.86842 -1.79611
6.72807 -1.92261
7.11111 -1.55396
6.32532 -2.23108
4.76785 3.0566
6.03558 -2.40976
6.03859 -2.40832
4.68088 -1.02307
4.68418 -1.03556
4.45787 1.73901
4.45827 1.74329
4.44509 1.59955
4.44632 1.61497
4.41793 0.683557
4.41669 0.72242
4.42316 0.556502
4.42146 0.592041
4.72755 2.96513
4.71929 2.9456
7.73669 1.80265
7.72733 1.82562
7.6808 1.92997
7.63699 2.02127
7.15697 -1.5026
7.2 -1.45316
4.63279 -0.831235
4.41985 1.19422
4.42112 1.23106
4.41625 1.06513
4.41709 1.10406
6.18678 -2.32228
4.85044 3.20664
4.66651 -0.968391
4.66762 -0.972551
6.7202 3.15625
6.71336 3.16149
4.50589 -0.21874
4.50838 -0.234118
7.1544 -1.50557
7.13544 -1.52692
5.98122 -2.43837
5.93777 -2.45943
7.98953 0.395282
7.98345 0.307454
4.47394 1.87714
4.4731 1.87109
7.96062 0.122172
7.94962 0.0547965
4.4993 2.06199
4.97212 3.3673
7.98065 0.841049
7.98119 0.834859
4.74429 -1.25898
4.70594 -1.11715
4.84995 -1.61608
4.84451 -1.59783
4.98794 -2.004
5.02062 -2.0799
5.11377 -2.26638
5.08461 -2.21297
5.14532 3.51296
5.36676 3.60625
5.40451 3.61697
5.905 -2.47375
5.86399 -2.49268
7.97398 0.219906
7.96921 0.178617
4.42467 1.29456
4.42523 1.32828
4.41464 0.953441
4.41447 0.913568
4.4162 0.786566
4.41448 0.826532
4.43318 1.44882
4.43143 1.42251
4.43076 0.427197
4.43287 0.396402
5.56326 3.635
5.60369 3.63483
4.49656 2.04493
4.47029 0.021378
4.47266 0.00287935
7.67046 -0.757747
7.68167 -0.735779
4.57877 2.48104
4.62339 2.65676
4.65812 2.77422
4.63995 2.71684
7.15153 2.74735
7.178 2.71708
7.94945 1.07106
7.932 1.16637
7.25913 2.6178
7.35697 2.488
7.46798 -1.1027
7.3884 -1.21511
7.30243 -1.32872
7.25467 -1.38848
7.53484 2.21115
7.49709 2.27577
7.82728 1.56037
7.84632 1.50187
7.99283 0.642207
7.99209 0.668616
5.63165 -2.5609
5.59852 -2.56618
4.79578 -1.43848
4.86527 -1.66509
5.21092 3.55002
5.17999 3.534
5.44049 3.6231
6.01937 -2.41834
5.98819 -2.43469
5.71638 -2.54254
7.97914 0.264582
7.92813 -0.0524468
7.93178 -0.0351298
7.92546 -0.0647544
4.91066 -1.79726
4.93623 -1.86984
4.48148 1.93472
7.69148 -0.716127
7.77714 -0.526512
7.56479 -0.948207
7.36403 -1.24877
7.53912 -0.991006
7.99361 0.482426
4.77147 -1.35594
5.68892 -2.55055
4.45107 1.66903
4.45194 1.67913
4.42026 0.619868
4.4188 0.657235
4.67109 2.81137
4.70435 2.90612
4.41781 1.12953
4.4189 1.16756
4.51201 -0.255263
4.69534 -1.07769
5.47741 -2.56492
5.50684 -2.56792
5.07518 -2.19301
5.1626 -2.34296
5.2228 -2.41985
4.4155 1.04057
4.44093 1.55082
4.44143 0.29013
4.42439 0.526842
4.48975 -0.117557
4.44556 0.24476
4.62895 2.67819
4.55321 2.36325
7.22776 2.65701
7.13696 2.76395
7.97429 0.897431
7.89927 1.31434
7.39086 2.43932
7.20807 -1.44356
7.61154 2.07047
7.59 2.11158
7.45342 2.34549
7.8783 1.39329
7.78471 1.68084
5.53723 -2.56822
7.89843 -0.170844
6.76782 3.11783
4.46294 1.78907
4.46478 1.80593
6.0773 -2.38637
4.41582 0.747378
4.73147 2.97386
4.6629 2.78797
4.54341 2.31406
7.72616 1.82834
7.76693 1.72833
7.63482 2.02559
4.7544 3.02647
4.42199 1.25896
5.64377 3.63287
4.96465 -1.94508
7.99223 0.441403
4.46522 1.80933
4.46498 1.80745
5.73897 3.62433
7.99173 0.676866
5.23608 -2.43423
6.68993 3.17922
6.82243 3.07169
4.93874 -1.8772
5.37041 -2.53292
7.76988 1.72073
7.78411 -0.509646
6.61712 3.23401
7.89561 -0.181111
