4.69689 -1.61619
4.70512 -1.64594
7.99051 -0.262963
7.95494 -0.379194
4.88352 3.58918
4.92711 3.63167
8.08554 0.19797
8.08715 0.210376
4.30652 1.35819
4.30332 1.31717
4.29429 0.959985
4.29436 0.977209
4.29566 0.850207
4.29483 0.804243
4.31083 1.45744
4.31259 1.4861
5.84218 3.79184
5.75094 3.81342
4.30918 0.436612
4.30742 0.463595
5.53604 3.84016
5.52853 3.84023
4.3683 2.06065
4.37515 2.12061
4.35485 -0.0332331
4.34347 0.0583502
4.58261 3.0659
4.59511 3.10178
7.11704 2.96415
7.14378 2.93609
7.40303 2.62543
7.40355 2.62474
6.9366 -1.90429
6.85979 -1.97753
7.23391 -1.59435
7.20725 -1.62426
5.48088 -2.89858
5.48035 -2.89878
4.83651 -2.11874
4.82684 -2.08737
4.87147 -2.23012
4.89259 -2.29492
5.32374 -2.91402
5.3057 -2.91276
5.07826 -2.74267
5.11284 -2.78958
5.14056 -2.82105
5.16889 -2.84979
4.7859 -1.94674
4.78634 -1.94865
5.55182 -2.87705
5.6364 -2.84386
7.9545 -0.380638
7.95447 -0.380724
8.09829 0.330331
8.09743 0.319499
8.06619 0.0631353
8.0615 0.0362619
8.03924 -0.0745519
8.04773 -0.0370553
6.66854 3.36302
6.68792 3.34879
6.87848 3.19215
6.89244 3.18023
5.97529 3.74916
5.87743 3.78126
4.3764 2.12856
4.3931 2.23889
7.75358 -0.846139
7.70405 -0.937225
7.86381 -0.614196
7.81657 -0.719668
6.2008 3.6547
6.20226 3.65397
6.44385 3.51823
6.4682 3.50317
7.07436 3.0083
7.20552 2.86851
7.19537 2.88018
7.59488 -1.11794
7.61919 -1.08021
6.76779 -2.0601
6.80973 -2.02265
7.10378 -1.73676
7.05082 -1.79119
4.81758 3.51534
4.8076 3.50166
8.09593 0.793424
8.10295 0.707749
6.368 -2.38498
6.34335 -2.40392
6.66097 -2.15188
6.60797 -2.19524
5.01352 3.6984
4.99445 3.6859
4.85951 3.565
4.82778 3.52792
8.10559 0.477443
8.10223 0.395595
4.32462 1.65626
4.32129 1.6144
4.30007 0.615239
4.30087 0.594003
4.55214 2.97746
4.53854 2.9338
7.33452 -1.4765
7.29869 -1.5196
5.98782 -2.65121
5.9577 -2.66965
4.50257 -0.824804
4.51603 -0.884275
4.29673 1.12285
4.29622 1.10421
7.14502 -1.69266
7.16049 -1.67588
6.21174 -2.49931
6.25879 -2.46636
4.60416 -1.24997
4.5846 -1.17274
5.6671 3.82728
5.7235 3.8181
5.86388 3.78591
4.41495 -0.40294
4.39769 -0.310564
4.45578 -0.611672
4.45226 -0.59498
4.40651 2.31521
4.4119 2.35663
4.38457 -0.233406
4.37591 -0.180506
7.76685 2.00905
7.73449 2.07648
7.85208 1.81389
7.825 1.87939
4.47583 2.68987
4.46947 2.66338
4.42076 2.40576
4.42957 2.45983
5.14967 3.77214
5.10226 3.75085
5.23291 3.80267
5.20349 3.79253
8.0192 1.2865
8.03293 1.22411
8.06651 1.04038
8.0789 0.952863
7.46564 2.53703
7.46677 2.53538
7.33788 2.71044
7.33515 2.71386
7.42546 -1.36112
7.38758 -1.41081
6.85408 -1.98257
6.95579 -1.88635
7.64795 2.24141
7.67093 2.1998
7.56854 2.37845
7.57738 2.36396
4.76338 3.44022
4.72929 3.38783
4.69272 3.32274
4.70289 3.34088
4.63966 3.21062
4.65566 3.24833
4.78689 -1.95095
4.82655 -2.08623
4.86834 -2.22126
7.91976 1.63281
7.90383 1.67869
7.97296 1.46552
7.96362 1.49793
5.38182 -2.9132
5.40675 -2.91353
5.23122 -2.88833
5.71956 -2.80426
5.68486 -2.82107
5.6643 -2.8318
5.55153 -2.87713
6.48289 -2.29619
6.49537 -2.28643
8.0208 -0.154002
7.95452 -0.380567
6.63635 3.38744
6.58818 3.42149
6.81245 3.24871
6.82733 3.23644
6.04549 3.7218
6.00398 3.73796
5.63661 3.8326
4.34513 1.8804
4.3512 1.93339
4.39754 2.26648
6.08687 3.70606
6.19137 3.65917
6.19965 3.65529
6.25562 3.62654
6.27247 3.61746
6.42247 3.53183
6.34 3.58009
6.4777 3.49713
6.52852 3.46351
7.24108 2.82812
6.67812 -2.13696
6.76279 -2.06465
7.01616 -1.82543
4.77142 3.45323
8.10307 0.705232
8.09366 0.822403
6.66994 -2.14405
8.09921 0.34125
8.10661 0.524815
4.56718 -1.10332
4.56772 -1.10556
4.5411 -0.992081
4.55224 -1.03994
4.53214 2.91139
4.51584 2.85264
4.48279 -0.739174
4.49413 -0.787626
4.52288 -0.913795
6.13379 -2.55444
6.12896 -2.55763
6.0256 -2.62724
6.03645 -2.61996
4.62694 -1.3418
4.61451 -1.29095
4.67142 -1.5222
4.64393 -1.40896
5.05223 -2.69628
5.0698 -2.72694
4.97652 -2.53336
4.98606 -2.55643
8.07626 0.1307
8.06986 0.0843937
4.76206 -1.85981
4.75905 -1.84974
4.52808 -0.936444
4.53761 -0.976869
4.29773 0.723205
4.29541 0.768836
4.47746 -0.715319
4.35928 2.00104
4.35884 1.99701
4.34308 1.85828
4.33787 1.80616
4.93709 -2.43095
4.94599 -2.4541
4.32502 0.236116
4.31921 0.30184
8.08855 0.866417
7.46834 -1.30368
7.49426 -1.26795
5.55107 -2.87724
4.77798 -1.91833
4.76316 -1.86368
5.80787 -2.75765
5.78795 -2.76916
8.10345 0.694935
5.40992 -2.91352
5.22398 -2.8856
5.01169 -2.6158
5.00103 -2.59462
8.02329 -0.144324
7.89165 -0.545528
7.87184 -0.595307
7.01221 3.06897
7.03763 3.04481
8.10623 0.596876
4.3331 1.75843
4.33177 1.74256
4.30112 1.2312
4.30135 1.27338
6.73932 3.30879
6.7591 3.29267
6.94314 3.13458
6.96448 3.11453
6.14024 -2.55014
4.72093 -1.70714
4.6726 -1.52665
8.09222 0.264262
8.08375 0.184059
4.30295 1.2947
4.3076 1.39674
4.29475 1.02322
4.29445 0.913709
4.29558 0.786707
4.29449 0.896369
4.31452 1.51788
4.30902 1.42195
4.43487 -0.507583
4.42399 -0.452165
4.30515 0.504346
4.31166 0.398375
5.45138 3.83934
5.56886 3.83805
4.95887 -2.48741
4.96652 -2.51005
4.33862 0.102247
4.35865 -0.0616635
7.81188 -0.729531
7.7619 -0.830319
7.8112 1.91131
7.7808 1.97936
4.44561 2.54614
4.44844 2.56228
4.61239 3.14599
4.57281 3.03968
5.2505 3.80715
5.30276 3.82033
8.04474 1.16531
8.05905 1.08652
7.18125 -1.65362
7.25343 -1.57224
4.6649 3.26629
4.69078 3.31947
5.47477 -2.89999
5.52209 -2.88607
5.4146 -2.91291
5.03826 -2.67258
5.02325 -2.63957
5.12 -2.8003
5.07465 -2.73574
5.21075 -2.87643
5.82364 -2.74857
5.87273 -2.72055
4.67231 -1.52562
4.73694 -1.76495
5.91568 -2.69628
8.05391 -0.00526177
8.02679 -0.129505
7.68868 -0.964061
7.8678 -0.60496
7.6433 -1.04071
7.54738 -1.19174
7.54568 -1.19425
7.5423 -1.19922
6.40682 -2.35592
6.30251 -2.4339
6.08512 -2.58736
6.04435 -2.61447
4.96531 3.66341
5.0445 3.71927
5.42253 3.8372
4.55407 -1.04775
4.56711 -1.10301
4.31941 1.58727
4.3263 1.67855
4.30273 0.551733
4.2987 0.659189
4.55573 2.98762
4.5331 2.91511
7.28523 -1.53528
7.34299 -1.46632
4.29531 1.05852
4.29815 1.1677
4.58097 -1.15841
4.29494 1.04071
4.3167 1.55024
4.39547 -0.29804
4.46467 -0.655792
4.31389 0.368461
4.30377 0.528805
4.37439 -0.170744
4.33047 0.179604
7.71916 2.10711
7.86705 1.77655
7.88979 1.71677
7.68627 2.17104
4.49272 2.7631
4.45654 2.60301
4.50026 2.79259
5.06727 3.73177
5.16609 3.77949
5.36972 3.83169
7.27224 2.79183
7.26516 2.80033
8.0001 1.36593
8.08414 0.911365
7.99016 1.40423
7.38351 2.651
7.40255 2.62612
7.49893 2.48726
7.52655 2.44585
7.38175 -1.41803
7.44157 -1.34014
7.52723 2.4448
7.52996 2.44051
7.62524 2.28193
7.6088 2.31068
4.72547 3.38069
4.62326 3.17496
4.86978 -2.22529
4.9111 -2.35312
4.91546 -2.36456
7.9346 1.58918
7.94774 1.54904
6.70415 3.33619
6.91534 3.15969
6.3115 3.597
6.53272 3.4608
6.2799 -2.4509
6.43231 -2.33583
6.55747 -2.23684
6.53384 -2.25629
4.94684 3.6492
4.33035 1.72557
4.2981 0.67914
4.51201 2.83731
4.2988 1.18754
4.99342 -2.57483
5.62442 3.83417
5.74689 -2.78972
7.91037 -0.499932
6.32469 3.58921
4.61905 3.16377
5.37552 3.83265
4.93475 -2.42506
5.9392 -2.68169
6.84159 3.22456
4.35833 1.99254
6.5974 -2.20436
6.47032 -2.30654
6.97863 3.10103
6.77511 3.27947
7.915 -0.487879
6.55852 3.44251
