4.71244 -1.17354
4.72846 -1.2323
5.41848 -2.57288
5.37593 -2.55885
5.00548 -2.0771
4.98997 -2.03956
5.09721 -2.26437
5.10598 -2.28184
5.03437 3.44722
5.11388 3.50973
5.24151 -2.46706
5.2297 -2.453
4.63228 -0.862905
4.65898 -0.972003
4.57094 -0.596611
4.54043 -0.44782
6.2899 3.44955
6.18049 3.50237
4.57426 2.50127
4.59459 2.58539
7.29585 2.58307
7.33616 2.5291
7.4212 -1.18186
7.46291 -1.12274
7.26728 -1.38437
7.30623 -1.33612
6.61226 -2.02923
6.63212 -2.014
6.95936 -1.7195
7.01903 -1.66119
5.60141 -2.58389
5.64542 -2.57696
4.81472 -1.53302
4.7967 -1.47221
7.83249 -0.404981
7.83099 -0.409223
4.83011 3.19798
4.81494 3.17165
4.89344 3.29217
4.91595 3.32217
4.98181 3.39777
5.01544 3.43042
5.24671 3.58148
5.3085 3.60517
6.03154 -2.42539
6.03873 -2.42135
5.82353 -2.52276
5.74384 -2.55196
4.87214 -1.71635
4.87006 -1.71056
6.80065 3.10054
6.77736 3.12054
6.54879 3.29211
6.5863 3.26623
5.68521 3.64315
5.7219 3.63897
4.58359 -0.655237
4.60272 -0.737929
4.51704 2.21589
4.50819 2.16715
4.48065 1.99012
4.48187 1.99827
7.73581 -0.639734
7.74467 -0.619769
7.61655 -0.873478
7.62984 -0.849777
5.95304 3.58886
5.97408 3.58141
6.40412 3.3854
6.2936 3.44765
7.07643 2.84106
7.10947 2.80525
6.95009 2.96624
6.99703 2.92179
7.52181 -1.03184
7.47758 -1.10102
6.79288 -1.87577
6.82757 -1.84576
8.00119 0.576142
8.00108 0.521408
6.38337 -2.20229
6.41055 -2.18406
6.28378 -2.27177
6.25907 -2.28676
4.76182 -1.35452
4.76431 -1.3636
4.93455 -1.89735
4.95383 -1.94745
4.79457 3.13462
4.7825 3.11018
5.47971 3.64237
5.50298 3.64428
4.68508 2.88254
4.67228 2.84737
7.70939 1.88328
7.69197 1.92252
7.99287 0.77694
7.99459 0.755407
5.46364 -2.58307
5.32602 -2.53312
5.36749 -2.55445
5.30062 -2.51716
5.01228 -2.09132
5.03839 -2.14956
6.09504 -2.38989
6.08911 -2.39313
5.27905 -2.49762
5.18885 -2.40819
5.15105 -2.35416
4.4069 0.894444
4.40702 0.850076
4.40779 1.02093
4.40728 0.977076
4.42181 1.39285
4.41969 1.35833
4.43027 1.51309
4.42834 1.48663
4.5074 -0.273383
4.52945 -0.39143
4.42791 0.363693
4.43044 0.331291
4.41865 0.499896
4.42091 0.461748
4.48122 -0.11085
4.4826 -0.120103
4.44659 0.161448
4.45118 0.119331
5.91958 3.5983
5.83762 3.6186
6.14334 3.51755
6.29283 3.44808
4.56308 2.45353
4.54884 2.38548
4.63431 2.73195
4.63355 2.72914
7.19264 2.71125
7.20405 2.69788
7.97463 0.949508
7.96385 1.02517
7.93204 1.2003
7.90928 1.30183
7.35673 -1.27025
7.31494 -1.32521
6.70448 -1.95288
6.53302 -2.09252
7.03877 -1.6406
6.92375 -1.75531
7.49944 2.28546
7.47435 2.32619
7.57836 2.14778
7.5527 2.19412
7.4154 2.41627
7.45417 2.35804
7.86139 1.47602
7.87949 1.41473
7.80574 1.64354
7.822 1.59777
5.68776 -2.56737
5.64986 -2.57597
5.5545 -2.58817
5.55461 -2.58816
7.91667 -0.128679
7.92121 -0.111055
7.87213 -0.286582
7.87656 -0.272125
7.86809 -0.299653
4.86669 3.25202
4.9405 3.35245
6.87977 3.03139
6.85189 3.05635
6.77263 3.12447
6.72332 3.16431
6.66644 3.20728
6.64122 3.22637
6.51457 3.31597
4.52864 2.28386
4.49309 2.07623
5.813 3.623
5.77948 3.62997
6.06723 3.54927
6.42545 3.37189
6.4142 3.37905
7.01817 2.90045
6.91641 2.9988
6.51603 -2.10479
6.87795 -1.798
6.73028 -1.93166
7.1133 -1.5629
7.99927 0.666292
7.99886 0.675104
6.33152 -2.23863
4.75886 3.06397
4.67364 -1.02818
4.67567 -1.03585
4.44961 1.73388
4.45049 1.74325
4.43694 1.59449
4.43857 1.61494
4.41053 0.679268
4.40916 0.722543
4.41581 0.552242
4.4139 0.592164
7.77226 1.73381
7.73515 1.82489
7.68219 1.94333
7.64515 2.0205
4.71576 2.96555
4.71817 2.97152
7.16816 -1.50096
7.20615 -1.4573
4.62341 -0.825478
4.41209 1.18972
4.41352 1.23107
4.40855 1.06067
4.40949 1.10407
6.18651 -2.33479
4.83806 3.21025
4.49975 -0.22982
4.50112 -0.238231
7.11572 -1.56019
7.16055 -1.50971
7.11436 -1.56172
4.95771 -1.95831
4.98012 -2.01524
7.99935 0.664053
5.96985 -2.4578
5.93792 -2.47327
7.99736 0.406564
7.99006 0.301264
4.46485 1.87149
4.46478 1.87101
7.96994 0.135615
7.9558 0.0490109
4.49074 2.0619
4.95789 3.37144
7.98736 0.843568
7.98973 0.816714
4.73702 -1.26411
4.69625 -1.11314
4.84195 -1.62173
4.83346 -1.59325
4.98126 -2.01843
5.0081 -2.08266
5.12903 -2.32124
5.07081 -2.21601
5.127 3.51829
5.40009 3.62986
5.40502 3.63126
5.91383 -2.4838
5.85266 -2.51203
7.98135 0.222672
7.97558 0.172657
4.41726 1.29456
4.41789 1.33255
4.4071 0.95783
4.40691 0.913577
4.40886 0.786574
4.40695 0.830915
4.42581 1.45311
4.42377 1.42248
4.42289 0.432035
4.42531 0.396525
5.55634 3.64763
5.60579 3.64742
4.48879 2.04978
4.46214 0.0263848
4.46566 -0.00108458
7.67969 -0.755905
7.68685 -0.741881
4.57051 2.48619
4.61174 2.64951
4.64926 2.77974
4.63797 2.74429
7.15435 2.75587
7.17095 2.73688
7.95541 1.07695
7.93996 1.16137
7.26832 2.61824
7.35984 2.4967
7.47272 -1.10828
7.39856 -1.21361
7.31342 -1.3271
7.25948 -1.39415
7.53942 2.21732
7.50504 2.27615
7.8348 1.55966
7.85183 1.50732
5.64569 -2.57689
5.60017 -2.58417
4.78798 -1.44398
4.86585 -1.69818
5.2115 3.56603
5.17165 3.5454
5.40972 3.63206
6.06614 -2.40599
5.98833 -2.44805
5.72816 -2.55596
7.9876 0.276789
7.93588 -0.0495379
7.94205 -0.0203246
7.93139 -0.0703004
4.90135 -1.80204
4.92135 -1.85881
4.47312 1.93464
7.69311 -0.729334
7.7857 -0.524805
7.56978 -0.954082
7.36893 -1.25454
7.54845 -0.989634
7.99946 0.660428
8.00071 0.485089
4.76104 -1.35162
5.69042 -2.56696
4.65933 -0.973454
4.66042 -0.977809
4.44288 1.66394
4.44418 1.67909
4.41289 0.615595
4.41125 0.657358
4.65731 2.80279
4.69342 2.90643
4.41008 1.12505
4.4113 1.16757
4.5031 -0.249796
4.6881 -1.0828
5.46401 -2.58316
5.50866 -2.58771
5.05171 -2.1756
5.14539 -2.34674
5.2031 -2.42418
4.40793 1.04058
4.43321 1.55078
4.43347 0.295015
4.41686 0.526965
4.49093 -0.174478
4.43842 0.240718
4.62054 2.68343
4.54316 2.35699
7.23054 2.66546
7.1452 2.76629
7.98182 0.892698
7.90487 1.31988
7.39949 2.43974
7.21905 -1.44195
7.61624 2.07681
7.59784 2.11195
7.45815 2.35185
7.88556 1.39261
7.79013 1.68619
5.55472 -2.58814
7.90614 -0.169306
6.72141 3.16588
4.46384 1.86359
4.45732 1.81046
6.08509 -2.39524
4.65918 -0.972831
4.45668 1.80402
4.40843 0.743098
4.71508 2.96367
4.65223 2.78827
4.53465 2.3143
7.77474 1.72759
7.72761 1.84235
7.63615 2.03844
4.7425 3.02734
4.41424 1.25447
5.65479 3.64502
7.99902 0.435044
5.76415 3.63233
6.69536 3.1856
5.55334 -2.58816
6.82363 3.0813
4.92842 -1.87947
5.37265 -2.55734
7.81832 -0.441927
7.78977 -0.514944
6.61832 3.24361
4.45702 1.80739
7.9014 -0.186535
