6.18114 -2.53847
6.14075 -2.56719
4.68561 -1.62416
4.68989 -1.63964
7.96875 -0.367811
8.0015 -0.26077
4.86189 3.59548
4.92813 3.66005
4.74284 -1.84073
4.74739 -1.85785
4.29573 1.35821
4.29203 1.31062
4.28343 0.966308
4.28347 0.977221
4.28496 0.85022
4.28402 0.797975
4.30019 1.46364
4.30156 1.48604
5.80973 3.81667
5.75368 3.82993
4.29785 0.44357
4.29654 0.463772
4.35649 2.06053
4.36335 2.12045
4.34302 -0.0259661
4.33326 0.05257
7.82394 -0.728351
7.81099 -0.754592
4.56145 3.05274
4.57894 3.10296
5.22298 3.82082
5.23802 3.82469
4.89877 -2.37514
4.9202 -2.44228
7.12079 2.97551
7.15525 2.93935
7.41089 2.63162
7.41559 2.62532
6.95019 -1.90699
6.89866 -1.95612
7.25008 -1.59197
7.21603 -1.63017
4.67041 3.31595
4.64286 3.26029
5.52619 -2.91193
5.48797 -2.9269
4.81609 -2.10484
4.84773 -2.20749
8.11351 0.689126
8.11316 0.701334
5.33763 -2.95226
5.27465 -2.94785
5.01133 -2.67602
4.98839 -2.6255
5.06296 -2.77646
5.08114 -2.80112
5.16799 -2.89657
5.1525 -2.88597
4.77066 -1.94213
4.77332 -1.95364
5.64602 -2.86547
5.64273 -2.86721
5.76621 -2.80308
5.76614 -2.80312
8.07741 0.0673411
8.0755 0.0564678
8.05075 -0.0702344
8.05642 -0.0451899
6.67628 3.37213
6.68962 3.36235
6.8859 3.20088
6.89415 3.19384
5.97777 3.7641
5.90182 3.78902
4.37078 2.17163
4.38201 2.2458
7.76676 -0.843509
7.71122 -0.945666
6.2097 3.66504
6.22037 3.65973
6.45215 3.52786
6.47943 3.51099
7.06578 3.03242
7.21665 2.87166
7.19918 2.89174
7.60172 -1.126
7.63248 -1.07825
6.78122 -2.06276
6.86281 -1.9899
7.09165 -1.76471
7.05384 -1.80356
4.80299 3.52728
4.77765 3.49254
8.10573 0.7971
8.11081 0.735103
6.38496 -2.38835
6.34299 -2.42059
6.66064 -2.1671
6.61533 -2.20418
4.98747 3.70598
4.98226 3.70257
4.84768 3.58117
4.82891 3.55923
8.11533 0.468323
8.1125 0.39945
4.31295 1.64901
4.3102 1.61435
4.28944 0.609074
4.29 0.59418
7.35022 -1.4742
7.30752 -1.52555
5.98739 -2.67093
5.97137 -2.68074
4.49266 -0.831798
4.50269 -0.876084
4.28565 1.11642
4.28532 1.10422
7.14792 -1.70454
7.16903 -1.68164
6.22317 -2.50858
6.24165 -2.49564
4.5938 -1.25727
4.57096 -1.1671
4.66164 -1.53315
4.65352 -1.4994
5.70219 3.83843
5.73683 3.8328
5.86642 3.80116
4.40479 -0.408691
4.38578 -0.306922
4.44591 -0.617259
4.43958 -0.587198
4.39447 2.31509
4.40079 2.36356
4.38505 -0.302806
4.36596 -0.18614
7.77853 2.00795
7.74126 2.0856
7.8633 1.81283
7.83193 1.88872
4.45951 2.67971
4.4574 2.67091
4.40684 2.39709
4.4182 2.46691
5.11922 3.78101
5.09235 3.76895
5.33775 3.84612
5.36559 3.85079
8.02743 1.29463
8.04455 1.21681
8.07525 1.04902
8.08983 0.945991
7.34179 2.72229
7.34785 2.71447
7.4696 2.54903
7.4786 2.53595
7.44037 -1.35893
7.40712 -1.40254
6.86767 -1.98526
6.95886 -1.89889
7.65455 2.25029
7.68214 2.20034
7.575 2.38713
7.58879 2.36451
4.73676 3.43211
4.71536 3.39923
4.61905 3.20435
4.64234 3.25923
4.77666 -1.96758
4.81105 -2.08489
4.87772 -2.3067
4.874 -2.29331
7.93057 1.63179
7.9116 1.68639
7.98344 1.46454
7.97156 1.50578
5.38032 -2.95166
5.24989 -2.93973
5.72516 -2.82492
5.70474 -2.83481
5.64101 -2.86806
5.57573 -2.89408
5.55832 -2.90218
6.49062 -2.30559
6.51112 -2.28956
8.02904 -0.161717
7.96233 -0.387875
7.93003 -0.476628
6.63806 3.40113
6.60322 3.42576
6.82607 3.25257
6.83488 3.24532
6.06797 3.72895
6.01464 3.74971
5.6394 3.84939
4.33445 1.88705
4.33974 1.93327
4.38398 2.25806
4.36427 2.1274
6.08875 3.72105
6.14122 3.6975
6.20141 3.66931
6.2574 3.64069
6.2901 3.62306
6.4242 3.54564
6.35642 3.58531
7.27625 2.80396
6.69211 -2.13973
6.76577 -2.07682
7.02911 -1.828
4.75706 3.46498
8.11271 0.708847
8.10427 0.815735
6.67709 -2.15275
8.10899 0.336169
8.11663 0.528573
4.55732 -1.11028
4.56934 -1.16064
4.53122 -0.999055
4.54083 -1.04032
4.5148 2.9006
4.50178 2.85366
4.53691 2.97856
4.54148 2.99353
7.39501 -1.41823
7.37042 -1.4491
4.46936 -0.730932
4.48272 -0.788005
4.51152 -0.914173
6.00749 -2.65818
6.03604 -2.63904
4.6165 -1.34917
4.60088 -1.28531
4.63019 -1.40327
7.96549 -0.378444
5.02511 -2.70616
5.02556 -2.70694
4.95531 -2.54109
4.95604 -2.54286
8.08701 0.134734
8.07889 0.0759425
4.51824 -0.943395
4.52621 -0.977247
4.28704 0.723217
4.28439 0.77525
4.46717 -0.721143
5.52587 3.85873
5.54056 3.85778
4.34851 2.00775
4.34733 1.99689
4.3311 1.85083
4.32662 1.80605
4.3135 0.243188
4.30884 0.295968
4.89715 -2.36864
4.89551 -2.36283
8.09827 0.867426
7.46205 -1.32988
7.50112 -1.27603
5.76626 -2.80305
5.8247 -2.76929
5.20682 -2.9235
8.03462 -0.140076
7.89903 -0.554218
7.87614 -0.611736
6.53443 3.47445
6.54366 3.46797
7.0247 3.07251
7.0415 3.05654
8.1163 0.590545
4.32252 1.76503
4.32062 1.74244
8.09641 0.201707
8.09645 0.202061
4.7491 -1.86478
4.29037 1.23121
4.29063 1.27962
6.74102 3.32237
6.77272 3.29654
7.27644 2.80372
7.27667 2.80345
6.94485 3.14826
6.97697 3.11808
6.12253 -2.58039
4.70943 -1.71526
4.67235 -1.57532
8.10267 0.268183
8.09648 0.202433
4.29176 1.29471
4.29699 1.40291
4.28391 1.02953
4.28361 0.913721
4.2845 0.78672
4.28363 0.902689
4.30387 1.52408
4.29806 1.4219
4.42487 -0.513247
4.41135 -0.444407
4.29389 0.511263
4.30077 0.398552
5.44124 3.85786
5.50607 3.85861
4.93769 -2.4894
4.95454 -2.53931
4.32698 0.109395
4.34856 -0.0673789
7.82457 -0.726999
7.76918 -0.8389
7.82262 1.91023
7.78764 1.98856
4.43127 2.53722
4.43693 2.56945
4.59041 3.13231
4.557 3.04083
5.2141 3.81775
5.29281 3.8385
8.05322 1.17369
8.07033 1.07943
7.19736 -1.65125
7.26225 -1.57818
4.64245 3.25945
4.67723 3.33056
5.45712 -2.9336
5.41593 -2.94539
4.98766 -2.62348
5.02476 -2.70556
5.10407 -2.83548
5.04698 -2.74582
5.13811 -2.86982
5.87109 -2.74257
5.88506 -2.7346
4.72141 -1.75852
5.89729 -2.72769
8.10872 0.332341
8.06498 -0.00110671
8.04243 -0.106938
7.70223 -0.961358
7.87526 -0.613748
7.65034 -1.049
7.56066 -1.18979
7.55235 -1.20211
7.53575 -1.22648
6.40647 -2.37224
6.3201 -2.43739
6.08471 -2.60603
6.05682 -2.62458
4.94077 3.67056
5.03219 3.73611
5.42418 3.85659
4.54419 -1.05472
4.55568 -1.10339
4.30782 1.58007
4.31518 1.6785
4.29213 0.545592
4.28787 0.659365
4.53604 2.97537
4.5188 2.91615
7.30118 -1.53293
7.35182 -1.47227
4.28427 1.05212
4.28727 1.16772
4.57062 -1.16572
4.28404 1.04072
4.30563 1.55019
4.38523 -0.303838
4.46192 -0.696717
4.30249 0.375463
4.29289 0.528982
4.3624 -0.163385
4.3202 0.173789
7.73106 2.10599
7.87407 1.78599
7.90078 1.71574
7.69297 2.18004
4.4805 2.77072
4.4531 2.65084
4.48619 2.79299
5.03918 3.73995
5.15619 3.79756
5.39326 3.8536
8.01209 1.35839
8.09309 0.920214
7.99815 1.41213
7.5316 2.45663
7.53815 2.44641
7.40643 2.63789
7.39689 -1.41581
7.44851 -1.34832
7.63651 2.28248
7.61535 2.31949
4.70153 3.3734
4.61039 3.1855
4.8568 -2.24002
4.85235 -2.22378
7.94243 1.59692
7.95843 1.54803
6.71817 3.34017
6.92816 3.16333
6.31324 3.61093
6.48373 3.50811
6.27953 -2.46789
6.44859 -2.33906
6.57259 -2.23984
6.5335 -2.27202
4.93466 3.66585
4.3186 1.71828
4.28746 0.672971
4.49507 2.82676
4.28771 1.18111
4.97195 -2.58265
5.61432 3.85263
7.92229 -0.497555
4.92292 -2.45119
6.33322 3.59913
4.60265 3.16496
5.93876 -2.70196
6.84331 3.23829
4.34596 1.98486
6.59706 -2.21994
6.46998 -2.32258
6.98589 3.10957
6.78266 3.28835
7.92309 -0.495452
6.56643 3.45183
