7.64158 0.0541374
7.64208 0.0562333
7.50276 -0.390562
7.46524 -0.478249
4.75053 1.32669
4.7532 1.35986
5.82934 -1.88275
5.83156 -1.88286
4.96609 -0.754329
4.975 -0.783003
4.84626 -0.274681
4.83171 -0.200544
6.98828 2.43831
6.98806 2.43856
4.75966 0.29626
4.76321 0.260725
4.73215 0.782437
4.73152 0.800296
6.22219 -1.78855
6.22575 -1.78722
7.20903 -0.924712
7.20423 -0.931808
6.62166 -1.5423
6.59076 -1.5651
7.69228 0.460259
7.69485 0.529004
7.67986 0.864865
7.68455 0.820847
7.58071 -0.174927
7.55986 -0.238393
5.32619 2.94064
5.25413 2.87453
5.5239 3.05453
5.44331 3.01789
7.68062 0.306619
7.67206 0.234225
5.32917 -1.57884
5.27826 -1.50075
5.1501 -1.25659
5.18633 -1.33288
4.7743 1.56319
4.78103 1.61651
4.78809 1.6664
4.799 1.73656
4.83018 1.90445
4.84183 1.96197
6.02936 -1.85722
6.0006 -1.86386
5.69343 -1.86217
5.6435 -1.84626
4.91846 -0.582149
4.93502 -0.643866
5.38504 -1.64949
5.37404 -1.63555
5.00683 -0.883708
5.03802 -0.975417
5.1238 2.7111
5.13547 2.72898
6.37362 2.93589
6.39509 2.92485
6.11776 3.04831
6.15123 3.03678
5.93495 3.09174
5.9846 3.08164
5.7115 3.09905
5.73485 3.10067
6.42294 -1.68054
6.37761 -1.7067
6.82441 -1.36851
6.77997 -1.40891
7.30549 -0.776957
7.34181 -0.717087
7.46548 1.67555
7.45059 1.71023
6.55198 2.8278
6.53191 2.841
6.94063 -1.25298
6.94179 -1.25179
7.50001 1.59116
7.51988 1.53886
4.73214 0.930744
4.73284 1.02224
5.13866 -1.23214
5.10802 -1.15801
4.80584 -0.0592038
4.78881 0.0532498
4.74866 0.419972
4.7427 0.496637
4.82599 -0.170233
4.80995 -0.0836175
7.45855 -0.493479
7.51606 -0.357621
7.63033 1.16749
7.62825 1.17637
6.89985 2.53278
6.85022 2.58161
6.98796 -1.20052
7.01164 -1.17438
7.37322 1.87174
7.38501 1.84873
7.17582 2.19844
7.20461 2.15678
7.10085 2.30181
7.10534 2.29601
7.58566 1.33968
7.5802 1.35861
7.66302 0.994512
7.66833 0.957688
7.54363 -0.284514
7.59696 -0.120499
4.74107 1.19154
4.73873 1.14581
5.6208 -1.83538
5.58031 -1.81612
4.75367 0.359381
4.75093 0.391226
4.73615 0.631178
4.73545 0.652081
4.73176 0.894902
4.99032 2.45233
4.95798 2.3715
4.95186 2.35399
4.95408 2.36089
4.88694 -0.460901
4.89173 -0.480875
7.29664 2.01198
7.29569 2.01358
4.73386 1.04019
4.73413 1.0589
4.74586 1.26682
5.97916 -1.86841
5.95425 -1.87241
5.73625 -1.87276
4.86094 -0.343946
6.69933 2.71664
6.72474 2.69615
6.63803 2.7664
6.67789 2.73419
4.76608 0.234935
4.77039 0.195457
4.7399 0.54498
4.74111 0.521688
4.73491 0.672179
4.73193 0.764283
7.1114 -1.0552
7.12294 -1.04109
6.94269 -1.25087
7.69427 0.665863
7.69123 0.732479
7.38165 -0.644879
7.36179 -0.682213
5.47842 -1.74558
5.47715 -1.7446
5.35765 -1.61553
5.33174 -1.5828
5.01744 2.51362
6.30509 2.97159
6.27541 2.98543
4.77155 1.53925
4.76567 1.48818
5.88026 -1.88123
5.91011 -1.87873
5.414 -1.68263
5.42233 -1.6908
4.92253 2.26652
4.90398 2.20392
7.5407 1.48047
7.55142 1.4501
7.61372 -0.0621519
6.0791 -1.84285
6.11539 -1.83074
4.89269 -0.484658
5.00621 -0.881806
5.00581 -0.880577
7.65194 0.111449
7.64114 0.0521524
5.42443 3.00776
5.34029 2.9515
5.22466 -1.4084
5.22953 -1.41824
4.75543 1.38642
4.74804 1.2957
4.81919 1.84998
4.81167 1.80905
4.98061 -0.80059
4.94588 -0.683047
5.07219 -1.06772
5.04793 -1.00381
6.61848 2.78066
6.98836 2.43823
6.92075 2.51093
5.07431 2.62798
5.04505 2.57356
6.27146 -1.76366
6.21802 -1.79026
7.16598 -0.982901
7.22154 -0.906722
6.25174 2.99653
6.15941 3.0335
5.88284 3.09797
5.83065 3.10211
6.52181 -1.61571
6.68797 -1.48859
7.25658 -0.853607
7.27328 -0.828134
7.33558 1.94305
7.34218 1.931
7.10717 2.29354
7.15587 2.22697
7.60891 1.25635
7.60673 1.2649
7.695 0.552148
7.69055 0.422896
6.4386 2.89995
6.45231 2.89242
7.664 0.180019
5.22947 2.84882
5.56941 3.0698
5.6244 3.08458
5.18047 2.78972
7.68642 0.367187
5.23578 -1.43001
5.33075 -1.58133
5.14519 -1.24647
4.76359 1.46855
4.78166 1.62149
4.773 1.55234
4.80237 1.75566
4.86302 2.05635
4.89413 -0.490311
4.99677 -0.850805
5.5537 -1.80092
5.47971 -1.74653
5.09057 -1.11413
4.77291 0.173852
4.7851 0.0790466
5.11 2.68782
6.32495 -1.73759
4.8668 2.07308
4.86509 2.06574
6.33577 2.95621
6.08685 3.05774
5.75518 3.10088
6.03992 3.07032
5.65523 3.0903
6.72248 -1.46023
6.48775 -1.63807
6.86744 -1.32645
7.35266 -0.698256
7.69526 0.63756
7.42783 1.76023
7.48636 1.62566
6.4663 2.88408
7.14309 -1.01453
4.87547 2.1061
4.80678 -0.0651884
7.64372 1.10295
7.62188 1.20337
7.64652 1.08737
7.64971 1.0718
6.81201 2.61831
6.77647 2.65022
7.05152 2.36292
7.08091 -1.09371
7.07875 -1.09633
7.40969 1.79888
7.29879 2.00824
7.23873 2.1051
7.25154 2.08542
7.56017 1.42322
7.65847 1.0216
7.67514 0.908189
7.68775 0.780807
7.40994 -0.592278
7.40569 -0.60062
6.74942 2.67442
7.25958 2.07291
5.92942 -1.87669
5.4456 -1.71442
7.61386 -0.0616489
5.83531 -1.88272
5.40321 -1.6716
6.1277 -1.82682
6.05852 -1.84865
5.02956 2.54189
7.42677 -0.558458
5.55626 -1.80236
7.07756 -1.09776
7.03373 -1.1494
7.6952 0.643098
