7.27046 1.50542
7.27256 1.50011
7.44964 0.664179
7.4521 0.595609
7.41025 1.0302
7.41743 0.99428
5.09979 -0.191933
5.09938 -0.19016
5.16763 -0.44456
5.18149 -0.490236
5.40198 -0.996793
5.35685 -0.918186
5.51316 -1.15776
5.52964 -1.17835
5.01418 1.31638
5.0182 1.35138
5.16567 1.99624
5.18596 2.05123
7.2045 1.65154
7.20781 1.64503
7.26209 -0.314887
7.21737 -0.408737
5.02815 0.194778
5.02867 0.190753
6.47118 -1.25569
6.49881 -1.23752
6.17101 2.64405
6.17206 2.64367
6.39879 2.5462
6.41086 2.53955
7.1231 -0.579694
7.10679 -0.606626
5.55365 2.5667
5.64286 2.6178
7.44725 0.740809
7.44787 0.733226
5.23426 -0.639838
5.2123 -0.579091
5.31148 -0.824411
5.3508 -0.907354
5.05442 1.57764
5.04115 1.50256
5.10264 1.79614
5.10406 1.80097
5.00264 1.19755
4.99457 1.08222
5.46665 2.49597
5.50837 2.53028
5.34042 2.34683
5.36376 2.37999
6.08195 -1.40579
6.03715 -1.40841
6.27486 -1.35484
6.28118 -1.35196
5.8951 -1.40338
5.91592 -1.40576
5.24273 2.17845
5.21592 2.12023
6.87387 -0.913629
6.84071 -0.950202
6.68804 -1.09712
6.68453 -1.10021
5.71334 -1.33538
5.66214 -1.30028
7.28617 -0.257458
7.26493 -0.308667
7.3538 -0.0665424
7.37773 0.0170364
7.41174 0.165846
7.42799 0.258897
5.0673 -0.0349379
5.07354 -0.0665941
4.98693 0.868483
4.98759 0.908084
4.98912 0.671352
4.98795 0.712619
5.00552 0.400189
5.00114 0.451699
5.91939 2.68035
5.96004 2.68035
5.65353 2.62377
5.75399 2.65932
6.97614 -0.792775
6.9452 -0.831793
7.30503 1.41743
7.30846 1.40725
7.39159 1.12089
7.38821 1.13751
7.4507 0.493301
7.44471 0.401499
5.13912 -0.344269
5.11742 -0.263146
7.42596 0.933862
7.4205 0.975524
6.58157 2.42824
6.59558 2.4173
6.75557 2.27975
6.74636 2.28832
6.88639 2.13909
6.87796 2.14929
7.03462 1.94579
6.98476 2.01492
6.29886 2.59552
6.34419 2.57459
6.44091 2.52243
6.46249 2.50925
5.15973 -0.417656
4.98834 0.94839
4.98946 0.997434
4.9864 0.817196
7.36283 1.23421
7.37629 1.18364
7.33473 1.32775
7.33123 1.33817
5.1123 -0.243041
5.11434 -0.251099
6.83156 2.20136
6.82011 2.2136
7.03483 1.94548
7.08091 1.87368
7.29046 -0.246684
7.31011 -0.195981
7.30481 1.4181
5.00553 1.23474
5.00424 1.21899
7.44528 0.766634
7.4402 0.823876
5.00794 0.374117
5.01314 0.32111
4.99095 0.624646
4.99275 0.582202
7.15925 1.73802
7.14867 1.75776
5.05744 0.0182335
5.0496 0.06002
4.98645 0.777807
7.08445 -0.641677
7.04219 -0.703782
7.23667 1.58466
7.30455 1.41886
7.45177 0.582291
7.44912 0.692418
7.41932 0.982077
7.40709 1.04856
5.08831 -0.140253
5.102 -0.201818
5.35353 -0.912373
5.43916 -1.05826
5.58124 -1.23134
5.48228 -1.11671
5.07692 1.68793
5.09987 1.78547
6.6682 2.35903
6.67546 2.35265
5.39963 2.42385
5.45761 2.48766
6.17766 -1.38681
6.22914 -1.37011
5.80436 -1.37858
5.87186 -1.39693
5.20167 2.08898
5.15285 1.95826
6.69401 -1.09167
6.76623 -1.02479
7.22809 1.60328
7.17866 1.70153
7.20475 -0.433412
7.26467 -0.30927
7.38628 0.0506866
7.40574 0.135179
4.98707 0.737878
5.02877 0.190062
5.01407 0.312551
5.77172 2.66332
5.85656 2.67735
6.57021 -1.18946
6.38528 -1.30409
6.96496 2.04095
6.93261 2.08291
6.06482 2.66885
6.01281 2.67464
6.16793 2.64482
6.27824 2.6052
7.00041 -0.760876
7.1664 -0.504643
7.23442 1.58969
7.23552 1.58721
5.65253 2.62334
5.54541 2.56073
7.44697 0.745634
5.26488 -0.720577
5.1995 -0.542998
5.27123 -0.735461
5.27678 -0.747872
5.45403 -1.07923
5.62205 -1.27028
5.03484 1.46546
5.06898 1.64969
5.13383 1.90082
5.01931 1.35884
5.30991 2.2989
5.98772 -1.41171
6.16834 -1.38861
6.37343 -1.31065
5.76484 -1.36093
5.27278 2.23794
5.28836 2.26497
6.81116 -0.981447
6.91036 -0.872671
6.60237 -1.16489
7.1329 1.78597
7.09325 1.85352
7.18327 -0.474319
7.28819 -0.252488
7.31373 -0.186001
7.3447 -0.0962351
7.43084 0.279133
5.0827 -0.113759
5.06134 -0.00328558
4.98993 0.64742
4.99385 0.561247
4.99979 0.468989
5.00673 0.386414
5.04769 0.0714727
7.44377 0.391176
7.38116 1.16342
7.39457 1.10869
7.451 0.49865
7.35529 1.26007
7.40037 1.0783
7.43134 0.900479
6.71942 2.31287
6.51061 2.47867
6.80517 2.22936
6.86142 2.16859
7.03478 1.94556
6.49555 2.48917
7.43652 0.859904
6.2883 2.60066
5.18317 -0.495176
6.38645 2.55326
