4.57386 -1.41448
4.56703 -1.38409
8.03677 -0.306322
8.05391 -0.250315
4.66538 -1.79468
4.6741 -1.82751
4.24433 1.35827
4.24049 1.3088
4.23397 0.850279
4.23315 0.80507
6.85118 3.30113
6.81732 3.32914
4.35746 -0.435483
4.37192 -0.513442
4.30025 2.05995
4.30287 2.0829
4.86612 -2.58999
4.86037 -2.56363
4.28663 0.00867035
4.28459 0.02502
4.26039 0.260908
4.2597 0.268151
7.82541 -0.831806
7.85716 -0.767485
5.34317 -3.13263
5.31232 -3.14147
6.41885 3.61961
6.43244 3.61138
7.83199 2.00292
7.86386 1.93169
4.3669 2.51733
4.36418 2.50059
5.03582 3.84991
5.04521 3.85504
4.8406 -2.48932
4.84227 -2.49456
7.13866 3.02966
7.20994 2.95487
8.11546 1.0888
8.09856 1.18286
5.28357 -3.15041
5.23763 -3.15683
7.44836 2.66113
7.47298 2.62808
4.62061 3.39674
4.64948 3.45316
4.72586 3.57273
4.74226 3.59582
5.52208 -3.05274
5.53976 -3.042
7.97943 1.63352
8.00921 1.54375
8.16369 0.582443
8.16114 0.671178
4.92298 -2.78534
4.89924 -2.7044
5.12772 -3.13892
5.09609 -3.11797
5.04937 -3.06923
5.0764 -3.09748
4.98351 -2.95189
4.99309 -2.96872
4.94578 -2.85045
4.92932 -2.80249
4.69802 -1.92016
4.71127 -1.97743
4.63996 -1.68681
4.62181 -1.61145
6.64604 3.4648
6.60343 3.49538
5.99924 3.83008
6.01335 3.82448
5.66516 3.92726
5.76628 3.90562
6.25212 3.71433
6.26577 3.70753
7.08162 3.08866
7.26966 2.88671
7.21736 2.94682
7.63432 -1.16441
7.65677 -1.12956
7.5331 -1.31371
7.548 -1.29262
7.00984 -1.91883
7.06793 -1.86117
6.84521 -2.07546
6.87683 -2.04723
6.65907 -2.23968
6.65036 -2.2468
7.9577 -0.535817
7.93634 -0.590397
8.16177 0.424852
8.16148 0.417821
4.25734 1.61448
4.25731 1.6141
5.56643 3.94009
5.64568 3.93034
7.69503 -1.06777
7.74391 -0.98419
4.54648 3.22809
4.5258 3.17055
6.95276 3.21137
6.98635 3.17984
4.32186 2.21949
4.3304 2.27796
7.16176 -1.76112
7.20976 -1.70905
6.03409 -2.72886
6.07303 -2.70047
4.56227 -1.36333
4.56537 -1.37643
4.611 -1.5689
4.23294 0.995697
4.23281 0.977281
4.24993 1.49289
4.24954 1.48581
5.87851 3.87384
5.84359 3.8834
4.39887 -0.643887
4.37915 -0.550107
4.24478 0.476169
4.24547 0.464603
5.49127 3.94483
5.47833 3.94555
4.33712 2.3145
4.34269 2.35722
4.32742 -0.267413
4.31852 -0.212997
7.91528 1.80794
7.94716 1.72491
7.73589 2.1991
7.7725 2.12763
4.38836 2.63544
4.40162 2.70568
4.98333 3.82058
4.92593 3.78245
5.15531 3.89924
5.17613 3.90638
5.31857 3.93667
5.36304 3.94107
8.05491 1.3778
8.06633 1.33311
7.36015 2.77795
7.40712 2.71732
7.48847 2.60621
7.53494 2.53866
6.929 -1.99744
6.97287 -1.95619
7.60577 2.42853
7.64321 2.36713
4.68489 3.51228
4.65157 3.45665
4.57018 3.28543
4.57989 3.31035
4.72789 -2.04683
4.73717 -2.07848
4.78323 -2.2589
4.79067 -2.28609
4.74502 -2.10962
4.75491 -2.14768
8.03341 1.45984
8.00939 1.5432
5.8659 -2.84416
5.88695 -2.83058
5.69401 -2.95388
5.75064 -2.91894
6.52744 -2.35038
6.53188 -2.3469
8.06831 -0.198487
7.99952 -0.42269
7.97618 -0.486802
6.67155 3.44515
6.71201 3.41418
6.88687 3.26982
6.91986 3.24085
5.93679 3.85386
5.98945 3.83424
6.04446 3.81174
6.0897 3.79231
5.79529 3.89725
5.65272 3.92943
4.28354 1.91879
4.28513 1.93271
4.313 2.15935
6.20978 3.73613
6.16157 3.75871
6.49131 3.57337
6.48757 3.57596
4.4333 2.84989
4.43682 2.86517
7.29431 2.85871
6.75876 -2.15296
6.77996 -2.13485
7.08823 -1.83973
4.68941 3.52036
8.15787 0.725788
8.15361 0.784725
6.33628 -2.50252
6.3413 -2.49874
6.46139 -2.40352
6.46834 -2.39805
6.58273 -2.30377
6.59547 -2.2933
6.71117 -2.19421
4.65016 -1.72902
8.16112 0.411361
8.16439 0.54649
4.51034 -1.14344
4.51627 -1.16826
4.48412 -1.03229
4.48641 -1.04213
4.23978 0.580285
4.23914 0.595008
4.47157 2.99681
4.46753 2.98361
7.42044 -1.46387
7.43523 -1.44531
7.32404 -1.5811
7.34809 -1.55286
4.43418 -0.808254
4.43018 -0.78975
4.45875 -0.920556
4.45777 -0.915958
4.23418 1.08659
4.23451 1.10428
6.1943 -2.61063
6.15823 -2.63814
8.01788 -0.367993
4.87765 3.74381
4.83409 3.70304
8.13827 0.15396
8.13706 0.145257
4.4713 -0.976523
4.4719 -0.979051
4.23607 0.723277
4.23375 0.768835
7.05367 3.1163
7.01934 3.14894
6.74891 3.38536
6.78177 3.35821
4.29719 2.03974
4.29245 1.99633
4.27396 1.81536
4.27298 1.8055
5.38346 -3.11757
5.41861 -3.10329
4.82292 -2.41844
4.82021 -2.4088
8.14459 0.872236
8.14953 0.829588
8.13437 0.961042
8.14047 0.914163
4.51254 3.13348
4.50468 3.10836
5.67033 -2.96903
5.6191 -2.99829
5.65243 -2.98018
5.79133 -2.8938
8.08859 -0.119828
7.93418 -0.59564
7.93223 -0.600545
6.54249 3.53883
6.55452 3.53015
8.16432 0.560367
4.27208 1.79647
4.26749 1.7419
7.27269 -1.64018
7.2448 -1.67146
5.93987 -2.79468
5.90987 -2.81474
8.13933 0.161528
8.14587 0.220603
4.68901 -1.88782
4.23913 1.23127
4.23939 1.28011
6.32154 3.67715
6.37026 3.64855
7.31444 2.83364
7.33735 2.80637
4.54806 3.23266
4.5491 3.23566
4.78101 3.64516
4.83224 3.70109
6.26033 -2.56119
6.27472 -2.5504
8.15249 0.286874
8.15209 0.282642
4.24016 1.29477
4.24582 1.41083
4.23367 0.78678
4.23283 0.895305
4.37718 -0.540242
4.35239 -0.408224
4.89348 -2.68851
4.87889 -2.63242
4.84659 -2.51034
4.8434 -2.49827
4.27152 0.143461
4.30044 -0.0946196
4.25134 0.376417
4.26858 0.173689
7.88125 -0.715691
7.80192 -0.877472
5.30505 -3.14467
5.35868 -3.12583
7.87518 1.90529
7.81913 2.03093
4.36336 2.49496
4.38205 2.60366
4.49374 3.07216
4.48528 3.04605
5.24591 3.92416
5.21128 3.9154
8.12229 1.04677
8.09265 1.21269
5.18475 -3.15634
7.30311 -1.60568
4.64976 3.4536
4.61315 3.38301
5.58912 -3.01583
5.48357 -3.07362
4.925 -2.79026
5.08423 -3.10829
5.16821 -3.15287
5.024 -3.02841
5.01937 -3.02248
4.96829 -2.91
4.95185 -2.87201
8.15288 0.291003
8.11778 0.0186973
8.12103 0.0364939
8.1132 -0.0048649
7.7633 -0.949173
7.90906 -0.653569
7.68307 -1.08758
7.62397 -1.18048
7.58415 -1.23958
7.50547 -1.35257
6.39954 -2.45316
6.4048 -2.44911
4.49713 -1.08794
4.5012 -1.1052
4.25695 1.60881
4.26216 1.67826
4.45103 2.92247
4.45064 2.92111
7.37322 -1.52234
7.39212 -1.4994
5.98538 -2.76357
5.94913 -2.78817
6.03223 -2.73011
6.08281 -2.69376
4.52374 -1.19881
4.53824 -1.25937
4.23296 0.932183
4.2333 1.04078
4.24698 1.43202
4.25317 1.54995
4.33869 -0.330188
4.40894 -0.693855
4.24895 0.408349
4.24191 0.529812
5.43662 3.94494
5.51207 3.94363
5.39405 3.94404
4.3053 -0.128312
4.27125 0.146074
7.78561 2.10085
7.90659 1.82975
7.95233 1.71089
7.72406 2.22188
4.34838 2.39622
4.41715 2.77828
4.91715 3.77548
4.98424 3.82118
5.0613 3.86224
5.10929 3.88323
5.27397 3.92906
8.06875 1.32278
8.03623 1.44979
7.55083 2.51489
7.59302 2.44905
7.42495 2.69401
7.4659 -1.40566
7.48079 -1.38635
7.68974 2.28504
7.64655 2.36147
4.59437 3.34077
4.80125 -2.33029
4.77307 -2.21691
4.80818 -2.35526
8.00937 1.54324
5.90344 -2.81942
5.85168 -2.85318
6.09932 3.78832
6.30441 3.68645
4.42373 2.80982
4.44865 2.91335
6.27779 -2.54816
6.52319 -2.35387
6.64237 -2.25369
4.26261 1.68351
4.23766 0.644103
4.4218 -0.752167
4.44382 -0.852859
4.44634 -0.864496
4.46686 -0.957231
4.23594 1.1511
6.11345 -2.67052
4.23662 1.18405
4.23646 0.676144
5.38101 -3.11874
5.43541 -3.0953
6.43441 3.61011
5.45439 -3.08728
6.02218 -2.7373
4.41646 -0.726643
6.3739 3.6464
4.98839 3.82349
7.66352 2.33178
4.76488 -2.18804
5.82829 -2.86854
8.09719 -0.0833583
6.12632 3.77549
4.28701 1.94825
4.83329 3.70225
4.42079 2.79583
