4.67537 -1.1997
4.67864 -1.21168
5.30878 -2.65027
5.2439 -2.60609
5.42888 -2.68632
5.4593 -2.68789
5.87091 -2.57671
5.9112 -2.55798
5.18281 -2.54697
5.22686 -2.58955
8.01094 0.169985
8.01488 0.200434
4.59713 -0.887715
4.61047 -0.942232
4.36851 0.916791
4.36874 0.977121
4.36874 0.850121
4.36869 0.847058
4.50468 -0.468061
4.53019 -0.592494
5.60636 3.71172
5.56969 3.71208
4.44891 2.06148
4.45031 2.07376
4.55176 2.61099
4.55199 2.61194
7.32144 -1.37641
7.33945 -1.35409
6.84375 -1.88586
6.83858 -1.89079
7.00579 -1.72871
7.02981 -1.70525
6.40929 -2.24202
6.42708 -2.22831
5.58316 -2.67793
5.56327 -2.68259
4.77432 -1.56154
4.76737 -1.53808
4.82805 -1.73946
4.81358 -1.69085
7.87295 -0.396908
7.85924 -0.435676
4.841 3.32837
4.82811 3.31119
5.16576 3.62301
5.18287 3.63186
4.94075 3.45391
4.95704 3.46973
8.02557 0.303047
8.02296 0.270463
7.98961 0.0344048
7.98705 0.0197582
6.82762 3.13229
6.82542 3.13418
6.60323 3.30755
6.61469 3.29965
4.43472 1.95402
4.43225 1.93422
4.46789 2.18537
4.46885 2.19167
7.66352 -0.864105
7.65512 -0.879564
7.77868 -0.63118
7.76583 -0.659877
5.95987 3.64334
6.05875 3.60833
6.41031 3.43478
6.35359 3.46672
6.1071 3.58927
6.18699 3.5542
7.13691 2.83252
7.09029 2.88307
6.99465 2.97888
7.01082 2.96357
7.40865 -1.26262
7.4463 -1.21144
7.54665 -1.06112
7.52566 -1.09396
6.66613 -2.03992
6.64327 -2.05963
8.02899 0.768312
8.0302 0.753475
6.03932 -2.48748
6.04111 -2.48637
4.7244 -1.38093
4.74339 -1.45014
4.74773 3.17296
4.72539 3.1277
5.44473 3.70625
5.50873 3.71151
4.63793 -1.05339
4.63392 -1.03723
4.37272 0.657353
4.37371 0.630983
7.73401 1.9164
7.733 1.91866
4.7853 3.24209
4.81951 3.29828
4.37245 1.16674
4.37074 1.10412
6.12936 -2.43249
6.1452 -2.42294
6.2155 -2.37689
6.25787 -2.34919
5.39216 -2.68096
5.33792 -2.66295
5.2385 -2.60174
4.98123 -2.17832
4.97461 -2.16359
5.05622 -2.34399
5.03291 -2.29791
5.13437 -2.48235
5.13789 -2.48677
5.11186 -2.4477
5.12613 -2.46969
5.09016 -2.41196
5.08301 -2.397
4.38408 1.41481
4.38061 1.35815
4.39249 1.53508
4.38895 1.48645
4.48429 -0.363319
4.48437 -0.363763
4.5423 -0.650238
4.38733 0.388613
4.39178 0.33192
4.37852 0.524541
4.38221 0.462378
4.43882 -0.0848069
4.44709 -0.140209
4.4053 0.186804
4.4149 0.0987934
6.29909 3.49798
6.21462 3.54022
4.52081 2.46801
4.50876 2.41047
4.59104 2.75892
4.58328 2.73057
7.20658 2.7535
7.24429 2.7093
8.00615 0.980684
8.00335 1.00035
7.96162 1.22954
7.95134 1.2754
7.43716 2.45071
7.38105 2.53126
7.25222 2.69941
7.3102 2.62658
6.75652 -1.96321
6.87769 -1.85414
7.08332 -1.64945
6.93472 -1.80019
7.52257 2.31659
7.49582 2.36004
7.60212 2.17974
7.59308 2.19606
4.87934 -1.9014
4.87503 -1.88746
4.93697 -2.06722
4.92277 -2.02691
7.89921 1.47246
7.90795 1.44287
7.84483 1.63986
7.84996 1.62542
6.44474 -2.21447
6.53625 -2.14554
6.36187 -2.27554
5.68632 -2.65317
5.65328 -2.66262
7.94678 -0.156861
7.96058 -0.1032
7.9115 -0.278726
7.92769 -0.225901
7.89675 -0.326487
7.84069 -0.483576
7.82794 -0.516377
4.88751 3.39193
6.92636 3.04461
6.87839 3.08755
6.77871 3.173
6.77228 3.1782
6.71821 3.22197
6.66907 3.25916
6.52072 3.36507
5.84558 3.67593
5.8745 3.66742
4.42109 1.84432
4.42697 1.89412
4.44042 1.99784
4.47456 2.22714
4.48852 2.30887
6.07397 3.60308
6.48147 3.38971
6.44394 3.41361
6.19916 3.54808
7.06124 2.91267
6.93036 3.04105
6.57238 -2.11597
6.74134 -1.97692
6.9267 -1.80767
7.12407 -1.60696
8.03369 0.679206
8.02508 0.818269
6.55473 -2.13047
4.71312 3.10141
4.76266 3.2001
8.03532 0.461325
8.03662 0.498559
4.40733 1.70762
4.41064 1.74307
4.39523 1.56859
4.39892 1.61475
4.3782 0.53044
4.37521 0.592793
4.6151 2.83899
4.61797 2.84891
7.78007 1.80902
7.77513 1.82113
7.68928 2.01167
7.68693 2.01657
4.67123 2.99793
4.6598 2.96962
7.22538 -1.49255
7.23761 -1.47849
4.57541 -0.79602
4.37459 1.23111
4.37396 1.21287
4.8543 -1.82444
4.85059 -1.812
4.37078 0.723119
4.37069 0.725021
5.67422 3.70553
5.62549 3.71006
4.54774 -0.675532
4.56151 -0.737176
4.70451 3.0802
4.68403 3.03159
4.70983 3.09344
5.30153 3.67735
5.33782 3.68637
7.16822 2.7979
7.18597 2.77786
7.1736 -1.55169
7.19204 -1.53091
7.14574 -1.58285
8.03508 0.641595
5.69794 -2.64898
5.7061 -2.64567
4.91987 3.43093
5.117 3.59611
5.07823 3.57134
5.78886 3.68824
5.7717 3.69119
4.44679 2.04747
8.02172 0.856456
4.69982 -1.29036
4.6651 -1.16136
4.801 -1.65063
4.77691 -1.56984
4.94641 -2.09371
4.94736 -2.09601
5.0164 -2.25943
5.00291 -2.23094
5.04058 3.54345
5.0189 3.52632
5.7937 -2.61274
5.95696 -2.53291
8.01908 0.236825
8.00744 0.142836
4.37935 1.29461
4.38035 1.3544
4.36877 0.980139
4.36852 0.913622
4.3713 0.786618
4.36867 0.853198
4.38809 1.47506
4.38458 1.4223
4.38258 0.456789
4.38666 0.397154
5.52094 3.71228
5.61638 3.71108
4.42042 0.0520075
4.42983 -0.0213706
7.72442 -0.746981
7.71216 -0.771703
4.55212 2.61241
4.5296 2.51169
7.98594 1.10714
7.9807 1.13576
7.37436 2.54071
7.31489 2.62048
7.49696 -1.13684
7.45002 -1.20605
7.36575 -1.31941
7.28413 -1.42319
7.56285 2.24885
7.54576 2.27811
7.87326 1.55604
7.88004 1.53521
5.53869 -2.68471
5.60841 -2.67405
4.74894 -1.47153
5.21437 3.6456
5.12916 3.6035
5.27984 3.66987
6.03712 -2.48884
5.98903 -2.51613
5.78187 -2.61711
8.02828 0.335464
7.97557 -0.034651
7.99279 0.0528725
7.9617 -0.0986829
7.59614 -0.982524
7.81627 -0.544244
7.59522 -0.984064
7.59314 -0.987481
7.39349 -1.28349
8.03678 0.581091
6.08792 -2.45816
4.71094 -1.33088
5.4109 3.70127
5.75676 -2.62732
4.62423 -0.998227
4.64968 -1.10027
4.40096 1.6379
4.40448 1.67891
4.37517 0.593728
4.3727 0.657985
4.63747 2.90802
4.62812 2.88122
4.3707 1.10223
4.37248 1.16762
4.65173 -1.10847
5.49146 -2.69
5.51786 -2.68808
4.94873 -2.09918
5.06553 -2.3643
5.23441 -2.59757
5.11018 -2.44462
4.36944 1.04062
4.3937 1.5506
4.46572 -0.258274
4.39277 0.320015
4.37832 0.527592
4.4598 -0.223204
4.40188 0.220031
4.57751 2.71025
4.49172 2.32498
4.60018 2.78975
7.2448 2.70868
8.02036 0.868475
7.93354 1.34823
7.44307 2.44183
7.27525 -1.43369
7.64034 2.10924
7.63791 2.11388
7.48125 2.38293
4.85761 -1.83604
4.89836 -1.95714
7.92269 1.38911
7.81784 1.7136
5.62561 -2.66885
7.94559 -0.161435
6.72756 3.21493
4.41981 1.83385
4.42919 1.91175
6.31132 -2.31182
6.28247 -2.33241
4.61837 -0.974186
4.41416 1.77762
4.3708 0.721282
4.64111 2.91764
4.48984 2.31558
7.81401 1.7239
7.73506 1.91404
7.64297 2.10416
4.3746 1.23149
5.70592 3.70139
5.37158 3.69463
8.03298 0.403249
5.80648 3.68477
5.73181 3.6985
5.47359 -2.68965
6.72313 3.21828
4.90127 -1.96642
5.7424 -2.63309
6.8298 3.13047
8.0367 0.589463
6.18515 -2.39712
5.16534 -2.52262
6.34587 -2.28769
6.62448 3.29273
4.41718 1.80698
7.93106 -0.214297
