6.37828 2.66349
6.33542 2.68449
5.54523 2.70478
5.53495 2.69833
7.47886 1.03273
7.48083 1.02286
5.03298 -0.228825
5.02334 -0.187408
5.09818 -0.482913
5.10099 -0.492201
5.03105 1.8424
5.008 1.74613
6.66997 2.4653
6.74563 2.39947
4.91458 0.779468
4.91447 0.782686
5.36832 2.55767
5.35225 2.53999
6.06791 -1.52938
6.14897 -1.51104
5.88029 -1.53384
5.86417 -1.53007
5.08955 2.04542
5.09258 2.05363
6.90956 -0.992169
6.90563 -0.996588
5.77841 2.78811
5.74647 2.78275
7.01344 2.10013
7.04668 2.05488
7.14132 1.91326
7.14159 1.91283
7.19206 -0.6057
7.16018 -0.658319
7.51425 0.743278
7.51642 0.716566
5.16748 -0.699048
5.16099 -0.680301
5.31781 -1.04327
5.33871 -1.08312
5.23402 -0.867184
5.22018 -0.833187
5.41823 -1.21018
5.4048 -1.18904
5.54628 -1.36182
5.51882 -1.33551
4.98362 1.62338
4.99835 1.70125
4.94974 1.39561
4.95758 1.45485
4.91854 0.649667
4.91856 0.649101
4.91567 0.907049
4.91573 0.912428
5.25212 2.40223
5.24389 2.38746
5.16183 2.23054
5.17001 2.24872
6.26128 -1.47434
6.25873 -1.47524
5.69974 -1.47598
5.73928 -1.49344
6.73641 -1.16431
6.7617 -1.14202
7.24583 -0.508919
7.22596 -0.54653
7.33997 -0.309545
7.33343 -0.325318
7.43377 -0.0430026
7.43507 -0.0384732
7.48603 0.187712
7.48827 0.200535
4.93052 0.446498
4.92994 0.453383
4.96298 0.153431
4.97166 0.0948023
6.16142 2.75515
6.16282 2.75476
5.953 2.79574
5.97108 2.7932
6.45772 -1.37422
6.36409 -1.42693
6.65678 -1.23295
6.58331 -1.28903
7.03911 -0.835276
7.04131 -0.832502
7.39137 1.3704
7.40297 1.33589
7.46018 1.12342
7.45686 1.13975
7.51453 0.436103
7.51244 0.403995
7.51805 0.550744
7.51927 0.598084
5.00873 -0.118816
4.99984 -0.0730693
7.42287 1.27124
7.4173 1.29128
6.74678 2.39845
6.81813 2.32852
6.95345 2.17803
6.94269 2.19106
6.40185 2.65002
6.44374 2.62618
7.35476 1.47748
7.36479 1.44987
4.91974 1.05999
4.91851 1.04117
4.91653 0.714285
4.91842 1.03873
6.54596 2.55958
6.5732 2.54119
7.50302 0.873164
7.4981 0.913966
5.07012 -0.382367
5.06234 -0.351928
7.1851 1.83927
7.19463 1.82243
6.32412 2.69027
6.27952 2.71056
4.91849 1.03998
5.11335 -0.532552
5.11969 -0.553274
7.3749 -0.221831
7.37848 -0.212601
7.26616 -0.469168
7.28245 -0.436594
7.37483 1.42068
4.93685 1.27911
4.92835 1.17567
5.04488 -0.280273
5.03734 -0.248311
5.08594 -0.441258
4.94078 0.335956
4.94208 0.322791
4.92135 0.585095
4.9214 0.583889
7.25911 1.69721
7.27464 1.66548
6.39041 2.65682
4.91455 0.776308
7.20886 1.79595
7.23023 1.75556
7.33309 1.53213
5.44717 2.63478
5.60846 2.73557
7.51818 0.634396
7.51725 0.694929
7.48656 0.984555
7.47558 1.05176
5.02112 -0.177357
5.27421 -0.956172
5.29678 -1.00134
5.47851 -1.28807
5.42773 -1.22433
5.00521 1.73426
5.04639 1.8993
6.65968 2.47402
6.74664 2.39858
5.30707 2.48193
5.41554 2.60437
6.16392 -1.50782
6.02078 -1.5336
5.78906 -1.5133
5.89682 -1.53506
5.12439 2.13891
5.08533 2.03292
7.08451 -0.771526
7.10099 -0.748893
6.91343 -0.987622
6.83703 -1.06794
7.29694 -0.406276
7.31787 -0.360775
7.4635 0.0734138
7.4646 0.0781937
4.94728 0.274599
4.95169 0.23765
5.65112 2.75551
5.84932 2.79605
6.55664 -1.30896
6.47831 -1.3608
7.08108 2.00535
6.99591 2.12376
6.27012 2.71487
6.16366 2.75446
7.13571 -0.696721
7.22026 -0.556792
7.28335 1.6468
7.30869 1.58991
5.64461 2.7532
5.43893 2.62754
7.5118 0.784946
5.1288 -0.582036
5.15669 -0.66752
5.19731 -0.776278
5.36582 -1.12794
5.25191 -0.909525
5.61175 -1.41995
4.9653 1.51039
4.97948 1.5986
5.05983 1.94863
4.94053 1.31387
5.25968 2.41453
5.20493 2.31767
5.15572 2.21564
5.97333 -1.53842
6.2616 -1.47419
6.35997 -1.42923
5.62611 -1.42979
6.77566 -1.12929
6.97616 -0.91278
6.68076 -1.21267
7.25492 -0.491738
7.35645 -0.269081
7.39704 -0.16148
7.40081 -0.15056
7.50229 0.300164
4.99659 -0.0556425
4.98736 -0.00282591
4.92466 0.521933
4.9251 0.515104
4.93564 0.388096
4.9814 0.033804
6.05758 2.7806
5.93754 2.79637
7.50568 0.32954
6.50221 2.58944
6.51803 2.57889
7.04399 -0.828986
7.45012 1.16596
7.46554 1.10145
7.51741 0.501097
7.41592 1.2962
7.43835 1.21483
7.46934 1.08084
7.49294 0.948804
6.8347 2.31186
6.58878 2.52911
6.88597 2.2561
6.93708 2.1976
7.09534 1.98463
4.91943 0.627926
4.91857 0.648553
6.48737 2.59956
7.51081 0.795719
7.50921 0.812661
7.24663 1.72232
7.23452 1.74721
7.32042 1.56374
7.17824 1.85101
7.44223 1.20058
6.45406 2.62002
