7.51799 -0.404822
7.48857 -0.473595
5.32359 2.98341
5.40818 3.03994
4.73039 1.33841
4.73211 1.35976
5.79524 -1.92085
5.82539 -1.92234
4.82685 -0.285671
4.80718 -0.185492
4.74033 0.285054
4.74272 0.261058
4.71078 0.782785
4.71059 0.788166
6.63763 2.79659
6.64146 2.79357
6.61778 -1.57643
6.61397 -1.57924
7.71184 0.467595
7.71369 0.517163
7.70062 0.851818
7.70318 0.827833
7.59665 -0.189847
7.58216 -0.233943
5.52156 3.09295
5.49218 3.07959
5.2172 2.88481
5.2242 2.89331
7.69841 0.289972
7.69273 0.241978
5.26659 -1.53992
5.25039 -1.51507
5.13985 -1.30006
5.1615 -1.34564
4.75446 1.57474
4.75973 1.61641
4.80337 1.8878
4.82086 1.97418
6.02351 -1.89461
5.98749 -1.90292
5.66217 -1.89709
5.63681 -1.88901
4.89852 -0.593163
4.90706 -0.624994
4.96179 -0.818527
4.95313 -0.788829
5.47013 -1.78946
5.48367 -1.79941
5.35343 -1.66574
5.32765 -1.63308
5.00262 -0.944925
5.01694 -0.987055
5.09815 2.7272
5.13187 2.7789
6.40201 2.95091
6.40662 2.94854
6.1131 3.07931
6.16348 3.06196
5.93299 3.12385
6.02788 3.10454
5.67755 3.13012
5.75168 3.13528
6.63335 2.79987
6.41908 -1.71452
6.40436 -1.72301
6.82045 -1.40341
6.80058 -1.42147
7.31942 -0.793368
7.36426 -0.71946
7.22017 -0.944985
7.22645 -0.935991
7.48744 1.67348
7.46539 1.72487
7.52157 1.58913
7.53499 1.55381
4.71102 0.918501
4.7119 1.03442
5.11154 -1.23261
5.0855 -1.16959
4.78331 -0.0453676
4.76999 0.0425963
4.72905 0.408601
4.72117 0.509859
4.8064 -0.181326
4.80419 -0.169422
7.47363 -0.507594
7.53888 -0.353067
6.89736 2.56638
6.86934 2.59395
7.0059 2.44968
7.05676 2.39007
6.99657 -1.22287
7.03023 -1.18571
7.38618 1.88919
7.40638 1.84976
7.30903 2.02926
7.31786 2.01416
7.20752 2.18872
7.22189 2.16793
7.07975 2.36218
7.12239 2.30701
7.60583 1.33778
7.59546 1.37371
7.64866 1.17147
7.64594 1.18373
7.69178 0.927867
7.68119 1.00133
7.55923 -0.299118
7.61865 -0.116173
7.43921 -0.577961
7.43057 -0.595657
6.46628 2.91407
6.46524 2.91476
4.71926 1.178
4.71823 1.15774
5.55897 -1.85172
5.55159 -1.8482
4.73202 0.372683
4.73039 0.39156
4.71499 0.644174
4.71471 0.652419
4.7109 0.907715
4.96667 2.46717
4.95347 2.43417
4.91927 2.3364
4.9317 2.37494
6.69638 2.74953
4.71223 1.04022
4.71232 1.04626
4.72567 1.27858
5.72983 -1.91383
4.85869 -0.430912
4.83595 -0.328608
6.72031 2.73017
6.72234 2.72853
6.71859 2.73158
4.74687 0.2238
4.74993 0.19579
4.71981 0.533336
4.7204 0.522025
4.7145 0.660346
4.71071 0.777315
7.12995 -1.06651
7.13184 -1.06419
6.96038 -1.26312
7.39554 -0.661249
7.36795 -0.713125
6.55176 2.85769
5.32643 -1.63158
5.32449 -1.62914
4.97775 2.49219
6.09071 3.08726
6.05171 3.09879
6.30321 3.00237
6.28727 3.00981
7.63934 -0.038996
7.65851 0.0408504
4.74876 1.5251
4.7445 1.48808
4.77783 1.74476
4.78341 1.78015
6.08709 -1.87487
6.05978 -1.88394
5.87616 -1.9202
5.87271 -1.92052
4.90048 2.28035
4.87284 2.18711
6.16204 -1.84617
6.22184 -1.82173
5.67347 3.12988
5.6715 3.12962
7.54906 1.51437
7.56648 1.465
7.62997 -0.0767372
4.98564 -0.893164
4.97485 -0.859684
5.39597 -1.71788
5.3718 -1.6881
7.67261 0.115573
7.66516 0.0738659
5.42198 3.04788
5.30861 2.97138
5.1789 -1.37994
5.20429 -1.43121
4.73534 1.39812
4.72695 1.29561
4.7982 1.8622
4.78843 1.80894
4.92616 -0.693934
4.95068 -0.78039
5.0499 -1.08003
5.0438 -1.06395
6.98582 2.47252
6.93909 2.52276
5.04878 2.644
5.04102 2.62957
6.29451 -1.78481
6.26869 -1.79812
7.17503 -1.00638
7.20828 -0.96197
6.24986 3.02735
6.19176 3.05061
5.83342 3.13575
5.82858 3.13613
6.51795 -1.64972
6.7098 -1.50189
7.27021 -0.869662
7.30001 -0.824205
7.34832 1.96018
7.36374 1.93204
7.13975 2.28355
7.17304 2.23805
7.62861 1.2545
7.62208 1.28009
7.71396 0.559261
7.70921 0.411162
7.68113 0.163985
5.2266 2.89588
5.5287 3.09535
5.62221 3.12047
5.15277 2.8071
7.70652 0.374726
5.23688 -1.49257
5.30214 -1.59604
5.12196 -1.2584
4.74093 1.45448
4.76181 1.63304
4.75177 1.55225
4.77713 1.73999
4.83547 2.03924
4.8822 -0.531561
4.97188 -0.849904
4.87252 -0.491663
5.4218 -1.74344
5.54674 -1.84543
5.05453 -1.09171
4.75378 0.162763
4.76278 0.0927544
5.05824 2.65987
6.32106 -1.77187
4.84605 2.08602
4.84127 2.0655
7.41897 -0.618117
6.45283 2.92209
6.34744 2.98021
6.09975 3.08427
5.82157 3.13602
6.03795 3.10248
5.67452 3.12996
6.71857 -1.49468
6.51261 -1.65323
6.88699 -1.33837
7.36686 -0.714991
7.71416 0.62568
7.45024 1.75812
7.50128 1.64042
4.8684 -0.473987
7.16116 -1.02554
6.93269 -1.29249
4.87028 2.17831
7.71019 0.739592
7.71054 0.732367
4.78807 -0.0757773
7.66251 1.10755
7.66598 1.09082
7.66647 1.0881
7.66702 1.08539
6.80956 2.65136
6.79646 2.66312
7.06969 2.37464
7.12494 -1.07283
7.0873 -1.11852
7.42282 1.81655
7.26917 2.09615
7.2687 2.09692
7.26671 2.10004
7.58071 1.42129
7.66855 1.07662
7.69358 0.915105
7.70948 0.748913
6.46436 2.91534
6.7865 2.67204
5.9234 -1.91521
5.96032 -1.90885
5.41039 -1.73252
6.12364 -1.86253
5.00552 2.55697
7.69535 0.900246
7.06659 -1.14345
7.04242 -1.17194
7.71392 0.65012
