6.16823 -2.5447
6.13882 -2.56563
4.68751 -1.62281
4.69246 -1.6407
7.96634 -0.369989
7.99965 -0.26114
4.86554 3.59442
4.92796 3.65526
8.09462 0.201375
8.09485 0.203165
4.74668 -1.84648
4.74999 -1.85893
4.29755 1.3582
4.29394 1.31173
4.28526 0.965241
4.28531 0.977219
4.28677 0.850218
4.28584 0.799033
4.30198 1.46259
4.30343 1.48605
5.81521 3.81248
5.75322 3.82714
4.29977 0.442395
4.29838 0.463742
4.35849 2.06055
4.36549 2.12178
4.34502 -0.027193
4.33498 0.0535459
4.56503 3.05496
4.58167 3.10276
5.22464 3.81778
5.23288 3.8199
4.90083 -2.37109
4.92296 -2.44043
7.12016 2.97359
7.15332 2.9388
7.40957 2.63058
7.41356 2.62522
6.9479 -1.90653
6.88579 -1.96575
7.24735 -1.59237
7.21455 -1.62917
4.67409 3.31707
4.65217 3.27279
5.51854 -2.90967
5.48668 -2.92216
4.8179 -2.10189
4.85159 -2.21117
8.11173 0.692905
8.11146 0.702402
5.33528 -2.9458
5.27989 -2.94193
5.06555 -2.77075
5.08649 -2.79917
5.16391 -2.88533
5.15542 -2.87953
4.77323 -1.94291
4.77552 -1.9528
5.63173 -2.86727
5.64169 -2.86337
8.10714 0.33365
8.10713 0.333493
8.07551 0.066631
8.07314 0.0530564
8.04881 -0.0709634
8.05496 -0.0438165
6.67497 3.37059
6.68933 3.36006
6.88465 3.1994
6.89386 3.19154
5.97735 3.76158
5.8977 3.78771
4.37029 2.15481
4.38388 2.24463
7.76453 -0.843953
7.71001 -0.944241
7.82275 -0.726942
7.85776 -0.648772
6.20819 3.6633
6.21731 3.65876
6.45074 3.52624
6.47914 3.50867
7.06722 3.02835
7.21477 2.87113
7.19854 2.88979
7.60056 -1.12464
7.63024 -1.07858
6.77895 -2.06231
6.86232 -1.98787
7.09369 -1.75999
7.05333 -1.80147
4.80545 3.52526
4.7827 3.49408
8.10407 0.796479
8.10963 0.728673
6.3821 -2.38778
6.34305 -2.41777
6.6607 -2.16453
6.61408 -2.20267
4.99187 3.7047
4.98432 3.69975
4.84968 3.57844
4.82872 3.55394
8.11368 0.469863
8.11077 0.398799
4.31492 1.65023
4.31207 1.61435
4.29123 0.610115
4.29183 0.59415
7.34757 -1.47458
7.30603 -1.52454
5.98746 -2.6676
5.96906 -2.67887
4.49434 -0.830617
4.50494 -0.877467
4.28752 1.11751
4.28716 1.10422
7.14743 -1.70253
7.16759 -1.68066
6.22124 -2.50702
6.24454 -2.4907
4.59555 -1.25604
4.57326 -1.16805
4.66343 -1.53188
4.6568 -1.50428
5.69626 3.83655
5.73458 3.83032
5.86599 3.79858
4.4065 -0.40772
4.38714 -0.304092
4.44757 -0.616315
4.44172 -0.588512
4.39651 2.31511
4.40266 2.36239
4.38587 -0.296616
4.36764 -0.185189
7.77656 2.00814
7.74012 2.08406
7.86141 1.81301
7.83076 1.88714
4.46227 2.68143
4.45944 2.66964
4.40919 2.39855
4.42012 2.46572
5.12436 3.77951
5.09402 3.76589
5.34502 3.844
5.36727 3.84773
8.02604 1.29326
8.04259 1.21804
8.07377 1.04756
8.08798 0.947151
7.34114 2.72032
7.34575 2.71437
7.46893 2.547
7.4766 2.53585
7.43785 -1.3593
7.39911 -1.41011
6.8655 -1.98483
6.95834 -1.89678
7.65344 2.24879
7.68025 2.20025
7.57391 2.38567
7.58687 2.36442
4.74125 3.43348
4.71772 3.3973
4.62253 3.20541
4.64459 3.25739
4.77838 -1.96477
4.81367 -2.08511
4.87977 -2.30336
4.87705 -2.29357
7.92874 1.63196
7.91029 1.68509
7.98167 1.4647
7.97022 1.50446
5.38614 -2.94508
5.24674 -2.93106
5.72421 -2.82144
5.70139 -2.83249
5.57162 -2.89123
5.55717 -2.89796
5.64493 -2.86197
6.48931 -2.304
6.50846 -2.28903
8.02765 -0.160414
7.96101 -0.386642
7.9342 -0.460305
6.63777 3.39882
6.60068 3.42504
6.82377 3.25192
6.8336 3.24382
6.06418 3.72774
6.01284 3.74772
5.63893 3.84656
4.33625 1.88593
4.34167 1.93329
4.38627 2.25949
4.36608 2.12626
6.08843 3.71851
6.14969 3.69103
6.20112 3.66694
6.2571 3.6383
6.28712 3.62211
6.42391 3.54331
6.35364 3.58443
7.27159 2.80658
6.68975 -2.13926
6.76527 -2.07477
7.02692 -1.82756
4.75948 3.463
8.11111 0.708247
8.10248 0.816861
6.67588 -2.15128
8.10716 0.333809
8.11494 0.527939
4.55899 -1.1091
4.56907 -1.15134
4.53289 -0.997877
4.54275 -1.04026
4.51773 2.90242
4.50415 2.85349
4.53936 2.97839
4.541 2.98373
7.39358 -1.41727
7.38235 -1.43137
4.47163 -0.732324
4.48465 -0.787941
4.51343 -0.914109
6.01055 -2.65296
6.03611 -2.63582
4.61826 -1.34793
4.60318 -1.28626
4.63251 -1.40423
7.96364 -0.378815
5.02969 -2.70449
5.03303 -2.71031
4.95889 -2.53979
4.96111 -2.54515
8.0852 0.134053
8.07737 0.0773693
4.5199 -0.942221
4.52813 -0.977183
4.28884 0.723215
4.28625 0.774167
4.46891 -0.72016
5.52756 3.85564
5.53661 3.85506
4.35033 2.00662
4.34927 1.99691
4.33312 1.85209
4.32852 1.80607
4.31545 0.241994
4.31059 0.29696
4.89978 -2.36688
4.89872 -2.36311
8.09663 0.867256
7.46311 -1.32546
7.49996 -1.27466
5.82186 -2.76732
5.76982 -2.79738
5.20972 -2.9171
4.99193 -2.623
4.99055 -2.62024
8.0327 -0.140793
7.89778 -0.552751
7.87415 -0.612132
6.53414 3.47215
6.54112 3.46725
7.02259 3.07191
7.04085 3.05456
8.1146 0.591614
4.3243 1.76392
4.3225 1.74246
4.75123 -1.86396
4.29218 1.23121
4.29244 1.27856
6.74073 3.32007
6.77042 3.29589
6.94456 3.14595
6.97486 3.11748
6.12555 -2.57524
4.71137 -1.71389
4.6722 -1.56637
8.1009 0.267521
8.09436 0.199369
4.29365 1.29471
4.29879 1.40187
4.28574 1.02846
4.28544 0.913719
4.28637 0.786718
4.28547 0.901622
4.30567 1.52303
4.29991 1.42191
4.42656 -0.51229
4.41348 -0.445717
4.29579 0.510095
4.30261 0.398522
5.44295 3.85473
5.51535 3.85557
4.94127 -2.48907
4.95656 -2.53437
4.32895 0.108188
4.35026 -0.066414
7.82253 -0.727407
7.76796 -0.837451
7.82069 1.91041
7.78649 1.98701
4.43369 2.53873
4.43887 2.56824
4.59412 3.13462
4.55967 3.04064
5.21978 3.8161
5.29449 3.83543
8.05179 1.17227
8.06843 1.08062
7.19464 -1.65165
7.26076 -1.57718
4.64624 3.26061
4.67951 3.32869
5.4473 -2.9307
5.41449 -2.9401
5.02704 -2.69999
4.99344 -2.62609
5.10675 -2.82954
5.05165 -2.74412
5.14754 -2.87067
5.86308 -2.74359
5.88298 -2.73223
4.72403 -1.7596
5.9004 -2.72239
8.06311 -0.00180821
8.03979 -0.110748
7.69994 -0.961815
7.87406 -0.612337
7.64915 -1.0476
7.55842 -1.19012
7.55123 -1.20079
7.53686 -1.22188
6.40653 -2.36949
6.31713 -2.4368
6.08478 -2.60288
6.05471 -2.62288
4.94492 3.66935
5.03426 3.73326
5.4239 3.85332
4.54586 -1.05354
4.55761 -1.10333
4.30978 1.58129
4.31705 1.67851
4.29392 0.546628
4.2897 0.659336
4.53905 2.97724
4.52121 2.91598
7.29849 -1.53333
7.35033 -1.47126
4.28614 1.0532
4.2891 1.16771
4.57236 -1.16448
4.28588 1.04072
4.3075 1.5502
4.38693 -0.302878
4.46239 -0.689808
4.30442 0.374281
4.29473 0.528952
4.36443 -0.164628
4.32193 0.174771
7.72905 2.10618
7.87288 1.78439
7.89893 1.71591
7.69184 2.17852
4.48256 2.76943
4.45368 2.64276
4.48857 2.79293
5.04392 3.73857
5.15786 3.79451
5.38937 3.84998
7.27558 2.80194
7.27467 2.80303
8.01007 1.35966
8.09158 0.91872
7.9968 1.4108
7.53092 2.45456
7.53621 2.44631
7.28772 2.78689
7.40577 2.6359
7.39444 -1.41617
7.44734 -1.34694
7.63461 2.28238
7.61424 2.318
4.70557 3.37463
4.61256 3.18372
4.85875 -2.23686
4.85524 -2.22403
7.94111 1.59561
7.95663 1.5482
6.7158 3.3395
6.926 3.16272
6.31295 3.60858
6.48119 3.5073
6.2796 -2.46502
6.44584 -2.33852
6.57004 -2.23934
6.53356 -2.26936
4.93671 3.66304
4.32058 1.71951
4.28926 0.674013
4.49793 2.82854
4.28958 1.1822
4.97558 -2.58133
5.61602 3.84951
5.76295 -2.80083
7.92027 -0.497956
4.92482 -2.44654
6.33178 3.59746
4.60542 3.16476
5.93884 -2.69854
6.84302 3.23597
4.34805 1.98616
6.59712 -2.21731
6.47003 -2.31987
6.98466 3.10813
6.78138 3.28685
7.92173 -0.494174
6.56509 3.45025
