7.27447 1.5101
7.28004 1.49604
7.4552 0.668536
7.4578 0.595819
7.41571 1.0304
7.4243 0.987445
5.09447 -0.194868
5.09333 -0.189941
5.16211 -0.447611
5.17647 -0.494934
5.3951 -1.0006
5.34981 -0.921731
5.50551 -1.16198
5.52877 -1.19103
5.09672 1.79997
5.09584 1.79627
5.15962 2.00016
5.1846 2.06785
7.21232 1.64914
7.21352 1.64678
7.25442 -0.344853
7.2219 -0.413119
6.4701 -1.26523
6.50578 -1.24177
6.17036 2.65286
6.18167 2.64875
6.40242 2.55267
6.4187 2.54369
7.13256 -0.575211
7.11104 -0.610738
5.55298 2.57775
5.644 2.6299
7.45258 0.741005
7.45368 0.727437
5.22838 -0.643087
5.20296 -0.572789
5.30516 -0.8279
5.34425 -0.910349
5.04868 1.58135
5.03403 1.4985
5.01244 1.3551
5.01255 1.35592
4.9959 1.1846
4.98849 1.07875
5.45811 2.50133
5.4645 2.50659
5.33334 2.35127
5.36281 2.39316
6.0808 -1.41591
6.04745 -1.41786
6.27378 -1.36434
6.28775 -1.35799
5.89388 -1.41411
5.89812 -1.41459
5.23623 2.18265
5.20471 2.11418
6.88885 -0.906529
6.84621 -0.953553
6.6939 -1.10069
6.68186 -1.1113
5.71254 -1.34697
5.65188 -1.30538
7.29045 -0.261601
7.27038 -0.309992
7.36016 -0.0646699
7.38229 0.0126209
7.41765 0.167586
7.43278 0.254254
5.06031 -0.0302261
5.06749 -0.0665565
4.98123 0.872
4.98184 0.90822
4.98332 0.674933
4.98225 0.712754
4.99956 0.403873
4.99548 0.451833
5.02804 0.15642
5.0234 0.187761
5.9073 2.68959
5.95947 2.68959
5.75336 2.66971
5.70612 2.653
6.98132 -0.795935
6.94186 -0.845705
7.3119 1.41369
7.33554 1.34337
7.39705 1.12109
7.39266 1.1427
7.45614 0.494243
7.4501 0.401697
7.45638 0.502363
7.45704 0.527911
5.1335 -0.347372
5.10955 -0.257834
7.43155 0.934068
7.42559 0.979521
6.75484 2.28958
6.75602 2.28844
6.58089 2.43731
6.60157 2.42117
6.89696 2.13585
6.88311 2.15261
7.02744 1.96632
6.98997 2.01828
6.30737 2.60002
6.34795 2.58128
6.44024 2.53142
6.47003 2.51323
5.15172 -0.41225
4.98252 0.945085
4.9838 1.00093
4.98063 0.81392
7.36722 1.23934
7.38302 1.17997
7.33904 1.33278
7.33857 1.33417
5.10659 -0.246197
5.10777 -0.250861
5.17719 -0.497298
5.18033 -0.507552
6.8341 2.20829
6.82573 2.21723
7.04333 1.94287
7.08573 1.87679
7.29718 -0.244707
7.31555 -0.197303
7.31038 1.41831
5.00007 1.23827
4.9982 1.21554
7.44905 0.787217
7.44543 0.827982
5.0026 0.371081
5.00749 0.321244
4.98541 0.621499
4.98707 0.582336
7.16332 1.74278
7.15436 1.7595
5.05191 0.0150938
5.04348 0.0600581
4.98068 0.777943
7.08157 -0.656975
7.04673 -0.708176
7.2445 1.58039
7.30857 1.42356
7.45758 0.586851
7.45475 0.692626
7.42509 0.98229
7.41193 1.05235
5.08296 -0.143205
5.10062 -0.222336
5.34695 -0.916004
5.43822 -1.0719
5.57265 -1.23609
5.46195 -1.10407
5.07122 1.69161
5.09893 1.80817
6.66751 2.36825
6.68112 2.35631
5.39189 2.42871
5.45672 2.50006
6.17653 -1.39684
6.17435 -1.3973
5.80313 -1.38941
5.88915 -1.4128
5.19514 2.0932
5.14384 1.95339
6.71438 -1.08201
6.77223 -1.02845
7.22088 1.63163
7.18434 1.70326
7.21272 -0.431067
7.2689 -0.313367
7.39243 0.0524944
7.41042 0.130646
4.98124 0.741474
5.00876 0.309532
5.02258 0.193881
5.76109 2.67145
5.85596 2.68714
6.56911 -1.19914
6.39289 -1.30873
6.97509 2.03785
6.93777 2.08624
6.06413 2.67815
6.02722 2.68226
6.13732 2.66109
6.27759 2.61399
7.01229 -0.755246
7.17081 -0.508909
7.23832 1.59423
7.24134 1.58743
5.65189 2.63375
5.53687 2.56609
7.45207 0.74964
5.26381 -0.736522
5.19356 -0.546279
5.26486 -0.738979
5.26578 -0.741027
5.44641 -1.08344
5.62122 -1.28243
5.02905 1.4692
5.06164 1.6455
5.12773 1.90476
5.01242 1.35491
5.2948 2.29074
5.98656 -1.42192
6.17709 -1.39664
6.37236 -1.3201
5.75277 -1.36692
5.27157 2.25261
5.28132 2.26951
6.80821 -0.993726
6.91597 -0.876087
6.60881 -1.16881
7.13694 1.79068
7.10154 1.85097
7.18925 -0.475771
7.29362 -0.253808
7.32036 -0.18405
7.34916 -0.100556
7.43652 0.280806
5.07574 -0.109058
5.05523 -0.00324766
4.98425 0.647555
4.98835 0.55812
4.99385 0.472657
5.00108 0.386548
5.04211 0.0682982
7.4487 0.386273
7.38696 1.16364
7.40092 1.10523
7.45634 0.498846
7.36229 1.25626
7.40602 1.07851
7.43633 0.904397
6.76069 2.28373
6.51695 2.48276
6.81481 2.22874
6.85591 2.18435
7.0396 1.94866
6.49488 2.49814
7.44281 0.853638
6.29211 2.60744
6.38578 2.56218
