7.67622 -0.264339
7.69314 -0.211802
5.5101 3.28093
5.46408 3.26693
5.11507 3.02731
5.11617 3.02862
7.78657 0.20744
7.79571 0.280609
4.6133 1.11586
4.61216 1.09248
4.98385 -1.25863
4.97238 -1.22772
4.64069 1.52374
4.64359 1.55175
4.68417 1.86598
4.68529 1.8726
5.60229 -2.10972
5.67124 -2.12249
5.43343 -2.02412
5.42204 -2.01472
4.61532 0.60285
4.61648 0.574164
4.93157 2.73874
4.96739 2.80925
7.12251 -1.24196
7.13105 -1.232
4.68814 -0.112423
4.6731 -0.0122537
7.49642 -0.687494
7.49479 -0.690657
4.76171 2.24818
4.7677 2.27255
5.71448 3.30732
5.74558 3.30677
6.6761 2.91317
6.73963 2.86314
6.85604 -1.52315
6.82151 -1.55632
7.38847 -0.874726
7.36266 -0.91597
7.4517 1.97735
7.4291 2.01951
7.62477 1.59171
7.59735 1.66314
7.70861 1.32811
7.72585 1.26277
7.74087 -0.0362505
7.75381 0.0212837
7.60728 -0.44991
7.59594 -0.477787
5.31064 3.19565
5.2395 3.14578
5.03541 -1.39614
5.03988 -1.40815
5.14588 -1.64409
5.11693 -1.58367
6.49711 3.04102
6.54534 3.00904
4.61892 1.2472
4.62174 1.29512
4.67524 1.80823
4.67527 1.80842
6.17908 -2.0093
6.20102 -1.99866
5.94212 -2.1002
5.94372 -2.0998
5.71032 -2.12637
5.79338 -2.12697
4.80006 -0.64861
4.77794 -0.560758
4.85298 -0.850493
4.84983 -0.838974
4.64261 0.228406
4.64222 0.232063
4.61005 0.729887
4.60886 0.784443
4.72705 2.09546
4.73424 2.12794
6.1453 3.22154
6.22148 3.18935
5.95786 3.27846
5.96945 3.27635
6.8423 2.77421
6.88965 2.72888
6.61861 2.95729
6.39979 -1.88442
6.31161 -1.938
6.57652 -1.76007
6.59873 -1.74415
6.80092 -1.57533
6.72116 -1.64458
7.24663 -1.08449
7.28413 -1.03339
7.2892 -1.02632
7.29129 -1.02332
7.81032 0.50454
7.80905 0.457224
4.94096 -1.13632
4.94302 -1.14302
4.75236 -0.443763
4.7734 -0.541145
6.98306 -1.39693
7.01316 -1.36597
7.03338 2.58058
6.98282 2.63511
7.80993 0.656645
7.80973 0.674426
7.71074 -0.152347
7.65346 -0.330208
6.03757 -2.06834
6.09658 -2.04694
5.53236 -2.0825
5.56186 -2.09535
5.69653 -2.1267
7.0402 -1.33606
7.05443 -1.32045
6.2585 3.17407
6.36907 3.11859
7.77183 1.04184
7.74982 1.1597
7.37387 2.1165
7.33328 2.18356
7.29057 2.24829
7.33283 2.18427
7.20218 2.37324
7.22162 2.34686
7.65796 1.49516
7.67281 1.45022
7.63772 -0.372603
7.55982 -0.558453
7.55419 -0.570993
6.58551 2.98171
6.48859 3.04674
4.65936 1.69267
4.65784 1.68008
4.63405 1.45707
4.63125 1.42343
5.9937 -2.08521
5.83385 -2.12029
5.89253 -2.11251
4.84027 -0.804117
4.82936 -0.763679
4.85927 -0.873255
5.00977 2.88213
5.01588 2.893
6.03106 3.26066
6.05239 3.25326
6.10932 3.23425
6.24333 3.18052
6.36993 3.11817
6.37812 3.1135
6.42981 3.08303
6.77622 2.8318
6.30147 -1.94435
6.4218 -1.8694
6.90337 -1.479
4.60949 0.967029
4.60878 0.91334
4.61715 1.21657
4.61512 1.16733
4.89548 -0.992797
4.91131 -1.044
5.21694 -1.77103
5.22677 -1.78569
4.63119 0.351877
4.6249 0.438475
4.65686 0.107159
4.64978 0.162163
4.6107 0.708225
4.6129 0.654076
4.82602 2.47054
4.83043 2.48489
4.78001 2.31698
4.7941 2.36659
7.05854 2.55179
7.10359 2.49917
7.20313 -1.14137
7.23658 -1.0986
7.78404 0.962603
7.77985 0.991753
7.79813 0.844933
7.79654 0.862855
4.61205 1.04034
4.64774 1.59388
4.65224 1.63423
4.63702 1.48759
4.62044 0.523651
7.51755 1.84536
7.53504 1.8081
4.92392 2.72235
4.91799 2.70836
5.76636 3.30641
5.78111 3.30563
6.90012 -1.48214
4.62454 1.33744
4.62613 1.35927
4.88247 -0.950131
5.28634 -1.87305
5.30494 -1.8952
5.18038 -1.70665
5.16385 -1.677
4.62213 0.476711
4.63573 0.301307
4.64539 0.202326
4.64922 0.167195
4.60963 0.986729
4.60834 0.858981
4.60829 0.840224
5.8707 3.29536
5.832 3.3004
4.73033 -0.340314
4.74209 -0.396468
5.11241 3.02378
5.06158 2.95763
4.70079 -0.185841
4.71332 -0.253349
5.39571 -1.99237
5.38723 -1.98458
5.24705 -1.81648
5.2638 -1.84033
4.71324 2.02573
4.70805 2.00059
4.88467 2.6328
4.88243 2.62705
5.6946 3.3068
5.66275 3.30559
6.49892 -1.81726
6.52599 -1.79714
4.66635 1.74425
6.25159 -1.97163
6.26227 -1.96554
5.40986 3.24671
5.60177 3.29935
5.15389 3.06846
5.11446 3.02651
7.80099 0.336103
7.77766 0.146263
5.04847 -1.42996
5.0773 -1.49648
4.69362 1.92307
4.67549 1.80992
7.47844 -0.72058
7.54972 -0.580307
4.76032 2.24227
4.77716 2.30741
6.81261 -1.56456
6.89776 -1.48441
7.33946 -0.951261
7.43154 -0.804871
7.41338 2.04773
7.47262 1.93727
7.24687 2.31143
7.27909 2.26529
7.62955 1.57897
7.59015 1.68114
7.73014 1.24495
7.70055 1.3577
7.76658 0.0839817
7.72635 -0.0946854
5.21267 3.12418
5.34106 3.21309
5.61118 3.30129
7.80665 0.412288
5.00561 -1.31821
5.09748 -1.54018
5.15948 -1.66936
4.69956 1.95484
4.77472 -0.547027
4.81039 -0.689305
5.19436 -1.73129
4.85199 2.5485
4.84895 2.54104
4.86902 2.59259
4.73932 2.15254
4.7208 2.06426
7.44021 -0.789993
5.99824 3.26956
5.90155 3.29008
6.6994 -1.66349
6.62591 -1.72229
6.55424 -1.77675
7.28809 -1.0279
7.43627 -0.79677
7.81121 0.56468
7.5619 1.74762
7.57613 1.71445
5.35441 -1.95342
5.33976 -1.9361
4.80206 2.39317
4.81164 2.42576
7.04497 2.56764
6.93024 2.68943
7.8071 0.730633
7.80463 0.77502
7.79138 0.903584
7.786 0.949774
4.69122 -0.130609
7.14858 -1.21059
7.15483 2.43601
7.14466 2.44885
7.77499 1.0227
7.74864 1.16536
7.16082 2.42826
7.48873 1.90523
7.38268 2.10161
7.33319 2.18371
7.68461 1.41151
7.64273 1.54041
7.80166 0.809806
4.845 2.52981
6.91781 2.70177
4.64568 1.57547
4.6558 1.66464
5.50365 -2.06883
5.49513 -2.06335
5.81844 3.30236
5.76035 3.30642
5.5111 -2.07323
5.35843 -1.95788
5.02157 2.90192
5.61607 3.30188
6.21422 -1.99154
4.96676 -1.21252
4.62806 1.38439
7.0977 -1.27125
4.66261 0.0643235
4.6395 0.262738
6.37059 3.11783
4.92004 -1.07223
6.48143 3.05152
4.82567 -0.75003
4.95016 -1.16455
