7.66958 -0.258124
7.68391 -0.213643
5.51105 3.26534
5.48112 3.25623
7.77919 0.21435
7.78706 0.277364
4.62235 1.1211
4.62071 1.0875
5.05099 -1.40583
5.04976 -1.40307
4.99867 -1.26785
4.98196 -1.2228
4.65031 1.52972
4.65259 1.55179
4.69312 1.86078
4.69512 1.87264
5.68826 -2.10612
5.60526 -2.09075
4.62381 0.607775
4.62539 0.568688
7.11465 -1.23717
7.12733 -1.22237
4.69781 -0.118367
4.6812 -0.00766992
5.71536 3.29278
5.71902 3.29271
6.67277 2.90308
6.74592 2.84547
6.84771 -1.51807
6.80591 -1.55822
7.38262 -0.867839
7.35147 -0.917614
7.44623 1.96998
7.41991 2.01907
7.61008 1.60738
7.58835 1.66399
7.70014 1.32891
7.7193 1.25629
7.73392 -0.0297445
7.745 0.0195263
7.59765 -0.451832
7.58953 -0.471788
5.31173 3.17779
5.25351 3.13699
5.14536 -1.61487
5.12775 -1.57811
6.48433 3.0374
6.53876 3.00129
4.6282 1.25296
4.63068 1.29516
6.20124 -1.98454
6.2034 -1.9835
5.92816 -2.08738
5.96234 -2.079
5.79612 -2.10942
5.72271 -2.1089
4.80845 -0.643856
4.78427 -0.547817
4.61869 0.734894
4.61761 0.784301
4.89943 2.63622
4.89485 2.62641
6.24507 -1.96129
6.25302 -1.95705
4.73596 2.08991
4.74439 2.12805
7.4858 -0.689612
7.49153 -0.678494
6.14377 3.20928
6.20406 3.18381
6.42279 3.07487
6.42466 3.07387
5.93908 3.26851
5.96348 3.26407
6.60657 2.95387
6.83911 2.76454
6.83908 2.76457
6.40139 -1.87031
6.32006 -1.91972
6.5668 -1.75414
6.60033 -1.73012
6.80251 -1.56137
6.71264 -1.63939
7.23488 -1.08621
7.2499 -1.06576
7.28322 -1.01928
7.297 -0.999559
7.80212 0.501461
7.80106 0.462245
4.76045 -0.439185
4.78002 -0.52976
6.97496 -1.392
7.01739 -1.34836
4.77005 2.23987
4.77175 2.24654
7.02695 2.57409
6.97296 2.63232
7.80167 0.674207
7.80161 0.679531
7.70394 -0.14598
7.64402 -0.332091
6.02595 -2.05767
6.09904 -2.03118
5.529 -2.05993
5.57546 -2.08016
5.69938 -2.10844
7.03671 -1.32699
7.04687 -1.31584
6.25698 3.16197
6.35337 3.1136
7.75332 1.0976
7.765 1.03508
7.36856 2.10935
7.34597 2.14667
7.28506 2.24088
7.32322 2.18308
7.19684 2.36605
7.21135 2.34636
7.64912 1.49599
7.66636 1.44383
7.74088 1.1628
7.73591 1.18521
7.63124 -0.366532
7.54454 -0.572264
7.54421 -0.572983
6.5841 2.97045
6.48199 3.03897
4.66782 1.68775
4.6669 1.68012
4.64258 1.4521
4.6402 1.42347
5.99622 -2.06911
5.81807 -2.1058
5.89518 -2.09557
5.51419 -2.05352
4.86114 -0.845451
4.841 -0.770822
5.43946 -2.00576
5.37783 -1.95176
5.40384 -1.97604
6.02951 3.24831
6.03301 3.2471
6.10088 3.22444
6.2353 3.17118
6.36226 3.10926
6.76545 2.82875
6.83911 2.76454
6.41172 -1.86326
6.90508 -1.46397
4.61821 0.961952
4.61757 0.913329
4.62581 1.21153
4.62398 1.16732
4.90814 -1.00067
4.92014 -1.03946
4.94956 -1.13072
4.94991 -1.13172
5.22029 -1.74964
5.24511 -1.78667
4.63951 0.356698
4.63397 0.432904
4.66493 0.11173
4.65918 0.156385
4.61966 0.702727
4.62164 0.653934
4.84014 2.47933
4.84175 2.48457
4.79366 2.32548
4.80525 2.36628
7.04131 2.5583
7.09422 2.49651
7.19072 -1.14319
7.23086 -1.09186
7.77488 0.96836
7.76785 1.01727
7.78964 0.85027
7.78878 0.859946
4.62062 1.04033
4.65754 1.59997
4.66081 1.62925
4.64604 1.48763
4.62894 0.523513
4.97784 2.80173
4.97823 2.80245
7.50796 1.84626
7.52941 1.80054
5.76725 3.29188
5.80146 3.29007
6.89163 -1.47696
4.63315 1.33243
4.63511 1.35932
4.89126 -0.945279
4.86131 -0.846026
5.28967 -1.85176
5.32716 -1.89638
5.19238 -1.70048
5.17976 -1.67785
4.63045 0.481533
4.64499 0.295621
4.65746 0.171973
4.65154 0.226336
4.61842 0.991827
4.61717 0.8641
4.61709 0.834817
5.87154 3.28162
5.82576 3.28758
6.83912 2.76454
4.73849 -0.335693
4.75257 -0.402898
5.07906 2.95786
5.11744 3.00781
4.70322 -0.149713
4.72362 -0.259672
5.26027 -1.80968
5.28249 -1.84133
4.72464 2.03282
4.71802 2.00069
5.71303 3.29272
5.66365 3.29084
6.50052 -1.80323
6.51649 -1.79136
4.67548 1.74429
5.41087 3.23003
5.57065 3.27731
5.16674 3.0604
5.13492 3.02678
7.79333 0.343274
7.76879 0.142935
5.04792 -1.39867
5.08792 -1.49103
4.70258 1.91785
4.68501 1.80846
7.54396 -0.573518
7.53917 -0.583154
4.77269 2.24997
4.7882 2.3071
6.80444 -1.55958
6.88188 -1.48635
7.33376 -0.944552
7.42044 -0.806502
7.40799 2.04047
7.46353 1.93684
7.24145 2.30414
7.26892 2.2648
7.58685 1.66773
7.62065 1.57981
7.72184 1.24573
7.69405 1.35127
7.75949 0.090626
7.71734 -0.0964835
5.21384 3.10504
5.35644 3.20343
5.61213 3.28584
5.037 2.8993
5.02725 2.88587
7.79822 0.409127
5.01525 -1.31325
5.11592 -1.55165
5.17139 -1.66324
4.7108 1.96183
4.86127 -0.845899
4.78295 -0.542369
4.82177 -0.696288
5.21034 -1.73215
4.86813 2.55721
4.85896 2.53476
5.02305 2.87935
4.93421 2.71589
4.7483 2.14695
4.73084 2.06436
7.43843 -0.775622
6.02413 3.24977
5.89544 3.27752
6.70099 -1.64951
6.61689 -1.71679
6.53316 -1.77932
7.27593 -1.02969
7.43026 -0.789688
7.80312 0.569762
7.55253 1.7485
7.56982 1.7082
4.81588 2.40177
4.82284 2.42544
6.93755 2.6689
7.03543 2.56494
7.80082 0.696357
7.79662 0.772013
7.78256 0.90913
7.77816 0.946835
4.69913 -0.126131
7.15089 2.42704
7.14771 2.43097
7.15339 -1.19055
7.76612 1.02828
7.74179 1.15859
7.48317 1.89775
7.3734 2.10116
7.32761 2.1762
7.15365 2.42351
7.67597 1.41232
7.63631 1.53406
7.79155 0.831304
4.84707 2.50096
6.9074 2.69882
4.65425 1.57048
4.66566 1.67077
5.81929 3.28851
5.75329 3.29191
6.299 -1.93204
6.30311 -1.92991
5.3617 -1.93696
4.65082 0.233167
4.67757 1.75931
5.63363 3.28845
6.20469 -1.9828
4.97376 -1.20064
4.63748 1.39024
7.07779 -1.28069
4.6696 0.0769549
7.62135 1.57783
4.64822 0.262596
6.36908 3.10576
4.92675 -1.06085
5.37034 -1.94523
6.48002 3.04028
4.83409 -0.745263
5.4366 -2.00381
6.44971 3.05878
