5.35221 -2.25082
5.30415 -2.20877
6.11092 -2.21681
6.18822 -2.17472
5.83729 -2.32577
5.83507 -2.32653
5.674 -2.35251
5.68979 -2.35239
4.95732 -1.57352
4.98724 -1.65033
4.72526 -0.806876
4.67858 -0.616615
5.05741 -1.81789
5.07621 -1.85713
4.59788 2.04651
4.59002 1.99938
7.56517 -0.773587
7.60574 -0.694691
7.15655 2.60188
7.15317 2.6059
7.85535 1.12445
7.86186 1.08928
7.43903 2.20417
7.44805 2.18908
7.35544 2.33558
7.34384 2.35273
7.76378 1.4852
7.75041 1.52696
7.90586 0.718607
7.90924 0.611879
7.75644 -0.339438
7.72474 -0.426476
7.81562 -0.148181
7.82466 -0.114695
5.07015 3.24071
5.10544 3.27545
5.25445 3.38314
5.30139 3.40785
5.58195 -2.35009
5.60418 -2.35268
7.87445 0.12517
7.86141 0.0501024
7.90345 0.382348
7.89873 0.319257
4.95061 -1.55428
4.92094 -1.46929
4.54242 1.63557
4.54704 1.67957
4.52364 1.42293
4.52134 1.3975
5.10771 -1.92361
5.13413 -1.97058
5.94753 3.44263
5.93514 3.44599
6.16366 3.36805
6.10846 3.38877
6.38802 3.25693
6.40363 3.24727
5.69658 3.48197
5.67868 3.48234
6.84764 2.92156
6.88103 2.89158
7.4578 -0.956416
7.49507 -0.896506
6.46123 -1.99926
6.40229 -2.04168
6.64424 -1.86208
6.60296 -1.89476
6.8613 -1.6732
6.79925 -1.72993
6.99928 -1.53811
6.99107 -1.54683
6.02558 -2.2566
6.03699 -2.25199
5.53197 -2.34118
5.52633 -2.33999
4.50409 0.913463
4.50385 0.901518
4.50887 1.15259
4.50937 1.16746
4.52179 0.418547
4.52523 0.369176
4.57008 -0.0399131
4.55835 0.0513884
4.50918 0.640067
4.50847 0.655775
4.61217 -0.291283
4.59702 -0.20785
4.80689 -1.10687
4.78944 -1.0459
7.79242 -0.228811
7.76739 -0.307477
6.23716 -2.14711
6.08742 -2.22823
7.08358 -1.4486
7.09424 -1.43692
5.8189 3.46917
5.92467 3.44801
6.31298 3.29761
6.27639 3.31689
4.72526 2.59523
4.7024 2.51819
4.7463 2.66215
4.74083 2.64614
4.78057 2.75457
4.79186 2.7843
7.07953 2.68981
7.09916 2.66812
7.25907 2.4716
7.21917 2.52347
6.56266 -1.92473
6.50317 -1.97045
6.91969 -1.61697
6.89574 -1.64077
7.51752 2.06591
7.53946 2.02482
7.81181 1.3184
7.80577 1.34181
7.71705 -0.44687
7.67732 -0.541746
7.67518 -0.546854
6.7589 2.99709
6.7319 3.01963
6.51268 3.17958
6.5297 3.16848
4.5405 1.61541
4.53125 1.5169
4.52874 1.48709
4.52032 1.38324
4.51709 1.33739
4.74936 -0.902776
4.85848 2.93468
4.86566 2.94883
4.6176 2.15354
4.63041 2.22043
5.72219 3.48056
5.93165 3.44669
6.04993 3.41124
6.26644 3.32133
6.49867 3.18907
5.70383 3.48188
5.63462 3.48255
5.65195 3.48269
6.90517 2.86839
7.03368 -1.50209
7.07799 -1.45479
6.35352 -2.07254
6.7498 -1.77257
6.70167 -1.81463
6.28715 -2.11652
5.18274 -2.05276
5.22129 -2.10935
5.27049 -2.1721
5.26999 -2.17157
5.90677 -2.30425
5.93608 -2.29397
4.50516 1.02775
4.50477 0.976962
4.50382 0.86189
4.5038 0.838046
4.51225 1.24778
4.51091 1.21491
4.50742 1.10396
4.85959 -1.28456
4.8605 -1.28736
4.51566 0.505567
4.51886 0.460154
4.52851 0.329695
4.57422 -0.0682333
4.50552 0.734335
4.50641 0.707021
4.51143 0.590576
4.81376 2.83768
4.81595 2.84328
4.66303 2.36912
4.66329 2.37031
7.6469 1.79919
7.66325 1.76101
7.03829 2.73596
7.04087 2.73332
7.16181 -1.35904
7.13868 -1.38609
7.30494 -1.17915
7.2639 -1.23341
7.89089 0.895446
7.89062 0.898148
7.80382 -0.189719
5.40861 -2.28886
5.3778 -2.27164
4.75092 -0.908812
4.75534 -0.925415
4.50574 1.04046
4.50576 1.05352
6.70573 3.04078
6.64808 3.08386
6.55072 3.15427
6.59037 3.12659
4.63212 -0.395915
4.61743 -0.319961
4.51495 0.525368
4.5135 0.543828
4.60816 2.10483
4.61235 2.12669
4.57758 -0.0892577
4.59328 -0.186055
4.64689 2.29662
4.64997 2.31103
4.63716 2.25173
7.02557 2.7487
7.70029 1.66825
7.70624 1.6529
7.64711 -0.607523
7.62219 -0.662401
5.549 3.47517
5.49856 3.47004
4.95805 3.10452
4.96837 3.11936
4.57051 1.87207
4.5672 1.84843
7.34895 -1.11993
7.90137 0.780047
7.90557 0.724458
4.53831 1.59168
4.53452 1.55125
4.67339 -0.594377
4.64568 -0.462761
4.90642 3.02375
4.91129 3.03234
4.53163 0.294159
4.53438 0.264449
4.83296 -1.19639
4.82415 -1.16609
5.48474 -2.3269
5.45051 -2.31311
5.00605 3.16985
5.00262 3.1657
5.38766 3.4424
5.39835 3.44608
5.78606 -2.33833
5.88559 -2.31171
5.76551 -2.34157
7.89184 0.251051
7.88384 0.186093
4.95271 -1.56052
5.0052 -1.69366
5.04349 -1.78851
5.09408 -1.8951
4.58801 1.98793
4.60096 2.06303
7.56201 -0.779384
7.62116 -0.66448
7.61806 1.86423
7.58601 1.93249
4.76293 2.70889
4.74779 2.66623
7.11817 2.64625
7.1583 2.5998
7.83398 1.22798
7.8766 0.999011
7.40876 -1.03291
7.37456 -1.08361
7.47883 2.13579
7.39821 2.27102
7.31172 2.39869
7.39791 2.27147
7.73607 1.56895
7.77923 1.43552
7.90567 0.722938
7.90915 0.581285
7.85211 0.00391422
7.83467 -0.0730755
5.15249 3.31478
5.20381 3.3527
5.41191 3.44913
5.78299 -2.33913
7.90735 0.450064
4.90453 -1.42018
4.88997 -1.37765
5.02332 -1.73935
4.67538 -0.603268
4.67625 -0.606984
5.17467 -2.04123
4.57985 1.93573
7.67157 -0.554995
7.50569 -0.87857
7.42549 -1.00771
7.90914 0.503126
6.06984 -2.23611
5.98655 -2.27406
5.88679 -2.31124
5.54073 -2.34255
5.177 -2.04461
4.6784 2.42955
4.6645 2.37548
7.89648 0.837524
7.89149 0.889996
4.7811 -1.01716
4.85854 -1.28127
4.7309 2.61464
4.68228 2.44356
7.19418 2.55527
7.04504 2.72879
7.88292 0.95486
7.82993 1.24576
7.28636 2.4343
7.55503 1.99444
7.49511 2.10702
7.39815 2.27111
7.78901 1.40169
7.71943 1.61628
4.55269 1.73213
4.55512 1.75335
4.51533 1.31439
4.88087 2.97772
4.852 2.92116
5.6002 3.48131
5.98053 -2.27619
4.76769 -0.969227
4.50366 0.798297
4.51322 1.27706
4.50971 1.1828
4.88234 -1.35574
4.5492 0.123224
4.53722 0.231295
4.50406 0.773728
4.50769 0.670547
4.8215 2.85647
7.19561 -1.31889
7.8993 0.810532
6.60261 3.11821
7.67313 1.73715
4.99251 3.15205
4.9372 3.0734
4.57095 1.87498
4.56197 1.8079
5.1783 -2.04644
5.00058 3.16293
7.63168 1.83462
7.57217 1.96074
7.35803 -1.10743
4.90294 3.01754
4.51429 1.29463
4.54845 1.69464
4.5259 1.45247
4.56135 1.80326
4.53712 0.232297
4.50389 0.786152
4.50424 0.925637
4.55231 0.0965115
5.237 -2.13186
7.23072 -1.2756
7.25115 -1.25005
6.62427 3.10194
4.83719 2.89095
5.26921 -2.17064
