6.1962 -0.494092
6.26719 -0.483722
5.99675 -0.451913
5.98942 -0.447328
6.66124 -0.211989
6.67748 -0.190968
5.54526 1.01993
5.54337 1.00436
5.82379 -0.307589
5.80956 -0.291607
5.576 0.254115
5.58054 0.234459
5.54289 0.459945
5.54522 0.438831
6.92177 0.465649
6.9243 0.493305
6.41573 -0.429574
6.51782 -0.358938
5.93526 1.75667
6.02971 1.79047
5.76666 1.61201
5.83066 1.68392
5.52779 0.786934
5.52699 0.734247
5.64169 1.39517
5.65968 1.43684
6.87876 1.00643
6.88663 0.974434
6.69078 1.42719
6.69847 1.41503
6.79647 1.23578
6.83264 1.15007
6.78232 -0.0194204
6.79341 0.00174578
5.71233 -0.138625
5.70509 -0.12329
5.63868 0.0318388
5.6322 0.0509484
6.25756 1.77668
6.21851 1.7893
6.51593 1.62848
6.53043 1.61557
6.87435 0.216036
6.88032 0.238182
6.44183 1.68523
6.41333 1.70613
6.62035 1.51918
6.58551 1.56076
6.91022 0.852427
6.90305 0.897995
6.37533 1.72903
6.32651 1.75114
6.92586 0.720463
6.92297 0.76129
5.59622 1.26312
5.58844 1.23705
5.53497 0.54349
5.53274 0.56943
6.30323 -0.476371
6.12262 -0.488939
5.90459 -0.390673
6.02847 -0.463599
5.8389 1.69076
5.92881 1.75391
6.69255 -0.168842
6.60258 -0.278149
5.53341 0.905352
5.55381 1.07692
5.76511 -0.224935
5.86604 -0.351929
6.77561 1.27947
6.75943 1.31165
6.83516 0.095845
6.83836 0.103479
5.56808 0.290726
5.60279 0.151786
5.55165 0.389278
5.53846 0.504143
6.93019 0.605683
6.90822 0.367483
6.094 -0.486145
6.40865 -0.433077
6.53541 -0.344729
5.89591 -0.382335
6.13274 1.801
6.17737 1.79485
6.07981 1.79696
5.73588 1.57289
6.74133 -0.093096
5.53077 0.866786
5.52778 0.665049
5.71861 -0.151169
5.70902 1.5292
5.6788 1.47282
6.67721 1.44665
6.74656 1.33491
6.84045 1.12972
6.83886 0.104888
5.67047 -0.0448569
5.62738 0.0660003
5.55599 0.360295
5.53036 0.605916
6.28633 1.7695
6.90264 0.336286
6.93027 0.616151
6.92903 0.65542
6.86352 1.05851
6.638 1.49883
6.56911 1.57763
6.91668 0.811863
5.56309 1.13081
6.89544 0.937115
5.57717 1.19073
5.62026 1.3393
5.56756 1.14855
6.86831 1.04361
