6.37774 2.67089
6.33856 2.69008
5.54467 2.71403
5.52729 2.70313
7.48373 1.03291
7.48507 1.02619
5.02823 -0.231445
5.01794 -0.187212
5.09324 -0.485637
5.09517 -0.49199
5.02598 1.84567
5.00122 1.74226
6.7462 2.40632
6.67482 2.46843
4.91002 0.779542
4.9098 0.785551
5.3614 2.56201
5.35146 2.55107
6.06693 -1.53804
6.15635 -1.51781
5.87924 -1.54307
5.87802 -1.54279
5.08414 2.04892
5.08422 2.04911
6.91402 -0.994885
6.90309 -1.00717
5.769 2.7953
5.74594 2.79143
7.02158 2.09764
7.05096 2.05764
7.1341 1.93391
7.14562 1.91543
7.18934 -0.620111
7.16397 -0.66199
7.51901 0.743453
7.5209 0.720086
5.16655 -0.712976
5.15615 -0.682972
5.31221 -1.04637
5.33787 -1.09529
5.22885 -0.870038
5.2117 -0.827914
5.41206 -1.21358
5.39102 -1.18047
5.53853 -1.3661
5.51807 -1.34649
4.97886 1.62646
4.99739 1.72446
4.94491 1.39874
4.9519 1.45161
4.91377 0.652599
4.91387 0.649178
4.91095 0.904314
4.91107 0.915289
5.24628 2.4059
5.23262 2.38138
5.15643 2.23393
5.16905 2.262
6.26037 -1.48243
6.20483 -1.50199
5.69863 -1.48576
5.72833 -1.49887
6.75556 -1.15523
6.76693 -1.14521
7.24946 -0.512434
7.23082 -0.547712
7.34379 -0.313245
7.33829 -0.326501
7.49131 0.189265
7.49255 0.19639
4.9252 0.449787
4.92488 0.453502
4.95832 0.150782
4.9661 0.0982369
6.14662 2.76645
6.16237 2.76214
5.95253 2.80348
5.98253 2.79926
6.45681 -1.38227
6.37051 -1.43085
6.65585 -1.24118
6.58878 -1.29237
7.3975 1.36706
7.40792 1.33607
7.46505 1.1236
7.46238 1.13674
7.51904 0.431617
7.51725 0.404172
7.52281 0.554477
7.52393 0.598256
5.00745 -0.137939
4.99533 -0.0755618
7.04426 -0.836978
7.04568 -0.835164
7.43684 1.23827
7.42298 1.28819
6.82292 2.33161
6.77444 2.37913
6.94828 2.19282
6.94729 2.19402
6.40828 2.65342
6.44675 2.63153
7.35825 1.48156
7.37098 1.4465
4.91791 1.10463
4.91393 1.04384
4.91659 0.582362
4.91644 0.585702
4.91185 0.714362
4.91364 1.03596
6.55151 2.56316
6.57263 2.5489
7.5074 0.876602
7.50355 0.908538
5.06548 -0.384931
5.05594 -0.347606
7.1891 1.84185
7.20125 1.8204
6.32357 2.69774
6.28276 2.71631
4.91387 1.03998
5.10842 -0.535272
5.11387 -0.553064
7.43956 -0.0405587
7.43909 -0.0423446
7.3809 -0.220065
7.38333 -0.213781
7.27256 -0.467287
7.28731 -0.437776
7.3798 1.42087
4.93197 1.28226
4.92296 1.17259
5.04016 -0.282877
5.03197 -0.248116
5.08487 -0.457144
4.93602 0.333246
4.93703 0.322911
7.26254 1.70122
7.27934 1.66692
6.39346 2.66223
4.90995 0.773643
7.21226 1.79991
7.23679 1.75355
7.46888 0.0749269
7.46873 0.0742081
7.3396 1.52858
5.44657 2.6447
5.64268 2.76176
7.52274 0.637977
7.52187 0.695099
7.49127 0.984729
7.4815 1.04587
5.01634 -0.179992
5.2686 -0.959272
5.28639 -0.994882
5.47164 -1.29186
5.42694 -1.23575
5.00011 1.73755
5.03936 1.89528
6.65911 2.48174
6.75126 2.40156
5.30074 2.4859
5.39063 2.59092
6.16295 -1.51639
6.02929 -1.54141
5.78799 -1.52268
5.88049 -1.54316
5.11901 2.14239
5.08404 2.04862
7.08665 -0.777073
7.10527 -0.751502
6.92478 -0.982242
6.84184 -1.07088
7.30326 -0.404417
7.32164 -0.364433
4.94253 0.271904
4.94622 0.241027
5.65035 2.76413
5.84882 2.80424
6.55572 -1.31708
6.48422 -1.3644
7.08895 2.00293
7.00016 2.1265
6.26957 2.72235
6.17174 2.75873
7.14449 -0.692554
7.22385 -0.560269
7.47142 0.0876695
7.28682 1.65086
7.31388 1.5901
5.64405 2.76232
5.432 2.63189
7.51687 0.779904
5.1239 -0.584742
5.14928 -0.662515
5.19211 -0.779152
5.35968 -1.13133
5.25102 -0.922499
5.61103 -1.43047
4.9605 1.51349
4.97365 1.59528
5.05478 1.95189
4.93498 1.3107
5.25883 2.4263
5.1991 2.32132
5.14699 2.21093
5.97233 -1.54719
6.26712 -1.47926
6.35906 -1.43725
5.61679 -1.43442
6.77321 -1.13948
6.98069 -0.915538
6.68587 -1.21578
7.25979 -0.492921
7.3613 -0.270259
7.40296 -0.159739
7.40479 -0.154418
7.43332 -0.0613321
7.50736 0.301658
4.9909 -0.0517994
4.98233 -0.00279467
4.91975 0.519141
4.9198 0.51838
4.93059 0.388215
4.9768 0.0311917
6.05711 2.78839
5.92688 2.80452
7.51008 0.325162
6.50764 2.59295
6.52986 2.57813
7.04105 -0.84122
7.45482 1.16614
7.46937 1.10591
7.52212 0.501271
7.41955 1.30044
7.44415 1.21167
7.47395 1.08101
7.4971 0.95207
6.83407 2.32041
6.5939 2.53241
6.8905 2.25902
6.94677 2.19463
7.09964 1.98741
4.91916 0.530236
4.91393 0.645862
6.48681 2.60716
7.51509 0.799082
7.51224 0.829244
7.25134 1.72376
7.23798 1.75124
7.32389 1.56779
7.18037 1.85682
7.44598 1.20495
6.4604 2.62338
