6.15279 -2.57696
6.22348 -2.52668
4.67373 -1.63253
4.67386 -1.63301
7.98376 -0.354239
8.01307 -0.258462
4.87136 3.63352
4.83913 3.60211
4.71893 -1.80488
4.73122 -1.85115
4.28439 1.35822
4.28015 1.30373
4.272 0.97296
4.27202 0.977235
4.27371 0.850233
4.27264 0.791382
4.28899 1.47015
4.28997 1.48599
5.77559 3.84278
5.75657 3.84728
4.28594 0.450889
4.28509 0.463958
4.34408 2.0604
4.35 2.11216
4.93308 -2.54366
4.92091 -2.50781
4.33057 -0.0183215
4.32252 0.0464895
7.78001 -0.840864
7.83127 -0.736988
4.56193 3.1042
4.54445 3.054
5.02801 3.75854
5.06382 3.77811
5.21261 3.83974
5.27006 3.85451
4.88593 -2.40034
4.903 -2.45382
7.12473 2.98746
7.16732 2.94277
7.41916 2.63814
7.42826 2.62593
7.26708 -1.58947
7.22527 -1.63639
4.64751 3.30897
4.62849 3.27057
5.44257 -2.97133
5.49586 -2.95602
5.35148 -2.99187
5.3613 -2.98941
4.80477 -2.12323
4.82369 -2.18458
8.12459 0.66558
8.12375 0.694678
4.97457 -2.65929
4.98861 -2.69024
5.04686 -2.812
5.0478 -2.81327
5.23454 -2.98288
5.24897 -2.98789
5.13431 -2.92614
5.18122 -2.95823
4.75462 -1.93729
4.75962 -1.95889
5.71014 -2.85737
5.64887 -2.88987
5.78403 -2.8154
5.74188 -2.8409
8.06286 -0.0656927
8.06556 -0.0537471
6.68443 3.38172
6.6914 3.3766
6.8937 3.21006
6.89594 3.20815
5.98039 3.77982
5.92748 3.79717
7.71875 -0.954546
7.73948 -0.916422
6.21906 3.67592
6.23941 3.66578
6.46087 3.538
6.48124 3.5254
7.05675 3.05779
7.22835 2.87499
7.20319 2.9039
7.60891 -1.13448
7.64646 -1.0762
6.96419 -1.90977
6.9751 -1.89894
6.79534 -2.06557
6.86591 -2.00255
7.07888 -1.79411
7.05702 -1.81657
4.78764 3.53984
4.74614 3.48295
8.11604 0.800967
8.11815 0.775169
6.4028 -2.39189
6.34261 -2.43812
6.66029 -2.18312
6.62306 -2.21359
7.93088 -0.504207
7.92693 -0.51428
4.83524 3.59819
4.8301 3.59217
8.12558 0.458728
8.12331 0.403504
4.30068 1.64139
4.29853 1.61429
4.27825 0.602589
4.27856 0.594366
5.98694 -2.69168
5.98575 -2.69241
4.48224 -0.839156
4.48865 -0.867468
4.27399 1.10966
4.27384 1.10423
4.36988 2.24931
4.37042 2.25302
7.15098 -1.71702
7.17802 -1.68769
5.9383 -2.72319
5.94266 -2.72019
4.58291 -1.26496
4.57037 -1.21544
4.65046 -1.54104
4.63314 -1.469
5.7391 3.85017
5.75085 3.84826
5.86909 3.8172
4.3941 -0.414742
4.38265 -0.353466
4.43553 -0.623136
4.42625 -0.579012
4.38182 2.31496
4.38909 2.37084
4.37233 -0.294994
4.35549 -0.192068
7.79081 2.00679
7.74839 2.09518
7.8751 1.81172
7.83921 1.89853
4.39218 2.38797
4.40625 2.47436
4.4432 2.66957
4.44492 2.67868
5.08718 3.79034
5.08192 3.78798
5.29242 3.85932
5.35516 3.86985
8.03608 1.30319
8.05678 1.20912
8.08444 1.05811
8.10133 0.938761
7.34584 2.73458
7.36093 2.7151
7.47376 2.56165
7.49103 2.53655
6.88121 -1.98795
6.96205 -1.91194
7.66149 2.25963
7.69393 2.20091
7.58179 2.39627
7.6008 2.36509
4.70875 3.42358
4.70071 3.41122
4.59737 3.19775
4.59882 3.20117
5.42479 -2.97807
5.34375 -2.993
4.76589 -1.98507
4.79475 -2.08347
4.8649 -2.32752
4.85494 -2.29166
7.94193 1.63072
7.91979 1.69448
7.99447 1.4635
7.97991 1.51404
5.26798 -2.98955
5.73105 -2.84666
5.72566 -2.84927
5.61689 -2.90562
5.60138 -2.91181
5.5821 -2.92078
6.49874 -2.31548
6.52768 -2.29284
8.03771 -0.169832
7.97053 -0.395559
7.93429 -0.49516
6.63987 3.41553
6.61904 3.43025
6.84041 3.25664
6.84281 3.25466
6.0888 3.73757
6.02585 3.76207
5.64234 3.86706
4.32321 1.89406
4.32769 1.93315
4.35295 2.13445
6.20326 3.68406
6.09147 3.73642
6.25926 3.65558
6.30863 3.62895
6.42602 3.56017
6.37368 3.5908
7.28023 2.81604
6.70682 -2.14265
6.7689 -2.08963
7.04272 -1.8307
4.74196 3.47735
8.12268 0.712586
8.11543 0.808721
6.68461 -2.1619
4.92917 3.68895
4.96949 3.72004
8.12049 0.352764
8.12717 0.532528
4.54695 -1.1176
4.55871 -1.16685
4.52083 -1.00639
4.52882 -1.04072
4.49657 2.88925
4.48699 2.85474
4.53981 3.03927
4.52159 2.97968
7.3659 -1.47189
7.40389 -1.42421
7.31675 -1.53176
7.30728 -1.54288
4.4606 -0.745206
4.47072 -0.788403
4.49957 -0.91457
5.98843 -2.69073
6.0356 -2.6591
4.60552 -1.35692
4.58656 -1.27938
4.61573 -1.39728
7.97705 -0.376138
4.92198 3.68319
4.91615 3.67773
8.09833 0.138977
8.08977 0.0770384
4.50788 -0.950706
4.51422 -0.977645
4.27579 0.72323
4.2728 0.781997
5.51534 3.87796
5.56512 3.87474
4.33718 2.01481
4.33522 1.99677
4.31849 1.843
4.31478 1.80593
4.30139 0.250628
4.29793 0.289792
4.88077 -2.37963
4.87555 -2.3611
8.10849 0.868488
7.4568 -1.35557
7.50833 -1.28452
5.81604 -2.79676
5.84241 -2.78153
8.04653 -0.135607
7.90679 -0.563361
7.88852 -0.609266
6.53622 3.48879
6.55948 3.47246
7.03784 3.07624
7.04557 3.06889
8.1269 0.583884
4.31138 1.77197
4.30889 1.74232
8.10588 0.192839
8.10736 0.206153
4.73584 -1.86986
4.27906 1.23123
4.27936 1.28618
6.74281 3.33665
6.78705 3.30061
7.28483 2.81032
7.29006 2.80409
6.94665 3.16264
6.99012 3.1218
6.10375 -2.61248
6.23491 -2.5181
4.69733 -1.7238
4.67333 -1.63104
8.11367 0.272308
8.10876 0.220136
4.28 1.29473
4.28583 1.40941
4.27252 1.03616
4.2722 0.913735
4.27284 0.786734
4.27221 0.909337
4.29268 1.53059
4.28653 1.42184
4.41434 -0.519205
4.39805 -0.436246
4.28204 0.51854
4.28931 0.398739
5.43057 3.87734
5.44822 3.87754
4.9415 -2.57118
4.91541 -2.4915
4.31474 0.116913
4.33794 -0.0733911
7.83708 -0.724503
7.77656 -0.847584
7.83464 1.9091
7.79483 1.99824
4.41619 2.52783
4.42482 2.577
4.5673 3.11793
4.54057 3.04202
5.17872 3.82806
5.28234 3.85761
8.06213 1.1825
8.0822 1.07197
7.21431 -1.64876
7.27153 -1.58443
4.62128 3.25301
4.663 3.3422
5.51034 -2.94928
5.56543 -2.92841
4.9565 -2.60939
5.00988 -2.74192
5.08703 -2.87309
5.08399 -2.86784
5.05592 -2.82545
5.01787 -2.75642
5.0975 -2.88482
5.18855 -2.96384
4.70508 -1.75176
8.11847 0.323218
8.07664 0.0032642
8.0883 0.067128
8.05889 -0.0831994
7.71648 -0.958515
7.88272 -0.622537
7.65774 -1.05773
7.57464 -1.18773
7.55937 -1.21038
7.52887 -1.25514
6.4061 -2.38942
6.3386 -2.44106
6.08429 -2.62568
6.06993 -2.63522
5.42593 3.87699
4.53381 -1.06205
4.54366 -1.10379
4.29563 1.5725
4.30347 1.67845
4.28099 0.539131
4.27647 0.659551
4.51728 2.9637
4.50375 2.91725
7.3178 -1.53049
7.36079 -1.4783
4.27266 1.04539
4.27582 1.16773
5.89898 -2.7475
5.97683 -2.69821
4.56022 -1.17305
4.27257 1.04073
4.29399 1.55014
4.37496 -0.309654
4.45554 -0.722455
4.2905 0.382827
4.28144 0.529168
4.3498 -0.155644
4.3094 0.167672
7.74357 2.10481
7.88144 1.79591
7.91235 1.71465
7.70001 2.18952
4.44954 2.70026
4.46764 2.77874
4.47139 2.79342
5.01112 3.74812
5.02074 3.7545
5.14578 3.81657
5.41751 3.87618
8.02471 1.35046
8.1025 0.929522
8.00655 1.42044
7.53584 2.46949
7.55026 2.44699
7.41052 2.65028
7.41212 -1.41357
7.45581 -1.35692
7.64837 2.28305
7.62224 2.32875
4.67635 3.36574
4.59684 3.19659
4.84465 -2.25977
4.83437 -2.22222
7.95066 1.60506
7.96968 1.54697
5.892 -2.7521
5.87576 -2.76233
6.73292 3.34435
6.94165 3.16716
6.09074 3.73676
6.31508 3.62558
6.49954 3.51314
6.27915 -2.48577
6.46571 -2.34246
6.5885 -2.243
6.53314 -2.28856
4.30624 1.7106
4.27626 0.666481
4.47724 2.81567
4.45667 -0.727556
4.27604 1.17435
4.94938 -2.59088
5.60369 3.87204
6.25776 -2.50143
4.4562 -0.725323
4.91104 -2.48021
6.3422 3.60956
4.5854 3.16622
6.84512 3.25274
6.09106 3.73662
4.33295 1.97678
6.59671 -2.23632
6.46961 -2.33945
6.99352 3.11856
6.79059 3.29769
6.57476 3.46162
