5.97283 2.50177
5.89158 2.49525
6.1838 2.47127
6.24286 2.45064
6.99855 -0.562405
7.0228 -0.525306
7.24991 1.24442
7.25357 1.233
7.33473 0.82468
7.3325 0.848085
5.16307 1.50744
5.179 1.58125
5.47812 2.25836
5.48512 2.26559
7.29546 0.131618
7.28892 0.103022
5.16871 0.0334611
5.16364 0.0593114
5.09675 0.735413
5.09718 0.710036
5.13211 0.24953
5.13109 0.257397
6.78466 2.07342
6.75347 2.1058
5.85677 2.49066
5.76676 2.46618
6.39913 2.38193
6.43535 2.36025
6.73759 -0.877284
6.73201 -0.882552
6.91417 -0.678767
6.88711 -0.71333
7.15693 1.49849
7.19079 1.4171
5.10936 1.12541
5.11095 1.14865
7.31572 0.968212
7.31402 0.978196
5.276 -0.384717
5.27022 -0.366273
5.36981 -0.629772
5.34777 -0.577157
5.43325 -0.757174
5.40891 -0.709528
5.53616 -0.922701
5.54625 -0.93695
5.21478 1.72369
5.20833 1.70095
5.12534 1.28216
5.12626 1.28864
6.2958 -1.17039
6.3587 -1.14269
6.10338 -1.21708
6.12928 -1.21255
5.28293 1.92048
5.27363 1.89555
5.36805 2.09748
5.38413 2.12557
5.6279 2.39358
5.56994 2.35042
6.56409 -1.02157
6.49571 -1.06938
7.00113 1.78952
7.01601 1.76529
7.15548 1.50166
7.10826 1.5998
5.72832 -1.1177
5.67219 -1.07205
5.9139 -1.20399
5.87897 -1.19266
7.12222 -0.350039
7.13363 -0.327663
7.22785 -0.103615
7.22136 -0.122077
5.10725 0.495593
5.10453 0.534832
7.33346 0.35259
7.33566 0.372206
6.67807 2.18005
6.67527 2.18251
6.80865 2.04681
6.83268 2.01843
7.34733 0.602569
7.34746 0.591752
7.30396 1.02628
7.30004 1.04813
6.55899 2.2775
6.5947 2.25093
7.32802 0.881793
7.32571 0.901155
7.31329 0.982588
5.25495 -0.316586
5.20725 -0.146025
5.20366 -0.130635
5.09809 0.930362
5.0976 0.905483
7.28444 1.11694
7.2884 1.10154
6.89161 1.94582
6.90818 1.92436
7.33804 0.787112
7.34138 0.746347
6.50851 2.31418
6.46812 2.33936
5.18473 -0.0457786
5.18928 -0.0673133
5.09589 0.814368
5.09632 0.866196
5.10205 1.01319
5.29254 -0.433603
5.29442 -0.438808
5.24557 -0.285485
5.23708 -0.255543
6.04441 2.49743
5.8691 2.49343
6.0992 2.48987
6.29094 2.43376
7.04092 -0.495661
6.95718 -0.621474
7.34612 0.499405
7.34696 0.532868
5.31027 -0.481829
5.32997 -0.532555
5.48209 -0.84138
5.45686 -0.801066
5.18696 1.61684
5.14897 1.43286
6.19882 -1.2005
6.25122 -1.18426
5.32314 2.0105
5.35139 2.06546
5.54738 2.32961
5.4756 2.25547
6.65062 -0.954326
6.61408 -0.985001
7.09276 1.62985
7.07192 1.66887
5.82042 -1.1709
5.76264 -1.13878
7.17488 -0.239865
7.18038 -0.227667
7.31441 0.223607
7.26559 0.0151614
5.15348 0.112163
5.17645 -0.00400088
5.09807 0.669339
5.09653 0.775203
5.13809 0.208089
5.11798 0.371593
5.73118 2.4509
6.07773 2.49453
5.66645 2.41897
6.86404 -0.741229
6.81133 -0.799652
6.71877 -0.894426
7.08274 -0.423646
7.15672 1.49897
7.19209 1.41395
5.38916 -0.670338
5.52074 -0.899597
5.59907 -0.999139
5.63779 -1.04168
5.14239 1.39597
5.21841 1.735
5.24849 1.82674
5.12177 1.25291
6.39431 -1.12681
6.05148 -1.21866
5.29617 1.95279
5.42014 2.17982
6.47014 -1.08429
6.97275 1.83307
6.94188 1.87775
7.05628 1.69651
6.00864 -1.21879
5.96826 -1.21237
7.18092 -0.226411
7.25774 -0.012042
7.18152 -0.224916
7.31819 0.245976
5.15042 0.129842
5.09883 0.644845
5.11539 0.397609
5.09991 0.621511
5.11667 0.383814
7.34574 0.488784
6.63909 2.21299
6.68168 2.17697
7.34608 0.494782
7.34419 0.688551
7.22409 1.32493
7.22114 1.33315
7.2799 1.13739
7.2689 1.17715
7.29405 1.07438
5.21733 -0.18479
5.22369 -0.208916
6.71402 2.14514
6.60507 2.2422
6.92183 1.90608
6.86783 1.9763
7.34301 0.722246
5.09587 0.801213
5.09652 0.87977
6.32656 2.41773
5.28545 -0.414035
6.93428 1.88839
5.11208 1.16589
7.24701 1.25407
6.36364 2.39932
6.38196 2.39078
7.1921 1.41393
5.19238 -0.0814149
6.84536 2.00358
5.23105 -0.235485
