7.62172 0.0501749
7.62661 0.0707195
7.48896 -0.377644
7.44931 -0.470317
7.59066 1.25697
7.58923 1.26261
4.76877 1.31607
4.7723 1.35995
4.97004 -0.695413
4.99399 -0.772515
4.86385 -0.264724
4.85393 -0.21418
5.0575 -0.964657
5.06167 -0.975639
6.9711 2.42722
6.91068 2.49317
4.77718 0.306413
4.78177 0.260423
4.7515 0.782122
4.75047 0.811286
5.05151 2.52811
5.05452 2.53364
4.96221 2.31274
4.97497 2.34778
6.1986 -1.7669
6.22936 -1.75544
7.20054 -0.902679
7.18767 -0.921712
6.18747 2.99502
6.14723 3.01036
6.62517 -1.51139
6.56973 -1.55228
7.12155 2.24259
7.0889 2.2854
7.67457 0.453613
7.67778 0.539733
7.66106 0.876685
7.66645 0.826105
7.56628 -0.161411
7.53965 -0.242424
7.44387 -0.482513
7.44241 -0.48556
5.32863 2.9007
5.28143 2.8574
5.52603 3.01972
5.47638 2.99714
7.66452 0.3217
7.65334 0.227202
5.3312 -1.53024
5.30351 -1.48777
5.18982 -1.2813
5.20883 -1.32131
4.79227 1.55273
4.79265 1.55569
4.80229 1.6241
4.81806 1.72547
4.85447 1.91953
4.86083 1.95091
5.72175 -1.83053
5.68433 -1.8186
5.83724 -1.84658
5.8618 -1.84649
5.59257 -1.77939
5.60633 -1.78705
4.93654 -0.572171
4.96036 -0.660964
5.14775 2.69608
5.13879 2.68278
4.89932 2.10638
4.88916 2.0717
6.03453 -1.82338
6.0473 -1.81982
6.3479 2.92228
6.38465 2.90338
5.74957 3.06994
5.72903 3.06865
5.93672 3.06266
5.94539 3.06089
6.42643 -1.64976
6.35337 -1.69193
6.828 -1.33689
6.7613 -1.39752
7.29287 -0.762088
7.31805 -0.720579
7.67743 0.636429
7.67791 0.57659
7.44558 1.67742
7.43719 1.69698
6.5541 2.7991
6.51096 2.82748
6.88668 -1.27856
6.92373 -1.24078
7.32328 1.92843
7.32155 1.93161
7.48048 1.593
7.50618 1.52531
4.75127 0.941835
4.7518 1.0112
5.13756 -1.16962
5.12843 -1.14752
4.80923 0.0406427
4.80586 0.0629017
4.76643 0.430274
4.76221 0.484657
4.84375 -0.160182
4.82751 -0.0725027
7.49538 -0.361747
7.61593 1.15067
7.60724 1.18781
6.9021 2.50233
6.83289 2.57043
6.98015 -1.18027
6.99479 -1.16411
7.36147 1.85594
7.36565 1.8478
7.1471 2.20724
7.18896 2.14668
7.56739 1.3414
7.56637 1.34494
7.66856 0.801103
7.66756 0.814471
7.5295 -0.271284
7.57732 -0.124418
7.44481 -0.480609
4.76082 1.20381
4.75731 1.135
5.66126 -1.8119
4.7733 0.34733
4.76954 0.390923
4.75532 0.619404
4.75424 0.651776
4.75066 0.883295
5.01174 2.43889
4.98492 2.37184
6.72025 2.67204
6.72692 2.66664
7.6466 0.985811
7.64461 0.998846
4.89147 -0.393323
4.91006 -0.470755
7.28834 1.98936
7.26919 2.02171
4.75345 1.04017
4.75388 1.07035
4.76416 1.25617
5.98456 -1.83393
5.94444 -1.84038
5.74207 -1.83555
5.78947 -1.84064
4.88358 -0.357841
6.68032 2.70437
6.71471 2.67664
6.64019 2.73721
6.64101 2.73656
4.78348 0.245023
4.78893 0.195155
4.7581 0.555529
4.75987 0.521382
4.75341 0.682899
4.75116 0.752476
7.0946 -1.04496
7.11487 -1.02017
6.95216 -1.2114
7.67396 0.726002
7.67656 0.669015
7.36907 -0.630049
7.35793 -0.650977
5.51405 -1.72727
5.48353 -1.7038
5.38595 -1.60099
5.37151 -1.58275
5.04872 2.52246
6.30679 2.94369
6.26467 2.96335
4.7922 1.55207
4.78485 1.48827
5.88582 -1.8457
5.92185 -1.84268
5.44545 -1.66647
5.47304 -1.69351
4.94251 2.25398
4.93218 2.21915
7.53314 1.44976
7.53778 1.43661
7.58871 -0.0847624
6.08285 -1.8098
6.08998 -1.80742
4.91376 -0.485421
7.63321 0.107713
7.61743 0.0307182
5.4267 2.9705
5.37021 2.93273
5.27444 -1.43936
5.25378 -1.40577
4.77364 1.37582
4.76714 1.29579
4.83819 1.83892
4.83273 1.80914
5.00907 -0.819802
4.96374 -0.673183
5.40971 -1.63003
5.41748 -1.63787
5.09239 -1.05657
5.05171 -0.948979
6.59839 2.7677
6.99081 2.40504
6.90414 2.50021
5.09745 2.61346
6.25058 -1.7445
6.16249 -1.78164
7.15778 -0.961631
7.2341 -0.854422
6.12703 3.01636
6.25344 2.96861
5.92762 3.06375
5.83253 3.0713
6.52531 -1.58489
6.66819 -1.47653
7.24424 -0.839061
7.24907 -0.831693
7.14032 2.21694
7.07437 2.30359
7.67782 0.545704
7.67363 0.433526
6.41368 2.88676
6.44077 2.8719
7.64848 0.194545
5.23208 2.80595
5.60629 3.04666
5.62638 3.05206
5.20556 2.77397
7.66821 0.360357
5.23477 -1.37243
5.35878 -1.56692
5.1674 -1.23505
4.78411 1.48129
4.80024 1.61067
4.79224 1.55243
4.82597 1.77031
4.87964 2.03473
4.91936 -0.507337
5.01932 -0.851622
5.55993 -1.76111
5.54482 -1.75001
5.02528 -0.871272
5.12323 -1.13444
4.8861 2.06088
4.79024 0.183898
4.80532 0.0666276
5.16289 2.71638
6.32848 -1.70652
7.03891 -1.11363
7.07062 -1.07524
6.3252 2.93447
6.07452 3.03239
5.67901 3.06058
6.04169 3.04119
5.63765 3.05415
6.72603 -1.42901
6.46522 -1.62434
6.84972 -1.31566
7.33971 -0.682996
7.67726 0.648874
7.40752 1.76214
7.47284 1.61229
6.46843 2.8554
7.12672 -1.00455
4.82454 -0.0551323
7.62355 1.11394
7.59262 1.24981
7.57537 1.31306
7.62844 1.0867
7.63403 1.0595
6.81423 2.58836
6.75835 2.63853
7.03505 2.35229
7.39779 1.78287
7.33305 1.91021
7.21074 2.11368
7.23577 2.07524
7.54157 1.42497
7.64897 0.969725
7.65831 0.901875
7.39587 -0.5791
7.38254 -0.605239
7.32456 1.92615
7.25148 2.05081
5.93489 -1.84176
6.0316 -1.82394
5.47749 -1.69803
7.59869 -0.0474506
6.1314 -1.79422
7.02586 -1.12899
5.64955 -1.80756
