5.3339 -2.185
5.32055 -2.17333
6.1346 -2.17635
6.18794 -2.14731
5.64065 -2.31454
5.71226 -2.314
4.98246 -1.57409
5.008 -1.63966
4.74131 -0.797792
4.71455 -0.688743
5.11485 -1.878
5.0804 -1.80607
4.61521 2.03571
4.60918 1.99957
7.6015 -0.66653
7.55352 -0.759849
6.38524 3.23467
6.37717 3.23885
7.56909 1.93111
7.6136 1.83632
7.8422 1.11144
7.84426 1.10034
7.42877 2.19037
7.43006 2.18822
7.34483 2.32131
7.32422 2.35179
7.7469 1.48679
7.73797 1.51466
7.89274 0.646998
7.89354 0.621746
7.74384 -0.327644
7.70653 -0.430111
7.79351 -0.16817
7.81132 -0.102205
5.10177 3.23151
5.10393 3.23363
5.29619 3.37099
5.30013 3.37306
5.78417 -2.30416
5.80578 -2.3002
5.58153 -2.30933
5.62648 -2.31458
5.50145 3.44002
5.5004 3.43986
4.91418 2.98489
4.9304 3.01215
7.86047 0.138257
7.84403 0.0435812
7.88844 0.396398
7.88221 0.313059
4.95615 -1.50655
4.93977 -1.45961
4.55896 1.62594
4.5646 1.67965
4.54105 1.42301
4.53847 1.39452
4.5718 1.74399
4.58038 1.80798
4.76751 -0.898883
4.75767 -0.86289
5.2515 -2.09577
5.25538 -2.10038
5.15962 -1.95748
5.1225 -1.89148
4.89118 2.94231
4.86915 2.90023
6.00164 3.40127
5.9319 3.42016
6.1607 3.34445
6.07283 3.37744
5.6828 3.45365
5.65369 3.45424
6.8601 2.88652
6.87496 2.87318
6.9899 -1.52284
6.98129 -1.53161
7.44665 -0.943287
7.47382 -0.899631
6.43298 -1.99365
6.3969 -2.01962
6.6608 -1.82394
6.59784 -1.8738
6.87908 -1.63226
6.79432 -1.70976
6.00641 -2.23477
6.03669 -2.22255
4.5213 0.913442
4.52086 0.891616
4.52587 1.1427
4.5267 1.16744
4.53821 0.428063
4.54307 0.358219
4.58851 -0.0512313
4.57417 0.0603456
4.52679 0.629249
4.52561 0.655496
4.68855 2.385
4.68448 2.36971
7.8735 0.906378
7.87533 0.892412
4.62828 -0.282166
4.61172 -0.190993
4.82328 -1.09531
4.81179 -1.05515
7.77953 -0.216746
7.74953 -0.311041
6.26126 -2.10595
6.08713 -2.19942
7.0764 -1.42996
7.10288 -1.40091
5.81563 3.44304
5.87296 3.43157
6.43282 3.206
6.27347 3.29351
4.74504 2.5876
4.72101 2.5066
4.76608 2.64982
4.75125 2.60647
4.81301 2.77475
4.81637 2.78361
7.15013 2.58244
7.17008 2.55839
7.07334 2.67106
7.08073 2.66289
7.2527 2.45231
7.19873 2.52249
6.53636 -1.91951
6.49794 -1.94904
6.89918 -1.6129
6.89094 -1.62109
7.50697 2.05171
7.52177 2.02397
7.79556 1.31993
7.79314 1.32932
7.7046 -0.435213
6.73738 2.99099
6.71994 3.00555
6.49997 3.16462
6.50486 3.16143
4.55796 1.61549
4.57175 1.74366
4.57157 1.74215
4.54778 1.50728
4.54609 1.48717
4.53467 1.34227
4.53365 1.32776
4.77251 -0.91698
4.63986 2.16736
4.64793 2.20951
5.7632 3.44922
5.91225 3.42415
6.04694 3.38738
6.23416 3.31106
6.49594 3.16735
5.70557 3.45336
6.8857 2.86287
6.97543 -1.53754
7.06249 -1.44534
6.32288 -2.06645
6.72678 -1.768
6.69669 -1.79428
6.94263 -1.57021
6.28773 -2.08975
5.31121 -2.16314
5.2861 -2.13676
5.90725 -2.27282
5.93576 -2.26282
4.52232 1.01776
4.52201 0.976942
4.52084 0.871761
4.52081 0.828143
4.52987 1.25799
4.52772 1.20512
4.52471 1.10394
4.87328 -1.26134
4.88706 -1.30388
4.53352 0.494598
4.53597 0.459875
4.54546 0.329419
4.58971 -0.0594648
4.52218 0.743994
4.52374 0.69638
4.52856 0.590297
7.63594 1.78444
7.65548 1.73881
7.01842 2.73032
7.03446 2.71389
7.17062 -1.32233
7.12743 -1.37283
7.29391 -1.16615
7.24043 -1.23686
7.7864 -0.193195
5.46838 -2.27572
5.39492 -2.23465
5.88526 -2.27938
5.86357 -2.28481
4.52335 1.04044
4.5234 1.06374
6.70303 3.01922
6.62521 3.07737
6.54796 3.13228
6.56601 3.11968
4.64803 -0.386907
4.63746 -0.332254
4.53242 0.525084
4.53019 0.553505
4.62563 2.09395
4.63194 2.12689
4.59069 -0.0655772
4.59707 -0.104945
4.65691 2.25116
6.93927 2.80961
7.65891 1.73024
7.68871 1.65455
7.63554 -0.593897
7.61647 -0.635919
5.54773 -2.30315
5.53075 -2.29856
4.96078 3.05981
4.99192 3.10458
4.58149 1.81577
4.58938 1.87215
7.32572 -1.12335
7.88505 0.790306
7.88705 0.763845
4.55683 1.60318
4.55197 1.55133
4.67765 -0.530804
4.66595 -0.475197
4.57177 1.74381
4.54774 0.303497
4.55138 0.264172
4.84936 -1.18482
4.84662 -1.1754
5.48061 -2.28183
5.47511 -2.27962
5.75884 -2.30734
5.39968 3.41364
5.4264 3.4216
5.02608 3.14866
5.00789 3.12622
7.87732 0.264645
7.86686 0.179724
5.03911 -1.71476
4.9728 -1.55019
5.05058 -1.74316
5.11764 -1.88299
4.60525 1.97718
4.62034 2.06323
7.54049 -0.783676
7.6094 -0.650631
7.56759 1.93422
7.61486 1.83348
4.66981 2.31046
4.66932 2.3084
4.78279 2.69651
4.7718 2.66555
7.11186 2.6271
7.14003 2.59462
7.82614 1.18924
7.863 0.98556
7.39792 -1.02015
7.38531 -1.03884
7.46843 2.1218
7.42289 2.2
7.30127 2.38463
7.37878 2.27008
7.71889 1.57057
7.7667 1.42312
7.81608 1.23686
7.8105 1.26006
7.8889 0.733478
7.89352 0.614507
7.83859 0.0165731
7.8175 -0.0765004
5.09658 3.22577
5.18847 3.30431
5.20244 3.31463
5.31023 3.3771
5.50797 3.44081
7.89118 0.444
4.93238 -1.4375
4.9086 -1.36807
5.04454 -1.72844
4.69184 -0.593952
4.69802 -0.62034
5.18174 -1.99603
4.59881 1.93592
7.49426 -0.865102
7.40409 -1.01085
7.89352 0.512948
6.0516 -2.21534
5.98624 -2.2438
5.48999 -2.28478
5.20521 -2.03011
4.66994 2.31096
4.69984 2.42894
7.87954 0.848173
7.86989 0.935917
4.60929 -0.176992
4.79742 -1.00564
4.85732 -1.21121
4.70839 2.45981
4.74993 2.60278
7.18791 2.53626
7.06036 2.68573
7.86586 0.965584
7.81699 1.23296
7.26658 2.43335
7.5443 1.98001
7.47728 2.10616
7.38739 2.25664
7.77244 1.40325
7.70711 1.60408
4.53349 1.32566
4.53796 1.38783
4.90263 2.96406
5.60199 3.45209
5.62295 3.45284
5.9602 -2.25305
4.78705 -0.968584
4.52074 0.808201
4.53017 1.26719
4.52726 1.19298
4.89614 -1.33232
4.56342 0.148911
4.55554 0.220045
4.52148 0.763029
4.52431 0.68018
4.8252 2.80512
7.18452 -1.30582
7.88406 0.804817
6.59989 3.0965
7.69367 1.64138
7.65563 -0.550754
4.96021 3.05896
4.59177 1.88791
5.21838 -2.04858
5.26971 -2.1173
5.83473 -2.29324
7.34685 -1.09425
4.93849 3.02417
4.53185 1.29471
4.5651 1.68495
4.54417 1.46381
4.55329 0.241675
4.52117 0.78587
7.69138 -0.466789
4.52158 0.93569
4.57085 0.0851235
7.23984 -1.23761
7.2402 -1.23715
6.61195 3.08744
4.85815 2.8778
4.84885 2.85734
4.95923 3.0574
7.66097 -0.538669
