6.15394 -2.14331
6.18771 -2.12493
5.71588 -2.28276
5.73061 -2.28265
5.0112 3.09248
5.01191 3.09333
5.00931 -1.59078
5.02495 -1.63095
4.75441 -0.790374
4.74392 -0.747636
5.12061 -1.84118
5.09917 -1.79642
4.62936 2.02689
4.62483 1.99973
4.60415 -0.0608407
4.60283 -0.0520374
7.58446 -0.669929
7.544 -0.748632
6.38286 3.21574
6.3531 3.2312
7.56646 1.90582
7.59843 1.83775
7.33618 2.30966
7.30821 2.35102
7.73312 1.48809
7.72782 1.50462
7.78212 1.3212
7.7827 1.319
7.73356 -0.318014
7.71968 -0.356115
7.77545 -0.184492
7.80043 -0.0920068
7.69088 -0.433232
7.68654 -0.443893
5.78388 -2.27586
5.82437 -2.26844
5.58119 -2.27606
5.60978 -2.27939
5.53401 3.41959
5.50194 3.41465
5.30156 3.34462
5.32338 3.35521
5.10568 3.20073
5.12404 3.21823
4.92699 2.96351
4.949 3.00048
7.84905 0.148943
7.82983 0.0382565
7.87619 0.40787
7.86872 0.307999
4.95519 -1.45187
4.95514 -1.45171
4.57246 1.61808
4.57549 1.64689
4.55526 1.42308
4.55352 1.40386
4.58857 1.75441
4.59576 1.80805
4.78136 -0.891038
4.76082 -0.815887
5.40551 -2.2026
5.43247 -2.21801
5.25724 -2.05906
5.28098 -2.08722
5.18043 -1.94678
5.16855 -1.92565
5.92926 3.39907
6.04352 3.36812
6.04604 3.36733
6.15829 3.32518
5.67155 3.43052
5.65511 3.43085
6.87031 2.85785
6.87 2.85814
6.99265 -1.49868
6.96816 -1.52361
7.43756 -0.932567
7.45646 -0.902182
6.40992 -1.98907
6.3925 -2.00161
6.67432 -1.7928
6.59365 -1.85668
6.84515 -1.64312
6.79029 -1.69328
5.99076 -2.21695
6.03645 -2.1985
4.53536 0.913426
4.53475 0.883531
4.53976 1.13462
4.54086 1.16742
4.86347 -1.17615
4.86636 -1.18557
4.68218 -0.483495
4.6826 -0.485416
4.55161 0.435834
4.55763 0.349272
4.59474 0.00810597
4.58709 0.0676593
4.54117 0.620415
4.53961 0.655269
4.70954 2.39806
4.70187 2.36921
7.21987 -1.23988
7.17543 -1.29511
7.85914 0.915401
7.86277 0.887702
4.64143 -0.274722
4.62804 -0.20101
7.88076 0.581585
7.88021 0.630122
4.83666 -1.08586
4.83003 -1.0627
7.76901 -0.206895
7.73495 -0.31395
6.28093 -2.07234
6.08689 -2.1759
7.07053 -1.41474
7.10994 -1.3715
5.81295 3.4217
5.83075 3.41815
6.48365 3.15503
6.27107 3.27443
4.74855 2.53877
4.7362 2.49713
4.78223 2.63975
4.77065 2.60592
7.14486 2.56645
7.18215 2.52146
7.83114 1.1005
7.82943 1.10966
7.19542 2.50429
7.24751 2.43657
6.51488 -1.91525
6.49367 -1.93156
7.49835 2.04011
7.50733 2.02327
7.41997 2.17852
7.41455 2.18747
7.69401 -0.425295
6.71982 2.986
6.71017 2.99406
4.57222 1.61555
4.58596 1.7354
4.57923 1.67971
4.56127 1.49943
4.56025 1.48723
4.7918 -0.928822
4.84104 2.79102
4.87535 2.867
4.65803 2.17865
4.66224 2.20059
5.79668 3.42362
5.8964 3.40574
6.04414 3.36796
6.2078 3.30268
6.04449 3.36787
6.48904 3.15185
5.70699 3.43007
6.86977 2.85835
6.95152 -1.54046
7.04983 -1.43763
6.29786 -2.06149
6.70797 -1.76426
6.69263 -1.77767
6.2882 -2.06789
5.92605 -2.2407
5.9355 -2.23738
4.53634 1.00961
4.53608 0.976925
4.53475 0.879821
4.53471 0.820057
4.53884 1.10392
4.90585 -1.3084
4.88445 -1.24238
4.5481 0.485642
4.54994 0.459648
4.5593 0.329194
4.53761 0.696228
4.53579 0.75188
4.54255 0.59007
7.62698 1.77239
7.64077 1.7402
7.0022 2.72571
7.02923 2.69803
7.16281 -1.30991
7.11824 -1.36201
7.2849 -1.15554
7.24775 -1.20466
7.77217 -0.196033
5.88499 -2.25294
5.84449 -2.26308
4.53773 1.04042
4.53779 1.07209
4.90743 -1.31317
4.90891 -1.31746
6.70082 3.00161
6.60653 3.07207
6.54571 3.11433
6.54613 3.11404
4.66102 -0.379552
4.65382 -0.342291
4.54669 0.524852
4.54382 0.561406
4.63989 2.08506
4.64794 2.12706
4.67303 2.25071
4.83503 2.77812
4.82828 2.76221
6.86759 2.86021
7.65352 1.70837
7.67417 1.65591
7.6261 -0.582772
7.61337 -0.610825
5.56529 -2.27315
5.5304 -2.26372
4.59836 1.82624
4.6048 1.87222
7.30676 -1.12613
7.87172 0.798682
7.87192 0.796005
4.57195 1.61257
4.56622 1.55139
4.54845 1.33495
4.5475 1.31969
4.58711 1.74388
5.29325 -2.10171
5.31035 -2.12016
4.56089 0.311122
4.56526 0.263946
5.73643 -2.28182
5.64434 -2.28408
5.4013 3.38703
5.45567 3.40323
5.04641 3.13591
5.01004 3.09097
7.86546 0.275745
7.853 0.174523
5.05318 -1.69909
4.98945 -1.54164
5.07077 -1.73651
5.13811 -1.87247
4.61933 1.96841
4.63616 2.06339
7.52292 -0.787181
7.59973 -0.63923
7.5521 1.93568
7.61211 1.807
4.68708 2.30997
4.67336 2.25223
4.799 2.68641
4.7914 2.66499
7.1067 2.61147
7.12501 2.59035
7.85135 0.977954
7.8519 0.974577
6.88351 -1.60778
6.88936 -1.60236
7.38887 -1.00949
7.39437 -1.00112
7.45994 2.11037
7.44546 2.13544
7.29274 2.37316
7.36291 2.26932
7.70486 1.57189
7.75647 1.413
7.80215 1.23817
7.77771 1.3374
7.87956 0.644192
7.87521 0.742084
7.82755 0.0269092
7.80348 -0.0792968
5.20293 3.28386
5.2149 3.29225
5.60345 3.42803
7.87798 0.439048
4.95511 -1.45164
4.92382 -1.36025
5.06247 -1.71922
4.70528 -0.586345
4.71579 -0.631246
5.35434 -2.16117
5.48393 -2.24695
5.18752 -1.95913
5.06496 -1.72438
4.61428 1.93608
7.48493 -0.854104
7.3862 -1.01348
7.37786 -1.02568
7.88076 0.520968
6.03671 -2.19838
5.98599 -2.21909
4.68114 -0.478716
5.22824 -2.01827
4.69064 2.32384
4.71735 2.42844
7.86571 0.856868
7.85198 0.973989
4.62257 -0.169473
4.81075 -0.996231
4.8563 -1.15324
4.72971 2.47307
4.76594 2.5928
7.18277 2.52068
7.073 2.65022
7.85193 0.97434
7.80591 1.222
7.25043 2.43257
7.53555 1.96823
7.46272 2.10546
7.37861 2.24481
7.75892 1.40452
7.69704 1.59413
4.55169 1.37984
5.52396 -2.26154
5.9436 -2.23415
4.80287 -0.968059
4.53469 0.816288
4.54167 1.20134
4.54406 1.25911
4.57504 0.169886
4.57049 0.210859
4.5357 0.754293
4.53788 0.688048
7.87162 0.80015
6.54339 3.1159
6.59767 3.07877
5.34253 -2.15165
5.32985 -2.14061
7.68812 1.61888
7.63951 -0.55397
4.97922 3.04703
4.60877 1.89846
5.25111 -2.05032
4.92053 2.95283
5.83445 -2.26602
4.60191 -0.0453076
7.33772 -1.0835
5.6194 3.42923
4.96518 3.02453
4.54619 1.29478
4.54448 1.26673
4.55909 1.47307
4.5665 0.249332
4.53528 0.785641
4.91667 2.94593
4.53574 0.943898
4.54151 1.1971
4.8618 -1.17104
4.58599 0.075825
4.53789 0.687688
7.06551 2.65858
6.60189 3.0756
6.49365 3.14904
4.57886 1.67694
7.65057 -0.528931
