4.70612 -1.60967
4.71758 -1.6511
4.90122 3.58403
4.92627 3.60844
8.07661 0.194618
8.07956 0.217476
4.31534 1.35818
4.31256 1.32252
4.30318 0.954812
4.30327 0.977198
4.30442 0.850197
4.30367 0.809371
4.31954 1.45238
4.32161 1.48614
5.74869 3.79992
5.85618 3.7745
4.31845 0.43092
4.31633 0.46345
5.54446 3.82477
5.52599 3.82495
4.37795 2.06075
4.38415 2.115
4.36453 -0.0391789
4.35182 0.0630795
4.59993 3.07668
4.60834 3.10082
7.11397 2.95485
7.13439 2.93343
6.92548 -1.90208
6.85725 -1.96714
7.22069 -1.59629
7.20007 -1.61942
4.83572 -2.07293
4.80275 -1.96084
4.89386 -2.25145
4.90847 -2.2963
5.31161 -2.88062
5.33061 -2.8846
5.2317 -2.8539
5.24384 -2.85942
5.05122 -2.64902
5.05392 -2.65343
5.18185 -2.82117
5.14736 -2.78616
5.57006 -2.84864
5.63119 -2.82465
5.79497 -2.74684
5.80453 -2.74222
8.014 -0.14788
8.01402 -0.147782
7.94473 -0.382587
7.94112 -0.392786
8.08958 0.327063
8.08788 0.305725
8.05702 0.0596942
8.05003 0.0197298
8.02983 -0.0780844
8.04062 -0.0303997
6.6622 3.35556
6.68653 3.33771
6.87241 3.18501
6.89105 3.16909
5.86945 3.77099
5.97325 3.73694
4.36816 1.99551
4.36479 1.96848
4.38736 2.13537
4.40217 2.23323
7.74279 -0.848291
7.69819 -0.930319
7.85361 -0.61623
7.8105 -0.712506
6.19815 3.64329
6.18578 3.64873
6.43707 3.51034
6.4553 3.49907
7.08138 2.98857
7.19642 2.86593
7.19225 2.87073
7.58928 -1.11135
7.60832 -1.08181
6.75627 -2.05781
6.71417 -2.09413
7.11371 -1.71389
7.04834 -1.78107
8.08791 0.790416
8.09424 0.713226
6.35413 -2.38223
6.34365 -2.39028
6.66124 -2.13942
6.60196 -2.18792
6.03679 -2.60428
6.04033 -2.60209
5.03484 3.69219
5.00443 3.67226
4.86918 3.55177
4.83052 3.50657
8.09762 0.484906
8.09382 0.392442
4.57563 -1.09735
4.56637 -1.05994
4.33416 1.66218
4.33037 1.61444
4.30878 0.620283
4.30976 0.593858
4.54748 2.92093
4.56481 2.97653
7.32168 -1.47839
7.29146 -1.51474
5.98817 -2.63507
5.94651 -2.66058
4.51068 -0.819082
4.52695 -0.890977
4.3058 1.1281
4.30515 1.1042
7.14265 -1.68295
7.1535 -1.67118
6.20238 -2.49172
6.27281 -2.4424
4.61262 -1.24399
4.59575 -1.17736
5.6384 3.81815
5.71259 3.80608
5.8598 3.77369
4.42326 -0.398234
4.40807 -0.316936
4.46385 -0.607101
4.46264 -0.601348
4.41635 2.31531
4.42099 2.35096
4.38326 -0.170359
4.38409 -0.175875
7.7573 2.00995
7.72895 2.06902
7.8429 1.81475
7.81933 1.87177
4.48919 2.69818
4.47936 2.65722
4.43216 2.41285
4.43886 2.45403
5.11036 3.73604
5.17305 3.7642
5.17467 3.76487
5.24108 3.78775
8.01247 1.27984
8.02342 1.23009
8.05936 1.03331
8.06995 0.958486
7.46226 2.52677
7.4566 2.53489
7.33456 2.70039
7.32426 2.71334
7.41327 -1.36291
7.38188 -1.40408
6.84239 -1.98025
6.95328 -1.87609
7.64255 2.23415
7.66177 2.19936
7.56326 2.37134
7.56803 2.36351
4.71302 3.32892
4.74077 3.37844
4.65653 3.21576
4.66656 3.2394
4.87778 -2.20593
4.84616 -2.1041
7.91092 1.63364
7.89746 1.6724
7.96438 1.46633
7.95713 1.49151
5.39656 -2.88546
5.71498 -2.78736
5.68285 -2.80292
5.66741 -2.809
5.54567 -2.85553
6.47657 -2.28851
6.48249 -2.28388
7.98135 -0.26479
7.98216 -0.262142
7.9476 -0.37409
6.63494 3.37624
6.57587 3.418
6.8013 3.24554
6.82116 3.22917
6.0271 3.71595
5.99526 3.72835
5.86177 3.77324
5.63432 3.81886
4.36837 1.99711
4.35387 1.87495
4.36057 1.93348
4.40864 2.27337
6.08534 3.69379
6.25417 3.61496
6.25806 3.61287
6.42106 3.52053
6.32657 3.57582
6.47627 3.48574
6.51592 3.4595
7.21104 2.84932
6.66668 -2.13469
6.7603 -2.05444
7.00557 -1.82332
8.09476 0.702114
8.08498 0.827858
6.66408 -2.13694
8.09138 0.348575
8.09841 0.521739
4.54919 -0.986374
4.56158 -1.03963
4.52734 2.8518
4.53605 2.88318
4.49378 -0.745918
4.50347 -0.787316
4.53217 -0.913487
6.13411 -2.53935
6.11885 -2.54943
4.63548 -1.33578
4.62565 -1.29556
4.67063 -1.47729
4.65518 -1.41362
5.07442 -2.68819
5.08992 -2.71525
4.99388 -2.52704
5.01062 -2.56753
8.06746 0.1274
8.06248 0.0913084
4.7731 -1.85557
4.76365 -1.82391
4.53614 -0.930757
4.54693 -0.976559
4.30648 0.723194
4.30442 0.763588
4.48588 -0.710554
4.35289 1.86437
4.34708 1.80626
4.95142 -2.42134
4.97602 -2.48531
4.33444 0.230329
4.3277 0.306644
8.0806 0.865591
7.47349 -1.28223
7.48865 -1.26133
5.50823 -2.86461
4.79539 -1.93713
4.77657 -1.86774
8.09644 0.656664
5.41489 -2.8854
5.03113 -2.60871
5.01135 -2.5694
7.88562 -0.538417
7.86974 -0.57831
7.00199 3.06607
7.03446 3.0352
4.82685 3.50206
8.09799 0.602056
4.34176 1.75304
4.34089 1.74265
4.30991 1.23119
4.31011 1.26828
6.73792 3.29768
6.74795 3.28951
4.3686 1.99892
6.94173 3.12339
6.95426 3.11163
6.15452 -2.52575
4.73034 -1.7005
4.68499 -1.53179
8.08366 0.261054
8.0733 0.168988
4.3121 1.29469
4.31628 1.39169
4.30361 1.01806
4.30332 0.913698
4.30465 0.786697
4.30338 0.891198
4.32323 1.51281
4.31799 1.42199
4.44306 -0.502949
4.43433 -0.458512
4.31437 0.498686
4.32057 0.39823
5.45967 3.82419
5.62526 3.81959
4.97621 -2.48578
4.97632 -2.4861
4.34814 0.0963994
4.36691 -0.0569873
7.80141 -0.731621
7.75594 -0.823299
7.80185 1.91219
7.77521 1.97184
4.45735 2.55344
4.45787 2.5564
4.63036 3.15717
4.58575 3.03874
5.28164 3.79809
5.31089 3.80547
8.03781 1.15845
8.04982 1.09232
7.3992 2.61597
7.39303 2.62424
7.53996 -1.18751
7.53594 -1.19342
7.16806 -1.65556
7.24621 -1.56738
4.68327 3.27188
4.70197 3.31031
5.44202 -2.88192
5.13264 -2.77239
5.09895 -2.72688
5.21433 -2.84184
5.78056 -2.75401
5.86263 -2.70906
4.68149 -1.51914
4.74965 -1.77021
5.93072 -2.67058
8.04485 -0.00866137
8.01405 -0.147686
7.6776 -0.966272
7.86163 -0.597688
7.63754 -1.03393
7.54799 -1.1755
7.52326 -1.21183
6.40711 -2.34256
6.28811 -2.43104
6.08545 -2.57208
6.03394 -2.60603
4.98539 3.65757
5.05458 3.70549
5.42117 3.82133
4.56215 -1.04205
4.57697 -1.10269
4.3289 1.59316
4.3354 1.67859
4.31139 0.556758
4.30757 0.659045
4.57237 2.99797
4.54524 2.91423
7.27218 -1.53719
7.33576 -1.46145
4.30434 1.06376
4.30705 1.16769
4.58945 -1.15243
4.30387 1.0407
4.32575 1.55029
4.40389 -0.293277
4.46691 -0.622308
4.32322 0.362733
4.31267 0.52866
4.38423 -0.176789
4.33888 0.184362
7.70942 2.10802
7.86132 1.76883
7.88079 1.71762
7.6808 2.16367
4.50272 2.75687
4.45935 2.56388
4.51178 2.79227
5.09025 3.72508
5.17419 3.7647
5.34839 3.81183
7.26896 2.78187
7.25579 2.79767
7.99028 1.3721
8.07682 0.904125
7.98362 1.39776
7.51655 2.44537
7.36913 -1.41989
7.43589 -1.33345
7.52172 2.43739
7.54241 2.40487
7.61602 2.28149
7.60345 2.30347
4.74661 3.38713
4.78318 3.44361
4.6338 3.16633
4.79891 -1.94852
4.88517 -2.22662
4.92128 -2.33658
4.9325 -2.36603
7.9282 1.58285
7.939 1.54986
6.69267 3.33293
6.90485 3.15672
6.239 3.62276
6.31007 3.58561
6.53131 3.44958
6.2802 -2.43699
6.419 -2.33319
6.5451 -2.23439
6.53412 -2.24343
4.9568 3.63558
4.33996 1.73154
4.30681 0.684188
4.52588 2.84593
4.30787 1.1928
5.01098 -2.56843
5.63269 3.81907
5.73107 -2.77879
5.04919 -2.64585
7.90062 -0.501878
6.31771 3.5811
4.63247 3.16279
5.3837 3.81771
4.94494 -2.40505
5.47392 -2.87507
5.93956 -2.6651
6.84018 3.21332
6.59768 -2.19162
4.84091 -2.08747
5.67332 -2.80688
6.47061 -2.29341
6.97269 3.09404
6.76894 3.2722
7.90839 -0.481683
6.55204 3.43489
