5.97671 2.42689
5.97837 2.42703
7.20297 1.24269
7.21449 1.20679
5.14919 1.0207
5.15057 1.04089
7.29012 0.82848
7.29355 0.792375
5.3779 -0.509258
5.39606 -0.550495
5.48571 -0.728203
5.51506 -0.775549
5.20786 1.4785
5.21594 1.51596
5.42205 2.06259
5.39327 2.01424
5.53928 2.21884
5.5775 2.25832
7.17236 -0.119946
7.18481 -0.0866926
5.22382 -0.00373685
5.21152 0.0590139
5.15077 0.52032
5.15183 0.505626
7.29257 0.393302
7.28877 0.358407
6.69992 2.08515
6.76441 2.01818
6.18916 2.39898
6.15752 2.40549
6.40449 2.30959
6.40627 2.30852
5.7019 2.34933
5.77318 2.38446
6.80316 -0.731406
6.85008 -0.677474
6.51578 -0.984256
6.51053 -0.987512
6.75526 -0.783447
6.69166 -0.84349
7.02313 -0.431947
6.98688 -0.49053
7.28149 0.898877
7.26829 0.97651
5.31309 -0.332229
5.30835 -0.31852
5.59632 -0.889483
5.55326 -0.835114
5.26281 1.69266
5.24129 1.61681
5.17123 1.25251
5.18072 1.31974
6.30445 -1.09423
6.30542 -1.0938
5.33305 1.8881
5.35716 1.94066
6.84647 1.92377
6.85342 1.91522
6.96854 1.75147
6.94504 1.78706
7.07547 1.56151
7.09707 1.51662
5.91965 -1.12047
5.99456 -1.13529
5.73455 -1.02718
5.74641 -1.03521
6.10994 -1.13843
6.0333 -1.13834
7.05894 -0.368664
7.09764 -0.292814
7.24576 0.116992
7.25123 0.139514
5.24286 -0.0850059
5.25495 -0.130954
5.1417 0.838174
5.14171 0.839287
5.17647 0.274738
5.18358 0.22499
6.62991 2.14897
6.60032 2.17504
7.3016 0.648105
7.30226 0.590087
7.21873 1.19232
7.23548 1.13036
7.26143 1.01783
7.28419 0.880178
5.27553 -0.210494
5.26376 -0.167533
5.23853 -0.0676194
6.54943 2.21323
6.58286 2.18844
6.84046 1.93103
6.78937 1.99049
6.44395 2.285
6.40789 2.30749
6.67802 2.10655
6.66819 2.11557
5.33963 -0.407602
5.35165 -0.44088
7.28566 0.869737
5.23592 -0.0566749
5.22438 -0.00653815
5.14199 0.710469
5.142 0.708976
5.28952 -0.261215
5.28844 -0.257403
5.98023 2.42691
5.87491 2.41487
6.63325 -0.895886
6.60425 -0.918557
6.95671 -0.535593
6.92106 -0.586498
5.15789 1.13722
5.14282 0.906088
5.4143 -0.589475
5.35719 -0.455922
5.53721 -0.810942
5.46439 -0.69171
5.23309 1.58703
5.20531 1.46502
5.37434 1.97742
5.46383 2.12617
5.61238 2.28761
5.48384 2.15515
7.03036 1.64899
7.02707 1.65515
5.82637 -1.08436
5.85113 -1.09485
6.20672 -1.12359
6.18444 -1.12696
7.14359 -0.192041
7.21358 -0.000148675
5.20843 0.075074
5.22394 -0.00429596
5.14371 0.641156
5.16173 0.396455
7.27517 0.262207
7.29969 0.482709
5.82466 2.40121
6.08321 2.42045
6.29502 2.363
6.29621 2.36258
5.67349 2.33323
6.7741 -0.763612
6.88385 -0.636057
6.46057 -1.01686
7.04767 -0.389687
7.12289 1.45947
7.14255 1.41212
5.14271 0.902809
5.16212 1.17786
5.29458 -0.277965
5.3295 -0.379682
5.43959 -0.642492
5.64436 -0.946183
5.18778 1.36665
5.28945 1.77555
5.29614 1.79595
6.403 -1.0503
6.29833 -1.09613
5.30668 1.82481
5.47564 2.14397
6.40892 -1.04697
7.01097 1.68279
6.90894 1.83929
7.0246 1.65952
5.66368 -0.964653
6.01418 -1.1384
7.12119 -0.242674
7.2209 0.0236274
7.26988 0.231755
5.19461 0.154954
5.1416 0.774138
5.16491 0.367037
5.14353 0.646298
7.30177 0.532556
6.59116 2.18206
6.65367 2.12871
7.30018 0.686929
7.19015 1.2853
7.16131 1.36574
7.24471 1.09632
7.24962 1.07274
7.25753 1.03811
5.28664 -0.251398
5.26166 -0.159601
6.51393 2.24093
7.29557 0.769483
6.88471 1.87323
6.30989 2.35628
6.50757 2.245
7.19025 1.28498
6.35163 2.33682
7.15821 1.37436
7.29926 0.713298
6.87835 1.88228
6.5106 2.2431
