7.54996 0.0358578
7.55704 0.0656383
7.52298 1.25448
7.51509 1.28564
5.36845 -1.39239
5.40055 -1.43789
5.67146 -1.66754
5.70221 -1.67995
5.06262 -0.734618
5.0608 -0.728757
5.1305 -0.92435
5.14882 -0.972664
6.56704 2.68937
6.56195 2.69318
4.82145 0.780984
4.81932 0.841124
5.1346 2.47597
5.15143 2.50698
7.16985 -0.823067
7.12902 -0.883461
6.1537 2.90429
6.16958 2.89824
5.89985 2.95508
5.94349 2.95159
7.03222 2.24247
7.02897 2.24673
6.37316 2.8077
6.34335 2.82411
7.56893 0.124718
7.58318 0.20822
7.52875 -0.0494481
7.5123 -0.110879
7.44592 -0.30336
7.46327 -0.257662
7.35902 -0.499441
7.34407 -0.530607
7.38801 1.64266
7.37229 1.67809
7.45591 1.46923
7.44135 1.50897
5.53396 2.88969
5.60285 2.91778
5.33768 2.75222
5.38404 2.79302
5.32775 -1.33381
5.29476 -1.27714
4.82616 1.11286
4.83205 1.21666
4.84734 1.38905
4.85436 1.45401
4.88538 1.67569
4.88689 1.68541
5.7666 -1.7002
5.85786 -1.71473
4.99175 -0.493219
5.00736 -0.549207
5.50663 -1.55615
5.52962 -1.57517
5.20656 -1.10471
5.18271 -1.05091
4.93198 1.90641
4.94901 1.97495
4.87167 0.101015
4.86343 0.161451
4.83867 0.389798
4.83699 0.406129
4.82115 0.709488
4.82282 0.650659
4.81942 0.851254
4.8207 0.970795
5.23781 2.63956
5.23046 2.62865
6.24273 -1.63777
6.27169 -1.62367
4.98697 2.11171
4.97888 2.08558
7.01089 -1.03416
6.99607 -1.05169
5.73621 2.95099
5.73789 2.95109
6.63823 -1.39638
6.68972 -1.35389
6.43944 -1.53519
6.48885 -1.50298
7.60685 0.428208
7.60285 0.3692
7.61176 0.611797
7.61201 0.58107
7.59316 0.891565
7.58752 0.939461
4.95223 -0.331435
4.97216 -0.417018
7.08425 -0.940735
7.12776 -0.885198
7.21845 -0.750236
7.24123 -0.714386
6.85845 -1.20099
6.85593 -1.20356
7.26571 1.89129
7.25775 1.9059
4.90789 -0.123867
4.90747 -0.121577
7.41586 -0.377611
7.40827 -0.395053
7.57138 1.03614
7.56426 1.07884
6.73513 2.55578
6.76634 2.52749
6.91079 2.38506
6.9089 2.38709
7.16809 2.05271
7.13027 2.10881
7.50321 -0.139205
7.49304 -0.171243
7.38384 -0.448987
7.31904 -0.579327
7.3287 -0.560736
7.42313 1.55731
7.47175 1.42426
4.82503 1.09558
4.83451 1.24956
4.82095 0.715841
4.82094 0.982224
6.65041 2.62698
6.65229 2.62546
7.55345 1.12686
7.56244 1.08822
7.60427 0.785494
7.60216 0.810357
4.93773 -0.267825
4.97628 -0.434188
7.40853 1.59359
7.48734 1.37959
7.4859 1.3839
4.82424 1.04009
5.71709 -1.68554
5.76199 -1.69937
5.02012 2.21383
5.05234 2.29924
7.21156 1.98505
7.2215 1.96901
6.05193 -1.69986
6.04844 -1.70083
6.42169 2.78193
6.4509 2.76442
4.83837 1.29612
4.82075 0.721939
4.9852 -0.469524
4.832 0.468282
4.8293 0.508704
7.56272 0.0936492
7.54307 0.00461395
5.43513 2.83233
5.48272 2.86213
5.42377 -1.4682
5.34453 -1.35912
4.84192 1.33608
4.92926 -0.228081
4.93272 -0.244522
5.06562 -0.744036
5.03239 -0.635275
5.167 -1.01537
5.11781 -0.890039
4.90791 1.79713
4.91367 1.82353
6.5228 2.71892
6.57193 2.6858
6.83938 2.45843
6.90217 2.39407
5.18357 2.55942
5.11888 2.44418
6.16582 -1.66671
6.14493 -1.67504
7.12813 -0.884686
7.18558 -0.800452
6.93046 -1.12489
6.98833 -1.06077
6.12514 2.91277
6.25986 2.86337
5.98973 2.94371
5.83948 2.95737
6.5383 -1.47051
6.59262 -1.43047
7.0215 2.25608
7.08057 2.17838
7.61052 0.52046
7.60922 0.47401
6.31772 2.83599
6.39763 2.79516
7.58934 0.249909
7.35065 1.72538
5.63393 2.92829
5.30098 2.7141
7.59952 0.334586
5.46419 -1.51275
5.26532 -1.22281
4.86412 1.53098
4.86934 1.57046
4.8669 1.55278
4.89267 1.71814
5.912 -1.71418
5.76331 -1.69974
5.58249 -1.61688
5.61566 -1.63645
5.01355 -0.57091
4.99036 -0.488195
5.09662 -0.831881
5.24875 -1.19259
5.23432 -1.16506
4.95864 2.01401
4.88398 0.0183155
4.85587 0.221944
5.24299 2.64651
5.09148 2.38886
5.06292 2.32503
6.34163 -1.59074
5.95335 -1.71437
6.0443 -1.70149
4.99216 2.12732
6.86167 -1.19767
7.04071 -0.997645
6.2851 2.85204
6.04826 2.93346
5.73542 2.95086
6.7393 -1.31217
6.37706 -1.57061
6.7811 -1.27383
7.29291 -0.627857
7.28535 -0.640979
7.61071 0.690702
6.60854 2.65805
6.64822 2.6288
4.90911 -0.130338
6.47628 2.74942
7.06461 -0.966692
4.88982 -0.0181781
7.54012 1.18851
7.54775 1.15523
7.50919 1.30622
7.56314 1.0843
7.57568 1.01372
6.82261 2.47514
6.68953 2.59412
6.97391 2.31284
7.10342 2.14659
7.17795 2.03794
7.6075 0.743341
7.61032 0.702126
7.47632 -0.221498
7.43632 -0.328361
7.29596 -0.622513
4.84247 0.344264
4.84654 0.302345
4.83411 0.440492
4.82467 0.594123
4.82548 0.576313
7.59672 0.863123
7.58739 0.940444
7.29325 1.84074
7.3232 1.783
7.2264 1.96078
4.8515 0.259288
5.01759 2.20687
7.33882 1.75052
7.52963 1.23009
5.64725 -1.65514
4.84861 0.282775
4.83997 0.371634
4.82296 0.643115
5.01062 2.18528
7.3267 1.77612
7.27697 1.87123
7.39221 -0.43137
7.38903 -0.438209
4.82873 0.520262
4.82796 0.530982
