6.05108 -2.7454
6.00616 -2.77919
4.57544 -1.50425
4.55098 -1.39541
8.05975 -0.285546
8.07161 -0.246782
8.17738 0.423788
8.17773 0.435322
4.22697 1.35829
4.22387 1.31847
4.21675 0.8503
4.21611 0.814993
6.85379 3.32198
6.8288 3.34265
4.34194 -0.444274
4.3593 -0.537929
4.28124 2.05976
4.28244 2.07021
4.25924 1.85287
4.25513 1.80703
4.86698 -2.72163
4.85701 -2.68073
4.8458 -2.63962
4.83322 -2.58185
4.246 0.234907
4.2437 0.25909
7.8451 -0.827879
7.86838 -0.780708
5.38937 -3.17313
5.39754 -3.16775
6.4351 3.63263
6.39552 3.65658
7.84956 2.00127
7.87437 1.94583
4.36092 2.60048
4.34649 2.51161
4.79699 -2.42497
4.79859 -2.43476
7.1447 3.04795
7.21547 2.97369
8.12872 1.10191
8.11616 1.1718
5.18553 -3.24611
5.2492 -3.23212
5.1644 -3.24405
5.11181 -3.23975
7.46102 2.6711
7.49237 2.62901
7.64536 -1.17734
7.64526 -1.17749
7.65678 2.37524
7.66688 2.3574
4.68048 3.55891
4.74416 3.64855
5.53274 -3.09209
5.59058 -3.05698
8.0162 1.57073
7.99144 1.64539
5.88338 -2.86482
5.85019 -2.88782
8.18018 0.562621
8.17735 0.660989
5.05663 -3.20832
5.08953 -3.22725
4.95805 -3.03754
4.94414 -2.99402
4.89753 -2.84217
4.90542 -2.86515
4.67347 -1.91274
4.69031 -1.98547
5.63908 -3.02695
5.61018 -3.04598
4.99252 -3.11334
4.97838 -3.07819
4.60828 -1.63955
4.59926 -1.60212
6.64866 3.48567
6.61544 3.50951
6.01518 3.84764
6.04678 3.83511
5.77045 3.93069
5.69085 3.94773
6.26645 3.73099
6.26858 3.72993
4.43165 2.93546
4.42879 2.9227
7.10024 3.09394
7.28758 2.89179
7.24412 2.94173
7.54363 -1.32611
7.56953 -1.28946
7.02964 -1.92275
7.07257 -1.88014
6.86683 -2.07975
6.88156 -2.0666
6.65854 -2.26393
6.66195 -2.26089
6.41433 -2.4659
6.40425 -2.47436
4.64643 -1.80076
4.65044 -1.81771
7.96933 -0.549522
7.95081 -0.596838
5.55196 3.96929
5.55033 3.96949
7.71576 -1.06363
7.75475 -0.996964
4.51336 3.20748
4.50075 3.17238
6.13174 -2.68536
6.12959 -2.68707
6.95539 3.23237
7.00556 3.18529
4.30104 2.20656
4.31305 2.28878
7.16643 -1.78024
7.22352 -1.71831
4.53394 -1.32107
4.54501 -1.36801
4.59389 -1.58097
4.46788 -1.04177
4.4681 -1.04274
4.21612 1.00548
4.21594 0.977301
4.23344 1.50249
4.23252 1.48573
4.38298 -0.652884
4.3675 -0.579297
4.22736 0.486866
4.22867 0.464876
5.4959 3.97264
5.46248 3.9745
5.38662 3.97299
5.40227 3.97336
4.31775 2.3143
4.32163 2.34414
4.26777 0.0202518
4.2683 0.0157964
4.30795 -0.255454
4.30249 -0.222071
5.45272 -3.13798
5.42626 -3.15309
5.35611 -3.18872
7.93225 1.80635
7.95795 1.73942
7.75417 2.19738
7.7828 2.14148
4.36458 2.62064
4.38284 2.71738
4.94215 3.83257
4.91013 3.8113
5.02948 3.88377
5.07454 3.9037
5.10171 3.91485
5.16046 3.935
5.35337 3.97031
5.30289 3.96531
4.81443 -2.49715
4.78136 -2.35721
8.07886 1.34551
8.05084 1.45522
7.36636 2.79675
7.42714 2.71828
7.49484 2.62553
7.55398 2.53957
6.94972 -2.00155
6.97756 -1.97538
7.61617 2.44252
7.63644 2.40927
4.58564 3.38609
4.56462 3.33991
4.64486 3.50009
4.62752 3.47113
4.5389 3.2759
4.55899 3.32746
4.71141 -2.0736
4.7122 -2.07632
4.71288 -2.07899
4.73016 -2.14553
4.76503 -2.28848
4.76404 -2.28378
5.76216 -2.94737
5.77789 -2.93678
5.75864 -2.95003
5.75228 -2.9546
8.08159 -0.210911
8.01208 -0.434453
7.99435 -0.483178
8.16073 0.21257
8.16224 0.226741
8.13549 0.0253425
8.13587 0.0278267
6.69326 3.45131
6.72374 3.42798
6.9068 3.27548
6.93113 3.25411
5.99323 3.85698
5.88605 3.8969
6.05206 3.83287
6.04825 3.83451
5.87601 3.90035
5.81418 3.91808
5.65703 3.95534
4.26634 1.92951
4.26668 1.93252
4.29568 2.17015
6.21261 3.75871
6.19197 3.76838
6.5037 3.58777
6.49023 3.59712
4.40768 2.83394
4.41835 2.88029
4.44452 2.98528
7.228 2.95999
7.30042 2.87721
6.78127 -2.15743
6.78475 -2.15446
7.10726 -1.8435
4.66663 3.53901
8.17313 0.731512
8.17003 0.774405
6.7231 -2.2078
6.72217 -2.20862
6.60054 -2.31275
6.48549 -2.4083
6.4678 -2.42299
6.3618 -2.50758
6.34074 -2.52455
4.65199 -1.82516
4.62765 -1.7197
4.49447 -1.15464
4.49786 -1.16888
4.23956 1.60344
4.24025 1.61402
4.22333 0.570753
4.22227 0.595282
7.44409 -1.4604
7.44882 -1.45446
7.34848 -1.57751
7.36168 -1.56201
4.419 -0.818966
4.41281 -0.790327
4.44351 -0.931317
4.44035 -0.916536
4.2171 1.07669
4.21761 1.1043
6.13537 -2.68259
6.21146 -2.62455
8.03558 -0.364462
4.85842 3.7701
4.83574 3.74887
8.16972 0.308069
8.17678 0.410796
4.21885 0.723297
4.21702 0.759139
7.05631 3.13739
7.03043 3.162
6.75153 3.40628
6.80256 3.36411
4.27985 2.05055
4.27391 1.99614
6.33122 3.69498
6.32753 3.69724
8.16023 0.873862
8.16374 0.843639
8.14808 0.974598
8.15732 0.903573
4.49266 3.14975
4.48027 3.11014
5.6791 -3.00139
8.10683 -0.112986
6.54512 3.55982
6.57731 3.53662
5.64176 3.95794
7.29757 -1.63652
7.24945 -1.69049
5.94457 -2.82234
5.93069 -2.83162
8.13513 0.0232881
8.13242 0.00986866
4.6687 -1.89561
4.65632 -1.84551
4.22182 1.23129
4.22203 1.27004
4.2501 1.74544
4.24982 1.74172
4.78051 -2.35286
7.32728 2.84375
7.35785 2.80736
4.52271 3.23451
4.52887 3.25222
4.75696 3.66484
4.77388 3.68331
6.54635 -2.35846
6.53918 -2.36466
6.10302 3.81052
6.12085 3.80222
4.22332 1.29479
4.22816 1.4006
4.21689 0.7868
4.21585 0.885462
4.36145 -0.549149
4.33301 -0.396332
4.87119 -2.74297
4.84956 -2.6521
4.82104 -2.53475
4.81684 -2.51162
4.27251 -0.0165297
4.28418 -0.103823
4.23668 0.349937
4.25519 0.136985
7.9004 -0.71187
7.81292 -0.890431
5.31487 -3.20861
5.32032 -3.20621
7.89245 1.90366
7.82952 2.04492
4.34215 2.48176
4.3635 2.61522
4.46301 3.05304
4.46131 3.04779
5.23024 3.95277
5.25636 3.95737
8.13942 1.036
8.10553 1.22543
5.31216 -3.20934
5.1821 -3.24628
5.10218 -3.23694
7.3167 -1.61483
4.6136 3.44259
4.59174 3.40053
5.59906 -3.05249
5.49464 -3.11276
4.88878 -2.80346
5.03724 -3.18775
4.92278 -2.92796
4.91936 -2.91468
4.92503 -2.9373
4.9678 -3.05865
5.64991 -3.01959
5.01572 -3.15232
5.02096 -3.1657
7.78345 -0.945154
7.92048 -0.667023
7.69373 -1.10013
7.59489 -1.25224
7.49561 -1.39366
8.1804 0.552495
6.27722 -2.57445
6.28812 -2.56549
6.25459 -2.59226
4.48123 -1.09916
4.4828 -1.10581
4.24431 1.67214
4.24513 1.68381
7.39725 -1.51881
7.40571 -1.50854
5.98471 -2.7945
5.96958 -2.80476
6.08218 -2.72298
4.50791 -1.20997
4.51771 -1.25087
4.46958 -1.04939
4.45419 -0.979639
4.21605 0.942025
4.21641 1.0408
4.23042 1.44166
4.23612 1.54987
4.32296 -0.339092
4.38874 -0.681455
4.23151 0.41906
4.22505 0.530086
5.44149 3.97419
5.5496 3.96954
5.37838 3.97266
4.28601 -0.116462
5.46312 -3.13278
5.408 -3.16237
7.80352 2.09917
7.91723 1.84407
7.96904 1.70931
7.73429 2.23565
4.33083 2.40716
4.3926 2.763
4.87899 3.78659
4.96843 3.85005
5.01466 3.87582
5.09354 3.912
5.20996 3.9477
8.08687 1.31139
8.04889 1.46232
7.55732 2.53458
7.61156 2.44994
7.43121 2.71297
7.48922 -1.40223
7.49162 -1.39912
7.707 2.28587
4.5604 3.33043
4.74728 -2.21467
4.73804 -2.17742
4.74759 -2.21614
8.02555 1.54172
5.90829 -2.84795
8.1673 0.277501
8.15496 0.160224
5.88257 3.89824
4.40549 2.82476
4.42467 2.90607
6.73359 -2.19877
6.66507 -2.2582
6.53135 -2.37143
6.42421 -2.45805
6.29908 -2.55705
4.22109 0.634496
4.45396 3.02142
4.40668 -0.762837
4.42645 -0.853436
4.43116 -0.875205
4.21873 1.14113
8.18039 0.549578
4.21983 1.19383
4.21916 0.686216
5.47802 -3.12324
6.45822 3.61768
7.94022 -0.621846
4.255 1.80531
4.39924 -0.727215
5.88399 3.8977
8.02139 1.55507
5.83344 -2.89883
8.1535 0.148258
8.11081 -0.0961057
6.14161 3.79235
4.26709 1.93588
6.3243 3.69918
4.80877 3.72232
4.39972 2.79736
6.38705 3.66167
6.2893 3.71863
