6.39575 1.09505
6.45619 1.0031
5.91215 0.817723
5.90856 0.781121
6.53691 0.803451
6.54532 0.769057
6.47317 0.306114
6.45067 0.265413
6.38229 1.10472
6.28609 1.16696
5.9854 1.03203
5.96458 0.983817
6.20841 1.1808
6.13855 1.17858
5.90406 0.677924
5.90364 0.688353
6.17298 0.132567
6.08389 0.180144
6.21209 0.126837
6.29482 0.135695
6.01167 0.271994
6.0505 0.218981
6.55118 0.581063
6.54196 0.492161
6.39292 1.09744
6.49433 0.932519
6.05749 1.12366
6.01745 1.08767
5.91354 0.82437
6.55153 0.696521
6.5233 0.86296
6.41614 0.218854
6.43997 0.247511
6.50699 0.372702
6.26478 1.17873
6.50797 0.902224
5.94283 0.927476
6.53135 0.454509
6.55504 0.624108
5.92636 0.494692
5.93202 0.458891
5.96558 0.362066
5.99061 0.30166
6.07366 0.191287
6.18553 0.126763
6.36401 0.175423
5.94692 0.413264
5.90366 0.698262
5.91056 0.572068
5.91166 0.562551
6.38815 0.191078
