6.3513 -0.771656
6.27508 -0.796624
7.08884 0.94148
7.08489 0.962877
5.45766 1.56677
5.42743 1.47893
5.54072 1.75393
5.56735 1.79832
6.69049 1.7816
6.71292 1.75527
5.51197 -0.252474
5.52071 -0.272537
5.42933 -0.00529014
5.44428 -0.0558306
6.13507 -0.8186
6.18295 -0.813636
6.41032 2.01236
6.44564 1.992
6.15519 2.10832
6.21226 2.09797
5.81764 2.0535
5.80105 2.04483
6.00319 2.11361
6.07575 2.1154
6.83752 -0.346732
6.83786 -0.346246
6.67179 -0.547694
6.69382 -0.52619
6.58248 -0.630138
6.51946 -0.676761
5.33495 0.906006
5.33405 0.884867
5.35588 1.13686
5.35935 1.16007
7.10311 0.845724
7.11048 0.776856
5.39628 1.35676
5.42113 1.45697
5.65129 1.91448
5.60982 1.86447
6.56251 1.90704
6.56692 1.90301
6.83376 1.59412
6.83096 1.59822
6.94172 1.3964
6.92665 1.42821
5.76026 -0.653575
5.71617 -0.603733
5.94305 -0.780453
5.87884 -0.746235
6.92695 -0.192183
6.94903 -0.148933
7.03229 0.054157
7.03405 0.0592702
5.58457 -0.408821
5.6009 -0.43704
5.39332 0.15031
5.40906 0.076509
5.35437 0.375824
5.35376 0.380943
5.33446 0.624692
5.33329 0.654621
7.09297 0.295199
7.094 0.301075
7.11929 0.565826
7.11893 0.550594
7.04755 1.11881
7.06061 1.06578
7.02815 1.17831
7.00872 1.23553
7.06903 1.03399
6.55949 1.90963
6.63702 1.83664
6.97105 1.33145
6.97905 1.31343
7.0377 1.15076
6.50311 1.95287
6.66673 1.80654
6.37333 2.03429
6.33785 2.05155
6.24105 -0.806486
6.41162 -0.742398
6.31923 2.06051
6.23447 2.09053
5.94625 2.10227
5.90117 2.09085
6.70517 -0.514058
6.76803 -0.438336
5.34242 1.02328
5.34214 1.01987
5.42304 1.4643
5.47922 1.62138
5.59127 1.83726
5.51992 1.7154
6.72253 1.74338
6.83857 1.58644
6.88867 1.50082
5.85079 -0.729543
5.789 -0.679207
6.98622 -0.0670698
6.99449 -0.0476814
5.50379 -0.232801
5.55432 -0.345956
5.45531 -0.0915509
5.41639 0.0458725
5.34207 0.498927
5.34042 0.519702
7.11131 0.425357
7.11151 0.42732
6.46599 -0.713262
6.08893 -0.814749
6.46098 1.98108
6.39265 2.02368
6.1069 2.11588
5.72263 1.98686
5.70325 1.97056
6.83812 -0.34582
6.89837 -0.245143
6.61071 -0.605421
5.33172 0.786105
5.34413 1.03981
5.37394 1.2476
5.38534 1.30529
7.11542 0.718093
7.09957 0.873373
5.65451 -0.523813
5.62836 -0.482034
5.67167 -0.549326
5.49734 1.66596
6.77233 1.6798
6.90921 1.46232
6.95363 1.37106
5.99807 -0.798676
6.0368 -0.809644
7.06685 0.171996
5.47654 -0.155054
5.37603 0.235646
5.46862 -0.132282
5.3725 0.256033
5.33155 0.769645
5.35829 0.347664
5.33169 0.753213
7.11263 0.443638
7.0693 0.183198
7.06702 0.172627
7.11775 0.671334
7.08078 0.983329
6.98522 1.29874
