5.87952 2.47857
5.97399 2.48615
6.1849 2.45645
6.22642 2.44195
7.00321 -0.537667
7.01575 -0.518482
7.2401 1.24405
7.24635 1.22458
7.32612 0.81793
7.32229 0.858252
5.17243 1.50139
5.19116 1.58819
5.4909 2.2501
5.52864 2.28909
7.28559 0.128715
7.28139 0.110317
5.18022 0.0256884
5.17364 0.0592493
5.10616 0.7296
5.1065 0.709816
6.78043 2.06188
6.7317 2.11248
5.76798 2.44966
5.84503 2.47061
6.40025 2.36681
6.42928 2.34944
6.74128 -0.857676
6.72358 -0.87439
6.89393 -0.688364
6.87987 -0.706322
5.12018 1.14636
5.12072 1.15423
7.31073 0.94099
7.30447 0.977844
5.28508 -0.379703
5.28373 -0.375394
5.37146 -0.605303
5.35743 -0.571824
5.44368 -0.75141
5.42852 -0.721726
5.54762 -0.916374
5.54766 -0.916437
5.22481 1.71721
5.20983 1.6644
5.13493 1.27596
5.13764 1.29514
6.29761 -1.15448
6.34757 -1.13247
6.10519 -1.20116
6.11499 -1.19944
5.29279 1.91411
5.28895 1.90383
5.37867 2.09062
5.38595 2.10335
5.64202 2.38446
5.57146 2.33192
6.55281 -1.01469
6.49997 -1.05164
6.99471 1.78202
7.00242 1.76946
7.10141 1.5918
7.14459 1.50205
5.72961 -1.09892
5.68733 -1.06454
5.91507 -1.18705
5.90008 -1.18218
7.109 -0.35393
7.12611 -0.320381
7.21715 -0.106764
7.2142 -0.115149
5.21067 -0.118207
5.21395 -0.130699
5.11611 0.500622
5.11414 0.528897
5.14089 0.25452
5.14139 0.251042
7.32553 0.360485
7.32654 0.369524
6.66801 2.17355
6.65647 2.18372
6.81792 2.02029
6.82415 2.01293
7.33778 0.612084
7.33801 0.591404
7.29496 1.02595
7.2921 1.0419
6.5485 2.27073
6.58512 2.24348
7.31921 0.881468
7.31761 0.894803
7.30178 0.994055
5.26578 -0.316979
5.10736 0.924635
5.10698 0.905261
6.59019 2.23953
6.59585 2.23533
7.27545 1.11661
7.27785 1.10728
6.90208 1.91587
6.90411 1.91324
7.33183 0.753208
7.33293 0.739719
6.50963 2.29897
6.45553 2.3327
5.19618 -0.0535007
5.19911 -0.0673744
5.10544 0.819792
5.10577 0.860359
5.11187 1.0188
5.30238 -0.42817
5.30638 -0.439241
5.25476 -0.280413
5.24782 -0.255932
6.07741 2.47988
5.87028 2.47748
6.07973 2.47956
6.29204 2.4189
7.02512 -0.503153
6.94963 -0.614166
5.32008 -0.476416
5.3461 -0.543444
5.49361 -0.835019
5.4584 -0.778755
5.19623 1.61085
5.16074 1.43958
6.20063 -1.1846
6.23873 -1.17279
5.33384 2.00359
5.37111 2.07611
5.56007 2.32141
5.47732 2.23451
6.64051 -0.948163
6.61848 -0.966652
7.07972 1.63385
7.06255 1.666
5.82165 -1.15304
5.78026 -1.13003
7.19234 -0.171599
7.17286 -0.220385
7.30668 0.231086
7.25532 0.0121371
5.16496 0.104413
5.18637 -0.00406254
5.10751 0.663508
5.10592 0.774981
5.13828 0.275371
5.12666 0.376526
7.33456 0.462203
7.33706 0.49371
5.74892 2.44147
6.07882 2.47976
5.66789 2.40149
6.86789 -0.720817
6.80355 -0.792122
6.68159 -0.912057
7.07541 -0.41655
7.14969 1.49076
7.18174 1.41357
5.3997 -0.664519
5.54755 -0.916271
5.61189 -0.992059
5.63914 -1.022
5.15188 1.38984
5.23326 1.74347
5.25845 1.8203
5.12438 1.18952
6.39612 -1.11082
6.08553 -1.20175
5.29826 1.92744
5.43174 2.17233
6.45735 -1.07649
6.97999 1.8046
6.93499 1.86971
7.04966 1.68878
6.0098 -1.202
5.93839 -1.19064
7.16926 -0.228525
7.25039 -0.00492819
7.30873 0.243191
5.15965 0.135089
5.1081 0.644626
5.12516 0.391577
5.10893 0.626637
5.1259 0.383596
7.33721 0.49727
6.62925 2.20664
6.68287 2.16088
7.33499 0.688212
7.217 1.31665
7.20864 1.33996
7.2727 1.12899
7.2577 1.18325
7.28477 1.07404
5.22655 -0.179547
5.2366 -0.217629
6.70486 2.13923
6.90578 1.911
6.86371 1.96506
7.33347 0.731744
5.1054 0.795331
5.10614 0.885237
6.32012 2.40627
5.28729 -0.386552
6.92392 1.88522
5.1211 1.16007
7.23515 1.26053
6.34935 2.39175
6.37563 2.3795
7.18502 1.40566
5.21485 -0.134526
5.2011 -0.0764593
6.82744 2.00907
5.24016 -0.230458
