4.74439 -1.15099
4.7617 -1.21448
5.1158 -2.16814
5.09737 -2.1366
5.03565 -2.0119
5.0323 -2.00377
4.96251 3.28795
4.97585 3.30411
5.10484 3.4267
5.11107 3.4316
5.34682 3.55233
5.30611 3.53886
5.29702 -2.40353
5.29111 -2.39954
4.57942 -0.470189
4.57126 -0.430371
4.65814 -0.821649
4.66314 -0.842045
5.94691 3.53989
5.88798 3.55403
6.17474 3.45645
6.23294 3.42836
4.624 2.53222
4.63132 2.5625
4.67301 2.70783
4.67956 2.72783
6.99169 2.87869
7.06417 2.80392
7.1803 2.67386
7.16855 2.68781
7.92134 1.09333
7.90626 1.17479
7.28337 2.54526
7.29686 2.52721
7.3994 -1.15617
7.43375 -1.10747
6.5623 -2.01932
6.62219 -1.97339
6.91932 -1.71155
6.94655 -1.68495
7.47872 2.25758
7.51768 2.19243
7.96955 0.588444
7.97002 0.573677
5.55945 -2.50493
5.54691 -2.50416
4.84954 -1.50845
4.84469 -1.49208
7.80522 -0.385098
7.79527 -0.412405
4.86452 3.15093
4.84162 3.11117
5.46043 3.57805
5.49895 3.58528
4.93334 -1.75441
4.91019 -1.68994
6.7774 3.07318
6.76729 3.08186
6.55305 3.24348
6.56183 3.23743
4.47838 1.67284
4.47906 1.67925
4.61545 -0.637197
4.95411 -1.81422
4.97311 -1.86122
4.55985 2.24248
4.54231 2.14588
4.51461 1.96895
4.51906 1.99865
7.69717 -0.647443
7.737 -0.557705
7.57466 -0.881833
7.60744 -0.823388
6.39863 3.34155
6.50097 3.27822
6.91167 2.95534
6.95514 2.91418
7.50039 -1.0066
7.48504 -1.03061
6.74831 -1.86692
6.81801 -1.80664
7.07485 -1.55311
7.00956 -1.62245
6.32505 -2.19071
6.41166 -2.13262
6.28494 -2.2187
6.22214 -2.25681
5.77814 -2.47108
5.79353 -2.46708
4.49874 0.00390621
4.49709 0.0167098
4.71991 2.84601
4.72538 2.86103
7.68818 1.85473
7.67586 1.88245
7.95991 0.797657
7.96419 0.744002
4.79581 -1.33054
4.77225 -1.25043
7.84231 -0.275523
7.83654 -0.293682
5.17402 -2.2648
5.17528 -2.2666
6.1443 -2.30574
6.08853 -2.3362
5.26277 -2.37283
5.25762 -2.36713
4.44023 0.875042
4.4403 0.850037
4.44102 1.00158
4.44074 0.977037
4.45433 1.37392
4.45338 1.35848
4.46284 1.49414
4.4623 1.48678
4.56242 -0.383691
4.56832 -0.415281
4.46288 0.342211
4.46378 0.330748
4.45324 0.47865
4.45427 0.461205
4.48218 0.13959
4.48245 0.137035
6.03042 3.51358
5.83129 3.56808
6.07691 3.49642
6.28714 3.40264
7.94745 0.922631
7.92981 1.04657
7.21802 -1.39161
7.18095 -1.4359
7.31001 -1.27712
7.29305 -1.29942
6.65751 -1.94356
6.52283 -2.05084
6.9991 -1.63273
6.91429 -1.71661
7.55789 2.12023
7.52658 2.17676
7.39484 2.38859
7.41639 2.35622
7.82879 1.47909
7.83986 1.44159
7.77204 1.64671
7.7979 1.57393
7.8747 1.31249
7.85467 1.39018
7.78228 -0.446864
6.8396 3.01999
6.82903 3.02946
6.62181 3.19462
6.6172 3.19811
4.48739 1.75734
4.48454 1.73184
4.4729 1.61509
4.66546 -0.851285
4.56324 2.2623
4.53508 2.1023
5.63065 3.58988
5.69169 3.58677
5.77447 3.57823
5.77303 3.57853
6.06141 3.50288
6.37326 3.3553
6.50921 3.27318
6.98054 2.88977
6.90439 2.96237
6.46277 -2.09422
6.83592 -1.78966
6.72052 -1.89174
7.10356 -1.52306
6.30416 -2.20535
4.79855 3.03147
4.81075 3.0553
6.00758 -2.37788
6.03813 -2.36324
5.91907 -2.41888
5.93729 -2.41177
4.70557 -1.00564
4.71324 -1.0346
4.51426 -0.102181
4.44316 0.698187
4.44241 0.722001
4.44823 0.571037
4.44725 0.591621
4.75149 2.92386
4.76844 2.96396
4.57331 2.31329
4.58615 2.3725
7.95465 0.855369
7.95 0.90118
4.44633 1.20957
4.44707 1.23103
4.44252 1.08036
4.44304 1.10403
6.1877 -2.27959
5.39184 -2.46509
5.36278 -2.44965
7.87127 -0.176262
4.89267 3.19435
4.91238 3.22311
4.69115 -0.950997
4.69664 -0.971587
6.71608 3.12332
6.67896 3.15173
4.52682 -0.180938
4.53317 -0.220087
7.63005 1.97969
7.60838 2.02396
4.57329 2.31321
4.57321 2.3128
5.60197 -2.50428
5.63845 -2.5009
7.8753 -0.162095
7.88675 -0.117929
7.96285 0.356788
7.96089 0.328573
4.50494 1.89639
4.50146 1.87138
5.47852 -2.49357
5.43225 -2.48218
5.35388 -2.44466
5.31623 -2.41721
7.92882 0.076307
7.92853 0.0745358
4.5285 2.06229
4.76947 -1.24121
4.73899 -1.13083
5.50054 -2.49917
5.06712 -2.077
5.13427 -2.20205
5.01057 -1.9551
5.05347 -2.04964
5.01233 3.34401
4.93656 3.25603
5.07134 3.39698
5.20783 3.49476
5.40275 3.56822
5.21239 3.4969
5.87345 -2.43783
5.88683 -2.43326
7.94882 0.21047
7.94749 0.19895
4.44994 1.29453
4.45026 1.31371
4.44036 0.938467
4.44026 0.913537
4.44125 0.786536
4.44017 0.81158
4.88628 -1.61971
4.87877 -1.59853
4.45832 1.43418
4.45755 1.42263
4.45763 0.410694
4.45864 0.395983
5.58685 3.5919
5.59654 3.59186
4.52306 2.02841
7.63896 -0.76403
7.664 -0.714964
4.60693 2.46349
4.64687 2.62064
4.68834 2.75538
4.66104 2.6687
7.14193 2.71826
7.20298 2.64689
7.90441 1.18371
7.9291 1.05093
7.22778 2.61629
7.34718 2.45834
7.4507 -1.08234
7.35374 -1.2202
7.26497 -1.33422
7.23768 -1.36846
7.5191 2.18998
7.46846 2.27439
7.80164 1.56278
7.82751 1.48327
7.96984 0.516732
7.96688 0.684465
5.51881 -2.50227
5.59285 -2.5044
4.82236 -1.41971
4.8633 -1.55266
7.90446 -0.0450953
7.90113 -0.0598158
5.02131 3.35298
5.20895 3.49539
5.20843 3.49512
5.5546 3.58988
5.6748 -2.4952
5.69303 -2.49281
7.92746 0.0691439
7.95026 0.222935
4.94239 -1.78095
4.9939 -1.91264
4.51001 1.93501
7.68591 -0.671067
7.74796 -0.532334
7.54778 -0.928165
7.34731 -1.22908
7.50727 -0.995686
7.9694 0.473343
4.80804 -1.37108
5.96374 -2.39886
5.98772 -2.3884
4.44541 0.634446
4.44453 0.656816
4.7181 2.84062
4.74324 2.90501
4.44418 1.14482
4.44484 1.16753
4.5424 -0.273913
4.72003 -1.06026
5.17661 -2.26828
5.06354 -2.07047
5.22335 -2.3296
5.23538 -2.34484
5.27891 -2.38828
4.4413 1.04054
4.46728 1.55094
4.46856 0.273464
4.45008 0.526424
4.48493 0.116025
4.46992 0.258551
4.58923 2.38566
4.65827 2.65991
7.21825 2.6282
7.10883 2.75597
7.9486 0.91358
7.8792 1.29448
7.36141 2.43791
7.16915 -1.44928
7.59547 2.04885
7.56329 2.11029
7.43729 2.32377
7.85314 1.39566
7.76624 1.66257
6.73457 3.1084
4.49103 1.79065
4.47976 1.68684
6.05072 -2.35611
4.47096 1.5941
4.49576 0.0266901
4.44101 0.761981
4.78895 3.00963
4.6993 2.78694
7.72091 1.77777
7.73999 1.73086
7.65586 1.92592
4.795 3.02352
7.13253 -1.49085
7.95718 0.832245
4.44842 1.27428
5.40931 -2.4729
5.60614 3.59139
5.00325 -1.93659
7.96905 0.463096
4.49599 1.82843
4.4933 1.80758
7.9647 0.734342
6.67142 3.15743
6.81832 3.03891
7.09401 2.77213
7.69999 1.8282
7.75981 1.67986
7.7648 -0.491568
6.61302 3.20126
5.71434 3.58556
7.89773 -0.0739562
5.7689 3.57916
