4.69483 -1.18597
4.70479 -1.2225
5.42348 -2.62737
5.41595 -2.62489
5.04624 -2.24182
5.07029 -2.28969
5.91385 -2.51813
5.84683 -2.54929
5.19446 -2.483
5.21331 -2.50545
5.11727 -2.37506
5.14956 -2.42241
7.99151 0.162696
7.99215 0.167653
4.61558 -0.874692
4.63593 -0.957859
4.52345 -0.457436
4.56575 -0.663803
6.19461 3.52239
6.18366 3.52767
4.55766 2.52895
4.57435 2.59801
7.30272 2.6039
7.35782 2.53014
7.43322 -1.19602
7.45156 -1.17003
7.29301 -1.38059
7.32661 -1.33896
6.98142 -1.72388
7.02415 -1.68212
6.40994 -2.21218
6.41232 -2.21035
5.63339 -2.62029
5.64917 -2.61781
4.79553 -1.54657
4.77024 -1.46126
4.84988 -1.72405
4.84371 -1.70333
7.85171 -0.401145
7.84441 -0.421791
4.8624 3.3012
4.91786 3.37512
5.1642 3.57983
5.20536 3.60112
4.9623 3.42444
4.99697 3.45811
5.25022 3.61824
5.30979 3.64108
6.00395 -2.47251
6.03905 -2.45277
8.00662 0.295941
8.00587 0.286469
6.81347 3.11563
6.80019 3.12702
6.57465 3.29945
6.59979 3.28211
5.72662 3.66731
5.70453 3.66983
4.45441 1.94174
4.4535 1.93444
4.49344 2.20124
4.48938 2.17887
7.75651 -0.635603
7.75261 -0.644305
7.63963 -0.868873
7.64218 -0.86432
5.95629 3.61474
6.01431 3.5942
6.40706 3.40886
6.3221 3.45671
7.15426 2.78379
7.08301 2.86102
6.97126 2.97225
7.00358 2.94164
7.38226 -1.2665
7.38773 -1.25906
7.53361 -1.04575
7.50042 -1.09767
6.63945 -2.03463
6.63756 -2.03626
6.81743 -1.88064
6.83284 -1.86731
8.01795 0.503748
8.01811 0.582487
6.28315 -2.30101
6.27942 -2.30327
4.74405 -1.36707
4.76576 -1.44622
4.91904 -1.93087
4.92764 -1.95321
4.77232 3.15283
4.74573 3.09898
5.46309 3.67272
5.50571 3.67622
5.71514 -2.59854
5.73863 -2.59195
4.65636 -1.04038
4.6554 -1.03652
4.6508 2.8612
4.64604 2.84811
7.72109 1.89901
7.71146 1.92069
8.01104 0.765522
8.01134 0.761693
4.81014 3.22176
4.81716 3.2333
6.10586 -2.41343
6.17525 -2.37161
6.25321 -2.32062
6.19391 -2.35938
5.43039 -2.62893
5.33172 -2.59533
5.34436 -2.60183
5.27116 -2.55727
5.47915 -2.63464
5.46846 -2.63362
5.03554 -2.21862
5.00752 -2.15635
5.21972 -2.51066
5.16296 -2.44342
4.38853 0.905137
4.38867 0.850098
4.38948 1.03158
4.38884 0.977098
4.40389 1.40328
4.40112 1.35824
4.41232 1.52354
4.40963 1.48654
4.48983 -0.280799
4.50804 -0.378286
4.56595 -0.664753
4.40863 0.375532
4.41207 0.33159
4.39958 0.511605
4.40252 0.462047
4.46108 -0.0984769
4.46573 -0.129655
4.42697 0.173495
4.43395 0.109574
5.86401 3.64077
5.84111 3.64645
6.17995 3.52919
6.2958 3.47179
4.54815 2.48502
4.5298 2.39735
4.61376 2.74476
4.60967 2.72982
7.19926 2.73132
7.22317 2.70331
7.9896 0.96432
7.98262 1.01338
7.94609 1.21419
7.92926 1.28927
6.73037 -1.95802
6.66492 -2.01329
7.05993 -1.6448
6.92896 -1.77663
7.51043 2.30025
7.47425 2.359
7.58965 2.16296
7.57188 2.19504
7.42674 2.43152
7.44948 2.39737
7.87936 1.47433
7.89301 1.4281
7.82431 1.64179
7.83528 1.6109
6.41467 -2.2085
6.53688 -2.11645
6.34659 -2.25696
5.52752 -2.63585
5.55874 -2.63317
7.93098 -0.142068
7.93991 -0.107323
7.89083 -0.28285
7.90085 -0.250164
7.88171 -0.312402
7.80959 -0.511689
7.80607 -0.52074
4.92105 3.37905
6.9019 3.03767
6.86448 3.07118
6.77552 3.14753
6.74658 3.17091
6.69104 3.21426
6.65445 3.24195
6.51749 3.3393
4.44404 1.85857
4.44677 1.88177
4.46175 1.99806
4.50958 2.29574
4.46996 2.06186
5.83423 3.64767
5.82103 3.65042
6.07043 3.57484
6.45206 3.38035
6.42833 3.39547
7.03863 2.90626
6.92304 3.01887
6.54427 -2.11039
6.90111 -1.80259
6.73566 -1.95366
7.11841 -1.58383
8.01562 0.672427
8.0121 0.747411
6.54066 -2.11336
6.3452 -2.25793
4.73698 3.08188
4.80549 3.21314
8.01589 0.433302
8.01792 0.491545
4.42952 1.7214
4.43155 1.74317
4.41713 1.58219
4.41973 1.61485
4.39254 0.668842
4.39083 0.722841
4.39794 0.541884
4.39552 0.592463
7.77597 1.76954
7.75414 1.8231
7.68556 1.97579
7.665 2.01863
4.71161 3.02306
4.68917 2.96749
7.19534 -1.49696
7.2211 -1.46737
4.60061 -0.811483
4.39322 1.17878
4.39502 1.23109
4.38982 1.04981
4.391 1.1041
5.66897 3.674
5.64156 3.67654
4.56604 -0.665169
4.56627 -0.666183
4.71403 3.02941
4.72194 3.0482
7.16107 2.77625
7.16494 2.77189
7.14322 -1.55615
7.17551 -1.51978
7.12927 -1.57176
4.94175 -1.99278
4.95295 -2.02122
8.01633 0.653383
5.11538 3.55112
5.10014 3.54138
5.94219 -2.50504
5.93826 -2.50694
5.74531 3.66437
5.78379 3.65776
7.98375 0.11409
7.97082 0.0349438
4.46993 2.06169
4.9233 3.38151
8.00368 0.849691
8.01048 0.772596
4.71935 -1.27658
4.67269 -1.10339
4.8225 -1.63546
4.80659 -1.58213
4.9647 -2.05419
4.97907 -2.08904
5.03748 -2.22333
5.08034 -2.30688
5.08534 3.53042
5.0171 3.47652
5.82483 -2.55956
5.93529 -2.50824
7.99927 0.229396
7.99094 0.158277
4.39925 1.29459
4.40006 1.34293
4.38876 0.968502
4.38854 0.913598
4.39102 0.786595
4.38864 0.84157
4.40789 1.46354
4.40515 1.42239
4.40374 0.443795
4.40695 0.396824
5.53952 3.67834
5.61089 3.67805
4.46991 2.06155
4.44232 0.038558
4.44863 -0.0107224
7.70163 -0.751527
7.6992 -0.756436
4.58341 2.63189
4.55085 2.49844
7.96991 1.0913
7.95932 1.1492
7.29066 2.61931
7.36681 2.51784
7.48424 -1.12185
7.42327 -1.20998
7.33838 -1.32343
7.27119 -1.40795
7.55055 2.2323
7.52439 2.27708
7.85307 1.55794
7.86523 1.52057
5.67508 -2.61034
5.6041 -2.62708
4.76904 -1.45735
4.86729 -1.78006
5.21288 3.6044
5.15145 3.57303
5.3456 3.65073
6.06759 -2.43678
5.98866 -2.48053
5.75421 -2.58561
8.00741 0.305365
7.95473 -0.0424652
7.967 0.0156725
7.94579 -0.0837848
4.87874 -1.81366
4.88519 -1.83198
4.46961 2.05937
7.66876 -0.814272
7.80285 -0.52843
7.5819 -0.968365
7.38079 -1.26852
7.57114 -0.986298
8.01729 0.622538
6.08866 -2.42408
4.73724 -1.34176
5.40777 3.66457
5.69402 -2.60617
4.64266 -0.985224
4.66305 -1.06709
4.42296 1.65157
4.42532 1.67901
4.39497 0.605206
4.39291 0.657656
4.63324 2.81004
4.66684 2.90719
4.39128 1.11416
4.39282 1.16759
4.6705 -1.09522
5.51306 -2.63571
4.99977 -2.13706
5.10654 -2.35529
5.15703 -2.43432
4.38954 1.0406
4.41444 1.55069
4.48401 -0.247916
4.41414 0.306893
4.39855 0.527263
4.48216 -0.236938
4.42106 0.23089
4.6001 2.69617
4.51872 2.34178
4.62687 2.789
7.23732 2.68599
8.00013 0.88119
7.91849 1.33335
7.42048 2.44075
7.24575 -1.43802
7.62769 2.09222
7.61687 2.11287
7.46928 2.36682
7.9032 1.39095
7.8033 1.69922
5.59 -2.62831
7.92488 -0.165566
6.72433 3.18919
4.4395 1.82157
4.45237 1.92614
4.63979 -0.973475
4.43647 1.79148
4.39048 0.732692
4.67994 2.9418
4.51336 2.31491
7.7934 1.72584
7.73115 1.87641
7.63939 2.06966
4.39541 1.24355
5.6798 3.67258
5.38971 3.66152
8.01535 0.419758
6.70855 3.20113
6.82656 3.10466
4.90333 -1.88499
6.18586 -2.36475
6.34654 -2.257
6.62125 3.26695
4.4381 1.80719
7.91549 -0.199725
