6.20794 -2.52551
6.14476 -2.57045
4.68165 -1.62695
4.68455 -1.63743
7.97376 -0.363287
8.00536 -0.260001
4.85431 3.59769
4.92849 3.67
4.73487 -1.82878
4.742 -1.85562
4.29195 1.35821
4.28807 1.30832
4.27962 0.968525
4.27965 0.977226
4.28121 0.850224
4.28022 0.795777
4.29645 1.46581
4.2977 1.48603
5.79835 3.82537
5.75465 3.83571
4.29388 0.44601
4.29272 0.463834
4.35236 2.06049
4.3589 2.11769
4.94789 -2.54226
4.94453 -2.53236
4.33887 -0.0234179
4.32968 0.0505431
7.82639 -0.73123
7.77789 -0.82951
4.55403 3.04812
4.57327 3.10337
5.21952 3.82713
5.2487 3.83463
4.89449 -2.38354
4.91447 -2.44613
7.12211 2.97949
7.15928 2.94049
7.41365 2.63379
7.41981 2.62553
6.95496 -1.90793
6.92539 -1.93613
7.25574 -1.59114
7.21911 -1.63224
4.66278 3.31362
4.63772 3.26301
5.54208 -2.91661
5.49064 -2.93676
4.81232 -2.11097
4.83971 -2.19986
8.1172 0.681277
8.11669 0.699116
5.3425 -2.96566
5.26376 -2.96016
4.98379 -2.63677
5.01308 -2.7013
5.0576 -2.78831
5.07003 -2.80517
5.17646 -2.9199
5.14644 -2.89936
4.76531 -1.94052
4.76875 -1.95539
5.6674 -2.86277
5.64478 -2.87477
5.77215 -2.80719
5.75805 -2.81571
8.08134 0.0688158
8.08042 0.063553
8.05479 -0.0687205
8.05947 -0.0480423
6.679 3.37533
6.69021 3.3671
6.8885 3.20394
6.89475 3.19861
5.97864 3.76934
5.91037 3.79174
4.37182 2.20656
4.37812 2.24822
7.77138 -0.842586
7.71373 -0.948626
6.21282 3.66867
6.22672 3.66175
6.45505 3.53124
6.48004 3.51579
7.06277 3.04088
7.22055 2.87277
7.20052 2.89579
7.60412 -1.12883
7.63714 -1.07757
6.78593 -2.0637
6.86384 -1.99412
7.08739 -1.77451
7.0549 -1.8079
4.79787 3.53147
4.76714 3.48934
8.10916 0.798389
8.11326 0.748458
6.39091 -2.38953
6.34286 -2.42643
6.66052 -2.17244
6.6179 -2.20732
7.92581 -0.498238
7.92516 -0.499909
4.97834 3.70864
4.97799 3.70841
4.84353 3.58685
4.8293 3.57021
8.11875 0.465125
8.11611 0.400801
4.30886 1.64647
4.30631 1.61433
4.28571 0.606912
4.28618 0.594242
7.31062 -1.52763
7.34703 -1.48384
5.98724 -2.67785
5.97616 -2.68463
4.48919 -0.834251
4.49801 -0.873212
4.28176 1.11417
4.28149 1.10422
7.14894 -1.7087
7.17203 -1.68365
6.22718 -2.51183
6.23564 -2.50591
4.59017 -1.25983
4.56974 -1.17914
4.65791 -1.53578
4.64673 -1.48927
5.71449 3.84235
5.7415 3.83795
5.86731 3.8065
4.40122 -0.410708
4.38473 -0.322437
4.44245 -0.619218
4.43514 -0.58447
4.39026 2.31505
4.39689 2.36599
4.38081 -0.300202
4.36247 -0.188116
7.78262 2.00756
7.74364 2.08879
7.86724 1.81246
7.83436 1.89199
4.45379 2.67615
4.45316 2.67355
4.40195 2.39405
4.41422 2.4694
5.10854 3.78412
5.08887 3.77529
5.32264 3.85052
5.36211 3.85714
8.03031 1.29749
8.04863 1.21424
8.07831 1.05205
8.09366 0.943581
7.34314 2.72639
7.35221 2.71468
7.47099 2.55323
7.48274 2.53615
7.4456 -1.35816
7.42375 -1.38682
6.87218 -1.98616
6.95993 -1.90329
7.65686 2.25341
7.68607 2.20053
7.57726 2.39018
7.5928 2.3647
4.72743 3.42927
4.71048 3.40323
4.61183 3.20215
4.62807 3.24043
4.77307 -1.97341
4.80562 -2.08442
4.87344 -2.31364
4.86764 -2.29276
7.93435 1.63144
7.91433 1.68908
7.98712 1.46419
7.97434 1.50854
5.36825 -2.9653
5.25643 -2.95776
5.72712 -2.83217
5.71171 -2.83963
5.63297 -2.88058
5.58428 -2.89999
5.5607 -2.91096
6.49332 -2.30889
6.51664 -2.29065
8.03193 -0.164422
7.96506 -0.390437
7.92638 -0.496739
6.63866 3.40593
6.60849 3.42726
6.83085 3.25393
6.83752 3.24843
6.07586 3.73146
6.01838 3.75383
5.64038 3.85528
4.3307 1.88939
4.33572 1.93323
4.37923 2.25511
4.36049 2.12975
6.08941 3.7263
6.12363 3.71094
6.20203 3.67423
6.25802 3.64566
6.29628 3.62502
6.42481 3.55048
6.36217 3.58714
7.27758 2.80799
6.69701 -2.1407
6.76681 -2.08109
7.03364 -1.8289
4.75203 3.46911
8.11603 0.710094
8.10799 0.813397
6.67959 -2.1558
8.11282 0.341701
8.12014 0.529892
4.55387 -1.11272
4.56672 -1.16659
4.52775 -1.0015
4.53682 -1.04046
4.50873 2.89682
4.49685 2.85402
4.5318 2.97894
4.54248 3.01387
7.3556 -1.4734
7.39797 -1.42023
4.46465 -0.728042
4.47872 -0.788137
4.50753 -0.914305
6.00114 -2.66903
6.03589 -2.64572
4.61284 -1.35176
4.59611 -1.28333
4.62537 -1.40127
7.96935 -0.377675
8.09078 0.136148
8.08205 0.072979
4.51478 -0.945832
4.52221 -0.97738
4.28329 0.723222
4.28052 0.777499
4.46356 -0.723186
5.52236 3.86514
5.54874 3.86343
4.34474 2.01011
4.34329 1.99685
4.32689 1.84822
4.32267 1.80601
4.30946 0.245668
4.3052 0.29391
4.89169 -2.37231
4.88886 -2.36225
8.10168 0.86778
7.45984 -1.33907
7.50352 -1.27886
5.78285 -2.80095
5.8306 -2.77337
5.2008 -2.93678
8.03859 -0.138586
7.90162 -0.557266
7.88027 -0.610913
6.53503 3.47923
6.54893 3.46946
7.02908 3.07376
7.04286 3.06066
8.11984 0.588325
4.31881 1.76734
4.31671 1.7424
8.09957 0.198751
8.10008 0.203425
4.74468 -1.86647
4.2866 1.23122
4.28687 1.2818
6.74161 3.32713
6.7775 3.2979
7.27924 2.80592
7.28113 2.80367
6.94545 3.15305
6.98135 3.11932
6.11627 -2.59109
4.7054 -1.7181
4.67268 -1.59389
8.10633 0.269558
8.10058 0.208334
4.28784 1.29472
4.29327 1.40508
4.28011 1.03174
4.27981 0.913726
4.28062 0.786725
4.27983 0.904905
4.30014 1.52625
4.29422 1.42188
4.42136 -0.515233
4.40691 -0.441687
4.28994 0.513689
4.29695 0.398614
5.43768 3.86435
5.48678 3.86492
4.95022 -2.54987
4.93026 -2.4901
4.3229 0.111901
4.34502 -0.069383
7.82874 -0.726167
7.77174 -0.841908
7.82663 1.90985
7.79004 1.99179
4.42624 2.53409
4.43289 2.57197
4.58271 3.12752
4.55146 3.04123
5.2023 3.82119
5.28932 3.84487
8.05619 1.17663
8.07429 1.07694
7.20301 -1.65042
7.26535 -1.58026
4.63537 3.2573
4.67248 3.33444
5.47752 -2.93961
5.41891 -2.95639
4.97727 -2.61878
5.01981 -2.71765
5.09848 -2.84781
5.03727 -2.74935
5.11853 -2.86803
5.88773 -2.74047
5.88939 -2.73953
4.71597 -1.75626
5.89085 -2.7387
8.11197 0.3293
8.06887 0.000350263
8.04792 -0.0990253
7.70698 -0.96041
7.87775 -0.616677
7.6528 -1.05191
7.56532 -1.1891
7.55469 -1.20487
7.53346 -1.23603
6.40634 -2.37797
6.32626 -2.43861
6.08457 -2.61258
6.06119 -2.62813
4.93217 3.67306
5.02787 3.74201
5.42477 3.86339
4.54073 -1.05716
4.55167 -1.10353
4.30376 1.57755
4.31128 1.67848
4.28842 0.543438
4.28407 0.659427
4.52979 2.97148
4.51378 2.91652
7.30678 -1.53211
7.35487 -1.47432
4.2804 1.04988
4.28345 1.16772
4.56711 -1.16819
4.28021 1.04073
4.30175 1.55018
4.38181 -0.305776
4.46096 -0.711067
4.2985 0.377918
4.28907 0.529044
4.3582 -0.160805
4.3166 0.17175
7.73523 2.10559
7.87653 1.7893
7.90464 1.71537
7.69531 2.1832
4.47621 2.77339
4.45189 2.66761
4.48126 2.79313
5.02933 3.74282
5.15272 3.8039
5.40135 3.86113
8.0163 1.35574
8.09622 0.923317
8.00095 1.4149
7.53302 2.46091
7.54219 2.4466
7.40779 2.64202
7.40196 -1.41506
7.45095 -1.35119
7.64047 2.28267
7.61765 2.32257
4.69314 3.37085
4.60587 3.1892
4.85275 -2.24661
4.84636 -2.22326
7.94517 1.59963
7.96218 1.54768
6.72309 3.34156
6.93266 3.16461
6.31385 3.61581
6.489 3.50978
6.2794 -2.47385
6.45429 -2.34019
6.5779 -2.24089
6.53338 -2.27753
4.93039 3.67169
4.31448 1.71572
4.28373 0.670808
4.48912 2.82306
4.28382 1.17886
4.96443 -2.58539
5.61077 3.8591
4.91896 -2.46087
6.33622 3.60261
4.5969 3.16538
5.93861 -2.70907
6.84391 3.24311
4.34163 1.98217
6.59694 -2.2254
6.46985 -2.3282
6.98843 3.11257
6.7853 3.29146
6.56921 3.45509
