7.54415 0.034699
7.54999 0.0592673
7.51751 1.25428
7.51083 1.28066
5.38799 -1.40454
5.40859 -1.43376
5.67323 -1.65617
5.71015 -1.67108
5.13641 -0.921088
5.14992 -0.956717
4.82711 0.780892
4.82511 0.837572
5.14133 2.47175
5.15249 2.49231
7.16737 -0.816623
7.13279 -0.867772
6.15423 2.8957
6.16037 2.89336
5.91296 2.94505
5.94404 2.94257
7.21846 1.96322
7.21881 1.96266
6.36517 2.80347
6.33965 2.81752
7.56407 0.129261
7.57735 0.207058
7.5212 -0.056277
7.50772 -0.106594
7.43688 -0.311524
7.45686 -0.258942
7.35215 -0.500811
7.33978 -0.526596
7.384 1.63797
7.36629 1.67787
7.45181 1.46445
7.43558 1.50876
5.53462 2.87889
5.61354 2.91108
5.33844 2.73983
5.39271 2.78758
5.32747 -1.31743
5.30188 -1.27349
4.83231 1.11668
4.83779 1.21332
4.85376 1.39303
4.85999 1.45073
4.89211 1.67987
4.89247 1.68217
5.85954 -1.70401
5.78437 -1.69203
4.99982 -0.498667
5.01398 -0.549447
5.06832 -0.731473
5.06938 -0.73455
5.50851 -1.5441
5.53976 -1.56996
5.21293 -1.10119
5.19366 -1.05773
4.93784 1.90262
4.95693 1.97948
4.87702 0.104113
4.86973 0.157586
4.8445 0.389703
4.84247 0.409309
4.82707 0.705852
4.82864 0.650565
4.82527 0.854646
4.82648 0.967247
5.24521 2.63492
5.24793 2.63808
6.24382 -1.62818
6.26524 -1.61775
6.04961 -1.69055
6.04028 -1.6917
4.99318 2.10769
4.98044 2.06654
6.85279 -1.19754
6.85879 -1.19165
6.99797 -1.04029
6.99364 -1.0454
5.73682 2.94092
5.70551 2.93396
6.63931 -1.3868
6.68366 -1.3502
6.44052 -1.52573
6.4819 -1.49875
7.60122 0.426099
7.5976 0.372504
7.60645 0.609803
7.60666 0.584438
6.64439 2.62309
6.64029 2.62623
7.58767 0.891363
7.58247 0.935499
4.95764 -0.328447
4.9794 -0.421907
4.91336 -0.120826
4.91438 -0.126113
7.0817 -0.934103
7.12252 -0.882
7.20853 -0.754942
7.23623 -0.71134
7.26105 1.88828
7.25522 1.89899
7.56583 1.03594
7.55793 1.08335
6.73581 2.54663
6.76084 2.52394
6.91154 2.37491
6.90346 2.38357
7.1592 2.05544
7.12535 2.10564
7.02238 2.24549
7.02401 2.24353
7.49685 -0.140474
7.48469 -0.178794
7.41034 -0.37619
7.41736 -0.359487
7.37269 -0.45907
7.31479 -0.575348
7.32165 -0.562142
7.41906 1.55256
7.46604 1.42405
4.83071 1.09227
4.84079 1.25346
4.82676 0.715746
4.82687 0.985659
6.56093 2.68543
6.5626 2.68433
7.5479 1.12665
7.55763 1.08486
7.59907 0.781417
7.59611 0.816383
4.94493 -0.272683
4.98164 -0.431228
7.40265 1.59337
7.48315 1.37469
7.47875 1.38779
4.82996 1.04008
5.71884 -1.67434
5.74832 -1.68342
5.03491 2.23222
5.05869 2.29525
6.42234 2.77311
6.44736 2.75811
4.84434 1.29615
4.82646 0.725244
4.98648 -0.450411
4.83754 0.47149
4.8353 0.505022
7.55672 0.0924526
7.53847 0.00892349
5.43583 2.82077
5.49229 2.85613
5.4235 -1.45322
5.35242 -1.35507
4.84758 1.33279
4.93477 -0.225037
4.93892 -0.244747
5.06678 -0.726883
5.03799 -0.632181
5.17338 -1.01185
5.12705 -0.895785
4.91379 1.79333
4.92133 1.82791
6.51638 2.71478
6.55921 2.68662
6.83413 2.45504
6.87468 2.41348
5.19083 2.55487
5.1309 2.45067
6.15872 -1.6602
6.14605 -1.66525
7.12547 -0.877808
7.18069 -0.79747
6.92502 -1.12158
6.99139 -1.04805
6.14318 2.89899
6.26039 2.85473
5.97697 2.93696
5.84006 2.94782
6.53938 -1.46101
6.58615 -1.42653
7.02738 2.23926
7.07569 2.17523
7.60503 0.5184
7.60388 0.477367
6.30936 2.83156
6.394 2.7887
7.2886 -0.624224
7.28907 -0.623408
7.58438 0.254558
7.34668 1.72074
5.63455 2.91818
5.30889 2.70914
7.59373 0.332416
5.47328 -1.50807
5.27905 -1.23135
4.87068 1.53505
4.87493 1.5672
4.87294 1.5528
4.89383 1.6899
5.90046 -1.70358
5.76505 -1.68864
5.58433 -1.60512
5.6307 -1.63248
5.02166 -0.576386
4.997 -0.488435
5.10257 -0.828597
5.2557 -1.18875
5.23536 -1.14995
4.96451 2.01021
4.89037 0.0143915
4.86129 0.225085
5.24394 2.63329
5.09819 2.38464
5.06411 2.30847
6.3427 -1.58127
5.95454 -1.70384
6.08388 -1.68184
5.00136 2.13229
6.84377 -1.20615
7.03817 -0.99106
7.29002 -0.621695
6.28175 2.84514
6.04882 2.92437
5.74693 2.94207
6.7404 -1.30245
6.36954 -1.56602
6.7754 -1.27036
7.60532 0.694088
6.60245 2.65413
6.64889 2.61974
4.91071 -0.1066
6.47693 2.74064
7.05943 -0.963532
4.8951 -0.015187
7.53579 1.18346
7.54148 1.15865
7.50244 1.3099
7.55777 1.0841
7.57082 1.00991
6.8233 2.46583
6.68376 2.59039
6.96872 2.30949
7.09425 2.1494
7.173 2.03474
7.60361 0.722135
7.60511 0.700174
7.47186 -0.21733
7.43198 -0.324299
7.40916 -0.378948
4.84793 0.347425
4.85266 0.298583
4.84018 0.436768
4.83032 0.597394
4.83143 0.572657
7.5917 0.859181
7.58089 0.946914
7.29065 1.83363
7.31571 1.7853
4.8573 0.259193
5.02386 2.20293
7.33343 1.74887
7.52313 1.23363
5.65478 -1.64672
4.854 0.285904
7.21903 1.96229
4.84606 0.367898
4.82884 0.639502
7.32273 1.77149
7.2693 1.87358
7.22024 1.96021
7.3878 -0.427245
7.38206 -0.4396
4.83454 0.520167
4.83353 0.534215
