6.37265 2.73949
6.3677 2.74192
5.53943 2.79992
5.4562 2.74774
6.7408 2.47925
6.71984 2.49749
4.86765 0.780232
4.86652 0.812134
6.89323 -1.08995
6.95536 -1.02008
7.15643 1.98224
7.18302 1.93957
7.52932 0.161791
7.53563 0.198734
7.35526 1.60441
7.32335 1.67628
7.42248 1.4302
7.39426 1.50723
5.51715 -1.45247
5.47052 -1.40193
4.87634 1.14402
4.87891 1.18939
4.89968 1.42155
4.9003 1.42727
5.68611 -1.57386
5.62068 -1.53498
5.05763 -0.537681
5.06139 -0.551163
5.11127 -0.707757
5.13618 -0.779633
5.26025 -1.07506
5.27899 -1.1108
5.18089 -0.896522
5.15794 -0.840154
5.35483 -1.24519
5.33022 -1.20646
4.9798 1.87551
4.98956 1.91481
4.93466 1.65502
4.9451 1.71023
4.91529 0.126297
4.91479 0.129907
4.88619 0.389025
4.88405 0.409823
4.86946 0.679812
4.87032 0.649887
4.86717 0.878933
4.86784 0.941841
5.30157 2.59956
5.34439 2.64927
5.19214 2.43987
5.16036 2.38285
5.1063 2.26538
5.13468 2.3285
6.05801 -1.61663
5.97023 -1.62741
6.25184 -1.55755
6.21413 -1.57084
5.86984 -1.62584
5.95024 -1.62836
5.03765 2.07896
5.01722 2.01294
6.81102 -1.17208
6.87969 -1.10464
7.29009 1.7466
7.26889 1.78733
7.28316 -0.545061
7.27596 -0.558686
6.1582 2.83057
6.08146 2.85161
6.0169 2.86561
5.94815 2.87528
5.68857 2.85678
5.74124 2.86849
6.44833 -1.45693
6.43012 -1.46718
6.64718 -1.31755
6.63959 -1.32334
7.56095 0.410991
7.55995 0.396168
6.59988 2.59437
6.56742 2.61922
7.54834 0.889913
7.54631 0.907126
7.56697 0.58912
7.56724 0.599853
4.95344 -0.0986924
4.96546 -0.160587
7.06339 -0.88661
7.08494 -0.859098
7.20044 -0.689525
7.16049 -0.752405
7.47986 1.24451
7.4757 1.25947
7.5261 1.03447
7.52258 1.05561
6.91692 2.3022
6.86448 2.35843
7.0955 2.07497
7.09014 2.08292
6.94523 2.26915
6.98651 2.21933
6.46794 2.68499
6.47465 2.68117
7.4513 -0.14956
7.43943 -0.186971
7.41999 -0.240917
7.43169 -0.208718
7.37836 -0.346257
7.3859 -0.328344
7.38997 1.5186
7.42517 1.42254
4.8714 1.06859
4.88579 1.28141
4.89343 0.308762
4.89028 0.340738
4.88219 0.432332
4.87862 0.478411
4.87371 0.557505
4.87115 0.613518
4.86837 0.715069
4.8693 1.01026
6.51368 2.65494
6.54828 2.63213
7.50819 1.12519
7.51177 1.10984
7.55926 0.78294
7.56186 0.752221
5.0224 -0.408722
4.99651 -0.307498
7.22631 1.86586
7.23648 1.84788
6.31843 2.7671
6.31276 2.76968
7.36052 1.59182
7.45308 1.33959
7.42758 1.41566
4.871 1.04003
7.49774 0.0120351
7.47453 -0.0755182
7.33188 -0.449826
7.33242 -0.448742
4.9964 -0.307042
4.99617 -0.306055
5.03624 -0.460266
6.42171 2.71249
4.88703 1.29634
4.86728 0.74891
7.51377 0.0838827
7.50493 0.0403203
5.44096 2.73671
5.56332 2.81156
5.42158 -1.34369
5.4089 -1.32604
4.88817 1.30916
7.5651 0.671212
7.56471 0.696679
7.53502 0.986341
7.53392 0.993672
4.97425 -0.203235
4.98334 -0.246355
5.21909 -0.986608
5.19966 -0.940942
4.95589 1.76613
4.9762 1.85923
6.6538 2.55343
6.79404 2.42917
5.24278 2.52227
5.23254 2.50555
6.15426 -1.59291
6.09971 -1.60603
7.10649 -0.82855
7.14498 -0.775706
7.01489 -0.950148
6.8861 -1.09786
5.84423 2.87946
5.86669 2.8786
6.54717 -1.39242
6.53903 -1.3978
7.07417 2.1054
7.03961 2.15196
7.5657 0.503646
7.56564 0.501403
6.26442 2.79182
6.24671 2.79841
7.2202 -0.656656
7.25718 -0.592534
7.54881 0.287853
7.31822 1.68751
5.63915 2.84262
5.36763 2.67228
7.5523 0.316873
5.54062 -1.47346
5.39318 -1.30233
4.90357 1.45305
5.80212 -1.61333
5.77751 -1.60901
5.75308 -1.60015
5.59756 -1.52055
7.56328 0.733695
5.07844 -0.60985
5.08047 -0.616073
5.07529 -0.599927
5.0445 -0.490155
5.14516 -0.805077
5.30545 -1.16128
5.2429 -1.04046
4.91598 1.54226
4.91953 1.56438
5.00792 1.98217
4.918 0.108049
4.90009 0.247574
5.25105 2.53448
5.1463 2.35446
5.07304 2.1843
5.96311 -1.62842
6.31839 -1.52632
6.35062 -1.51159
5.06722 2.16785
6.75181 -1.2286
7.02 -0.943901
6.73329 -1.24469
7.30495 -0.503899
4.93806 -0.016136
4.93568 -0.00250475
4.93414 0.00694894
6.05278 2.85933
5.82999 2.87858
7.56603 0.517
6.55804 2.62547
6.63028 2.57169
7.49844 1.16774
7.50396 1.14629
7.02231 -0.940906
7.45407 1.33624
7.49471 1.18412
7.45831 1.32148
7.51678 1.08259
7.53573 0.982377
6.82848 2.39584
6.6414 2.56306
6.93152 2.28549
7.13758 2.01189
7.025 2.17064
7.40947 -0.268396
7.39961 -0.293994
7.36023 -0.388711
4.89724 0.271205
4.88753 0.370383
4.87743 0.494618
4.87426 0.546349
4.87084 0.620887
6.48164 2.677
7.55488 0.830295
7.53777 0.968589
5.76829 -1.60613
4.8988 0.258518
5.06931 2.17441
7.46491 -0.10716
7.33635 -0.44053
7.29489 1.73708
7.26124 1.802
7.20013 1.91072
7.29431 1.7383
7.55205 0.860254
7.35625 -0.397705
4.87619 0.519489
