4.75051 -1.14666
4.7612 -1.18586
5.13941 -2.18565
5.10922 -2.13399
4.96185 3.26964
4.98264 3.29482
5.36761 3.54628
5.30564 3.52577
5.31872 -2.39876
5.30066 -2.38654
4.58104 -0.44596
4.57716 -0.427027
4.65969 -0.798511
4.66949 -0.838451
5.94571 3.53033
5.87034 3.54842
6.17364 3.44765
6.22128 3.42465
4.63353 2.53815
4.63836 2.55811
4.68047 2.70318
4.68846 2.72758
6.99711 2.86346
7.0618 2.79673
7.17787 2.6665
7.1616 2.68584
7.90105 1.16965
7.92305 1.05082
7.28098 2.53802
7.28933 2.52685
7.39522 -1.15124
7.42522 -1.10872
6.55273 -2.01742
6.62029 -1.96561
7.47467 2.25213
7.51057 2.19209
7.82246 1.47968
7.81858 1.49178
7.96302 0.602319
7.96381 0.577581
5.56834 -2.48922
5.54541 -2.48781
4.85622 -1.50373
4.85389 -1.49589
7.80023 -0.380432
7.78806 -0.413843
4.87111 3.14191
4.85171 3.10823
5.11908 3.42255
5.11051 3.41621
5.4381 3.56223
5.49853 3.57358
7.92304 0.0796819
7.92184 0.07277
4.94507 -1.76171
4.91788 -1.68599
6.77295 3.06794
6.76627 3.07367
4.48493 1.66903
4.486 1.67929
4.62156 -0.63374
4.95697 -1.79596
4.98158 -1.85686
4.56806 2.24757
4.54885 2.1418
4.52111 1.9649
4.52619 1.99872
7.68976 -0.64892
7.73553 -0.545811
7.56664 -0.883434
7.60315 -0.81833
5.7857 3.56632
5.76636 3.56881
6.39754 3.3329
6.49103 3.27506
6.90431 2.95325
6.91755 2.94071
7.49628 -1.00176
7.48937 -1.01257
6.73977 -1.86523
6.81617 -1.79914
7.06713 -1.55158
7.00767 -1.61472
6.31387 -2.1885
6.41188 -2.12277
6.28516 -2.20853
6.21506 -2.25107
5.76846 -2.46006
5.80288 -2.45111
4.50603 -0.000571316
4.50335 0.0202533
7.68411 1.84926
7.67463 1.8706
7.95359 0.801628
7.95778 0.749045
4.80234 -1.32592
4.78124 -1.25415
7.83721 -0.27075
7.82947 -0.295092
5.16281 -2.22451
5.18992 -2.26338
6.15374 -2.28962
6.08842 -2.32529
4.44662 0.871324
4.44668 0.85003
4.44739 0.997876
4.44715 0.977029
4.46056 1.37029
4.45984 1.35851
4.46908 1.4905
4.46881 1.48681
4.57296 -0.404831
4.57577 -0.419852
4.46958 0.338094
4.47017 0.330644
4.45987 0.474578
4.46067 0.461101
6.05254 3.49667
5.83008 3.55839
6.06418 3.49238
6.28605 3.39393
7.20836 -1.39303
7.17668 -1.43087
7.30105 -1.27843
7.28885 -1.29448
6.64851 -1.94177
6.52088 -2.04286
6.99098 -1.63112
6.91246 -1.70915
7.55396 2.11495
7.53829 2.14324
7.39089 2.38329
7.40915 2.35587
7.76558 1.64731
7.79328 1.56936
7.86828 1.31309
7.84967 1.38524
7.77217 -0.456004
6.83191 3.01781
6.82465 3.0243
6.61326 3.19219
6.6126 3.19269
6.55686 3.23158
6.56014 3.22944
4.49482 1.76195
4.49102 1.72807
4.47981 1.61513
4.47381 1.55034
4.4731 1.54196
4.67404 -0.856547
4.56987 2.25817
4.54312 2.10729
5.60205 3.58079
5.68299 3.57667
6.0603 3.49399
6.36253 3.35188
6.50813 3.26459
6.97284 2.88759
6.90209 2.95539
6.45256 -2.09219
6.82787 -1.78806
6.71865 -1.88409
7.10168 -1.51541
6.29892 -2.19897
4.80616 3.02524
4.80993 3.03261
6.00064 -2.36998
6.03802 -2.35208
5.91127 -2.41
5.93716 -2.39988
4.71169 -1.00132
4.72044 -1.03436
4.48816 0.144838
4.48921 0.13527
4.52039 -0.0987123
4.44942 0.701813
4.44878 0.721898
4.45445 0.574638
4.45364 0.591517
4.76541 2.93252
4.77858 2.96367
4.72925 2.84575
4.72691 2.83975
4.58248 2.319
4.59404 2.37228
7.94814 0.859464
7.94224 0.917513
4.45289 1.21337
4.4535 1.23102
4.44904 1.08413
4.44947 1.10403
6.18793 -2.26902
5.40221 -2.45098
5.37842 -2.43834
7.86438 -0.177637
5.04428 -2.00504
5.04246 -2.00153
4.90314 3.1913
4.91169 3.20377
4.69726 -0.946686
4.70383 -0.971348
6.71505 3.11516
6.67043 3.14931
4.532 -0.17157
4.53931 -0.216609
7.62886 1.96826
7.60128 2.02463
4.58113 2.31298
4.57519 2.28516
6.90575 -1.71547
5.61084 -2.48861
5.6371 -2.48617
7.87016 -0.157287
7.88002 -0.119272
7.95623 0.347249
7.9553 0.333807
4.51263 1.90116
4.50849 1.87146
7.9581 0.744389
7.9583 0.741793
5.46432 -2.47293
5.44292 -2.46766
4.47394 1.55171
4.47387 1.55097
4.53574 2.06236
4.77596 -1.23663
4.74718 -1.13423
5.49894 -2.48173
5.08825 -2.09268
5.14683 -2.19929
5.01617 -1.94298
5.0364 -1.98828
5.0117 3.32661
4.9433 3.24681
5.40232 3.55613
5.22513 3.48972
5.86511 -2.42833
5.88671 -2.42096
7.94259 0.208132
7.94211 0.203989
4.4562 1.29452
4.45646 1.3101
4.44674 0.934756
4.44665 0.91353
4.44746 0.786529
4.44654 0.807875
4.89774 -1.62684
4.88633 -1.59464
4.46455 1.43056
4.46403 1.42266
4.46429 0.406604
4.46502 0.395879
5.5927 3.58122
5.59477 3.58121
4.52963 2.02432
7.63116 -0.765587
7.65962 -0.709805
4.61391 2.45914
4.64861 2.59644
4.69583 2.75072
4.66984 2.66845
7.13956 2.71105
7.2093 2.62913
7.89722 1.18823
7.92388 1.04577
7.22001 2.61592
7.34476 2.45099
7.44642 -1.07729
7.34515 -1.22146
7.25569 -1.33559
7.23345 -1.36348
7.51499 2.18444
7.46128 2.27405
7.79529 1.56338
7.82279 1.4786
7.96351 0.482183
7.96063 0.688393
5.52766 -2.48662
5.59143 -2.48886
4.82895 -1.41506
4.86281 -1.52494
7.89911 -0.0400875
7.89434 -0.0611707
5.03431 3.34919
5.20844 3.48107
5.58581 3.58079
5.66327 -2.48207
5.70232 -2.47694
7.93479 0.155887
7.94311 0.212614
4.95025 -1.77691
5.00852 -1.92349
4.51707 1.93509
7.68453 -0.6599
7.74073 -0.533776
7.54357 -0.923198
7.34317 -1.2242
7.49938 -0.996846
7.9634 0.471092
4.8171 -1.37483
5.9564 -2.3905
5.9876 -2.37689
4.45164 0.638059
4.45091 0.656712
4.73028 2.8482
4.75324 2.90473
4.45072 1.14861
4.45126 1.16752
4.54993 -0.278535
4.72615 -1.05594
5.21861 -2.29944
5.07473 -2.06801
5.23898 -2.32616
5.24422 -2.3328
5.26326 -2.35189
4.4477 1.04053
4.47529 0.269333
4.45645 0.52632
4.48341 0.189617
4.47596 0.261969
4.59851 2.39143
4.66569 2.65529
7.21589 2.62106
7.10186 2.75399
7.94223 0.917585
7.87416 1.28951
7.35411 2.43756
7.15917 -1.45075
7.59149 2.0435
7.55667 2.10998
7.43329 2.31839
7.84658 1.39627
7.76166 1.65804
6.72633 3.10606
4.49754 1.78686
4.48714 1.69142
6.04413 -2.34861
4.50118 0.036486
4.44725 0.765599
4.80319 3.01849
4.70833 2.78668
7.7196 1.7652
7.73331 1.73149
7.64887 1.92658
4.80506 3.02278
7.12708 -1.48718
7.95135 0.830058
4.45497 1.27807
5.36395 -2.43095
5.40752 -2.45335
5.59682 3.58111
5.01282 -1.93448
7.96331 0.468473
4.50361 1.83316
4.50031 1.80761
5.2754 -2.36322
6.66683 3.15203
6.81731 3.03079
7.09958 2.75648
7.6932 1.82884
7.75731 1.66973
7.76002 -0.487088
6.612 3.19314
5.71302 3.57506
7.88947 -0.0814232
6.6033 3.19929
