7.59399 0.0446425
7.605 0.0909456
7.56451 1.25601
7.55862 1.27929
5.32989 -1.45558
5.33953 -1.46926
4.79424 1.30125
4.79898 1.36007
5.02051 -0.757871
4.99839 -0.686632
4.88841 -0.250822
4.88495 -0.233219
5.47144 -1.62577
5.43198 -1.58598
5.08571 -0.949082
5.10631 -1.0034
6.61221 2.71852
6.58317 2.74027
6.90544 2.45723
6.94711 2.41175
4.80163 0.320589
4.80768 0.260001
4.77853 0.781682
4.77694 0.826631
5.08362 2.50796
5.1154 2.56652
4.98 2.2623
5.00442 2.32931
6.16566 -1.73667
6.20193 -1.72315
7.18868 -0.871915
7.16454 -0.907615
6.14973 2.96937
6.23941 2.93519
5.93932 3.01997
5.8774 3.02491
6.63007 -1.46822
6.54037 -1.53439
7.10384 2.22051
7.06574 2.27046
7.54612 -0.142538
7.51144 -0.248053
7.41108 -0.489055
7.39005 -0.532891
7.41844 1.67818
7.41774 1.67976
7.48696 1.50549
7.4851 1.51058
5.33203 2.84494
5.31954 2.83349
5.52899 2.97111
5.52254 2.96818
7.64202 0.342757
7.6272 0.217395
5.24818 -1.31759
5.24079 -1.30489
4.80019 1.37239
4.81169 1.47885
4.8344 1.64403
4.84466 1.70999
5.84517 -1.79586
5.87074 -1.79577
5.6222 -1.73487
5.64279 -1.74633
4.97575 -0.610371
4.96177 -0.558239
5.15826 -1.13138
5.14063 -1.09163
4.88756 1.93511
4.88894 1.94066
4.83116 0.0775322
4.81573 0.190751
5.18255 2.67424
5.14357 2.61636
4.92829 2.09283
4.96822 2.22908
6.23447 -1.71051
6.32061 -1.66856
6.03984 -1.77664
6.05257 -1.77309
7.03354 -1.07679
7.01445 -1.09938
6.31199 2.90327
6.37007 2.87341
5.80475 3.02777
5.73181 3.02318
6.43131 -1.60678
6.41576 -1.61576
6.76535 -1.35425
6.73523 -1.38163
7.27525 -0.741328
7.28488 -0.725455
7.64948 0.444201
7.64703 0.407999
7.65205 0.62691
7.65263 0.555538
7.6348 0.8931
7.63478 0.893257
4.91122 -0.35408
4.91724 -0.379954
6.55707 2.75903
6.4817 2.8086
6.89851 -1.2254
6.83519 -1.28997
7.30103 1.91408
7.28545 1.94268
4.77798 0.957322
4.77828 0.995789
4.79125 0.444658
4.78944 0.467931
4.86853 -0.146149
4.85841 -0.0914663
7.46041 -0.379771
7.46568 -0.367672
7.59384 1.13567
7.57791 1.20379
7.54672 1.32257
7.53663 1.35626
6.80805 2.5544
6.75213 2.60508
6.96926 -1.152
6.97127 -1.14977
7.15273 2.15338
7.16711 2.13258
7.64319 0.80533
7.64902 0.727568
7.50976 -0.252812
7.54989 -0.129891
7.49476 -0.292588
7.42456 -0.461656
7.35126 -0.60949
7.35553 -0.601263
7.45392 1.59326
7.51501 1.42585
4.78841 1.22094
4.78324 1.1199
5.71684 -1.77398
5.69967 -1.76899
5.59052 -1.71851
4.80069 0.330504
4.79552 0.3905
4.78208 0.602965
4.78047 0.651349
4.77705 0.867088
5.04165 2.42012
5.03264 2.39762
6.69326 2.65463
6.73001 2.62493
7.59548 1.1284
7.59577 1.12714
7.62378 0.967908
7.61448 1.02885
4.898 -0.296066
4.93565 -0.456624
7.34758 1.82693
7.33371 1.85383
7.25723 1.99078
7.27677 1.95778
7.45313 1.59523
4.7808 1.04014
4.78146 1.08634
4.78971 1.24131
6.65378 2.68725
6.66281 2.67997
4.80778 0.259108
4.80923 0.245776
4.78351 0.570259
4.78607 0.520956
4.77923 0.697868
4.778 0.735992
7.07114 -1.03066
7.10361 -0.990955
6.96539 -1.1563
7.24005 2.01963
7.23163 2.03323
5.56378 -1.70171
5.55909 -1.6981
5.05406 2.44818
6.30917 2.90475
6.29996 2.90904
5.48936 -1.6439
5.49243 -1.64691
7.55379 -0.116332
4.94319 -0.486487
7.60706 0.102496
7.58433 0.000791073
5.42987 2.91848
5.41198 2.90652
5.28834 -1.38801
5.35503 -1.48948
4.79906 1.36103
4.79381 1.29592
4.86474 1.82347
4.86213 1.80928
5.04882 -0.846628
4.98991 -0.658735
5.41873 -1.57241
5.4871 -1.64159
5.12058 -1.041
5.05704 -0.871528
6.57036 2.74961
6.64325 2.69587
6.99424 2.3587
6.8792 2.48412
5.12975 2.59319
6.21963 -1.71609
6.13659 -1.74853
7.14634 -0.931933
7.22266 -0.823055
6.07831 2.99058
6.25587 2.92883
5.99798 3.00997
5.83516 3.02827
6.5302 -1.54185
6.64058 -1.4597
7.0279 2.31785
7.1176 2.20228
7.65216 0.536078
7.6497 0.448567
6.3789 2.86836
6.42466 2.84324
7.62682 0.214827
7.38077 1.76055
5.62925 3.00496
5.54932 2.97794
5.26474 2.77636
5.24103 2.75172
7.64279 0.350821
5.23335 -1.29117
5.39807 -1.54673
5.19841 -1.21911
4.81438 1.50009
4.82694 1.59513
4.82106 1.55256
4.85891 1.79077
4.88434 1.92054
5.75024 -1.78335
5.79435 -1.78954
4.95458 -0.531108
5.05079 -0.852761
5.05194 -0.856549
5.17427 -1.16619
4.91413 2.04277
4.83555 0.0480621
4.81481 0.198139
5.23586 2.7457
6.33348 -1.6625
6.97749 -1.14275
7.05923 -1.0457
6.31043 2.90411
6.05731 2.997
5.65667 3.01106
6.04417 3.00052
6.73098 -1.38543
6.43377 -1.60517
6.82432 -1.30017
7.32163 -0.661689
7.25262 -0.777283
7.65154 0.665037
6.47139 2.81537
7.10387 -0.990618
4.84976 -0.0408523
7.57258 1.22641
7.59529 1.12933
7.51848 1.41595
7.60321 1.08577
7.61213 1.04232
6.81738 2.54572
6.73305 2.6222
7.01206 2.33746
7.17167 2.12566
7.21374 2.06104
7.63485 0.892638
7.64975 0.716919
7.46921 -0.359156
7.37621 -0.5607
7.35007 -0.611718
7.63481 0.893008
7.37813 1.76616
7.31259 1.89349
5.94253 -1.79291
5.9903 -1.78604
4.97057 2.23637
6.07094 -1.76742
5.52579 -1.67321
5.56866 -1.70531
7.37962 1.763
7.57751 -0.0276265
5.90756 -1.79538
5.99696 -1.7849
5.658 -1.75355
