6.21873 2.01909
6.2868 1.9958
6.00984 2.03253
5.91325 2.00869
7.04224 0.929417
7.04747 0.901126
5.50802 1.53423
5.49617 1.49981
5.59571 1.7184
5.61867 1.75667
5.59757 -0.302917
5.56295 -0.223504
5.49209 -0.0286665
5.47392 0.0327288
6.36721 -0.687213
6.47086 -0.631925
6.15052 -0.736595
6.18734 -0.732777
5.95106 -0.694499
5.96759 -0.700346
5.76918 -0.559074
5.78092 -0.570155
5.90606 2.00649
5.80838 1.95546
5.71191 1.87542
5.71754 1.88018
6.85722 -0.213762
6.79682 -0.306511
6.6008 -0.532851
6.65055 -0.484293
5.40437 1.10692
5.41725 1.19313
5.38362 0.875952
5.38572 0.914363
5.44394 1.32627
5.43581 1.29099
7.06218 0.795931
7.0644 0.775158
6.72198 1.65777
6.67013 1.71788
6.79712 1.55134
6.74766 1.62377
6.8666 -0.197255
6.91038 -0.111511
6.9716 0.0362934
6.99315 0.0988713
5.65593 -0.405771
5.61606 -0.33689
5.44687 0.137505
5.43864 0.176065
5.38228 0.651866
5.38336 0.623703
5.40223 0.403015
5.40974 0.346384
6.4558 1.90686
6.42037 1.93168
7.04959 0.338395
7.04014 0.285222
7.07113 0.613774
7.06932 0.535989
7.00994 1.0749
7.01262 1.06401
6.96501 1.21271
6.9579 1.23365
7.01723 1.04661
6.58558 1.807
6.59997 1.79338
6.90868 1.35057
6.9316 1.29891
6.98713 1.1489
7.03644 0.958349
7.02728 1.00123
6.87975 1.41171
6.8788 1.41357
6.50751 1.87
6.60548 1.78781
6.25675 -0.723145
6.34628 -0.694854
5.85778 -0.639197
5.8625 -0.642173
6.14486 2.03169
6.32567 1.982
6.07098 2.03595
5.90802 2.00737
6.72596 -0.403679
6.72876 -0.400314
5.39171 0.992846
5.39767 1.05157
5.47367 1.43159
5.52805 1.58498
5.64983 1.79943
5.5708 1.67226
6.61696 1.77575
6.92198 -0.0859784
6.95472 -0.00918048
5.52867 -0.141066
5.60506 -0.317128
5.51839 -0.11388
5.4633 0.0725249
5.39289 0.487302
5.39094 0.507632
7.06549 0.47098
7.05964 0.412052
6.48264 -0.624861
6.11493 -0.733624
6.04876 -0.726351
5.71353 -0.489771
6.4012 1.94182
6.36415 1.96342
6.1134 2.03661
5.79722 1.94721
5.71112 1.87466
6.86049 -0.208461
6.73188 -0.3962
6.56582 -0.561954
5.42144 1.21827
5.38054 0.781025
5.38037 0.75607
5.44787 1.34099
5.68208 -0.448611
7.05171 0.871609
7.06497 0.76832
5.54979 1.63207
6.73702 1.63857
6.83945 1.48371
6.8535 1.45976
6.88639 1.39838
6.90607 1.35651
7.00952 0.15512
5.52369 -0.128263
5.43458 0.196128
5.4196 0.282794
5.38958 0.525921
6.48073 1.89135
7.02487 0.214588
7.07049 0.657425
6.94929 1.25679
