6.04066 -2.73694
6.0232 -2.75008
4.57456 -1.4543
4.55991 -1.38911
8.04696 -0.297107
8.06176 -0.248748
8.16871 0.420535
8.16877 0.422396
4.66145 -1.81671
4.66311 -1.82296
4.23663 1.35828
4.23312 1.31309
4.22633 0.850288
4.22559 0.809472
6.85234 3.31038
6.82241 3.33513
4.35058 -0.439382
4.3699 -0.543578
4.29182 2.05987
4.29381 2.07727
4.88384 -2.71032
4.88328 -2.70804
4.85711 -2.612
4.84833 -2.57171
4.27817 0.0138611
4.2773 0.0208913
4.25401 0.249375
4.2526 0.264132
7.83415 -0.830064
7.86213 -0.77335
5.34718 -3.15871
5.33226 -3.16298
6.43362 3.6208
6.38174 3.6522
7.83978 2.00219
7.86852 1.93796
4.36425 2.55421
4.35633 2.50548
5.03732 3.86748
5.03815 3.86793
7.14134 3.03777
7.21813 2.95719
8.12134 1.09461
8.10636 1.17796
5.24184 -3.19115
5.24287 -3.19092
7.45398 2.66555
7.48158 2.6285
7.65122 2.36774
7.65153 2.36719
4.60409 3.39171
4.60603 3.3955
4.70573 3.5666
4.7431 3.61921
5.52681 -3.07019
5.5623 -3.04865
8.01242 1.55539
7.98476 1.63879
8.17121 0.566455
8.16833 0.666659
5.09698 -3.16893
5.10299 -3.1724
5.02584 -3.0922
5.02654 -3.09294
4.97097 -2.98266
4.96951 -2.97809
4.91191 -2.81043
4.92788 -2.85697
4.68713 -1.91687
4.70197 -1.981
4.62591 -1.66585
4.61181 -1.60731
6.6472 3.47405
6.60876 3.50164
6.00631 3.83787
6.02818 3.8292
5.76813 3.91674
5.66369 3.93909
6.25847 3.72172
6.26702 3.71747
4.44205 2.92695
4.4409 2.92182
7.08988 3.09101
7.27761 2.88896
7.22008 2.95508
7.6392 -1.17016
7.65166 -1.15082
7.53777 -1.31921
7.55755 -1.29122
7.01862 -1.92057
7.06998 -1.86959
6.8548 -2.07737
6.87893 -2.05582
6.40766 -2.45779
6.40456 -2.46039
6.65883 -2.25055
6.65561 -2.25318
7.96286 -0.541896
7.94055 -0.598885
5.62662 3.94485
5.55929 3.95313
7.70423 -1.06593
7.74872 -0.989856
4.53179 3.21895
4.51469 3.17136
6.95392 3.22068
6.99487 3.18226
4.31263 2.21376
4.32271 2.28276
7.16383 -1.7696
7.21586 -1.71316
6.07674 -2.71093
6.08158 -2.7074
4.54971 -1.34458
4.55634 -1.37269
4.60341 -1.57425
4.22548 1.00004
4.22533 0.97729
4.24262 1.49715
4.24199 1.48577
5.88033 3.88474
5.86284 3.88952
4.39182 -0.647878
4.37009 -0.544549
4.23705 0.480914
4.23802 0.464724
5.49332 3.95717
5.4713 3.95839
4.32853 2.31441
4.33335 2.35142
4.31879 -0.262108
4.31141 -0.217021
7.92281 1.80723
7.95195 1.73134
7.744 2.19834
7.77707 2.13377
4.37781 2.62888
4.39329 2.71087
4.96507 3.82589
4.91892 3.79524
5.13154 3.90616
5.16918 3.91907
5.31161 3.94938
5.37913 3.95606
4.8302 -2.49852
4.81345 -2.43252
8.04881 1.42894
8.07189 1.33861
7.36291 2.78629
7.416 2.71775
7.49129 2.61478
7.54339 2.53906
6.93819 -1.99926
6.97495 -1.9647
7.61038 2.43474
7.65059 2.36879
4.66714 3.50687
4.63974 3.46113
4.5563 3.2812
4.57062 3.31794
4.72058 -2.0587
4.72609 -2.07752
4.77517 -2.272
4.77874 -2.28505
4.73076 -2.09604
4.74393 -2.14673
8.0409 1.45913
8.03202 1.48995
5.86814 -2.85734
5.87092 -2.85554
5.72684 -2.94974
5.75438 -2.93274
8.0742 -0.203998
8.00509 -0.427907
7.98424 -0.485194
8.15284 0.219959
8.1532 0.223351
6.68118 3.44788
6.71721 3.4203
6.89571 3.27233
6.92486 3.24673
5.9095 3.87473
5.99112 3.84433
6.09253 3.80191
6.04614 3.82184
5.80367 3.90649
5.65467 3.94113
4.27591 1.92354
4.27695 1.93263
4.30532 2.16414
6.21104 3.74614
6.17505 3.763
6.4968 3.57976
6.48875 3.58535
4.42194 2.84281
4.42863 2.87187
4.45103 2.96172
7.29702 2.86691
6.76874 -2.15494
6.78208 -2.14355
7.09667 -1.8414
4.6793 3.52863
8.16464 0.728327
8.16089 0.780147
6.47233 -2.40569
6.4681 -2.4092
6.3478 -2.5048
6.34105 -2.51024
6.59325 -2.30586
6.59524 -2.30423
6.71628 -2.20042
4.64018 -1.72489
8.16935 0.447162
8.17155 0.549175
4.5033 -1.14841
4.5081 -1.16854
4.47707 -1.03728
4.47826 -1.0424
4.24944 1.60957
4.24973 1.61407
4.23248 0.576057
4.23166 0.595129
4.45844 2.98864
4.45714 2.98437
7.43093 -1.46233
7.44126 -1.44937
7.33488 -1.57951
7.35412 -1.55692
4.42745 -0.813005
4.42247 -0.790006
4.45199 -0.925329
4.45004 -0.916214
4.22661 1.0822
4.22702 1.10429
6.20191 -2.6168
6.14556 -2.65979
8.02573 -0.366427
4.86912 3.75547
4.83482 3.72337
8.16008 0.294158
8.16862 0.418439
4.22843 0.723286
4.22633 0.764535
7.05484 3.12566
7.02426 3.15473
6.75007 3.39464
6.79099 3.36083
4.2895 2.04454
4.28423 1.99624
4.2654 1.81004
4.26494 1.80542
5.4173 -3.12754
5.42204 -3.12561
4.8118 -2.4259
4.81169 -2.42552
8.15153 0.872957
8.15584 0.83582
8.14045 0.967055
8.14794 0.909466
4.50372 3.1407
4.49385 3.10915
5.67422 -2.98338
5.63386 -3.00849
5.63446 -3.00817
5.77417 -2.92052
8.09668 -0.116793
6.54366 3.54814
6.56463 3.53302
5.65059 3.94182
8.17151 0.555845
4.26452 1.80118
4.25952 1.74182
7.28373 -1.63855
7.24687 -1.6799
5.94195 -2.80695
5.9191 -2.82223
4.68 -1.89127
4.23145 1.23128
4.23169 1.27564
6.35646 3.66729
6.32278 3.68706
7.32014 2.83813
7.34644 2.80681
4.53682 3.23348
4.54013 3.24301
4.77034 3.65389
4.80636 3.6932
6.53395 -2.356
6.53285 -2.35696
6.10097 3.79821
6.10392 3.79683
4.23269 1.29478
4.23799 1.40629
4.22623 0.786789
4.2253 0.890939
4.37004 -0.544287
4.34379 -0.402949
4.88407 -2.71151
4.86588 -2.64115
4.8319 -2.5082
4.83082 -2.50224
4.27045 0.0829194
4.29323 -0.098702
4.24483 0.364672
4.26409 0.142021
7.88975 -0.713996
7.8068 -0.88322
5.30941 -3.17303
5.37703 -3.14562
7.88284 1.90457
7.82374 2.03714
4.35395 2.48911
4.37382 2.60879
4.48011 3.06368
4.47465 3.04682
5.23891 3.93694
5.23275 3.93538
8.12989 1.04199
8.09836 1.21834
5.2439 -3.19055
5.17414 -3.19449
5.14891 -3.19133
7.30914 -1.60974
4.63368 3.4487
4.6036 3.39082
5.59353 -3.03209
5.46463 -3.10391
4.90869 -2.79621
5.09152 -3.16314
5.05692 -3.13494
5.02495 -3.09077
4.96658 -2.96938
4.99747 -3.04002
4.94773 -2.91749
4.93968 -2.89889
8.12569 0.0216652
8.12732 0.0306027
8.12339 0.00983218
7.77224 -0.94739
7.91412 -0.659537
7.6878 -1.09314
7.63346 -1.17908
7.58891 -1.24519
7.5011 -1.3708
6.27754 -2.5599
6.28111 -2.55696
6.27012 -2.56574
4.49008 -1.09292
4.49304 -1.10547
4.25421 1.67822
4.25413 1.67717
7.38388 -1.52078
7.39815 -1.50346
5.98508 -2.77729
5.9582 -2.79553
6.08253 -2.70675
4.51672 -1.20376
4.52913 -1.2556
4.46807 -0.998108
4.46393 -0.979315
4.22546 0.936548
4.22581 1.04079
4.23964 1.4363
4.24561 1.54992
4.33171 -0.334137
4.39998 -0.688355
4.24121 0.4131
4.23443 0.529933
5.43878 3.95791
5.52871 3.95512
5.38706 3.95681
4.29674 -0.123056
5.43598 -3.11898
5.45921 -3.10736
7.79355 2.10011
7.91131 1.8361
7.95974 1.71019
7.7286 2.22799
4.34059 2.40108
4.40626 2.77151
4.90022 3.78041
4.97722 3.83398
5.03957 3.86857
5.1023 3.89599
5.2439 3.93781
8.07679 1.31772
8.04193 1.45544
7.55371 2.52362
7.60124 2.44944
7.42772 2.70242
7.47624 -1.40414
7.4856 -1.39202
7.6974 2.2854
4.5793 3.33619
4.79283 -2.34397
4.76159 -2.21591
4.79567 -2.35418
8.01655 1.54256
5.90559 -2.83208
5.86626 -2.85853
8.15935 0.284948
8.14588 0.156816
6.3167 3.69036
4.41564 2.81645
4.43924 2.91514
6.53164 -2.358
6.4107 -2.45537
6.28471 -2.5542
6.56685 -2.32825
6.65266 -2.25573
4.25422 1.6783
4.23031 0.639842
4.41509 -0.756899
4.43611 -0.853115
4.43961 -0.869246
4.22831 1.14668
6.12159 -2.67712
4.22917 1.18839
4.22879 0.680611
5.46177 -3.10572
5.38476 -3.14316
6.44497 3.61347
7.9381 -0.604675
4.40882 -0.726897
5.03312 3.86514
4.75722 -2.2005
8.01471 1.54846
5.83058 -2.88198
8.14572 0.155539
8.14336 0.139367
8.10323 -0.0890124
6.13311 3.78297
4.27817 1.94277
4.82241 3.71115
4.41145 2.79651
6.37987 3.65333
