4.67608 -1.1992
4.67959 -1.21207
5.31009 -2.64848
5.24363 -2.60324
5.42868 -2.68417
5.45778 -2.68568
5.87003 -2.57571
5.91233 -2.55605
5.18392 -2.54547
5.23127 -2.59123
8.01023 0.169719
8.01405 0.199238
4.5978 -0.887239
4.6114 -0.942802
4.36921 0.916381
4.36945 0.977121
4.36944 0.850121
4.36939 0.847465
4.50537 -0.467673
4.53149 -0.595097
5.60703 3.7105
5.57351 3.71082
4.44968 2.06148
4.45103 2.07331
4.55198 2.60799
4.55281 2.61144
7.3204 -1.37656
7.33898 -1.35354
6.84287 -1.88569
6.83838 -1.88997
7.00491 -1.72854
7.0296 -1.70441
6.40932 -2.24093
6.42654 -2.22766
5.58183 -2.67641
5.56311 -2.6808
4.7751 -1.56099
4.76731 -1.53472
4.82884 -1.7389
4.81468 -1.6913
7.87217 -0.397062
7.8587 -0.435169
4.84425 3.33067
4.82936 3.31082
5.1657 3.62143
5.18369 3.63074
4.94154 3.45284
4.9585 3.46931
8.02487 0.302788
8.02234 0.271047
7.98888 0.0341317
7.98646 0.0203055
6.82711 3.13168
6.8245 3.13392
6.60219 3.30726
6.61415 3.29901
4.43544 1.95357
4.43303 1.93423
4.46876 2.18591
4.46957 2.19122
7.66267 -0.864276
7.65465 -0.879016
7.77787 -0.631341
7.76535 -0.659309
5.95974 3.6423
6.05713 3.60782
6.41019 3.43383
6.35244 3.46636
6.11022 3.58689
6.18687 3.55323
7.13755 2.83075
7.09002 2.88226
6.9938 2.97864
7.01056 2.96277
7.40769 -1.26276
7.44584 -1.2109
7.54618 -1.06056
7.52474 -1.09409
6.66515 -2.03973
6.64306 -2.05878
8.02835 0.768073
8.02951 0.753909
6.03935 -2.48622
6.04024 -2.48567
4.72512 -1.38043
4.74436 -1.45054
4.74863 3.17222
4.72529 3.12495
5.4454 3.70502
5.50862 3.71022
4.6386 -1.05291
4.63471 -1.03721
4.37341 0.657753
4.37376 0.648569
7.73354 1.91576
7.73222 1.91874
4.78621 3.24135
4.81942 3.2959
4.37317 1.16716
4.37145 1.10412
6.1285 -2.43179
6.14629 -2.42107
6.21471 -2.37625
6.25897 -2.34733
5.39357 -2.67905
5.3377 -2.6605
5.23972 -2.60008
4.98322 -2.17979
4.97581 -2.16333
5.0586 -2.34576
5.03425 -2.29761
5.13542 -2.48093
5.14101 -2.48796
5.11289 -2.4463
5.1223 -2.46079
5.09115 -2.41061
5.08502 -2.39777
4.38481 1.41439
4.38136 1.35815
4.39321 1.53466
4.3897 1.48645
4.48449 -0.360307
4.48524 -0.364293
4.54317 -0.650768
4.38811 0.388135
4.39252 0.331908
4.37929 0.524069
4.38295 0.462366
4.43963 -0.0853058
4.44777 -0.139824
4.40609 0.186318
4.4156 0.0991869
6.29897 3.49703
6.21338 3.53982
4.5218 2.46863
4.50953 2.40999
4.59187 2.75841
4.58425 2.73054
7.20631 2.75269
7.24352 2.70908
8.00555 0.980087
8.00259 1.00082
7.96105 1.22898
7.95053 1.2759
7.43688 2.44989
7.38024 2.53122
7.25915 2.68957
7.30994 2.62578
6.75559 -1.96302
6.87233 -1.85814
7.08246 -1.64928
6.93451 -1.79933
7.52213 2.31599
7.49503 2.36
7.60166 2.17913
7.59231 2.19602
4.88003 -1.90028
4.87609 -1.88756
4.93277 -2.0521
4.92393 -2.02701
7.89849 1.47253
7.90741 1.44233
7.84408 1.63993
7.84942 1.62489
6.44365 -2.21425
6.53627 -2.14448
6.36131 -2.27486
5.68744 -2.65119
5.65313 -2.661
7.9462 -0.156321
7.95982 -0.103351
7.91075 -0.278877
7.92671 -0.226787
7.8962 -0.325973
7.83955 -0.484602
7.82714 -0.516537
4.88881 3.39156
6.92546 3.04435
6.87789 3.08695
6.7786 3.17207
6.77134 3.17794
6.71722 3.22169
6.66854 3.25853
6.5206 3.36413
5.8454 3.67488
5.87269 3.66685
4.42193 1.84484
4.42769 1.89367
4.4412 1.99785
4.47438 2.22112
4.48929 2.30839
6.07384 3.60205
6.4804 3.38936
6.44337 3.41295
6.19854 3.54736
7.06042 2.91244
6.93009 3.04024
6.57135 -2.11577
6.74114 -1.97608
6.92576 -1.80749
7.12386 -1.60612
8.03303 0.678958
8.02462 0.815763
6.55421 -2.12985
4.71398 3.1007
4.76423 3.20057
8.03461 0.460302
8.03594 0.498303
4.40814 1.70812
4.4114 1.74307
4.39603 1.56909
4.39968 1.61476
4.37892 0.530858
4.37595 0.592781
4.61631 2.83975
4.61896 2.84888
7.77992 1.80758
7.77437 1.8212
7.68915 2.01036
7.68613 2.01664
4.6727 2.99885
4.66087 2.96955
7.22428 -1.49271
7.23701 -1.47808
4.57633 -0.796584
4.37534 1.23111
4.37396 1.19127
4.85518 -1.8241
4.8517 -1.81246
4.37148 0.723118
4.3714 0.724605
5.67403 3.70438
5.62451 3.70898
4.54841 -0.675154
4.56168 -0.734585
4.70603 3.08115
4.68512 3.03151
4.71095 3.09336
5.30218 3.67615
5.33582 3.68451
7.16796 2.79711
7.1852 2.77764
7.17249 -1.55185
7.19144 -1.53051
7.14514 -1.58244
8.0344 0.642025
5.6978 -2.64745
5.70507 -2.6445
4.9198 3.42891
5.11694 3.59447
5.07903 3.57025
5.78868 3.68713
5.76937 3.69044
4.44764 2.048
8.02106 0.856209
4.70053 -1.28986
4.66504 -1.15799
4.80179 -1.65007
4.77799 -1.57029
4.94708 -2.09227
4.94852 -2.09576
5.01855 -2.26103
5.00417 -2.23066
5.04222 3.54298
5.01883 3.5245
5.79484 -2.6108
5.95618 -2.53202
8.01835 0.236554
8.00683 0.143399
4.38008 1.29461
4.38107 1.35398
4.36947 0.979729
4.36922 0.913621
4.37202 0.786618
4.36937 0.852787
4.38881 1.47464
4.38533 1.4223
4.38335 0.456315
4.3874 0.397142
5.52162 3.71104
5.61619 3.70991
4.42122 0.0515166
4.43051 -0.020982
7.72358 -0.747147
7.71168 -0.771146
4.55326 2.61313
4.53038 2.5112
7.98535 1.10657
7.97992 1.13625
7.37409 2.53989
7.31404 2.62044
7.49649 -1.13629
7.44909 -1.20619
7.36475 -1.31956
7.28366 -1.42264
7.56241 2.24825
7.54498 2.27807
7.87252 1.55611
7.87949 1.53468
5.53721 -2.68303
5.60825 -2.67235
4.74967 -1.47102
5.21431 3.6441
5.12998 3.60239
5.28208 3.66922
6.03825 -2.4869
5.98901 -2.51484
5.78086 -2.61596
8.02752 0.334366
7.97481 -0.0349362
7.99189 0.051565
7.96112 -0.0981391
7.59526 -0.9827
7.81578 -0.543666
7.59477 -0.983526
7.59365 -0.985358
7.39302 -1.28294
8.0361 0.582535
6.08794 -2.45692
4.7119 -1.33127
5.41079 3.69993
5.75119 -2.62802
4.62491 -0.997753
4.65046 -1.10024
4.40176 1.6384
4.40524 1.67891
4.37589 0.594147
4.37341 0.657973
4.63854 2.90799
4.62831 2.87865
4.37142 1.10264
4.37319 1.16762
4.65241 -1.10799
5.49294 -2.68798
5.51768 -2.68618
4.95059 -2.10057
5.06695 -2.36399
5.23675 -2.59705
5.11179 -2.44426
4.37015 1.04062
4.39446 1.5506
4.46638 -0.257896
4.39355 0.319536
4.37906 0.52758
4.46061 -0.223705
4.40258 0.220428
4.57833 2.70974
4.4927 2.3256
4.60116 2.78973
7.24453 2.70785
8.01962 0.868939
7.93299 1.34769
7.44228 2.4418
7.27418 -1.43384
7.63988 2.10862
7.63714 2.11385
7.48082 2.38234
4.85827 -1.83496
4.89946 -1.95724
7.92197 1.38918
7.81731 1.71308
5.6244 -2.66747
7.94484 -0.161586
6.72744 3.21399
4.42053 1.8334
4.43004 1.91227
6.31009 -2.31158
6.28249 -2.33127
4.61915 -0.97416
4.41497 1.77812
4.37149 0.721683
4.64253 2.91852
4.4907 2.31555
7.81326 1.72397
7.73492 1.91266
7.64284 2.10291
4.37536 1.23193
5.70497 3.70034
5.37224 3.69342
8.03234 0.403852
5.80851 3.68322
5.73162 3.69737
5.47341 -2.6876
6.72259 3.21766
4.90198 -1.96527
5.74227 -2.63161
6.82968 3.12952
8.03604 0.589214
6.18518 -2.39594
5.16723 -2.52221
6.34589 -2.28657
6.62436 3.29179
4.41795 1.80698
7.93049 -0.213766
