6.44674 -0.264981
6.41496 -0.284093
5.66726 0.264551
5.65881 0.301169
6.83625 0.755447
6.83938 0.720405
6.80054 0.289521
6.77633 0.207573
6.22353 -0.348984
6.16166 -0.345858
6.0238 -0.308317
6.02868 -0.310177
6.63494 -0.0731568
6.6022 -0.118082
5.64116 1.03441
5.63008 0.967555
5.65754 1.11491
5.67572 1.18316
5.93361 -0.242899
6.01211 -0.300004
5.80694 -0.0830635
5.83032 -0.122509
6.72159 0.0677756
6.72281 0.0700985
5.7193 0.10044
5.70052 0.153482
5.84 1.5025
5.88516 1.55328
6.05525 1.64384
6.01175 1.63346
6.48468 1.5067
6.44259 1.54409
6.28483 1.63251
6.18149 1.65592
6.5677 1.42491
6.59754 1.38762
6.8406 0.546472
6.83353 0.466588
6.81509 0.896187
6.80941 0.922954
6.84188 0.650679
6.84314 0.622595
6.41735 1.56378
6.3302 1.61193
6.67425 1.2713
6.6473 1.31819
5.78402 1.42808
5.80679 1.4643
6.53355 1.46218
6.17082 1.65824
6.80088 0.957048
6.78951 0.998533
6.82795 0.828213
6.82285 0.860974
6.73621 1.15016
6.71872 1.18856
5.71116 1.28317
5.74902 1.3697
5.63128 0.468123
5.6353 0.4367
5.61753 0.848484
5.61347 0.734031
6.83034 0.811963
5.61795 0.590641
5.62212 0.54154
6.16304 1.65902
6.13818 1.65831
6.33177 -0.324814
6.5187 -0.206002
5.86507 -0.166048
5.92461 -0.235771
5.65443 0.321433
5.68622 0.199193
6.76551 0.175988
6.8123 0.339248
6.12102 -0.342661
6.2789 -0.338666
6.57121 -0.15464
6.02274 -0.307616
6.66931 -0.023362
5.77794 -0.031251
5.75883 0.00582245
5.74211 0.0402413
6.72313 0.070823
5.6397 0.40786
5.91721 1.57982
5.81549 1.4759
5.97981 1.61974
6.09442 1.65447
6.82626 0.412333
6.84222 0.590234
6.84158 0.69391
5.75978 1.38865
6.77566 1.04894
6.80462 0.942436
5.94762 1.60136
6.63823 1.33165
6.77308 1.05691
6.69345 1.23883
5.64878 1.0779
5.62734 0.502041
5.61776 0.853274
5.61369 0.700901
5.6165 0.610271
5.62341 0.528695
5.6874 1.21696
5.6155 0.654391
5.62573 0.920991
5.75422 1.37953
6.77412 1.05383
