6.80584 -0.514909
6.74951 -0.580109
6.55829 -0.758583
6.5833 -0.738577
7.07813 1.23808
7.0681 1.26916
6.88117 1.64946
6.93205 1.56722
5.75113 -0.786182
5.76903 -0.800741
6.20349 2.20548
6.21055 2.20307
6.41905 2.11293
6.4326 2.10434
6.32941 -0.887905
6.37332 -0.868105
5.94931 2.21778
5.99407 2.22475
5.70742 2.1121
5.79108 2.16626
6.84183 -0.467066
6.89028 -0.397007
5.26933 0.946522
5.26503 0.84547
5.29088 1.17699
5.28374 1.11691
7.13344 1.04628
7.14862 0.9721
5.57208 -0.561438
5.52768 -0.477812
5.63078 -0.648098
5.58148 -0.575824
5.38839 1.61152
5.41848 1.69644
5.32871 1.40042
5.32981 1.40484
5.56807 1.96825
5.5981 2.0073
5.46679 1.80169
5.43043 1.72438
6.65183 1.93367
6.61453 1.96777
6.95044 1.53367
6.98811 1.45952
5.9348 -0.900403
5.98761 -0.915489
6.12418 -0.931529
6.07871 -0.928666
7.10859 0.0766148
7.0871 0.00790537
7.01841 -0.165263
7.0022 -0.200409
5.44526 -0.290377
5.41115 -0.198588
5.38556 -0.112896
5.37327 -0.0684566
5.32898 0.113754
5.32512 0.133157
5.29223 0.340515
5.28218 0.425146
5.26907 0.587539
5.2648 0.69691
7.18143 0.503961
7.18351 0.569602
7.14861 0.2398
7.16286 0.321345
7.11136 1.13299
7.10609 1.15328
7.16064 0.903826
7.12851 1.06828
6.55565 2.01837
6.68823 1.89642
6.7264 1.8541
6.44444 2.09635
6.48452 2.0712
6.79046 1.77967
6.79088 1.77912
5.3943 -0.143007
5.40704 -0.186816
7.03469 1.35649
7.02915 1.36959
7.17639 0.784004
7.17754 0.771619
5.80993 2.17474
5.89172 2.20601
6.67835 -0.656446
6.82364 -0.492177
6.6519 -0.680128
6.48785 -0.805856
5.27816 1.06296
5.27141 0.979492
5.48465 -0.391326
5.48264 -0.386649
5.35654 1.50727
5.37251 1.56046
5.51264 1.88807
5.50656 1.87818
6.78893 1.78163
6.74668 1.831
6.84329 1.70635
6.93753 1.55787
5.84216 -0.855031
5.69369 -0.726512
6.22069 -0.920612
6.19559 -0.92388
7.06888 -0.0427397
7.04726 -0.098775
5.3526 0.00962499
5.36231 -0.0287868
5.27845 0.462774
5.27047 0.562891
7.16931 0.367614
7.17751 0.446745
6.18672 2.20871
6.3106 2.16826
6.44328 -0.833852
6.23054 -0.917791
6.09804 2.22383
6.04528 2.22448
5.69254 2.10111
6.94528 -0.309932
6.67079 -0.66359
6.95253 -0.29758
5.26461 0.827542
5.30261 1.25806
7.17441 0.802694
7.16506 0.875787
5.48099 -0.382571
5.48204 -0.385205
5.57575 -0.567304
5.66193 -0.690818
5.42507 1.71265
5.32617 1.38845
5.30757 1.28925
5.63171 2.04313
5.52194 1.90172
6.99986 1.43452
6.82154 1.73726
7.01937 1.39117
5.86256 -0.865938
6.02883 -0.925429
6.95589 -0.29133
7.12113 0.120219
7.13876 0.193161
5.40928 -0.19327
5.33684 0.0754216
5.39093 -0.131799
5.31007 0.220556
5.26403 0.771242
5.30016 0.283525
5.2645 0.715037
7.18362 0.650191
7.18268 0.682598
7.0599 1.291
6.53901 2.03222
6.52877 2.0405
6.32397 2.1621
7.18188 0.704762
7.09884 1.1787
6.33754 2.15502
6.37917 2.1348
6.4938 2.06484
