7.61217 0.0482685
7.61916 0.0776893
7.48232 -0.371428
7.46313 -0.416296
7.58165 1.25664
7.57868 1.26836
4.77755 1.31097
4.7815 1.35999
5.00313 -0.767468
4.97262 -0.669244
4.87231 -0.259933
4.86462 -0.220741
5.06722 -0.95929
5.07705 -0.985206
6.63086 2.73055
6.62114 2.73783
6.90324 2.48693
6.96284 2.42189
4.7856 0.311298
4.7907 0.260277
4.76082 0.78197
4.7596 0.816574
5.06258 2.52117
5.0755 2.54497
4.96426 2.28417
4.98512 2.34142
6.18725 -1.75648
6.2311 -1.74014
7.19645 -0.892078
7.1797 -0.916854
6.22349 2.9675
6.1481 2.99624
5.9376 3.04819
5.92352 3.04932
6.62686 -1.49651
6.55961 -1.54611
7.13162 2.21378
7.08092 2.28025
7.66604 0.450415
7.66892 0.527492
7.65201 0.882373
7.65553 0.849312
7.55933 -0.154907
7.52993 -0.244364
7.43257 -0.484767
7.42436 -0.50187
5.3298 2.88149
5.29456 2.84916
5.52705 3.00297
5.49228 2.98716
7.65676 0.328956
7.64433 0.223822
5.33075 -1.50467
5.31566 -1.48153
5.20894 -1.29318
5.21965 -1.31575
4.81335 1.63097
4.82722 1.72014
4.86616 1.92679
4.86997 1.94559
5.73538 -1.8153
5.7179 -1.80973
5.83997 -1.8291
5.87749 -1.82897
5.57348 -1.74774
5.61889 -1.77302
4.97195 -0.666985
4.94523 -0.56737
5.13832 -1.14239
5.1373 -1.14008
4.80886 0.108812
4.81444 0.0678393
5.15974 2.68855
5.14043 2.65989
4.9255 2.15697
4.90264 2.07899
6.03636 -1.80727
6.07736 -1.79584
7.02393 -1.11682
7.02203 -1.11906
6.33553 2.91573
6.37963 2.89305
5.76858 3.05541
5.72999 3.05298
6.42812 -1.63495
6.3417 -1.68482
6.82973 -1.32167
6.75232 -1.39205
7.2868 -0.754934
7.30662 -0.722259
7.66868 0.633149
7.6694 0.545
7.43601 1.67832
7.43074 1.6906
4.89429 -0.363427
4.89458 -0.364656
6.55513 2.78529
6.50088 2.82097
6.86071 -1.29087
6.91504 -1.23548
7.31561 1.92349
7.30911 1.93542
7.47108 1.59388
7.4996 1.5188
4.76047 0.947172
4.76092 1.00589
4.77498 0.435231
4.77159 0.478894
4.85229 -0.155346
4.83815 -0.0790375
7.48543 -0.363731
7.609 1.14258
7.59714 1.19332
7.55964 1.33765
7.55747 1.34491
6.82456 2.56505
6.86446 2.5258
6.9764 -1.17053
6.98669 -1.15917
7.35582 1.84834
7.35633 1.84735
7.13328 2.21148
7.18143 2.14182
7.66244 0.767665
7.65916 0.811321
7.5227 -0.264919
7.56787 -0.126304
7.43783 -0.474078
4.77033 1.20971
4.76624 1.12979
5.6745 -1.79711
5.56724 -1.74452
4.78274 0.341532
4.77849 0.390778
4.76454 0.613739
4.76328 0.651629
4.75976 0.87771
5.02205 2.43242
5.00136 2.38073
6.71095 2.66604
6.72799 2.65227
7.63874 0.979642
7.63423 1.00918
4.89366 -0.360672
4.91888 -0.465885
7.28435 1.97848
7.25644 2.02562
4.76288 1.04016
4.76339 1.07586
4.77296 1.25105
5.98715 -1.81735
5.96135 -1.8215
5.74487 -1.81765
5.76701 -1.82002
6.67118 2.69847
6.69683 2.67779
4.79185 0.249876
4.79785 0.19501
4.76685 0.560605
4.7689 0.521235
4.76231 0.688057
4.7604 0.746796
7.08651 -1.04003
7.11099 -1.0101
6.95672 -1.19241
7.66566 0.722886
7.66721 0.688907
7.36301 -0.622914
7.35608 -0.635949
5.53118 -1.71846
5.50065 -1.69498
5.39956 -1.59399
5.39151 -1.58382
5.05056 2.49686
6.30761 2.93027
6.2595 2.95272
4.79408 1.48831
4.79507 1.4969
5.8885 -1.8286
5.90501 -1.82722
5.46058 -1.65869
5.4866 -1.68419
4.95212 2.24795
4.94576 2.22648
7.52949 1.43498
7.53121 1.43012
7.57667 -0.0956411
4.9239 -0.485789
7.6242 0.105915
7.60603 0.0204054
5.42779 2.95258
5.3846 2.9237
5.29981 -1.45514
5.26569 -1.39965
4.7824 1.37073
4.77633 1.29583
4.84734 1.8336
4.84286 1.80919
5.02277 -0.829046
4.97237 -0.668418
5.41282 -1.61019
5.44147 -1.63915
5.1021 -1.05121
5.05355 -0.92229
6.58873 2.76147
6.64125 2.72297
6.992 2.38907
6.89564 2.49473
5.10858 2.60648
6.24053 -1.73528
6.13578 -1.77749
7.15384 -0.951397
7.23797 -0.832385
6.11024 3.00748
6.25426 2.95517
5.95095 3.04592
5.83344 3.05647
6.52699 -1.57006
6.65868 -1.47073
7.13284 2.21211
7.05836 2.30851
7.66934 0.542524
7.6655 0.438641
6.4017 2.88042
6.43522 2.86202
7.64102 0.201534
5.23334 2.78533
5.62403 3.03552
5.62734 3.03641
5.21764 2.7664
7.65945 0.357071
5.23428 -1.34458
5.37232 -1.55996
5.17808 -1.22956
4.79398 1.48742
4.80944 1.60532
4.80214 1.55248
4.83732 1.77736
4.88124 1.99582
4.93149 -0.515528
5.03016 -0.852014
5.03447 -0.866199
5.13925 -1.14441
4.89576 2.05464
4.81556 0.0603405
4.79858 0.188732
5.19237 2.7323
6.33018 -1.69158
7.01837 -1.12336
7.0667 -1.06506
6.32011 2.92401
6.06859 3.02019
5.63599 3.03781
6.04255 3.02718
5.62919 3.03676
6.72773 -1.41399
6.45438 -1.61774
6.8412 -1.31046
7.33348 -0.675653
7.24022 -0.828951
7.6684 0.654444
7.39775 1.76306
7.46634 1.60586
6.46945 2.84161
7.11885 -0.999749
4.83323 -0.0502115
7.61384 1.11923
7.58571 1.24174
7.54632 1.38158
7.61975 1.08638
7.62648 1.05358
6.81529 2.57395
6.74963 2.6329
7.02713 2.34718
7.39207 1.77517
7.35237 1.85493
7.19728 2.11781
7.22818 2.07035
7.53261 1.42581
7.64411 0.943185
7.65022 0.898837
7.38909 -0.572759
7.3714 -0.607461
7.32044 1.91489
7.24758 2.04018
5.93752 -1.82493
6.01741 -1.81092
5.49363 -1.68973
5.56293 -1.74192
7.59139 -0.0406193
6.13318 -1.77854
6.12558 -1.78097
5.65247 -1.78895
