7.66858 -0.257186
7.68251 -0.213921
5.51119 3.26298
5.4837 3.25462
7.77807 0.215393
7.78575 0.276874
4.62372 1.12189
4.62201 1.08675
5.05368 -1.4075
5.05134 -1.40226
5.0009 -1.26924
4.98341 -1.22206
4.65176 1.53062
4.65395 1.5518
4.69447 1.85999
4.6966 1.87265
5.68423 -2.10243
5.6057 -2.08789
4.6251 0.608518
4.62674 0.567861
7.11346 -1.23644
7.12677 -1.22092
4.69927 -0.119264
4.68242 -0.00697803
6.67226 2.90155
6.74687 2.8428
6.84645 -1.51731
6.80356 -1.55851
7.38174 -0.8668
7.34978 -0.917862
7.4454 1.96887
7.41852 2.019
7.59624 1.64002
7.58699 1.66412
7.69886 1.32903
7.71831 1.25531
7.73287 -0.0287624
7.74368 0.019261
7.5962 -0.452122
7.58856 -0.470883
5.3119 3.1751
5.25563 3.13566
5.14529 -1.61046
5.12939 -1.57727
6.4824 3.03685
6.53777 3.00013
4.6296 1.25383
4.63203 1.29517
5.92606 -2.08545
5.96515 -2.07586
5.79654 -2.10677
5.73249 -2.10631
4.80972 -0.643138
4.78599 -0.548868
4.61999 0.735649
4.61893 0.784279
4.9021 2.63767
4.8964 2.62544
6.20373 -1.98121
6.25153 -1.95568
4.7373 2.08907
4.74593 2.12806
7.48416 -0.68994
7.49124 -0.676186
6.14353 3.20743
6.20143 3.18297
6.42167 3.07356
6.42443 3.07208
5.93624 3.26701
5.96257 3.26222
6.60475 2.95336
6.83741 2.76406
6.82774 2.77257
6.40163 -1.86818
6.33419 -1.90916
6.56533 -1.75325
6.60057 -1.728
6.80275 -1.55926
6.71135 -1.63861
7.23311 -1.08647
7.24473 -1.07064
7.28232 -1.01821
7.29786 -0.995972
7.80088 0.500996
7.79986 0.463003
4.76167 -0.438494
4.78034 -0.524922
6.97374 -1.39125
7.01803 -1.3457
4.77041 2.2348
4.77318 2.24565
7.02151 2.57793
6.97147 2.63189
7.80042 0.676858
7.80038 0.680301
7.70291 -0.145018
7.6426 -0.332375
6.0242 -2.05607
6.09942 -2.0288
5.53355 -2.05872
5.57751 -2.07787
5.69981 -2.10568
7.03618 -1.32563
7.04573 -1.31514
6.25675 3.16014
6.35101 3.11285
7.75548 1.07948
7.76396 1.03406
7.36775 2.10827
7.34796 2.14098
7.28423 2.23976
7.3217 2.18301
7.19603 2.36497
7.2098 2.34629
7.64778 1.49612
7.66539 1.44287
7.73956 1.16292
7.7332 1.19161
7.63026 -0.365616
6.58388 2.96875
6.48099 3.0378
4.66909 1.68701
4.66826 1.68012
4.64387 1.45135
4.64155 1.42348
5.9966 -2.06668
5.81568 -2.10361
5.89558 -2.09302
5.51465 -2.05054
4.86143 -0.841101
4.84276 -0.7719
5.44229 -2.00431
5.38203 -1.95198
5.4064 -1.97473
6.02928 3.24645
6.03009 3.24617
6.0996 3.22296
6.23409 3.16978
6.36111 3.10792
6.76382 2.82828
6.83861 2.76301
6.4102 -1.86233
6.90534 -1.4617
4.61953 0.961186
4.6189 0.913328
4.62711 1.21077
4.62532 1.16732
4.91006 -1.00186
4.92147 -1.03877
4.94947 -1.12563
4.95133 -1.13099
5.22079 -1.74642
5.24788 -1.78682
4.64077 0.357425
4.63534 0.432063
4.66615 0.11242
4.6606 0.155513
4.62101 0.701897
4.62295 0.653912
4.84228 2.48065
4.84346 2.48452
4.79572 2.32676
4.80693 2.36623
7.04256 2.55478
7.0928 2.49611
7.18884 -1.14347
7.23 -1.09085
7.7735 0.969229
7.76604 1.02112
7.78836 0.851075
7.78761 0.859507
6.2032 -1.98143
6.20045 -1.98269
4.62191 1.04032
4.65902 1.60088
4.6621 1.62849
4.64741 1.48763
4.63022 0.523492
4.9781 2.79807
4.9799 2.8014
7.50651 1.8464
7.52857 1.7994
5.76738 3.28969
5.80453 3.28772
6.89035 -1.47618
4.63445 1.33167
4.63647 1.35932
4.89259 -0.944547
4.86325 -0.847338
5.29017 -1.84854
5.33052 -1.89656
5.19419 -1.69955
5.18217 -1.67797
4.6317 0.482261
4.64638 0.294763
4.65871 0.172694
4.65296 0.225466
4.61975 0.992597
4.6185 0.864873
4.61842 0.834001
5.87166 3.27954
5.82482 3.28564
6.84018 2.76156
4.73972 -0.334996
4.75415 -0.403869
5.0817 2.9579
5.11763 3.00467
4.70358 -0.144259
4.72518 -0.260626
5.26227 -1.80866
5.28531 -1.84148
4.72637 2.03389
4.71952 2.00071
5.66379 3.28861
5.71495 3.29056
6.50076 -1.80111
6.51505 -1.79048
4.67686 1.74429
5.41103 3.22751
5.56596 3.27399
5.16868 3.05918
5.13805 3.02683
7.79217 0.344356
7.76745 0.142432
5.04783 -1.3939
5.08952 -1.4902
4.70394 1.91706
4.68649 1.80847
4.77471 2.25123
4.78987 2.30705
6.80321 -1.55883
6.87948 -1.48664
7.33291 -0.943539
7.41877 -0.806749
7.40717 2.03937
7.46216 1.93677
7.24063 2.30304
7.26738 2.26473
7.58635 1.66571
7.61927 1.57994
7.72059 1.24585
7.69307 1.3503
7.75842 0.0916289
7.71598 -0.096755
5.21402 3.10215
5.35876 3.20198
5.61227 3.28351
5.04232 2.90306
5.02902 2.88475
7.79695 0.40865
5.01671 -1.3125
5.1187 -1.55338
5.17319 -1.66231
4.7125 1.96288
4.86284 -0.845956
4.78424 -0.541643
4.82348 -0.697342
5.21276 -1.73228
4.87056 2.55853
4.86047 2.53381
5.0233 2.87586
4.93581 2.71489
4.74965 2.1461
4.73236 2.06438
7.43816 -0.773453
7.54265 -0.573295
6.02804 3.24678
5.89452 3.27562
6.70123 -1.6474
6.61553 -1.71596
6.52998 -1.77971
7.27409 -1.02996
7.42935 -0.788619
7.8019 0.57053
7.55111 1.74863
7.56886 1.70726
4.81797 2.40307
4.82453 2.42539
6.93866 2.6658
7.03394 2.56451
7.79987 0.691183
7.79541 0.771559
7.78123 0.909967
7.77698 0.946391
4.70032 -0.125455
7.14973 2.42629
7.1436 2.43387
7.15412 -1.18753
7.76478 1.02912
7.74073 1.15754
7.48233 1.89662
7.372 2.10109
7.32677 2.17506
7.15506 2.41947
7.67466 1.41245
7.63534 1.5331
7.79002 0.834549
4.84738 2.49661
6.90583 2.69837
4.65554 1.56973
4.66715 1.67169
5.81941 3.28642
5.75222 3.28972
6.29589 -1.93156
6.30337 -1.92768
5.3622 -1.93379
4.65207 0.233892
4.67788 1.75167
5.63629 3.28643
5.7155 3.29058
4.97481 -1.19885
4.63891 1.39113
7.07478 -1.28211
4.67065 0.0788615
7.62081 1.57563
4.64953 0.262575
6.36885 3.10393
4.92776 -1.05913
5.37283 -1.94395
7.5447 -0.56884
7.54301 -0.572547
6.47981 3.03858
4.83536 -0.744544
5.43708 -2.00073
6.46157 3.04972
