6.35621 -0.745577
6.25189 -0.77975
6.228 2.06961
6.2142 2.07434
7.08116 0.899569
7.07142 0.952311
5.47356 1.55649
5.44376 1.46989
5.55808 1.74271
5.60299 1.81756
5.52807 -0.243325
5.54918 -0.291749
5.4345 0.0368285
5.45938 -0.0472524
6.13995 -0.792704
6.23526 -0.782822
6.39208 2.00038
6.43728 1.97432
5.84556 2.03865
5.80336 2.0166
6.00521 2.08895
6.03666 2.08973
6.8461 -0.301195
6.82492 -0.333717
6.61886 -0.572796
6.68016 -0.512959
6.5879 -0.601374
6.50496 -0.662728
5.34918 0.897219
5.34901 0.89341
5.3712 1.12741
5.37763 1.17051
7.08676 0.862003
7.09593 0.77632
5.41093 1.3473
5.42973 1.42309
5.67038 1.90215
5.61246 1.83231
6.69975 1.74521
6.69663 1.74882
6.82219 1.58061
6.80465 1.60629
6.92165 1.40255
6.91167 1.42363
5.76233 -0.623498
5.7361 -0.593842
5.94491 -0.753425
5.90606 -0.732723
6.90548 -0.198501
6.93683 -0.137115
7.01313 0.0485159
7.02114 0.0717758
5.58861 -0.375907
5.61828 -0.427166
5.40763 0.158443
5.4278 0.0638562
5.34864 0.63275
5.34814 0.64545
5.36912 0.384203
5.37096 0.370327
7.07972 0.308391
7.07756 0.296238
7.10408 0.580968
7.10327 0.545982
7.03567 1.10495
7.04545 1.06522
7.00821 1.18918
6.99267 1.23494
7.05636 1.02404
6.56764 1.87759
6.62532 1.82298
6.95136 1.33749
6.96407 1.30884
7.02173 1.15017
6.54585 1.89517
6.49641 1.93445
6.5007 1.93116
6.64739 1.80063
6.37529 2.01033
6.32901 2.03284
6.24575 -0.781531
6.39208 -0.728179
6.21072 2.07493
6.32119 2.03661
5.98054 2.08404
5.90333 2.06449
6.71174 -0.479201
6.75563 -0.426329
5.35775 1.01382
5.35936 1.0297
5.4386 1.45425
5.50498 1.63609
5.60833 1.82624
5.52301 1.67773
6.69343 1.7523
6.85227 1.53255
6.87808 1.48845
5.85276 -0.700999
5.81199 -0.667793
6.96594 -0.0730409
6.98193 -0.0355232
5.50832 -0.195846
5.56993 -0.337086
5.47772 -0.106678
5.43023 0.0537334
5.35587 0.506767
5.35559 0.510336
7.097 0.439607
7.0953 0.422549
6.47117 -0.6858
6.0481 -0.785037
6.44371 1.96974
6.38406 2.00552
6.10895 2.09084
5.74619 1.97434
5.70573 1.94031
6.80467 -0.361686
6.88651 -0.233659
6.59768 -0.592806
5.34628 0.777118
5.35077 0.922418
5.38894 1.23834
5.40431 1.31612
7.09949 0.733954
7.08537 0.87285
5.67159 -0.514381
5.66816 -0.508895
5.67385 -0.517732
5.51301 1.65583
6.76118 1.66678
6.88865 1.46862
6.93861 1.36646
6.03147 -0.782096
6.03856 -0.784103
7.04875 0.166667
5.49112 -0.146766
5.39452 0.223167
5.48612 -0.132391
5.38737 0.264484
5.3462 0.769299
5.35865 0.478712
5.34626 0.761492
7.05371 0.185877
7.10283 0.666942
7.06131 1.00272
6.97387 1.28549
