5.87058 2.25964
5.78609 2.22714
6.79089 -0.594299
6.77872 -0.608385
6.54629 -0.822289
6.61391 -0.76821
7.11337 1.23938
7.10457 1.26667
5.23514 0.96763
5.23907 1.02518
6.91852 1.65921
6.90635 1.67887
5.93057 -0.961869
5.91095 -0.953543
6.12022 -0.989084
6.15546 -0.984518
5.23579 0.568628
5.24448 0.448422
6.19953 2.2589
6.27036 2.23472
6.41496 2.1682
6.45444 2.14319
6.31829 -0.946941
6.41916 -0.901461
5.98946 2.281
5.91778 2.26984
6.9114 -0.434075
6.91829 -0.42412
5.25718 1.1978
5.24493 1.09476
7.17671 1.0032
7.18282 0.97336
5.48991 -0.498669
5.50305 -0.523414
5.58929 -0.671005
5.56682 -0.638059
5.35335 1.63416
5.37405 1.6926
5.29589 1.42163
5.28776 1.38084
5.5267 1.99498
5.57567 2.05864
5.42882 1.82623
5.41168 1.78979
5.65848 2.14183
5.5922 2.07915
6.78217 1.8487
6.78662 1.84322
7.01228 1.48773
6.97925 1.55275
5.74653 -0.853104
5.71818 -0.825979
7.14892 0.0884868
7.11522 -0.0193114
7.06295 -0.152151
7.02882 -0.22618
5.39647 -0.27284
5.41036 -0.310208
5.33856 -0.0811734
5.33497 -0.0682186
5.2976 0.0959225
5.28478 0.160384
5.2302 0.783532
5.23071 0.837182
5.24855 0.409905
5.25904 0.321655
7.21376 0.471769
7.21718 0.579513
7.17833 0.210209
7.19964 0.332172
7.1507 1.11155
7.13956 1.15452
7.09328 1.29856
7.07409 1.34827
7.19401 0.909726
7.16185 1.06951
7.19874 0.877028
6.71367 1.92613
6.65259 1.98864
6.53518 2.08784
6.54443 2.08054
6.76731 1.86668
6.63949 2.00144
6.63117 2.00907
6.48893 2.11989
6.5059 2.10924
6.81428 1.80748
6.82759 1.79035
5.36186 -0.161441
5.37159 -0.194912
7.20654 0.80766
7.21322 0.736102
7.20056 0.864077
5.31941 -0.00923365
5.31841 -0.00488301
5.23025 0.760619
5.23064 0.706879
5.7499 2.20666
5.88688 2.26492
6.75932 -0.629191
6.85048 -0.51817
6.6656 -0.72417
6.5218 -0.838725
5.24384 1.08415
5.23463 0.958498
5.47893 -0.476602
5.44837 -0.405574
5.64722 -0.750197
5.62959 -0.726263
5.32102 1.53022
5.32133 1.53125
5.4744 1.91277
5.50012 1.95664
6.89953 1.6891
6.96141 1.58575
5.83778 -0.918574
5.97096 -0.97162
6.21684 -0.976525
6.06766 -0.987379
7.11128 -0.0302609
7.07462 -0.125265
5.31689 0.00186876
5.23484 0.584891
5.2449 0.443715
7.20028 0.336771
7.21276 0.45712
6.05137 2.28067
6.09368 2.27908
6.1253 2.2732
6.30661 2.2221
6.4317 -0.895321
6.2846 -0.957124
5.68721 2.16606
6.6994 -0.691283
6.9261 -0.411747
6.97843 -0.322648
5.23089 0.848365
5.26259 1.23522
5.42332 -0.343648
5.43925 -0.383656
5.53806 -0.58812
5.65699 -0.76261
5.38965 1.73554
5.32043 1.52795
5.27458 1.31056
5.58638 2.07241
5.44704 1.86127
7.04361 1.42111
6.84576 1.76553
7.05251 1.40131
5.80339 -0.89531
6.02476 -0.984594
7.00264 -0.277569
7.15001 0.0922605
7.17712 0.204452
5.3768 -0.211725
5.32406 -0.0286925
5.35289 -0.131563
5.27759 0.202106
5.23018 0.772043
5.26098 0.307717
5.23091 0.695947
7.21723 0.616725
7.21528 0.6838
7.05963 1.38561
6.57526 2.05561
6.52463 2.09641
6.34718 2.2034
7.21363 0.729673
7.12421 1.20831
6.38838 2.18193
6.40196 2.17533
