6.21959 2.0087
6.2767 1.98916
5.91982 1.99917
6.01074 2.02161
7.03675 0.925113
7.03977 0.90879
5.5145 1.53004
5.50603 1.50544
5.60278 1.71383
5.61985 1.74228
5.59937 -0.288272
5.56951 -0.219777
5.49824 -0.0251717
5.4829 0.0266699
6.36941 -0.675506
6.46251 -0.625849
6.15251 -0.726044
6.1749 -0.723723
5.95318 -0.683254
5.98031 -0.692852
5.77141 -0.547253
5.78999 -0.564806
5.80933 1.94396
5.83549 1.95763
5.72167 1.87023
5.78892 1.92705
6.84476 -0.219673
6.79153 -0.301396
6.6033 -0.519588
6.64498 -0.478903
5.41061 1.10307
5.4247 1.19738
5.39017 0.871906
5.39271 0.918354
5.45072 1.32208
5.43733 1.26401
7.05842 0.775419
7.05847 0.774939
6.72616 1.64133
6.66514 1.71206
6.79241 1.54584
6.73694 1.62705
6.87405 -0.168103
6.90541 -0.106697
6.96379 0.0339952
6.98789 0.103966
5.66301 -0.401748
5.6315 -0.347311
5.44926 0.156958
5.44447 0.179378
5.38889 0.655622
5.39028 0.619431
5.40845 0.406552
5.41703 0.341882
6.448 1.90174
6.41731 1.92325
7.04392 0.344037
7.0331 0.283151
7.06494 0.619942
7.06293 0.53411
7.0051 1.06925
7.00645 1.06378
6.95689 1.21714
6.95136 1.23341
7.00876 1.05504
6.58896 1.79373
6.59521 1.78782
6.90066 1.35303
6.9255 1.29705
6.98062 1.14866
7.0334 0.941805
7.02166 0.996823
6.87476 1.40588
6.87189 1.41146
6.5003 1.86527
6.5976 1.78539
6.25883 -0.712075
6.33631 -0.687594
5.85996 -0.627648
5.87309 -0.635933
6.13248 2.02356
6.32654 1.97147
6.08964 2.02603
5.90896 1.99584
6.72895 -0.387833
6.7232 -0.394936
5.3981 0.988902
5.40487 1.05568
5.48026 1.42733
5.52882 1.56633
5.65777 1.7943
5.58427 1.67953
6.60258 1.78016
6.91372 -0.0884111
6.9496 -0.00422715
5.53994 -0.148673
5.61238 -0.312968
5.52045 -0.0971255
5.46969 0.0761559
5.39999 0.482917
5.39763 0.507473
7.05956 0.476879
7.05293 0.410078
6.485 -0.612365
6.13087 -0.724238
6.05081 -0.715439
5.72149 -0.485085
6.39272 1.93626
6.36026 1.95519
6.11424 2.02641
5.80682 1.9421
5.71223 1.86115
6.71475 -0.40432
6.85496 -0.20311
6.55961 -0.555938
5.42755 1.2145
5.38735 0.784913
5.38712 0.751899
5.4572 1.34631
5.68367 -0.435604
7.04515 0.871368
7.05848 0.774782
5.55702 1.6274
6.73247 1.63327
6.82935 1.48681
6.84858 1.45402
6.89463 1.36595
6.89995 1.35464
7.00214 0.152948
5.53049 -0.124396
5.44211 0.191044
5.42566 0.286237
5.39599 0.529565
6.47777 1.88323
7.01945 0.219986
7.06441 0.655636
6.94467 1.2514
