5.45072 -2.44014
5.46059 -2.4436
5.14319 -2.15399
5.12897 -2.12965
4.96075 3.23911
4.99396 3.27935
5.40051 3.53561
5.30485 3.50394
5.35491 -2.3908
5.31657 -2.36488
6.61023 3.179
6.6558 3.14516
4.66228 -0.759942
4.68007 -0.832461
5.94371 3.5144
5.84092 3.53906
6.1718 3.43298
6.20186 3.41847
4.64942 2.54804
4.65009 2.5508
4.6929 2.69543
4.70329 2.72716
7.00614 2.83808
7.05784 2.78474
7.17383 2.65424
7.15 2.68255
7.89238 1.16107
7.91144 1.05811
7.38825 -1.14303
7.41098 -1.11081
6.53677 -2.01425
6.61711 -1.95264
7.4679 2.24303
7.49871 2.19152
7.81133 1.48073
7.78543 1.56159
7.95215 0.625448
7.95345 0.584088
5.58315 -2.46304
5.54292 -2.46056
7.79192 -0.372655
7.77605 -0.41624
4.88211 3.12688
4.86854 3.10333
5.14383 3.41535
5.10957 3.38999
5.40238 3.53615
5.49783 3.55408
7.91382 0.0883118
7.91037 0.0684696
7.94572 0.342777
7.94527 0.336713
4.87073 -1.5046
4.86792 -1.49654
4.96064 -1.76278
4.93069 -1.6794
6.76552 3.0592
6.76456 3.06002
4.49583 1.66268
4.49758 1.67934
4.63174 -0.627977
4.99571 -1.8496
4.96557 -1.77503
4.57674 2.22858
4.55975 2.13501
4.53196 1.95814
4.53807 1.99885
7.55326 -0.886104
7.59599 -0.8099
5.81388 3.54479
5.75247 3.55268
6.39574 3.31849
6.47445 3.26979
6.89813 2.94339
6.84062 2.99501
7.48918 -0.993395
7.49698 -0.980851
6.72554 -1.8624
6.81312 -1.78665
7.05426 -1.54902
7.00452 -1.60184
6.29523 -2.1848
6.41223 -2.10633
6.28552 -2.19157
6.20326 -2.2415
5.75231 -2.44168
5.81847 -2.42448
4.51818 -0.00803507
4.51378 0.0261601
7.67733 1.84014
7.67258 1.85083
7.94306 0.808246
7.94574 0.774648
4.76074 -1.13945
4.76036 -1.13812
4.81324 -1.31823
4.79622 -1.26036
7.82872 -0.262793
7.81769 -0.297442
5.19009 -2.22326
5.21433 -2.25801
6.16948 -2.26273
6.08823 -2.30711
4.45727 0.865126
4.45731 0.850017
4.45801 0.991697
4.45784 0.977017
4.47095 1.36425
4.4706 1.35856
4.5917 -0.44241
4.48076 0.331231
4.48082 0.330471
4.47092 0.46779
4.47133 0.460927
6.03901 3.48437
5.82806 3.54225
6.09458 3.46453
6.28423 3.3794
7.09696 2.74262
7.10941 2.72886
7.27699 2.52592
7.27674 2.52624
7.19226 -1.3954
7.16958 -1.4225
7.28613 -1.28063
7.28186 -1.28624
6.6335 -1.93879
6.51762 -2.02954
6.97746 -1.62844
6.90929 -1.69617
7.54725 2.10592
7.55908 2.08376
7.38432 2.37445
7.39708 2.35529
7.75482 1.64833
7.76831 1.61034
7.85756 1.3141
7.84134 1.377
7.75531 -0.471239
7.72848 -0.53622
7.74245 -0.502823
6.81908 3.01417
6.81735 3.01571
6.54848 3.22171
6.55836 3.21527
4.50719 1.76963
4.50183 1.72178
4.49132 1.61518
4.48471 1.54399
4.47989 1.48686
4.68833 -0.865317
4.55654 2.11562
4.58107 2.25118
5.61492 3.56255
5.6685 3.55982
6.05835 3.47844
6.34463 3.34619
6.50633 3.25026
6.96 2.88395
6.43554 -2.08881
6.81444 -1.78539
6.71553 -1.87134
7.09856 -1.50264
6.29018 -2.18834
6.04462 -2.33007
6.03783 -2.33332
5.98908 -2.35682
6.00019 -2.35149
5.89827 -2.3952
5.93696 -2.38007
4.7219 -0.99412
4.73244 -1.03396
4.49743 0.161578
4.50111 0.127958
4.5306 -0.09293
4.45985 0.707857
4.45941 0.721725
4.4648 0.580643
4.46429 0.591344
4.78861 2.94696
4.79547 2.96319
4.74569 2.84528
4.72949 2.80376
4.59776 2.32851
4.60718 2.37191
7.336 -1.21574
7.32999 -1.22369
7.93728 0.86629
7.93244 0.913839
4.46383 1.21971
4.46422 1.23101
4.45989 1.09043
4.46018 1.10401
6.18831 -2.25139
7.85289 -0.179929
5.07647 -2.02893
5.06026 -1.99762
4.70744 -0.939501
4.71581 -0.97095
6.71334 3.10151
6.71251 3.10214
4.5873 -0.421286
4.58389 -0.403608
4.54065 -0.155954
4.54955 -0.210813
7.62688 1.94921
7.58943 2.02574
4.58219 2.25636
4.59419 2.31261
4.58153 2.25331
6.82324 -1.77719
5.62562 -2.46247
5.63485 -2.46162
7.8616 -0.149273
7.8688 -0.12151
7.67968 -0.645899
7.67716 -0.651434
4.91049 3.17066
4.91722 3.18067
4.52544 1.90912
4.52021 1.87158
7.3461 -1.20215
7.94734 0.751154
7.94833 0.738054
5.26758 -2.31987
5.28673 -2.33713
5.25702 -2.31059
4.48615 1.55929
4.48537 1.55102
4.58861 -0.427736
4.5478 2.06249
4.83305 3.03909
4.82373 3.02265
4.48625 0.267857
4.4865 0.265228
4.78677 -1.22899
4.76087 -1.13989
5.49628 -2.45268
5.43797 -2.43463
5.16876 -2.19447
5.12347 -2.11881
5.01065 3.29761
4.95453 3.23146
5.25418 3.48126
5.40159 3.53598
5.8512 -2.4125
5.8865 -2.40044
7.93274 0.212763
7.93166 0.204033
4.46664 1.29451
4.4668 1.30408
4.45737 0.92857
4.45731 0.913517
4.4578 0.786517
4.45715 0.801698
4.91685 -1.63872
4.89892 -1.58817
4.47494 1.42451
4.47482 1.42271
5.02327 -1.91777
5.02847 -1.92882
4.47539 0.399787
4.47567 0.395706
4.54058 2.0175
7.61815 -0.768183
7.65233 -0.701206
4.62555 2.45189
4.65151 2.5561
4.70831 2.74293
4.68451 2.66803
7.13559 2.69903
7.2078 2.61384
7.88522 1.19577
7.91491 1.0369
7.28651 2.51292
7.34071 2.43873
7.43927 -1.06887
7.24021 -1.33786
7.22641 -1.35518
7.50813 2.17521
7.44931 2.27347
7.78447 1.5644
7.81453 1.47043
7.95316 0.487714
7.95021 0.694941
5.54243 -2.46052
5.58905 -2.46295
4.83993 -1.40731
4.86201 -1.47884
7.8902 -0.0317397
7.88302 -0.0634293
5.056 3.34288
5.20757 3.4571
5.56828 3.5599
5.64404 -2.46018
5.7178 -2.45049
7.95287 0.467144
4.96353 -1.77008
5.0355 -1.9435
4.52886 1.93521
7.68214 -0.640601
7.53654 -0.914919
7.48574 -0.998851
7.95316 0.475462
4.83221 -1.38108
5.94416 -2.37656
5.9874 -2.3577
4.46203 0.644081
4.46154 0.656539
4.75284 2.86224
4.76991 2.90426
4.46162 1.15493
4.46198 1.16751
4.56248 -0.286239
4.73636 -1.04874
5.24277 -2.29376
5.09339 -2.0639
4.45836 1.04052
4.47688 1.45012
4.48199 0.316441
4.46706 0.526148
4.61398 2.40106
4.67806 2.64758
7.21185 2.60881
7.0899 2.7506
7.93098 0.924656
7.86577 1.28121
7.34194 2.43697
7.14252 -1.4532
7.30486 -1.25651
7.58485 2.03457
7.54534 2.10943
7.42662 2.30942
7.83566 1.3973
7.75403 1.65049
4.50838 1.78055
4.49942 1.69905
4.81997 3.01593
4.81129 2.99843
5.59525 3.56252
6.03268 -2.33557
4.48675 0.262295
4.51022 0.052815
4.45766 0.771631
4.72336 2.78625
7.71743 1.74424
7.72219 1.73254
7.63722 1.92767
7.11798 -1.48105
7.94163 0.826412
4.46588 1.2844
5.38021 -2.40881
5.40458 -2.42125
6.59771 3.18778
4.51632 1.84106
4.51201 1.80767
4.9212 3.18604
4.93651 3.20693
5.3072 -2.35623
6.81561 3.01725
7.68189 1.8299
7.75315 1.65285
7.75204 -0.47962
6.65897 3.14278
5.71083 3.55756
7.8757 -0.09387
6.72728 3.09025
