7.29568 1.53485
7.31956 1.47451
7.48455 0.691569
7.48496 0.680298
7.44455 1.03147
7.45096 0.999425
5.06638 -0.210379
5.06136 -0.188784
5.1329 -0.463736
5.14199 -0.493685
5.35869 -1.0207
5.34468 -0.996303
5.46512 -1.18429
5.52415 -1.25804
5.06672 1.81935
5.05571 1.77337
5.41701 2.52712
5.35786 2.46199
6.07484 -1.46841
6.09705 -1.46339
5.88767 -1.46886
5.82045 -1.45315
5.12761 2.02083
5.15144 2.08541
5.84466 2.73747
5.7502 2.72163
6.46437 -1.31567
6.54261 -1.26423
6.99124 2.06992
7.01656 2.03544
6.16691 2.69943
6.23243 2.67561
6.42163 2.58685
6.43675 2.57851
7.18253 -0.551516
7.13348 -0.632473
5.54942 2.63618
5.59362 2.66151
7.48075 0.742043
7.48442 0.696835
5.17434 -0.596838
5.19728 -0.660261
5.27176 -0.846345
5.28448 -0.873178
5.60085 -1.33169
5.53923 -1.27264
5.01831 1.60097
5.00546 1.52827
4.9838 1.3736
4.99756 1.47768
4.96026 1.11617
4.95635 1.0604
5.2959 2.37476
5.34218 2.44054
6.26807 -1.4146
6.32248 -1.38986
5.70756 -1.40712
5.75118 -1.42638
5.20191 2.20482
5.17768 2.15218
6.87526 -0.971263
6.92484 -0.916589
6.72487 -1.11957
6.6678 -1.16988
7.22027 -0.484167
7.21741 -0.489563
7.31307 -0.283502
7.29918 -0.316993
7.39378 -0.0547725
7.4064 -0.0107184
7.44889 0.176779
7.45813 0.229716
5.02341 -0.00532044
5.03546 -0.0663575
4.95112 0.89059
4.95143 0.90894
4.95266 0.693864
4.9521 0.713467
4.96802 0.423343
4.96554 0.452541
4.9958 0.17208
5.01083 0.070622
5.95649 2.73843
5.8676 2.73844
6.96165 -0.872005
7.00872 -0.812638
7.3482 1.39392
7.36814 1.33461
7.42588 1.12215
7.41801 1.16091
7.48281 0.467685
7.47857 0.402747
7.48455 0.524463
7.48641 0.596874
5.09367 -0.325944
5.10379 -0.363776
7.46111 0.935158
7.45875 0.953139
6.75116 2.33931
6.78439 2.30674
6.57734 2.48524
6.63325 2.44161
6.95285 2.11872
6.91033 2.17017
6.35232 2.62381
6.36783 2.61665
5.10938 -0.383676
4.95178 0.927616
4.95388 1.0194
4.95015 0.796602
6.50688 2.53436
6.52316 2.52338
7.46748 0.887848
7.47218 0.848964
5.14803 -0.513402
5.16069 -0.554759
7.08825 1.9291
7.11125 1.89326
7.33268 -0.234257
7.34429 -0.204291
7.22116 -0.482414
7.24822 -0.428275
7.33982 1.41939
4.97119 1.25692
4.9663 1.19733
5.07807 -0.261941
5.07518 -0.249681
4.97436 0.355036
4.97761 0.321951
4.95615 0.60487
4.95707 0.583045
7.23492 1.66897
7.24158 1.65537
7.18486 1.76793
7.18445 1.7687
5.0227 -0.00150183
5.02119 0.0065529
4.95018 0.778665
7.28587 1.55786
7.32984 1.4484
7.48604 0.609183
7.48451 0.693723
7.45337 0.983332
7.43751 1.07242
5.05471 -0.158805
5.31372 -0.934352
5.37725 -1.05139
5.52721 -1.26118
5.43339 -1.14211
5.04107 1.7111
5.09427 1.92151
6.6639 2.41701
6.71105 2.37562
5.35162 2.45397
5.45227 2.56198
6.17077 -1.44753
6.02148 -1.47318
5.79663 -1.44667
5.9557 -1.47387
5.16227 2.11444
5.09617 1.92765
7.06945 -0.732474
7.07087 -0.730531
6.81616 -1.03375
6.80314 -1.04729
7.25249 -0.419361
7.29127 -0.335022
7.42489 0.0620502
7.43517 0.106686
4.95046 0.760482
4.98067 0.293575
4.9902 0.213874
5.71034 2.71024
5.85283 2.73839
6.5633 -1.2503
6.43314 -1.33326
6.96507 2.10386
7.02566 2.02234
6.094 2.7176
6.27415 2.66049
7.1941 -0.531462
7.07385 -0.726053
7.25889 1.61824
7.27211 1.58856
5.64857 2.68831
5.49172 2.59442
7.47906 0.770813
5.21494 -0.706831
5.1633 -0.562988
5.23395 -0.756049
5.4091 -1.10404
5.2583 -0.816659
5.61685 -1.3459
4.99908 1.48856
5.02283 1.62335
5.09549 1.92559
4.97958 1.33616
5.26592 2.32768
5.24596 2.29192
5.22675 2.254
5.98043 -1.47592
6.21572 -1.43209
6.36669 -1.37006
5.69176 -1.39721
6.79288 -1.05754
6.94431 -0.893362
6.64282 -1.18954
7.15826 1.81557
7.14536 1.83754
7.22067 -0.48341
7.32232 -0.260784
7.35539 -0.173741
7.37275 -0.123398
7.46656 0.289649
5.03893 -0.0842143
5.02298 -0.00304727
4.95421 0.648265
4.95926 0.54159
4.96244 0.492047
4.97119 0.387255
5.01377 0.0521951
6.06093 2.7257
6.02272 2.73127
7.47473 0.360358
7.06598 -0.737406
7.41703 1.16474
7.43448 1.08695
7.48424 0.499874
7.38971 1.2656
7.39755 1.23705
7.43588 1.07961
7.46273 0.925107
6.83916 2.2517
6.55043 2.50437
6.85405 2.2355
6.8689 2.2185
7.06506 1.96509
6.49141 2.54506
6.4588 2.56491
7.47497 0.821617
6.31226 2.6433
7.21345 1.71217
7.18746 1.76305
7.21021 1.71882
6.38229 2.60935
7.3747 1.31449
7.41587 1.1698
