6.25757 -2.41102
6.19671 -2.45367
4.73353 -1.59033
4.75456 -1.66642
8.05009 0.184669
8.05706 0.238547
4.34153 1.35815
4.33999 1.33842
4.32957 0.939456
4.32971 0.977167
4.3304 0.850166
4.32993 0.824592
4.34538 1.43733
4.34839 1.48626
5.74202 3.75985
5.78107 3.75062
4.34596 0.414022
4.34277 0.463019
5.56946 3.77911
5.51845 3.77961
4.40661 2.06104
4.41087 2.09834
4.37846 0.0622834
4.37662 0.0771172
5.38167 3.76896
5.33528 3.76093
7.10487 2.92726
7.10653 2.92552
6.89247 -1.89553
6.84971 -1.93631
7.18143 -1.60206
7.17875 -1.60507
4.86211 -2.03006
4.85694 -2.01247
5.45783 -2.80242
5.4771 -2.80048
5.24847 -2.7591
5.27124 -2.76946
5.02708 -2.46731
5.04063 -2.49786
5.11563 -2.62555
5.12223 -2.63631
6.40799 -2.30214
6.45684 -2.2645
5.80769 -2.68573
5.76108 -2.70827
4.78406 -1.77051
4.77066 -1.72549
7.97931 -0.179236
7.98643 -0.153286
7.91574 -0.388371
7.90152 -0.428587
5.91626 -2.62834
5.84749 -2.6668
8.06373 0.317363
8.05953 0.264839
8.02979 0.0494801
8.01931 -0.0104507
8.00187 -0.0885698
8.01494 -0.0308939
6.64339 3.33343
6.65762 3.32299
6.8544 3.1638
6.87321 3.14774
5.95701 3.704
5.96721 3.70066
4.39504 1.97875
4.38944 1.93378
4.41989 2.15556
4.4291 2.21645
7.71077 -0.854678
7.68079 -0.90982
7.82335 -0.622268
7.79246 -0.69125
6.19364 3.60731
6.13563 3.63278
6.41692 3.48694
6.417 3.48689
7.10223 2.93
7.57267 -1.09178
7.57604 -1.08655
7.46182 -1.2548
7.47171 -1.24137
6.71986 -2.05059
6.65479 -2.10672
7.10913 -1.68101
7.041 -1.75103
8.06411 0.781489
8.06838 0.729482
6.03781 -2.55711
6.08317 -2.52889
4.68483 -1.40886
4.6901 -1.42808
4.89791 3.5125
4.88041 3.49205
8.07396 0.507056
8.06887 0.383081
4.60079 -1.0796
4.59066 -1.03867
4.35732 1.61456
4.36133 1.66513
4.3346 0.635255
4.33617 0.593429
4.59518 2.95061
4.60241 2.9738
7.28355 -1.48399
7.27 -1.50029
5.98921 -2.58718
5.97415 -2.59639
4.73527 3.28305
4.73875 3.28878
4.53475 -0.802096
4.55936 -0.910868
4.33272 1.14371
4.33164 1.10416
4.63776 -1.22624
4.62885 -1.19106
5.8291 3.73985
4.4737 -0.521105
4.49466 -0.620998
4.44793 -0.384266
4.43889 -0.335847
4.44557 2.31561
4.44799 2.33414
4.39398 -0.0572672
4.40953 -0.16147
6.3057 3.55075
6.28317 3.56202
7.72894 2.01262
7.71249 2.04688
7.81565 1.81732
7.8025 1.84912
4.52883 2.72285
4.50869 2.63894
4.54528 2.78744
4.54036 2.76946
4.46599 2.4339
4.46646 2.43683
5.25749 3.74075
5.26533 3.74345
7.99249 1.26008
7.99519 1.24783
8.03814 1.01232
8.0434 0.975175
7.45212 2.49605
7.42609 2.53342
7.32472 2.67058
7.29192 2.71178
7.37707 -1.36823
7.36494 -1.38413
6.80771 -1.97337
6.94584 -1.84564
7.13043 -1.6588
7.54704 2.34951
7.53927 2.36213
7.62652 2.21258
7.63455 2.19805
4.77328 3.34727
4.77503 3.35039
4.92862 -2.22398
4.9059 -2.16076
4.97557 -2.34903
4.95691 -2.30049
7.88469 1.63611
7.87857 1.65372
7.93892 1.46873
7.93785 1.47245
5.36509 -2.7988
5.30815 -2.78673
5.5639 -2.78137
5.5283 -2.79142
6.50532 -2.22649
6.53497 -2.20416
6.39265 -2.31298
5.65025 -2.75432
5.66139 -2.75109
5.61194 -2.76811
7.95314 -0.270419
7.96158 -0.242873
7.92706 -0.354864
6.63078 3.343
6.53935 3.40764
6.68233 3.30424
6.71376 3.27981
6.7682 3.23615
6.80283 3.2076
6.88686 3.13569
6.92322 3.10282
5.97251 3.69859
5.96938 3.69981
5.85523 3.73394
4.39747 1.9974
4.44157 2.29382
6.08077 3.65739
6.41595 3.48751
6.23308 3.58749
6.41685 3.48698
6.47203 3.45193
6.47854 3.44762
7.11297 2.91854
6.62901 -2.12721
6.75264 -2.02313
6.97413 -1.81709
7.13546 -1.65355
8.0701 0.692862
8.05922 0.84405
6.31041 -2.37355
6.34454 -2.34913
6.58307 -2.16494
4.66576 3.14017
4.68231 3.17563
5.10062 3.67304
5.13787 3.6934
4.99898 3.60459
5.03413 3.63164
8.06816 0.370316
8.07408 0.51261
4.36261 1.67985
4.3685 1.74288
4.54828 2.79741
4.56361 2.85046
4.52639 -0.765934
4.53118 -0.786395
4.55976 -0.912571
6.13508 -2.49454
6.08884 -2.52509
4.66084 -1.31788
4.65873 -1.30926
5.1877 -2.7086
5.23304 -2.74838
5.40206 -2.80384
8.04135 0.117604
8.04055 0.111833
4.8059 -1.843
4.78903 -1.78651
4.56006 -0.913877
4.56234 -0.923573
4.33245 0.723164
4.33119 0.748011
5.68479 3.76905
5.67946 3.76955
4.51086 -0.696409
5.00391 -2.41868
4.99396 -2.39281
4.3624 0.213153
4.35288 0.320904
4.64834 3.09791
7.18261 2.84152
7.20853 2.81225
8.05701 0.86314
7.15946 -1.62684
4.73068 3.27455
4.69903 3.21283
5.52038 -2.79334
4.82076 -1.89591
4.81639 -1.87978
8.07287 0.617845
5.70569 -2.73351
5.73097 -2.72324
7.86771 -0.517311
7.86351 -0.527855
4.95582 3.56813
4.92375 3.53852
6.97165 3.05746
7.02505 3.00669
4.82399 3.42267
8.07396 0.533964
5.07972 -2.57125
5.10619 -2.61073
4.33602 1.23116
4.33614 1.25313
4.40018 2.01853
4.75828 -1.68078
4.72178 -1.54702
8.05828 0.25153
8.04228 0.124253
4.33926 1.29466
4.34205 1.37669
4.32993 1.00274
4.32965 0.913667
4.33157 0.786665
4.32975 0.87585
4.34909 1.49776
4.34461 1.42211
4.46735 -0.489194
4.46503 -0.477352
4.34172 0.481887
4.34701 0.3978
5.4843 3.77921
5.62709 3.77541
4.39193 -0.0428225
4.3764 0.0790415
7.77031 -0.737825
7.73826 -0.80246
7.7741 1.9148
7.7586 1.94949
4.49545 2.57715
4.48679 2.53837
4.62414 3.03595
4.63371 3.06156
8.01723 1.1381
8.02242 1.10954
7.38917 2.58557
7.36147 2.62272
7.52259 -1.16704
7.50124 -1.19852
7.22478 -1.55295
5.42927 -2.80407
5.83195 -2.67413
5.61693 -2.76698
4.70873 -1.49991
8.01753 -0.0189085
7.99295 -0.127935
7.64469 -0.972836
7.84331 -0.576102
7.62045 -1.01379
7.56537 -1.10312
7.42674 -1.30308
6.08643 -2.52673
6.00127 -2.57953
4.66836 -1.34762
5.04674 3.6397
5.08458 3.66446
5.41714 3.77423
4.58712 -1.02442
4.60634 -1.10171
4.35705 1.61064
4.3625 1.67872
4.33712 0.571672
4.33387 0.658617
4.62177 3.02871
4.58213 2.91155
7.23343 -1.54289
7.31431 -1.44701
4.33114 1.07929
4.33348 1.16766
4.6146 -1.13467
5.17018 -2.69475
5.15051 -2.67187
4.33035 1.04067
4.35263 1.55041
4.42886 -0.27914
4.3509 0.34573
4.3391 0.52823
4.41475 -0.195535
4.36382 0.198484
7.68052 2.11074
7.84428 1.74591
7.85409 1.72013
7.66455 2.1418
4.53241 2.73836
4.46792 2.44468
4.54642 2.79128
5.16227 3.70411
5.19854 3.72022
5.27858 3.74683
7.25921 2.75232
7.22799 2.78978
7.97802 1.32026
8.05509 0.882635
7.96386 1.37822
7.48688 2.44394
7.33166 -1.4254
7.41903 -1.31358
7.50538 2.41539
7.5821 2.29132
7.58864 2.28017
7.58755 2.28208
4.81336 3.40746
4.81821 3.41493
4.76094 3.3265
4.83807 -1.95192
4.90578 -2.16044
4.93128 -2.23062
4.95148 -2.2875
4.98512 -2.37059
7.9092 1.56405
7.91304 1.5523
7.94722 1.43917
7.96195 1.38542
5.68801 -2.73989
6.73377 3.26453
6.93755 3.09001
4.38323 1.88321
4.38034 1.85845
6.52714 3.41629
6.28111 -2.39501
6.37701 -2.32486
4.98632 3.59521
4.57521 -0.97562
4.36919 1.74969
4.33265 0.69917
4.57102 2.87402
4.33481 1.20842
6.17394 -2.46865
5.06741 -2.54787
5.05297 -2.52034
5.69867 3.76724
7.87167 -0.507653
5.40799 3.77335
5.04614 -2.508
5.1433 -2.66309
6.836 3.17997
4.3874 1.91878
8.07332 0.6032
6.18374 -2.46232
4.8839 -2.0912
4.37505 1.80655
4.37601 1.81633
6.95506 3.0733
6.75062 3.25064
7.88874 -0.46329
6.53282 3.41227
