6.16892 -2.59004
6.19885 -2.56876
8.00388 -0.336054
8.02857 -0.25537
4.68688 -1.75685
4.70954 -1.84218
4.26919 1.35824
4.26427 1.29496
4.25863 0.850251
4.25755 0.79087
6.84744 3.2713
6.80088 3.3098
4.27399 1.47889
4.27442 1.48592
4.26997 0.460697
4.26974 0.464208
4.32744 2.06023
4.33211 2.10106
4.9033 -2.54645
4.89452 -2.52058
4.31389 -0.00807774
4.30812 0.0383415
7.79724 -0.837427
7.8411 -0.748562
7.80683 2.00529
7.84882 1.91146
5.03097 3.79322
5.06799 3.81344
5.23793 3.87518
5.19873 3.86511
4.86873 -2.43411
4.87995 -2.46928
7.13002 3.00347
7.1835 2.94736
8.082 1.15064
8.09649 1.07003
7.43025 2.64686
7.44523 2.62675
7.23765 -1.64472
7.24204 -1.63979
4.67393 3.41298
4.68121 3.42719
4.61681 3.29963
4.60994 3.28575
5.36469 -3.04061
5.41928 -3.02696
4.78961 -2.14786
4.79147 -2.15388
8.13943 0.634029
8.13794 0.68576
4.95535 -2.70625
4.94944 -2.68611
5.02375 -2.86304
5.0081 -2.82774
5.17181 -3.02753
5.22297 -3.04529
5.10862 -2.98288
5.08241 -2.94924
4.73314 -1.93079
4.74127 -1.96593
5.70841 -2.89302
5.6571 -2.92023
5.78052 -2.84849
5.80791 -2.83191
4.67472 -1.71049
4.65408 -1.62482
5.98389 3.80088
5.96186 3.80811
5.73261 3.87566
5.76031 3.86973
6.2316 3.6905
6.26176 3.67548
6.47256 3.55159
6.48366 3.54472
7.05498 3.0811
7.24403 2.87943
7.20857 2.92019
7.61856 -1.14584
7.6652 -1.07345
6.98152 -1.91321
7.05948 -1.83583
6.81427 -2.06932
6.87005 -2.01951
7.06177 -1.83351
7.06129 -1.83401
4.76707 3.55668
4.73949 3.51886
6.65983 -2.20459
6.63342 -2.22619
7.94106 -0.516203
7.9305 -0.543167
8.13931 0.445872
8.1378 0.408938
4.28423 1.63118
4.28288 1.61422
5.58947 3.89801
5.59742 3.89703
7.7284 -0.965908
7.68426 -1.04137
4.46827 -0.849015
4.46983 -0.855923
6.94899 3.18131
6.95886 3.17204
4.35166 2.23799
4.35523 2.26249
7.15507 -1.73376
7.19007 -1.69579
5.93769 -2.75132
5.96117 -2.73521
6.03503 -2.6857
6.04545 -2.6781
4.63548 -1.55161
4.60582 -1.42827
4.257 0.981692
4.25697 0.977252
5.87266 3.8387
5.78148 3.86365
4.37978 -0.422849
4.37847 -0.415835
4.42161 -0.631011
4.40837 -0.568042
4.36486 2.31479
4.37282 2.37593
4.35529 -0.284527
4.34146 -0.20001
7.89092 1.81023
7.88293 1.82955
7.70974 2.20156
7.75776 2.1078
4.37569 2.39506
4.39023 2.48435
4.42239 2.65662
4.42849 2.68893
5.34118 3.89538
5.30798 3.88981
8.04768 1.31466
8.07317 1.19882
7.35127 2.75104
7.37846 2.71594
7.47934 2.57856
7.5077 2.53735
6.89934 -1.99155
6.96615 -1.92873
7.6708 2.27215
7.70774 2.20526
7.59089 2.40851
7.6169 2.36586
5.29221 -3.05126
4.75147 -2.00851
4.77289 -2.08158
4.84773 -2.35542
4.8294 -2.28944
7.95716 1.62929
7.93075 1.70532
8.00925 1.46211
7.9911 1.52511
5.85867 -2.80165
5.86798 -2.79564
5.29036 -3.05117
5.63167 -2.93275
5.73857 -2.87441
6.50963 -2.32872
6.53266 -2.31071
8.04932 -0.180707
7.98153 -0.405856
7.95019 -0.491988
6.64229 3.43482
6.64024 3.43627
6.66159 3.42018
6.69523 3.39443
6.85835 3.26173
6.90373 3.22187
6.03904 3.77916
6.04299 3.77746
5.76825 3.86744
5.64628 3.89073
4.30816 1.90344
4.31154 1.93298
4.33779 2.1439
6.20574 3.70382
6.11807 3.74488
6.42846 3.57964
6.39682 3.59816
7.28558 2.83224
6.72653 -2.14656
6.7731 -2.10679
7.06097 -1.83432
4.7979 3.59467
8.13603 0.717597
8.13011 0.799494
6.29744 -2.49481
6.34211 -2.46118
6.42519 -2.39633
6.46913 -2.36173
6.54879 -2.29703
6.59624 -2.25803
6.69469 -2.17416
4.93052 3.72653
4.9524 3.7434
8.13591 0.375003
8.14129 0.537826
4.53306 -1.1274
4.5426 -1.16739
4.5069 -1.01622
4.51272 -1.04126
4.26331 0.593927
4.26328 0.594615
4.47213 2.87405
4.46717 2.85618
4.51391 3.02315
4.50108 2.98117
7.3866 -1.46885
7.41578 -1.43222
7.28907 -1.58624
7.32864 -1.53977
4.4559 -0.792925
4.45503 -0.788924
4.48356 -0.915101
4.25863 1.10076
4.2587 1.10425
4.5908 -1.36731
4.57166 -1.28904
4.59635 -1.38926
7.99255 -0.373047
4.90516 3.70619
4.88457 3.68692
8.11348 0.144663
8.10772 0.102928
4.494 -0.960504
4.49816 -0.978179
4.26071 0.723248
4.25769 0.782712
7.04989 3.08613
7.00347 3.13027
6.74516 3.35543
6.75202 3.34977
5.57477 3.89897
5.50123 3.90373
4.32201 2.02427
4.31899 1.9966
4.30159 1.83251
4.29892 1.80576
4.28516 0.260598
4.28331 0.281515
4.85881 -2.39436
4.8488 -2.35878
8.12219 0.86991
8.1292 0.80948
8.11475 0.941642
8.11636 0.929318
7.51387 -1.30161
7.518 -1.29591
4.54099 3.11018
4.53963 3.10582
5.49793 -2.99772
5.50615 -2.99398
8.06249 -0.129618
7.91719 -0.575611
7.90511 -0.605956
6.53863 3.50799
6.58067 3.47847
8.1411 0.574959
4.29647 1.78127
4.29318 1.74216
8.11857 0.180956
8.12197 0.211637
4.71807 -1.87668
4.2639 1.23124
4.26425 1.29452
6.31753 3.64516
6.33231 3.63648
7.29607 2.81917
7.30801 2.80496
4.81542 3.61699
4.83163 3.63467
6.10532 -2.63611
6.25002 -2.53036
4.68112 -1.73524
8.1284 0.277836
8.1252 0.243858
4.26426 1.29474
4.27088 1.41811
4.25767 0.786752
4.25713 0.90939
4.27767 1.53933
4.27109 1.42177
4.40024 -0.527188
4.38023 -0.425311
4.26617 0.528291
4.27396 0.398988
4.92362 -2.61486
4.92086 -2.60426
4.91354 -2.57992
4.88752 -2.49412
4.29834 0.126988
4.32371 -0.0814476
7.85385 -0.721159
7.78618 -0.858927
7.85047 1.90761
7.80425 2.01091
4.39597 2.51525
4.40859 2.58712
4.53773 3.09953
4.51959 3.04355
5.13288 3.8424
5.26849 3.88292
8.09776 1.06218
8.07407 1.19432
7.23703 -1.64542
7.28366 -1.59259
4.70884 3.47159
4.64396 3.35779
4.59295 3.24438
4.63929 3.34782
5.5669 -2.96595
5.53425 -2.98113
5.57479 -2.96296
4.98146 -2.76969
5.06259 -2.92704
5.03801 -2.88459
4.98879 -2.79045
5.14248 -3.00868
5.16162 -3.02331
4.68318 -1.74269
8.13153 0.310992
8.09225 0.00912128
8.10072 0.0555019
8.08032 -0.0522854
7.73448 -0.954924
7.89272 -0.634314
7.66766 -1.06941
7.59336 -1.18498
7.56878 -1.22146
7.51965 -1.29356
6.3619 -2.44569
6.4056 -2.41211
4.51989 -1.07188
4.52754 -1.10433
4.27929 1.56235
4.28779 1.67837
4.26605 0.530475
4.26439 0.56832
4.49214 2.94805
4.48359 2.91871
7.33883 -1.5274
7.37268 -1.48631
5.9184 -2.76325
5.98635 -2.71901
6.00345 -2.70677
6.08372 -2.65186
4.54638 -1.18283
4.56761 -1.27154
4.25716 0.918097
4.25748 1.04075
4.27839 1.55007
4.36119 -0.317447
4.43786 -0.711601
4.27443 0.392696
4.2661 0.529418
5.42965 3.90308
5.45384 3.90344
5.41663 3.9028
4.33291 -0.145271
4.29492 0.159475
7.75998 2.10327
7.89133 1.80921
7.92785 1.71319
7.70942 2.20218
4.44486 2.76541
4.45041 2.78948
4.45156 2.79398
4.37349 2.38057
4.97499 3.75864
5.00689 3.77981
5.13138 3.84184
5.13184 3.84204
5.3771 3.89903
8.04162 1.33983
8.01782 1.43158
7.54153 2.48672
7.56649 2.44777
7.41599 2.66688
7.43253 -1.41057
7.46529 -1.36809
7.66426 2.28381
7.63146 2.34117
4.64297 3.35557
4.72198 3.4937
4.57868 3.21145
4.82837 -2.28622
4.81028 -2.22013
7.96169 1.61597
7.98474 1.54556
5.89636 -2.77777
5.8449 -2.81038
6.02914 3.78321
6.094 3.75633
6.26476 3.67384
6.52073 3.51987
6.27863 -2.50949
6.48765 -2.34681
6.60918 -2.2471
4.28968 1.70032
4.26138 0.65785
4.45335 2.80081
4.44344 -0.736896
4.46298 -0.82571
4.26056 1.16538
6.08719 -2.64922
4.26066 1.17006
4.26123 0.661729
5.43638 -3.02085
4.44112 -0.725824
6.35423 3.62354
4.56228 3.1679
4.54821 3.13037
8.07771 -0.0651152
6.10444 3.75137
4.31552 1.96595
4.56644 3.17895
5.58226 -2.95954
6.58591 3.47476
