5.33356 -2.1838
5.32085 -2.17268
6.13504 -2.17561
6.18793 -2.14681
5.64004 -2.31385
5.71268 -2.31329
4.98306 -1.57446
5.00838 -1.63947
4.7416 -0.797625
4.71521 -0.690066
5.11498 -1.87717
5.08083 -1.80585
4.61553 2.03551
4.60953 1.99958
7.60111 -0.666606
7.5533 -0.759597
6.38518 3.23424
6.37663 3.23868
7.56903 1.93054
7.61326 1.83636
7.84196 1.1112
7.84393 1.10055
7.42858 2.19012
7.42973 2.1882
7.34464 2.32105
7.32386 2.35177
7.74659 1.48682
7.73775 1.51444
7.8925 0.645685
7.89325 0.621927
7.74361 -0.327427
7.70619 -0.430177
7.7931 -0.168537
7.81108 -0.101976
5.10235 3.23134
5.10391 3.23287
5.29696 3.37076
5.30011 3.37242
5.78416 -2.30352
5.8062 -2.29949
5.58153 -2.30858
5.62689 -2.31388
5.50218 3.43956
5.50044 3.4393
4.91424 2.98402
4.93082 3.01189
7.86021 0.138497
7.84371 0.0434615
7.88817 0.396656
7.88191 0.312945
4.95613 -1.50532
4.94011 -1.45944
4.55926 1.62577
4.56492 1.67965
4.54137 1.42302
4.53881 1.39473
4.57218 1.74423
4.58072 1.80798
4.76782 -0.898707
4.75774 -0.861833
5.25163 -2.09495
5.25596 -2.10008
5.16009 -1.95724
5.12354 -1.89225
4.89193 2.94271
4.86922 2.89934
6.00263 3.40051
5.93184 3.41969
6.16065 3.34402
6.07218 3.37724
5.68255 3.45313
5.65372 3.45371
6.86033 2.88588
6.87485 2.87285
6.98996 -1.5223
6.98099 -1.53143
7.44645 -0.943046
7.47343 -0.899688
6.43247 -1.99355
6.3968 -2.01922
6.66111 -1.82324
6.59774 -1.87341
6.8794 -1.63151
6.79423 -1.70939
6.00606 -2.23437
6.03669 -2.22201
4.52162 0.913442
4.52117 0.891435
4.52619 1.14252
4.52702 1.16744
4.53851 0.428238
4.5434 0.358018
4.58885 -0.051439
4.57446 0.06051
4.52711 0.62905
4.52593 0.655491
4.68902 2.38529
4.68487 2.3697
7.24 -1.23692
7.23999 -1.23694
7.87318 0.906581
7.87504 0.892307
4.62857 -0.281999
4.61208 -0.191218
4.82358 -1.09509
4.8122 -1.05532
7.77929 -0.216525
7.7492 -0.311106
6.2617 -2.10519
6.08712 -2.19889
7.07626 -1.42962
7.10304 -1.40024
5.81557 3.44256
5.87202 3.43127
6.43564 3.20384
6.27341 3.29308
4.74512 2.5865
4.72135 2.50638
4.76644 2.64959
4.75169 2.60645
4.81361 2.77512
4.81682 2.78359
7.15002 2.58208
7.17039 2.55751
7.07323 2.67071
7.08039 2.6628
7.25259 2.45196
7.19835 2.52247
6.53588 -1.91942
6.49784 -1.94865
6.8988 -1.61283
6.89085 -1.62073
7.50677 2.05145
7.52145 2.02395
7.79526 1.31996
7.79291 1.32909
7.70437 -0.434999
6.73699 2.99088
6.71972 3.00529
6.49974 3.16435
6.5044 3.1613
4.55829 1.61549
4.57207 1.74348
4.57166 1.74004
4.54808 1.50711
4.5464 1.48717
4.53479 1.33943
4.53395 1.32758
4.77294 -0.917246
4.64027 2.16762
4.64825 2.20931
5.76395 3.44864
5.91189 3.42374
6.04688 3.38695
6.23357 3.31087
6.49589 3.16695
5.7056 3.45284
6.88535 2.86277
6.97489 -1.53761
7.0622 -1.44517
6.32232 -2.06634
6.72635 -1.76791
6.6966 -1.79391
6.94073 -1.57163
6.28774 -2.08926
5.31195 -2.16298
5.2864 -2.13612
5.90767 -2.2721
5.93576 -2.26225
4.52264 1.01758
4.52233 0.976941
4.52116 0.871942
4.52113 0.827961
4.53019 1.25818
4.52803 1.20494
4.52503 1.10394
4.87353 -1.26092
4.88755 -1.30418
4.53385 0.494397
4.53628 0.45987
4.54577 0.329414
4.59 -0.0593039
4.52249 0.744171
4.52406 0.696185
4.52888 0.590292
7.63574 1.78417
7.65514 1.73884
7.01806 2.73021
7.03434 2.71353
7.17078 -1.32166
7.12722 -1.37259
7.2937 -1.16591
7.24001 -1.23691
7.78608 -0.193259
5.46948 -2.27548
5.39523 -2.23398
5.88525 -2.27878
5.86315 -2.28432
4.52367 1.04044
4.52372 1.06393
6.70298 3.01882
6.62479 3.07725
6.54791 3.13188
6.56557 3.11955
4.64832 -0.386742
4.63783 -0.33248
4.53275 0.525079
4.5305 0.553682
4.62595 2.09375
4.6323 2.1269
4.59093 -0.0651427
4.59703 -0.102748
4.65727 2.25115
6.93769 2.81073
7.65879 1.72975
7.68838 1.65458
7.63533 -0.593647
7.6164 -0.635355
5.54812 -2.30248
5.53074 -2.29778
4.96083 3.05899
4.99235 3.10431
4.58187 1.816
4.58973 1.87216
7.3253 -1.12341
7.88475 0.790494
7.88671 0.764568
4.55717 1.60339
4.55229 1.55133
4.67773 -0.529638
4.66632 -0.475425
4.57212 1.74381
4.54803 0.303668
4.55169 0.264167
4.84966 -1.1846
4.84704 -1.17557
5.48054 -2.28101
5.47556 -2.279
5.75834 -2.30677
5.39971 3.41304
5.42706 3.42119
5.02654 3.14838
5.00794 3.12542
7.87705 0.264894
7.86655 0.179607
5.03974 -1.71515
4.97318 -1.55
5.05071 -1.74233
5.1181 -1.88275
4.60557 1.97699
4.62069 2.06324
7.5401 -0.783755
7.60919 -0.650375
7.56724 1.93426
7.6148 1.83289
4.6702 2.31045
4.66941 2.30714
4.78315 2.69628
4.77224 2.66553
7.11174 2.62675
7.13969 2.59452
7.82654 1.1859
7.86275 0.985313
7.39772 -1.01991
7.38551 -1.03802
7.46824 2.12154
7.42335 2.19869
7.30108 2.38438
7.37842 2.27006
7.71858 1.5706
7.76647 1.4229
7.81577 1.23689
7.80979 1.26173
7.88859 0.733671
7.89323 0.615117
7.83834 0.0168054
7.81718 -0.0765632
5.09862 3.22721
5.18913 3.30412
5.20242 3.31393
5.30818 3.37566
5.51303 3.44088
7.89088 0.443888
4.93289 -1.43782
4.90895 -1.36789
5.04493 -1.72824
4.69214 -0.593781
4.69842 -0.620585
5.18187 -1.9952
4.59915 1.93593
7.49405 -0.864854
7.4037 -1.01091
7.89323 0.513128
6.05127 -2.21496
5.98623 -2.24324
5.48902 -2.28367
5.20572 -2.02984
4.6704 2.31125
4.70023 2.42892
7.87923 0.848369
7.86948 0.936772
4.60959 -0.176823
4.79772 -1.00543
4.85729 -1.20992
4.70887 2.4601
4.75029 2.60256
7.18779 2.53591
7.06064 2.68494
7.86555 0.965781
7.81674 1.23271
7.26622 2.43333
7.54411 1.97974
7.47695 2.10614
7.38719 2.25637
7.77214 1.40328
7.70688 1.60386
4.53382 1.32587
4.53827 1.38765
4.90303 2.96381
5.60202 3.45155
5.62186 3.45226
5.95983 -2.25262
4.78741 -0.968572
4.52105 0.808383
4.53049 1.26701
4.52758 1.19317
4.8964 -1.33189
4.56368 0.149383
4.55587 0.219838
4.5218 0.762833
4.52461 0.680357
4.82526 2.80417
7.18432 -1.30558
7.88378 0.804712
6.59984 3.0961
7.69354 1.64088
7.65527 -0.550826
4.96063 3.0587
4.59215 1.88815
5.21912 -2.04862
5.27194 -2.11895
5.83472 -2.29263
7.34665 -1.09401
4.93909 3.02418
4.53217 1.29471
4.5654 1.68478
4.5445 1.46402
4.55359 0.241847
4.52149 0.785865
7.69188 -0.464839
4.5219 0.935875
4.5712 0.0849145
6.61173 3.08717
4.85853 2.87755
4.8495 2.8577
4.96029 3.05816
7.66073 -0.53845
