7.5521 -0.436753
7.5408 -0.463175
5.3179 3.07665
5.33329 3.08693
7.73782 0.253074
7.73858 0.259179
4.67307 1.1505
4.66864 1.0596
5.14247 -1.44952
5.10835 -1.37296
5.04478 -1.21992
5.03562 -1.19522
4.74326 1.83159
4.75023 1.87289
6.05196 -1.96208
6.01058 -1.97728
5.71887 -2.00616
5.73037 -2.00673
5.37998 -1.82009
5.35684 -1.79264
4.67142 0.635374
4.67536 0.538001
7.07061 -1.21032
7.09803 -1.17834
6.6541 2.8465
6.70016 2.81022
7.34987 -0.829246
7.33044 -0.86029
7.75563 0.484022
7.75588 0.490646
7.63234 -0.223255
7.6321 -0.22398
7.69498 0.00671379
7.69564 0.00967812
5.51658 3.17471
5.58312 3.19223
5.12474 2.88806
5.1615 2.93266
5.15236 -1.46888
5.19177 -1.5452
4.68021 1.28526
4.6808 1.2954
4.71004 1.60059
4.71201 1.61619
5.84037 -2.00682
5.8116 -2.01046
5.62194 -1.98406
5.55323 -1.95338
4.91029 -0.816108
4.90179 -0.78697
4.85551 -0.617216
4.84786 -0.586841
4.66709 0.76295
4.66664 0.783503
4.92751 2.52717
4.95279 2.59005
5.04071 2.76324
5.05216 2.7808
4.89784 2.44904
4.88198 2.40614
7.45303 -0.646987
7.48094 -0.592803
6.38103 3.02634
6.40633 3.01276
6.18847 3.1192
6.19091 3.11836
5.92406 3.19636
5.93002 3.19528
6.60273 2.88592
6.77581 2.74658
6.73811 2.77979
6.60953 -1.64904
6.66088 -1.60784
6.51232 -1.72093
6.51514 -1.71891
7.24972 -0.979805
7.28651 -0.927164
5.30812 -1.73383
5.28564 -1.70058
6.95377 -1.3395
6.92961 -1.36435
4.80798 2.14701
4.82493 2.2134
7.75334 0.712772
7.75549 0.665715
4.73287 -0.0143839
4.72785 0.0187396
7.66582 -0.110296
7.63748 -0.206021
7.52407 -0.501255
7.58999 -0.342871
5.95226 -1.99004
6.11301 -1.94187
7.0692 2.44714
7.04533 2.47512
7.11104 -1.16263
7.15074 -1.11323
7.01586 -1.27291
7.04259 -1.2434
6.24848 3.09414
6.26543 3.08564
7.41521 1.92825
7.43755 1.88465
7.33715 2.06709
7.36671 2.01651
7.25421 2.19937
7.26675 2.18036
7.14076 2.35728
7.16057 2.33165
7.651 1.33353
7.62963 1.40751
7.69188 1.16741
7.68064 1.21806
7.744 0.843147
7.74894 0.786312
7.59416 -0.331819
6.5336 2.93317
6.49997 2.95564
4.6904 1.42427
4.69036 1.4237
5.91007 -2.00038
5.70675 -2.00364
5.53146 -1.94311
5.46372 -1.89723
4.91543 2.49932
6.31929 3.05933
6.41631 3.00726
6.47122 2.97455
6.82036 2.70772
6.34886 -1.82494
6.31254 -1.8469
6.91464 -1.37976
4.66709 0.933503
4.66683 0.913272
4.67432 1.1833
4.67366 1.16726
4.98286 -1.04714
5.00277 -1.10454
5.23895 -1.63031
5.27401 -1.68288
5.33746 -1.77001
4.68611 0.38371
4.6848 0.401683
4.66982 0.671914
4.67059 0.653137
6.87894 2.65263
6.91578 2.61609
7.72356 1.00062
7.72129 1.01637
6.1444 -1.92746
4.6686 1.04027
4.69107 1.43111
5.71544 -2.00579
4.70386 0.198866
4.70411 0.196535
4.67655 0.522738
7.00191 -1.28843
7.4542 1.85132
7.49791 1.75815
5.77221 3.21046
5.78785 3.20964
6.47238 -1.74769
6.41068 -1.78853
6.84406 -1.44797
7.42665 -0.697905
7.42457 -0.701829
7.56764 1.58979
7.53624 1.66889
6.56897 2.90984
4.6814 1.30435
4.68544 1.35955
6.27818 -1.8642
6.21317 -1.89805
4.9405 -0.91809
4.93344 -0.894712
4.9524 -0.957152
4.67706 0.508555
4.69686 0.263759
4.66771 1.0204
4.66666 0.892788
4.66643 0.804517
6.08656 3.15536
6.06313 3.16229
6.84815 2.682
4.78423 -0.3098
4.79222 -0.347933
4.69773 1.49341
4.69709 1.48786
4.73534 1.77979
4.72978 1.74454
4.77566 -0.264436
4.78135 -0.295101
4.77388 2.00126
4.77439 2.00373
5.66884 3.20584
5.63468 3.20138
7.60021 1.49835
7.58565 1.53961
5.45436 -1.89031
4.97066 -1.01262
7.7189 0.124809
7.7184 0.12199
5.41667 3.1349
5.24028 3.01426
7.7504 0.383458
7.72641 0.174684
5.14778 -1.46025
5.08741 -1.32304
4.75283 1.88861
4.73972 1.80871
4.88201 -0.718314
4.88753 -0.737768
4.84768 2.29663
4.85004 2.30534
6.75461 -1.52921
6.79102 -1.49743
7.30072 -0.905616
7.35826 -0.815643
7.37684 1.99856
7.41201 1.93436
7.21106 2.26325
7.2119 2.26206
7.56963 1.58461
7.67274 1.25035
7.65647 1.3141
7.75642 0.575189
7.75349 0.438
7.70738 0.0672936
7.66683 -0.10656
7.71948 0.128081
5.22049 2.99603
5.44515 3.14777
5.6174 3.19928
5.09313 2.84452
7.751 0.391412
5.23715 -1.62705
5.07092 -1.28464
5.23816 -1.62892
4.71737 1.65891
4.70422 1.55203
4.72429 1.70717
4.77382 2.00096
4.87207 -0.682449
4.91954 -0.848009
4.83054 -0.515429
4.71094 0.137931
4.71281 0.123451
4.96136 2.60756
5.03241 2.74924
4.9941 2.67831
4.79958 2.11499
4.78791 2.06495
7.48494 -0.58481
7.42843 -0.694642
6.20175 3.11401
6.12771 3.14175
6.03377 3.17116
5.93247 3.1947
5.85995 3.20454
5.73556 3.21054
5.71311 3.20931
6.71025 -1.568
6.56247 -1.68362
6.50963 -1.72294
7.20778 -1.03971
7.19805 -1.0532
7.39658 -0.750001
7.75649 0.599075
7.50001 1.75344
7.53443 1.6732
4.81298 -0.43997
6.98011 2.5493
6.98016 2.54925
7.75613 0.635433
7.75131 0.755017
4.74619 -0.0994891
4.75554 -0.153796
6.98022 2.54919
7.10792 2.39931
7.18114 -1.07499
7.10645 -1.1682
7.70226 1.11949
7.71322 1.06152
7.45202 1.85584
7.31842 2.09852
7.29631 2.13408
7.20831 2.26711
7.62671 1.41696
7.73389 0.930226
7.72914 0.963993
7.73736 0.901058
6.47175 2.97425
4.85898 2.33542
5.40948 -1.84811
4.70005 0.233062
5.8242 3.20793
6.39853 -1.79574
6.17782 -1.91323
4.69721 0.260057
5.01299 -1.13407
4.6903 1.42304
6.81187 -1.47894
4.69705 0.261801
6.3606 3.03809
7.50699 -0.538822
4.87104 2.37246
