6.22059 1.99643
6.26475 1.98132
5.93673 1.99018
6.0118 2.00871
7.03027 0.920025
7.03067 0.917847
5.52215 1.5251
5.51768 1.51209
5.61114 1.70843
5.62124 1.72527
5.6015 -0.270963
5.57726 -0.215373
5.50551 -0.0210415
5.49351 0.0195093
6.37202 -0.66167
6.45264 -0.618667
6.15485 -0.713576
6.16019 -0.713022
5.95568 -0.669963
5.99534 -0.683995
5.77404 -0.533284
5.80072 -0.558485
5.7332 1.8641
5.81052 1.92942
6.83002 -0.226658
6.78529 -0.29535
6.60625 -0.503914
6.6384 -0.472533
5.41799 1.09851
5.4335 1.2024
5.39792 0.867124
5.40097 0.923072
5.45874 1.31713
5.43914 1.23212
6.65925 1.70519
6.72295 1.63134
6.73149 1.62037
6.78683 1.53933
6.88286 -0.133651
6.89953 -0.101007
6.95457 0.0312791
6.98167 0.109987
5.67138 -0.396993
5.64975 -0.359627
5.45208 0.179948
5.45137 0.183294
5.3967 0.66006
5.39845 0.614384
5.41581 0.410733
5.42564 0.336561
6.4388 1.8957
6.41368 1.91329
7.03722 0.350704
7.02479 0.280703
7.05761 0.627233
7.05539 0.53189
7.05283 0.741882
7.0506 0.772658
6.94729 1.22237
6.94363 1.23313
6.57971 1.78872
6.58846 1.78152
6.90524 1.32425
6.91829 1.29484
6.97293 1.14838
7.02982 0.922252
7.01502 0.991611
6.86886 1.39899
6.86374 1.40897
6.49178 1.85967
6.2613 -0.698992
6.32452 -0.679015
5.86253 -0.613998
5.88561 -0.62856
6.11785 2.01395
6.32756 1.95902
6.1117 2.0143
5.9101 1.98201
6.73268 -0.368004
6.7163 -0.388254
5.40565 0.984242
5.41339 1.06054
5.48806 1.4223
5.52973 1.54428
5.66715 1.78824
5.60019 1.68813
6.89212 1.35224
6.90395 -0.091286
6.94356 0.00162679
5.55327 -0.157664
5.62103 -0.308052
5.52288 -0.0773243
5.47724 0.0804471
5.40839 0.477734
5.40555 0.507286
7.05256 0.483851
7.04501 0.407745
6.48778 -0.597598
6.1497 -0.713145
6.05324 -0.702544
5.73089 -0.479546
6.38271 1.92968
6.35566 1.94546
6.11523 2.01436
5.81995 1.93512
5.71354 1.84519
6.69222 -0.415005
6.84843 -0.196787
6.55226 -0.548828
5.43478 1.21004
5.3954 0.789508
5.3951 0.74697
5.46821 1.3526
5.68556 -0.420233
7.04947 0.783752
7.0374 0.871082
5.56556 1.62188
6.59319 1.7771
6.72682 1.62666
6.81742 1.49047
6.84278 1.44724
6.99342 0.150382
5.53853 -0.119827
5.45101 0.185036
5.43282 0.290306
5.40357 0.533873
6.47428 1.87363
7.01304 0.226366
7.05723 0.653521
6.99898 1.0635
6.99606 1.07334
6.9997 1.06074
6.59025 1.77999
6.9992 1.06276
6.93921 1.24502
