4.72266 -1.16632
4.7422 -1.23799
5.41558 -2.54125
5.39407 -2.53415
5.01513 -2.05623
4.9967 -2.0116
5.05692 3.44065
5.11298 3.48473
4.65886 -0.925053
4.64197 -0.856061
4.57365 -0.556156
4.5503 -0.442237
5.95116 3.57381
5.9506 3.57394
6.17865 3.48767
6.27429 3.44151
4.59018 2.51117
4.60635 2.57807
4.64656 2.72432
4.648 2.72873
7.07259 2.82943
7.06689 2.8353
7.29186 2.57097
7.32358 2.52849
7.41422 -1.17364
7.46405 -1.10301
6.59627 -2.02606
6.62894 -2.00101
6.94654 -1.71696
7.01606 -1.64903
4.82586 -1.52516
4.81206 -1.47857
7.8229 -0.401653
7.82084 -0.407304
4.84112 3.18292
4.81363 3.1352
4.91146 3.28692
4.91484 3.29143
4.99314 3.38228
5.01445 3.40297
5.27719 3.5726
5.30775 3.58432
5.8093 -2.50657
5.7598 -2.52471
4.89173 -1.72853
4.8829 -1.70396
6.79321 3.09179
6.77093 3.11092
6.53377 3.28785
6.57847 3.25701
5.71097 3.62344
5.71916 3.62251
4.59378 -0.649465
4.62424 -0.781075
4.53074 2.2244
4.51911 2.16034
4.49151 1.98335
4.49377 1.99839
7.72344 -0.642201
7.74222 -0.599908
7.60314 -0.876151
7.62267 -0.841332
6.36151 3.39481
6.40242 3.37178
6.93779 2.96275
6.99323 2.91026
7.51495 -1.02376
7.46967 -1.09459
6.77862 -1.87294
6.82451 -1.83324
7.10225 -1.55855
7.07063 -1.59213
7.99137 0.572458
7.99131 0.54218
6.36471 -2.19858
6.41091 -2.1676
6.28415 -2.25478
6.24725 -2.27718
4.94355 -1.8779
4.94876 -1.89141
4.80749 3.12404
4.80385 3.11668
5.48936 3.62474
5.50139 3.62573
4.70499 2.89492
4.68752 2.84693
7.7026 1.87414
7.68064 1.92359
7.98232 0.783569
7.98486 0.751758
4.77261 -1.34691
4.76348 -1.31586
5.43841 -2.54639
5.32271 -2.497
5.33083 -2.50117
5.31773 -2.49387
5.04271 -2.1139
5.05687 -2.1455
5.14122 -2.29703
5.12749 -2.27711
6.1108 -2.36296
6.08892 -2.37491
5.31351 -2.49004
5.23018 -2.4172
5.22745 -2.41418
5.2575 -2.44529
5.30182 -2.48053
5.20388 -2.38772
5.19109 -2.36944
4.41757 0.888235
4.41767 0.850064
4.41843 1.01474
4.41799 0.977064
4.43222 1.38679
4.43047 1.35838
4.44069 1.50703
4.43921 1.48668
4.52501 -0.308681
4.54189 -0.399062
4.4391 0.356819
4.44111 0.331117
4.42972 0.493097
4.43159 0.461574
4.45798 0.154454
4.46119 0.124996
5.95195 3.57356
5.8356 3.60243
6.12208 3.51079
6.29102 3.43357
4.56628 2.40909
4.5599 2.37859
7.18879 2.6996
7.19294 2.69473
7.96593 0.940907
7.95296 1.03202
7.92388 1.19223
7.89768 1.30912
7.25229 -1.38657
7.25013 -1.38916
7.34178 -1.27245
7.30793 -1.31696
6.68945 -1.9499
6.52976 -2.07918
7.02648 -1.63817
6.92072 -1.74293
7.49305 2.27687
7.48967 2.28236
7.57181 2.13896
7.54156 2.19358
7.40882 2.40741
7.44208 2.35746
7.85096 1.477
7.87164 1.40696
7.79496 1.64455
7.81429 1.59014
5.57963 -2.55909
5.55216 -2.56141
5.66959 -2.54669
5.6432 -2.55268
7.90837 -0.120904
7.91034 -0.113222
7.86126 -0.288749
7.86245 -0.284876
7.86018 -0.292251
7.84545 -0.335827
7.81815 -0.414435
4.90744 3.28088
4.9518 3.337
6.86691 3.02774
6.84457 3.04775
6.65216 3.20323
6.63353 3.21733
6.51287 3.30242
4.53971 2.27696
4.50653 2.08457
5.80067 3.60867
5.77741 3.61351
6.06537 3.53443
6.40999 3.36698
6.406 3.36952
7.00628 2.89708
6.91257 2.98714
6.49899 -2.1014
6.8645 -1.79533
6.72716 -1.91889
7.1102 -1.55023
6.32276 -2.22798
4.77156 3.05357
6.0322 -2.40591
6.03854 -2.40288
4.68386 -1.02097
4.68769 -1.03545
4.46128 1.74112
4.46148 1.7433
4.44845 1.60164
4.44951 1.61499
4.48923 -0.0919918
4.49252 -0.114489
4.42097 0.685322
4.4198 0.722369
4.42619 0.558256
4.42457 0.59199
4.73248 2.96498
4.72002 2.9355
7.6618 1.96288
7.68023 1.92447
7.15237 -1.50328
7.19747 -1.45146
7.97777 0.840838
7.9776 0.84249
4.63666 -0.833605
4.42304 1.19607
4.42425 1.23106
4.41942 1.06697
4.42022 1.10406
6.18689 -2.31712
4.85554 3.20516
4.66948 -0.966291
4.67112 -0.972434
6.7197 3.15227
6.7092 3.16031
4.50841 -0.214178
4.51138 -0.232425
7.63426 2.02024
7.6336 2.02158
7.15186 -1.50386
7.14813 -1.50807
5.9859 -2.43037
5.93772 -2.45373
7.98631 0.390636
7.98073 0.310003
4.47768 1.87946
4.47652 1.87113
7.95678 0.116636
7.94707 0.0571788
4.50282 2.06203
4.97798 3.36559
4.74728 -1.25687
4.70993 -1.1188
4.85324 -1.61375
4.84906 -1.59971
4.99067 -1.9981
5.02577 -2.07877
5.10715 -2.24259
5.0903 -2.21172
5.15286 3.51076
5.35304 3.59653
5.4043 3.61108
5.90137 -2.46961
5.86865 -2.48471
7.97094 0.218767
7.96659 0.181071
4.42772 1.29455
4.42825 1.32652
4.41774 0.951634
4.41759 0.913564
4.41923 0.786562
4.41758 0.824728
4.43621 1.44705
4.43458 1.42253
4.434 0.425206
4.43598 0.396352
5.5661 3.6298
5.60283 3.62964
4.49976 2.04294
4.47365 0.0193164
4.47554 0.00451156
7.66666 -0.758505
7.67954 -0.733267
4.58217 2.47892
4.62819 2.65975
4.66177 2.77195
4.64077 2.7054
7.15037 2.74384
7.1809 2.70892
7.94699 1.06863
7.92872 1.16843
7.25534 2.61762
7.35579 2.48442
7.46591 -1.10026
7.38422 -1.21572
7.29791 -1.32938
7.25267 -1.38613
7.53295 2.20862
7.49381 2.27561
7.82419 1.56066
7.84405 1.49962
7.99023 0.628039
7.98905 0.670529
5.62585 -2.55429
5.59784 -2.55876
4.79898 -1.43621
4.86503 -1.65146
5.21069 3.54343
5.18342 3.52931
5.45316 3.61941
5.99812 -2.42395
5.98814 -2.42919
5.71153 -2.53702
7.97565 0.259556
7.92493 -0.0536446
7.92755 -0.0412261
7.92302 -0.0624707
4.91449 -1.79529
4.94235 -1.87439
4.48493 1.93476
7.6908 -0.710688
7.77362 -0.527214
7.56274 -0.945789
7.36201 -1.2464
7.53527 -0.991571
7.99069 0.48133
4.77588 -1.35776
5.6883 -2.54379
4.45445 1.67112
4.45514 1.67914
4.4233 0.621628
4.4219 0.657184
4.67676 2.8149
4.70885 2.90599
4.42099 1.13138
4.42203 1.16756
4.51568 -0.257513
4.69832 -1.07559
5.48292 -2.5574
5.50609 -2.55977
5.08485 -2.20018
5.16969 -2.3414
5.23106 -2.41804
4.41861 1.04056
4.44411 1.55083
4.4447 0.288119
4.42749 0.526792
4.4485 0.246425
4.63241 2.67603
4.55735 2.36582
7.22661 2.65354
7.13356 2.76299
7.97119 0.89938
7.89696 1.31205
7.38731 2.43915
7.20354 -1.44423
7.6096 2.06786
7.58678 2.11142
7.45148 2.34286
7.87531 1.39357
7.78248 1.67863
5.53001 -2.56
7.89526 -0.171477
6.76381 3.1167
4.46386 1.76666
4.46795 1.80408
6.07409 -2.38272
4.41886 0.749141
4.73841 2.97818
4.66729 2.78785
4.54702 2.31395
7.72554 1.82238
7.76368 1.72863
4.7593 3.02611
7.97786 0.840005
4.42518 1.26081
5.63923 3.62786
4.96931 -1.94405
7.98943 0.444021
4.46894 1.81163
4.4684 1.80747
5.7286 3.62103
7.98847 0.683803
6.6877 3.17659
6.82193 3.06774
4.94299 -1.87627
7.07425 2.82765
7.72407 1.82593
5.36949 -2.52287
7.76866 1.7158
7.78178 -0.507464
6.61663 3.23005
7.89322 -0.178877
