6.80382 -0.525654
6.75347 -0.583936
6.55666 -0.767205
6.58744 -0.742588
7.0829 1.23826
7.07161 1.27325
6.88457 1.65344
6.9393 1.565
5.75049 -0.795581
5.76145 -0.804502
6.20295 2.21271
6.21865 2.20735
6.4185 2.12041
6.43556 2.1096
6.3279 -0.895894
6.37953 -0.87262
5.9381 2.22375
5.99345 2.23236
5.69967 2.11622
5.79037 2.17494
6.85124 -0.462601
6.89407 -0.400676
5.26458 0.949451
5.26005 0.842622
5.28632 1.17981
5.27849 1.11391
7.1393 1.04045
7.15325 0.972271
5.52257 -0.480635
5.56887 -0.567837
5.62516 -0.651198
5.57135 -0.572296
5.38365 1.61458
5.41788 1.71118
5.324 1.40346
5.32357 1.40128
5.56247 1.97187
5.59729 2.01714
5.46165 1.80501
5.42145 1.71953
6.64923 1.94387
6.61829 1.97217
6.94522 1.5542
6.99138 1.46333
5.93421 -0.908868
5.97658 -0.920968
6.12362 -0.939561
6.09084 -0.937497
7.11405 0.0782216
7.09091 0.00422189
7.02443 -0.163488
7.0058 -0.203897
5.40555 -0.198923
5.44054 -0.29306
5.3792 -0.108603
5.36809 -0.0684244
5.32473 0.111341
5.31966 0.136842
5.28774 0.337963
5.277 0.428341
5.26434 0.584853
5.25985 0.699967
7.1858 0.499604
7.18807 0.570944
7.15264 0.235795
7.16784 0.32281
7.11668 1.13009
7.11062 1.15345
7.16628 0.898204
7.13302 1.06844
6.56944 2.01414
6.69167 1.90044
6.73618 1.8511
6.45046 2.09953
6.48741 2.07635
6.79368 1.78343
6.79585 1.78064
5.38991 -0.145502
5.40433 -0.195115
7.03814 1.36053
7.03508 1.36777
7.18047 0.787206
7.18237 0.766812
5.80077 2.17961
5.89105 2.21413
6.67645 -0.666555
6.82727 -0.495695
6.67186 -0.670666
6.49244 -0.810304
5.27351 1.06583
5.2663 0.976573
5.48388 -0.402867
5.478 -0.38921
5.35173 1.51037
5.36558 1.55651
5.50695 1.89174
5.50563 1.88958
6.78593 1.79345
6.75231 1.83273
6.8509 1.70402
6.94106 1.56199
5.84154 -0.863962
5.68713 -0.729769
6.22017 -0.928179
6.17511 -0.934047
7.07462 -0.0410509
7.05096 -0.10236
5.34799 0.00700469
5.35595 -0.0244948
5.27385 0.46016
5.26541 0.566013
7.1735 0.363439
7.18228 0.448149
6.16571 2.21988
6.31006 2.17555
6.44171 -0.842171
6.23786 -0.923114
6.09741 2.23153
6.05678 2.23203
5.69177 2.11039
6.94268 -0.323712
6.67514 -0.667795
6.95604 -0.300972
5.25976 0.830538
5.29719 1.25497
7.17721 0.81798
7.16979 0.875961
5.47319 -0.377303
5.47625 -0.384996
5.57023 -0.570354
5.66126 -0.700685
5.41985 1.71603
5.32532 1.40916
5.30311 1.29213
5.62546 2.04717
5.50899 1.89472
7.00578 1.43271
6.82482 1.74108
7.02385 1.39254
5.85358 -0.870396
6.02828 -0.933436
6.96222 -0.289467
7.12504 0.116435
7.14395 0.194689
5.40459 -0.195937
5.33507 0.0609612
5.38578 -0.131767
5.30567 0.218059
5.25915 0.771357
5.29486 0.286799
5.25965 0.712277
7.18817 0.645661
7.18709 0.682761
7.06624 1.28755
6.54392 2.03538
6.52821 2.04808
6.32711 2.16769
7.18618 0.708133
7.10227 1.1827
6.34442 2.15866
6.38226 2.14029
6.49967 2.06795
