4.75561 -1.14307
4.76078 -1.16204
5.15334 -2.19046
5.11908 -2.13182
4.9613 3.2544
4.98829 3.2871
5.38491 3.54124
5.30524 3.51487
5.33679 -2.39479
5.3086 -2.37573
6.65709 3.15198
6.61112 3.18611
4.5824 -0.4258
4.58208 -0.424245
4.66098 -0.779259
4.67477 -0.835461
5.94471 3.52238
5.85565 3.54375
6.17272 3.44033
6.21159 3.42157
4.64146 2.54309
4.64421 2.55446
4.68667 2.69931
4.69586 2.72737
7.00162 2.85079
7.05982 2.79074
7.17585 2.66038
7.15581 2.6842
7.89673 1.16537
7.91726 1.05446
7.27899 2.53199
7.28306 2.52654
7.39174 -1.14714
7.41811 -1.10977
6.54476 -2.01584
6.6187 -1.95913
7.47129 2.24759
7.50465 2.1918
7.8169 1.48021
7.79655 1.54375
7.95759 0.613864
7.95864 0.580829
5.57573 -2.47615
5.54417 -2.4742
4.86177 -1.49982
4.86155 -1.49906
7.79608 -0.37655
7.78207 -0.415039
4.8766 3.1344
4.86011 3.10578
5.13143 3.41896
5.11004 3.40312
5.41953 3.54908
5.49818 3.56385
7.91843 0.0839896
7.91611 0.0706234
4.95483 -1.76778
4.92428 -1.6827
6.76924 3.06357
6.76541 3.06686
4.49037 1.66586
4.49178 1.67931
4.62664 -0.630863
4.95934 -1.78077
4.98863 -1.85324
4.57488 2.25181
4.55429 2.13841
4.52653 1.96152
4.53212 1.99878
7.6836 -0.65015
7.73431 -0.535914
7.55996 -0.884767
7.59958 -0.814122
5.79976 3.55557
5.75943 3.56076
6.39664 3.3257
6.48275 3.27243
6.90014 2.94947
6.8817 2.96601
7.49286 -0.997731
7.49298 -0.997545
6.73267 -1.86382
6.81465 -1.7929
7.06071 -1.5503
7.0061 -1.60829
6.30457 -2.18665
6.41205 -2.11456
6.28534 -2.20006
6.20917 -2.24629
5.7604 -2.45088
5.81066 -2.43781
4.51209 -0.00429693
4.50856 0.0232018
7.68073 1.84471
7.67361 1.86073
7.94834 0.804931
7.95177 0.761825
4.80778 -1.32208
4.78872 -1.25725
7.83297 -0.266778
7.82359 -0.296265
5.16087 -2.20158
5.2021 -2.2607
6.16159 -2.2762
6.08832 -2.31622
4.45194 0.86823
4.45199 0.850024
4.45269 0.994792
4.45248 0.977023
4.46575 1.36728
4.46521 1.35853
4.47427 1.48748
4.47423 1.48684
4.58173 -0.422421
4.58196 -0.423655
4.47516 0.334668
4.47548 0.330558
4.46538 0.47119
4.46599 0.461014
6.05211 3.48854
5.82907 3.55034
6.07288 3.48112
6.28514 3.38667
7.099 2.74881
7.10445 2.74279
7.20032 -1.39421
7.17314 -1.42669
7.2936 -1.27953
7.28536 -1.29037
6.64102 -1.94028
6.51925 -2.03621
6.98423 -1.62978
6.91088 -1.70267
7.5507 2.11055
7.54804 2.11535
7.38761 2.37887
7.40312 2.35558
7.76021 1.64782
7.78943 1.56556
7.86293 1.3136
7.84552 1.38112
7.76376 -0.463609
6.8255 3.01599
6.82101 3.02001
6.55267 3.22665
6.55925 3.22237
4.50099 1.76578
4.49642 1.72493
4.48556 1.61515
4.47925 1.54717
4.47497 1.49644
4.68117 -0.860925
4.57538 2.25473
4.54982 2.11145
5.60258 3.57198
5.67576 3.56826
6.05934 3.48632
6.35359 3.34904
6.50723 3.25744
6.96643 2.88577
6.44407 -2.09051
6.82116 -1.78673
6.71709 -1.87773
7.10013 -1.50904
6.29456 -2.19367
5.99487 -2.36341
6.03792 -2.34278
5.90478 -2.40261
5.93706 -2.39
4.71679 -0.997726
4.72643 -1.03416
4.49279 0.153194
4.49515 0.13162
4.52548 -0.095826
4.45462 0.70483
4.45408 0.721811
4.45962 0.577636
4.45895 0.59143
4.77699 2.93973
4.78701 2.96343
4.73746 2.84552
4.7282 2.82179
4.59011 2.32374
4.6006 2.37209
7.33964 -1.22004
7.33774 -1.22255
7.94272 0.862871
7.93735 0.915679
4.45835 1.21653
4.45885 1.23102
4.45445 1.08728
4.45482 1.10402
6.18812 -2.26022
7.85865 -0.178781
5.06035 -2.01696
5.05135 -1.99958
4.70234 -0.9431
4.70981 -0.971149
6.7142 3.10837
6.66334 3.14729
4.53632 -0.163775
4.54442 -0.213716
7.62787 1.95875
7.59536 2.02518
4.58765 2.3128
4.57685 2.26216
6.86457 -1.74628
5.61822 -2.47556
5.63598 -2.47391
7.86589 -0.153287
7.87442 -0.120389
4.9111 3.18762
4.9116 3.18836
7.95073 0.339311
7.95065 0.338161
4.51902 1.90513
4.51434 1.87152
7.34284 -1.21573
7.95273 0.747766
7.95332 0.739926
5.45251 -2.45576
5.45179 -2.45558
5.25215 -2.32327
5.25343 -2.32442
5.25144 -2.32265
4.48003 1.5555
4.47961 1.55099
4.54176 2.06243
4.81697 3.0277
4.81403 3.02252
4.78135 -1.23282
4.754 -1.13705
5.49761 -2.46723
5.15744 -2.19696
5.10583 -2.10572
5.02084 -1.9329
5.02124 -1.93379
5.01118 3.31213
4.9489 3.23915
5.40195 3.54608
5.23963 3.4855
5.85817 -2.42043
5.8866 -2.41072
7.93753 0.208274
7.93727 0.206137
4.46141 1.29451
4.46162 1.30709
4.45205 0.931668
4.45197 0.913524
4.45262 0.786523
4.45183 0.804792
4.90728 -1.63277
4.89261 -1.59141
4.46974 1.42754
4.46942 1.42269
4.46983 0.403201
4.47034 0.395793
4.53509 2.02091
7.62466 -0.766883
7.65598 -0.705513
4.61972 2.45552
4.65005 2.5763
4.70206 2.74683
4.67716 2.66824
7.13758 2.70505
7.2136 2.61549
7.89123 1.192
7.9194 1.04134
7.21936 2.60818
7.34274 2.44487
7.44285 -1.07309
7.24796 -1.33672
7.22994 -1.35934
7.51156 2.17983
7.45531 2.27376
7.79 1.56388
7.81867 1.47452
7.95832 0.476741
7.95543 0.691661
5.53503 -2.47359
5.59024 -2.47592
4.83443 -1.41119
4.86241 -1.50187
7.89466 -0.0359206
7.88869 -0.0622981
5.04514 3.34604
5.20801 3.4691
5.58384 3.57092
5.65367 -2.47114
5.71005 -2.46374
7.94773 0.309135
7.95174 0.356668
7.95821 0.469146
4.9568 -1.77354
5.02069 -1.93252
4.52295 1.93515
7.68338 -0.650608
7.73471 -0.534977
7.54006 -0.919066
7.49281 -0.997812
7.95832 0.472218
4.82464 -1.37795
5.95029 -2.38354
5.9875 -2.36731
4.45683 0.641065
4.45622 0.656626
4.74154 2.85521
4.76156 2.90449
4.45616 1.15176
4.45661 1.16752
4.5562 -0.28238
4.73125 -1.05234
5.25049 -2.32153
5.08405 -2.06596
4.45302 1.04052
4.48088 0.265897
4.46175 0.526234
4.48208 0.254162
4.48098 0.264813
4.60623 2.39624
4.67186 2.65144
7.21392 2.61509
7.09591 2.7523
7.93661 0.921115
7.86997 1.28536
7.34803 2.43726
7.15086 -1.45197
7.32978 -1.23295
7.58817 2.03904
7.55116 2.10971
7.42996 2.31391
7.84113 1.39679
7.75785 1.65427
6.71947 3.10412
4.50295 1.78371
4.49327 1.69523
4.81285 3.0204
4.81011 3.01488
5.59468 3.57197
6.03865 -2.34237
4.50569 0.0446368
4.45244 0.76861
4.71583 2.78647
7.71852 1.75474
7.72776 1.73201
7.64306 1.92712
7.12254 -1.48412
7.94649 0.828238
4.46042 1.28123
5.37206 -2.4199
5.40605 -2.43724
6.60557 3.19001
5.02077 -1.93273
4.50995 1.8371
4.50615 1.80764
5.449 -2.45446
4.91189 3.18875
4.91301 3.19028
5.29127 -2.35973
6.66302 3.14754
6.81646 3.02403
7.68755 1.82937
7.75523 1.66131
7.75603 -0.48336
5.71193 3.56633
7.8826 -0.0876362
