4.5738 -1.41086
4.56768 -1.38363
8.03584 -0.307159
8.05319 -0.250457
4.66573 -1.79267
4.67509 -1.82792
4.24504 1.35827
4.24116 1.30841
4.23467 0.850279
4.23384 0.80467
6.85108 3.30029
6.81685 3.32859
4.35809 -0.435129
4.3721 -0.510703
4.30101 2.05996
4.3037 2.08341
4.86693 -2.58799
4.86147 -2.5629
4.28739 0.00819847
4.28526 0.0253953
4.26097 0.261956
4.26035 0.268517
7.82462 -0.831964
7.8567 -0.766952
5.34281 -3.13026
5.31051 -3.13952
6.42464 3.61518
6.43233 3.61052
7.83128 2.00299
7.86344 1.93112
4.36714 2.51398
4.36489 2.50014
5.03568 3.84831
5.04585 3.85387
4.84139 -2.48777
4.84333 -2.49385
7.13842 3.02892
7.20919 2.95465
8.11493 1.08827
8.09785 1.18331
5.28736 -3.14671
5.23716 -3.15373
7.44785 2.66073
7.4722 2.62804
4.62211 3.3972
4.65038 3.45243
4.72769 3.57329
4.74219 3.59369
5.52165 -3.05115
5.53771 -3.0414
7.97895 1.63304
8.00625 1.55071
8.16301 0.583897
8.16048 0.671589
4.92389 -2.78312
4.90065 -2.70388
5.1305 -3.13622
5.09547 -3.11301
5.05151 -3.06714
5.08094 -3.09789
4.98468 -2.9493
4.99529 -2.96792
4.9474 -2.84986
4.93236 -2.80601
4.69901 -1.92046
4.71212 -1.97711
4.64124 -1.68871
4.62272 -1.61183
6.64594 3.46396
6.60295 3.49481
5.9986 3.82937
6.012 3.82405
5.66706 3.92581
5.76611 3.90461
6.25154 3.71366
6.26566 3.70663
7.08087 3.08845
7.26894 2.8865
7.21711 2.94607
7.63387 -1.16389
7.65723 -1.12763
7.53268 -1.31321
7.54714 -1.29275
7.00905 -1.91867
7.06774 -1.86041
6.84434 -2.07529
6.87664 -2.04645
6.65909 -2.23869
6.64989 -2.24622
7.95723 -0.535265
7.93617 -0.589066
8.16113 0.425444
8.16081 0.41757
4.2581 1.61495
4.25803 1.61411
5.56708 3.9389
5.64432 3.9294
7.6942 -1.06794
7.74347 -0.983675
4.54781 3.22892
4.52681 3.17048
6.95265 3.21052
6.98558 3.17962
4.3227 2.22001
4.3311 2.27753
7.16157 -1.76035
7.2092 -1.70868
6.03412 -2.72765
6.07225 -2.69984
4.56342 -1.36503
4.56619 -1.37677
4.61169 -1.56841
4.23361 0.995303
4.23349 0.97728
4.2506 1.4925
4.25023 1.48581
5.87835 3.87285
5.84184 3.88284
4.39951 -0.643524
4.37997 -0.550613
4.24548 0.475738
4.24615 0.464592
5.49109 3.94371
5.47897 3.94439
4.33791 2.31451
4.34353 2.35774
4.32821 -0.267895
4.31916 -0.212631
7.91459 1.80801
7.94673 1.72432
7.73515 2.19917
7.77208 2.12707
4.38932 2.63604
4.40237 2.7052
4.92656 3.78128
4.9841 3.8195
5.15747 3.89861
5.17676 3.90522
5.3192 3.93552
5.36158 3.93971
8.05546 1.37315
8.06582 1.33261
7.3599 2.77719
7.40631 2.71728
7.48821 2.60543
7.53418 2.53862
6.92817 -1.99727
6.97268 -1.95542
7.60535 2.42797
7.64247 2.36709
4.6865 3.51277
4.65831 3.4657
4.57144 3.28581
4.58073 3.30966
4.72855 -2.04575
4.73817 -2.07857
4.78396 -2.25771
4.79176 -2.28618
4.74632 -2.11086
4.75591 -2.14776
8.03273 1.4599
8.00887 1.54269
5.86569 -2.84296
5.88841 -2.82832
5.69103 -2.95426
5.7503 -2.91769
6.52693 -2.34977
6.5319 -2.34588
8.06778 -0.197986
7.99901 -0.422215
7.97545 -0.486948
6.67068 3.4449
6.71154 3.41362
6.88607 3.2696
6.91941 3.24031
5.93927 3.85196
5.98929 3.83333
6.04431 3.81082
6.08838 3.79189
5.79453 3.89641
5.65254 3.92834
4.28423 1.91836
4.28588 1.93272
4.3137 2.15892
6.20967 3.73522
6.16034 3.75832
6.49081 3.57279
6.48747 3.57511
4.43434 2.85053
4.43757 2.86456
7.29407 2.85796
6.75785 -2.15278
6.77976 -2.13406
7.08746 -1.83958
4.69033 3.51961
8.15726 0.725558
8.15295 0.785141
6.33518 -2.5023
6.34132 -2.49768
6.46037 -2.40332
6.46836 -2.39703
6.58178 -2.30358
6.59549 -2.2923
6.71071 -2.19365
4.65107 -1.7294
8.16041 0.410336
8.16374 0.546246
4.51098 -1.14299
4.51701 -1.16824
4.48477 -1.03184
4.48716 -1.04211
4.24044 0.580669
4.23982 0.594997
4.47276 2.99755
4.46848 2.98354
7.41949 -1.46401
7.43468 -1.44494
7.32306 -1.58124
7.34754 -1.55249
4.43479 -0.807823
4.43088 -0.789726
4.45937 -0.920122
4.45847 -0.915934
4.23487 1.08699
4.23519 1.10428
6.1936 -2.61007
6.15939 -2.63617
8.01716 -0.368136
4.87842 3.74275
4.83438 3.70153
8.13757 0.153698
8.13624 0.144064
4.47194 -0.976072
4.47264 -0.979026
4.23676 0.723276
4.23442 0.769226
7.05356 3.11545
7.01889 3.14842
6.74881 3.38452
6.78093 3.35798
4.29789 2.03931
4.2932 1.99634
4.27474 1.81584
4.27371 1.80551
5.38135 -3.11627
5.4183 -3.10126
4.82393 -2.41776
4.82098 -2.40728
8.14395 0.872171
8.14896 0.829022
8.13382 0.960496
8.13979 0.91459
4.51334 3.13282
4.50567 3.10829
5.66997 -2.96772
5.61776 -2.99736
5.65407 -2.97764
5.79289 -2.89137
8.08786 -0.120103
7.93371 -0.595076
7.93147 -0.600698
6.54239 3.53798
6.55361 3.52989
8.16366 0.560778
4.27276 1.79604
4.26821 1.74191
7.27169 -1.64032
7.24461 -1.67069
5.93968 -2.79356
5.90903 -2.81406
8.13874 0.162076
8.1452 0.22035
4.68982 -1.88751
4.23983 1.23127
4.2401 1.28051
6.32142 3.67625
6.36919 3.64821
7.31392 2.83324
7.33652 2.80633
4.54908 3.23259
4.54992 3.23499
4.78198 3.64436
4.83402 3.70118
6.25626 -2.56316
6.27403 -2.54983
8.15181 0.286619
8.15134 0.281549
4.24084 1.29477
4.24653 1.41125
4.23434 0.786779
4.23352 0.895701
4.37783 -0.539874
4.35317 -0.408703
4.89433 -2.68644
4.88007 -2.63163
4.84835 -2.51217
4.84464 -2.49815
4.27228 0.142997
4.3011 -0.0942484
4.25193 0.377484
4.26839 0.182961
7.88048 -0.715845
7.80148 -0.87695
5.30465 -3.14209
5.35702 -3.12403
7.87449 1.90535
7.81871 2.03037
4.36422 2.49549
4.3828 2.6032
4.49498 3.07293
4.48625 3.04598
5.24654 3.923
5.20933 3.91358
8.1216 1.0472
8.09213 1.21217
5.1879 -3.15327
7.30256 -1.60532
4.65142 3.45411
4.61402 3.3823
5.58872 -3.01435
5.48667 -3.07012
4.92659 -2.78968
5.08671 -3.10587
5.16773 -3.14905
5.02764 -3.02874
5.02061 -3.01973
4.97016 -2.90932
4.95296 -2.86957
8.15228 0.291566
8.11706 0.0184275
8.12046 0.0370294
8.11227 -0.006201
7.76249 -0.949335
7.9086 -0.653026
7.68264 -1.08707
7.62311 -1.18061
7.58372 -1.23907
7.50587 -1.35092
6.39848 -2.45295
6.40482 -2.44807
4.49777 -1.08749
4.50195 -1.10518
4.25721 1.60229
4.26288 1.67826
4.45219 2.92319
4.45156 2.92104
7.37225 -1.52248
7.39158 -1.49903
5.98541 -2.76233
5.9483 -2.7875
6.03142 -2.72945
6.08283 -2.69258
4.52437 -1.19836
4.53906 -1.25971
4.23364 0.931786
4.23398 1.04078
4.24765 1.43163
4.25385 1.54996
4.33932 -0.329829
4.40976 -0.694355
4.24965 0.407917
4.24259 0.529801
5.43642 3.94376
5.51056 3.94259
5.39469 3.94287
4.30608 -0.12879
4.27191 0.146452
7.78489 2.10092
7.90616 1.82918
7.95165 1.71095
7.72365 2.22133
4.34908 2.39578
4.41814 2.7789
4.91869 3.77503
4.98487 3.82001
5.06327 3.86167
5.10993 3.88207
5.27671 3.92826
8.06802 1.32324
8.03571 1.44928
7.55056 2.5141
7.59227 2.44901
7.4247 2.69325
7.46496 -1.4058
7.48035 -1.38584
7.68904 2.285
7.64612 2.36089
4.59574 3.34119
4.80201 -2.32905
4.77411 -2.217
4.80932 -2.35536
8.00868 1.5433
5.90325 -2.81827
5.85035 -2.85269
6.09917 3.78742
6.3033 3.6861
4.42447 2.80922
4.44842 2.90879
6.27782 -2.54707
6.52219 -2.35367
6.64144 -2.25351
4.26337 1.68398
4.23833 0.64449
4.42241 -0.751736
4.44452 -0.852836
4.44695 -0.864065
4.46675 -0.953522
4.23663 1.15151
6.11271 -2.66992
4.2373 1.18366
4.23716 0.675738
5.43259 -3.09447
5.38067 -3.11653
6.43345 3.6098
5.4539 -3.08546
6.01686 -2.73987
4.41716 -0.72662
5.38031 -3.11664
6.37335 3.64575
7.6647 2.3284
4.76558 -2.18691
5.82808 -2.86732
8.09664 -0.0828443
6.12571 3.77481
4.28781 1.94875
4.42164 2.79577
