5.6522 1.20938
5.64915 1.19957
5.9009 -0.262165
5.85458 -0.210175
5.65809 0.189835
5.63546 0.287898
6.86213 0.747315
6.85481 0.829146
6.82222 0.267935
6.80706 0.216618
6.21546 -0.391817
6.13532 -0.387769
6.43725 -0.315328
6.44783 -0.30801
6.01611 -0.349123
6.10113 -0.38152
6.6917 -0.0462417
6.62397 -0.139163
5.77981 -0.0990478
5.82404 -0.173671
6.75137 1.18312
6.75531 1.17379
6.69295 -0.0442145
6.74272 0.0508195
5.69426 0.0862076
5.66098 0.180165
5.84625 1.57031
5.8335 1.55597
6.06044 1.69233
6.03058 1.6852
6.55083 1.49124
6.47063 1.5625
6.27343 1.67732
6.22931 1.68732
6.60952 1.42055
6.57069 1.46907
6.86471 0.522461
6.86047 0.474517
6.83555 0.920389
6.82932 0.949706
6.86885 0.658618
6.86909 0.653296
6.40457 1.61401
6.36591 1.63538
6.69864 1.28731
6.68489 1.31123
5.75169 1.44223
5.75854 1.45313
6.56101 1.48022
6.55766 1.48422
6.18491 1.69695
6.85375 0.835807
6.85324 0.839062
6.82001 0.986692
6.81473 1.00596
6.63537 1.38499
6.65926 1.35105
5.68458 1.29958
5.71149 1.36109
5.61022 1.01557
5.60486 0.983126
5.60616 0.453849
5.60827 0.437339
5.58915 0.793512
5.58761 0.749999
5.72628 1.39572
5.74549 1.43214
5.5928 0.576346
5.59429 0.558723
6.15257 1.70023
6.11064 1.69903
6.32293 -0.371753
6.32081 -0.372186
6.49654 -0.268666
6.54746 -0.22693
5.93189 1.64131
5.93772 1.6454
5.83302 -0.184926
5.91903 -0.281192
5.62372 0.342162
5.65974 0.184145
6.7861 0.155481
6.84109 0.347722
6.11294 -0.385584
6.32385 -0.371376
6.55989 -0.214778
5.98609 -0.329208
5.97222 1.66014
5.88771 1.60464
6.6922 -0.0455255
5.73487 -0.0187606
6.73608 1.21514
6.79333 1.0747
6.75587 0.080461
5.73117 -0.0103707
5.72753 -0.00158837
5.61492 0.393779
5.782 1.49055
6.84909 0.389604
6.8675 0.597676
6.86879 0.666811
6.79934 1.05615
6.81038 1.0218
6.70634 1.27428
5.60198 0.958511
5.62383 1.09331
5.60048 0.502676
5.59272 0.868733
5.58826 0.651641
5.58902 0.627239
5.59872 0.514664
5.58875 0.639118
5.59694 0.904556
5.64799 1.19446
5.64469 1.18139
6.85158 0.847589
