4.57333 -1.38407
4.57247 -1.38025
8.02899 -0.313359
8.04791 -0.251511
4.66838 -1.77786
4.68248 -1.83098
4.25022 1.35826
4.24612 1.30553
4.23981 0.850273
4.23893 0.801709
6.8503 3.29407
6.81343 3.32456
4.36272 -0.432506
4.37346 -0.49043
4.30668 2.06002
4.30979 2.0872
4.873 -2.57318
4.86957 -2.55746
4.29308 0.00470651
4.29016 0.0281729
4.26527 0.269714
4.26513 0.271221
7.81875 -0.833136
7.85336 -0.763007
5.34011 -3.11271
5.32031 -3.11839
7.82603 2.00348
7.8603 1.9269
5.03467 3.83649
5.0506 3.84519
4.84725 -2.47625
4.85119 -2.48858
7.13661 3.02346
7.20368 2.95309
8.11097 1.08435
8.0926 1.18661
5.27808 -3.12457
5.23363 -3.13079
7.44408 2.65775
7.46641 2.62777
4.63323 3.40059
4.65699 3.44701
4.74123 3.57741
4.74162 3.57796
5.51846 -3.03941
5.52254 -3.03693
7.97537 1.6295
7.98441 1.60224
8.15795 0.594652
8.15565 0.674629
4.93064 -2.76662
4.91112 -2.70007
5.15101 -3.1162
5.13013 -3.10237
5.06735 -3.05169
5.0908 -3.0762
4.99337 -2.9301
5.01154 -2.962
4.95945 -2.84547
4.95485 -2.83207
4.70633 -1.92268
4.71837 -1.97471
4.65069 -1.70281
4.62945 -1.61462
6.64516 3.45773
6.59937 3.49059
5.99385 3.82413
6.00203 3.82088
5.68113 3.91505
5.76487 3.89712
6.24726 3.70869
6.26482 3.69995
7.07531 3.08687
7.2636 2.88499
7.21528 2.94052
7.63059 -1.16001
7.66067 -1.11333
7.52954 -1.30951
7.54071 -1.29369
7.00314 -1.9175
7.06636 -1.85475
6.83789 -2.07401
6.87522 -2.04067
6.65925 -2.23137
6.64635 -2.24192
7.95376 -0.531175
7.93496 -0.579219
8.15645 0.429827
8.15587 0.415718
4.26371 1.61843
4.26336 1.61413
5.57188 3.93013
5.63426 3.92246
7.68801 -1.06917
7.74024 -0.979863
4.53428 3.16994
4.55268 3.22111
6.95187 3.20425
6.97985 3.178
4.32891 2.22387
4.33628 2.2743
7.16018 -1.75464
7.2051 -1.70591
5.976 -2.75962
5.98427 -2.75394
6.03431 -2.71865
6.0665 -2.69517
4.57187 -1.37764
4.57226 -1.37929
4.61679 -1.5648
4.23863 0.992383
4.23853 0.977274
4.25552 1.48964
4.25531 1.48583
5.87713 3.86553
5.82889 3.87873
4.40425 -0.64084
4.38606 -0.554352
4.25068 0.472546
4.25116 0.46451
5.48971 3.93542
5.4837 3.93575
4.34369 2.31457
4.34982 2.36164
4.33402 -0.271463
4.32395 -0.209923
7.90953 1.80848
7.94351 1.71999
7.7297 2.19969
7.76901 2.12293
4.36894 2.48888
4.37024 2.49681
4.39641 2.64045
4.40798 2.70171
4.93128 3.77267
4.9401 3.77853
5.17347 3.89395
5.18144 3.89668
5.32388 3.92697
5.35075 3.92963
8.05957 1.33874
8.06208 1.32891
7.35805 2.77158
7.40034 2.71699
7.48631 2.59966
7.5285 2.53835
6.92198 -1.99604
6.97128 -1.94969
7.60225 2.4238
7.63698 2.36683
4.58077 3.28865
4.58697 3.30456
5.41074 -3.08803
5.42145 -3.08417
4.73347 -2.03776
4.74562 -2.07922
4.78939 -2.24889
4.79979 -2.28688
4.75591 -2.12
4.76329 -2.1484
8.02769 1.46038
8.00506 1.53891
5.86419 -2.8341
5.89919 -2.81153
5.66894 -2.95705
5.74779 -2.9084
6.52322 -2.34525
6.53207 -2.33834
8.06382 -0.194279
7.99526 -0.418706
7.97003 -0.488029
6.6642 3.44306
6.70804 3.40951
6.88012 3.26791
6.91604 3.23635
5.95762 3.83792
5.98816 3.82654
6.04318 3.80403
6.07864 3.78879
5.78889 3.89019
5.6512 3.92027
4.28937 1.91516
4.29138 1.93277
4.31887 2.15569
6.20883 3.72848
6.15128 3.75544
6.43151 3.60394
6.4257 3.60734
6.48711 3.56849
6.48668 3.56879
4.44198 2.85529
4.44308 2.86004
7.29224 2.85244
6.75113 -2.15144
6.77833 -2.12821
7.08179 -1.83845
4.7371 3.57147
8.1527 0.72385
8.14805 0.78822
6.32709 -2.50069
6.34149 -2.48985
6.45283 -2.40182
6.46853 -2.38945
6.5747 -2.30217
6.59565 -2.28495
6.70727 -2.18947
4.65779 -1.73218
8.15515 0.402756
8.15892 0.544439
4.51572 -1.13964
4.5225 -1.16806
4.48951 -1.02849
4.49264 -1.04192
4.24534 0.583514
4.24485 0.594915
4.48159 3.00304
4.47547 2.98303
7.41243 -1.46505
7.43063 -1.44221
7.31576 -1.58232
7.34349 -1.54976
4.43932 -0.804626
4.43606 -0.789554
4.46392 -0.916912
4.46367 -0.915762
4.23997 1.08994
4.24024 1.10427
6.18848 -2.60591
6.16791 -2.6216
8.01188 -0.369189
4.88416 3.73491
4.84515 3.6984
8.1324 0.15176
8.13012 0.135239
4.47667 -0.972732
4.47811 -0.978844
4.2419 0.72327
4.23941 0.77212
7.05278 3.10916
7.01558 3.14452
6.74802 3.37828
6.77473 3.35622
4.30306 2.03608
4.29873 1.99639
4.2805 1.81942
4.27912 1.80556
4.83142 -2.41274
4.82671 -2.39603
8.13929 0.871686
8.14472 0.824829
8.12973 0.956451
8.13476 0.917749
4.51927 3.12796
4.51295 3.10776
5.66736 -2.95806
5.60783 -2.9905
5.66616 -2.95881
5.80443 -2.8734
8.08241 -0.122145
7.93016 -0.5909
7.92581 -0.601826
6.5416 3.53172
6.54681 3.52797
8.15882 0.563821
4.27785 1.79287
4.27357 1.74196
7.26426 -1.64141
7.24323 -1.66501
5.93827 -2.78531
5.90282 -2.80902
8.13441 0.166126
8.14022 0.218481
4.69588 -1.88518
4.24499 1.23127
4.24528 1.28352
6.32059 3.66958
6.36127 3.64569
7.31009 2.83022
7.33041 2.80604
4.78915 3.63849
4.83351 3.68691
6.22615 -2.57771
6.26888 -2.54565
8.14679 0.284735
8.14573 0.273462
4.24586 1.29477
4.2518 1.4143
4.23935 0.786773
4.23858 0.898638
4.38264 -0.537152
4.35895 -0.412252
4.90062 -2.67108
4.88882 -2.62576
4.86135 -2.52569
4.85384 -2.49728
4.27787 0.139562
4.30595 -0.0915021
4.2563 0.385386
4.26697 0.251574
7.87477 -0.716985
7.7982 -0.873083
5.30169 -3.12281
5.34467 -3.11071
7.86933 1.90584
7.81561 2.02619
4.37075 2.49956
4.38833 2.59975
4.50415 3.07864
4.4934 3.04546
5.25125 3.9144
5.19489 3.90014
8.11648 1.05042
8.08828 1.20837
5.21115 -3.13058
7.29851 -1.60259
4.66374 3.45786
4.62044 3.37704
4.55759 3.23361
4.56174 3.24372
5.58576 -3.00342
5.50957 -3.04423
4.93837 -2.78539
5.10453 -3.08847
5.16414 -3.12072
5.05461 -3.0312
5.02982 -2.9994
4.984 -2.90428
4.96114 -2.85149
8.14783 0.295734
8.11173 0.0164309
8.11622 0.0409926
8.10542 -0.0160881
7.75648 -0.950534
7.90519 -0.649012
7.67946 -1.08332
7.61673 -1.18154
7.58051 -1.23529
7.50882 -1.33866
6.39063 -2.45139
6.40499 -2.44035
4.50252 -1.08414
4.50744 -1.105
4.2592 1.55402
4.26823 1.67828
4.46076 2.92853
4.45844 2.92054
7.36508 -1.52354
7.38752 -1.4963
5.9422 -2.78255
5.98561 -2.75308
6.02542 -2.72458
6.08302 -2.68384
4.52909 -1.19503
4.54519 -1.26225
4.23869 0.928849
4.23902 1.04077
4.25259 1.42876
4.25894 1.54998
4.34402 -0.327173
4.41579 -0.698055
4.25486 0.40472
4.24762 0.529719
5.43497 3.93503
5.49936 3.93486
5.3994 3.93428
4.31184 -0.132326
4.27685 0.149246
7.77954 2.10143
7.90299 1.8249
7.94667 1.71142
7.72059 2.21722
4.35432 2.39252
4.42547 2.78346
4.93007 3.77172
4.9896 3.81139
5.07788 3.85742
5.11463 3.87348
5.29693 3.92237
8.06261 1.32663
8.03187 1.44548
7.54863 2.50822
7.58674 2.44874
7.42283 2.68759
7.458 -1.40682
7.47712 -1.38203
7.68389 2.28475
7.64298 2.35666
4.60587 3.34428
4.69712 3.51405
4.55603 3.23
4.80767 -2.31985
4.78183 -2.21767
4.81774 -2.35609
8.00354 1.54379
5.9018 -2.80976
5.84054 -2.84909
6.09806 3.78075
6.29503 3.68347
4.42991 2.80476
4.44676 2.87505
6.27799 -2.539
6.51478 -2.3522
6.63452 -2.25213
4.26902 1.68749
4.24327 0.647356
4.42692 -0.748552
4.4497 -0.852664
4.45147 -0.860869
4.46594 -0.92608
4.24176 1.15448
6.10724 -2.66548
4.24231 1.18074
4.24233 0.672732
5.37821 -3.10054
5.45025 -3.072
4.4223 -0.726449
5.35216 -3.10834
6.36925 3.64099
7.67345 2.30337
4.77073 -2.17853
5.82655 -2.85829
8.09258 -0.0790406
6.12114 3.76978
4.29375 1.95244
6.47823 3.57422
4.42793 2.79531
