4.57396 -1.42027
4.566 -1.38482
8.03825 -0.304981
8.05505 -0.250087
4.66481 -1.79788
4.6725 -1.82684
4.24321 1.35827
4.23942 1.30943
4.23286 0.850281
4.23205 0.805711
6.85135 3.30248
6.81806 3.33001
4.35646 -0.43605
4.37163 -0.517826
4.29902 2.05994
4.30155 2.08208
4.86481 -2.59319
4.85862 -2.56481
4.2854 0.00942537
4.28353 0.0244195
4.25946 0.25923
4.25867 0.267567
7.82668 -0.831553
7.85788 -0.768338
5.34375 -3.13642
5.31522 -3.1446
6.40958 3.62669
6.43261 3.61275
7.83312 2.00281
7.86454 1.9326
4.36651 2.5227
4.36304 2.5013
5.03604 3.85246
5.04418 3.85691
4.83933 -2.49181
4.84057 -2.4957
7.13905 3.03084
7.21113 2.9552
8.11632 1.08964
8.09969 1.18215
5.27751 -3.15633
5.2384 -3.1618
7.44918 2.66177
7.47423 2.62814
4.61821 3.39601
4.64413 3.44665
4.72293 3.57184
4.74238 3.59922
5.52276 -3.05528
5.54304 -3.04297
8.00984 1.54493
7.98021 1.63429
8.16478 0.580118
8.16218 0.670521
4.92152 -2.78891
4.89698 -2.70522
5.12329 -3.14325
5.0971 -3.1259
5.04595 -3.07257
5.06915 -3.09681
4.98163 -2.95604
4.98958 -2.97
4.94317 -2.8514
4.92446 -2.79686
4.69643 -1.91968
4.70992 -1.97795
4.63792 -1.68376
4.62035 -1.61085
6.64621 3.46614
6.60421 3.49629
6.00027 3.83121
6.01551 3.82517
5.66212 3.92959
5.76655 3.90723
6.25304 3.71541
6.26595 3.70898
7.08282 3.089
7.27082 2.88704
7.21775 2.94803
7.63503 -1.16525
7.65603 -1.13266
7.53378 -1.31451
7.54939 -1.29242
7.01112 -1.91908
7.06823 -1.8624
6.84661 -2.07574
6.87713 -2.04848
6.65903 -2.24126
6.65113 -2.24773
7.95845 -0.536701
7.9366 -0.592526
8.16278 0.423904
8.16254 0.418221
5.56539 3.94198
5.64786 3.93184
7.69637 -1.0675
7.74461 -0.985014
4.54434 3.22676
4.52418 3.17067
6.95293 3.21272
6.98759 3.18019
4.32052 2.21866
4.32928 2.27866
7.16206 -1.76235
7.21064 -1.70965
6.03405 -2.73081
6.07427 -2.70148
4.56045 -1.3606
4.56405 -1.37589
4.60989 -1.56967
4.23185 0.996328
4.23172 0.977282
4.24887 1.49351
4.24845 1.4858
5.87878 3.87543
5.84639 3.88429
4.39785 -0.644467
4.37783 -0.549299
4.24365 0.476859
4.24438 0.464621
5.49157 3.94663
5.47731 3.94742
4.33587 2.31449
4.34133 2.35637
4.32617 -0.266641
4.31748 -0.213582
7.91637 1.80784
7.94786 1.72584
7.73707 2.19899
7.77316 2.12852
4.38683 2.63449
4.4004 2.70643
4.98068 3.82135
4.92491 3.78431
5.15185 3.90025
5.17512 3.90822
5.31756 3.93852
5.36538 3.94325
8.05402 1.38524
8.06713 1.33391
7.36055 2.77916
7.40841 2.71738
7.48888 2.60745
7.53617 2.53872
6.93034 -1.9977
6.97317 -1.95743
7.60644 2.42944
7.64439 2.36719
4.68231 3.51149
4.64806 3.45432
4.56816 3.28481
4.57854 3.31145
4.72682 -2.04855
4.73556 -2.07834
4.78206 -2.2608
4.78894 -2.28594
4.74295 -2.10765
4.75331 -2.14754
8.0345 1.45973
8.01258 1.53579
5.86622 -2.84608
5.88462 -2.83421
5.69879 -2.95328
5.75119 -2.92095
6.52824 -2.35135
6.53184 -2.34853
8.06917 -0.199289
8.00033 -0.423449
7.97735 -0.486568
6.67295 3.44555
6.71277 3.41507
6.88816 3.27019
6.92059 3.2417
5.93282 3.85689
5.98969 3.83571
6.04471 3.81321
6.0918 3.79298
5.79651 3.89859
5.65301 3.93118
4.28243 1.91948
4.28394 1.9327
4.31188 2.16005
6.20997 3.73759
6.16353 3.75934
6.49211 3.5743
6.48775 3.57732
4.43165 2.84886
4.43563 2.86614
7.29471 2.8599
6.76021 -2.15325
6.78027 -2.13612
7.08946 -1.83997
4.68794 3.52156
8.15885 0.726158
8.15467 0.784059
6.33803 -2.50286
6.34126 -2.50043
6.46303 -2.40384
6.4683 -2.39969
6.58426 -2.30407
6.59544 -2.29489
6.71191 -2.19511
4.64871 -1.72842
8.16225 0.413
8.16543 0.54688
4.50932 -1.14416
4.51508 -1.1683
4.4831 -1.03302
4.48523 -1.04217
4.25616 1.61375
4.25619 1.6141
4.23871 0.57967
4.23805 0.595025
4.46966 2.99562
4.46602 2.98372
7.42197 -1.46365
7.43611 -1.4459
7.32562 -1.58087
7.34897 -1.55345
4.4332 -0.808946
4.42906 -0.789787
4.45777 -0.921251
4.45664 -0.915995
4.23308 1.08595
4.23342 1.10428
6.1954 -2.61153
6.15639 -2.64129
8.01902 -0.367765
4.87641 3.74551
4.8342 3.706
8.13938 0.154379
8.13839 0.147165
4.47028 -0.977245
4.47071 -0.97909
4.23496 0.723278
4.23267 0.76821
7.05384 3.11766
7.02005 3.14979
6.74908 3.38671
6.78311 3.35859
4.29607 2.04044
4.29126 1.99632
4.27272 1.81458
4.27181 1.80549
5.38839 -3.11902
5.41911 -3.10654
4.8213 -2.41952
4.81897 -2.41123
8.1456 0.872341
8.15045 0.830495
8.13525 0.961917
8.14155 0.913479
4.51126 3.13453
4.50311 3.10848
5.67089 -2.97111
5.62125 -2.99978
5.64982 -2.98425
5.78883 -2.89769
8.08977 -0.119386
7.93495 -0.596543
7.93346 -0.600301
6.54266 3.54018
6.55599 3.53057
8.16536 0.559709
4.27098 1.79716
4.26633 1.74189
7.2743 -1.63994
7.2451 -1.67269
5.94017 -2.79646
5.91121 -2.81583
8.14026 0.160652
8.14695 0.221007
4.6877 -1.88832
4.23801 1.23127
4.23827 1.27946
6.32172 3.67859
6.37197 3.64909
7.31527 2.8343
7.33867 2.80643
4.54643 3.23278
4.5478 3.23673
4.77946 3.64643
4.82848 3.69994
6.26684 -2.55805
6.27584 -2.5513
8.15358 0.287281
8.15331 0.28439
4.23907 1.29477
4.24468 1.41017
4.23258 0.786781
4.23174 0.89467
4.37614 -0.54083
4.35114 -0.407457
4.89212 -2.69183
4.877 -2.63369
4.84378 -2.50742
4.84141 -2.49845
4.27031 0.144203
4.29939 -0.0952134
4.25039 0.374708
4.26889 0.158854
7.88249 -0.715444
7.80263 -0.878308
5.30568 -3.14879
5.36135 -3.1287
7.8763 1.90518
7.8198 2.03183
4.36199 2.49411
4.38085 2.60441
4.49176 3.07093
4.48374 3.04616
5.24489 3.92602
5.2144 3.9183
8.12339 1.04607
8.09348 1.21351
5.17973 -3.16125
7.30399 -1.60628
4.64736 3.45287
4.61176 3.38415
5.58976 -3.0182
5.47862 -3.07922
4.92246 -2.79119
5.08026 -3.11217
5.16899 -3.159
5.01816 -3.02788
5.01738 -3.02687
4.9653 -2.91109
4.95008 -2.87592
8.15384 0.290102
8.11893 0.019129
8.12194 0.035637
8.11468 -0.00272714
7.7646 -0.948914
7.90979 -0.654437
7.68376 -1.08839
7.62535 -1.18028
7.58484 -1.24039
7.50484 -1.35522
6.40123 -2.45349
6.40477 -2.45078
4.4961 -1.08866
4.50002 -1.10524
4.261 1.67825
4.25653 1.61899
4.44918 2.92132
4.44915 2.92122
7.37477 -1.52211
7.393 -1.49999
5.98534 -2.76557
5.95045 -2.78924
6.03352 -2.73116
6.08277 -2.69565
4.52271 -1.19953
4.53691 -1.25882
4.23187 0.932818
4.23221 1.04078
4.24591 1.43264
4.25207 1.54995
4.33767 -0.330763
4.40764 -0.693055
4.24783 0.40904
4.24082 0.529829
5.43693 3.94683
5.51449 3.9453
5.39303 3.94589
4.30406 -0.127547
4.27018 0.14547
7.78677 2.10075
7.90728 1.83068
7.95341 1.71078
7.72472 2.22277
4.34724 2.39693
4.41557 2.7773
4.91469 3.7762
4.98322 3.82304
5.05814 3.86316
5.10827 3.88508
5.2696 3.93033
8.06992 1.32204
8.03706 1.45061
7.55125 2.51616
7.59421 2.4491
7.42535 2.69524
7.4674 -1.40544
7.48149 -1.38718
7.69085 2.28509
7.64723 2.36238
4.59218 3.34011
4.80002 -2.33228
4.7714 -2.21676
4.80636 -2.3551
8.01042 1.54314
5.90376 -2.82126
5.8538 -2.85396
6.09956 3.78976
6.3062 3.68702
4.42256 2.81079
4.449 2.92065
6.27776 -2.5499
6.5248 -2.35419
6.64387 -2.25399
4.26139 1.68275
4.23659 0.643483
4.42082 -0.752855
4.44269 -0.852896
4.44536 -0.865187
4.46704 -0.963164
4.23483 1.15046
6.11463 -2.67148
4.23554 1.18468
4.23535 0.676793
5.38156 -3.1223
5.43994 -3.09663
6.43594 3.6106
5.45518 -3.09019
6.0307 -2.73318
4.41535 -0.72668
6.37479 3.64743
4.9949 3.82955
7.66163 2.3372
4.76377 -2.18986
8.01016 1.54396
5.82862 -2.8705
8.09807 -0.0841807
6.12731 3.77658
4.28572 1.94745
4.8317 3.70355
4.41943 2.79593
