5.78778 2.20657
5.86898 2.2378
6.79606 -0.566841
6.76862 -0.598605
6.55044 -0.800255
6.60332 -0.757961
7.10118 1.23893
7.0896 1.27482
6.92898 1.61804
6.89764 1.6687
6.12155 -0.969761
6.13312 -0.968262
5.24892 0.541756
5.24653 0.574732
6.2009 2.24042
6.24967 2.22377
6.41638 2.14908
6.44688 2.12975
6.32213 -0.926522
6.40331 -0.889924
5.89509 2.24661
5.99105 2.26154
6.88734 -0.445486
6.9086 -0.414743
5.2464 0.960678
5.24482 0.923487
5.26884 1.19061
5.25836 1.10242
7.16174 1.0181
7.17099 0.972925
5.50298 -0.491456
5.52938 -0.541184
5.60364 -0.663082
5.56863 -0.611754
5.36547 1.62633
5.39273 1.70326
5.30713 1.41436
5.30208 1.38901
5.54101 1.98573
5.5942 2.05489
5.44195 1.81774
5.41423 1.75879
5.67424 2.13165
5.6255 2.08555
6.63929 1.98297
6.6327 1.989
7.00392 1.47797
6.96347 1.55759
5.74809 -0.830428
5.73481 -0.817724
5.93198 -0.941318
5.93426 -0.94197
7.13497 0.0843807
7.10549 -0.0098981
7.04754 -0.156686
7.01961 -0.217266
5.4001 -0.243273
5.42243 -0.303349
5.35481 -0.0921451
5.34822 -0.0683009
5.30845 0.10209
5.29874 0.150967
5.24138 0.776627
5.24196 0.836916
5.27052 0.328178
5.25716 0.44059
7.20258 0.482903
7.20554 0.576085
7.16805 0.220444
7.18692 0.328427
7.1371 1.11897
7.12798 1.15409
7.08473 1.28857
7.05838 1.35682
7.18793 0.876651
7.15032 1.06908
6.62231 1.99793
6.70487 1.91585
6.77366 1.83961
6.47354 2.11175
6.49851 2.09608
6.80604 1.79786
6.81489 1.78646
5.37308 -0.155065
5.38469 -0.194993
7.19611 0.799478
7.20088 0.748386
5.2414 0.766956
5.24184 0.706615
5.76952 2.19623
5.88849 2.24526
6.72488 -0.645523
6.8412 -0.50918
6.66992 -0.701219
6.51005 -0.827357
5.25571 1.07682
5.2467 0.965384
5.48091 -0.447108
5.46022 -0.399029
5.33331 1.52228
5.33903 1.54135
5.48735 1.9044
5.50232 1.92992
6.77442 1.83873
6.7739 1.83933
6.88008 1.69507
6.95334 1.57633
5.66198 -0.742252
5.67659 -0.75743
5.83927 -0.897013
5.92423 -0.93762
6.21817 -0.957187
6.10428 -0.969201
7.09661 -0.0345769
7.06516 -0.116103
5.33031 -0.0030398
5.33158 -0.00804247
5.24635 0.577781
5.25622 0.450142
7.18957 0.347438
7.20056 0.453532
6.08831 2.26103
6.09504 2.26078
6.10006 2.25984
6.30799 2.20348
6.43571 -0.874061
6.2659 -0.94352
5.68901 2.1441
6.68974 -0.681934
6.93273 -0.376533
6.96947 -0.313978
5.24203 0.841485
5.27643 1.24312
7.18794 0.876575
7.18793 0.87663
5.44327 -0.35711
5.45405 -0.384192
5.55093 -0.581014
5.65865 -0.738509
5.40164 1.72779
5.32238 1.48043
5.28599 1.30319
5.60148 2.06266
5.47144 1.87445
7.02848 1.42575
6.83738 1.75575
7.04105 1.3978
5.82263 -0.885759
6.02617 -0.96413
6.98647 -0.282328
7.14002 0.10193
7.16385 0.200547
5.38792 -0.20541
5.32826 0.00552942
5.36605 -0.131644
5.28883 0.208487
5.24137 0.771778
5.27453 0.29935
5.24195 0.702221
7.20561 0.6283
7.204 0.683384
7.05109 1.37564
6.56272 2.04752
6.52606 2.07717
6.33915 2.18911
7.20265 0.721057
7.11543 1.19807
6.3708 2.17262
6.39408 2.16132
6.52218 2.07986
