4.68986 -1.18948
4.69811 -1.21974
5.42487 -2.64261
5.42827 -2.64278
5.06012 -2.29171
5.06022 -2.2919
5.85298 -2.5563
5.93432 -2.51848
5.21112 -2.52173
5.20541 -2.51621
5.11035 -2.38447
5.13153 -2.41552
7.99648 0.164558
7.99796 0.176027
4.61086 -0.878019
4.62943 -0.953867
4.51865 -0.460151
4.55667 -0.645585
4.46454 2.06164
4.46489 2.06467
4.55615 2.54991
4.56864 2.60157
7.30466 2.60978
7.36394 2.53043
7.43661 -1.20002
7.44836 -1.18337
7.30027 -1.37952
7.32989 -1.34283
6.98765 -1.72511
7.0256 -1.68803
6.40977 -2.21981
6.41609 -2.21494
5.64242 -2.63057
5.65022 -2.62934
4.79011 -1.55039
4.76617 -1.46962
4.8443 -1.72798
4.83601 -1.70014
7.85714 -0.400063
7.8482 -0.425338
4.9074 3.3754
4.85364 3.30375
5.1646 3.59086
5.19961 3.60897
4.9568 3.43197
4.98677 3.46108
5.28098 3.64003
5.31016 3.65122
5.99617 -2.48581
6.03914 -2.46164
8.01146 0.297757
8.01023 0.28238
6.81708 3.11988
6.80664 3.12885
6.58195 3.30152
6.6036 3.28659
5.72795 3.6753
5.72339 3.67582
4.44938 1.94488
4.44807 1.93438
4.48678 2.1971
4.48407 2.18218
7.64606 -0.867589
7.64563 -0.868383
7.76218 -0.634473
7.75599 -0.648283
5.9572 3.62205
6.02566 3.59781
6.40789 3.41548
6.33014 3.45927
6.17077 3.54061
6.18453 3.53457
7.14983 2.79624
7.08487 2.86665
6.97723 2.97394
7.00543 2.94724
7.389 -1.26551
7.40749 -1.24038
7.53694 -1.04967
7.50687 -1.09672
6.64627 -2.03598
6.63902 -2.04223
6.82437 -1.88202
6.83433 -1.8734
8.02277 0.530086
8.02288 0.584278
8.01601 0.763443
8.0161 0.762341
4.73903 -1.37061
4.76308 -1.45829
4.91466 -1.94033
4.92025 -1.95484
4.76604 3.15797
4.73535 3.09582
5.4584 3.68128
5.50648 3.68524
5.72274 -2.6072
5.7396 -2.60247
4.65165 -1.0437
4.64991 -1.0367
4.64112 2.85518
4.63863 2.84832
7.72439 1.90346
7.71696 1.92017
4.80379 3.22696
4.81776 3.2499
6.11186 -2.4183
6.16757 -2.38472
6.19943 -2.36386
6.2802 -2.31106
5.42078 -2.64201
5.36575 -2.62373
5.33333 -2.61289
5.33544 -2.61397
5.26284 -2.5686
5.02167 -2.20832
4.99912 -2.1582
5.15566 -2.45337
5.20159 -2.51108
4.38334 0.908155
4.3835 0.850104
4.38431 1.03459
4.38364 0.977104
4.39883 1.40623
4.39588 1.35822
4.40725 1.52649
4.40435 1.48652
4.48841 -0.301881
4.50199 -0.374575
4.55991 -0.661045
4.40319 0.378874
4.40689 0.331674
4.3942 0.51491
4.39733 0.462131
4.45539 -0.0949846
4.46097 -0.132351
4.42144 0.176895
4.42908 0.10682
5.84832 3.65276
5.8421 3.6543
6.29664 3.47848
6.18929 3.53216
4.54116 2.48067
4.52442 2.4007
4.60795 2.74838
4.60293 2.73001
7.20113 2.73699
7.22856 2.70484
7.99383 0.9685
7.98792 1.01005
7.95006 1.21811
7.9349 1.28573
6.7376 -1.95945
6.74151 -1.956
7.06591 -1.64599
6.93044 -1.78265
7.51353 2.30442
7.47976 2.35927
7.59283 2.16725
7.5773 2.1953
7.42994 2.43582
7.44277 2.41655
7.88443 1.47385
7.89683 1.43187
7.82955 1.6413
7.83903 1.61461
6.42236 -2.21003
6.53671 -2.12388
6.35049 -2.26171
5.51991 -2.64931
5.55991 -2.64587
7.93501 -0.145847
7.94519 -0.10627
7.89611 -0.281796
7.90771 -0.243966
7.88555 -0.316
7.81754 -0.504507
7.81166 -0.519626
4.91388 3.38426
6.90815 3.03944
6.86803 3.07536
6.77634 3.15404
6.75314 3.17278
6.69798 3.21623
6.65819 3.24634
6.51832 3.34588
4.43818 1.85493
4.44171 1.88493
4.4563 1.99801
4.47089 2.10279
4.5042 2.2991
5.84023 3.65464
5.83664 3.65539
6.07133 3.58205
6.45958 3.38274
6.43232 3.4001
6.18662 3.53351
7.04441 2.9079
6.92491 3.02454
6.55145 -2.11182
6.73717 -1.95984
6.90765 -1.80389
7.11986 -1.58974
8.02024 0.674159
8.01572 0.76715
6.54425 -2.11773
4.7308 3.08693
4.79455 3.20981
8.02086 0.440461
8.0227 0.493337
4.42385 1.71788
4.42621 1.74314
4.41153 1.57872
4.41442 1.61483
4.38747 0.665899
4.38566 0.722925
4.3929 0.53896
4.39033 0.592547
7.77701 1.77963
7.75951 1.8226
7.68651 1.98496
7.6706 2.0181
4.70129 3.01664
4.68167 2.96803
7.20302 -1.49583
7.22532 -1.47021
4.59417 -0.807533
4.38789 1.17569
4.3898 1.2311
4.38454 1.04675
4.38578 1.1041
5.67031 3.68205
5.62939 3.68585
4.56137 -0.667816
4.56505 -0.68432
4.70636 3.02996
4.72299 3.06943
7.1629 2.78179
7.17031 2.77341
7.15098 -1.55501
7.17973 -1.52263
7.13347 -1.57459
4.93725 -2.00251
4.94528 -2.0229
8.02112 0.650372
4.91839 3.38969
5.11579 3.56261
5.09454 3.54904
5.73181 3.6747
5.78509 3.66555
7.97851 0.0520837
7.97507 0.0309732
4.46402 2.05817
8.00829 0.851419
4.71436 -1.2801
4.66605 -1.10063
4.817 -1.63933
4.79901 -1.57899
4.96003 -2.06429
4.97097 -2.09082
5.02865 -2.22527
5.06026 -2.29197
5.07391 3.53375
5.01756 3.48924
5.81688 -2.57315
5.94105 -2.51479
8.00433 0.231294
7.99515 0.154332
4.39416 1.29459
4.39502 1.34586
4.38359 0.971514
4.38335 0.913604
4.38598 0.786601
4.38348 0.844578
4.40283 1.46648
4.3999 1.42237
4.39833 0.447115
4.40177 0.396908
5.53478 3.68701
5.61232 3.68669
4.43672 0.041994
4.44383 -0.0134427
7.70745 -0.750365
7.70251 -0.760337
4.57542 2.62691
4.54542 2.50183
7.97401 1.09535
7.96478 1.14577
7.29697 2.61962
7.36878 2.5238
7.48749 -1.12568
7.43024 -1.20896
7.34537 -1.32241
7.2745 -1.41184
7.5537 2.23653
7.52985 2.27735
7.85823 1.55746
7.86901 1.52431
5.68337 -2.61978
5.60521 -2.63919
4.7638 -1.46105
4.86769 -1.80326
5.21326 3.61493
5.14575 3.58081
5.32769 3.65594
6.05982 -2.45006
5.98876 -2.4897
5.76128 -2.59366
8.01274 0.313055
7.96006 -0.0404689
7.97405 0.025833
7.94986 -0.0875909
4.87236 -1.81694
4.87499 -1.8244
7.64221 -0.874346
7.80628 -0.53247
7.58532 -0.972396
7.38403 -1.27234
7.57755 -0.985357
8.02232 0.611843
6.08847 -2.43279
4.73052 -1.33898
5.40857 3.67394
5.69503 -2.61722
4.63795 -0.988546
4.66379 -1.09215
4.41734 1.64808
4.42 1.67898
4.38991 0.602274
4.38774 0.65774
4.63193 2.82837
4.65934 2.9074
4.38598 1.11108
4.3876 1.1676
4.66553 -1.09872
5.47162 -2.64791
5.5143 -2.64925
4.98673 -2.12738
5.09579 -2.35765
5.14497 -2.43697
4.38435 1.0406
4.40914 1.55067
4.47934 -0.250562
4.40868 0.310245
4.39338 0.527347
4.47645 -0.233429
4.41616 0.228116
4.59432 2.69977
4.51182 2.33749
4.62005 2.78919
7.23923 2.69179
8.0053 0.877941
7.92234 1.33715
7.42641 2.44103
7.25329 -1.43691
7.63093 2.09656
7.62225 2.11313
7.47234 2.37093
7.90818 1.39048
7.80701 1.70289
5.59996 -2.63965
7.93017 -0.164511
6.72515 3.19576
4.43447 1.82471
4.44645 1.92247
6.28623 -2.30684
6.28297 -2.30917
4.63432 -0.973657
4.43077 1.78793
4.38542 0.729755
4.67002 2.93563
4.50735 2.31508
7.79866 1.72534
7.73215 1.88602
7.64031 2.07848
4.3901 1.24047
5.68647 3.67994
5.38507 3.66998
8.01985 0.41554
5.46976 -2.64787
5.9559 -2.50702
6.71228 3.20551
6.82739 3.11125
4.89624 -1.88655
6.18568 -2.37302
5.20392 -2.51414
6.34637 -2.26484
6.62207 3.27353
4.43275 1.80714
7.91947 -0.203448
