6.24968 -2.40462
6.20856 -2.43344
4.7413 -1.58485
4.76505 -1.67076
8.04257 0.18185
8.05068 0.24452
4.56709 -0.908912
4.56902 -0.916796
4.34895 1.35814
4.34777 1.34293
4.33704 0.935103
4.33721 0.977158
4.33776 0.850158
4.33738 0.828906
4.35271 1.43307
4.35598 1.48629
5.74013 3.74849
5.75978 3.74385
4.35376 0.409233
4.35026 0.462897
5.57655 3.76617
5.51631 3.76676
4.41473 2.06112
4.41845 2.09362
5.41164 3.76024
5.34223 3.74823
6.88312 -1.89368
6.84757 -1.92757
5.47852 -2.77904
5.48093 -2.77879
5.25322 -2.73223
5.25861 -2.73468
5.0415 -2.46206
5.04867 -2.47822
6.40824 -2.2906
6.45112 -2.25755
5.76408 -2.69124
5.75148 -2.69733
4.7925 -1.76454
4.77002 -1.689
7.96948 -0.188123
7.97861 -0.154847
7.90752 -0.39001
7.89029 -0.438734
5.9079 -2.61882
5.85985 -2.6457
8.0564 0.314614
8.0515 0.25325
8.02208 0.0465852
8.01312 -0.00464971
7.99395 -0.0915416
8.00417 -0.0464213
6.63806 3.32715
6.64761 3.32015
6.84929 3.15779
6.8641 3.14515
4.40266 1.974
4.39766 1.93386
4.42911 2.16129
4.43673 2.21169
7.7017 -0.856488
7.67586 -0.90401
7.81477 -0.623979
7.78734 -0.685226
5.98388 3.68346
5.9657 3.68989
6.4156 3.47696
6.40484 3.48302
6.19236 3.59711
6.12142 3.62826
7.10868 2.91185
7.10213 2.91895
7.45161 -1.2563
7.46683 -1.23562
7.56789 -1.08613
7.56674 -1.08792
6.70954 -2.04854
6.65258 -2.09768
7.07104 -1.7095
7.03892 -1.74252
8.05737 0.778958
8.06105 0.734089
6.0381 -2.54374
6.07983 -2.51778
4.69243 -1.4035
4.70034 -1.43231
4.90605 3.50137
4.89455 3.48793
8.0647 0.451099
8.0618 0.380428
4.60792 -1.07456
4.59897 -1.03839
4.34192 0.639499
4.34365 0.593307
4.6087 2.95902
4.61306 2.97302
7.27275 -1.48558
7.26392 -1.4962
5.9895 -2.5736
5.98638 -2.57551
4.74487 3.27519
4.75642 3.29416
4.56117 -0.883904
4.54157 -0.797282
4.34035 1.14813
4.33915 1.10416
4.64489 -1.22122
4.63824 -1.19495
5.15714 -2.64721
5.16708 -2.65744
5.11704 -2.59407
5.13211 -2.616
5.8204 3.73025
4.47564 -0.49231
4.50381 -0.626613
4.45492 -0.380307
4.44762 -0.341207
4.45386 2.3157
4.45564 2.32937
4.40259 -0.0625556
4.41674 -0.157387
4.37671 0.147292
4.38391 0.0812462
6.30443 3.54062
6.27001 3.55783
7.7209 2.01337
7.70783 2.04061
7.80793 1.81804
7.79773 1.84271
4.54007 2.72984
4.517 2.63375
4.4763 2.44031
4.47452 2.43181
4.55407 2.78197
4.5425 2.7397
7.98683 1.25448
7.98719 1.25286
8.03213 1.00637
8.03587 0.979906
7.44924 2.48734
7.41744 2.53301
7.32194 2.66213
7.28276 2.71134
7.36681 -1.36974
7.36015 -1.37848
6.79788 -1.97141
6.94373 -1.83701
7.12138 -1.657
7.54234 2.34319
7.53093 2.36173
7.62198 2.20647
7.62683 2.19768
4.84867 -1.95122
4.8351 -1.90734
4.87316 -2.02793
4.87123 -2.02245
4.93674 -2.21079
4.91918 -2.16191
4.98442 -2.33465
4.97178 -2.30178
7.87725 1.63681
7.87322 1.64842
7.93153 1.46942
7.93227 1.46692
5.35555 -2.77253
5.32622 -2.76631
6.49369 -2.22418
6.53522 -2.1929
6.38674 -2.30579
5.63818 -2.74058
5.65985 -2.7343
5.5987 -2.75304
5.53568 -2.77042
7.94515 -0.272014
7.95575 -0.237412
7.92124 -0.349415
4.82987 3.40872
4.82315 3.39953
6.6296 3.33357
6.529 3.4047
6.68114 3.29471
6.70391 3.27702
6.75882 3.23349
6.79764 3.20149
6.88566 3.12611
6.91425 3.10028
5.85338 3.7228
5.95481 3.69297
4.40572 1.99749
4.4509 2.29962
6.07948 3.64708
6.49733 3.42531
6.46935 3.44313
6.22656 3.57992
7.09804 2.92312
7.07842 2.94293
6.61813 -2.12505
6.75047 -2.01426
6.96522 -1.81532
7.13327 -1.6446
8.06311 0.690239
8.05192 0.84864
6.29779 -2.37105
6.34479 -2.33741
6.57763 -2.15832
4.67486 3.13273
4.69696 3.18009
5.12029 3.66731
5.14648 3.68163
5.01604 3.59962
5.0426 3.62006
8.06695 0.50694
8.06705 0.509976
8.06158 0.376478
4.3712 1.68518
4.37659 1.74291
4.36504 1.6146
4.36396 1.60113
4.56111 2.8054
4.57405 2.85016
4.53563 -0.771607
4.53904 -0.786134
6.13536 -2.48184
6.09518 -2.50839
5.23884 -2.72028
5.24957 -2.72969
5.42177 -2.78156
4.81519 -1.83943
4.80085 -1.79141
4.33981 0.723155
4.33877 0.743597
5.68276 3.75686
5.66909 3.75812
4.51794 -0.6924
5.01173 -2.39958
5.00601 -2.38472
4.37033 0.208285
4.36002 0.324945
4.6363 3.03775
4.6352 3.03514
4.66015 3.09705
5.28269 3.73342
5.27225 3.73082
7.17985 2.83315
7.21537 2.79302
8.05032 0.862445
7.17255 -1.6009
4.72969 3.24702
4.70827 3.20526
4.82795 -1.88422
4.82767 -1.88319
8.06561 0.622406
5.7042 -2.71728
5.74334 -2.70138
7.86263 -0.511329
7.86174 -0.513556
4.84259 3.42405
4.7848 3.34239
4.97179 3.56348
4.92303 3.51846
6.96305 3.05502
7.02238 2.99862
5.08807 -2.55086
4.34342 1.23115
4.34351 1.24884
4.40913 2.02409
4.66804 -1.3128
4.66773 -1.31167
4.76619 -1.67519
4.7322 -1.55133
8.05108 0.248831
8.03428 0.117701
4.34696 1.29465
4.34935 1.37244
4.33739 0.998403
4.33712 0.913658
4.3392 0.786656
4.33722 0.8715
4.35642 1.49349
4.35215 1.42215
4.47424 -0.485295
4.47373 -0.482692
4.34947 0.477126
4.35451 0.397678
5.49127 3.76647
5.62503 3.76306
4.38478 0.0738997
4.39921 -0.0387031
7.7615 -0.739583
7.73325 -0.796554
7.76623 1.91554
7.7539 1.94316
4.50632 2.58392
4.49501 2.53325
8.0114 1.13233
8.01465 1.11442
7.38632 2.57696
7.35252 2.62229
7.51767 -1.16124
7.4914 -1.19997
7.41028 -1.31286
7.39482 -1.33326
7.58288 2.27579
7.58054 2.27978
7.2187 -1.54886
7.19028 -1.58106
5.48915 -2.77744
5.43324 -2.78166
5.82246 -2.66331
5.6153 -2.74927
4.71645 -1.49446
8.00947 -0.0219315
8.03322 0.111186
7.98697 -0.122338
7.63537 -0.974697
7.83812 -0.569985
7.61561 -1.00808
7.57041 -1.08213
7.41416 -1.30784
8.06707 0.516704
6.08671 -2.51363
5.992 -2.57201
4.66813 -1.31315
5.06501 3.63438
5.09312 3.65279
5.416 3.76088
4.59425 -1.01939
4.61466 -1.10143
4.36513 1.61566
4.37056 1.67875
4.34441 0.575899
4.34133 0.658495
4.632 3.02674
4.59258 2.91079
7.22245 -1.5445
7.30822 -1.44292
4.33874 1.0837
4.34097 1.16765
4.62173 -1.12964
5.52556 -2.77205
5.18353 -2.67657
5.13513 -2.6194
4.33786 1.04066
4.36025 1.55045
4.43594 -0.275133
4.35875 0.340911
4.34659 0.528108
4.4234 -0.200849
4.37089 0.202486
7.67233 2.11151
7.83946 1.73942
7.84652 1.72084
7.65994 2.1356
4.54082 2.73312
4.47035 2.41092
4.55675 2.79099
5.18358 3.6979
5.20544 3.70761
5.25499 3.72487
7.25644 2.74395
7.22011 2.78755
7.98492 1.26245
8.04893 0.876544
7.95804 1.37246
7.47846 2.44354
7.32104 -1.42696
7.50075 2.40916
7.59482 2.25493
4.84924 -1.95289
4.91361 -2.14772
4.94518 -2.23182
4.96003 -2.27362
5.00094 -2.37197
7.90381 1.55873
7.90569 1.55299
7.92413 1.49361
7.95441 1.38613
5.67682 -2.72715
6.73259 3.25511
6.93636 3.0805
4.39199 1.88865
4.38791 1.85373
6.52596 3.40686
6.28137 -2.38307
6.36482 -2.32244
4.99467 3.5838
4.5835 -0.975344
4.37782 1.75505
4.33998 0.703416
4.58411 2.88217
4.34245 1.21285
6.16547 -2.46178
5.08342 -2.54204
5.07797 -2.53165
5.71832 3.75221
7.86347 -0.509289
5.41488 3.76077
4.8696 -2.01788
5.06175 -2.50231
6.83481 3.17051
4.39496 1.91407
8.06629 0.600562
6.18401 -2.4498
4.89608 -2.09226
4.38314 1.80663
4.38461 1.82167
6.95007 3.06742
6.74543 3.24453
7.88317 -0.458077
6.52737 3.40585
