7.60692 0.0472218
7.61507 0.0815159
7.47868 -0.368016
7.47071 -0.386638
7.5767 1.25646
7.57289 1.27152
4.78237 1.30816
4.78654 1.36001
5.00815 -0.764698
4.98006 -0.674263
4.87696 -0.257303
4.87049 -0.224343
5.07256 -0.956343
5.0855 -0.990459
6.62548 2.72708
6.61018 2.73853
6.90388 2.47836
6.9583 2.41896
4.79023 0.31398
4.7956 0.260197
4.76593 0.781887
4.7646 0.819477
5.06865 2.51736
5.08702 2.55119
4.96539 2.26848
4.99069 2.33792
6.18102 -1.75076
6.23206 -1.73174
7.19421 -0.886258
7.17532 -0.914187
6.24326 2.95238
6.14857 2.98848
5.9381 3.04004
5.9102 3.04227
6.62778 -1.48834
6.55406 -1.54273
7.12487 2.21406
7.07654 2.27742
7.66136 0.448659
7.66312 0.495862
7.64704 0.885495
7.64954 0.862053
7.55551 -0.151337
7.52459 -0.245428
7.42637 -0.486005
7.41446 -0.510824
5.33044 2.87094
5.30177 2.84464
5.52761 2.99377
5.50102 2.98168
7.65251 0.33294
7.63939 0.221967
5.3305 -1.49064
5.32233 -1.4781
5.21943 -1.29971
5.2256 -1.3127
4.79651 1.46168
4.79916 1.48614
4.81943 1.63474
4.83226 1.71721
4.87258 1.93077
4.87499 1.94267
5.74286 -1.80694
5.73633 -1.80486
5.84147 -1.81951
5.8861 -1.81935
5.58754 -1.74403
5.62579 -1.76531
4.97305 -0.650643
4.95 -0.564734
5.14408 -1.13921
5.13826 -1.12609
4.80896 0.146264
4.81927 0.0706372
5.16632 2.68442
5.14134 2.64732
4.93987 2.18475
4.91004 2.08298
6.03736 -1.79843
6.07021 -1.78927
7.0267 -1.10527
7.01984 -1.11338
6.32874 2.91213
6.37687 2.88738
5.77902 3.04743
5.73051 3.04438
6.42904 -1.62682
6.3353 -1.68092
6.83068 -1.31332
6.74739 -1.38904
7.28347 -0.751006
7.30035 -0.723182
7.66388 0.631348
7.66456 0.548042
7.43075 1.67882
7.4272 1.6871
4.89918 -0.360729
4.90112 -0.369072
6.55569 2.77771
6.49534 2.8174
6.84646 -1.29763
6.91026 -1.23257
7.31141 1.92077
7.30228 1.93752
7.46592 1.59437
7.49598 1.51522
4.76553 0.950102
4.76593 1.00297
4.77968 0.437952
4.77674 0.475729
4.85698 -0.152691
4.844 -0.0826252
7.47997 -0.364821
7.60519 1.13814
7.59159 1.19634
7.55591 1.3333
7.55145 1.34819
6.81998 2.5621
6.83765 2.54471
6.97434 -1.16518
6.98224 -1.15646
7.13766 2.19649
7.17729 2.13916
7.65907 0.749307
7.65455 0.809592
7.51896 -0.261424
7.56268 -0.127339
7.434 -0.470493
4.77555 1.21295
4.77115 1.12694
5.68176 -1.78899
5.57396 -1.73701
4.78792 0.338349
4.78341 0.390698
4.7696 0.610629
4.76824 0.651548
4.76475 0.874644
5.0277 2.42887
5.01039 2.3856
6.70584 2.66274
6.72857 2.64437
7.63442 0.976255
7.62853 1.01486
4.89491 -0.342023
4.92372 -0.463212
7.3533 1.84255
7.35007 1.84881
7.28216 1.9725
7.24944 2.02777
4.76805 1.04015
4.7686 1.07888
4.7778 1.24824
5.98858 -1.80824
5.97063 -1.81113
5.74641 -1.80782
5.75468 -1.80871
6.66616 2.69523
6.68701 2.67842
4.79645 0.252541
4.80274 0.19493
4.77166 0.563392
4.77386 0.521155
4.76719 0.690889
4.76548 0.743677
7.08207 -1.03733
7.10886 -1.00458
6.95923 -1.18199
7.6611 0.721175
7.66207 0.699828
7.35968 -0.618996
7.35506 -0.627698
5.54059 -1.71363
5.51752 -1.69588
5.40703 -1.59015
5.40249 -1.58441
5.05157 2.48281
6.30806 2.9229
6.25666 2.94688
5.88997 -1.81922
5.89576 -1.81873
5.46889 -1.65442
5.48828 -1.67343
4.9574 2.24464
4.95321 2.23051
7.5275 1.42687
7.52761 1.42655
7.57007 -0.101614
4.92947 -0.48599
7.61925 0.104928
7.59976 0.0147436
5.42839 2.94274
5.39251 2.91874
5.31374 -1.4638
5.27223 -1.39629
4.78721 1.36793
4.78138 1.29586
4.85236 1.83067
4.84842 1.80921
5.03029 -0.834121
4.97743 -0.665623
5.41452 -1.5993
5.45464 -1.63986
5.10744 -1.04826
5.05455 -0.907637
6.58343 2.75805
6.64183 2.71515
6.99264 2.38031
6.89089 2.49166
5.11469 2.60264
6.23502 -1.73022
6.13416 -1.76989
7.15167 -0.945778
7.23355 -0.829692
6.10102 3.0026
6.25471 2.9478
5.96452 3.03554
5.83393 3.04833
6.52792 -1.56192
6.65345 -1.46755
7.04956 2.3112
7.12847 2.20929
7.66438 0.540663
7.66103 0.441449
6.39512 2.87694
6.43217 2.8566
7.63692 0.205372
5.62788 3.02747
5.61137 3.02189
5.23403 2.77401
5.22427 2.76224
7.65464 0.355267
5.23402 -1.32928
5.37975 -1.55614
5.18395 -1.22654
4.79977 1.49102
4.8145 1.60238
4.80761 1.5525
4.84355 1.78123
4.88212 1.97446
4.93816 -0.520025
5.03612 -0.85223
5.03951 -0.863413
5.14936 -1.15069
4.90106 2.05121
4.82133 0.0567963
4.80316 0.191386
5.20856 2.74104
6.33111 -1.68338
7.00657 -1.12896
7.06454 -1.05947
6.31732 2.91826
6.06533 3.0135
5.63354 3.02873
6.04302 3.01948
6.72867 -1.40575
6.44843 -1.61411
6.83652 -1.30761
7.33006 -0.671622
7.2438 -0.814036
7.66353 0.657502
7.39238 1.76357
7.46277 1.60233
6.47001 2.83404
7.11452 -0.997113
4.838 -0.0475099
7.60852 1.12213
7.58192 1.23732
7.52858 1.42341
7.61498 1.08621
7.62234 1.05033
6.81588 2.56604
6.74485 2.62981
7.02278 2.34437
7.38892 1.77094
7.36445 1.82038
7.18989 2.12008
7.22401 2.06766
7.5277 1.42627
7.64144 0.928615
7.64577 0.897169
7.38538 -0.569278
7.36529 -0.608681
7.31817 1.90872
7.24544 2.03434
5.93897 -1.81568
6.00962 -1.80377
6.11757 -1.77466
5.50291 -1.68496
5.56458 -1.73135
7.58739 -0.0368688
5.65406 -1.77873
