7.55106 -0.435778
7.5392 -0.463493
5.31807 3.0738
5.33557 3.08549
7.73671 0.254117
7.73728 0.258689
4.67444 1.1513
4.66994 1.05885
5.14239 -1.44498
5.10993 -1.37215
5.0447 -1.21505
5.03707 -1.19448
4.74461 1.8308
4.75172 1.8729
6.05012 -1.9604
6.01097 -1.97478
5.7212 -2.00356
5.73904 -2.00444
5.38047 -1.81696
5.36012 -1.79281
4.67271 0.636117
4.6767 0.537174
7.06942 -1.2096
7.09499 -1.17978
6.65359 2.84497
6.69837 2.80971
7.34899 -0.828206
7.33139 -0.856316
7.75429 0.483521
7.75459 0.491456
7.63125 -0.222235
7.63057 -0.224284
7.69393 0.00769583
7.69431 0.00941285
5.51673 3.17222
5.58595 3.19045
5.12494 2.88478
5.16341 2.93146
5.15564 -1.47092
5.19353 -1.5443
4.68161 1.28613
4.68215 1.2954
4.7114 1.5998
4.71347 1.6162
4.77451 1.9966
4.77533 2.00067
5.83787 -2.00452
5.81202 -2.00779
5.6224 -1.98118
5.55757 -1.95223
4.91222 -0.817412
4.90336 -0.787027
4.85678 -0.616499
4.84957 -0.587892
4.66839 0.763706
4.66796 0.783481
4.93008 2.52856
4.9544 2.58905
5.04246 2.76214
5.05598 2.78286
4.90016 2.4503
4.88348 2.40519
7.46192 -0.626872
7.48066 -0.590495
6.3799 3.02504
6.40409 3.01205
6.18617 3.11798
6.19007 3.11664
5.92753 3.19371
5.92911 3.19342
6.60366 2.88329
6.7741 2.7461
6.73761 2.77825
6.60979 -1.64683
6.65946 -1.60697
6.51085 -1.72004
6.51186 -1.71931
7.24882 -0.978742
7.28467 -0.927433
5.30862 -1.73065
5.28761 -1.69957
6.95016 -1.34121
6.92838 -1.3636
4.80995 2.14823
4.82636 2.2125
7.75233 0.707247
7.75425 0.665249
4.73441 -0.01533
4.72914 0.0194681
7.66479 -0.109335
7.64581 -0.173478
7.52165 -0.503437
7.58843 -0.343182
5.95013 -1.98809
6.11339 -1.93945
7.06938 2.44475
7.04413 2.47434
7.1118 -1.15949
7.15017 -1.11174
7.01527 -1.27138
7.0433 -1.24044
6.24825 3.09232
6.26306 3.08489
7.41432 1.92705
7.44076 1.87545
7.33629 2.06593
7.36521 2.01644
7.25338 2.19825
7.26523 2.18029
7.13847 2.35799
7.15941 2.3309
7.64962 1.33366
7.62859 1.40648
7.69056 1.16753
7.67958 1.21701
7.74278 0.842691
7.7474 0.789585
7.59309 -0.33082
6.53154 2.93258
6.49891 2.95439
5.91048 -1.99781
5.7024 -1.99965
5.53192 -1.94013
5.46649 -1.89581
4.91697 2.49836
6.31813 3.05798
6.41608 3.00544
6.46909 2.97387
6.81986 2.70619
6.34713 -1.82389
6.31279 -1.84466
6.9149 -1.37749
4.66841 0.932736
4.66815 0.91327
4.67563 1.18253
4.675 1.16726
4.985 -1.04847
5.0042 -1.10381
5.24128 -1.62986
5.27674 -1.68302
5.33963 -1.76889
4.68736 0.384437
4.68617 0.400843
4.67117 0.671084
4.6719 0.653116
6.88005 2.64953
6.91421 2.61565
7.72217 1.00149
7.7201 1.01592
6.14277 -1.92597
4.6699 1.04027
5.71588 -2.00298
4.70517 0.199628
4.70551 0.196513
4.67784 0.522717
7.00064 -1.28766
7.45275 1.85146
7.49706 1.75701
5.77235 3.20827
5.78681 3.20751
6.49646 -1.72968
6.41093 -1.78629
6.84278 -1.44719
7.4257 -0.696785
7.42284 -0.702174
7.56712 1.58768
7.53483 1.66902
6.56844 2.90825
4.6827 1.30359
4.68679 1.35955
6.27496 -1.8637
6.21343 -1.89574
4.94182 -0.917358
4.93538 -0.896024
4.95269 -0.953004
4.67832 0.509283
4.69826 0.2629
4.66903 1.02116
4.66799 0.893561
4.66776 0.803701
6.08669 3.15328
6.06226 3.16051
6.8465 2.68154
4.78546 -0.309103
4.79255 -0.34295
4.69929 1.49438
4.69854 1.48787
4.73696 1.7808
4.73125 1.74454
4.77786 -0.268837
4.78291 -0.296056
5.66898 3.20352
5.63347 3.19889
7.59918 1.49734
7.57736 1.55915
5.45484 -1.88721
4.97205 -1.01184
7.71749 0.124527
7.71677 0.12052
5.41684 3.13224
5.24237 3.01295
7.74925 0.384541
7.72816 0.195411
5.14951 -1.45937
5.09001 -1.32466
4.69171 1.42351
4.69149 1.42087
4.75418 1.88782
4.74119 1.80872
4.88336 -0.71757
4.88946 -0.73907
6.98031 2.54694
6.9789 2.54845
4.8497 2.29789
4.85171 2.30529
6.75327 -1.52839
6.78836 -1.49775
7.29979 -0.904518
7.35658 -0.81589
7.37597 1.99738
7.41053 1.93429
7.21024 2.26215
7.21036 2.26198
7.56825 1.58474
7.67139 1.25047
7.65542 1.31307
7.75512 0.574702
7.75173 0.428387
7.70111 0.0427853
7.66547 -0.106831
7.71831 0.129177
5.22067 2.99298
5.44768 3.14618
5.61755 3.19695
5.09491 2.84341
7.74972 0.390934
5.23923 -1.62672
5.24002 -1.62797
5.07248 -1.28384
4.69175 1.42394
4.71873 1.65812
4.70567 1.55203
4.7259 1.70818
4.77565 2.0021
4.87238 -0.677933
4.92111 -0.848066
4.83182 -0.514703
4.71225 0.138689
4.71433 0.122513
4.96421 2.6091
5.03267 2.74562
4.99576 2.67727
4.80099 2.1141
4.78954 2.06497
7.48334 -0.585129
7.42814 -0.692305
6.20742 3.10967
6.12686 3.13999
6.03389 3.16907
5.92977 3.19327
5.85894 3.20246
5.73844 3.20835
5.71193 3.20688
6.7105 -1.56578
6.56097 -1.6827
6.50988 -1.72076
7.20595 -1.03998
7.19716 -1.05215
7.39567 -0.748932
7.7552 0.599887
7.49859 1.75357
7.53347 1.67225
4.81467 -0.441009
7.75482 0.638222
7.75005 0.754546
4.74747 -0.0987651
4.75711 -0.154759
6.97399 2.55358
7.10676 2.39856
7.1819 -1.07183
7.10587 -1.16668
7.7012 1.11844
7.71179 1.06243
7.45118 1.85471
7.31691 2.09845
7.29547 2.13294
7.20986 2.2627
7.6253 1.41709
7.73266 0.929764
7.72729 0.967924
7.73658 0.896803
6.47152 2.97245
4.8593 2.33087
5.41349 -1.84833
4.70009 0.245327
5.82433 3.20575
6.3941 -1.79628
6.17405 -1.91264
5.24032 -1.62841
4.69846 0.260781
5.01405 -1.13228
6.81213 -1.47668
4.69837 0.26178
6.36037 3.03627
7.50599 -0.537888
4.87324 2.37365
