6.80213 -0.534607
6.75676 -0.587125
6.55531 -0.77439
6.5909 -0.74593
7.08687 1.23841
7.07453 1.27666
6.94127 1.56973
6.88741 1.65676
5.74995 -0.803414
5.75514 -0.807636
6.20251 2.21873
6.22539 2.21092
6.41804 2.12664
6.43802 2.11398
6.32665 -0.902553
6.3847 -0.876381
5.92875 2.22872
5.99293 2.2387
5.69321 2.11965
5.78978 2.18217
6.85909 -0.458881
6.89723 -0.403734
5.26063 0.951892
5.25589 0.840249
5.28252 1.18216
5.27411 1.11142
7.14418 1.03559
7.15711 0.972413
5.51831 -0.482987
5.56028 -0.562043
5.62048 -0.653781
5.57076 -0.580874
5.3797 1.61714
5.41465 1.71577
5.32034 1.40583
5.3189 1.39861
5.55781 1.97488
5.59662 2.02535
5.45737 1.80778
5.41721 1.7224
6.64707 1.95237
6.62142 1.97582
6.99411 1.46652
6.94495 1.56327
5.93373 -0.915922
5.96738 -0.925534
6.12316 -0.946254
6.10096 -0.944856
7.1186 0.0795605
7.09408 0.00115233
7.02946 -0.162009
7.00881 -0.206803
5.40437 -0.208565
5.4366 -0.295297
5.3739 -0.105025
5.36377 -0.0683975
5.32119 0.10933
5.31511 0.139913
5.284 0.335835
5.27269 0.431004
5.2604 0.582615
5.25572 0.702515
7.18945 0.495974
7.19187 0.572061
7.15599 0.232458
7.17199 0.324031
7.12112 1.12767
7.11439 1.15359
7.17099 0.893519
7.13678 1.06858
6.58093 2.01062
6.69454 1.90379
6.74433 1.8486
6.45548 2.10219
6.48982 2.08064
6.79637 1.78657
6.79999 1.7819
5.38625 -0.147581
5.40006 -0.195088
7.04102 1.36389
7.04003 1.36625
7.18387 0.789874
7.18639 0.762806
5.79313 2.18368
5.89049 2.2209
6.68445 -0.664695
6.8303 -0.498626
6.675 -0.674276
6.49627 -0.814011
5.26964 1.06822
5.26204 0.974141
5.48323 -0.412485
5.47414 -0.391345
5.34773 1.51296
5.35981 1.55322
5.50256 1.89458
5.50489 1.89856
6.78343 1.80329
6.75701 1.83416
6.85724 1.70207
6.94387 1.56527
5.84103 -0.871404
5.68166 -0.732483
6.21973 -0.934485
6.15804 -0.942519
7.0794 -0.0396435
7.05405 -0.105348
5.34415 0.0048211
5.35066 -0.0209182
5.27001 0.457983
5.2612 0.568615
7.17699 0.359961
7.18625 0.449319
6.14819 2.22919
6.30961 2.18162
6.44041 -0.849104
6.24396 -0.92755
6.09688 2.23794
6.06636 2.23832
5.69114 2.11812
6.67841 -0.670959
6.94052 -0.335195
6.95896 -0.3038
5.25572 0.833034
5.29268 1.2524
7.17954 0.830718
7.17373 0.876107
5.46668 -0.372913
5.47142 -0.384821
5.56603 -0.572671
5.66069 -0.708908
5.41571 1.7187
5.32468 1.42465
5.29939 1.29454
5.62025 2.05054
5.50008 1.88991
7.01072 1.43119
6.82755 1.74427
7.02759 1.39368
5.84609 -0.874111
6.02782 -0.940109
6.96749 -0.287915
7.1283 0.113282
7.14827 0.195962
5.40096 -0.197996
5.33359 0.0489108
5.38149 -0.13174
5.30201 0.215978
5.25508 0.771454
5.29044 0.289528
5.2556 0.709977
7.19196 0.641887
7.19077 0.682896
7.07152 1.28467
6.54801 2.03802
6.52774 2.05441
6.32973 2.17235
7.18976 0.710943
7.10513 1.18604
6.35016 2.1617
6.38483 2.14486
6.50456 2.07054
