6.44544 1.07709
6.48375 1.0188
5.97961 0.253109
5.9753 0.261861
6.56006 0.816638
6.57596 0.751582
6.52466 0.335439
6.47748 0.250124
6.39305 1.14289
6.32319 1.18809
5.95542 1.04515
5.91731 0.956891
6.12241 1.21843
6.1359 1.22535
5.87919 0.635606
5.87765 0.673551
6.13092 0.107788
6.07844 0.13581
6.28512 0.0851941
6.28867 0.0855741
6.58372 0.599597
6.573 0.496272
6.53128 0.930848
6.41914 1.11237
6.01222 1.14347
6.01415 1.14601
5.88496 0.808086
5.88182 0.778534
6.57932 0.712352
6.53813 0.91256
6.40511 0.15253
6.45506 0.212599
6.53536 0.356522
6.53623 0.91832
6.26235 1.2217
5.91129 0.941279
6.01014 1.14014
6.15992 1.22546
5.90145 0.90666
5.88621 0.829077
6.57081 0.476989
6.58441 0.607359
5.89414 0.513065
5.90513 0.443573
6.56798 0.466043
5.94001 0.347006
5.98371 0.245414
6.04373 0.173652
6.18039 0.0849025
6.40472 0.152209
5.90773 0.435614
6.57036 0.474798
5.87775 0.709601
5.88234 0.584417
5.88652 0.548231
6.4049 0.152325
