4.74127 -1.15319
4.76196 -1.22909
5.10376 -2.1592
5.09133 -2.13793
5.0327 -2.01827
5.02718 -2.00489
4.96285 3.2973
4.97238 3.30885
5.09795 3.42871
5.11134 3.43924
5.33621 3.55542
5.30635 3.54553
4.57859 -0.48255
4.56824 -0.432077
4.65735 -0.833454
4.6599 -0.843878
5.94752 3.54477
5.89699 3.55689
6.1753 3.46094
6.23888 3.43025
4.61914 2.52919
4.62773 2.56474
4.66921 2.7102
4.67503 2.72796
6.98892 2.88646
7.06538 2.80758
7.18154 2.67761
7.1721 2.68882
7.91565 1.14101
7.90891 1.17742
7.28459 2.54896
7.3007 2.52739
7.40153 -1.15868
7.43811 -1.10683
6.56719 -2.02029
6.62316 -1.97736
6.92324 -1.71233
6.96663 -1.66993
7.48079 2.26037
7.52066 2.1937
7.97288 0.581366
7.97319 0.571686
5.55492 -2.51295
5.54768 -2.5125
4.84614 -1.51085
4.84 -1.49014
7.80776 -0.387478
7.79895 -0.411672
4.86115 3.15553
4.83646 3.11267
5.47181 3.58611
5.49917 3.59125
4.92736 -1.75069
4.90626 -1.69195
6.77968 3.07586
6.76782 3.08604
6.52949 3.2642
6.56422 3.24024
4.47504 1.67478
4.47551 1.67924
4.61234 -0.638961
4.95265 -1.82353
4.96878 -1.86344
4.55567 2.23988
4.53898 2.14796
4.51129 1.97102
4.51542 1.99861
7.70094 -0.646689
7.73775 -0.563774
7.57876 -0.881016
7.60963 -0.825968
6.39918 3.34596
6.50605 3.27984
6.91543 2.9564
6.97431 2.90065
7.50248 -1.00907
7.48283 -1.03981
6.75267 -1.86779
6.81894 -1.81046
7.07879 -1.55389
7.01052 -1.62639
6.33075 -2.19185
6.41155 -2.13765
6.28482 -2.22389
6.22575 -2.25974
5.78308 -2.47671
5.78876 -2.47523
4.49502 0.00619063
4.4939 0.0149019
4.71525 2.84615
4.7246 2.87183
7.69025 1.85752
7.67649 1.8885
7.96313 0.795632
7.96716 0.745117
4.79247 -1.33289
4.76766 -1.24853
7.84491 -0.277958
7.84014 -0.292963
5.1794 -2.28416
5.16836 -2.26812
6.13948 -2.31397
6.08858 -2.34177
5.25809 -2.37921
5.24889 -2.36905
5.2868 -2.40661
5.28624 -2.40617
4.43698 0.876939
4.43705 0.850041
4.43777 1.00347
4.43747 0.977041
4.45115 1.37577
4.45009 1.35847
4.45965 1.49599
4.45898 1.48677
4.55704 -0.372905
4.56452 -0.412949
4.45946 0.344311
4.46052 0.330801
4.44986 0.480727
4.45101 0.461258
4.4787 0.141727
4.4794 0.135304
6.01914 3.5222
5.83191 3.57302
6.0834 3.49849
6.2877 3.40709
7.95011 0.925259
7.93314 1.04448
7.22295 -1.39089
7.18312 -1.43846
7.31458 -1.27645
7.29519 -1.30194
6.6621 -1.94447
6.52383 -2.05492
7.00323 -1.63355
6.91521 -1.7204
7.55989 2.12292
7.5213 2.1926
7.39685 2.3913
7.42008 2.3564
7.83198 1.47879
7.85008 1.4175
7.77534 1.6464
7.80025 1.57626
7.87798 1.31218
7.85722 1.3927
7.78744 -0.442201
6.84353 3.02111
6.83127 3.03209
6.62618 3.19586
6.61955 3.20087
4.48361 1.75499
4.48123 1.73377
4.46988 1.62035
4.66109 -0.848601
4.55985 2.26441
4.53097 2.09975
5.64523 3.59452
5.69613 3.59193
5.77823 3.58261
5.77366 3.58356
6.06198 3.50742
6.37874 3.35704
6.50976 3.27757
6.98447 2.89089
6.90557 2.96594
6.46798 -2.09525
6.84003 -1.79047
6.72147 -1.89565
7.10451 -1.52697
6.30684 -2.2086
4.79467 3.03465
4.81117 3.06688
6.01112 -2.38191
6.03819 -2.36894
5.92305 -2.42342
5.93735 -2.41783
4.70245 -1.00784
4.70957 -1.03472
4.46938 1.61464
4.46941 1.61508
4.51113 -0.103951
4.43997 0.696337
4.43916 0.722054
4.44506 0.569199
4.44398 0.591674
4.74439 2.91944
4.76327 2.96411
4.58213 2.37262
4.5722 2.32681
7.95798 0.853279
7.95397 0.892741
4.44298 1.20762
4.44379 1.23103
4.4392 1.07843
4.43976 1.10404
6.18758 -2.28499
5.38655 -2.47229
5.36374 -2.46017
7.87479 -0.175561
4.88733 3.1959
4.91274 3.23297
4.68804 -0.953196
4.69297 -0.971709
6.7166 3.12748
6.68331 3.15296
4.52417 -0.185718
4.53004 -0.221861
7.63065 1.98552
7.61201 2.02362
5.59744 -2.51228
5.63914 -2.50841
7.87792 -0.164548
7.89019 -0.117244
7.96622 0.361655
7.96374 0.325903
4.50102 1.89396
4.49788 1.87135
5.48576 -2.5041
5.42681 -2.48958
5.34869 -2.45173
7.93284 0.082106
7.9312 0.0720401
4.52481 2.06225
4.76616 -1.24354
4.73481 -1.1291
5.50135 -2.50806
5.0619 -2.07996
5.12786 -2.20346
5.0077 -1.96128
5.05792 -2.0717
5.01265 3.35289
4.93312 3.26073
5.02595 3.36483
5.19993 3.49706
5.40297 3.57438
5.2376 3.51475
5.87771 -2.44268
5.8869 -2.43954
7.952 0.211663
7.95024 0.196379
4.44674 1.29453
4.4471 1.31555
4.43711 0.94036
4.437 0.913541
4.43808 0.78654
4.43692 0.813471
4.88043 -1.61607
4.87491 -1.60051
4.45514 1.43603
4.45425 1.42262
4.45423 0.412781
4.45538 0.396036
5.58387 3.59735
5.59745 3.59729
4.51971 2.0305
7.64295 -0.763236
7.66624 -0.717596
4.60337 2.46571
4.64598 2.63298
4.68452 2.75777
4.65655 2.66882
7.14315 2.72193
7.19976 2.65595
7.90809 1.1814
7.93167 1.05347
7.23174 2.61648
7.34842 2.46209
7.45289 -1.08492
7.35812 -1.21956
7.26971 -1.33353
7.23983 -1.371
7.52119 2.19279
7.47212 2.27457
7.80488 1.56248
7.82989 1.48562
7.97307 0.534358
7.97006 0.682461
5.51429 -2.51026
5.59358 -2.51233
4.819 -1.42209
4.86355 -1.56681
7.90719 -0.0476503
7.90459 -0.0591246
5.01467 3.35491
5.2092 3.5023
5.20483 3.50003
5.53868 3.59451
5.68069 -2.5019
5.68829 -2.5009
7.92512 0.0413961
7.95391 0.228201
4.93838 -1.78301
4.98644 -1.9071
4.5064 1.93498
7.68661 -0.676764
7.75165 -0.531598
7.54993 -0.930699
7.34943 -1.23157
7.5113 -0.995094
7.97246 0.474491
4.80341 -1.36916
5.96749 -2.40312
5.98778 -2.39427
4.44223 0.632603
4.44128 0.656869
4.71215 2.83692
4.73814 2.90516
4.44085 1.14289
4.44156 1.16754
4.53856 -0.271555
4.71691 -1.06246
5.1621 -2.25751
5.21538 -2.33135
5.23087 -2.35098
5.28603 -2.40595
4.43804 1.04054
4.46395 1.55092
4.46513 0.275571
4.44683 0.526477
4.48562 0.0824736
4.46684 0.256807
4.58449 2.38271
4.65448 2.66227
7.21945 2.63184
7.11239 2.75698
7.95185 0.911538
7.88176 1.29702
7.36513 2.43809
7.17425 -1.44853
7.5975 2.05159
7.56667 2.11046
7.43933 2.32652
7.85648 1.39534
7.76857 1.66488
6.73877 3.10959
4.48771 1.79258
4.476 1.68451
6.05408 -2.35994
4.49299 0.0216923
4.43782 0.760134
4.78168 3.00511
4.6947 2.78707
4.56951 2.31331
7.72157 1.78419
7.7434 1.73054
7.65943 1.92558
4.78987 3.02389
7.13532 -1.49272
7.96015 0.833361
4.44508 1.27234
5.41023 -2.48288
5.6109 3.59663
4.99837 -1.93766
7.97198 0.460354
4.4921 1.82602
4.48972 1.80756
7.96812 0.727075
6.67376 3.16018
6.81884 3.04306
7.09117 2.78011
7.70345 1.82787
7.76108 1.68503
7.76724 -0.493854
6.61354 3.2054
5.71501 3.59092
7.90194 -0.0701467
5.7605 3.58558
