6.35912 -0.730123
6.28161 -0.755513
6.3055 2.02841
6.21544 2.05923
7.07661 0.874733
7.06344 0.946049
5.48299 1.5504
5.45809 1.47807
5.56837 1.73606
5.6141 1.81228
5.53761 -0.237904
5.56605 -0.303133
5.46833 -0.0421691
5.43924 0.0561382
6.14284 -0.777358
6.23542 -0.767759
6.38127 1.99328
6.43233 1.96384
5.86211 2.02986
5.80474 1.99988
6.00641 2.07434
6.0135 2.07452
6.85119 -0.274124
6.81723 -0.326276
6.59115 -0.584093
6.67206 -0.505119
6.58499 -0.588856
6.49637 -0.654411
5.38027 1.1218
5.38847 1.1767
5.3583 0.891585
5.3587 0.898941
7.07707 0.871649
7.0873 0.776002
5.41962 1.34169
5.43116 1.38824
5.68169 1.89484
5.62945 1.83185
6.70583 1.72129
6.68938 1.74036
6.81533 1.5726
6.78906 1.61107
6.90975 1.4062
6.90279 1.42091
5.76356 -0.605675
5.7479 -0.587981
5.94601 -0.737409
5.92219 -0.724716
6.89276 -0.202246
6.9296 -0.130112
7.00177 0.045173
7.01348 0.0791865
5.591 -0.356402
5.62858 -0.421314
5.43764 0.0623457
5.41611 0.163263
5.35704 0.637525
5.35694 0.640015
5.37817 0.389348
5.38156 0.363779
6.4859 1.92663
6.44403 1.95596
7.07148 0.316597
7.06733 0.293225
7.09507 0.58994
7.09398 0.543249
7.02863 1.09673
7.03647 1.06489
6.9964 1.19561
6.98316 1.23458
7.04885 1.01815
6.57254 1.85828
6.61839 1.81488
6.93969 1.34107
6.95519 1.30613
7.01227 1.14983
6.53536 1.88829
6.63592 1.79712
6.37646 1.99613
6.32377 2.02176
6.24869 -0.765917
6.3805 -0.719753
6.19271 2.0631
6.32235 2.02244
6.00085 2.07323
5.90461 2.04886
6.71563 -0.458546
6.74828 -0.419214
5.36704 1.00808
5.36984 1.03568
5.44819 1.44805
5.52025 1.6448
5.61917 1.81924
5.52484 1.65541
6.67252 1.75872
6.86039 1.50061
6.8718 1.48112
5.85392 -0.684083
5.82562 -0.661029
6.95391 -0.0765794
6.97449 -0.0283184
5.51101 -0.173946
5.57918 -0.33183
5.491 -0.115642
5.43861 0.0584959
5.36545 0.504247
5.36506 0.508244
7.08838 0.448188
7.08555 0.419678
6.47423 -0.669526
6.05337 -0.76989
6.04081 -0.768509
6.01325 -0.759677
5.68279 -0.507878
5.70472 -0.53518
6.43348 1.96302
6.37897 1.99475
6.11017 2.07601
5.76015 1.96692
5.7072 1.92238
6.78476 -0.371125
6.87948 -0.226854
6.58983 -0.585197
5.3549 0.771793
5.35619 0.82657
5.39783 1.23285
5.41555 1.32254
5.67591 -0.498863
7.09005 0.743353
7.07696 0.87254
5.5223 1.64983
6.75457 1.65906
6.87647 1.47236
6.92971 1.36374
7.03802 0.163509
5.49977 -0.141855
5.40547 0.215772
5.4965 -0.132455
5.39619 0.269492
5.35487 0.769093
5.35899 0.603134
5.3549 0.766399
5.3648 0.511839
6.49215 1.92274
7.04582 0.19373
7.09398 0.664339
7.04976 1.01422
6.96715 1.27764
