7.0251 -0.626165
7.06458 -0.565757
7.39807 0.623717
7.39915 0.593657
6.58807 2.34044
6.64348 2.29492
6.28537 -1.26224
6.2098 -1.28645
6.71004 -0.991317
6.62714 -1.06
7.13188 1.67381
7.15476 1.62881
5.72085 -1.22614
5.76368 -1.24988
7.19399 -0.328912
7.17535 -0.368049
7.35394 0.148832
7.33359 0.0597742
5.04094 0.769872
5.04192 0.711343
5.0815 0.220777
5.07209 0.293829
5.96622 2.59115
6.05785 2.58323
6.39279 2.46763
6.36298 2.48251
6.0955 2.5768
6.17741 2.55761
6.97253 -0.700596
6.93003 -0.754878
7.23053 1.45879
7.21315 1.50056
5.04524 1.00119
5.05302 1.11559
5.19285 -0.320956
5.22216 -0.414447
5.29052 -0.608772
5.30402 -0.640999
5.37137 -0.791344
5.36028 -0.769644
5.46822 -0.960215
5.50271 -1.0089
5.59037 -1.11513
5.53796 -1.05751
5.10777 1.54317
5.10726 1.5403
5.1596 1.75934
5.18547 1.84744
5.54593 2.44622
5.56128 2.45884
6.09266 -1.31147
6.11306 -1.30791
5.90642 -1.30372
5.92545 -1.3059
5.22447 1.95825
5.19916 1.89044
5.30512 2.13814
5.33018 2.18193
5.40949 2.3027
5.37359 2.25403
6.78607 -0.916898
6.71084 -0.990637
7.09342 1.7457
7.0392 1.83398
7.29127 -0.0849478
7.26378 -0.163149
5.05478 0.465775
5.04754 0.570019
5.74166 2.55641
5.75988 2.56285
7.38047 0.305782
7.38969 0.38811
6.48166 -1.16347
6.42772 -1.1942
6.86609 2.07127
6.88322 2.05104
7.26419 1.37175
7.26287 1.37541
5.1913 -0.315452
5.19051 -0.312474
7.29438 1.28064
7.31226 1.21852
7.35731 1.02825
7.35166 1.05977
7.37403 0.931948
7.37318 0.938404
6.94382 1.97339
6.93638 1.9837
7.38029 0.883719
7.37592 0.920236
5.24109 -0.472568
5.22925 -0.436449
5.15224 -0.16069
5.14514 -0.130272
5.04311 0.964311
5.04197 0.906798
6.73194 2.2148
6.76255 2.18553
7.33773 1.1189
7.34571 1.08788
6.82688 2.11633
7.39146 0.785639
7.39113 0.789718
5.16537 -0.213735
5.1754 -0.253309
5.12062 -0.0176189
5.13104 -0.0669514
6.80799 2.13706
6.76789 2.1799
6.3386 2.49478
6.30732 2.509
5.04386 0.979973
5.16003 -0.192357
5.06805 1.28279
5.0719 1.31668
6.502 2.40198
6.49086 2.40901
7.1214 1.69384
7.09582 1.74159
5.10875 0.0473881
5.10644 0.0596668
5.87589 2.58703
5.86225 2.58592
6.2846 2.51936
6.20732 2.54708
7.00005 -0.662981
7.11397 -0.484982
7.3978 0.539952
7.39684 0.690491
7.3657 0.980101
7.36074 1.01219
5.41771 -0.876928
5.44799 -0.929901
5.132 1.65234
5.10948 1.55167
6.56809 2.35494
6.67489 2.26859
6.18827 -1.29344
6.3196 -1.24701
5.26226 2.04983
5.24483 2.00792
5.47212 2.37823
5.46604 2.37198
6.58872 -1.09062
6.71057 -0.990868
7.16502 1.60769
7.1259 1.68538
5.81328 -1.27464
5.66733 -1.18609
7.22166 -0.267629
7.13078 -0.455186
7.36021 0.179263
7.32651 0.0330913
5.04209 0.703907
5.0409 0.776519
5.09153 0.151305
5.06652 0.342353
5.83256 2.57926
6.07124 2.58206
6.87647 -0.819647
7.12548 -0.465024
7.19484 1.54348
7.24729 1.41598
5.65878 2.52079
5.63279 2.5059
7.39636 0.705929
5.27499 -0.569872
5.25466 -0.512536
5.33038 -0.702798
5.38378 -0.814417
5.52485 -1.04012
5.62994 -1.15566
5.08861 1.43072
5.1419 1.69132
5.19048 1.86422
5.08348 1.39547
5.49372 2.39815
5.99874 -1.31464
6.08456 -1.31172
6.3839 -1.21849
5.88953 -1.29904
5.28426 2.09805
5.35372 2.22274
6.85832 -0.840947
6.83994 -0.861578
6.53808 -1.1257
7.0098 1.87911
7.09545 1.74224
7.12781 -0.460836
7.23385 -0.239277
7.3013 -0.0542166
7.24736 -0.205538
7.37427 0.262483
5.11799 -0.00363762
5.04387 0.646145
5.05747 0.433373
5.04642 0.591118
5.06194 0.385109
5.09957 0.100951
7.39422 0.440515
7.32734 1.16144
7.33249 1.14251
7.39741 0.496674
7.28935 1.296
7.32144 1.1859
7.3479 1.07636
6.71044 2.23544
6.91724 2.00886
6.98626 1.91425
6.89162 2.0412
7.39195 0.77846
7.38309 0.862624
5.24956 -0.49758
5.04075 0.848082
5.04065 0.835311
5.07451 1.33551
5.05897 1.20021
5.04074 0.783028
6.44 2.43972
6.41729 2.45363
5.05606 1.16173
5.14067 -0.110795
5.04168 0.899932
6.47001 2.4219
