5.95104 2.44054
5.97721 2.44265
7.21278 1.24305
7.22624 1.2011
5.13928 1.02682
5.13982 1.03475
7.29621 0.861713
7.30216 0.799125
5.37615 -0.535404
5.38539 -0.556388
5.4741 -0.734617
5.48969 -0.759767
5.1985 1.48455
5.21423 1.55745
5.41035 2.07015
5.3913 2.03815
5.5265 2.2271
5.57588 2.27811
7.18451 -0.11637
7.19275 -0.0943755
5.2123 0.00403585
5.20151 0.0590761
5.13239 0.713408
5.13246 0.709202
5.14096 0.514746
5.14114 0.512226
7.3015 0.384408
7.299 0.361417
6.69117 2.11017
6.76864 2.02972
6.18799 2.41476
6.17866 2.41668
6.40337 2.3247
6.41235 2.31933
5.6841 2.35879
5.77174 2.40199
6.82863 -0.719328
6.8582 -0.685339
6.75157 -0.803055
6.70009 -0.851652
7.01763 -0.46113
6.99473 -0.498135
7.29307 0.887351
7.27784 0.976863
5.29767 -0.321826
5.29638 -0.318087
5.58345 -0.896587
5.55178 -0.856596
5.25277 1.69914
5.22712 1.60872
5.16164 1.25871
5.16934 1.31324
6.30264 -1.11014
6.31656 -1.10401
5.32224 1.89509
5.33853 1.9306
6.52139 -0.995542
6.51183 -1.00223
6.97564 1.75977
6.96082 1.78222
7.08232 1.56951
7.10962 1.51277
5.91843 -1.13821
5.96865 -1.14815
5.73321 -1.04661
5.72951 -1.0436
6.10879 -1.15512
6.05628 -1.15506
7.07216 -0.364772
7.10516 -0.300095
7.25688 0.120264
7.25959 0.131421
5.22971 -0.0761336
5.24412 -0.130887
5.16707 0.269397
5.17243 0.231871
6.63998 2.15546
6.60409 2.18708
7.31115 0.63859
7.31171 0.590435
7.2274 1.19691
7.24711 1.12403
6.51928 2.25187
6.52542 2.24731
7.26994 1.02451
7.29405 0.880541
5.2549 -0.174947
5.26611 -0.215848
5.22758 -0.0675513
5.1332 0.908683
5.13312 0.904642
6.5602 2.22018
6.59911 2.19131
6.84518 1.94228
6.79863 1.99646
6.51277 2.25661
6.42047 2.31415
5.13203 0.834903
5.13211 0.844097
6.68247 2.11867
6.67856 2.12226
5.13621 0.97162
5.32979 -0.413035
5.33969 -0.440447
7.29459 0.876738
5.22629 -0.0621489
5.22059 -0.0374005
5.28034 -0.266286
5.27771 -0.257014
6.00659 2.44086
5.87369 2.43141
6.22102 2.40353
6.2951 2.37751
6.62969 -0.914809
6.61347 -0.927485
6.97568 -0.526599
6.9286 -0.593806
5.14806 1.14329
5.39467 -0.576224
5.34739 -0.461335
5.5257 -0.817302
5.46277 -0.715232
5.22295 1.59358
5.19353 1.4583
5.36364 1.98433
5.438 2.11223
5.59815 2.29681
5.48212 2.17611
7.0434 1.64499
7.03644 1.65802
5.82509 -1.10306
5.83022 -1.10524
6.20557 -1.14023
6.20317 -1.14059
7.15132 -0.199528
7.2252 0.00327356
5.19695 0.0828239
5.21401 -0.0042343
5.13382 0.647265
5.13206 0.774363
5.13903 0.54789
5.15213 0.391002
7.28377 0.253651
7.30956 0.485615
5.80366 2.41237
6.08205 2.43613
5.67196 2.35191
6.78188 -0.771143
6.87949 -0.659237
6.55062 -0.97416
7.055 -0.396783
7.12997 1.46773
7.1529 1.4125
5.151 1.17152
5.29263 -0.307026
5.31754 -0.379249
5.42905 -0.64831
5.64294 -0.966796
5.17829 1.37277
5.27461 1.76708
5.28618 1.80239
6.40118 -1.06629
6.21545 -1.13727
5.30442 1.85232
5.46404 2.15146
6.42171 -1.05477
7.00241 1.71644
6.91582 1.84733
7.03122 1.66725
5.64855 -0.972161
6.01302 -1.1552
5.77966 -1.07514
5.69754 -1.01539
7.13389 -0.238936
7.22904 0.0157408
7.2805 0.234883
5.18538 0.149707
5.13392 0.644015
5.15399 0.373775
5.13406 0.640918
7.31113 0.523235
6.60185 2.18896
6.67279 2.12749
7.30937 0.687268
7.19724 1.29358
7.17381 1.35893
7.25224 1.1051
7.22647 1.20026
7.25891 1.07308
7.26964 1.02605
5.27332 -0.24241
5.25226 -0.164942
6.85223 1.93373
6.85869 1.92544
7.30565 0.759444
5.13194 0.778943
5.13294 0.900467
6.30217 2.37433
6.89507 1.8764
7.20211 1.27852
6.30953 2.37068
6.35797 2.34809
7.16529 1.38263
7.30822 0.72033
6.88525 1.89034
5.25063 -0.158673
