6.79077 -0.491275
6.73019 -0.5614
7.05481 1.23723
7.05096 1.24915
6.74492 1.79247
6.76344 1.77072
6.8645 1.63001
6.89663 1.57808
5.7543 -0.740228
5.80608 -0.782352
6.33676 -0.848843
6.34299 -0.846035
6.46471 2.04808
6.47056 2.04471
6.20653 2.16779
6.16658 2.17504
6.00654 2.18736
5.99716 2.18713
5.7453 2.09196
5.79456 2.12385
6.81634 -0.459193
6.87175 -0.379067
6.56633 -0.7159
6.56267 -0.718603
5.29252 0.932203
5.28942 0.859393
5.31318 1.16323
5.30942 1.13157
7.15186 0.797189
7.15386 0.778455
7.10927 1.05299
7.126 0.971266
5.57571 -0.507393
5.55268 -0.464011
5.65823 -0.632941
5.6471 -0.616636
5.41158 1.59654
5.42145 1.62439
5.35259 1.38499
5.36208 1.42326
5.59544 1.95056
5.60205 1.95916
5.49191 1.78546
5.47434 1.74809
6.66451 1.8838
6.59614 1.94631
6.9766 1.43076
6.97134 1.44188
5.93764 -0.859017
6.01229 -0.880339
6.12688 -0.89226
6.04482 -0.887095
7.0819 0.0687597
7.0685 0.0259135
6.98893 -0.173938
6.98459 -0.183358
5.46835 -0.277255
5.44848 -0.223785
5.35064 0.126061
5.35316 0.114233
5.4145 -0.126073
5.39861 -0.068614
5.31419 0.352994
5.30748 0.409524
5.29218 0.600669
5.289 0.681964
7.16003 0.525261
7.16123 0.563045
7.12895 0.259379
7.13852 0.314181
7.10579 1.06744
7.09711 1.10268
7.08532 1.14717
7.08395 1.15247
7.1068 1.06362
7.13303 0.931314
6.5373 1.99687
6.67139 1.87676
6.6786 1.86876
6.52309 2.00777
7.01779 1.33676
7.00015 1.37848
6.36746 2.10574
6.36422 2.10731
6.22703 -0.880889
6.31676 -0.854892
6.31338 2.13178
6.30293 2.13548
5.85474 2.15092
5.89497 2.1663
6.805 -0.474134
6.68766 -0.607022
6.54427 -0.731165
6.46539 -0.784108
5.30087 1.04894
5.29641 0.993762
5.38004 1.49208
5.40637 1.57979
5.54043 1.87011
5.51114 1.82243
6.80469 1.71968
6.71915 1.82258
6.80607 1.71776
6.92026 1.53771
5.84516 -0.811369
5.72577 -0.710592
7.04083 -0.0509964
7.02916 -0.0812481
5.49111 -0.335987
5.50778 -0.3724
5.37515 0.0224353
5.3934 -0.0497695
5.30093 0.475551
5.29519 0.547628
7.14881 0.388021
7.15418 0.43988
6.45094 -0.793181
6.18666 -0.885858
6.51246 2.01489
6.41825 2.07782
6.10113 2.1862
5.98459 2.18462
5.69626 2.05576
6.91611 -0.30884
6.93374 -0.279383
6.64956 -0.643032
5.28833 0.812897
5.32908 1.27318
7.15893 0.718214
7.14191 0.874934
5.52791 -0.414239
5.60359 -0.551934
5.66525 -0.642578
5.45061 1.69615
5.33057 1.28142
5.3294 1.27515
5.66229 2.02337
5.58529 1.93592
6.9705 1.44353
6.80552 1.71855
6.99744 1.38446
5.90647 -0.844144
6.03156 -0.885796
7.10203 0.138718
6.96843 -0.21508
7.11337 0.18569
5.43305 -0.179764
5.34592 0.149341
5.41642 -0.131957
5.33155 0.232764
5.28789 0.770678
5.32608 0.267519
5.28825 0.728529
7.16138 0.672333
7.16111 0.681803
7.02891 1.30789
7.16087 0.68828
7.08205 1.1591
