7.50563 -0.393244
7.46963 -0.477374
4.74674 1.3289
4.74923 1.35984
5.82293 -1.88991
5.8304 -1.89028
4.96527 -0.766556
4.97106 -0.78518
4.84261 -0.276747
4.8271 -0.197713
4.75603 0.294153
4.75936 0.260787
4.72813 0.782502
4.72758 0.798015
7.21079 -0.929285
7.20767 -0.933904
6.62093 -1.54872
6.59512 -1.56776
7.69596 0.461638
7.69839 0.526778
7.68377 0.862411
7.68806 0.822161
7.58371 -0.177733
7.56405 -0.237556
5.32569 2.94893
5.24847 2.87809
5.52346 3.06175
5.43645 3.0222
7.68397 0.303489
7.67595 0.235683
5.31741 -1.57152
5.27302 -1.50344
5.14185 -1.25146
5.18166 -1.33528
4.77057 1.56536
4.77703 1.61649
4.78719 1.68833
4.79505 1.73886
4.82514 1.90131
4.83789 1.96427
6.02826 -1.86425
5.99295 -1.8724
5.68755 -1.86873
5.64224 -1.8543
4.91471 -0.58422
4.92976 -0.640317
5.47583 -1.75304
5.54324 -1.80259
5.3791 -1.65254
5.36532 -1.63509
5.00604 -0.895219
5.03406 -0.977605
5.11898 2.71413
5.13479 2.73837
6.37896 2.93871
6.39726 2.9293
6.1046 3.05836
6.15354 3.04152
5.93458 3.09778
5.99274 3.08595
5.70396 3.10481
5.73802 3.10718
6.42221 -1.68693
6.38264 -1.70977
6.82366 -1.37507
6.78385 -1.41127
7.30811 -0.780043
7.34674 -0.716362
7.46961 1.67516
7.45337 1.71298
6.55154 2.83375
6.53626 2.8438
7.50406 1.59078
7.52272 1.54167
4.72816 0.928442
4.7289 1.02453
5.13888 -1.24512
5.10378 -1.16019
4.8016 -0.0566021
4.78527 0.0512466
4.74497 0.417834
4.73865 0.499123
4.82231 -0.172319
4.80887 -0.0997517
7.46139 -0.496133
7.52035 -0.356765
7.63332 1.17098
7.63261 1.17399
6.89938 2.53909
6.85381 2.58393
6.9916 2.44045
7.00102 2.42941
6.98958 -1.20472
7.01513 -1.17651
7.37566 1.87502
7.38903 1.84892
7.29884 2.01554
7.30014 2.01331
7.18178 2.19661
7.20786 2.15888
7.09689 2.31316
7.10855 2.29808
7.58946 1.33932
7.58307 1.36145
7.66643 0.995794
7.67352 0.946644
7.54656 -0.28726
7.60104 -0.119686
4.73697 1.18899
4.73487 1.14805
5.60918 -1.83846
5.57491 -1.82216
4.7496 0.361882
4.74707 0.391289
4.73217 0.633622
4.73155 0.652145
4.72784 0.897312
4.98587 2.45512
4.95713 2.38328
4.94573 2.35068
4.94987 2.36353
4.886 -0.474927
4.88793 -0.482975
4.72979 1.0402
4.73003 1.05652
4.74206 1.26903
5.97805 -1.87556
5.96072 -1.87835
5.73504 -1.88048
4.85624 -0.341061
6.70327 2.71918
6.72429 2.70224
6.63758 2.77245
6.68554 2.7337
4.76247 0.232841
4.76654 0.195519
4.73612 0.542791
4.73722 0.521751
4.73108 0.669954
4.72794 0.766733
7.11489 -1.05733
7.12461 -1.04544
6.94532 -1.25394
7.69719 0.681793
7.69481 0.733824
7.38426 -0.647957
7.36259 -0.688696
5.35178 -1.61855
5.33038 -1.59151
5.00998 2.50959
6.30474 2.97738
6.27764 2.99002
7.61856 -0.0577794
7.64523 0.0532843
4.76727 1.53659
4.76169 1.48816
5.87911 -1.88861
5.90307 -1.8866
5.40747 -1.68599
5.41181 -1.69024
4.91838 2.26912
4.89812 2.20076
6.19924 -1.80431
6.22501 -1.79378
7.54227 1.48684
7.55425 1.45291
7.61689 -0.064492
6.07832 -1.84971
6.12067 -1.83558
4.88831 -0.4845
5.00234 -0.883942
4.99999 -0.876648
7.65583 0.112225
7.64586 0.0564165
5.42396 3.0155
5.33408 2.9554
5.21605 -1.40305
5.22478 -1.42067
4.75165 1.38862
4.74407 1.29569
4.81524 1.85228
4.8073 1.80903
4.9747 -0.796602
4.94217 -0.685094
5.068 -1.07004
5.04716 -1.01512
6.62264 2.78335
6.98788 2.44468
6.9242 2.51315
5.06951 2.63099
5.04429 2.5841
6.27579 -1.76764
6.2287 -1.79192
7.16768 -0.987315
7.21894 -0.917576
6.25139 3.00233
6.16549 3.03672
5.87355 3.10507
5.83026 3.10851
6.52108 -1.6221
6.69207 -1.49109
7.25914 -0.856626
7.27831 -0.827395
7.33798 1.94627
7.34624 1.93119
7.11329 2.29166
7.1591 2.22906
7.61261 1.256
7.60961 1.26776
7.69856 0.553486
7.69406 0.420689
6.44377 2.90268
6.4547 2.89668
7.66722 0.177004
5.22892 2.85771
5.56175 3.0746
5.62399 3.09133
5.17526 2.79299
7.6902 0.368605
5.23599 -1.44177
5.32537 -1.5841
5.14058 -1.24883
4.75933 1.4659
4.77793 1.62366
4.76901 1.55233
4.79748 1.75262
4.85784 2.05313
4.88889 -0.486778
4.99209 -0.850636
5.46836 -1.74592
5.55239 -1.80927
5.08379 -1.10992
4.76931 0.171767
4.78091 0.0816242
5.10027 2.68256
6.32422 -1.74403
4.8629 2.07551
4.86061 2.06569
6.33797 2.96072
6.08941 3.063
5.76766 3.10749
6.03955 3.07637
5.65888 3.0978
6.72175 -1.46671
6.49242 -1.64092
6.87111 -1.32869
7.35535 -0.701423
7.69881 0.635326
7.43204 1.75983
7.48917 1.62843
6.46586 2.89003
7.14649 -1.0166
6.9408 -1.25874
4.87449 2.11968
4.80326 -0.0671794
7.6479 1.10067
7.63044 1.18317
7.65027 1.08751
7.65297 1.07436
6.81155 2.62452
6.78023 2.65264
7.05493 2.36512
7.08919 -1.08978
7.08036 -1.1005
7.41216 1.8022
7.29255 2.0261
7.24454 2.10332
7.25481 2.08753
7.56404 1.42286
7.66037 1.03194
7.67864 0.9095
7.6921 0.77157
7.41287 -0.595013
7.4105 -0.599662
6.75639 2.67397
7.26127 2.0775
5.92829 -1.88393
5.43898 -1.71783
5.84303 -1.8898
5.40186 -1.68025
6.12693 -1.83358
6.06405 -1.85373
5.02504 2.54472
7.42224 -0.576168
7.0755 -1.10635
7.03536 -1.15364
7.69872 0.644419
