6.24492 -2.40075
6.21571 -2.42122
4.74599 -1.58154
4.76963 -1.66707
5.25877 -2.71835
5.25388 -2.71502
8.03803 0.180147
8.04657 0.246137
4.5714 -0.90587
4.57497 -0.920446
4.35343 1.35814
4.35246 1.34565
4.34156 0.932476
4.34173 0.977153
4.34221 0.850152
4.34187 0.831511
4.35713 1.4305
4.36056 1.48632
5.73899 3.74164
5.74693 3.73976
4.47852 -0.482873
4.48061 -0.493079
4.35847 0.406341
4.35479 0.462824
5.58082 3.75836
5.51502 3.759
4.41964 2.06118
4.42302 2.09077
5.34644 3.74055
5.40733 3.75109
6.87747 -1.89256
6.84628 -1.92229
5.0502 -2.45889
5.05352 -2.46637
6.40839 -2.28363
6.44767 -2.25336
4.7976 -1.76094
4.77156 -1.67345
7.96354 -0.193489
7.97389 -0.155789
7.90256 -0.391
7.88352 -0.44486
5.90285 -2.61307
5.86731 -2.63295
8.05197 0.312954
8.0468 0.248149
8.01742 0.0448374
8.00938 -0.00114722
7.98917 -0.0933358
7.99767 -0.0557963
6.63485 3.32336
6.64157 3.31843
6.84621 3.15417
6.8586 3.14359
4.40726 1.97113
4.40263 1.93391
4.43467 2.16474
4.44134 2.20882
7.69622 -0.857581
7.67289 -0.900502
7.80959 -0.625013
7.78426 -0.681588
6.00088 3.67046
5.96487 3.68321
6.41484 3.47091
6.39749 3.48068
6.19159 3.59095
6.11284 3.62553
7.11274 2.90046
7.10043 2.9138
7.44545 -1.25721
7.46388 -1.23215
7.56484 -1.08254
7.56085 -1.08878
6.70331 -2.0473
6.65124 -2.09222
7.04805 -1.7267
7.03766 -1.73738
8.0533 0.777431
8.05662 0.736871
6.03828 -2.53567
6.07427 -2.51328
4.69702 -1.40026
4.70651 -1.43487
5.41914 3.753
5.43268 3.75411
4.91096 3.49465
4.90309 3.48544
4.61223 -1.07152
4.60398 -1.03823
4.34634 0.642061
4.34817 0.593233
4.61686 2.9641
4.61949 2.97256
7.26622 -1.48654
7.26025 -1.49373
4.75068 3.27044
4.76709 3.29741
4.56045 -0.859635
4.54568 -0.794375
4.34496 1.1508
4.34368 1.10415
4.64919 -1.21818
4.6439 -1.19729
5.24197 -2.7054
5.2901 -2.73198
5.48913 -2.76528
5.48059 -2.76602
5.16484 -2.63674
5.1818 -2.6542
5.09321 -2.5387
5.13946 -2.60599
5.81515 3.72446
4.50933 -0.630003
4.45915 -0.377917
4.45289 -0.344444
4.45886 2.31575
4.46026 2.32649
4.40779 -0.0657486
4.4211 -0.154922
4.3756 0.200689
4.38836 0.0837642
6.30366 3.5345
6.26206 3.5553
7.71605 2.01383
7.70501 2.03682
7.80327 1.81848
7.79485 1.83883
4.54382 2.72143
4.52202 2.63063
4.48268 2.44429
4.47943 2.42875
4.55938 2.77866
4.5465 2.73162
7.21678 2.78441
7.21962 2.78108
8.02849 1.00278
8.03133 0.982762
7.98326 1.25095
7.98211 1.25605
7.44751 2.48209
7.41222 2.53276
7.32025 2.65703
7.27722 2.71107
7.36061 -1.37065
7.35725 -1.37507
6.79195 -1.97024
6.94245 -1.8318
7.11592 -1.65592
7.53951 2.33937
7.52589 2.36149
7.61924 2.20278
7.62218 2.19746
4.85307 -1.94407
4.83447 -1.88395
4.88395 -2.03822
4.87862 -2.02309
4.94165 -2.20282
4.92719 -2.16261
4.98976 -2.32597
4.98076 -2.30256
7.87276 1.63723
7.86999 1.64523
7.92689 1.46986
7.92878 1.46347
5.34979 -2.75667
5.33712 -2.75398
6.48667 -2.22279
6.53537 -2.1861
6.38317 -2.30145
5.6309 -2.73228
5.65892 -2.72416
5.5907 -2.74393
5.54326 -2.75702
7.94032 -0.272977
7.95223 -0.234115
7.91773 -0.346125
7.85843 -0.510295
7.86632 -0.489999
4.83815 3.40631
4.82263 3.38511
6.54176 3.38948
6.62889 3.32789
6.68042 3.28896
6.69796 3.27533
6.75316 3.23188
6.7945 3.1978
6.88494 3.12033
6.90883 3.09874
6.52522 3.40101
5.85226 3.71608
5.94329 3.6893
4.4107 1.99754
4.45653 2.30312
6.0787 3.64085
6.52247 3.40274
6.4657 3.43889
6.22263 3.57535
7.09276 2.92162
7.05593 2.9588
6.61157 -2.12375
6.74916 -2.0089
6.95984 -1.81425
7.13195 -1.6392
8.05889 0.688656
8.04751 0.85141
6.29016 -2.36954
6.34495 -2.33033
6.57434 -2.15433
4.68035 3.12823
4.70581 3.18279
5.13217 3.66385
5.15168 3.67452
5.02634 3.59662
5.04771 3.61307
8.06241 0.500394
8.06269 0.508337
4.37638 1.6884
4.38147 1.74294
4.3699 1.61462
4.36562 1.56097
4.56886 2.81022
4.58035 2.84998
4.54122 -0.775032
4.54378 -0.785977
6.13553 -2.47418
6.10239 -2.49607
5.43367 -2.76811
4.82081 -1.83728
4.80799 -1.79436
4.34426 0.72315
4.34335 0.740931
5.68154 3.74949
5.66284 3.75123
4.52222 -0.689979
5.01645 -2.38804
5.01329 -2.37984
4.37512 0.205346
4.36433 0.327385
4.64608 3.04384
4.6422 3.03463
4.66728 3.09654
5.29884 3.72871
5.27645 3.72315
7.17818 2.82809
7.21529 2.78618
8.04628 0.862026
7.1687 -1.59831
4.72909 3.2304
4.71386 3.20069
8.06123 0.625159
5.70331 -2.70748
5.74538 -2.69039
4.86751 3.44169
4.79071 3.33755
4.98143 3.56068
4.92259 3.50635
6.95786 3.05355
7.02077 2.99374
5.09311 -2.53854
4.34789 1.23115
4.34797 1.24624
4.41454 2.02744
4.6726 -1.30958
4.66735 -1.2901
4.77104 -1.67178
4.7385 -1.55394
5.97278 -2.57448
5.98675 -2.56683
8.04669 0.247183
8.03043 0.121308
4.35161 1.29464
4.35376 1.36987
4.34189 0.995782
4.34162 0.913653
4.3438 0.786651
4.34173 0.868874
4.36084 1.49092
4.3567 1.42217
4.35415 0.474251
4.35903 0.397604
5.49549 3.75877
5.62379 3.7556
4.38989 0.0707582
4.4036 -0.0362159
7.75618 -0.740645
7.73022 -0.792988
7.76149 1.91598
7.75106 1.93934
4.51289 2.588
4.49998 2.53015
8.00788 1.12885
8.00996 1.11737
7.38461 2.57175
7.34712 2.62203
7.5147 -1.15774
7.48547 -1.20084
7.40389 -1.3138
7.37476 -1.35223
7.58 2.27193
7.57555 2.27954
7.21504 -1.54639
7.20908 -1.55315
5.44579 -2.76754
5.43563 -2.76812
5.81672 -2.65679
5.7507 -2.68837
5.61432 -2.73858
4.72111 -1.49117
5.9937 -2.56301
5.98953 -2.56537
8.05737 0.377427
8.00461 -0.0237567
8.02742 0.102819
7.98336 -0.118958
7.62974 -0.97582
7.83499 -0.566291
7.61268 -1.00463
7.57367 -1.06855
7.41119 -1.30435
8.06272 0.525944
6.08689 -2.50567
4.67428 -1.3157
5.07603 3.63117
5.09828 3.64573
5.41528 3.75243
4.59855 -1.01636
4.61968 -1.10127
4.37027 1.61885
4.37543 1.67878
4.34882 0.578451
4.34583 0.658422
4.63093 3.00499
4.5989 2.91033
7.21582 -1.54548
7.30455 -1.44044
4.34333 1.08636
4.34549 1.16765
4.62604 -1.1266
5.52446 -2.76005
5.19159 -2.66559
5.14874 -2.6164
4.34239 1.04065
4.36485 1.55047
4.44021 -0.272713
4.47685 -0.474283
4.36349 0.338002
4.35112 0.528034
4.42862 -0.204057
4.37516 0.204903
7.66739 2.11198
7.83654 1.7355
7.84195 1.72127
7.65716 2.13186
4.54601 2.72988
4.47181 2.39055
4.56298 2.79081
5.19645 3.69416
5.20961 3.7
5.23944 3.71039
7.25478 2.73889
7.99058 1.21497
8.04521 0.872866
7.95452 1.36898
7.47339 2.44329
7.31462 -1.4279
7.49795 2.40539
7.60279 2.23213
4.83222 -1.8773
4.85629 -1.9535
4.91833 -2.14003
4.95357 -2.23255
4.96518 -2.26524
5.01049 -2.37279
7.90056 1.55551
7.90125 1.55341
7.908 1.53167
7.94986 1.38656
5.67007 -2.71947
6.73188 3.24942
6.93564 3.07476
4.39728 1.89193
4.39248 1.85088
6.28153 -2.37586
6.35746 -2.32098
4.99971 3.57691
4.5885 -0.975178
4.38304 1.75829
4.3444 0.70598
4.59201 2.88709
4.34706 1.21552
6.16036 -2.45763
5.09309 -2.53851
5.09307 -2.53848
5.73018 3.74314
8.05757 0.380233
4.87415 -2.0105
5.07117 -2.49887
5.74759 -2.68962
6.8341 3.16481
4.39953 1.91122
8.06205 0.598969
6.18418 -2.44224
4.90344 -2.09289
4.38803 1.80668
4.38981 1.82489
6.94705 3.06387
6.74229 3.24084
7.87981 -0.45493
