4.72891 -1.16191
4.7506 -1.24147
5.41381 -2.52191
5.40516 -2.51906
5.02103 -2.04348
5.00693 -2.00935
5.0707 3.43664
5.11243 3.46945
4.6579 -0.892763
4.6479 -0.851878
4.57531 -0.531433
4.55632 -0.438824
5.94993 3.56405
5.93259 3.56822
6.17753 3.4787
6.2624 3.43772
4.5999 2.51722
4.61353 2.57359
4.65417 2.71958
4.65708 2.72847
7.07017 2.82209
7.03671 2.8566
7.18643 2.69245
7.18614 2.6928
7.28942 2.56358
7.3159 2.52812
7.40996 -1.16861
7.45534 -1.10429
6.5865 -2.02412
6.627 -1.99307
6.93872 -1.7154
7.01424 -1.6416
7.48898 2.27138
7.49988 2.25314
4.83267 -1.52035
4.82144 -1.48245
7.81781 -0.396892
7.81349 -0.408771
4.84785 3.17372
4.81609 3.1186
5.00006 3.37281
5.01385 3.3862
5.29582 3.56718
5.30729 3.57158
5.80061 -2.49667
5.76954 -2.50805
4.9037 -1.73598
4.89075 -1.69993
6.78867 3.08644
6.76989 3.10256
6.52459 3.28524
6.57368 3.25138
4.60001 -0.645937
4.63739 -0.807442
4.94689 -1.86037
4.95168 -1.87223
4.53911 2.2296
4.52578 2.15618
4.49815 1.97921
4.50104 1.99847
7.71589 -0.643708
7.74072 -0.587772
7.59495 -0.877785
7.61829 -0.836172
6.40787 3.35938
6.40137 3.3634
6.93028 2.96062
6.9909 2.90321
7.51076 -1.01883
7.47409 -1.07619
6.7699 -1.87121
6.82264 -1.82559
7.09437 -1.55699
7.03899 -1.6158
7.98537 0.570206
7.98534 0.554873
6.3533 -2.19632
6.41112 -2.15754
6.28438 -2.24441
6.24003 -2.27132
5.49525 3.61397
5.50042 3.6144
4.71715 2.90249
4.69684 2.84667
7.69846 1.86856
7.67898 1.91242
7.97588 0.787621
7.97891 0.749527
4.77928 -1.3422
4.76297 -1.28673
5.42299 -2.52398
7.8552 -0.287588
7.8544 -0.290119
5.0613 -2.1277
5.06817 -2.14302
5.17356 -2.32103
5.14122 -2.27409
6.12044 -2.34651
6.08881 -2.36378
5.23955 -2.40444
5.21441 -2.37663
5.31372 -2.46917
5.26715 -2.43215
4.42409 0.884441
4.42418 0.850056
4.42492 1.01095
4.42453 0.977056
4.43858 1.38309
4.43706 1.35841
4.44706 1.50332
4.44585 1.48671
4.53577 -0.330252
4.54949 -0.403726
4.44594 0.352618
4.44763 0.331011
4.43648 0.488942
4.43811 0.461468
4.46494 0.150179
4.4673 0.128459
5.97451 3.55631
5.83436 3.59255
6.10909 3.50666
6.2899 3.42468
4.56823 2.38193
4.56665 2.37438
7.96062 0.935651
7.9463 1.0362
7.90016 1.27089
7.9189 1.1873
7.24244 -1.38802
7.20867 -1.42835
7.33264 -1.27379
7.30365 -1.31192
6.68026 -1.94807
6.52777 -2.07103
7.01897 -1.63667
6.91887 -1.73536
7.56781 2.13357
7.53476 2.19325
7.4048 2.402
7.43469 2.3571
7.84458 1.4776
7.86685 1.40222
7.78837 1.64517
7.80957 1.58548
7.89095 1.31096
7.88428 1.33684
5.56616 -2.54375
5.55066 -2.54506
5.65849 -2.53405
5.64183 -2.53783
7.90329 -0.116153
7.90371 -0.114546
7.80784 -0.423761
4.93895 3.30321
4.9587 3.32756
6.85906 3.02551
6.8401 3.04249
6.64343 3.20075
6.62884 3.2118
6.51183 3.29414
4.46863 1.74568
4.46815 1.74138
4.54648 2.27274
4.51474 2.08967
5.70293 3.61287
5.71368 3.61232
5.79313 3.59992
5.77615 3.60345
6.06423 3.52536
6.4004 3.36393
6.99902 2.89502
6.91022 2.98002
6.48857 -2.09934
6.85628 -1.7937
6.72525 -1.91108
7.10829 -1.54242
6.31741 -2.22147
4.77932 3.04721
4.81282 3.11267
6.02512 -2.39785
6.03842 -2.39148
4.6901 -1.01656
4.69504 -1.0352
4.45548 1.606
4.4562 1.61502
4.48811 -0.0381237
4.49877 -0.11095
4.42735 0.689022
4.4263 0.722263
4.43253 0.561932
4.43109 0.591884
4.74282 2.96469
4.72154 2.91434
7.19216 -1.44789
7.17661 -1.46575
7.97112 0.845017
7.96966 0.859368
4.64475 -0.838571
4.42974 1.19995
4.43081 1.23105
4.42607 1.07082
4.42679 1.10405
6.18712 -2.30633
7.87616 -0.215749
4.86622 3.20205
4.91414 3.27198
4.67571 -0.961893
4.67846 -0.972191
6.71866 3.14395
6.70051 3.15784
4.51371 -0.204619
4.51764 -0.228877
7.63305 2.00858
7.62635 2.02227
5.94592 -2.43774
5.93759 -2.44178
7.97956 0.380902
7.97502 0.315343
4.48552 1.88433
4.48369 1.8712
5.32815 -2.47969
7.94874 0.105038
7.94174 0.0621704
4.51021 2.0621
4.99025 3.36202
4.75355 -1.25244
4.71828 -1.12226
4.86015 -1.60888
4.85859 -1.60366
5.09289 -2.19136
5.10252 -2.20903
4.99639 -1.98573
5.03657 -2.0764
4.91953 3.27931
5.16867 3.50616
5.32429 3.57616
5.40385 3.59876
5.89375 -2.46094
5.87842 -2.46801
7.96458 0.216381
7.9611 0.186212
4.43411 1.29454
4.43458 1.32283
4.42425 0.947847
4.42411 0.913556
4.42556 0.786555
4.42408 0.820947
4.44257 1.44335
4.44119 1.42256
4.4408 0.421032
4.44249 0.396246
5.57207 3.6189
5.60102 3.61878
4.50646 2.03876
4.48068 0.0149969
4.48158 0.00793142
7.65869 -0.760094
7.67507 -0.728003
4.58929 2.47448
4.63824 2.666
4.66941 2.76718
4.64249 2.68144
7.14795 2.73648
7.18701 2.69177
7.94184 1.06354
7.92186 1.17275
7.24742 2.61724
7.35331 2.47692
7.46154 -1.09511
7.37546 -1.21701
7.28844 -1.33077
7.24836 -1.38105
7.529 2.2033
7.4866 2.27527
7.8177 1.56127
7.83929 1.49492
7.98479 0.598353
7.98267 0.674537
5.61369 -2.54045
5.59641 -2.5432
4.80571 -1.43147
4.86453 -1.6229
5.21019 3.52961
5.19061 3.51947
5.4797 3.61168
5.70136 -2.52544
7.96835 0.249025
7.91824 -0.0561543
7.9187 -0.0539992
7.91791 -0.0576859
4.92251 -1.79117
4.95693 -1.88521
4.49214 1.93483
7.6894 -0.699294
7.76624 -0.528686
7.55844 -0.94072
7.35778 -1.24142
7.52722 -0.992754
7.98457 0.479033
4.78513 -1.36159
5.9823 -2.41999
5.98802 -2.4175
5.687 -2.52963
4.46151 1.67551
4.46183 1.67917
4.42966 0.625314
4.42841 0.657078
4.68865 2.82229
4.71828 2.90572
4.42766 1.13524
4.42859 1.16755
4.52336 -0.26223
4.70456 -1.07118
5.49449 -2.54166
5.50453 -2.54269
5.10763 -2.21709
5.18454 -2.33813
5.21304 -2.37526
5.24952 -2.41398
4.42514 1.04056
4.45078 1.55086
4.45156 0.283904
4.43399 0.526686
4.45466 0.249912
4.63967 2.67151
4.56602 2.37122
7.2242 2.64625
7.12645 2.76097
7.96469 0.903464
7.89192 1.30707
7.37986 2.4388
7.19407 -1.44562
7.60553 2.0624
7.58002 2.1111
7.4474 2.33737
7.86906 1.39416
7.77781 1.67401
5.51489 -2.54279
7.88861 -0.172804
6.7554 3.11431
4.47459 1.80022
4.46581 1.71932
6.06737 -2.37507
4.42523 0.752833
4.75294 2.98722
4.6765 2.78758
4.55457 2.31374
7.72421 1.80955
7.75687 1.72928
7.67353 1.92426
4.76957 3.02537
7.14632 -1.50013
7.97191 0.837773
4.43186 1.26468
5.35801 -2.49644
5.62971 3.61737
4.97907 -1.9419
7.98357 0.449507
4.47672 1.81646
4.47556 1.8075
7.98163 0.698337
6.68302 3.17108
6.8209 3.05945
7.07993 2.81169
7.71714 1.82658
5.36756 -2.5018
5.20791 -2.36877
7.76612 1.70547
7.7769 -0.502893
6.61559 3.22177
5.71767 3.61211
7.88822 -0.174197
5.72728 3.61098
