5.33827 -2.2007
5.31664 -2.18178
6.12895 -2.186
6.18801 -2.15385
5.6486 -2.3236
5.7069 -2.32315
4.97462 -1.56921
5.00305 -1.64221
4.73748 -0.799958
4.70597 -0.671538
5.07492 -1.80889
5.11005 -1.88224
4.61108 2.03829
4.60461 1.99953
7.60647 -0.665537
7.5563 -0.763126
6.38593 3.2402
6.3842 3.24109
7.84534 1.11454
7.84845 1.0977
7.43122 2.19367
7.43435 2.18842
7.34736 2.32471
7.3289 2.35201
7.75093 1.48641
7.74094 1.5176
7.89587 0.664079
7.89729 0.619392
7.74685 -0.330457
7.71087 -0.429244
7.79878 -0.163402
7.8145 -0.105184
5.09423 3.2337
5.10429 3.24361
5.28623 3.37388
5.30043 3.38136
5.78425 -2.31243
5.80035 -2.30948
5.58163 -2.31905
5.62116 -2.32367
4.91349 2.99626
4.92497 3.01556
7.8638 0.135136
7.84817 0.0451367
7.89202 0.393047
7.88615 0.314537
4.95643 -1.52252
4.93528 -1.46192
4.55501 1.62824
4.56041 1.67963
4.53689 1.423
4.53408 1.39179
4.57588 1.80796
4.57051 1.76789
4.76346 -0.901175
4.75675 -0.876621
5.11316 -1.8888
5.15354 -1.9606
4.88153 2.9371
4.86832 2.91186
5.98873 3.41114
5.93267 3.42632
6.16141 3.35008
6.08133 3.38015
5.68609 3.4604
5.65327 3.46107
6.85713 2.89488
6.87641 2.87757
6.9891 -1.52989
6.98512 -1.53395
7.44931 -0.946419
7.47889 -0.898885
6.43972 -1.99499
6.39819 -2.02488
6.65685 -1.83304
6.59906 -1.8788
6.87484 -1.64202
6.79549 -1.71457
6.01098 -2.23998
6.03676 -2.22957
4.5172 0.913447
4.5168 0.893978
4.52182 1.14506
4.52257 1.16744
4.53429 0.425793
4.53881 0.360832
4.58411 -0.0485316
4.57039 0.058209
4.52259 0.631829
4.52152 0.655563
4.68241 2.38118
4.6794 2.36985
7.87769 0.903742
7.879 0.893789
4.62444 -0.284341
4.60695 -0.188067
4.81937 -1.09806
4.80646 -1.05294
7.7826 -0.219624
7.75379 -0.310191
6.25551 -2.11577
6.0872 -2.20629
7.07811 -1.43441
7.10082 -1.4095
5.81641 3.44927
5.8853 3.43549
6.3961 3.23407
6.27416 3.29909
4.74402 2.60186
4.71657 2.50936
4.76136 2.65276
4.74558 2.60663
4.80527 2.76994
4.81052 2.78377
7.15168 2.58712
7.166 2.56984
7.07482 2.67553
7.08513 2.66414
7.25422 2.45691
7.20361 2.52272
6.54263 -1.92076
6.49919 -1.95415
6.90407 -1.61387
6.89208 -1.62579
7.50948 2.0551
7.52599 2.02417
7.79944 1.31957
7.79615 1.3323
7.70757 -0.437993
6.74252 2.99245
6.72279 3.00891
6.503 3.16819
6.51078 3.16311
4.5538 1.61547
4.54384 1.50958
4.54195 1.48715
4.53315 1.37911
4.5297 1.33006
4.76687 -0.91352
4.63455 2.16407
4.64375 2.21211
5.75341 3.45669
5.91687 3.42953
6.04765 3.39308
6.24186 3.31351
6.49659 3.17253
5.70516 3.46016
6.89035 2.86418
6.98241 -1.53669
7.06619 -1.4476
6.33019 -2.0679
6.73227 -1.76909
6.69788 -1.79914
6.96725 -1.55179
6.28759 -2.09613
5.24403 -2.09824
5.24765 -2.10355
5.3015 -2.16528
5.28226 -2.14506
5.90175 -2.28221
5.93584 -2.27025
4.51823 1.02015
4.5179 0.976946
4.51678 0.869406
4.51675 0.830505
4.52567 1.25556
4.52371 1.20746
4.52059 1.10394
4.87001 -1.26688
4.88073 -1.29994
4.52926 0.497215
4.53189 0.459942
4.54142 0.329485
4.58602 -0.0615564
4.51821 0.74169
4.51961 0.698919
4.52448 0.590364
7.63855 1.78796
7.65977 1.73841
7.02316 2.73166
7.03599 2.71852
7.16852 -1.33109
7.13011 -1.37599
7.29654 -1.16925
7.24603 -1.23603
7.79056 -0.192366
5.45412 -2.27885
5.39083 -2.24348
5.88534 -2.2871
5.86915 -2.29115
4.51915 1.04044
4.51919 1.0613
6.70368 3.02436
6.63067 3.07892
6.54862 3.13753
6.57182 3.12133
4.64423 -0.389056
4.63268 -0.329322
4.52826 0.525152
4.52621 0.551196
4.62146 2.09654
4.62727 2.12685
4.58756 -0.0712257
4.59766 -0.133503
4.66439 2.3075
4.66505 2.3106
4.65219 2.2513
6.95986 2.79508
7.66048 1.73663
7.69296 1.65415
7.6383 -0.597148
7.61737 -0.64325
5.5426 -2.31192
5.53086 -2.30874
5.51091 3.44819
5.49996 3.44708
4.96013 3.07048
4.9863 3.10811
4.57656 1.81271
4.58488 1.87213
7.33126 -1.12253
7.88894 0.787859
7.89147 0.75445
4.55241 1.60044
4.54781 1.55131
4.67663 -0.545968
4.66111 -0.472231
4.54389 0.30127
4.54732 0.264238
4.84545 -1.18758
4.84126 -1.17318
5.4816 -2.29258
5.46924 -2.28761
5.76539 -2.3148
5.3992 3.42141
5.41785 3.42696
5.02014 3.15239
5.00727 3.1365
7.88078 0.261402
7.87091 0.181243
5.03102 -1.70973
4.96794 -1.55269
5.04889 -1.75398
5.11181 -1.88599
4.60114 1.97975
4.61571 2.06318
7.54562 -0.782652
7.61223 -0.653961
7.61564 1.84093
7.57203 1.93381
4.77805 2.69946
4.76607 2.66571
7.11336 2.63167
7.14442 2.59586
7.82097 1.23259
7.86625 0.988768
7.40051 -1.02319
7.38275 -1.04952
7.47091 2.12514
7.41693 2.21707
7.30376 2.38799
7.38341 2.2703
7.72299 1.57018
7.76969 1.42608
7.82015 1.23648
7.8197 1.23837
7.8929 0.730963
7.89725 0.606583
7.84181 0.0135535
7.82159 -0.0756834
5.07005 3.20697
5.17989 3.30681
5.20277 3.32371
5.33678 3.39592
5.47204 3.44034
7.89504 0.445446
4.92574 -1.43337
4.90416 -1.37035
5.03948 -1.73104
4.68791 -0.596174
4.69283 -0.617154
5.18006 -2.00681
4.59428 1.93588
7.49699 -0.868314
7.40919 -1.0101
7.89724 0.510605
6.05595 -2.22029
5.98631 -2.25101
5.50267 -2.29921
5.19848 -2.03357
4.66817 2.32447
4.69472 2.42908
7.88358 0.845633
7.87512 0.924795
4.60541 -0.179189
4.79353 -1.00838
4.85761 -1.22792
4.70216 2.45593
4.74525 2.6057
7.18941 2.54079
7.0567 2.696
7.86993 0.963026
7.82023 1.23616
7.2713 2.43357
7.54686 1.98345
7.48153 2.10636
7.38996 2.26009
7.77639 1.40288
7.71005 1.60699
4.56722 1.74115
4.56778 1.74598
4.52916 1.32297
4.53395 1.39016
4.89744 2.96732
5.60156 3.45906
5.63711 3.46034
5.96505 -2.25857
4.78244 -0.968737
4.51667 0.805839
4.52613 1.26955
4.52307 1.19055
4.89285 -1.33791
4.56003 0.142784
4.55117 0.222728
4.51732 0.765581
4.52034 0.677882
4.82431 2.81738
7.18717 -1.30894
7.88769 0.80618
6.60054 3.10168
7.69529 1.64796
7.66034 -0.549815
4.95472 3.06241
4.5868 1.88482
5.20882 -2.04807
5.83481 -2.3012
7.61795 1.83592
7.56983 1.93828
7.34952 -1.0974
4.9307 3.02407
4.52766 1.29469
4.56112 1.68727
4.53981 1.4611
4.54943 0.239438
4.51705 0.785937
7.68489 -0.492142
4.51745 0.933292
4.56643 0.0878399
5.24912 -2.10566
7.23766 -1.24667
7.24281 -1.24023
6.61489 3.09089
4.85315 2.88093
4.84033 2.85274
4.94537 3.04759
7.66401 -0.541514
5.25214 -2.1093
