4.7495 -1.14738
4.76128 -1.19058
5.13551 -2.18276
5.10726 -2.13442
4.96196 3.27267
4.98152 3.29636
5.36418 3.54728
5.30571 3.52793
5.31514 -2.39955
5.29908 -2.38869
4.58078 -0.449961
4.57619 -0.427579
4.65943 -0.802332
4.66844 -0.839044
5.94591 3.53191
5.87325 3.54935
6.17382 3.44911
6.22321 3.42526
4.63196 2.53717
4.6372 2.55884
4.67924 2.70395
4.68699 2.72762
6.99621 2.86598
7.06219 2.79791
7.17827 2.66772
7.16275 2.68616
7.90191 1.1705
7.9242 1.05009
7.28138 2.53921
7.29057 2.52691
7.39591 -1.15205
7.42663 -1.10851
6.55431 -2.01773
6.6206 -1.9669
6.91292 -1.71028
6.91368 -1.70954
7.47534 2.25303
7.51174 2.19215
7.82356 1.47958
7.82296 1.48147
7.9641 0.600028
7.96483 0.576936
5.56687 -2.49182
5.54566 -2.49051
4.85512 -1.50451
4.85237 -1.49526
7.80105 -0.381203
7.78925 -0.413606
4.87003 3.1434
4.85004 3.10871
5.11663 3.42327
5.11061 3.41881
5.44179 3.56484
5.4986 3.57552
7.92395 0.0788269
7.92297 0.073196
4.94313 -1.7605
4.91661 -1.68664
6.77368 3.0688
6.76644 3.07502
4.48385 1.66966
4.48486 1.67928
4.62055 -0.634311
4.95649 -1.79898
4.98018 -1.85758
4.5667 2.24673
4.54777 2.14248
4.52004 1.96557
4.52501 1.99871
7.69098 -0.648676
7.73577 -0.547775
7.56796 -0.88317
7.60386 -0.819165
5.78291 3.56846
5.76773 3.57041
6.39772 3.33433
6.49267 3.27558
6.90552 2.95359
6.92376 2.93633
7.49696 -1.00256
7.48865 -1.01555
6.74118 -1.86551
6.81648 -1.80038
7.06841 -1.55183
7.00798 -1.616
6.31571 -2.18886
6.41184 -2.12439
6.28512 -2.21021
6.21623 -2.25201
5.77005 -2.46188
5.80134 -2.45374
4.50482 0.000168069
4.50232 0.0196682
7.68478 1.85016
7.67484 1.87255
7.95464 0.800972
7.95898 0.746509
4.80127 -1.32668
4.77975 -1.25354
7.83806 -0.271538
7.83064 -0.294859
5.16466 -2.23117
5.1875 -2.26391
6.15218 -2.29228
6.08843 -2.32709
4.44557 0.871938
4.44563 0.850031
4.44634 0.998488
4.44609 0.977031
4.45953 1.37089
4.45877 1.35851
4.46805 1.4911
4.46774 1.48681
4.57122 -0.40134
4.57454 -0.419097
4.46848 0.338774
4.46911 0.330662
4.45877 0.47525
4.45961 0.461118
6.04889 3.49946
5.83028 3.55999
6.06628 3.49304
6.28623 3.39537
7.93758 0.95714
7.94311 0.918331
7.20996 -1.3928
7.17739 -1.4317
7.30253 -1.27822
7.28955 -1.29529
6.65 -1.94207
6.5212 -2.04418
6.99232 -1.63139
6.91278 -1.71042
7.55461 2.11582
7.53636 2.14878
7.39155 2.38416
7.41034 2.35593
7.76665 1.64721
7.79404 1.57011
7.86934 1.31299
7.8505 1.38605
7.77384 -0.454494
6.83318 3.01817
6.82538 3.02515
6.61467 3.19259
6.61336 3.19358
6.55769 3.23255
6.56031 3.23084
4.49359 1.76119
4.48995 1.72869
4.47867 1.61512
4.67262 -0.855678
4.56877 2.25885
4.54179 2.10647
5.60677 3.58229
5.68443 3.57834
6.06048 3.49546
6.3643 3.35245
6.50831 3.26601
6.97411 2.88795
6.90247 2.95655
6.45425 -2.09253
6.8292 -1.78832
6.71896 -1.88536
7.10199 -1.51667
6.29978 -2.20002
4.80491 3.02627
4.81007 3.03636
6.00179 -2.37129
6.03804 -2.35392
5.91256 -2.41147
5.93718 -2.40185
4.71068 -1.00203
4.71925 -1.0344
4.48724 0.143179
4.48803 0.135994
4.51937 -0.0992851
4.44839 0.701214
4.44773 0.721915
4.45342 0.574044
4.45258 0.591534
4.76311 2.93109
4.77691 2.96372
4.72762 2.84579
4.72665 2.84332
4.58097 2.31806
4.59274 2.37232
7.94921 0.858788
7.9435 0.91499
4.45181 1.21274
4.45244 1.23102
4.44796 1.08351
4.44841 1.10403
6.18789 -2.27076
5.40049 -2.45331
5.36772 -2.43589
7.86552 -0.17741
5.04109 -2.00267
5.0407 -2.00192
4.90141 3.1918
4.9118 3.20697
4.69625 -0.947398
4.70264 -0.971388
6.71522 3.1165
6.67184 3.14971
4.53115 -0.173117
4.5383 -0.217183
7.62906 1.97015
7.60245 2.02452
4.57983 2.31302
4.57487 2.28972
5.60937 -2.49119
5.63732 -2.4886
7.87101 -0.158081
7.88113 -0.11905
7.95732 0.348824
7.95622 0.332942
4.51136 1.90037
4.50733 1.87144
7.95917 0.743719
7.95928 0.742163
5.46667 -2.47634
5.44115 -2.47006
4.53455 2.06235
4.77489 -1.23738
4.74583 -1.13367
5.4992 -2.48461
5.08476 -2.09009
5.14476 -2.19974
5.01525 -1.94499
5.0394 -1.99909
5.0118 3.32949
4.94219 3.24834
5.40239 3.55813
5.22225 3.49056
5.86649 -2.4299
5.88673 -2.42299
7.94362 0.208518
7.943 0.203157
4.45517 1.29452
4.45544 1.31069
4.44569 0.935368
4.4456 0.913531
4.44643 0.78653
4.44548 0.808487
4.89585 -1.62566
4.88508 -1.59528
4.46352 1.43115
4.46296 1.42266
4.46319 0.40728
4.46397 0.395896
5.59174 3.58298
5.59506 3.58297
4.52855 2.025
7.63245 -0.76533
7.66035 -0.710657
4.61276 2.45986
4.64832 2.60043
4.69459 2.75149
4.66838 2.66849
7.13995 2.71224
7.20826 2.63206
7.89841 1.18749
7.92477 1.04665
7.22129 2.61598
7.34516 2.4522
7.44712 -1.07812
7.34657 -1.22126
7.25722 -1.33536
7.23415 -1.3643
7.51567 2.18535
7.46246 2.27411
7.79634 1.56328
7.82361 1.47941
7.96456 0.487888
7.96166 0.687745
5.5262 -2.4892
5.59166 -2.49142
4.82786 -1.41583
4.86289 -1.52951
7.9 -0.0409144
7.89546 -0.060947
5.03217 3.34982
5.20852 3.48344
5.58066 3.58229
5.66517 -2.48424
5.70078 -2.47956
7.93352 0.14091
7.94429 0.214319
4.94895 -1.77757
5.00611 -1.9217
4.51591 1.93508
7.68476 -0.661744
7.74193 -0.533538
7.54426 -0.924018
7.34386 -1.225
7.50069 -0.996655
7.96439 0.471463
4.8156 -1.37421
5.95761 -2.39188
5.98762 -2.37879
4.45062 0.637462
4.44986 0.656729
4.72804 2.84681
4.75159 2.90478
4.44964 1.14799
4.4502 1.16753
4.54869 -0.277771
4.72514 -1.05665
5.21167 -2.29429
5.07289 -2.06841
5.2364 -2.32673
5.24276 -2.33479
5.26587 -2.35796
4.44664 1.04053
4.47273 1.55096
4.47418 0.270015
4.4554 0.526337
4.48368 0.176808
4.47496 0.261404
4.59698 2.39048
4.66446 2.65605
7.21628 2.62224
7.10301 2.75432
7.94328 0.916921
7.87499 1.29033
7.35531 2.43761
7.16082 -1.45051
7.59214 2.04438
7.55776 2.11003
7.43395 2.31928
7.84767 1.39617
7.76242 1.65879
6.72769 3.10645
4.49646 1.78748
4.48592 1.69066
6.04522 -2.34985
4.47273 1.55099
4.50028 0.0348684
4.44622 0.765002
4.80084 3.01703
4.70684 2.78672
7.71982 1.76727
7.73442 1.73139
7.65003 1.92647
4.8034 3.02291
7.12798 -1.48778
7.95231 0.830419
4.45389 1.27745
5.36234 -2.43315
5.40782 -2.45658
5.59836 3.58281
5.01124 -1.93483
7.96426 0.467585
4.50235 1.83238
4.49915 1.80761
5.27225 -2.36391
6.66759 3.15292
6.81747 3.03213
7.09866 2.75906
7.69432 1.82873
7.75772 1.67141
7.76081 -0.487828
6.61217 3.19448
5.71324 3.5768
7.89083 -0.0801901
6.59486 3.20671
