6.1468 -2.55506
6.13561 -2.56302
4.69068 -1.62058
4.69673 -1.64247
7.96234 -0.373606
7.99657 -0.261755
4.87161 3.59265
4.92767 3.6473
8.09156 0.200227
8.09225 0.205598
4.75306 -1.85603
4.7543 -1.86071
4.30058 1.3582
4.2971 1.31356
4.28831 0.963468
4.28836 0.977216
4.28977 0.850214
4.28887 0.800791
4.30497 1.46086
4.30652 1.48607
5.82431 3.80552
5.75245 3.82251
4.30294 0.440444
4.30143 0.463692
5.53037 3.85051
5.53025 3.85051
4.3618 2.06058
4.36905 2.12399
4.34833 -0.0292307
4.33784 0.0551667
4.57096 3.05865
4.5862 3.10243
4.90425 -2.36438
4.92755 -2.43736
7.11911 2.97041
7.1501 2.93789
7.40736 2.62884
7.41018 2.62506
6.94409 -1.90578
6.86442 -1.98174
7.24281 -1.59304
7.21209 -1.62752
4.6802 3.31893
4.66763 3.29355
5.50583 -2.90593
5.48454 -2.91427
4.82092 -2.09699
4.858 -2.21728
8.10878 0.699181
8.10864 0.704176
5.33139 -2.93508
5.2886 -2.93209
5.06984 -2.76128
5.09538 -2.79594
5.15674 -2.86559
5.16016 -2.86906
4.7775 -1.94421
4.77917 -1.9514
5.60437 -2.87073
5.6399 -2.85679
8.10416 0.33253
8.10386 0.328772
8.07237 0.0654517
8.06921 0.0473905
8.04558 -0.072174
8.05252 -0.0415355
6.6728 3.36804
6.68885 3.35626
6.88257 3.19696
6.89338 3.18772
5.97666 3.75739
5.89086 3.78553
4.36946 2.12688
4.38699 2.24269
7.76084 -0.84469
7.708 -0.941874
7.87067 -0.612827
7.82067 -0.724488
6.2057 3.6604
6.21223 3.65714
6.44842 3.52354
6.47688 3.50593
7.06963 3.02158
7.21165 2.87025
7.19747 2.88655
7.59865 -1.12238
7.62651 -1.07913
6.77519 -2.06157
6.86149 -1.9845
7.0971 -1.75215
7.05248 -1.798
4.80954 3.52191
4.7911 3.49664
8.10133 0.795448
8.10768 0.717994
6.37734 -2.38684
6.34315 -2.4131
6.66079 -2.16026
6.61202 -2.20016
4.99918 3.70257
4.98774 3.69508
4.85299 3.57391
4.8284 3.54516
8.11095 0.47242
8.10789 0.397718
4.31819 1.65227
4.31518 1.61437
4.29422 0.611844
4.29488 0.594101
4.54362 2.97808
4.54017 2.96703
7.34316 -1.47523
7.30355 -1.52288
5.98758 -2.66207
5.96523 -2.67576
4.49711 -0.828656
4.50868 -0.879764
4.29063 1.11931
4.29022 1.10421
7.14662 -1.6992
7.1652 -1.67905
6.21803 -2.50442
6.24935 -2.48249
4.59845 -1.25399
4.57709 -1.16963
4.66641 -1.52978
4.66223 -1.51239
5.68643 3.83342
5.73084 3.8262
5.86528 3.79431
4.40935 -0.406108
4.3907 -0.306275
4.45034 -0.614749
4.44528 -0.590694
4.39988 2.31515
4.40578 2.36044
4.38543 -0.275291
4.37043 -0.183609
7.77328 2.00844
7.73822 2.0815
7.85826 1.81331
7.82881 1.88453
4.46684 2.68428
4.46282 2.66753
4.41309 2.40098
4.42331 2.46373
5.1329 3.77703
5.0968 3.76082
5.35711 3.84048
5.37005 3.84266
5.22741 3.81271
5.22385 3.81149
8.02373 1.29098
8.03933 1.22009
8.07132 1.04514
8.08492 0.949078
7.34006 2.71705
7.34226 2.7142
7.46782 2.54364
7.47329 2.53569
7.43367 -1.35991
7.39142 -1.41533
6.86189 -1.98412
6.95748 -1.89326
7.65159 2.2463
7.67711 2.2001
7.5721 2.38323
7.58366 2.36427
4.74872 3.43575
4.72162 3.39411
4.62831 3.20717
4.64832 3.25433
4.78125 -1.96011
4.81802 -2.08549
4.88319 -2.29781
4.88213 -2.29401
7.92571 1.63225
7.90811 1.68293
7.97873 1.46498
7.96799 1.50226
5.39579 -2.93417
5.2415 -2.91664
5.72264 -2.81564
5.69581 -2.82864
5.56478 -2.88651
5.55527 -2.89093
5.65146 -2.85179
6.48715 -2.30137
6.50405 -2.28815
8.02533 -0.158251
7.95882 -0.384594
7.94113 -0.433196
6.63729 3.39498
6.59646 3.42384
6.81995 3.25084
6.83149 3.24133
6.05788 3.72574
6.00985 3.74443
5.63815 3.84185
4.33925 1.88406
4.34489 1.93332
4.39007 2.26185
4.3691 2.12438
6.08791 3.71431
6.16375 3.68028
6.20062 3.66301
6.2566 3.63434
6.28218 3.62054
6.42343 3.53943
6.34904 3.58296
6.49747 3.49236
6.47866 3.5048
7.2613 2.81385
6.68582 -2.13848
6.76443 -2.07135
7.02329 -1.82684
4.76351 3.4597
8.10845 0.707251
8.0995 0.81873
6.67387 -2.14885
8.10448 0.336319
8.11213 0.526885
4.56175 -1.10715
4.56861 -1.1359
4.53566 -0.995922
4.54595 -1.04015
4.52259 2.90545
4.5081 2.8532
4.47539 -0.734635
4.48785 -0.787834
4.51662 -0.914003
6.01563 -2.64428
6.03622 -2.63047
4.62119 -1.34586
4.607 -1.28784
4.63636 -1.40583
7.96056 -0.379429
5.03729 -2.70172
5.04543 -2.71592
4.96484 -2.53762
4.96952 -2.54895
8.08218 0.132922
8.07483 0.0797391
4.52266 -0.940272
4.53133 -0.977077
4.29184 0.723212
4.28934 0.772369
4.47179 -0.718527
4.35335 2.00474
4.3525 1.99694
4.33648 1.85418
4.33167 1.8061
4.31868 0.240011
4.3135 0.298606
4.90415 -2.36395
4.90404 -2.36357
8.09391 0.866973
7.46488 -1.31811
7.49804 -1.2724
5.81714 -2.76406
5.77594 -2.78786
5.21453 -2.90647
4.9986 -2.62057
4.99408 -2.6116
8.02953 -0.141984
7.89572 -0.550314
7.87326 -0.60675
6.53366 3.46833
6.53691 3.46605
7.01909 3.07092
7.03976 3.05127
8.11178 0.593389
4.32727 1.76207
4.32563 1.7425
4.75477 -1.8626
4.2952 1.23121
4.29544 1.27682
6.74025 3.31627
6.7666 3.2948
6.94408 3.14211
6.97136 3.11648
6.13056 -2.56668
4.7146 -1.71161
4.67194 -1.55152
8.09797 0.266422
8.09078 0.194204
4.29679 1.29471
4.30176 1.40014
4.28878 1.02669
4.28848 0.913716
4.28948 0.786714
4.28851 0.89985
4.30866 1.52129
4.30299 1.42192
4.42936 -0.510702
4.41703 -0.447892
4.29895 0.508156
4.30566 0.398473
5.44579 3.84954
5.5309 3.85048
4.94721 -2.48851
4.95992 -2.52616
4.33221 0.106184
4.35309 -0.0648113
7.81894 -0.728124
7.76591 -0.835045
7.81749 1.91071
7.78457 1.98443
4.43772 2.54123
4.4421 2.56623
4.60028 3.13846
4.5641 3.04031
5.22954 3.81326
5.29728 3.83034
8.04941 1.16992
8.06526 1.08261
7.19012 -1.65231
7.25829 -1.57551
4.65254 3.26252
4.6833 3.32559
5.43099 -2.9259
5.41211 -2.9313
5.03082 -2.69074
5.0035 -2.63064
5.11122 -2.81967
5.05941 -2.74129
5.16523 -2.87229
5.84978 -2.74527
5.87952 -2.72829
4.72839 -1.76141
5.90555 -2.71358
8.06001 -0.00297333
8.0354 -0.117076
7.69614 -0.962572
7.87196 -0.609855
7.64717 -1.04528
7.55469 -1.19066
7.54936 -1.19858
7.53869 -1.21423
6.40663 -2.36491
6.31219 -2.43582
6.08489 -2.59764
6.05122 -2.62004
4.9518 3.66735
5.03772 3.72854
5.42344 3.84788
4.54863 -1.05159
4.56081 -1.10322
4.31303 1.58331
4.32017 1.67852
4.29689 0.548351
4.29274 0.659286
4.54452 2.98065
4.52522 2.91569
7.29402 -1.53398
7.34785 -1.46959
4.28923 1.055
4.29216 1.16771
4.57527 -1.16243
4.28894 1.04071
4.3106 1.55022
4.38981 -0.301246
4.46316 -0.678332
4.30761 0.372317
4.29778 0.528903
4.36779 -0.166691
4.32481 0.176402
7.72571 2.10649
7.87092 1.78175
7.89585 1.7162
7.68996 2.176
4.48599 2.7673
4.45464 2.62935
4.49252 2.79281
5.0518 3.73627
5.16064 3.78944
5.38291 3.84396
7.27445 2.79853
7.27146 2.80212
8.00671 1.36177
8.08907 0.916238
7.99456 1.40858
7.52979 2.45114
7.53298 2.44616
7.31452 2.74887
7.40469 2.6326
7.39025 -1.41678
7.44539 -1.34465
7.63145 2.28223
7.61241 2.31553
4.71229 3.37668
4.61617 3.18076
4.86199 -2.23159
4.86003 -2.22444
7.93891 1.59344
7.95363 1.54848
6.71187 3.33838
6.9224 3.1617
6.31246 3.60467
6.2797 -2.46026
6.44128 -2.33761
6.5658 -2.23849
6.53366 -2.26495
4.94013 3.65837
4.32388 1.72155
4.29224 0.675742
4.50268 2.8315
4.29269 1.184
4.9816 -2.57914
5.61886 3.84434
5.75753 -2.79708
7.91693 -0.498623
4.92799 -2.4388
6.32939 3.59468
4.61002 3.16443
5.93896 -2.69285
6.84253 3.23212
4.35152 1.98831
6.59721 -2.21294
6.47013 -2.31537
6.98262 3.10574
6.77927 3.28436
7.91946 -0.49205
6.56287 3.44764
