6.0544 -2.74809
6.00072 -2.78847
4.57571 -1.52018
4.54813 -1.39742
8.06383 -0.28186
8.07476 -0.246155
8.18015 0.424825
8.18059 0.439443
4.22389 1.35829
4.22092 1.32019
4.21369 0.850303
4.21308 0.816754
6.85426 3.32568
6.83083 3.34505
4.33918 -0.445833
4.35587 -0.535821
4.27787 2.05972
4.27881 2.06796
4.26075 1.90405
4.25222 1.80885
4.8616 -2.72523
4.84863 -2.67202
4.8422 -2.64843
4.8284 -2.58508
4.24344 0.230294
4.24086 0.257482
7.84859 -0.827182
7.87037 -0.783054
5.39081 -3.18253
5.4035 -3.17418
6.43558 3.6364
6.39991 3.65798
7.85268 2.00097
7.87624 1.94834
4.35986 2.61523
4.34335 2.51357
4.79226 -2.42456
4.79439 -2.43758
7.14577 3.0512
7.21299 2.98066
8.13107 1.10423
8.11928 1.16984
5.20536 -3.25533
5.25122 -3.24525
5.16606 -3.26511
5.11507 -3.26093
7.46327 2.67287
7.49581 2.62918
7.64898 -1.1768
7.64337 -1.18537
7.65856 2.37763
7.67178 2.35428
4.67243 3.55646
4.7445 3.6579
5.53464 -3.09908
5.5996 -3.05964
8.01741 1.57563
7.99357 1.6475
5.88878 -2.8668
5.84355 -2.89816
8.18262 0.575944
8.18022 0.659182
5.04376 -3.22088
5.04832 -3.2235
4.95393 -3.05504
4.93605 -2.9991
4.89295 -2.85229
4.89826 -2.86776
4.66912 -1.91142
4.68659 -1.98689
5.64068 -3.03286
5.60242 -3.05805
4.98187 -3.12003
4.96313 -3.07343
4.60265 -1.63117
4.59526 -1.60046
6.64912 3.48937
6.61757 3.51201
6.01801 3.85076
6.04891 3.8385
5.77119 3.93514
5.69951 3.95048
6.26899 3.73394
6.26908 3.7339
4.42834 2.93817
4.42493 2.92298
7.10354 3.09488
7.29075 2.89269
7.25439 2.93449
7.54549 -1.32831
7.57335 -1.28889
7.03315 -1.92345
7.07339 -1.88351
6.87067 -2.08051
6.8824 -2.07003
6.65845 -2.26813
6.6639 -2.26327
6.41646 -2.46849
6.40416 -2.47881
4.64089 -1.79247
4.64648 -1.81607
7.9714 -0.551954
7.95408 -0.596186
7.71944 -1.0629
7.75668 -0.99923
4.50749 3.20383
4.4963 3.1727
6.13478 -2.68782
6.12424 -2.69621
6.95586 3.23609
7.00896 3.18626
4.29735 2.20427
4.30997 2.2907
7.16726 -1.78363
7.22596 -1.71996
4.52891 -1.31358
4.5414 -1.36651
4.59085 -1.58312
4.46427 -1.03955
4.46499 -1.04284
4.21314 1.00722
4.21294 0.977304
4.23051 1.50419
4.2295 1.48571
4.38016 -0.65448
4.36674 -0.590671
4.22427 0.488763
4.22569 0.464925
5.49672 3.97757
5.45967 3.97963
5.38748 3.97816
5.40999 3.97869
4.31431 2.31427
4.3179 2.34182
4.26455 0.0222311
4.2655 0.0142127
4.3045 -0.253332
4.29965 -0.223681
5.4637 -3.14121
5.42761 -3.16182
5.36262 -3.19574
7.93527 1.80606
7.95986 1.742
7.75741 2.19708
7.78462 2.14394
4.36036 2.61802
4.37951 2.71946
4.93485 3.83469
4.90733 3.81641
5.02672 3.88881
5.08735 3.91563
5.0922 3.91762
5.15768 3.94008
5.33964 3.97431
5.30011 3.97039
4.80941 -2.49672
4.77735 -2.35991
8.08109 1.34771
8.05416 1.45313
7.36746 2.80009
7.4307 2.71845
7.49597 2.62895
7.55736 2.53974
6.9534 -2.00228
6.97839 -1.97878
7.61801 2.445
7.63193 2.42217
4.5798 3.38432
4.5553 3.33048
4.63776 3.49793
4.62363 3.47432
4.53335 3.27421
4.55273 3.32395
4.72686 -2.14916
4.72595 -2.14517
4.76177 -2.29377
4.7596 -2.2834
5.76767 -2.94939
5.80384 -2.92505
5.75958 -2.95552
5.74494 -2.96603
4.70817 -2.07677
4.70452 -2.06179
8.08394 -0.213115
8.01431 -0.43654
7.99757 -0.482535
8.16325 0.210214
8.16512 0.227822
8.13846 0.0264546
8.13944 0.0329832
6.69711 3.4524
6.72582 3.43043
6.91034 3.27648
6.93313 3.25646
5.9939 3.86101
5.89225 3.89887
5.86628 3.9078
5.81753 3.92177
5.65779 3.95987
4.26329 1.93141
4.26341 1.93249
4.2926 2.17206
6.21312 3.76271
6.19736 3.77009
6.5059 3.59032
6.4907 3.60088
4.40313 2.83111
4.41507 2.88297
4.44057 2.98557
7.2311 2.96087
7.3015 2.88049
6.78527 -2.15822
6.7856 -2.15794
7.11063 -1.84417
4.66258 3.54232
8.17584 0.732528
8.17294 0.772574
6.72687 -2.20854
6.72208 -2.21277
6.60254 -2.31518
6.48968 -2.40913
6.4677 -2.42738
6.36626 -2.50847
6.34064 -2.52911
4.64864 -1.82645
4.62365 -1.71804
4.49165 -1.15663
4.4946 -1.16898
4.23641 1.60148
4.23723 1.61401
4.22041 0.569062
4.21928 0.595331
7.44829 -1.45978
7.45123 -1.45608
7.35281 -1.57687
7.36409 -1.56363
4.41631 -0.820866
4.40973 -0.790429
4.4408 -0.933227
4.43726 -0.916639
4.21407 1.07493
4.21461 1.1043
6.15252 -2.6743
6.21451 -2.62702
8.03872 -0.363836
4.85501 3.77476
4.83604 3.757
8.1728 0.312504
8.17938 0.408359
4.21579 0.723301
4.21405 0.757419
7.05678 3.14113
7.03239 3.16431
6.752 3.40999
6.80625 3.36516
4.27677 2.05247
4.27062 1.9961
5.32637 -3.21347
5.3211 -3.21661
6.33562 3.69638
6.32985 3.69993
8.16301 0.87415
8.16626 0.846132
8.15051 0.977004
8.1603 0.901694
4.48913 3.15264
4.47593 3.11045
5.68066 -3.00713
8.11006 -0.111772
6.54559 3.56354
6.58135 3.53777
5.63895 3.96308
7.30199 -1.63587
7.25028 -1.69387
5.9454 -2.82725
5.93438 -2.83462
8.13752 0.0210557
8.13039 -0.0142114
4.6651 -1.89699
4.65466 -1.85478
4.21875 1.2313
4.21895 1.26826
4.24719 1.74725
4.24678 1.74169
4.77588 -2.35246
7.32956 2.84555
7.36149 2.80753
4.51822 3.23483
4.52528 3.25516
4.75269 3.66833
4.76353 3.68016
6.55031 -2.35925
6.5412 -2.36712
6.10367 3.81445
6.12624 3.80393
4.22033 1.2948
4.22503 1.39878
4.21392 0.786803
4.21284 0.883716
4.35871 -0.550698
4.32957 -0.394222
5.55084 3.97425
5.54752 3.97464
4.86709 -2.753
4.84436 -2.65559
4.81757 -2.54321
4.81238 -2.51462
4.27307 -0.0439641
4.2813 -0.105456
4.23408 0.345239
4.25235 0.135379
7.9038 -0.711192
7.81487 -0.89273
5.31654 -3.21948
7.89551 1.90337
7.83137 2.0474
4.33838 2.47942
4.36021 2.61727
4.45756 3.04964
4.45706 3.0481
5.22748 3.95781
5.26367 3.96417
8.14246 1.03409
8.10782 1.22769
5.18456 -3.26229
5.2956 -3.22919
5.08624 -3.2525
7.31911 -1.61646
4.6072 3.44064
4.58796 3.40363
5.60082 -3.05899
5.50421 -3.11558
4.88243 -2.80578
5.04108 -3.21803
4.9157 -2.9324
4.90765 -2.9011
4.92099 -2.95442
4.95834 -3.06459
5.65501 -3.02312
4.99775 -3.14671
5.0083 -3.17365
7.78702 -0.944442
7.9225 -0.669411
7.69562 -1.10236
7.5968 -1.25448
7.49386 -1.40095
8.18311 0.553511
6.27712 -2.57909
6.29035 -2.56821
6.24964 -2.60072
4.47841 -1.10115
4.47953 -1.10592
4.24115 1.67018
4.24223 1.68561
7.40152 -1.51818
7.40812 -1.51017
5.98459 -2.79999
5.97321 -2.80771
6.08206 -2.72815
4.50511 -1.21195
4.51406 -1.24936
4.47006 -1.06547
4.45109 -0.979742
4.21305 0.943771
4.21341 1.0408
4.22748 1.44337
4.2331 1.54986
4.32017 -0.340671
4.38515 -0.679255
4.22842 0.420961
4.22206 0.530135
5.44235 3.97938
5.55552 3.97362
5.37563 3.97768
4.28258 -0.114359
5.46436 -3.14088
5.41973 -3.16583
7.8067 2.09887
7.91912 1.84661
7.97201 1.70903
7.73611 2.23809
4.32771 2.4091
4.38825 2.76029
4.87222 3.78856
4.96562 3.85517
5.00678 3.87812
5.09074 3.91711
5.19938 3.95078
8.09009 1.30937
8.05105 1.46445
7.55847 2.53807
7.61485 2.4501
7.43232 2.71634
7.49336 -1.40163
7.49354 -1.40138
7.71006 2.28601
4.55462 3.32867
4.70852 -2.0783
4.74302 -2.2143
4.74448 -2.2212
8.02842 1.54145
5.90915 -2.85302
8.16984 0.275127
8.15786 0.16131
5.88325 3.90233
6.05244 3.83691
4.40225 2.82741
4.42003 2.90318
6.78071 -2.16217
6.66889 -2.25895
6.53126 -2.37571
6.42851 -2.45891
6.30366 -2.55796
4.21815 0.632792
4.45489 3.04034
4.404 -0.76473
4.42337 -0.853538
4.42847 -0.877105
4.21568 1.13936
8.1831 0.547048
4.21685 1.19556
4.21609 0.688003
5.4832 -3.12883
6.46244 3.61902
7.9409 -0.62732
4.25194 1.80528
4.39618 -0.727317
5.88692 3.90093
8.02352 1.55717
5.83435 -2.9042
8.15598 0.145936
8.11323 -0.0983673
6.14433 3.79534
4.26355 1.93369
6.32477 3.70296
4.80442 3.72588
4.39599 2.79763
6.38934 3.66433
6.2699 3.73345
