6.00174 1.95562
6.01587 1.9591
6.87929 1.30363
6.88777 1.2855
6.91836 0.020622
6.87463 -0.0768938
5.60967 -0.204415
5.60706 -0.198438
6.46069 1.8363
6.45848 1.8378
6.38204 -0.608474
6.4147 -0.591056
6.16463 -0.661681
6.08033 -0.654915
5.96531 -0.618864
6.05315 -0.649942
5.78416 -0.479574
5.84198 -0.534183
6.22451 1.94868
6.21694 1.94992
5.77755 1.84052
5.8152 1.87233
6.61783 -0.442483
6.61256 -0.447515
6.77339 -0.253515
6.76128 -0.272105
5.44633 1.08101
5.44731 1.08757
5.42769 0.848738
5.43275 0.941209
5.48956 1.2981
5.47264 1.22475
5.70584 -0.377076
5.72971 -0.409402
5.55444 1.50423
5.57173 1.54294
5.64627 1.68573
5.62698 1.65537
6.63661 1.67875
6.66116 1.65029
6.75433 1.53056
6.76542 1.51432
6.93185 0.0578949
6.95776 0.133138
5.53373 -0.00500377
5.53489 -0.00841993
5.46456 0.281587
5.48145 0.200388
5.42673 0.677123
5.42989 0.594976
5.4441 0.426806
5.45878 0.316104
6.40339 1.87245
6.39975 1.875
7.01147 0.37634
6.99281 0.271292
7.028 0.592627
7.02638 0.523352
7.02803 0.656689
7.02026 0.763727
6.94708 1.12786
6.94058 1.14718
6.46362 1.83422
6.55456 1.75926
6.98947 0.971571
6.99292 0.955437
6.84616 1.37249
6.83238 1.39937
6.27077 -0.64869
6.27919 -0.646031
5.87241 -0.56152
5.93374 -0.600209
6.25385 1.93872
6.33148 1.91116
6.03605 1.96023
5.91446 1.92884
6.74704 -0.291768
6.68976 -0.362563
5.43466 0.966326
5.44612 1.07922
5.51802 1.40294
5.5336 1.45016
5.7032 1.76495
5.67773 1.73
6.90841 1.23875
6.86099 1.34272
6.91997 0.0244646
6.86065 -0.104031
5.60448 -0.192232
5.6543 -0.289149
5.53231 -0.000555865
5.50628 0.0969459
5.44066 0.457806
5.43598 0.506566
7.02563 0.510657
7.01454 0.398776
6.49847 -0.540821
6.25552 -0.650806
6.06258 -0.652963
5.76703 -0.458252
6.3442 1.9044
6.33796 1.90804
6.11937 1.96393
5.87266 1.9071
5.71857 1.78381
6.59877 -0.459317
6.82332 -0.172475
6.52403 -0.521493
5.46543 1.19111
5.42635 0.807174
5.4258 0.728019
5.51057 1.37678
5.6931 -0.358836
7.01473 0.818344
7.00759 0.869983
5.59838 1.60067
6.61115 1.70647
6.70331 1.59922
6.77154 1.50453
6.82044 1.42117
6.91656 1.21858
6.9599 0.140517
5.56945 -0.10226
5.49079 0.158189
5.46035 0.305951
5.43272 0.550433
6.43907 1.85026
6.9884 0.250896
7.0284 0.645034
6.96656 1.06231
6.98613 0.986668
7.00342 0.898961
6.57606 1.74099
6.97251 1.04181
