6.18934 -0.530472
6.27791 -0.517535
5.99013 -0.487073
5.95705 -0.466397
5.89966 1.7756
5.8273 1.72486
6.65135 -0.264492
6.69502 -0.207954
5.52486 1.03253
5.51978 0.990895
6.81443 -0.00997003
6.81173 -0.0159926
5.51935 0.474478
5.52323 0.439351
6.94084 0.446665
6.94568 0.499597
6.40849 -0.468042
6.30512 -0.511326
6.02662 1.8281
6.03218 1.8286
5.73733 1.62761
5.75313 1.64536
6.56834 -0.350747
6.54031 -0.377554
5.50607 0.800343
5.50488 0.721625
5.79697 -0.323388
5.80442 -0.333467
6.88812 1.05755
6.90502 0.988864
5.63581 1.45166
5.63829 1.45723
6.70631 1.44532
6.73197 1.40476
6.84075 1.19068
6.81339 1.25552
5.69054 -0.151005
5.66455 -0.0959257
5.63226 -0.0204977
5.61193 0.0394302
5.555 0.242183
5.5527 0.253247
6.29508 1.80132
6.23048 1.8222
6.5043 1.67424
6.54015 1.6423
6.94682 0.737545
6.94649 0.742015
6.89168 0.198776
6.90421 0.245214
6.85918 1.14418
6.88468 1.06837
6.46773 1.70224
6.42367 1.73456
6.64259 1.53379
6.62714 1.55224
6.93139 0.858659
6.92343 0.909241
6.36492 1.76997
6.35915 1.77258
6.57984 1.60336
6.59527 1.58758
6.91967 0.926818
6.92153 0.918266
5.59214 1.33512
5.56686 1.25038
5.51394 0.531542
5.51064 0.569953
6.29604 -0.514551
6.11303 -0.525127
5.89779 -0.426816
6.07359 -0.517823
5.80869 1.70681
5.92574 1.79134
6.73557 -0.148444
6.62231 -0.297249
5.51248 0.918275
5.53988 1.13275
5.74045 -0.23946
5.78439 -0.305367
6.80647 1.27001
6.78206 1.31857
6.85516 0.0872129
6.80147 -0.0359064
5.55958 0.221506
5.58159 0.139739
5.52782 0.403991
5.51633 0.504666
6.9502 0.585766
6.93083 0.374137
6.08718 -0.522354
6.43491 -0.452187
6.5271 -0.388856
5.86835 -0.398567
6.12986 1.83604
6.22098 1.82348
6.02318 1.82707
5.73195 1.62078
6.75974 -0.110916
5.54183 1.14394
5.50807 0.853827
5.50537 0.678886
5.54831 1.17413
5.71309 -0.196061
5.68513 1.54463
5.63413 1.44732
6.66104 1.51027
6.76263 1.35367
6.8574 1.1495
6.86408 0.112311
5.64771 -0.0577892
5.59681 0.0866328
5.53607 0.348974
5.50908 0.593826
6.29768 1.80068
6.92081 0.318191
6.95047 0.622097
6.94534 0.753443
6.88758 1.0594
6.64832 1.52719
6.93533 0.833929
5.59783 1.35314
5.62433 1.42223
6.88775 1.05887
