7.27347 1.50893
7.27817 1.49706
7.45381 0.667447
7.45638 0.595767
7.41434 1.03035
7.42258 0.989154
5.0958 -0.194134
5.09484 -0.189996
5.16349 -0.446848
5.1781 -0.494993
5.39682 -0.999645
5.35006 -0.918203
5.50743 -1.16092
5.52898 -1.18786
5.09814 1.79905
5.09773 1.79736
5.01295 1.34615
5.01388 1.35418
5.16113 1.99918
5.18494 2.0637
7.21036 1.64974
7.21209 1.64635
7.25634 -0.337362
7.22077 -0.412023
6.47037 -1.26284
6.50403 -1.24071
6.17052 2.65066
6.17927 2.64748
6.40151 2.55105
6.41674 2.54266
7.1302 -0.576332
7.10997 -0.60971
5.55315 2.57499
5.64638 2.6284
7.45125 0.740956
7.45223 0.728884
5.22985 -0.642275
5.20529 -0.574364
5.30674 -0.827028
5.34708 -0.912107
5.05011 1.58042
5.03581 1.49951
4.99759 1.18784
4.99001 1.07962
5.46024 2.49999
5.47547 2.51251
5.33511 2.35016
5.36305 2.38987
6.08109 -1.41338
6.04487 -1.4155
6.27405 -1.36197
6.28611 -1.35648
5.89419 -1.41143
5.90257 -1.41239
5.23786 2.1816
5.20752 2.11569
6.8851 -0.908304
6.84483 -0.952715
6.69243 -1.0998
6.68253 -1.10853
5.71274 -1.34407
5.65445 -1.3041
7.28938 -0.260566
7.26902 -0.309661
7.35857 -0.065138
7.38115 0.0137248
7.41617 0.167151
7.43159 0.255415
5.06206 -0.031404
5.069 -0.0665659
4.98265 0.87112
4.98328 0.908186
4.98477 0.674038
4.98367 0.71272
5.00105 0.402952
4.9969 0.451799
5.02807 0.165803
5.02471 0.188503
5.91032 2.68728
5.95961 2.68728
5.75352 2.66711
5.69099 2.64499
6.98002 -0.795145
6.9427 -0.842227
7.31018 1.41463
7.32877 1.35934
7.39568 1.12104
7.39155 1.1414
7.45487 0.495499
7.44875 0.401648
7.45505 0.501317
7.45552 0.519625
5.1349 -0.346596
5.11152 -0.259162
7.43015 0.934017
7.42432 0.978522
6.58106 2.43504
6.60007 2.4202
6.75502 2.2872
6.75437 2.28781
6.89432 2.13666
6.88182 2.15178
7.02924 1.96119
6.98866 2.01744
6.30524 2.5989
6.34701 2.57961
6.44041 2.52917
6.46814 2.51224
5.15372 -0.413601
4.98397 0.945912
4.98522 1.00006
4.98207 0.814739
7.36612 1.23806
7.38134 1.18089
7.33796 1.33153
7.33674 1.33517
5.10802 -0.245408
5.10941 -0.25092
5.17857 -0.496537
5.18062 -0.503232
6.83346 2.20656
6.82432 2.21632
7.0412 1.94353
7.08453 1.87602
7.2955 -0.245202
7.31419 -0.196973
7.30899 1.41826
5.00144 1.23738
4.99971 1.21641
7.44811 0.782071
7.44412 0.826955
5.00394 0.37184
5.0089 0.321211
4.9868 0.622286
4.98849 0.582302
7.1623 1.74159
7.15294 1.75906
5.05329 0.0158788
5.04501 0.0600486
4.98212 0.777909
7.08229 -0.653151
7.0456 -0.707077
7.24254 1.58146
7.30757 1.42239
7.45612 0.585711
7.45334 0.692574
7.42365 0.982237
7.41072 1.05141
5.0843 -0.142467
5.10097 -0.217207
5.34852 -0.915136
5.43846 -1.06849
5.5748 -1.2349
5.46703 -1.10723
5.07265 1.69069
5.09915 1.80281
6.66768 2.36595
6.67971 2.35539
5.39383 2.42749
5.45695 2.49696
6.17681 -1.39435
6.18687 -1.39109
5.80344 -1.3867
5.88483 -1.40883
5.19677 2.09215
5.14609 1.9546
6.70929 -1.08442
6.77073 -1.02753
7.22268 1.62454
7.18292 1.70283
7.21073 -0.431653
7.26784 -0.312342
7.39089 0.0520425
7.40925 0.131779
4.9827 0.740575
5.01008 0.310287
5.02411 0.192936
5.76374 2.66942
5.85611 2.68469
6.56939 -1.19672
6.39099 -1.30757
6.97255 2.03862
6.93648 2.08541
6.0643 2.67583
6.02361 2.68035
6.14497 2.65702
6.27775 2.61179
7.00932 -0.756653
7.1697 -0.507843
7.23734 1.59309
7.23989 1.58737
5.65205 2.63116
5.539 2.56475
7.4508 0.748639
5.26408 -0.732535
5.19504 -0.545459
5.26645 -0.738099
5.26853 -0.742738
5.44831 -1.08239
5.62143 -1.27939
5.0305 1.46827
5.06347 1.64655
5.12926 1.90378
5.01413 1.35588
5.29858 2.29278
5.98685 -1.41937
6.17498 -1.3947
6.37263 -1.31774
5.75579 -1.36543
5.27187 2.24894
5.28308 2.26838
6.80894 -0.990656
6.91457 -0.875233
6.6072 -1.16783
7.13593 1.7895
7.09947 1.85161
7.18775 -0.475408
7.29227 -0.253478
7.3187 -0.184538
7.34804 -0.0994761
7.4351 0.280388
5.07748 -0.110234
5.05676 -0.00325714
4.98567 0.647521
4.98972 0.558902
4.99533 0.47174
5.00249 0.386515
5.0435 0.0690918
7.44747 0.387498
7.38551 1.16358
7.39933 1.1061
7.45502 0.498798
7.36054 1.25721
7.40461 1.07845
7.43509 0.903417
6.75247 2.28954
6.51537 2.48174
6.8124 2.2289
6.85729 2.18041
7.03839 1.94789
6.49505 2.4959
7.44124 0.855205
6.29116 2.60575
6.38595 2.55995
