6.08778 1.50259
6.0384 1.48624
6.32474 1.47556
6.33204 1.4715
6.56491 1.25586
6.5219 1.3129
6.48076 -0.0843678
6.5152 -0.0498784
6.25149 -0.200532
6.28783 -0.191589
5.70743 0.602197
5.70355 0.678413
5.71551 0.89814
5.71721 0.913759
5.90682 -0.0242245
5.85199 0.0539052
6.06443 -0.165829
6.04256 -0.156362
5.80857 0.152349
5.84651 0.0648669
6.73902 0.828713
6.70765 0.955295
5.74486 0.350064
5.73269 0.405453
6.64253 1.13062
6.64933 1.11759
6.72453 0.365201
6.7389 0.438732
6.64761 0.144956
6.66043 0.173458
5.84884 1.30901
5.80655 1.23346
6.27785 1.48933
6.35677 1.4548
6.46506 1.37614
6.59263 1.2177
6.683 1.03428
6.69284 1.00753
5.93994 1.42145
5.92541 1.40656
5.86123 1.33271
5.78519 1.18122
5.79941 1.21566
6.20053 1.51162
6.17618 1.51079
6.43779 1.39931
6.74387 0.803464
6.74276 0.810603
5.73728 1.02326
5.76299 1.12282
5.70701 0.798167
5.71057 0.839042
5.70951 0.577673
5.71119 0.551804
6.75052 0.717526
6.75619 0.630504
6.74598 0.789094
6.3617 -0.165904
6.41746 -0.132334
5.97495 -0.101317
5.94445 -0.0742435
5.77027 0.247013
5.77176 0.242711
6.69105 0.250117
6.70986 0.309096
6.5664 0.0126463
6.20591 -0.199715
5.8493 0.0591172
6.14579 -0.196765
6.59209 0.0453622
5.76827 0.253216
6.61477 0.0818672
6.59931 0.0551022
5.72435 0.455958
6.74715 0.491095
6.75274 0.563896
6.75621 0.621996
5.76584 1.13135
5.98453 1.4562
6.03222 1.48354
6.65314 1.10938
5.71744 0.499909
5.70385 0.704823
5.8762 1.35309
5.72886 0.979862
5.71487 0.515617
5.76479 1.12855
