6.35922 -0.72964
6.28335 -0.754493
6.30792 2.02712
6.21548 2.05875
7.07647 0.873957
7.06319 0.945854
5.48328 1.55021
5.45854 1.47833
5.56869 1.73585
5.61416 1.81163
5.5379 -0.237735
5.56657 -0.303489
5.46861 -0.0420103
5.43965 0.0558628
6.14293 -0.776878
6.23485 -0.767347
6.38093 1.99306
6.43217 1.96352
5.86262 2.02958
5.80478 1.99936
6.00645 2.07389
6.01277 2.07404
6.85135 -0.273278
6.81699 -0.326044
6.59127 -0.58349
6.67181 -0.504874
6.58326 -0.589674
6.4961 -0.654151
5.38055 1.12163
5.38881 1.17689
5.3586 0.891401
5.35902 0.899122
7.07677 0.871951
7.08703 0.775992
5.41989 1.34151
5.43121 1.38715
5.68204 1.89461
5.63043 1.83238
6.70602 1.72055
6.68915 1.7401
6.81512 1.57235
6.78858 1.61122
6.90938 1.40631
6.90251 1.42083
5.76359 -0.605118
5.74827 -0.587798
5.94605 -0.736908
5.9227 -0.724466
6.89236 -0.202363
6.92937 -0.129894
7.00141 0.0450685
7.01324 0.0794181
5.59108 -0.355792
5.6289 -0.421131
5.43774 0.0632299
5.41638 0.163413
5.3573 0.637674
5.35722 0.639845
5.37846 0.389509
5.3819 0.363574
6.48554 1.92639
6.4422 1.95676
7.07122 0.316854
7.06701 0.293131
7.09479 0.590221
7.09369 0.543164
7.02841 1.09647
7.03619 1.06488
6.99603 1.19581
6.98286 1.23457
7.04861 1.01797
6.5727 1.85768
6.61817 1.81463
6.93932 1.34118
6.95491 1.30604
7.01197 1.14981
6.53503 1.88807
6.63557 1.79701
6.3765 1.99569
6.3236 2.02141
6.24878 -0.765414
6.38014 -0.71949
6.19214 2.06273
6.32239 2.022
6.00149 2.0729
5.90465 2.04837
6.71575 -0.4579
6.74805 -0.418992
5.36733 1.0079
5.37017 1.03587
5.44849 1.44786
5.52073 1.64508
5.61953 1.819
5.5249 1.65471
6.67186 1.75892
6.86065 1.49962
6.8716 1.48089
5.85396 -0.683555
5.82605 -0.660818
6.95354 -0.0766899
6.97426 -0.0280932
5.5111 -0.173262
5.57947 -0.331666
5.49142 -0.115923
5.4389 0.058661
5.36577 0.504048
5.36537 0.508236
7.08811 0.448456
7.08524 0.419588
6.47433 -0.669018
6.0541 -0.769463
6.04091 -0.768013
6.01195 -0.758737
5.68316 -0.507665
5.706 -0.536113
6.43316 1.96281
6.37881 1.99442
6.11021 2.07555
5.76058 1.96669
5.70725 1.92182
6.78414 -0.37142
6.87926 -0.226641
6.58954 -0.584923
5.35517 0.771626
5.35638 0.823157
5.39811 1.23268
5.4159 1.32274
5.67598 -0.498272
7.08975 0.743647
7.0767 0.87253
5.52259 1.64965
6.75436 1.65882
6.87609 1.47247
6.92943 1.36366
7.03768 0.16341
5.50004 -0.141701
5.40581 0.215541
5.49682 -0.132457
5.39646 0.269649
5.35514 0.769087
5.359 0.607689
5.35517 0.766552
5.36509 0.512005
6.49201 1.92237
7.04557 0.193975
7.09371 0.664258
7.0494 1.01458
6.96694 1.2774
