6.24789 -2.40317
6.21124 -2.42886
4.74306 -1.58361
4.76742 -1.67174
8.04087 0.181211
8.04923 0.245872
4.56871 -0.907771
4.57125 -0.918164
4.35063 1.35814
4.34953 1.34395
4.33874 0.934118
4.3389 0.977156
4.33943 0.850156
4.33906 0.829883
4.35436 1.43211
4.3577 1.4863
5.7397 3.74592
5.75496 3.74231
4.35553 0.408148
4.35196 0.46287
5.57815 3.76324
5.51582 3.76385
4.41657 2.06114
4.42016 2.09255
5.34381 3.74535
5.41426 3.75754
6.881 -1.89326
6.84709 -1.92559
5.2543 -2.72615
5.25575 -2.72681
5.04476 -2.46087
5.05049 -2.47378
6.4083 -2.28798
6.44983 -2.25598
5.75421 -2.69249
5.74931 -2.69486
4.79442 -1.76319
4.76987 -1.68074
7.96725 -0.190135
7.97684 -0.1552
7.90566 -0.390381
7.88775 -0.441031
5.906 -2.61667
5.86265 -2.64092
8.05474 0.313992
8.04968 0.250627
8.02033 0.0459298
8.01172 -0.00333628
7.99216 -0.0922144
8.00173 -0.0499369
6.63686 3.32573
6.64534 3.3195
6.84814 3.15643
6.86203 3.14457
4.40439 1.97293
4.39952 1.93388
4.43119 2.16258
4.43846 2.21061
7.69965 -0.856898
7.67475 -0.902695
7.81283 -0.624367
7.78619 -0.683862
5.99026 3.67858
5.96539 3.68739
6.41531 3.47469
6.40208 3.48215
6.19207 3.5948
6.1182 3.62724
7.1102 2.90758
7.10149 2.91702
7.4493 -1.25664
7.46572 -1.23432
7.56674 -1.08479
7.56453 -1.08824
6.70721 -2.04807
6.65207 -2.09563
7.06242 -1.71595
7.03845 -1.74059
8.05584 0.778385
8.05939 0.735132
6.03817 -2.54071
6.07775 -2.51609
4.69415 -1.40228
4.70265 -1.43327
5.41645 3.75789
5.41898 3.7581
4.90789 3.49885
4.89775 3.487
8.06163 0.414793
8.0602 0.379827
4.60954 -1.07342
4.60085 -1.03833
4.34358 0.640459
4.34534 0.593279
4.61176 2.96093
4.61547 2.97285
7.2703 -1.48594
7.26255 -1.49527
5.98957 -2.57053
5.98914 -2.57079
4.74705 3.27341
4.76042 3.29538
4.5609 -0.874803
4.54311 -0.796192
4.34208 1.14913
4.34085 1.10415
4.6465 -1.22008
4.64036 -1.19583
5.48286 -2.77381
5.48132 -2.77394
5.16003 -2.64328
5.1726 -2.65622
5.1081 -2.57331
5.13487 -2.61225
5.81843 3.72808
4.47607 -0.485791
4.50588 -0.627884
4.45651 -0.379411
4.4496 -0.342421
4.45573 2.31572
4.45737 2.32829
4.40454 -0.063753
4.41838 -0.156463
4.37629 0.167316
4.38558 0.0821904
6.30414 3.53833
6.26703 3.55688
7.71908 2.01354
7.70677 2.03919
7.80618 1.81821
7.79665 1.84125
4.54261 2.73142
4.51888 2.63258
4.47869 2.4418
4.47636 2.43066
4.55606 2.78073
4.54299 2.73296
8.03076 1.00503
8.03417 0.980977
7.98552 1.25319
7.98534 1.25403
7.44859 2.48537
7.41548 2.53291
7.32131 2.66022
7.28068 2.71124
7.36449 -1.37008
7.35906 -1.3772
6.79565 -1.97097
6.94325 -1.83506
7.11933 -1.65659
7.54128 2.34176
7.52904 2.36164
7.62095 2.20508
7.62509 2.1976
4.85032 -1.94854
4.83022 -1.88358
4.87721 -2.03179
4.874 -2.02269
4.93858 -2.2078
4.92218 -2.16217
4.98642 -2.33139
4.97515 -2.30208
7.87557 1.63697
7.87201 1.64722
7.92979 1.46959
7.93096 1.46563
5.35339 -2.76658
5.33031 -2.76169
6.49106 -2.22366
6.53527 -2.19035
6.3854 -2.30416
5.63545 -2.73747
5.6595 -2.7305
5.5957 -2.74962
5.53852 -2.7654
7.94333 -0.272375
7.95443 -0.236175
7.91993 -0.348181
4.83298 3.40781
4.82296 3.39413
6.62933 3.33144
6.52665 3.40404
6.68087 3.29256
6.70168 3.27638
6.7567 3.23289
6.79646 3.20011
6.88539 3.12395
6.91222 3.0997
5.85296 3.72028
5.95049 3.69159
4.40759 1.99751
4.45301 2.30093
6.07919 3.64474
6.51661 3.41057
6.46798 3.44154
6.22509 3.57821
7.09606 2.92255
7.06998 2.94888
6.61567 -2.12456
6.74998 -2.01225
6.96321 -1.81492
7.13278 -1.64258
8.06152 0.689646
8.05027 0.849679
6.29493 -2.37048
6.34485 -2.33475
6.57639 -2.15683
4.67691 3.13104
4.70028 3.1811
5.12474 3.66601
5.14843 3.67896
5.0199 3.5985
5.04451 3.61744
8.06525 0.504485
8.06541 0.509361
8.06009 0.377873
4.37314 1.68639
4.37842 1.74292
4.36686 1.61461
4.36458 1.58607
4.56402 2.8072
4.57641 2.85009
4.53773 -0.772891
4.54081 -0.786075
6.13542 -2.47897
6.09788 -2.50377
5.25042 -2.72292
5.25331 -2.72546
5.42623 -2.77651
4.8173 -1.83863
4.80353 -1.79252
4.34148 0.723153
4.34049 0.742597
5.6823 3.75409
5.66675 3.75554
4.51955 -0.691492
5.0135 -2.39525
5.00874 -2.38289
4.37213 0.207183
4.36164 0.32586
4.63997 3.04004
4.63782 3.03495
4.66282 3.09686
5.28874 3.73165
5.27383 3.72794
7.17922 2.83125
7.21692 2.78867
8.0488 0.862288
7.17111 -1.59993
4.72947 3.24079
4.71037 3.20355
8.06397 0.623438
5.70387 -2.7136
5.74614 -2.69643
7.86148 -0.509975
7.86134 -0.510318
4.85194 3.43066
4.78702 3.34058
4.9754 3.56243
4.92286 3.51392
6.96111 3.05447
7.02178 2.99679
5.08996 -2.54624
4.34509 1.23115
4.34518 1.24786
4.41116 2.02535
4.66975 -1.31159
4.66759 -1.30358
4.76799 -1.67393
4.73457 -1.55231
8.04945 0.24822
8.03284 0.119054
4.3487 1.29464
4.35101 1.37148
4.33908 0.99742
4.3388 0.913656
4.34093 0.786654
4.33891 0.870515
4.35808 1.49253
4.35386 1.42215
4.4758 -0.484412
4.4757 -0.483901
4.35123 0.476048
4.35621 0.39765
5.49285 3.76358
5.62457 3.76026
4.38669 0.0727216
4.40086 -0.0377704
7.7595 -0.739981
7.73211 -0.795216
7.76445 1.9157
7.75283 1.94173
4.50878 2.58545
4.49687 2.53209
8.01008 1.13102
8.01289 1.11553
7.38568 2.57501
7.3505 2.62219
7.51655 -1.15993
7.48918 -1.20029
7.40789 -1.31322
7.3873 -1.34037
7.5818 2.27434
7.57867 2.27969
7.21733 -1.54794
7.19733 -1.57059
5.47504 -2.77422
5.43413 -2.77658
5.82031 -2.66087
5.61493 -2.74526
4.7182 -1.49323
8.00765 -0.022616
8.03105 0.108048
7.98562 -0.12107
7.63326 -0.975118
7.83694 -0.568599
7.61451 -1.00679
7.57164 -1.07704
7.41305 -1.30653
8.06544 0.520169
6.08678 -2.51065
5.98991 -2.57031
4.67044 -1.31411
5.06914 3.63318
5.09505 3.65014
5.41574 3.75779
4.59586 -1.01825
4.61654 -1.10137
4.36706 1.61686
4.37239 1.67876
4.34607 0.576856
4.34302 0.658468
4.6316 3.01858
4.59495 2.91061
7.21997 -1.54487
7.30685 -1.44199
4.34046 1.08469
4.34266 1.16765
4.62335 -1.1285
5.52514 -2.76755
5.18656 -2.67245
5.14024 -2.61827
4.33955 1.04066
4.36197 1.55045
4.43754 -0.274225
4.36052 0.33982
4.34829 0.52808
4.42536 -0.202052
4.37249 0.203393
7.67048 2.11169
7.83836 1.73795
7.84481 1.721
7.6589 2.1342
4.54273 2.73193
4.4709 2.40328
4.55908 2.79092
5.18841 3.6965
5.207 3.70476
5.24916 3.71944
7.25582 2.74205
7.21833 2.78704
7.98672 1.24729
8.04754 0.875165
7.95672 1.37116
7.47656 2.44345
7.31863 -1.42731
7.4997 2.40775
7.59781 2.24638
4.82956 -1.88162
4.85189 -1.95311
4.91538 -2.14484
4.94833 -2.23209
4.96196 -2.27048
5.00452 -2.37228
7.90259 1.55752
7.90402 1.55315
7.91808 1.50788
7.9527 1.38629
5.67429 -2.72427
6.73232 3.25298
6.93609 3.07835
4.39397 1.88988
4.38963 1.85266
6.52569 3.40472
6.28143 -2.38036
6.36206 -2.32189
4.99656 3.58121
4.58538 -0.975282
4.37978 1.75627
4.34164 0.704377
4.58707 2.88401
4.34418 1.21385
6.16355 -2.46022
5.08705 -2.54071
5.08363 -2.53421
5.72277 3.74881
7.86161 -0.50966
4.87131 -2.01511
5.06528 -2.50102
6.83455 3.16837
4.39668 1.913
8.0647 0.599965
6.18407 -2.44696
4.89884 -2.09249
4.38497 1.80665
4.38656 1.82288
6.94894 3.06609
6.74425 3.24314
7.88191 -0.456897
6.52614 3.4044
