7.03582 -0.621083
7.06911 -0.570143
7.40343 0.627919
7.40465 0.59386
5.06602 1.31921
5.06615 1.3204
6.58736 2.34992
6.65524 2.29417
6.28427 -1.2719
6.21732 -1.29335
6.6335 -1.06387
6.70809 -1.00207
7.13942 1.6715
7.16027 1.63049
5.72006 -1.23772
5.75224 -1.25557
7.20141 -0.326729
7.17971 -0.372274
7.36028 0.150699
7.33844 0.0550847
5.03489 0.773609
5.03593 0.711485
5.07602 0.217659
5.06569 0.297779
6.06722 2.59183
5.96551 2.60063
6.39212 2.47665
6.36679 2.48929
6.17675 2.56659
6.07254 2.591
6.96993 -0.714354
6.93468 -0.759384
7.23469 1.46366
7.21925 1.50078
5.03828 0.987721
5.04674 1.112
5.19164 -0.338949
5.21633 -0.417671
5.28431 -0.6122
5.29336 -0.633807
5.36466 -0.795049
5.35926 -0.784485
5.46086 -0.964283
5.48439 -0.997507
5.58212 -1.11968
5.53708 -1.07017
5.10223 1.54675
5.10039 1.53638
5.15369 1.76316
5.17702 1.84262
5.5377 2.45139
5.56047 2.47011
6.09151 -1.32156
6.08476 -1.32195
5.90524 -1.31407
5.93849 -1.31787
5.21813 1.96235
5.19774 1.90772
5.2983 2.14255
5.31665 2.17462
5.40208 2.30749
5.37249 2.26738
6.72878 -0.982431
6.79197 -0.920494
7.08841 1.7654
7.04333 1.8388
7.29814 -0.0829236
7.26838 -0.167602
5.04909 0.462542
5.04137 0.573834
5.73251 2.5634
5.75927 2.57287
7.38557 0.300706
7.39554 0.389834
6.48054 -1.17327
6.43549 -1.19893
6.87753 2.06776
6.8887 2.05458
5.18588 -0.318444
5.18292 -0.307352
7.29873 1.28573
7.31917 1.21476
7.36309 1.02846
7.35874 1.05271
7.37942 0.932147
7.3781 0.942259
6.95327 1.97049
6.9414 1.98694
7.38595 0.883928
7.38238 0.913803
5.23226 -0.46661
5.22229 -0.436197
5.14472 -0.155613
5.13879 -0.130232
5.03714 0.967992
5.03594 0.906941
6.73774 2.21855
6.76181 2.19554
7.34351 1.11912
7.35019 1.09312
6.83225 2.11979
7.28262 1.33434
7.27018 1.37143
5.15986 -0.216778
5.16906 -0.25308
5.1183 -0.0365078
5.12472 -0.0669121
6.81043 2.14373
6.77331 2.1834
6.33793 2.50383
6.31123 2.51596
5.03754 0.976371
7.39666 0.789715
7.39719 0.783679
5.1537 -0.192128
6.50132 2.41125
6.49847 2.41304
7.12533 1.69842
7.10131 1.74327
5.10342 0.0443605
5.10054 0.0597035
6.28393 2.52841
6.21724 2.55233
7.00443 -0.667218
7.11076 -0.502029
7.4034 0.544349
7.40226 0.690691
7.37127 0.980306
7.36573 1.01611
5.41105 -0.880609
5.44705 -0.943595
5.12604 1.65619
5.10843 1.57743
6.58165 2.35407
6.67418 2.27829
5.46406 2.38342
5.46503 2.38449
6.18717 -1.30313
6.32633 -1.25319
5.25597 2.0539
5.23453 2.00236
6.58606 -1.10168
6.71637 -0.994402
7.17245 1.60541
7.13138 1.68706
5.81252 -1.28566
5.65754 -1.19095
7.22613 -0.271962
7.13846 -0.452925
7.36517 0.174455
7.33311 0.0350355
5.03601 0.707655
5.03487 0.776662
5.08502 0.15533
5.06094 0.339182
5.86024 2.59566
5.86153 2.59587
5.86421 2.596
6.07055 2.59146
6.89025 -0.813112
7.12973 -0.469139
7.19898 1.5483
7.25327 1.4162
5.65813 2.53144
5.62361 2.51166
7.40167 0.710094
5.2739 -0.58612
5.24894 -0.515699
5.32424 -0.70619
5.3707 -0.806282
5.5175 -1.04418
5.62911 -1.1678
5.08303 1.43433
5.13379 1.68669
5.18459 1.86802
5.07681 1.39167
5.46218 2.38112
5.99757 -1.32492
6.09461 -1.32094
6.3828 -1.22814
5.87574 -1.30588
5.28301 2.11318
5.34693 2.22712
6.86372 -0.844242
6.83686 -0.874393
6.54516 -1.13001
7.01889 1.87632
7.09934 1.74678
7.13357 -0.462236
7.23959 -0.240672
7.30602 -0.0587898
7.2545 -0.203437
7.38035 0.264273
5.11211 -0.00360106
5.03791 0.646286
5.05119 0.437251
5.04062 0.587822
5.056 0.385249
5.09418 0.0978895
7.39947 0.435281
7.33293 1.16164
7.33912 1.1389
7.40297 0.496879
7.29668 1.292
7.32584 1.19104
7.35335 1.07656
6.72084 2.23477
6.91087 2.02709
6.9913 1.9175
6.89418 2.04816
7.26844 1.37671
7.39571 0.798986
7.38825 0.86667
5.24266 -0.497331
5.03474 0.844666
5.03469 0.838988
5.05333 1.20385
5.0348 0.779651
6.4477 2.4438
6.42097 2.46017
5.04914 1.14845
5.13507 -0.113981
5.0358 0.903566
6.47365 2.42838
