4.68191 -1.19509
4.68742 -1.21531
5.32083 -2.63387
5.27575 -2.60318
5.42707 -2.6666
5.44531 -2.66755
5.86283 -2.56751
5.92163 -2.54017
5.2324 -2.57118
5.193 -2.5331
5.09929 -2.39954
5.10267 -2.40451
8.00442 0.167538
8.00725 0.189427
4.60332 -0.883342
4.61902 -0.947479
4.51098 -0.464494
4.54213 -0.616437
5.61251 3.70049
5.60487 3.70056
4.45596 2.06155
4.45689 2.06966
4.55374 2.58344
4.5595 2.60726
7.32539 2.5956
7.30777 2.61919
7.44204 -1.20641
7.44323 -1.20473
7.31189 -1.37781
7.33514 -1.34901
6.99761 -1.72709
7.02791 -1.69749
6.40951 -2.232
6.42212 -2.22228
5.57086 -2.66393
5.56176 -2.66606
4.78144 -1.55651
4.76683 -1.5072
4.83538 -1.73428
4.82369 -1.69504
7.86582 -0.39833
7.85426 -0.431014
4.87094 3.34958
4.83962 3.30784
5.16524 3.60851
5.19042 3.62154
4.94799 3.44402
4.97045 3.46583
6.00857 -2.49311
6.03929 -2.47584
8.01921 0.300661
8.01722 0.275837
7.98291 0.0318923
7.98167 0.024793
6.82287 3.12669
6.81695 3.13177
6.59363 3.30483
6.60969 3.29376
4.44133 1.9499
4.43939 1.93429
4.47613 2.19049
4.47558 2.18747
7.65565 -0.865677
7.65084 -0.874522
7.77124 -0.632665
7.76139 -0.654649
5.95867 3.63374
6.04383 3.60359
6.40922 3.42607
6.34301 3.46336
6.13581 3.56733
6.18588 3.54534
7.14274 2.81616
7.08784 2.87566
6.9868 2.97665
7.00839 2.95621
7.39979 -1.26392
7.4391 -1.21049
7.54228 -1.05596
7.51719 -1.0952
6.65717 -2.03814
6.64135 -2.05179
6.83546 -1.88422
6.83671 -1.88314
8.03049 0.572227
8.03052 0.587143
8.02313 0.766116
8.02384 0.757473
4.731 -1.37628
4.75227 -1.45381
4.90765 -1.95546
4.90842 -1.95744
4.75599 3.1662
4.72448 3.10238
5.4509 3.69499
5.50772 3.69966
5.73492 -2.62106
5.74114 -2.61932
4.64411 -1.04902
4.64114 -1.03699
7.72967 1.91056
7.72577 1.91934
4.79364 3.23527
4.81872 3.27646
6.12147 -2.42609
6.15529 -2.40571
6.20825 -2.37101
6.26794 -2.332
5.40507 -2.6634
5.33586 -2.64041
5.24954 -2.58671
4.99947 -2.19185
4.98566 -2.16116
5.07812 -2.36024
5.04522 -2.2952
5.14397 -2.46928
5.16662 -2.49774
4.37505 0.912984
4.37521 0.850114
4.37604 1.03941
4.37531 0.977114
4.39073 1.41094
4.3875 1.35818
4.39915 1.53121
4.39589 1.48648
4.48615 -0.335612
4.49232 -0.368639
4.55024 -0.655112
4.39448 0.384221
4.39859 0.331809
4.38559 0.520198
4.38903 0.462267
4.44629 -0.0893968
4.45335 -0.136665
4.41258 0.182335
4.4213 0.102413
6.29799 3.48919
6.2032 3.53658
4.52999 2.47372
4.51583 2.40606
4.59867 2.75417
4.59214 2.73032
7.20412 2.74605
7.2372 2.70729
8.0006 0.97519
7.99639 1.00472
7.9564 1.22439
7.94392 1.28006
7.43466 2.44315
7.37355 2.5309
6.74799 -1.96151
6.82505 -1.89351
7.07547 -1.64789
6.93279 -1.79228
7.5185 2.3111
7.48858 2.35969
7.59793 2.17411
7.58596 2.19571
4.88566 -1.89112
4.8848 -1.88831
7.89255 1.47309
7.90294 1.43791
7.83794 1.64051
7.84503 1.62054
6.43465 -2.21247
6.53646 -2.13577
6.35674 -2.2693
5.69655 -2.63492
5.65191 -2.64769
7.94147 -0.151894
7.95364 -0.104585
7.90456 -0.280111
7.91868 -0.234048
7.8917 -0.321758
7.83025 -0.493016
7.8206 -0.517842
4.8994 3.38847
6.91815 3.04228
6.87372 3.08205
6.77764 3.16445
6.76365 3.17576
6.70909 3.21938
6.66416 3.25338
6.51964 3.35642
5.84397 3.66626
5.85793 3.66216
4.4288 1.84911
4.43362 1.88997
4.44758 1.99792
4.47292 2.17144
4.49559 2.30446
6.07278 3.5936
6.4716 3.38657
6.4387 3.40752
6.19351 3.54151
7.05365 2.91052
6.9279 3.0336
6.56294 -2.1141
6.73946 -1.96922
6.91811 -1.80597
7.12217 -1.5992
8.02763 0.67693
8.02086 0.795215
6.55 -2.12473
4.72101 3.09495
4.77704 3.20448
8.0288 0.451916
8.03034 0.496204
4.41478 1.71225
4.41766 1.7431
4.40258 1.57316
4.40591 1.61479
4.37934 0.66119
4.37738 0.72306
4.38483 0.534283
4.38203 0.592682
4.62624 2.84592
4.62703 2.84865
7.77869 1.79576
7.76809 1.82179
7.68803 1.99962
7.67957 2.01726
4.68479 3.00637
4.66966 2.96891
7.21529 -1.49403
7.23207 -1.47475
4.58387 -0.801212
4.37937 1.17075
4.38145 1.23111
4.37608 1.04185
4.37743 1.10411
4.86237 -1.82135
4.86085 -1.81625
5.67246 3.69494
5.6165 3.70014
4.55388 -0.672052
4.56311 -0.713339
4.71858 3.08895
4.6941 3.03086
4.72008 3.09269
5.30757 3.66632
5.31945 3.66927
7.16582 2.79064
7.17891 2.77585
7.1634 -1.55318
7.18649 -1.52718
7.14021 -1.57912
4.93005 -2.01807
4.93301 -2.0256
8.02879 0.645553
4.9192 3.41233
5.11645 3.58101
5.08559 3.56128
5.78716 3.67801
5.75021 3.68435
4.45456 2.0523
8.01566 0.854185
4.70638 -1.28574
4.66455 -1.13035
4.80822 -1.64553
4.78687 -1.57397
4.95256 -2.08044
4.95801 -2.09367
5.03617 -2.2741
5.01452 -2.22838
5.05561 3.53908
5.01829 3.5096
5.80415 -2.59489
5.94979 -2.52474
8.01243 0.234331
8.0019 0.14802
4.38603 1.2946
4.38697 1.35055
4.3753 0.976334
4.37505 0.913614
4.37792 0.786611
4.37521 0.84939
4.39474 1.47119
4.39149 1.42233
4.38968 0.452426
4.39347 0.397043
5.52718 3.70088
5.6146 3.70035
4.42777 0.0474916
4.43614 -0.0177953
7.71677 -0.748508
7.70781 -0.766577
4.56263 2.61895
4.53674 2.50724
7.98056 1.10182
7.97352 1.14028
7.30706 2.6201
7.37189 2.53323
7.49269 -1.13181
7.4414 -1.20732
7.35656 -1.32076
7.27979 -1.41807
7.55872 2.24329
7.53858 2.27777
7.86648 1.55668
7.87506 1.5303
5.69664 -2.63489
5.52509 -2.66922
5.60697 -2.65838
4.75564 -1.4668
5.21387 3.63177
5.13664 3.59327
5.30047 3.66387
5.9889 -2.50427
6.04738 -2.4713
5.77258 -2.60653
8.02127 0.325358
7.96857 -0.0372747
7.98445 0.0408436
7.95636 -0.0936806
7.61276 -0.940993
7.81177 -0.538934
7.5908 -0.978847
7.38922 -1.27846
7.58779 -0.98385
8.03037 0.594731
6.08816 -2.44672
4.71977 -1.33453
5.40985 3.68894
5.69665 -2.63489
4.63042 -0.993861
4.6569 -1.10003
4.40834 1.64249
4.41148 1.67894
4.38182 0.597582
4.37945 0.657875
4.64733 2.90774
4.62983 2.85755
4.37749 1.10616
4.37926 1.16761
4.65792 -1.1041
5.50507 -2.67146
5.51626 -2.67065
4.96587 -2.1119
5.07866 -2.36142
5.12568 -2.44121
4.37605 1.04061
4.40066 1.55063
4.47186 -0.254796
4.39994 0.315609
4.38511 0.527481
4.46731 -0.227816
4.40832 0.223677
4.58509 2.70553
4.50078 2.33062
4.60914 2.7895
7.24229 2.70106
8.01357 0.872744
7.92849 1.34324
7.43577 2.44148
7.26535 -1.43514
7.6361 2.10352
7.63085 2.11354
7.47723 2.37752
4.86372 -1.8261
4.8982 -1.92786
7.91614 1.38973
7.81296 1.70877
5.61443 -2.65612
7.93864 -0.162822
6.72647 3.20629
4.42642 1.82973
4.43697 1.91658
6.30001 -2.30957
6.2827 -2.32193
4.62556 -0.973947
4.42165 1.78227
4.37731 0.725056
4.65415 2.92575
4.49774 2.31535
7.80709 1.72455
7.73375 1.9014
7.64177 2.09258
4.38159 1.23554
5.69715 3.69172
5.37766 3.68352
8.02706 0.408792
5.8251 3.67053
5.73007 3.68805
5.47187 -2.67081
6.71823 3.21252
6.82871 3.1218
6.18539 -2.38625
5.08317 -2.36986
5.18274 -2.51879
6.34609 -2.27739
6.6234 3.28407
4.4242 1.80705
7.92583 -0.209405
