7.65418 -0.243702
7.66248 -0.217918
7.76205 0.230387
7.76698 0.269833
4.64335 1.13328
4.64056 1.07594
5.09225 -1.43149
5.07403 -1.3906
5.03306 -1.28924
5.00418 -1.21138
4.67264 1.54359
4.6735 1.55189
4.71388 1.84869
4.71794 1.87275
6.09183 -1.99867
6.00208 -2.03165
5.62641 -2.04937
5.61214 -2.04673
4.64353 0.619205
4.64608 0.555979
7.09641 -1.22605
7.11872 -1.20003
4.70281 -0.015843
4.69999 0.0029679
6.66503 2.87965
6.73914 2.82128
6.48115 -1.78566
6.4052 -1.83676
6.82838 -1.50629
6.80636 -1.52744
7.36906 -0.851856
7.32552 -0.921429
7.43351 1.95288
7.39858 2.01804
7.68048 1.33076
7.69084 1.29152
7.71779 -0.0146456
7.72456 0.0154477
7.5753 -0.456292
7.57466 -0.457867
5.31426 3.13636
5.28603 3.11658
5.51328 3.22875
5.52148 3.23091
5.14417 -1.54679
5.15351 -1.56487
4.64974 1.26634
4.65144 1.29526
5.89488 -2.05684
5.80252 -2.06854
4.86829 -0.787765
4.8677 -0.785735
4.82794 -0.632823
4.81061 -0.563978
4.63874 0.746513
4.63792 0.78397
4.94062 2.65847
4.9187 2.61144
6.20748 -1.94817
6.23015 -1.93606
4.75663 2.07702
4.76796 2.12829
7.46054 -0.694653
7.48715 -0.643006
6.1402 3.18085
6.16363 3.17095
6.4055 3.05477
6.42121 3.04634
5.89547 3.24544
5.94962 3.23558
6.58239 2.94306
6.81289 2.7571
6.74916 2.81325
6.60408 -1.6971
6.69181 -1.62669
6.54423 -1.74039
6.58634 -1.71022
7.26935 -1.00293
7.31024 -0.944408
7.78307 0.494316
7.78252 0.473899
4.77922 -0.428561
4.78501 -0.455372
5.24289 -1.72255
5.27691 -1.77288
6.95618 -1.38055
7.0272 -1.3075
4.77566 2.16185
4.79377 2.23281
7.78254 0.67586
7.78056 0.719071
5.36932 -1.88825
5.381 -1.89926
7.68815 -0.131202
7.62212 -0.33646
5.99846 -2.03244
6.1048 -1.99438
5.59903 -2.04142
5.60702 -2.0449
5.70603 -2.06596
7.0286 -1.30596
7.02933 -1.30515
7.16089 -1.14853
7.16323 -1.14563
6.25346 3.13388
6.31695 3.10202
7.35582 2.09221
7.37867 2.0531
7.27228 2.22369
7.29983 2.18196
7.18445 2.34938
7.18752 2.34522
7.62861 1.49792
7.65138 1.42902
7.72059 1.16471
7.70369 1.24085
7.77321 0.821203
7.77044 0.853066
7.61619 -0.352443
6.57831 2.94585
6.52303 2.98278
4.66239 1.44058
4.66097 1.42357
5.90134 -2.05624
5.77614 -2.06732
5.52134 -2.0078
5.48307 -1.98335
5.44249 -1.95521
5.44316 -1.95583
6.21666 3.14952
6.34447 3.08858
6.83135 2.74101
6.38639 -1.84782
6.3615 -1.86287
6.90904 -1.4291
4.63846 0.95017
4.63797 0.913306
4.6459 1.19984
4.64456 1.1673
4.93754 -1.01896
4.94062 -1.02893
4.94819 -1.05239
4.9718 -1.12046
5.28768 -1.78894
4.65881 0.367884
4.65502 0.419974
4.68367 0.12234
4.68102 0.142976
4.64043 0.689966
4.64191 0.653604
4.82534 2.34519
4.83112 2.36554
6.94063 2.63501
6.94993 2.62578
7.06054 2.50426
7.07246 2.49034
7.75363 0.981721
7.74724 1.02611
6.1798 -1.95996
4.64049 1.0403
4.68028 1.61409
4.68068 1.61768
4.66698 1.48772
4.64866 0.523192
4.98188 2.74555
5.00391 2.78633
7.4857 1.84836
7.51637 1.78299
5.76931 3.25816
5.81039 3.25599
6.87193 -1.46496
7.57891 1.63553
7.56681 1.66601
6.5804 2.94447
4.65313 1.3208
4.65595 1.35941
4.91165 -0.934019
4.89118 -0.866189
5.22023 -1.68617
5.21669 -1.67982
4.64975 0.492724
4.66647 0.282425
4.67659 0.183061
4.67334 0.212951
4.63883 1.00366
4.63767 0.875981
4.63752 0.822269
5.87348 3.24971
5.85032 3.25272
6.0838 3.2006
6.08201 3.20112
6.85542 2.71873
4.75743 -0.32497
4.77688 -0.41782
5.11962 2.9584
5.12039 2.95941
4.69998 1.75784
4.69786 1.74439
4.72793 -0.168729
4.74753 -0.274345
5.29095 -1.79391
5.2973 -1.80296
4.75112 2.04926
4.74115 2.00093
5.66576 3.25629
5.66109 3.25568
5.41323 3.19133
5.48934 3.21972
5.19657 3.04169
5.18306 3.02742
7.77555 0.359916
7.7482 0.135211
5.04663 -1.32529
5.11256 -1.47836
4.72339 1.90574
4.70767 1.80857
4.80375 2.26929
4.81381 2.30637
6.78389 -1.54706
6.84502 -1.49084
7.32055 -0.928983
7.39469 -0.810288
7.39547 2.02363
7.44242 1.93582
7.22886 2.28721
7.2453 2.26366
7.59952 1.5818
7.70204 1.24759
7.67896 1.33635
7.74302 0.106046
7.69642 -0.100657
5.21655 3.06063
5.39215 3.18103
5.61431 3.24999
5.11878 2.95722
5.05453 2.86874
7.77866 0.40179
5.03763 -1.30175
5.1621 -1.58037
5.19904 -1.64903
4.68786 1.67608
4.68269 1.63485
4.68919 1.68538
4.7369 1.97803
4.86562 -0.77857
4.8854 -0.846773
4.80266 -0.531212
4.84817 -0.712492
4.90557 2.57743
4.8822 2.52018
5.02691 2.82578
4.95892 2.70039
4.76913 2.13396
4.75414 2.0646
7.43431 -0.742271
7.51969 -0.577877
6.031 3.21653
5.9912 3.22578
5.88127 3.24837
6.70477 -1.61624
6.59524 -1.70359
6.50425 -1.77031
7.24771 -1.03384
7.21733 -1.07592
7.41631 -0.773252
7.78436 0.581558
7.53078 1.75055
7.55516 1.6937
4.84795 2.42172
4.84882 2.4247
6.95463 2.6209
7.01254 2.55844
7.78403 0.604736
7.77801 0.765033
7.76208 0.922002
7.75998 0.940014
4.71837 -0.115237
4.72141 -0.132849
7.13309 2.41556
7.08451 2.47557
7.16459 -1.14391
7.72542 1.1424
7.74442 1.04192
7.47027 1.88039
7.35112 2.10009
7.31465 2.15876
7.17531 2.36154
7.6559 1.41421
7.62141 1.51932
7.76693 0.883632
6.47661 3.01306
6.45256 3.02746
4.85187 2.4342
6.88323 2.69196
4.67412 1.55891
5.8213 3.25548
5.73691 3.25823
6.25119 -1.92462
6.30701 -1.89561
5.33174 -1.84396
5.22806 -1.69997
4.67003 0.244304
6.09202 3.19787
5.67479 3.25699
5.71744 3.25869
4.99001 -1.17307
4.65936 1.40382
7.03157 -1.3026
4.68583 0.106269
7.613 1.54393
4.66844 0.262267
4.87461 2.4986
6.36557 3.07773
4.94232 -1.03443
5.40854 -1.92559
7.57097 -0.466093
7.52868 -0.559127
6.51615 2.98732
4.85363 -0.734201
5.444 -1.95654
