4.68546 -1.19258
4.69219 -1.21729
5.32737 -2.62496
5.3053 -2.60993
5.42609 -2.65589
5.4377 -2.65649
5.85843 -2.5625
5.9273 -2.53049
5.2229 -2.5491
5.19854 -2.52556
5.10423 -2.39281
5.11556 -2.40942
8.00087 0.166208
8.0031 0.183445
4.60669 -0.880966
4.62366 -0.950331
4.51441 -0.462555
4.54862 -0.62945
4.45979 2.06159
4.46046 2.06744
4.55482 2.56847
4.56358 2.60472
7.30638 2.61499
7.36935 2.53069
7.43962 -1.20356
7.44552 -1.1952
7.30671 -1.37858
7.33279 -1.34625
6.99316 -1.72621
7.02687 -1.69327
6.40963 -2.22656
6.41943 -2.21901
5.65041 -2.63967
5.65116 -2.63956
5.56418 -2.65632
5.56093 -2.65708
4.78531 -1.55378
4.76654 -1.49042
4.83936 -1.73147
4.82919 -1.69732
7.86194 -0.399104
7.85156 -0.42848
4.88722 3.36111
4.84588 3.30601
5.16495 3.60063
5.19453 3.61593
4.95192 3.43864
4.97774 3.46371
5.30822 3.65933
5.31048 3.66019
5.98927 -2.49759
6.03922 -2.4695
8.01575 0.299365
8.0141 0.278758
7.97927 0.0305267
7.97874 0.0275294
6.82029 3.12365
6.81235 3.13047
6.58842 3.30335
6.60697 3.29056
4.44493 1.94766
4.44327 1.93433
4.48088 2.19344
4.47937 2.18511
7.65137 -0.866531
7.64851 -0.871781
7.76719 -0.633472
7.75898 -0.651807
5.95801 3.62852
6.03572 3.60101
6.40863 3.42134
6.33727 3.46153
6.15142 3.5554
6.18527 3.54053
7.1459 2.80727
7.08652 2.87164
6.98253 2.97544
7.00707 2.9522
7.39497 -1.26463
7.42499 -1.22384
7.5399 -1.05315
7.51258 -1.09588
6.6523 -2.03718
6.64031 -2.04752
6.83051 -1.88324
6.83565 -1.87879
8.02704 0.553414
8.02711 0.585864
8.01995 0.764923
8.02039 0.759647
4.73458 -1.37375
4.7571 -1.45581
4.91078 -1.9487
4.9137 -1.95628
4.76047 3.16253
4.72616 3.09302
5.45425 3.68887
5.50716 3.69322
5.72948 -2.61487
5.74045 -2.6118
4.64748 -1.04665
4.64505 -1.03686
4.63255 2.84985
4.63207 2.84851
7.72731 1.90739
7.72184 1.91971
4.79817 3.23156
4.81829 3.2646
6.11718 -2.42261
6.16077 -2.39634
6.20431 -2.36782
6.27341 -2.32265
5.41208 -2.65385
5.33473 -2.62816
5.25548 -2.57862
5.00938 -2.1992
4.99167 -2.15984
5.0714 -2.33225
5.05192 -2.29373
5.14919 -2.46218
5.18223 -2.5037
4.37875 0.910828
4.37891 0.850109
4.37973 1.03726
4.37903 0.977109
4.39435 1.40883
4.39124 1.35819
4.40276 1.5291
4.39967 1.4865
4.48716 -0.320553
4.49664 -0.371289
4.55456 -0.65776
4.39837 0.381834
4.4023 0.331749
4.38944 0.517837
4.39274 0.462206
4.45035 -0.0918914
4.45675 -0.134739
4.41653 0.179907
4.42477 0.10438
6.29739 3.48441
6.19699 3.53461
4.53498 2.47682
4.51966 2.40367
4.60281 2.75159
4.59696 2.73018
7.20279 2.742
7.23334 2.7062
7.99758 0.972203
7.99261 1.0071
7.95357 1.22159
7.9399 1.28259
6.74335 -1.96059
6.78776 -1.92141
7.0712 -1.64704
6.93174 -1.78798
7.51628 2.30812
7.48464 2.3595
7.59566 2.17105
7.5821 2.19553
7.43277 2.43964
7.43683 2.43353
7.88893 1.47343
7.90021 1.43522
7.83419 1.64086
7.84235 1.61789
6.42916 -2.21138
6.53657 -2.13046
6.35395 -2.26591
7.93859 -0.149194
7.94987 -0.105337
7.90079 -0.280863
7.91378 -0.238475
7.88896 -0.319188
7.82457 -0.498146
7.81661 -0.518638
4.90586 3.38659
6.91368 3.04101
6.87118 3.07906
6.77706 3.1598
6.75896 3.17443
6.70413 3.21797
6.6615 3.25024
6.51905 3.35172
5.84309 3.66101
5.84892 3.65929
4.43298 1.85171
4.43723 1.88772
4.45147 1.99796
4.47201 2.1408
4.49943 2.30207
6.07213 3.58845
6.46623 3.38486
6.43585 3.40421
6.19043 3.53794
7.04952 2.90935
6.92656 3.02956
6.55781 -2.11308
6.73844 -1.96503
6.91344 -1.80504
7.12114 -1.59497
8.02433 0.675693
8.01856 0.782686
6.54744 -2.1216
4.72533 3.09141
4.78486 3.20685
8.02525 0.446802
8.02693 0.494924
4.41883 1.71476
4.42148 1.74312
4.40658 1.57564
4.40971 1.6148
4.38297 0.663292
4.38107 0.723
4.38843 0.536371
4.38574 0.592622
7.77794 1.78856
7.76426 1.82215
7.68735 1.99308
7.67557 2.01764
4.69216 3.01096
4.67502 2.96852
7.20981 -1.49483
7.22906 -1.47272
4.58847 -0.804034
4.38317 1.17295
4.38518 1.2311
4.37986 1.04403
4.38116 1.10411
4.86675 -1.81966
4.86642 -1.81856
5.6715 3.68919
5.61861 3.6941
4.55722 -0.670161
4.56397 -0.700384
4.69957 3.03046
4.72391 3.08823
7.16451 2.78668
7.17507 2.77476
7.15785 -1.554
7.18347 -1.52514
7.1372 -1.5771
4.93326 -2.01112
4.93849 -2.0244
8.02536 0.647704
4.91884 3.40223
5.11616 3.5728
5.08958 3.55581
5.78624 3.67245
5.73853 3.68064
4.45878 2.05492
8.01237 0.85295
4.70994 -1.28322
4.66426 -1.11349
4.81214 -1.64276
4.79229 -1.57621
4.95589 -2.07323
4.9638 -2.0924
5.04691 -2.28207
5.02083 -2.227
5.06378 3.5367
5.01797 3.50051
5.80984 -2.58518
5.94589 -2.5203
8.00881 0.232975
7.99889 0.150838
4.38966 1.2946
4.39056 1.34845
4.379 0.974182
4.37875 0.91361
4.38152 0.786606
4.3789 0.847241
4.39835 1.46909
4.39524 1.42234
4.39355 0.450055
4.39717 0.396983
5.53057 3.69469
5.6136 3.69435
4.43177 0.0450373
4.43957 -0.0158522
7.71261 -0.749337
7.70544 -0.763791
4.56834 2.62251
4.54062 2.50482
7.97763 1.09893
7.96962 1.14273
7.30255 2.61989
7.37053 2.52909
7.49037 -1.12907
7.43642 -1.20805
7.35156 -1.3215
7.27743 -1.41529
7.55648 2.24027
7.53468 2.27758
7.8628 1.55703
7.87236 1.52763
5.69072 -2.62815
5.64023 -2.64203
5.51769 -2.66081
5.60619 -2.64986
4.75928 -1.46423
5.2136 3.62425
5.14071 3.58771
5.31184 3.66056
6.05293 -2.46182
5.98884 -2.49782
5.76754 -2.60078
8.01747 0.319865
7.96477 -0.0387007
7.97992 0.0343061
7.95346 -0.090962
7.62591 -0.91124
7.80932 -0.536048
7.58835 -0.975967
7.38691 -1.27573
7.58322 -0.984523
8.02677 0.60237
6.0883 -2.4405
4.72457 -1.33652
5.40928 3.68225
5.69593 -2.627
4.63378 -0.991488
4.66083 -1.0999
4.41236 1.64499
4.41528 1.67896
4.38543 0.599677
4.38315 0.657815
4.63076 2.84462
4.65269 2.90759
4.38128 1.10836
4.38298 1.1676
4.66128 -1.10172
5.51247 -2.66139
5.51539 -2.66118
4.97518 -2.11881
5.08627 -2.35974
5.13429 -2.43931
4.37975 1.04061
4.40445 1.55065
4.4752 -0.252906
4.40384 0.313215
4.3888 0.527421
4.47139 -0.230322
4.41182 0.225659
4.58921 2.70296
4.50571 2.33369
4.61401 2.78936
7.24092 2.69692
8.00988 0.875064
7.92574 1.34052
7.43165 2.44129
7.25996 -1.43593
7.63379 2.10042
7.62701 2.11336
7.47505 2.37458
4.86705 -1.8207
4.87456 -1.84288
7.91259 1.39006
7.8103 1.70615
5.60836 -2.6492
7.93486 -0.163576
6.72588 3.20159
4.43002 1.82749
4.44121 1.91921
6.29386 -2.30835
6.28282 -2.31623
4.62947 -0.973818
4.42572 1.7848
4.38093 0.727154
4.66124 2.93016
4.50203 2.31523
7.80333 1.7249
7.73303 1.89454
7.64112 2.08628
4.38539 1.23774
5.69238 3.68646
5.38097 3.67747
8.02384 0.411805
5.83521 3.66279
5.72913 3.68236
5.47093 -2.66057
5.98693 -2.49883
6.71557 3.20939
6.82812 3.11709
4.88997 -1.88793
6.18552 -2.38034
5.1922 -2.51672
6.34622 -2.27178
6.62281 3.27937
4.42802 1.80709
7.92299 -0.206745
