5.45076 -2.44058
5.46034 -2.44393
5.14347 -2.155
5.12869 -2.12971
4.96077 3.23954
4.9938 3.27956
5.40131 3.53617
5.30486 3.50425
5.35441 -2.39091
5.31635 -2.36518
6.61025 3.17919
6.65601 3.14522
4.66224 -0.760478
4.67992 -0.832544
5.94374 3.51462
5.84133 3.53919
6.17182 3.43319
6.20213 3.41856
4.6492 2.5479
4.64993 2.5509
4.69272 2.69554
4.70308 2.72716
7.00602 2.83843
7.0579 2.78491
7.17388 2.65442
7.15016 2.68259
7.8925 1.16119
7.9116 1.05801
7.38835 -1.14315
7.41118 -1.11078
6.53699 -2.01429
6.61716 -1.95282
7.468 2.24316
7.49887 2.19153
7.81148 1.48072
7.78554 1.56171
7.9523 0.625126
7.9536 0.583997
5.58295 -2.4634
5.54295 -2.46093
7.79204 -0.372763
7.77622 -0.416206
4.88195 3.12708
4.86831 3.1034
5.14348 3.41545
5.10958 3.39036
5.40181 3.53632
5.49784 3.55436
7.91395 0.0881917
7.91053 0.0685294
7.94586 0.342648
7.94542 0.336769
4.87047 -1.50444
4.86775 -1.49663
4.96065 -1.7634
4.93052 -1.67949
6.76562 3.05932
6.76458 3.06021
4.49568 1.66277
4.49742 1.67934
4.6316 -0.628057
4.99551 -1.8497
4.96523 -1.77478
4.57678 2.22969
4.5596 2.1351
4.53181 1.95823
4.53791 1.99884
7.55345 -0.886067
7.59609 -0.810017
5.81348 3.54509
5.75267 3.5529
6.39576 3.31869
6.47468 3.26986
6.89819 2.94356
6.84176 2.9942
7.48928 -0.993515
7.49687 -0.981315
6.72573 -1.86244
6.81316 -1.78682
7.05444 -1.54906
7.00457 -1.60202
6.29549 -2.18485
6.41223 -2.10656
6.28552 -2.19181
6.20342 -2.24163
5.75254 -2.44194
5.81825 -2.42485
4.51801 -0.00793123
4.51364 0.026078
7.67743 1.84026
7.67261 1.85111
7.94321 0.808154
7.94591 0.774292
4.76059 -1.13955
4.76037 -1.13879
4.81309 -1.31834
4.79602 -1.26027
7.82883 -0.262904
7.81786 -0.297409
5.18928 -2.22266
5.21399 -2.25809
6.16926 -2.26311
6.08823 -2.30736
4.45712 0.865212
4.45716 0.850018
4.45786 0.991783
4.45769 0.977017
4.47081 1.36433
4.47045 1.35856
4.59142 -0.441848
4.4806 0.331327
4.48067 0.330474
4.47077 0.467885
4.47118 0.46093
6.03937 3.48449
5.82809 3.54248
6.09398 3.46499
6.28425 3.3796
7.09701 2.74279
7.10927 2.72924
7.27705 2.5261
7.27693 2.52625
7.19248 -1.39537
7.16968 -1.42261
7.28634 -1.2806
7.28196 -1.28635
6.63371 -1.93883
6.51767 -2.02973
6.97764 -1.62847
6.90934 -1.69636
7.54735 2.10605
7.55877 2.08467
7.38442 2.37457
7.39724 2.3553
7.75497 1.64831
7.76921 1.60824
7.85771 1.31409
7.84146 1.37711
7.75555 -0.471027
7.72866 -0.536186
7.7422 -0.503801
6.81925 3.01422
6.81745 3.01583
6.54859 3.22185
6.55839 3.21546
4.50702 1.76952
4.50168 1.72186
4.49116 1.61518
4.48455 1.54408
4.47973 1.48686
4.68813 -0.865195
4.55635 2.11551
4.58091 2.25128
5.61458 3.56281
5.6687 3.56006
6.05838 3.47866
6.34488 3.34627
6.50636 3.25046
6.96018 2.884
6.43578 -2.08886
6.81463 -1.78543
6.71557 -1.87152
7.09861 -1.50282
6.2903 -2.18849
6.0444 -2.33044
6.03783 -2.33358
5.98924 -2.357
6.0014 -2.35117
5.89845 -2.3954
5.93696 -2.38035
4.72176 -0.99422
4.73227 -1.03397
4.4973 0.161345
4.50095 0.128059
4.53046 -0.0930104
4.4597 0.707773
4.45926 0.721727
4.46466 0.580559
4.46414 0.591346
4.78829 2.94676
4.79524 2.9632
4.74546 2.84529
4.72946 2.80426
4.59755 2.32837
4.60699 2.37191
7.3361 -1.21586
7.3302 -1.22366
7.93743 0.866195
7.93258 0.91389
4.46368 1.21962
4.46407 1.23101
4.45974 1.09034
4.46004 1.10401
6.18831 -2.25163
7.85305 -0.179898
5.07603 -2.02859
5.06002 -1.99767
4.7073 -0.939601
4.71565 -0.970956
6.71337 3.10171
6.71272 3.1022
4.58716 -0.421369
4.58384 -0.404229
4.54053 -0.156171
4.54941 -0.210893
7.62691 1.94948
7.58959 2.02572
4.58198 2.25623
4.594 2.31262
4.58135 2.25331
6.82439 -1.77633
5.62542 -2.46284
5.63488 -2.46196
7.86172 -0.149384
7.86896 -0.121479
7.67978 -0.646024
7.67734 -0.651398
4.91051 3.17113
4.91706 3.18089
4.52526 1.90901
4.52005 1.87157
7.34601 -1.20253
7.94749 0.75106
7.94847 0.738106
5.26715 -2.31997
5.2858 -2.33678
5.25687 -2.31093
4.48598 1.55919
4.48521 1.55102
4.58843 -0.427622
4.54764 2.06249
4.8326 3.03878
4.82346 3.02264
4.48611 0.267771
4.48634 0.26523
4.78662 -1.2291
4.76067 -1.13981
5.49631 -2.45308
5.43837 -2.43522
5.16844 -2.19454
5.12298 -2.11845
5.01067 3.29801
4.95437 3.23167
5.25378 3.48138
5.4016 3.53627
5.8514 -2.41272
5.8865 -2.40073
7.93287 0.212639
7.93182 0.204092
4.4665 1.29451
4.46666 1.30416
4.45722 0.928656
4.45716 0.913518
4.45766 0.786517
4.457 0.801784
4.91658 -1.63855
4.89874 -1.58826
4.4748 1.42459
4.47467 1.42271
5.0232 -1.91819
5.02826 -1.92893
4.47523 0.399882
4.47552 0.395708
4.54043 2.01759
7.61833 -0.768147
7.65243 -0.701326
4.62538 2.45199
4.65147 2.55666
4.70814 2.74304
4.6843 2.66803
7.13565 2.6992
7.20796 2.61389
7.88539 1.19567
7.91503 1.03702
7.28157 2.51992
7.34077 2.4389
7.43937 -1.06899
7.24043 -1.33783
7.22651 -1.35529
7.50822 2.17534
7.44948 2.27348
7.78463 1.56438
7.81464 1.47054
7.9533 0.487409
7.95036 0.69485
5.54222 -2.46089
5.58909 -2.46331
4.83978 -1.40742
4.86202 -1.47948
7.89032 -0.0318558
7.88317 -0.0633978
5.0557 3.34297
5.20759 3.45743
5.56872 3.5602
5.64431 -2.46048
5.71759 -2.45086
7.95302 0.467199
4.96334 -1.77018
5.03508 -1.9432
4.52869 1.93521
7.68218 -0.64088
7.53664 -0.915034
7.48594 -0.998822
7.9533 0.475372
4.832 -1.381
5.94433 -2.37675
5.98741 -2.35797
4.46189 0.643997
4.4614 0.656541
4.75253 2.86204
4.76968 2.90426
4.46146 1.15484
4.46183 1.16751
4.56231 -0.286132
4.73621 -1.04884
5.24298 -2.29453
5.09313 -2.06396
4.45821 1.04052
4.47683 1.45142
4.48198 0.314726
4.46691 0.52615
4.61377 2.40093
4.67789 2.64769
7.21191 2.60899
7.09006 2.75064
7.93113 0.924558
7.86589 1.28132
7.34211 2.43698
7.14276 -1.45316
7.30555 -1.25585
7.58494 2.03469
7.5455 2.10944
7.42671 2.30954
7.83581 1.39729
7.75413 1.6506
4.50823 1.78063
4.49925 1.69894
4.81977 3.01605
4.81126 2.99888
5.59524 3.56278
6.03285 -2.33576
4.48658 0.262396
4.51009 0.0525878
4.45751 0.771547
4.72316 2.78626
7.71746 1.74453
7.72234 1.73252
7.63739 1.92766
7.11811 -1.48114
7.94176 0.826463
4.46573 1.28431
5.37998 -2.40912
5.40462 -2.42169
6.59793 3.18784
4.51614 1.84095
4.51185 1.80767
4.92094 3.18612
4.93586 3.20647
5.30675 -2.35633
6.81563 3.01744
7.68205 1.82988
7.75321 1.65308
7.75215 -0.479724
6.65908 3.14291
5.71086 3.5578
7.87589 -0.0936969
6.72422 3.09294
