7.54078 0.0340261
7.5459 0.0555679
7.51433 1.25416
7.50835 1.27777
5.39933 -1.41159
5.41327 -1.43136
5.67427 -1.64958
5.71476 -1.66592
5.13984 -0.919194
5.15056 -0.947458
4.83039 0.780838
4.82847 0.835509
5.14523 2.4693
5.1531 2.4838
7.16593 -0.812882
7.13497 -0.858662
6.99016 -1.04399
6.99171 -1.04224
6.15453 2.89072
6.15502 2.89053
5.92058 2.93923
5.94436 2.93733
7.21343 1.96476
7.21591 1.96079
6.36053 2.80101
6.3375 2.81369
7.56126 0.131898
7.57397 0.206383
7.51681 -0.0602421
7.50506 -0.104105
7.43164 -0.316265
7.45313 -0.259686
7.34817 -0.501607
7.33729 -0.524266
7.38167 1.63525
7.36281 1.67774
7.44943 1.46167
7.43223 1.50863
5.535 2.87262
5.61975 2.90718
5.33888 2.73263
5.39774 2.78442
5.3273 -1.30791
5.30602 -1.27136
4.83588 1.1189
4.84112 1.21138
4.85748 1.39534
4.86326 1.44883
5.86052 -1.69778
5.79944 -1.68805
5.00451 -0.50183
5.01782 -0.549586
5.0718 -0.72955
5.0748 -0.738205
5.50961 -1.53711
5.54565 -1.56694
5.21663 -1.09914
5.20002 -1.06168
4.94124 1.90042
4.96153 1.9821
4.89579 1.68013
4.8962 1.68231
4.88012 0.105912
4.87338 0.155341
4.84788 0.389648
4.84566 0.411155
4.83051 0.70374
4.83202 0.65051
4.82867 0.856615
4.82983 0.965187
5.24978 2.63205
5.26109 2.64519
6.24445 -1.62261
6.26149 -1.61431
6.05029 -1.68456
6.0346 -1.68649
4.99678 2.10536
4.98135 2.05549
6.84941 -1.19548
6.86049 -1.18459
5.73718 2.93505
5.68611 2.92369
6.63995 -1.38123
6.68014 -1.34806
6.44114 -1.52023
6.47787 -1.49629
7.59796 0.424874
7.59454 0.374423
7.60336 0.608645
7.60354 0.586393
6.64079 2.62076
6.63303 2.6267
7.58448 0.891245
7.57954 0.933199
4.96078 -0.326713
4.98361 -0.424746
4.91661 -0.119031
4.91852 -0.128908
7.08021 -0.930252
7.11947 -0.880143
7.20276 -0.757674
7.23333 -0.709571
7.25835 1.88653
7.25375 1.89498
7.56261 1.03582
7.55506 1.0811
6.7362 2.54131
6.75765 2.52188
6.91198 2.36901
6.9003 2.38154
7.15403 2.05702
7.1225 2.1038
7.01613 2.24741
7.02097 2.24157
7.49315 -0.141211
7.47984 -0.183178
7.40775 -0.373763
7.42297 -0.337573
7.36621 -0.464924
7.31232 -0.573038
7.31756 -0.562959
7.4167 1.54981
7.46273 1.42392
4.83401 1.09035
4.84444 1.25573
4.83013 0.715691
4.83031 0.987654
6.5571 2.68296
6.56299 2.67908
7.54468 1.12653
7.55391 1.08688
7.59606 0.77905
7.59259 0.819883
4.94911 -0.275504
4.98475 -0.429509
7.39923 1.59325
7.48071 1.37184
7.47461 1.39005
4.83329 1.04008
5.71986 -1.66784
5.73714 -1.67316
5.05174 2.26474
5.06238 2.29294
6.42272 2.76799
6.4453 2.75445
4.8478 1.29616
4.82977 0.727163
4.98723 -0.439312
4.84075 0.473354
4.83878 0.502884
7.55324 0.0917577
7.5358 0.0114258
5.43624 2.81406
5.49784 2.85264
5.42335 -1.44452
5.357 -1.35272
4.85087 1.33087
4.93797 -0.223269
4.94252 -0.244877
5.06746 -0.71664
5.04125 -0.630384
5.17709 -1.0098
5.13242 -0.899121
4.9172 1.79112
4.92578 1.83045
6.51265 2.71238
6.55102 2.68714
6.83108 2.45307
6.85871 2.42475
5.19504 2.55222
5.13788 2.45444
6.1546 -1.65641
6.14669 -1.65957
7.12393 -0.873814
7.17785 -0.795739
6.9932 -1.0405
6.92187 -1.11966
6.15365 2.89098
6.26069 2.84972
5.96956 2.93304
5.8404 2.94228
6.54 -1.45549
6.5824 -1.42424
7.03102 2.22885
7.07285 2.1734
7.60184 0.517204
7.60078 0.479316
6.3045 2.82899
6.39189 2.78494
7.28305 -0.626854
7.28648 -0.620905
7.58149 0.257258
7.34437 1.71805
5.63491 2.91231
5.31348 2.70626
7.59037 0.331156
5.47856 -1.50536
5.28702 -1.23631
4.87449 1.53742
4.87818 1.56531
4.87646 1.55282
4.89454 1.67263
5.89375 -1.69743
5.76606 -1.68218
5.5854 -1.59829
5.63944 -1.63017
5.02637 -0.579565
5.00085 -0.488575
5.10602 -0.82669
5.25973 -1.18652
5.23597 -1.14118
4.96792 2.00801
4.89408 0.012113
4.86444 0.226908
5.24452 2.62528
5.10209 2.3822
5.0648 2.29885
6.34333 -1.57577
5.95524 -1.69773
6.1079 -1.66992
5.0067 2.13517
6.83274 -1.21138
7.0367 -0.987236
7.29341 -0.60841
6.2798 2.84114
6.04914 2.9191
5.75366 2.93692
6.74104 -1.29681
6.36517 -1.56336
6.77209 -1.26834
7.6022 0.696053
6.59892 2.65185
6.64928 2.61442
4.91166 -0.0924542
6.4773 2.73555
7.05642 -0.961698
4.89817 -0.0134502
7.53327 1.18052
7.53783 1.16063
7.49851 1.31203
7.55444 1.08398
7.568 1.0077
6.8237 2.46043
6.6804 2.58823
6.9657 2.30754
7.08892 2.15104
7.17013 2.03289
7.60136 0.709822
7.60209 0.699041
7.46928 -0.21491
7.42946 -0.32194
7.40519 -0.37974
4.85109 0.349261
4.85622 0.296398
4.8437 0.434606
4.83359 0.599293
4.83489 0.570533
7.58878 0.856892
7.57711 0.950672
7.28913 1.8295
7.31136 1.78663
4.86067 0.259139
5.02754 2.20062
7.33031 1.74792
7.51936 1.23569
5.65915 -1.64184
4.85714 0.287721
7.2175 1.95811
4.84959 0.365728
4.83226 0.637404
7.32043 1.7688
7.26485 1.87494
7.22617 1.94325
7.38524 -0.42485
7.37801 -0.440407
4.83792 0.520112
4.83677 0.536092
