7.29668 1.53603
7.32143 1.47349
7.48594 0.692658
7.48615 0.686816
7.44592 1.03152
7.45215 1.00036
5.06505 -0.211113
5.05985 -0.188729
5.13152 -0.464499
5.14036 -0.493626
5.35697 -1.02165
5.34444 -0.99983
5.4632 -1.18534
5.52394 -1.26121
5.0653 1.82027
5.05381 1.77229
5.41508 2.52833
5.35764 2.46509
6.07456 -1.47084
6.09911 -1.46528
5.88737 -1.47144
5.81682 -1.45495
5.1261 2.02181
5.1491 2.08415
5.84202 2.73949
5.75005 2.72406
6.4641 -1.31806
6.54436 -1.26529
6.98963 2.07451
7.01776 2.03621
6.16675 2.70163
6.23483 2.67688
6.42254 2.58847
6.43659 2.58072
7.18489 -0.550395
7.13455 -0.6335
5.54925 2.63895
5.59124 2.663
7.48208 0.742093
7.48587 0.695388
5.17406 -0.600954
5.19581 -0.661074
5.27018 -0.847218
5.28165 -0.871419
5.59868 -1.33289
5.52948 -1.26658
5.01688 1.6019
5.00516 1.53561
4.98245 1.37448
4.99597 1.47677
4.95857 1.11293
4.95483 1.05954
5.29413 2.37587
5.33807 2.43832
6.2678 -1.41697
6.32412 -1.39137
5.70725 -1.40986
5.75722 -1.43192
5.20029 2.20587
5.17736 2.15606
6.87664 -0.972101
6.92407 -0.919789
6.72633 -1.12046
6.66713 -1.17266
7.22128 -0.485152
7.21597 -0.495199
7.31414 -0.284538
7.30054 -0.317324
7.39537 -0.0543044
7.40754 -0.0118223
7.45036 0.177214
7.45933 0.228555
5.02167 -0.00414248
5.03395 -0.0663481
4.9497 0.891469
4.94999 0.908974
4.95121 0.694759
4.95068 0.713501
4.96653 0.424264
4.96412 0.452574
4.9945 0.171338
5.00927 0.0715837
5.95635 2.74074
5.87196 2.74075
6.96474 -0.870544
7.01002 -0.813428
7.34992 1.39298
7.36952 1.33466
7.42725 1.1222
7.41956 1.16007
7.48407 0.466429
7.47992 0.402796
7.48589 0.525508
7.48772 0.596922
5.09335 -0.330764
5.10239 -0.364551
7.46251 0.935209
7.46037 0.95153
6.75099 2.34166
6.78573 2.30761
6.57718 2.48751
6.63475 2.44258
6.95549 2.1179
6.91161 2.171
6.35445 2.62493
6.36877 2.61832
5.10738 -0.382325
4.95032 0.92679
4.95247 1.02028
4.94871 0.795783
6.50844 2.53536
6.52652 2.52316
7.46829 0.892268
7.4734 0.849926
5.14665 -0.514163
5.15906 -0.5547
7.09037 1.92845
7.11246 1.89404
7.33436 -0.233763
7.34565 -0.204622
7.22295 -0.481888
7.24959 -0.428606
7.34121 1.41945
4.96982 1.25781
4.96479 1.19647
5.07675 -0.26267
5.07368 -0.249626
4.97303 0.354277
4.9762 0.321984
4.95476 0.604084
4.95565 0.583079
7.23588 1.67009
7.24289 1.65577
7.18588 1.76912
7.18587 1.76914
5.02132 -0.00228676
5.02059 0.00162757
4.94874 0.778699
7.28783 1.55679
7.33085 1.44957
7.48732 0.610186
7.48592 0.693775
7.45469 0.98338
7.43871 1.07337
5.05338 -0.159543
5.31215 -0.93522
5.37357 -1.0491
5.52506 -1.26237
5.43316 -1.14541
5.03964 1.71202
5.09393 1.92644
6.66373 2.41932
6.71247 2.37653
5.34985 2.45508
5.45206 2.5649
6.1705 -1.44993
6.01558 -1.47611
5.79632 -1.44938
5.95879 -1.4767
5.16076 2.11541
5.09404 1.92681
7.07005 -0.734027
7.07207 -0.731262
6.82009 -1.03188
6.80449 -1.04811
7.25425 -0.418841
7.29232 -0.336046
7.42643 0.0625022
7.43634 0.105553
4.949 0.761381
4.97934 0.29282
4.98867 0.21482
5.70799 2.71204
5.85269 2.74068
6.56303 -1.25272
6.43505 -1.33443
6.96636 2.10469
7.02786 2.02166
6.09678 2.71907
6.27399 2.66269
7.1952 -0.532528
7.07631 -0.724887
7.25986 1.61938
7.27356 1.58862
5.64841 2.69089
5.48959 2.59576
7.48034 0.771815
5.21255 -0.705217
5.16193 -0.563746
5.23249 -0.756854
5.40738 -1.10499
5.25804 -0.820442
5.61665 -1.34885
4.99774 1.48943
5.021 1.6223
5.09397 1.92657
4.97803 1.33528
5.26567 2.33118
5.24433 2.29294
5.22379 2.2524
5.98014 -1.47847
6.21754 -1.43376
6.36642 -1.37242
5.68915 -1.3985
6.7922 -1.06039
6.94558 -0.894135
6.64443 -1.19053
7.15927 1.81674
7.14743 1.8369
7.22203 -0.483741
7.32368 -0.261114
7.35704 -0.173253
7.37387 -0.124478
7.46798 0.290067
5.03719 -0.0830392
5.02146 -0.00303779
4.95279 0.648299
4.95788 0.540808
4.96096 0.492964
4.96977 0.387288
5.01248 0.0514636
6.0608 2.72789
6.01922 2.73394
7.47596 0.359132
7.0651 -0.741048
7.41834 1.16479
7.43607 1.08608
7.48555 0.499923
7.39076 1.26682
7.39917 1.23617
7.43729 1.07966
7.46398 0.926087
6.83898 2.25409
6.55202 2.50539
6.85532 2.23632
6.87161 2.21767
7.06626 1.96587
6.49125 2.54725
6.46063 2.56588
7.47645 0.820148
6.31322 2.64499
7.21477 1.71257
7.18595 1.769
7.21118 1.71995
6.38213 2.61158
7.37641 1.31356
7.41692 1.17103
