7.68937 -0.27665
7.71143 -0.208152
5.50821 3.31182
5.4303 3.28812
5.09136 3.04218
5.11372 3.06889
7.80119 0.193749
7.81285 0.287038
4.59537 1.10546
4.59522 1.10234
4.95449 -1.24037
4.95341 -1.23748
4.62162 1.51191
4.62574 1.55167
4.59849 0.593093
4.59881 0.585013
4.92806 2.78749
4.94595 2.8227
7.13808 -1.25145
7.1384 -1.25108
4.66897 -0.100649
4.65706 -0.0213348
7.51652 -0.683485
7.50602 -0.70389
6.27898 3.18929
6.3734 3.14025
4.7543 2.30099
4.74146 2.24876
5.74188 3.33561
5.71272 3.33613
6.6827 2.93318
6.72717 2.89816
6.87254 -1.53321
6.8524 -1.55255
7.40005 -0.888371
7.38481 -0.912713
7.46255 1.99195
7.44731 2.02039
7.63149 1.61898
7.61518 1.66146
7.72539 1.32653
7.73883 1.2756
7.75464 -0.0491397
7.77126 0.0247654
7.62637 -0.446103
7.60863 -0.489671
5.30849 3.23101
5.21174 3.1632
5.00543 -1.37749
5.02054 -1.4181
5.12941 -1.66548
5.0955 -1.59469
6.52243 3.04821
6.55837 3.02437
4.60053 1.23578
4.60402 1.29504
4.65546 1.79595
4.65712 1.80833
6.13518 -2.05834
6.19633 -2.02869
5.74854 -2.16145
5.78794 -2.16173
5.58819 -2.14443
5.59331 -2.14643
4.78342 -0.658028
4.77394 -0.620369
4.83664 -0.859748
4.82715 -0.825054
5.17923 -1.75869
5.1934 -1.78391
4.62657 0.219108
4.62398 0.243262
4.59294 0.719968
4.59232 0.748252
4.70941 2.10645
4.71412 2.12774
6.14834 3.24581
6.256 3.20032
6.91633 2.72854
6.84863 2.79337
6.64246 2.96405
6.39661 -1.91238
6.333 -1.95104
6.79778 -1.603
6.73804 -1.65487
6.98108 -1.42525
6.91582 -1.49171
7.2699 -1.08106
7.3004 -1.03952
7.82658 0.510639
7.82488 0.447275
4.59143 0.91336
4.59141 0.912669
4.92327 -1.14541
4.92956 -1.16586
4.73635 -0.452832
4.75268 -0.528424
5.27973 -1.91531
5.26967 -1.90091
6.99909 -1.4067
7.00479 -1.40085
7.01801 2.62378
7.00236 2.64066
7.80188 0.951392
7.80306 0.942416
4.69388 -0.245027
4.69314 -0.240963
7.82629 0.621851
7.82582 0.664313
7.72421 -0.164963
7.67215 -0.326479
6.06058 -2.08946
6.09169 -2.07818
5.60414 -2.14838
5.69088 -2.16282
7.04712 -1.35402
7.06941 -1.32957
6.39543 3.12698
6.2615 3.19805
7.78537 1.05523
7.768 1.14828
7.38439 2.13065
7.35183 2.18446
7.30147 2.26297
7.30965 2.25058
7.21275 2.38747
7.24197 2.34783
7.67546 1.49351
7.6856 1.46286
7.65057 -0.384631
7.59008 -0.531092
7.57396 -0.567049
6.5883 3.00401
6.50168 3.06214
4.6426 1.70243
4.63989 1.67999
4.61715 1.46691
4.61351 1.42335
5.98871 -2.11711
5.90661 -2.14126
5.93781 -2.13278
5.86513 -2.149
5.88729 -2.14606
5.59641 -2.14733
5.5348 -2.12559
4.85558 -0.928306
4.96712 2.8591
4.99392 2.90678
5.94816 3.30784
5.98445 3.2986
6.03413 3.28513
6.09078 3.26547
6.12605 3.25369
6.25925 3.19901
6.44333 3.09874
5.62343 3.33157
5.66097 3.33478
6.79758 2.83786
6.29824 -1.9728
6.44176 -1.88157
6.90013 -1.50759
4.59223 0.977077
4.59223 0.976859
4.6 1.22655
4.59755 1.16735
4.87038 -0.97719
4.89382 -1.05298
4.61472 0.342328
4.60693 0.449513
4.64086 0.0981018
4.63472 0.145816
4.59297 0.719118
4.5956 0.654357
4.79804 2.45313
4.808 2.48553
4.77202 2.36722
4.76314 2.33597
7.11688 2.51061
7.12216 2.50444
6.93748 2.70735
6.97589 2.668
7.22773 -1.13775
7.24791 -1.11195
7.81496 0.834361
7.8119 0.868618
4.59509 1.04036
4.63066 1.60271
4.63528 1.6441
4.61915 1.4875
4.80914 -0.75939
4.79981 -0.722976
5.42397 -2.06175
5.42713 -2.06437
4.60361 0.523925
7.53656 1.84357
7.54617 1.82309
4.90363 2.73508
4.88468 2.69037
4.60748 1.34737
4.60834 1.35919
4.66565 1.86803
4.66628 1.87251
4.86507 -0.959743
5.15661 -1.71887
5.14344 -1.69524
4.60565 0.467158
4.61739 0.312571
5.86904 3.3226
5.84436 3.32582
4.71416 -0.349468
4.72134 -0.38373
5.03721 2.97051
5.02696 2.95717
5.35468 -2.00131
5.37821 -2.02293
5.22086 -1.82994
5.22677 -1.83836
4.69063 2.0117
4.6883 2.00039
4.86479 2.64528
4.85112 2.61014
6.49577 -1.84506
6.5448 -1.80861
4.64826 1.74416
6.24829 -2.00077
6.28059 -1.98235
4.59093 0.848888
4.59155 0.785247
5.40784 3.27974
5.57876 3.326
5.12843 3.08444
5.07897 3.02604
7.81616 0.321896
7.79524 0.152856
5.04955 -1.49182
5.05626 -1.5073
4.67586 1.93341
4.67149 1.90698
7.45286 -0.80116
7.56113 -0.593757
4.73647 2.22743
4.75597 2.30801
6.8288 -1.57443
7.35074 -0.964551
7.43509 -0.831536
7.42407 2.06211
7.49065 1.93814
7.25761 2.32589
7.29925 2.26626
7.64714 1.57732
7.59669 1.70769
7.74657 1.2434
7.71343 1.37044
7.82093 0.768839
7.82059 0.776411
7.78065 0.0708184
7.74421 -0.091123
5.21036 3.16209
5.31058 3.23221
5.60939 3.33063
7.82334 0.418551
4.98651 -1.32802
5.06095 -1.51746
5.13662 -1.68111
4.67728 1.94101
4.75887 -0.556002
4.78785 -0.675472
5.21025 -1.81383
5.1627 -1.7296
4.72153 2.16363
4.70092 2.06406
7.4477 -0.81024
5.91365 3.31496
6.69626 -1.69118
6.64377 -1.73318
6.59594 -1.77166
7.31061 -1.02459
7.82723 0.55461
7.58047 1.74587
7.58864 1.72682
5.24637 -1.8668
5.32483 -1.96862
4.77469 2.37614
4.78945 2.42639
7.06354 2.57291
7.80886 0.892596
7.80137 0.955542
4.67555 -0.13948
4.69603 -0.256784
7.13905 -1.25028
4.82273 2.53095
4.82982 2.55298
4.84108 2.58432
7.16121 2.45534
7.12698 2.49854
7.79255 1.01166
7.76171 1.17829
7.18135 2.42925
7.49974 1.92004
7.40105 2.10249
7.34356 2.19765
7.70174 1.4099
7.65545 1.55299
4.59093 0.850833
7.82032 0.780905
4.63626 1.65251
4.62876 1.58532
5.465 -2.0887
5.42131 -2.05941
5.81677 3.3298
5.77356 3.33358
5.50499 -2.11231
5.35202 -1.99884
4.63145 0.173419
5.01889 2.94593
5.38818 -2.03212
5.66586 3.3349
6.23309 -2.00887
4.95289 -1.23605
4.60938 1.37279
7.13716 -1.25254
4.64875 0.039299
4.62223 0.263019
4.59156 0.784725
4.59157 0.784214
6.59558 -1.77195
4.59222 0.976639
4.90675 -1.09479
6.48422 3.07378
5.51074 -2.11482
4.62841 1.58188
5.96734 -2.12334
4.95133 -1.23156
