6.34202 -0.820917
6.31889 -0.828496
6.75047 -0.510386
6.71724 -0.548857
5.42762 1.58617
5.42351 1.57423
6.71333 1.80215
6.74492 1.76506
6.85333 1.61697
6.87288 1.58537
5.75642 -0.709418
5.83091 -0.770024
6.44478 2.03499
6.46143 2.02539
6.20863 2.14221
6.1365 2.15529
6.05507 2.16156
5.99937 2.16019
5.7707 2.07845
5.7969 2.09541
6.8241 -0.41798
6.85933 -0.36704
6.57225 -0.684472
6.54683 -0.70327
5.30807 0.922603
5.30578 0.868728
5.32813 1.15399
5.32664 1.1414
7.134 0.814975
7.13796 0.777869
7.10205 1.01359
7.11083 0.970707
5.57814 -0.471158
5.56943 -0.454758
5.3686 1.37465
5.38372 1.43562
5.50876 1.77458
5.50378 1.76399
5.61524 1.93777
5.60484 1.92522
6.58382 1.93192
6.63992 1.88062
6.97964 1.38477
6.95496 1.43687
5.67853 -0.622415
5.71594 -0.664701
5.93955 -0.83127
5.94828 -0.833763
6.12869 -0.865933
6.0921 -0.863629
7.06401 0.0634932
7.05603 0.0379871
6.9675 -0.180248
6.97209 -0.171254
5.48383 -0.268458
5.47351 -0.240679
5.36628 0.134947
5.37365 0.100409
5.41971 -0.0836058
5.4156 -0.0687196
5.32892 0.36136
5.32444 0.39905
5.30767 0.609473
5.30523 0.671944
7.14569 0.539541
7.1463 0.558648
7.11576 0.272506
7.12221 0.309379
7.06998 1.14501
7.08923 1.06683
7.06581 1.1578
7.03904 1.23664
7.09296 1.05276
7.11452 0.949743
6.54543 1.9649
6.65912 1.86244
7.06787 1.15187
6.51577 1.98765
6.99996 1.33891
7.00646 1.32354
6.67369 1.84768
6.36961 2.07956
6.35456 2.08688
6.23217 -0.853623
6.44853 -0.769255
6.31552 2.10566
6.27784 2.11901
5.88478 2.13495
5.89716 2.13968
6.79145 -0.461016
6.6939 -0.573885
5.31609 1.03954
5.31317 1.00333
5.3958 1.4819
5.43055 1.5936
5.55906 1.85807
5.51421 1.78505
6.77559 1.72711
6.70069 1.81693
6.81689 1.67169
6.90869 1.52419
5.84718 -0.782097
5.74727 -0.699918
7.02202 -0.0565322
7.01702 -0.0694971
5.49566 -0.298971
5.52484 -0.36271
5.39026 0.0310241
5.41425 -0.0638374
5.31601 0.484117
5.31176 0.537394
7.13507 0.401703
7.13855 0.435277
6.45622 -0.765134
6.15535 -0.863078
6.4936 2.0025
6.40887 2.05798
6.1032 2.16097
5.92472 2.14531
5.69875 2.02535
6.88753 -0.322392
6.92078 -0.266835
6.63533 -0.629249
5.30423 0.803079
5.33499 1.20139
5.34561 1.2651
5.34951 1.28484
7.14551 0.688133
7.1264 0.874362
5.56007 -0.435943
5.62225 -0.541628
5.66757 -0.609005
5.46773 1.68509
5.68278 2.01013
5.6418 1.96644
6.79339 1.70439
6.94804 1.45041
6.982 1.37974
5.93591 -0.829531
6.03348 -0.85789
7.08922 0.15112
6.98937 -0.133219
7.09636 0.180681
5.44899 -0.170708
5.3525 0.202931
5.43555 -0.132076
5.34595 0.240949
5.30389 0.770299
5.34346 0.256787
5.30417 0.737575
7.14642 0.646711
7.14594 0.679631
7.00813 1.3192
7.02995 1.26108
