4.70598 -1.60978
4.71738 -1.65102
4.90094 3.58411
4.92628 3.60881
8.07675 0.194672
8.07968 0.217363
4.3152 1.35818
4.31242 1.32244
4.30304 0.954894
4.30313 0.977198
4.30428 0.850197
4.30353 0.809289
4.3194 1.45246
4.32147 1.48614
5.74873 3.80014
5.85658 3.77463
4.3183 0.43101
4.31619 0.463452
5.54433 3.82502
5.52603 3.8252
4.3778 2.06075
4.38401 2.11509
4.36438 -0.0390845
4.35169 0.0630044
4.59965 3.07651
4.60813 3.10084
7.11402 2.955
7.13454 2.93347
6.92566 -1.90212
6.85729 -1.96731
7.2209 -1.59626
7.20019 -1.6195
4.83558 -2.07316
4.80246 -1.96057
4.8935 -2.25111
4.90822 -2.29627
5.31181 -2.88118
5.33022 -2.88504
5.23161 -2.8544
5.2435 -2.85981
5.05087 -2.64915
5.05334 -2.65317
5.18165 -2.82163
5.14664 -2.7861
5.56977 -2.84909
5.63128 -2.82496
5.79515 -2.74705
5.8043 -2.74263
7.94488 -0.382556
7.94133 -0.392594
8.08972 0.327115
8.08803 0.305944
8.05717 0.0597488
8.05022 0.0199922
8.02997 -0.0780284
8.04074 -0.0305053
6.6623 3.35568
6.68655 3.33788
6.87251 3.18512
6.89107 3.16927
5.86898 3.77135
5.97328 3.73713
4.36801 1.9956
4.36484 1.97011
4.38719 2.13526
4.40203 2.23332
7.74296 -0.848256
7.69828 -0.930429
7.85378 -0.616198
7.81059 -0.71262
6.19818 3.64349
6.18604 3.64881
6.43717 3.51047
6.4555 3.49913
7.08127 2.98888
7.19657 2.86597
7.1923 2.87088
7.58937 -1.11145
7.60849 -1.08178
6.75647 -2.05785
6.71597 -2.09278
7.11356 -1.71425
7.04838 -1.78123
8.08804 0.790464
8.09438 0.713139
6.35435 -2.38227
6.34364 -2.3905
6.66124 -2.13962
6.60206 -2.18804
6.03679 -2.60454
6.0401 -2.60248
5.0345 3.69229
5.00427 3.67247
4.86903 3.55198
4.83025 3.50665
8.09774 0.484787
8.09396 0.392492
4.5755 -1.09745
4.56639 -1.06067
4.33401 1.66209
4.33023 1.61444
4.30864 0.620203
4.30962 0.593861
4.54723 2.92077
4.56461 2.97655
7.32188 -1.47836
7.29157 -1.51481
5.98816 -2.63533
5.94669 -2.66072
4.51055 -0.819172
4.52678 -0.89087
4.30566 1.12802
4.30501 1.1042
7.14268 -1.6831
7.15361 -1.67125
6.20253 -2.49184
6.27259 -2.44278
4.61249 -1.24408
4.59557 -1.17728
5.63885 3.81829
5.71276 3.80627
5.85997 3.77387
4.42313 -0.398309
4.40791 -0.316834
4.46372 -0.607173
4.46247 -0.601246
4.4162 2.31531
4.42085 2.35105
4.38329 -0.171506
4.38395 -0.175952
7.75745 2.00993
7.72903 2.06914
7.84305 1.81474
7.81942 1.87189
4.48898 2.69805
4.4792 2.65732
4.43198 2.41273
4.43872 2.45413
5.11023 3.73628
5.17366 3.76476
5.17422 3.765
5.24095 3.78798
8.01258 1.27995
8.02357 1.23
8.05947 1.03342
8.07009 0.958396
7.46231 2.52694
7.45677 2.5349
7.33462 2.70055
7.32443 2.71334
7.41346 -1.36288
7.38197 -1.40419
6.84258 -1.98029
6.95332 -1.87626
7.64264 2.23426
7.66191 2.19937
7.56335 2.37145
7.56818 2.36352
4.7127 3.32882
4.74058 3.37859
4.65626 3.21568
4.66639 3.23955
4.87763 -2.20618
4.84584 -2.1038
7.91106 1.63363
7.89756 1.6725
7.96452 1.46632
7.95723 1.49161
5.39672 -2.88591
5.71505 -2.78762
5.68256 -2.80336
5.66771 -2.80921
5.54577 -2.85587
6.47667 -2.28863
6.4827 -2.28392
8.01416 -0.14779
8.01368 -0.149535
7.9815 -0.26476
7.98227 -0.262245
7.94771 -0.374192
6.63497 3.37642
6.57607 3.41806
6.80147 3.24559
6.82126 3.22929
6.02739 3.71605
5.9954 3.7285
5.86181 3.77345
5.63436 3.81908
4.36821 1.9971
4.35373 1.87504
4.36042 1.93348
4.40846 2.27326
6.08536 3.69399
6.2542 3.61515
6.25829 3.61294
6.42108 3.52071
6.32678 3.57588
6.47629 3.48592
6.51612 3.45957
7.21151 2.84899
6.66686 -2.13472
6.76034 -2.05461
7.00574 -1.82336
8.09489 0.702164
8.08512 0.827771
6.66418 -2.13705
8.09151 0.348458
8.09854 0.521788
4.54906 -0.986465
4.56143 -1.03964
4.52716 2.85182
4.53609 2.88399
4.4936 -0.74581
4.50332 -0.78732
4.53202 -0.913492
6.13411 -2.53959
6.11901 -2.54956
4.63535 -1.33587
4.62547 -1.29549
4.67065 -1.478
4.655 -1.41354
5.07407 -2.68832
5.08974 -2.71568
4.99361 -2.52714
5.01023 -2.56735
8.0676 0.127452
8.06259 0.0911986
4.77293 -1.85564
4.76358 -1.82432
4.53601 -0.930847
4.54678 -0.976564
4.30634 0.723195
4.30428 0.763671
4.48574 -0.710629
4.35274 1.86427
4.34694 1.80626
4.9512 -2.42149
4.97555 -2.48481
4.33429 0.230421
4.32756 0.306568
8.08073 0.865604
7.47341 -1.28257
7.48874 -1.26144
5.50891 -2.86481
4.79526 -1.93735
4.77636 -1.86767
8.09655 0.657271
5.41481 -2.88585
5.03082 -2.60883
5.01119 -2.5698
8.01417 -0.147745
7.88572 -0.53853
7.86978 -0.578579
7.00215 3.06611
7.03451 3.03535
4.82686 3.50249
8.09812 0.601974
4.34162 1.75312
4.34074 1.74265
4.30977 1.23119
4.30997 1.26836
6.73795 3.29785
6.74812 3.28956
4.36843 1.99881
6.94176 3.12357
6.95442 3.11168
6.15429 -2.52614
4.7302 -1.7006
4.68479 -1.5317
8.0838 0.261104
8.07346 0.169227
4.31195 1.29469
4.31615 1.39177
4.30347 1.01814
4.30318 0.913698
4.30451 0.786697
4.30324 0.89128
4.32309 1.51289
4.31785 1.42199
4.44293 -0.503022
4.43417 -0.458411
4.31422 0.498776
4.32043 0.398232
5.45954 3.82443
5.62437 3.81988
4.97593 -2.48581
4.97616 -2.48648
4.34799 0.0964922
4.36678 -0.0570616
7.80157 -0.731587
7.75604 -0.82341
7.802 1.91217
7.7753 1.97196
4.45716 2.55333
4.45772 2.5565
4.63008 3.15699
4.58554 3.03875
5.28114 3.79823
5.31076 3.8057
8.03792 1.15856
8.04996 1.09223
7.39925 2.61613
7.3932 2.62425
7.54005 -1.18761
7.53613 -1.19339
7.16827 -1.65552
7.24632 -1.56745
4.68298 3.27179
4.70179 3.31045
5.44159 -2.88241
5.13245 -2.77281
5.09855 -2.72703
5.21461 -2.8426
5.78136 -2.75391
5.86279 -2.70924
4.68134 -1.51925
4.74945 -1.77013
5.93048 -2.67099
8.04499 -0.0086074
8.01419 -0.147675
7.67777 -0.966237
7.86173 -0.597803
7.63763 -1.03403
7.5479 -1.17588
7.52374 -1.21137
6.40711 -2.34277
6.28834 -2.43109
6.08544 -2.57232
6.03412 -2.60617
4.98507 3.65766
5.05442 3.70571
5.42119 3.82158
4.56202 -1.04214
4.57681 -1.10269
4.32875 1.59307
4.33526 1.67859
4.31126 0.556678
4.30742 0.659047
4.5721 2.99781
4.54505 2.91424
7.27238 -1.53716
7.33587 -1.46153
4.3042 1.06367
4.30691 1.16769
4.58931 -1.15252
4.30372 1.0407
4.32561 1.55029
4.40375 -0.293353
4.46688 -0.62284
4.32307 0.362824
4.31253 0.528662
4.38406 -0.176689
4.33874 0.184286
7.70957 2.10801
7.86141 1.76895
7.88094 1.7176
7.68089 2.16379
4.50256 2.75697
4.4593 2.5645
4.51159 2.79227
5.08989 3.72518
5.17406 3.76494
5.34873 3.81214
7.26901 2.78203
7.25594 2.79771
7.99044 1.372
8.07694 0.90424
7.98373 1.39787
7.51671 2.44538
7.36933 -1.41986
7.43598 -1.33356
7.52181 2.4375
7.54222 2.40544
7.61616 2.2815
7.60353 2.30359
4.74625 3.38702
4.78299 3.44376
4.63363 3.16647
4.7987 -1.94851
4.88493 -2.2266
4.92112 -2.33684
4.93223 -2.36601
7.9283 1.58295
7.93914 1.54985
6.69286 3.33299
6.90502 3.15676
6.23822 3.62336
6.31009 3.58579
6.53133 3.44976
6.2802 -2.43721
6.41921 -2.33323
6.5453 -2.23443
6.53412 -2.24363
4.95664 3.6358
4.33981 1.73145
4.30667 0.684107
4.52566 2.8458
4.30773 1.19272
5.0107 -2.56853
5.63256 3.81931
5.73133 -2.77896
5.04903 -2.64625
7.90077 -0.501847
6.31782 3.58123
4.63226 3.16281
5.38357 3.81795
4.94478 -2.40537
5.47402 -2.87544
5.93955 -2.66536
6.8402 3.2135
6.59767 -2.19182
4.84068 -2.08745
5.6734 -2.80717
6.4706 -2.29362
6.97278 3.09415
6.76904 3.27232
7.90849 -0.481781
6.55214 3.43501
