6.40859 2.25424
6.38321 2.26749
7.16911 1.24144
7.17297 1.22941
5.18343 0.999559
5.1877 1.06209
5.4329 -0.53015
5.39902 -0.453203
5.52581 -0.706059
5.55851 -0.758806
5.46243 2.0365
5.42821 1.97902
7.13042 -0.132291
7.15741 -0.0601685
5.18464 0.539563
5.18874 0.482839
7.26173 0.424008
7.25346 0.348013
6.7301 1.99879
6.7498 1.97833
5.98261 2.36978
6.08354 2.36634
6.09282 2.36516
6.19319 2.34451
5.76334 2.31666
5.77814 2.32396
6.76881 -0.711503
6.82203 -0.650323
6.52771 -0.920929
6.47531 -0.953415
6.69923 -0.780691
6.66256 -0.81531
7.00629 -0.389082
6.95976 -0.464276
7.24152 0.938669
7.23529 0.975294
7.26733 0.704054
7.26239 0.767924
5.36631 -0.368146
5.34966 -0.320016
5.64073 -0.864957
5.62317 -0.842787
5.24234 1.45622
5.22249 1.3566
5.29745 1.67028
5.2902 1.64473
5.20432 1.23113
5.22001 1.34216
5.37036 1.86399
5.40025 1.92913
5.58345 2.19031
5.58311 2.18999
6.82086 1.89386
6.847 1.86169
6.944 1.72282
6.89056 1.80376
7.05182 1.53389
7.05373 1.52991
5.92387 -1.0592
5.92479 -1.05939
5.73922 -0.959299
5.80699 -1.00514
6.1139 -1.08079
6.10436 -1.08078
6.30845 -1.03691
6.25104 -1.05406
7.05102 -0.308153
7.07168 -0.267674
7.20738 0.105694
7.22238 0.167453
5.28824 -0.115637
5.29233 -0.131186
5.23816 0.105635
5.24593 0.0665609
5.17695 0.816407
5.17717 0.838449
5.20892 0.293176
5.22206 0.201231
7.2686 0.680955
7.26966 0.588885
7.13296 1.34488
7.14564 1.30928
7.19271 1.16195
7.19534 1.15223
7.2155 1.07626
7.20555 1.11461
7.22055 1.05458
7.21675 1.07153
7.23206 0.994789
7.25015 0.878923
5.27636 -0.0678544
6.59414 2.12589
6.60456 2.11765
6.77303 1.95171
6.75743 1.96987
6.66267 2.06468
6.63238 2.09246
5.37359 -0.388846
5.38404 -0.417757
6.85351 1.85328
6.87679 1.8233
5.30844 -0.191793
5.30924 -0.194524
6.35433 2.28234
6.32791 2.29462
7.25485 0.845564
5.26918 -0.0377766
5.26153 -0.00452954
5.17715 0.730447
5.17731 0.708141
6.5181 2.18464
6.51114 2.18926
5.87934 2.35679
5.82857 2.34036
6.88967 -0.567384
6.89469 -0.560969
6.64556 -0.830558
6.57241 -0.887731
5.19181 1.11627
5.1794 0.926965
5.47002 -0.609446
5.39193 -0.436737
5.57965 -0.787509
5.48511 -0.636404
5.26809 1.56442
5.2503 1.4907
5.41273 1.95262
5.49011 2.07863
5.66152 2.25586
5.58496 2.19158
6.99983 1.6306
6.98009 1.6644
5.83082 -1.01978
5.92335 -1.05901
6.21067 -1.06617
6.11976 -1.07989
7.11689 -0.166192
7.17344 -0.0119635
5.24993 0.0470666
5.18001 0.618743
5.19486 0.415281
7.24551 0.291745
7.26561 0.472677
5.90155 2.36033
6.08723 2.3662
6.23391 2.33067
6.3003 2.30734
6.41397 -0.989447
6.36179 -1.01329
5.67878 2.26875
6.74537 -0.735793
6.89916 -0.554801
7.02106 -0.363926
7.09845 1.43093
7.1068 1.41081
5.17784 0.881121
5.2005 1.19977
5.33817 -0.28618
5.37081 -0.381178
5.47679 -0.621953
5.64926 -0.875019
5.33257 1.77241
5.31263 1.7175
5.22051 1.3455
5.5191 2.11588
5.34664 1.80706
7.04592 1.54532
6.88518 1.81155
5.71591 -0.93873
6.01833 -1.07809
7.07736 -0.255577
7.19277 0.0508549
7.23319 0.220957
5.32389 -0.241793
5.22649 0.17307
5.17689 0.773303
5.20258 0.343775
5.17834 0.666076
7.26945 0.564735
6.55329 2.15763
6.58525 2.1331
7.26843 0.685759
7.11504 1.39095
7.16481 1.25572
5.30531 -0.181359
5.2946 -0.140881
7.25916 0.805737
6.4618 2.22078
7.26831 0.689021
6.48862 2.204
