4.72607 -1.16392
4.74678 -1.23989
5.41461 -2.5307
5.40012 -2.52592
5.01835 -2.04928
5.00228 -2.01037
5.06444 3.43846
5.11268 3.4764
4.65834 -0.90744
4.6452 -0.85378
4.57456 -0.542671
4.55358 -0.440375
5.95049 3.56849
5.94078 3.57082
6.17804 3.48278
6.2678 3.43944
4.59548 2.51447
4.61026 2.57562
4.65071 2.72173
4.65295 2.72859
7.07127 2.82542
7.05043 2.84692
7.29053 2.56694
7.31939 2.52829
7.4119 -1.1709
7.4593 -1.10371
6.59094 -2.025
6.62788 -1.99668
6.94227 -1.71611
7.01507 -1.64498
7.49086 2.27391
7.49511 2.2668
4.82958 -1.52254
4.81718 -1.48069
7.82013 -0.399056
7.81683 -0.408104
4.84479 3.1779
4.81319 3.12305
4.99691 3.37711
5.01412 3.39382
5.28735 3.56965
5.3075 3.57737
5.80456 -2.50117
5.76511 -2.51562
4.89826 -1.73259
4.88718 -1.70176
6.79073 3.08887
6.77036 3.10636
6.52877 3.28643
6.57586 3.25394
4.59718 -0.64754
4.63141 -0.795457
4.94557 -1.86884
4.94775 -1.87425
4.5353 2.22724
4.52275 2.15807
4.49514 1.98109
4.49774 1.99843
7.71932 -0.643023
7.7414 -0.593288
7.59868 -0.877043
7.62028 -0.838517
6.38568 3.37634
6.40185 3.36724
6.9337 2.96159
6.99196 2.90642
7.51267 -1.02107
7.47208 -1.08455
6.77386 -1.87199
6.82349 -1.82907
7.09796 -1.5577
7.05337 -1.60504
7.9881 0.57123
7.98805 0.549104
6.35848 -2.19735
6.41102 -2.16212
6.28428 -2.24912
6.24331 -2.27398
4.8118 3.12052
4.81097 3.11885
5.49257 3.61887
5.50087 3.61955
4.71162 2.89905
4.6926 2.84679
7.70034 1.8711
7.67955 1.91792
7.97881 0.785779
7.98162 0.750541
4.77625 -1.34434
4.7632 -1.29997
5.43 -2.53417
5.05285 -2.12143
5.06304 -2.14415
5.15886 -2.31012
5.13498 -2.27546
6.11606 -2.35398
6.08886 -2.36884
5.23529 -2.41024
5.2171 -2.39012
5.3199 -2.48355
5.26277 -2.43813
5.20889 -2.3809
5.20443 -2.37453
4.42112 0.886166
4.42122 0.85006
4.42197 1.01267
4.42156 0.977059
4.43568 1.38477
4.43407 1.35839
4.44417 1.50501
4.44283 1.48669
4.53088 -0.320447
4.54604 -0.401606
4.44283 0.354527
4.44467 0.331059
4.43341 0.490831
4.43515 0.461516
4.46177 0.152122
4.46452 0.126885
5.96426 3.56415
5.83492 3.59704
6.11499 3.50854
6.29041 3.42872
4.56735 2.39428
4.56358 2.3763
7.18751 2.69571
7.18924 2.69368
7.96303 0.93804
7.94933 1.0343
7.89701 1.29728
7.92116 1.18954
7.24692 -1.38736
7.22752 -1.41054
7.3368 -1.27318
7.3056 -1.31421
6.68444 -1.9489
6.52867 -2.07474
7.02238 -1.63735
6.91971 -1.7388
7.56963 2.13602
7.53785 2.1934
7.40663 2.40446
7.43805 2.35726
7.84748 1.47733
7.86903 1.40438
7.79136 1.64489
7.81172 1.58759
7.89393 1.31068
7.8917 1.31933
5.57229 -2.55072
5.55134 -2.55249
5.66354 -2.53979
5.64245 -2.54458
7.9056 -0.118313
7.90672 -0.113944
7.85764 -0.289472
7.85775 -0.289127
7.85755 -0.289783
7.85623 -0.293662
7.81252 -0.419522
4.9234 3.29219
4.95556 3.33185
6.86263 3.02653
6.84214 3.04488
6.6474 3.20188
6.63097 3.21431
6.5123 3.2979
4.46519 1.74355
4.46514 1.74313
4.5434 2.27466
4.51101 2.08735
5.71619 3.61708
5.71771 3.61701
5.79656 3.6039
5.77673 3.60802
6.06475 3.52948
6.40484 3.36534
6.40326 3.36634
7.00232 2.89596
6.91129 2.98326
6.49331 -2.10028
6.86002 -1.79444
6.72611 -1.91463
7.10916 -1.54597
6.31985 -2.22443
4.77579 3.0501
6.02834 -2.40152
6.03847 -2.39666
4.68726 -1.01856
4.6917 -1.03531
4.45228 1.60402
4.45316 1.615
4.48862 -0.0626092
4.49593 -0.112559
4.42445 0.68734
4.42334 0.722312
4.42964 0.560261
4.42813 0.591932
4.73812 2.96482
4.72085 2.92396
7.19457 -1.44951
7.16355 -1.48516
7.97414 0.843118
7.97327 0.851696
4.64107 -0.836314
4.4267 1.19819
4.42783 1.23105
4.42305 1.06907
4.4238 1.10406
6.18702 -2.31124
4.86136 3.20346
4.91447 3.28094
4.67288 -0.963892
4.67512 -0.972301
6.71913 3.14773
6.70446 3.15896
4.5113 -0.208964
4.51479 -0.230489
7.6336 2.01388
7.62965 2.02196
5.97066 -2.43121
5.93765 -2.44721
7.98263 0.385327
7.97762 0.312916
4.48196 1.88212
4.48043 1.87117
5.32343 -2.48612
7.9524 0.11031
7.94417 0.0599015
4.50685 2.06207
4.98468 3.36364
4.7507 -1.25445
4.71449 -1.12069
4.85701 -1.6111
4.85426 -1.60187
4.99379 -1.99135
5.03166 -2.07748
5.09958 -2.2154
5.09679 -2.21029
4.91641 3.28359
5.16149 3.50825
5.33736 3.58542
5.40405 3.60436
5.89721 -2.46488
5.87398 -2.4756
7.96747 0.217466
7.9636 0.183875
4.4312 1.29455
4.4317 1.32451
4.42129 0.949569
4.42114 0.91356
4.42268 0.786558
4.42112 0.822665
4.43968 1.44503
4.43818 1.42254
4.43771 0.422929
4.43953 0.396294
5.56936 3.62385
5.60184 3.62372
4.50341 2.04066
4.47748 0.0169603
4.47884 0.00637694
7.66231 -0.759372
7.6771 -0.730396
4.58605 2.4765
4.63367 2.66316
4.66593 2.76935
4.64171 2.69233
7.14905 2.73982
7.18422 2.6996
7.94418 1.06585
7.92498 1.17078
7.25102 2.61741
7.35444 2.48033
7.46353 -1.09745
7.37944 -1.21642
7.29275 -1.33014
7.25032 -1.38336
7.5308 2.20572
7.48993 2.27543
7.82065 1.56099
7.84145 1.49706
7.98727 0.611846
7.98557 0.672715
5.61921 -2.54674
5.59706 -2.55027
4.80265 -1.43362
4.86476 -1.63588
5.21041 3.53589
5.18734 3.52394
5.46764 3.6152
5.70598 -2.5307
7.97167 0.253812
7.92128 -0.0550135
7.92272 -0.0481933
7.92024 -0.0598608
4.91886 -1.79304
4.95015 -1.88017
4.48886 1.9348
7.69004 -0.704473
7.7696 -0.528017
7.56039 -0.943024
7.3597 -1.24368
7.53088 -0.992216
7.98735 0.480077
4.78093 -1.35985
5.98571 -2.42386
5.98807 -2.42283
5.68759 -2.53606
4.4583 1.67352
4.45879 1.67916
4.42677 0.623638
4.42545 0.657126
4.68325 2.81893
4.71399 2.90585
4.42463 1.13349
4.42561 1.16755
4.51987 -0.260086
4.70173 -1.07318
5.48923 -2.54882
5.50524 -2.55045
5.09589 -2.20838
5.17779 -2.33962
5.24113 -2.41582
4.42217 1.04056
4.44775 1.55085
4.44844 0.28582
4.43103 0.526734
4.45186 0.248327
4.63637 2.67356
4.56208 2.36877
7.2253 2.64956
7.12968 2.76189
7.96765 0.901608
7.89426 1.30938
7.38324 2.43896
7.19838 -1.44499
7.60738 2.06488
7.58309 2.11125
7.44925 2.33987
7.8719 1.39389
7.77994 1.67611
5.52177 -2.55062
7.89163 -0.172201
6.75922 3.11539
4.47157 1.80197
4.46491 1.74101
6.07042 -2.37855
4.42233 0.751155
4.74633 2.98311
4.67231 2.7877
4.55114 2.31384
7.72481 1.81538
7.75996 1.72898
7.67677 1.92395
4.7649 3.02571
7.14886 -1.50184
7.97462 0.838787
4.42883 1.26292
5.33071 -2.49021
5.63404 3.62214
4.97463 -1.94288
7.98623 0.447013
4.47318 1.81427
4.4723 1.80748
7.98474 0.69173
6.68515 3.17358
6.82137 3.06321
7.07735 2.81894
7.72029 1.82629
5.36843 -2.51138
7.76727 1.71016
7.77912 -0.50497
6.61606 3.22554
5.71828 3.61698
7.8905 -0.176324
5.71964 3.61682
