7.09258 -0.594167
7.0931 -0.593374
7.43179 0.650173
7.43377 0.594933
7.39271 1.02956
7.39537 1.01625
5.42412 -0.984567
5.40221 -0.946394
5.02547 1.24136
5.03672 1.33941
6.27846 -1.32306
6.25714 -1.32989
5.18514 1.98367
5.19035 1.99779
6.66715 -1.08439
6.69358 -1.06249
7.17936 1.65925
7.18944 1.63942
7.2407 -0.315166
7.20283 -0.394653
5.04696 0.201146
5.03181 0.318702
6.47467 -1.22501
6.47641 -1.22387
6.38858 2.52443
6.38699 2.52523
6.17322 2.61416
6.13377 2.6234
7.25676 1.48942
7.25154 1.50197
5.25318 -0.629394
5.24231 -0.59935
5.18525 -0.434241
5.18541 -0.434744
5.3318 -0.813194
5.35405 -0.860142
5.53844 -1.1438
5.53247 -1.13724
5.07289 1.56571
5.06404 1.51562
5.12236 1.7834
5.13224 1.81706
5.01412 1.09338
5.01993 1.17648
5.49409 2.47875
5.55618 2.5298
5.36319 2.33254
5.3668 2.33768
6.08564 -1.37325
6.00404 -1.37803
5.89902 -1.36888
5.97315 -1.37735
5.2636 2.16497
5.25196 2.13969
6.82574 -0.936452
6.82304 -0.939432
5.7159 -1.29814
5.69513 -1.28391
7.29633 -0.180968
7.29274 -0.19119
7.33335 -0.0725611
7.36308 0.0312292
7.41245 0.273084
7.39275 0.160256
5.08974 -0.0500832
5.09302 -0.0667151
5.00523 0.857178
5.00609 0.907647
5.00776 0.65984
5.00628 0.712186
5.0247 0.388349
5.01935 0.451268
5.95825 2.65065
5.96185 2.65064
5.68404 2.60045
5.75603 2.62593
7.41257 0.273825
7.42657 0.398967
6.95947 -0.782618
6.95594 -0.787075
7.37405 1.12024
7.37393 1.12083
5.15718 -0.334294
5.14272 -0.280221
7.40798 0.9332
7.40412 0.962675
6.75794 2.24783
6.71202 2.29052
6.58376 2.3986
6.56752 2.41016
7.00334 1.95514
6.96801 2.00411
5.18551 -0.435057
5.18545 -0.434862
5.00703 0.959014
5.00766 0.9862
5.00493 0.827727
7.34871 1.21774
7.35465 1.19543
6.87967 2.11637
6.86071 2.13816
7.32088 1.31158
7.30765 1.35101
5.13067 -0.232896
5.13548 -0.251864
6.8234 2.1791
6.80203 2.20193
7.06085 1.87075
7.06539 1.86367
6.33438 2.55171
6.33195 2.55282
7.42338 0.810681
7.42855 0.752464
5.02511 0.383873
5.02857 0.348657
5.00875 0.634758
5.01099 0.58177
5.10647 -0.135191
5.12018 -0.190914
7.14615 1.72273
7.13038 1.75216
5.0752 0.0283255
5.06928 0.0598978
5.005 0.777368
6.28038 2.57635
6.26981 2.58015
7.02761 -0.689658
7.09375 -0.592313
7.43309 0.567636
7.43102 0.691751
7.40076 0.981393
7.39154 1.03636
5.10549 -0.130766
5.37575 -0.900104
5.44218 -1.01442
5.60888 -1.21608
5.55791 -1.16375
5.09526 1.67608
5.10301 1.70903
6.67047 2.32838
6.64402 2.35007
5.42452 2.40823
5.46048 2.44781
6.18133 -1.35449
6.36198 -1.2859
5.80831 -1.34376
5.81629 -1.34592
5.22264 2.07543
5.18184 1.97391
6.60516 -1.1338
6.74697 -1.01305
7.21182 1.59334
7.1604 1.69594
7.24984 -0.294912
7.17914 -0.440949
7.36654 0.0448757
7.39069 0.149749
5.00579 0.726319
5.05049 0.176646
5.03138 0.322389
5.80592 2.63719
5.85848 2.64588
6.57375 -1.15835
6.46446 -1.23077
6.9324 2.05094
6.91601 2.0722
6.06703 2.63896
5.96652 2.65014
6.96225 -0.778974
7.15223 -0.490929
7.22087 1.57386
7.28497 1.41737
5.65469 2.58784
5.57498 2.54217
7.42978 0.732149
5.26832 -0.669326
5.2186 -0.532454
5.2917 -0.724155
5.31215 -0.769871
5.47855 -1.06569
5.62474 -1.23122
5.05345 1.45343
5.09258 1.66316
5.15344 1.88815
5.04152 1.37152
5.35846 2.32512
5.99145 -1.37887
6.13986 -1.36247
6.377 -1.27924
5.80364 -1.34167
5.27664 2.1908
5.31098 2.25035
6.82063 -0.941978
6.89235 -0.86169
6.58169 -1.15228
7.11994 1.77083
7.0666 1.86169
7.16407 -0.469652
7.26998 -0.248061
7.29231 -0.192308
7.33035 -0.0823452
7.41256 0.273754
5.10509 -0.128867
5.08095 -0.00340744
5.0082 0.646988
5.01154 0.5713
5.01888 0.457198
5.02491 0.385984
5.06565 0.0816766
7.42732 0.40756
7.36253 1.16273
7.37416 1.11981
7.43245 0.497966
7.33281 1.27232
7.38221 1.07763
7.41529 0.887884
6.77415 2.23135
6.49772 2.45979
7.01799 1.93472
7.41629 0.880043
7.29063 1.40262
5.20615 -0.496008
5.02346 1.22315
6.4885 2.46539
6.44044 2.4948
6.49296 2.46273
