7.70002 -0.286617
7.72624 -0.205198
5.50669 3.33683
5.41438 3.30875
5.07217 3.05423
5.10594 3.09458
7.81303 0.182667
7.82672 0.292243
4.60619 1.50232
4.61129 1.5516
4.92522 2.82695
4.9286 2.83359
4.65345 -0.0911175
4.64408 -0.0286861
7.53278 -0.680239
7.51512 -0.714603
6.37567 3.15832
6.28006 3.20797
4.73482 2.28886
4.72507 2.24923
6.68804 2.94937
6.71708 2.9265
6.88589 -1.54135
6.87741 -1.5495
7.40942 -0.899416
7.40275 -0.910077
7.47134 2.00377
7.46205 2.02109
7.30991 2.27432
7.29221 2.3005
7.63693 1.64106
7.62962 1.66011
7.73897 1.32526
7.74933 1.28599
7.76578 -0.0595739
7.78539 0.0275839
7.64181 -0.443021
7.61891 -0.499291
5.30682 3.25832
5.40324 3.3051
5.11174 3.10123
5.19066 3.17642
4.98115 -1.36239
5.00488 -1.42615
5.09861 -1.64632
5.07815 -1.60361
6.54293 3.05402
6.56892 3.03679
4.63944 1.786
4.64243 1.80827
6.09965 -2.09803
6.19252 -2.053
5.77948 -2.18985
5.78354 -2.18988
5.53592 -2.15824
5.57063 -2.17176
4.8234 -0.86724
4.80879 -0.813785
5.13801 -1.72993
5.16758 -1.78253
4.61359 0.211582
4.60922 0.252328
4.69513 2.11536
4.69783 2.12757
5.92124 3.3351
5.93119 3.3324
6.21455 3.23853
6.15081 3.26547
6.90531 2.7595
6.85374 2.80888
6.66176 2.96953
6.39404 -1.93502
6.35031 -1.96159
6.79524 -1.6254
6.7517 -1.6632
7.00097 -1.42541
6.92835 -1.49935
7.28875 -1.0783
7.30941 -1.05014
7.83974 0.515576
7.83769 0.439222
4.578 0.913376
4.57783 0.904793
4.58187 1.11011
4.58379 1.16737
4.90895 -1.15277
4.91866 -1.18435
4.72338 -0.460174
4.7359 -0.518126
5.27437 -1.94958
5.2481 -1.912
4.5848 0.593617
4.58207 0.654578
4.75462 2.36771
4.75953 2.38617
7.15741 -1.24906
7.14716 -1.2618
7.81559 0.942774
7.82049 0.905345
4.68132 -0.252137
4.67755 -0.231397
7.83954 0.593684
7.83884 0.656127
7.73512 -0.175175
7.68729 -0.323459
6.07922 -2.10656
6.08774 -2.10347
5.64407 -2.18503
5.6863 -2.19205
7.05273 -1.36856
7.08153 -1.33696
6.41655 3.13369
6.26382 3.21653
4.83122 2.60922
4.82951 2.60424
7.12884 2.51791
7.13661 2.50854
7.79633 1.06607
7.78271 1.13903
7.39291 2.14212
7.36685 2.18518
7.22131 2.39899
7.25844 2.34863
7.68964 1.49218
7.69595 1.4731
7.66097 -0.394367
7.61458 -0.508942
7.58996 -0.563857
6.59056 3.02206
6.51227 3.07461
4.62904 1.71032
4.62537 1.67993
4.60346 1.47487
4.59916 1.42328
6.01028 -2.13307
5.81475 -2.18473
5.59163 -2.17788
5.51285 -2.1501
4.85035 -0.964749
4.93259 2.84045
4.97614 2.91794
5.99874 3.31521
6.03661 3.30494
6.12186 3.27535
6.1396 3.26943
6.45428 3.11145
5.7113 3.35942
5.71209 3.35937
5.63532 3.35603
5.65955 3.3581
6.81486 2.84277
6.29563 -1.99584
6.45793 -1.89142
6.89752 -1.53056
7.01144 -1.41423
5.93855 -2.15751
5.9347 -2.1589
5.98712 -2.14192
4.57885 0.984866
4.57878 0.976875
4.58168 1.10387
4.85317 -0.974569
4.87966 -1.06026
4.60138 0.334597
4.59238 0.458448
4.62791 0.0907701
4.62344 0.125454
4.585 0.589379
4.77539 2.43904
4.78984 2.48604
6.95298 2.71175
7.01335 2.64991
7.24765 -1.13482
7.25708 -1.12276
7.82857 0.825802
7.82433 0.873283
5.88417 -2.17274
5.87975 -2.17385
4.58135 1.04037
4.58147 1.09741
4.95226 -1.28454
4.94197 -1.25457
4.60468 1.48744
4.77071 -0.668519
4.79592 -0.766873
5.39631 -2.07597
5.42199 -2.09726
4.58998 0.524147
4.58517 0.585376
7.55195 1.84212
7.55519 1.83522
4.88721 2.74538
4.8577 2.6758
4.59367 1.35541
4.59394 1.35913
4.64954 1.85802
4.65156 1.87244
5.47649 -2.13082
5.44852 -2.11353
5.33008 -2.01395
5.31921 -2.00129
4.59231 0.459424
4.60254 0.32169
5.86769 3.34465
5.85436 3.34639
4.70107 -0.356879
4.70454 -0.373419
6.24824 -2.02277
6.24009 -2.02736
4.67233 2.00034
4.67231 2.00022
4.84869 2.65537
4.83795 2.62775
6.49321 -1.86757
6.56003 -1.8179
4.98697 2.93492
5.00586 2.9648
4.58985 1.29773
4.58969 1.29514
4.63362 1.7441
6.29193 -1.99794
6.29541 -1.99595
4.57745 0.841077
4.57792 0.79362
5.40622 3.30632
5.5482 3.34518
5.10807 3.09721
5.05023 3.02566
7.82845 0.310396
7.80947 0.158193
5.05042 -1.54163
5.03994 -1.51569
5.2002 -1.84056
5.19253 -1.82686
4.66205 1.94178
4.67212 1.99917
7.46963 -0.797813
7.57038 -0.604645
4.71715 2.21541
4.73948 2.30848
6.8419 -1.58241
7.35987 -0.97531
7.42477 -0.874525
7.43272 2.07375
7.50523 1.93884
7.26631 2.33759
7.31476 2.267
7.66137 1.57598
7.60199 1.72919
7.75988 1.24215
7.72386 1.38075
7.83497 0.738993
7.83367 0.768192
7.79203 0.0601625
7.75866 -0.0882391
5.20858 3.19133
5.28754 3.24667
5.60796 3.35421
7.83686 0.423621
5.03429 -1.50088
4.97105 -1.33597
5.11887 -1.69024
4.74604 -0.563267
4.7697 -0.664332
5.20481 -1.84861
5.1372 -1.72824
4.66123 1.93656
4.70713 2.17261
4.68482 2.06389
7.45661 -0.820743
6.69371 -1.7136
6.65823 -1.74199
6.6259 -1.768
7.32871 -1.02193
7.8402 0.546459
5.9852 -2.14271
7.5955 1.74446
7.59877 1.73684
5.30089 -1.98092
4.75343 2.36291
4.77149 2.4269
7.03399 2.627
7.07858 2.57718
7.82302 0.8837
7.81348 0.960082
4.66287 -0.146661
4.69232 -0.312136
4.85117 -0.967699
4.79977 2.51666
4.81452 2.56252
7.16637 2.47098
7.11351 2.53638
7.80677 1.00272
7.77229 1.18875
7.19797 2.43005
7.50865 1.93204
7.41593 2.10321
7.35195 2.20894
7.71561 1.4086
7.66575 1.56318
5.88853 -2.17144
4.85083 -0.966466
4.57747 0.858668
4.58607 1.22707
4.58638 1.23448
4.93274 -1.22685
4.57973 0.71231
4.57923 0.727558
7.13202 -1.27955
7.83261 0.785517
4.62065 1.64281
4.61523 1.59319
5.4337 -2.10479
5.37462 -2.05692
5.81541 3.35201
5.78387 3.35477
4.66034 1.93049
5.49998 -2.14434
5.34675 -2.03252
4.61669 0.182482
5.90933 3.33752
5.01674 2.98112
5.36129 -2.04594
4.59427 1.36341
4.63754 0.0190411
4.58968 1.29498
4.58967 1.2948
4.60826 0.263246
4.57808 0.784944
4.5782 0.776464
5.71072 3.35943
6.59307 -1.79404
7.20446 -1.18962
4.5787 0.9688
4.5839 1.17242
4.89599 -1.11304
4.58174 0.660757
7.01782 2.64504
6.48648 3.0918
4.62168 1.65202
4.61313 1.57239
