7.53516 0.0329047
7.53908 0.0494024
7.50902 1.25397
7.50422 1.27295
5.41824 -1.42335
5.42106 -1.42735
5.67599 -1.63858
5.7179 -1.6555
5.14555 -0.916036
5.15162 -0.932025
4.83587 0.780749
4.83406 0.832072
5.15174 2.46522
5.15412 2.46961
7.16352 -0.806646
7.13862 -0.843479
6.97591 -1.05075
6.98637 -1.03898
5.93327 2.92953
5.9449 2.9286
7.20505 1.96733
7.21107 1.95767
6.3528 2.79692
6.33391 2.80732
7.55656 0.136294
7.56833 0.205258
7.5095 -0.0668507
7.50063 -0.0999587
7.44692 -0.260924
7.4336 -0.29599
7.34152 -0.502933
7.33315 -0.520384
7.37779 1.63072
7.35701 1.67752
7.44547 1.45705
7.42665 1.50843
5.53563 2.86217
5.63009 2.90069
5.33961 2.72064
5.40612 2.77916
5.32702 -1.29206
5.31291 -1.26782
4.84183 1.12259
4.84668 1.20815
4.86369 1.39919
4.86871 1.44566
5.86214 -1.68739
5.82457 -1.68141
5.01232 -0.507102
5.02423 -0.549818
5.0776 -0.726345
5.08383 -0.744298
5.51143 -1.52545
5.55546 -1.56189
5.2228 -1.09574
5.21062 -1.06827
4.94691 1.89676
4.9692 1.98648
4.90151 1.67643
4.90339 1.68642
4.88529 0.108909
4.87947 0.151601
4.85351 0.389557
4.85097 0.414232
4.83623 0.700221
4.83765 0.650418
4.83433 0.859897
4.83542 0.961754
5.25739 2.62728
5.28303 2.65703
5.0687 2.28897
5.07101 2.29412
6.2455 -1.61332
6.25525 -1.60858
6.05143 -1.67457
6.02513 -1.6778
5.00279 2.10148
4.98286 2.03707
6.84376 -1.19204
6.86331 -1.17284
6.15507 2.8819
6.14429 2.88485
5.73778 2.92526
5.65378 2.90658
6.641 -1.37195
6.67428 -1.34448
6.44218 -1.51107
6.47114 -1.49219
7.59252 0.422832
7.58946 0.377621
7.59822 0.606716
7.59836 0.589653
6.63477 2.61688
6.62093 2.62747
7.57916 0.891049
7.57465 0.929364
4.9885 -0.420369
4.96601 -0.323822
4.92202 -0.11604
4.92543 -0.133567
7.07774 -0.923834
7.11439 -0.877048
7.19316 -0.762228
7.2285 -0.706623
7.25384 1.88362
7.25129 1.88829
7.55724 1.03562
7.55028 1.07735
6.73686 2.53246
6.75232 2.51844
6.9127 2.35919
6.89503 2.37814
7.14542 2.05966
7.11774 2.10073
7.0057 2.2506
7.0159 2.2383
7.487 -0.142439
7.47176 -0.190485
7.40342 -0.369718
7.42403 -0.320737
7.35542 -0.474681
7.30821 -0.569187
7.31074 -0.56432
7.41277 1.54522
7.45721 1.42372
4.83951 1.08715
4.85052 1.25951
4.83576 0.7156
4.83604 0.990978
6.55071 2.67884
6.56364 2.67032
7.53932 1.12633
7.54771 1.09026
7.59103 0.775104
7.58674 0.825715
4.95607 -0.280205
4.99008 -0.426566
7.39354 1.59304
7.47664 1.3671
7.46769 1.39382
4.83884 1.04007
4.99092 -0.42968
6.42335 2.75946
6.44187 2.74835
4.85357 1.29619
4.83528 0.730361
4.84611 0.476459
4.84458 0.499321
7.54744 0.0905996
7.53134 0.0155963
5.43692 2.80287
5.50711 2.84683
5.4231 -1.43002
5.36463 -1.34879
4.85636 1.32768
7.59687 0.696138
7.59685 0.697863
4.94331 -0.220323
4.94853 -0.245095
5.06861 -0.699568
5.04667 -0.627389
5.18326 -1.00639
5.14136 -0.904681
4.92289 1.78745
4.9332 1.83468
6.50644 2.70837
6.53738 2.68802
6.826 2.44979
6.83211 2.44353
5.20206 2.54782
5.14952 2.46072
6.14777 -1.65009
6.14773 -1.6501
7.12137 -0.867157
7.17311 -0.792853
6.99639 -1.02721
6.91661 -1.11645
6.17502 2.87465
6.2612 2.84136
5.95721 2.9265
5.84096 2.93304
6.54105 -1.4463
6.57614 -1.42043
7.03709 2.21149
7.06812 2.17035
7.59653 0.51521
7.59561 0.482564
6.2964 2.8247
6.38837 2.77869
7.27381 -0.631236
7.28217 -0.616733
7.57669 0.261757
7.34052 1.71356
5.6355 2.90252
5.32114 2.70145
7.58477 0.329055
5.48736 -1.50083
5.30031 -1.24457
4.88084 1.54136
4.88359 1.56216
4.88231 1.55285
4.89579 1.64219
5.88258 -1.68718
5.76774 -1.67142
5.58718 -1.58691
5.65399 -1.62633
7.59675 0.70037
5.03422 -0.584864
5.00727 -0.488807
5.11177 -0.823511
5.26645 -1.18281
5.23697 -1.12656
4.9736 2.00434
4.90026 0.00831557
4.86968 0.229947
5.24548 2.61193
5.10859 2.37812
5.06599 2.28237
6.34437 -1.56661
6.14809 -1.64997
5.95639 -1.68753
5.0156 2.13998
6.81437 -1.2201
7.03424 -0.980863
7.29908 -0.58627
6.27656 2.83447
6.04967 2.91031
5.76489 2.92834
6.74211 -1.28741
6.3579 -1.55893
6.76657 -1.26498
7.59715 0.686864
6.59303 2.64805
6.64994 2.60556
4.91324 -0.0688777
6.47793 2.72705
7.0514 -0.95864
4.90328 -0.0105556
7.52908 1.17563
7.53177 1.16394
7.49198 1.31559
7.54891 1.08377
7.5633 1.00401
6.82437 2.45142
6.67482 2.58463
6.96067 2.3043
7.08005 2.15376
7.16534 2.0298
7.46497 -0.210877
7.42516 -0.317909
7.39858 -0.381059
4.85637 0.352321
4.86215 0.292757
4.84956 0.431003
4.83905 0.602459
4.84065 0.566995
7.58391 0.853077
7.57082 0.956934
7.28661 1.82261
7.30411 1.78886
5.72248 -1.6573
4.86627 0.259047
5.03369 2.19677
7.3251 1.74632
7.51307 1.23911
5.66644 -1.63369
4.86236 0.290749
7.21494 1.95114
4.85548 0.362112
4.83795 0.633907
7.31658 1.76431
7.25743 1.87722
7.23606 1.91497
7.38098 -0.420858
7.37127 -0.441753
4.84355 0.520021
4.84217 0.53922
