5.97549 2.42754
5.97831 2.42777
7.20343 1.2427
7.21506 1.20648
5.14872 1.02099
5.15006 1.0406
7.29041 0.830063
7.29396 0.792696
5.37782 -0.510503
5.39555 -0.550776
5.48516 -0.728508
5.51385 -0.774798
5.20741 1.47879
5.21586 1.51793
5.42149 2.06295
5.39317 2.01538
5.53868 2.21924
5.57742 2.25927
7.17294 -0.119775
7.18519 -0.0870585
5.22327 -0.00336672
5.21104 0.0590169
5.1503 0.520054
5.15132 0.50594
7.293 0.392878
7.28926 0.35855
6.6995 2.08634
6.76461 2.01873
6.1891 2.39973
6.15853 2.40602
6.40444 2.31031
6.40656 2.30903
5.70105 2.34978
5.77311 2.3853
6.80438 -0.730831
6.85047 -0.677849
6.51562 -0.98513
6.51101 -0.987983
6.75509 -0.784381
6.69206 -0.843878
7.02286 -0.433337
6.98725 -0.490892
7.28204 0.898328
7.26874 0.976527
5.31236 -0.331734
5.30778 -0.318499
5.5957 -0.889821
5.55319 -0.836137
5.26233 1.69297
5.24061 1.61642
5.17077 1.25281
5.18018 1.31943
6.30436 -1.09498
6.30595 -1.09428
5.33253 1.88844
5.35627 1.94018
6.84682 1.92418
6.8531 1.91645
6.96887 1.75186
6.94579 1.78683
7.0758 1.56189
7.09767 1.51644
5.91959 -1.12131
5.99333 -1.1359
5.73448 -1.02812
5.74558 -1.03563
6.10988 -1.13922
6.0344 -1.13914
7.05957 -0.368478
7.098 -0.29316
7.24629 0.117147
7.25163 0.139129
5.24223 -0.0845834
5.25443 -0.130951
5.14122 0.838474
5.14122 0.839299
5.17602 0.274484
5.18305 0.225317
6.63039 2.14928
6.60026 2.17582
7.30205 0.647652
7.30271 0.590103
7.21908 1.19274
7.23603 1.13006
7.26184 1.01815
7.28466 0.880195
5.27508 -0.210749
5.26312 -0.167104
5.23801 -0.0676161
6.54995 2.21357
6.58391 2.18837
6.84139 1.93075
6.78981 1.99077
6.45148 2.281
6.40849 2.30781
6.67823 2.10712
6.66868 2.11589
5.33916 -0.407861
5.35108 -0.44086
7.28609 0.87007
5.23546 -0.0569356
5.2242 -0.00800779
5.14151 0.710194
5.14152 0.708987
5.28909 -0.261456
5.28793 -0.257384
5.98149 2.42758
5.87486 2.41565
6.63308 -0.896787
6.60469 -0.918982
6.95761 -0.535165
6.92142 -0.586846
5.15742 1.13751
5.14232 0.9058
5.41337 -0.588844
5.35672 -0.456179
5.53666 -0.811244
5.46431 -0.69283
5.2326 1.58734
5.20474 1.4647
5.37383 1.97775
5.4626 2.12551
5.6117 2.28805
5.48375 2.15614
7.03098 1.6488
7.02751 1.65529
5.82631 -1.08525
5.85014 -1.09535
6.20667 -1.12439
6.18533 -1.12761
7.14396 -0.192397
7.21413 1.42886e-05
5.20788 0.075443
5.22346 -0.00429302
5.14321 0.641466
5.16127 0.396195
7.27558 0.261799
7.30016 0.482848
5.82366 2.40174
6.08316 2.4212
6.29586 2.36345
6.29615 2.36335
5.67342 2.33412
6.77447 -0.763971
6.88364 -0.637161
6.46724 -1.0137
7.04802 -0.390025
7.12322 1.45986
7.14304 1.41214
5.14223 0.903108
5.16159 1.17756
5.29448 -0.279349
5.32893 -0.379662
5.43909 -0.642769
5.64429 -0.947165
5.18732 1.36694
5.28874 1.77515
5.29566 1.79626
6.40291 -1.05106
6.29439 -1.09809
5.30657 1.82612
5.47509 2.14432
6.40953 -1.04735
7.01056 1.68439
6.90927 1.83968
7.02491 1.65988
5.66296 -0.96501
6.01412 -1.1392
7.1218 -0.242496
7.22128 0.0232518
7.27038 0.231904
5.19417 0.154704
5.14111 0.774149
5.16439 0.367358
5.14305 0.646025
7.30222 0.532112
6.59169 2.1824
6.65458 2.12865
7.30062 0.686945
7.19049 1.2857
7.16191 1.36542
7.24507 1.09674
7.25007 1.07276
7.2581 1.03754
5.286 -0.25097
5.2612 -0.159859
6.51387 2.2417
7.29605 0.769005
6.88521 1.87338
6.29953 2.36179
6.50821 2.24533
7.19082 1.28468
6.35193 2.33735
7.15855 1.37476
7.29968 0.713633
6.87867 1.88266
6.51091 2.24364
