7.51162 -0.39885
7.4788 -0.475544
5.32465 2.96598
5.42218 3.03115
4.73883 1.3335
4.74094 1.3598
5.80952 -1.90489
5.82797 -1.90581
4.83498 -0.281068
4.81745 -0.191796
4.74843 0.289747
4.7513 0.260918
4.71973 0.782639
4.71935 0.793246
6.6194 -1.56214
6.60425 -1.57332
7.70365 0.464523
7.7058 0.522122
7.69193 0.857282
7.69538 0.824907
7.58998 -0.183598
7.57282 -0.235807
5.29904 2.94278
5.23662 2.88552
5.52254 3.07686
5.427 3.03343
7.69096 0.296944
7.68408 0.238731
5.2928 -1.55622
5.26206 -1.50907
5.13935 -1.27177
5.1719 -1.3403
4.76277 1.5699
4.76865 1.61645
4.7853 1.73417
4.78678 1.74368
4.8146 1.89477
4.82964 1.96907
6.02596 -1.87895
5.97696 -1.89026
5.67526 -1.88246
5.63961 -1.87111
4.90687 -0.58855
4.91877 -0.632897
4.96356 -0.792043
4.96273 -0.789176
5.47307 -1.77067
5.5144 -1.80105
5.36667 -1.65893
5.34708 -1.63411
5.00438 -0.919287
5.02577 -0.982181
5.1089 2.72046
5.13338 2.758
6.39012 2.94462
6.40179 2.93862
6.099 3.07185
6.15835 3.05142
5.93381 3.1104
6.00975 3.09495
5.68819 3.11686
5.74463 3.12078
6.4207 -1.70029
6.39316 -1.71618
6.82211 -1.38879
6.79195 -1.41621
7.31359 -0.786495
7.35705 -0.714847
7.21464 -0.938473
7.21522 -0.937642
7.47824 1.67435
7.45919 1.71874
6.55061 2.84621
6.54535 2.84967
7.51254 1.58998
7.52866 1.54755
4.71986 0.923628
4.72067 1.02932
5.12693 -1.24218
5.09493 -1.16474
4.79275 -0.0511622
4.77787 0.047058
4.73726 0.413363
4.73019 0.504322
4.81461 -0.17668
4.8066 -0.133487
7.46732 -0.501683
7.52932 -0.354975
6.8984 2.5523
6.86133 2.58878
6.99852 2.44492
7.02801 2.41036
6.99296 -1.21351
7.02244 -1.18096
7.38075 1.88188
7.39743 1.84933
7.30377 2.02218
7.30872 2.01372
7.19424 2.19279
7.21465 2.16326
7.08859 2.3369
7.11525 2.3024
7.59739 1.33858
7.58907 1.36739
7.64057 1.17223
7.63945 1.17731
7.67358 0.998474
7.68438 0.923553
7.55269 -0.293002
7.60957 -0.117985
7.42271 -0.592879
7.42036 -0.597694
4.7284 1.18367
4.72681 1.15274
5.58487 -1.84488
5.56362 -1.83477
4.74109 0.367112
4.73899 0.39142
4.72385 0.638732
4.7234 0.652278
4.71964 0.902349
4.97658 2.46095
4.95536 2.40792
4.93292 2.34377
4.94107 2.36905
4.72129 1.04021
4.72145 1.05155
4.73412 1.27366
5.97571 -1.89052
5.97424 -1.89076
5.73252 -1.89663
4.87499 -0.463607
4.84642 -0.335031
6.71152 2.7245
6.72334 2.71497
6.63664 2.78512
6.70154 2.73267
4.75491 0.228464
4.7585 0.19565
4.72822 0.538213
4.72907 0.521883
4.72305 0.665301
4.7196 0.771857
7.12218 -1.06177
7.12811 -1.05452
6.95261 -1.25839
7.70329 0.715101
7.70231 0.736635
7.38973 -0.654393
7.36427 -0.702252
5.3395 -1.62486
5.32753 -1.60973
4.99437 2.50117
6.09149 3.07452
6.07841 3.07839
6.304 2.98948
6.2823 2.9996
7.62862 -0.0486843
7.65166 0.0472637
4.75831 1.53103
4.75336 1.48812
5.8767 -1.90403
5.88834 -1.90305
4.90971 2.27456
4.88588 2.19415
6.13767 -1.84239
6.22347 -1.80731
7.54556 1.50017
7.56017 1.45876
7.62323 -0.0704212
6.07669 -1.86405
6.08341 -1.8618
4.99425 -0.888407
4.98782 -0.868434
5.39902 -1.69842
5.3915 -1.68915
7.66395 0.113846
7.65521 0.0648657
5.42297 3.03161
5.32139 2.96336
5.19806 -1.39186
5.21486 -1.42577
4.74375 1.39322
4.73578 1.29565
4.80699 1.85708
4.79816 1.80898
4.93442 -0.689375
4.96249 -0.788362
5.05924 -1.07488
5.04553 -1.03876
6.63136 2.78897
6.98688 2.45816
6.93141 2.51781
5.05947 2.63729
5.0427 2.60612
6.28486 -1.77595
6.24806 -1.79492
7.17124 -0.996546
7.21354 -0.940043
6.25065 3.01444
6.17821 3.04345
5.85412 3.11993
5.82945 3.12188
6.51957 -1.63548
6.70065 -1.49632
7.2645 -0.862938
7.28882 -0.82585
7.34299 1.953
7.35471 1.9316
7.1261 2.28773
7.16585 2.23341
7.62036 1.25528
7.61565 1.27373
7.70602 0.556282
7.7014 0.416076
6.45458 2.9084
6.45971 2.90559
7.67395 0.1707
5.22779 2.87631
5.54575 3.08465
5.62313 3.10544
5.16437 2.79982
7.6981 0.371568
5.23642 -1.46637
5.31412 -1.58988
5.1315 -1.2535
4.75042 1.46037
4.77013 1.6282
4.76066 1.55229
4.78724 1.74626
4.847 2.0464
4.88413 -0.502725
4.98231 -0.850281
4.88037 -0.487219
5.44581 -1.74472
5.54965 -1.82678
5.06962 -1.1011
4.76179 0.167407
4.77213 0.0870136
5.07992 2.67158
6.32269 -1.75751
4.85474 2.0806
4.85124 2.0656
7.4172 -0.603805
6.34256 2.97016
6.09452 3.07351
5.79377 3.1213
6.03878 3.08901
5.66651 3.11349
6.72021 -1.48025
6.5022 -1.64688
6.8788 -1.33338
7.36097 -0.708046
7.70624 0.630655
7.44086 1.759
7.49503 1.63424
4.87877 -0.480349
6.46494 2.90247
7.1536 -1.02093
6.93687 -1.27508
4.87245 2.14807
4.79591 -0.0713426
7.64631 1.14574
7.65665 1.0959
7.65811 1.0878
7.65977 1.0797
6.81059 2.63752
6.78809 2.65772
7.06208 2.36973
7.1065 -1.08157
7.08372 -1.10922
7.41732 1.80915
7.27993 2.0622
7.25668 2.09959
7.26166 2.09195
7.57211 1.4221
7.66433 1.05358
7.68594 0.91224
7.70118 0.752256
6.77097 2.67303
7.26478 2.08709
5.92592 -1.89908
5.42513 -1.72494
5.85917 -1.9046
6.12533 -1.84764
6.07562 -1.86435
5.01559 2.55065
7.07118 -1.12432
7.03878 -1.1625
7.70608 0.647179
