6.03749 -2.73437
6.02839 -2.74122
4.57429 -1.43909
4.56263 -1.38719
8.04307 -0.300625
8.05876 -0.249346
4.66295 -1.8083
4.66731 -1.82469
4.23957 1.35827
4.23593 1.31145
4.22925 0.850285
4.22848 0.807791
6.8519 3.30685
6.82046 3.33284
4.35321 -0.437893
4.37067 -0.532072
4.29504 2.0599
4.29727 2.07942
4.86055 -2.6036
4.85293 -2.56863
4.2814 0.0118792
4.28009 0.0224677
4.25645 0.253778
4.25532 0.265667
7.83081 -0.830729
7.86023 -0.771111
5.34565 -3.14875
5.32465 -3.15477
6.37947 3.6497
6.43317 3.61721
7.83681 2.00247
7.86674 1.93557
4.36526 2.54013
4.35933 2.50361
5.03675 3.86077
5.04085 3.86301
7.14031 3.03467
7.215 2.9563
8.1191 1.09239
8.10338 1.17983
5.25781 -3.17555
5.24088 -3.17792
7.45184 2.66387
7.4783 2.62834
4.6104 3.39363
4.62305 3.41836
4.71341 3.56894
4.74278 3.61028
5.525 -3.06353
5.55369 -3.04611
8.01127 1.55071
7.98272 1.63678
8.16834 0.57256
8.16558 0.668385
4.88962 -2.7079
4.90148 -2.74835
5.10888 -3.15732
5.10037 -3.15168
5.03483 -3.08343
5.04558 -3.09467
4.97552 -2.96953
4.97816 -2.97416
4.91628 -2.80077
4.93471 -2.85448
4.69129 -1.91813
4.70552 -1.97963
4.63127 -1.67385
4.61563 -1.60889
6.64676 3.47052
6.60672 3.49925
6.00361 3.83489
6.02251 3.8274
5.76742 3.91249
5.65543 3.93647
6.25605 3.7189
6.26654 3.71367
4.44521 2.92436
4.44458 2.92155
7.08672 3.09011
7.27457 2.8881
7.21904 2.95193
7.63734 -1.16797
7.65361 -1.14271
7.53599 -1.31711
7.55391 -1.29175
7.01527 -1.9199
7.0692 -1.86638
6.85114 -2.07664
6.87813 -2.05254
6.40563 -2.45532
6.40465 -2.45614
6.65892 -2.2464
6.65361 -2.25075
7.96089 -0.539575
7.93745 -0.599445
8.16607 0.420824
8.16601 0.419523
5.64934 3.93741
5.56202 3.94815
7.70072 -1.06663
7.74688 -0.987692
4.5374 3.22244
4.51893 3.17105
6.95348 3.21712
6.99162 3.18134
4.31615 2.21594
4.32565 2.28093
7.16304 -1.76636
7.21353 -1.71159
6.05629 -2.72081
6.07831 -2.70475
4.55451 -1.35174
4.55979 -1.37412
4.6063 -1.57221
4.22833 0.99838
4.22819 0.977286
4.24541 1.49552
4.24488 1.48578
5.87963 3.88058
5.85549 3.88718
4.39451 -0.646354
4.37355 -0.546671
4.24 0.479102
4.24086 0.464678
5.49254 3.95246
5.47398 3.95349
4.33181 2.31445
4.33691 2.35363
4.32208 -0.264134
4.31412 -0.215485
7.91993 1.8075
7.95012 1.72889
7.7409 2.19863
7.77532 2.13142
4.38184 2.63138
4.39647 2.70889
4.97204 3.82386
4.9216 3.79036
5.14062 3.90352
5.17183 3.91423
5.31427 3.94453
5.37299 3.95034
4.835 -2.49893
4.83295 -2.49087
8.05114 1.40941
8.06976 1.33651
7.36186 2.78311
7.41261 2.71758
7.49021 2.6115
7.54016 2.53891
6.93468 -1.99856
6.97415 -1.96145
7.60862 2.43237
7.64825 2.36737
4.67391 3.50893
4.64346 3.45809
4.5616 3.28282
4.57416 3.31504
4.72337 -2.05417
4.73032 -2.07789
4.77825 -2.267
4.7833 -2.28545
4.73621 -2.10123
4.74812 -2.14709
8.03804 1.4594
8.02333 1.51043
5.86728 -2.85231
5.87704 -2.84601
5.71431 -2.95132
5.75296 -2.92747
6.53085 -2.35453
6.53173 -2.35384
8.07195 -0.201894
8.00296 -0.425915
7.98116 -0.485808
8.15044 0.222208
8.15045 0.222319
6.6775 3.44684
6.71522 3.41797
6.89234 3.27138
6.92295 3.24448
5.91992 3.86676
5.99048 3.84048
6.0455 3.81798
6.09864 3.79515
5.80047 3.90296
5.65395 3.9368
4.27882 1.92173
4.28007 1.93266
4.30825 2.16231
6.21056 3.74232
6.1699 3.76136
6.49471 3.57732
6.4883 3.58176
4.42628 2.84551
4.43176 2.86931
4.45012 2.94338
7.29599 2.86378
6.76493 -2.15418
6.78127 -2.14023
7.09345 -1.84076
4.68316 3.52548
8.16205 0.727358
8.15811 0.781895
6.46832 -2.40489
6.46819 -2.405
6.34354 -2.50396
6.34114 -2.50589
6.58924 -2.30506
6.59533 -2.30005
6.71433 -2.19805
4.64399 -1.72646
8.16595 0.418327
8.16881 0.548149
4.50599 -1.14651
4.51122 -1.16843
4.47976 -1.03537
4.48137 -1.0423
4.25244 1.61144
4.25262 1.61408
4.23527 0.577671
4.23451 0.595083
4.46345 2.99176
4.46111 2.98408
7.42693 -1.46292
7.43896 -1.44782
7.33074 -1.58011
7.35181 -1.55537
4.43002 -0.811191
4.42541 -0.789908
4.45457 -0.923507
4.45299 -0.916116
4.2295 1.08387
4.22988 1.10428
6.199 -2.61445
6.1504 -2.65152
8.02273 -0.367025
4.87238 3.75102
4.83454 3.71561
8.14301 0.155741
8.14268 0.153367
8.16183 0.358142
8.15714 0.289924
4.23135 0.723283
4.22916 0.766177
7.05439 3.12208
7.02238 3.15252
6.74963 3.3911
6.78747 3.35983
4.29244 2.04271
4.28737 1.99628
4.26867 1.81207
4.26801 1.80545
5.40438 -3.12373
5.42073 -3.11709
4.81605 -2.42305
4.81494 -2.41914
8.14888 0.872682
8.15343 0.833441
8.13813 0.964759
8.14509 0.911259
4.50709 3.13794
4.49799 3.10885
5.67273 -2.9779
5.62822 -3.0046
5.64132 -2.99748
5.78072 -2.91032
8.09359 -0.117952
7.93744 -0.599478
7.93743 -0.599508
6.54321 3.54458
6.56077 3.53193
5.65328 3.93691
8.16876 0.557571
4.2674 1.79938
4.26256 1.74185
7.27951 -1.63917
7.24608 -1.67668
5.94116 -2.80226
5.91558 -2.81937
8.1433 0.157806
8.15006 0.218801
4.68344 -1.88996
4.23438 1.23128
4.23463 1.27735
6.32231 3.68328
6.37753 3.65086
7.31796 2.83642
7.34297 2.80664
4.54111 3.23317
4.54356 3.2402
4.77441 3.65055
4.81624 3.69621
4.23554 1.29478
4.24098 1.40803
4.22907 0.786785
4.22818 0.892606
4.37277 -0.542743
4.34708 -0.404963
4.88771 -2.70262
4.87085 -2.63782
4.83521 -2.50012
4.83508 -2.49939
4.26977 0.115892
4.29598 -0.0971432
4.24732 0.369156
4.26679 0.143553
7.8865 -0.714643
7.80494 -0.881025
5.30774 -3.1622
5.37002 -3.13806
7.87992 1.90484
7.82198 2.03477
4.35754 2.49134
4.37696 2.60683
4.48532 3.06692
4.47871 3.04652
5.24158 3.93206
5.22455 3.92775
8.12698 1.04382
8.09618 1.21618
5.19652 -3.17751
5.17172 -3.17873
5.16294 -3.17763
7.30684 -1.60819
4.63979 3.45056
4.60725 3.38784
5.59185 -3.02588
5.46252 -3.09741
4.91475 -2.794
5.13808 -3.16738
5.06735 -3.12477
5.02126 -3.06161
5.0065 -3.03435
4.9879 -2.99409
4.95558 -2.91463
4.94433 -2.88863
8.12267 0.020532
8.12492 0.0328521
8.1195 0.00422056
7.76883 -0.948071
7.91219 -0.657258
7.68599 -1.09102
7.62984 -1.17962
7.58709 -1.24305
7.50277 -1.36384
6.27763 -2.55548
6.27898 -2.55437
6.27484 -2.55767
4.49277 -1.09102
4.49616 -1.10537
4.25725 1.67823
4.2552 1.65117
7.37981 -1.52137
7.39585 -1.50191
5.9852 -2.77205
5.95474 -2.79272
6.08263 -2.70179
4.5194 -1.20187
4.53261 -1.25704
4.46761 -0.982462
4.46689 -0.979217
4.22832 0.934881
4.22867 1.04079
4.24244 1.43466
4.24849 1.54993
4.33438 -0.33263
4.4034 -0.690455
4.24417 0.411286
4.23729 0.529887
5.43795 3.95296
5.52236 3.95073
5.38973 3.95194
4.30001 -0.125063
7.79052 2.10039
7.90951 1.83368
7.95691 1.71046
7.72686 2.22565
4.34356 2.39922
4.41042 2.77409
4.90669 3.77852
4.9799 3.82909
5.04787 3.86615
5.10497 3.89112
5.25538 3.93447
8.07372 1.31965
8.03976 1.45328
7.55261 2.52029
7.5981 2.44929
7.42666 2.69921
7.47229 -1.40472
7.48376 -1.38985
7.69447 2.28526
7.64944 2.36535
4.58505 3.33794
4.79604 -2.33874
4.76597 -2.21629
4.80045 -2.35459
8.01381 1.54282
5.90477 -2.82725
5.86069 -2.85649
8.15693 0.287215
6.10034 3.79445
6.31201 3.68887
4.41873 2.81392
4.44368 2.9179
6.47298 -2.40115
6.40659 -2.45456
6.28033 -2.55333
6.53 -2.35522
6.64873 -2.25495
4.25742 1.68029
4.23312 0.641469
4.41765 -0.755092
4.43905 -0.853017
4.44218 -0.867432
4.23122 1.14837
6.11848 -2.6746
4.23202 1.18673
4.23172 0.678905
5.38333 -3.13384
5.45463 -3.10096
6.44094 3.61218
5.45774 -3.09965
4.41174 -0.7268
6.37767 3.65078
5.01604 3.84924
7.65548 2.35479
4.76014 -2.19574
8.01268 1.54645
5.8297 -2.87685
8.10093 -0.0868535
6.13052 3.78012
4.28155 1.94486
4.82656 3.70775
4.41502 2.79625
