5.44398 -2.36669
5.4752 -2.37761
6.11498 -2.24925
6.18857 -2.20918
5.86517 -2.35751
5.83549 -2.36777
4.9588 -1.6577
4.96115 -1.66374
6.60602 3.14539
6.62001 3.135
4.6684 -0.668722
4.7051 -0.818293
4.5761 2.06009
4.57084 2.02858
5.88643 3.48933
5.93899 3.47671
4.72229 2.67711
4.73567 2.71796
7.02751 2.77804
7.04849 2.7564
7.16426 2.62525
7.13311 2.66225
7.87188 1.14079
7.88399 1.07537
7.37177 -1.12362
7.37732 -1.11576
7.45191 2.22151
7.47066 2.19017
7.36876 2.35351
7.36849 2.35392
7.785 1.48321
7.76603 1.54241
7.92642 0.680149
7.92897 0.599477
7.77228 -0.354261
7.74764 -0.421908
5.1071 3.32777
5.03041 3.25229
5.20234 3.39831
5.10734 3.32799
5.22085 3.40834
5.30296 3.45159
5.71096 -2.39459
5.66115 -2.40132
7.89202 0.108722
7.88326 0.0582988
7.92231 0.364689
7.9195 0.327047
4.91496 -1.53211
4.89728 -1.48145
4.52163 1.64767
4.52497 1.67946
4.50176 1.42283
4.50057 1.40959
4.65581 -0.614347
5.09873 -1.98107
5.10209 -1.98705
5.02912 -1.83243
5.0232 -1.8178
4.55762 1.94214
4.56617 1.99913
7.52162 -0.892417
7.57907 -0.789961
5.75105 3.51049
5.71964 3.51452
6.16738 3.39771
6.15324 3.40301
6.39147 3.2844
6.43523 3.25732
6.83197 2.96559
6.88866 2.9147
7.4718 -0.972918
7.51591 -0.90202
6.49674 -2.0063
6.40907 -2.0694
6.62342 -1.91002
6.60941 -1.92112
6.83896 -1.72465
6.80545 -1.75529
7.02381 -1.54298
6.99707 -1.57138
5.24779 -2.21106
5.22314 -2.18251
5.95895 -2.32251
5.93647 -2.33252
5.53686 -2.39446
5.49991 -2.38669
4.4875 1.16503
4.48758 1.16748
4.50116 0.406586
4.5028 0.382948
4.54692 -0.0256874
4.53846 0.0401302
4.48704 0.653665
4.48693 0.656126
4.59193 -0.302743
4.591 -0.297599
4.7863 -1.12141
4.76135 -1.03427
4.83902 -1.30004
4.83167 -1.27503
7.80862 -0.243976
7.78984 -0.302999
5.16435 -2.09413
5.1788 -2.11869
6.08779 -2.2641
6.20687 -2.19886
4.48246 0.850466
4.48246 0.849988
4.48312 0.977083
4.48312 0.976987
4.63932 -0.537885
5.97713 3.4647
5.82301 3.50201
6.20348 3.38129
6.27992 3.34503
4.69128 2.57408
4.67902 2.53277
4.7398 2.7292
4.76104 2.78518
7.08731 2.71337
7.12231 2.67469
7.26707 2.49584
7.24486 2.52471
7.15418 -1.401
7.15276 -1.40269
6.59572 -1.93129
6.50975 -1.99736
6.94547 -1.62209
6.90179 -1.66549
7.53079 2.08377
7.56168 2.02589
7.83223 1.31648
7.82165 1.35752
7.7327 -0.461521
7.71238 -0.510052
7.69897 -0.542109
6.78594 3.00477
6.74694 3.03733
6.52865 3.19838
6.55416 3.18175
4.51856 1.6153
4.51048 1.52899
4.50694 1.48699
4.49767 1.36918
4.49628 1.34951
4.72213 -0.88606
4.83176 2.95144
4.84636 2.98022
4.58963 2.13617
4.60839 2.23415
6.05369 3.44123
6.3023 3.33273
6.50209 3.21638
5.64979 3.5182
5.61301 3.51791
6.92964 2.87533
6.39204 -2.08018
6.77875 -1.77831
6.70792 -1.8402
7.09118 -1.47245
6.28642 -2.15017
5.27563 -2.24453
6.08121 -2.26757
6.03737 -2.28853
4.74603 -0.97709
4.75823 -1.02319
4.48359 1.04031
4.48328 1.00004
4.4901 1.23494
4.48979 1.2272
4.48568 1.10398
4.49321 0.519354
4.49736 0.460504
4.5072 0.330042
4.51935 0.201169
4.52927 0.110664
4.55476 -0.0792543
4.48458 0.722195
4.48464 0.720396
4.4899 0.590927
4.7719 2.81163
4.7846 2.84417
4.63391 2.351
4.63825 2.37102
7.66068 1.81774
7.66749 1.80184
7.3188 -1.19548
7.29339 -1.22907
7.91159 0.882435
7.90928 0.90515
7.82572 -0.185351
5.3805 -2.33338
5.41907 -2.35591
4.73152 -0.922507
4.74417 -0.970008
4.4836 1.04049
4.4836 1.04067
6.70913 3.06788
6.67683 3.09202
4.61212 -0.407237
4.59226 -0.304511
4.49299 0.525726
4.49252 0.531665
4.58621 2.11852
4.58772 2.12644
4.5611 -0.119021
4.57377 -0.197103
4.61802 2.27865
4.62507 2.31173
4.61233 2.25243
7.70843 1.7013
7.72799 1.65085
7.84135 -0.130318
7.84226 -0.126805
7.66164 -0.624648
7.64672 -0.657507
4.90934 3.09313
4.94375 3.14439
5.50631 3.50897
5.49625 3.50795
4.55573 1.92793
4.54792 1.87186
7.3615 -1.13804
7.92188 0.767154
7.92475 0.72921
5.34046 -2.30385
5.35306 -2.3152
5.28337 -2.25367
4.51503 1.57723
4.51259 1.55115
4.62022 -0.447131
4.86952 3.02325
4.90773 3.09068
4.51138 0.282422
4.51301 0.264796
4.81235 -1.21094
4.79591 -1.1544
5.48994 -2.38355
5.00813 3.22766
4.98115 3.19506
5.32534 3.46054
5.3998 3.4862
5.81603 -2.37245
5.886 -2.35145
7.91009 0.233965
7.90518 0.194099
4.48251 0.913939
4.4825 0.913488
4.48227 0.786488
4.48225 0.78709
4.92871 -1.57286
4.96256 -1.66715
5.03453 -1.84581
5.0648 -1.91015
4.56647 2.00136
4.5766 2.06278
7.58738 -0.774322
7.63507 -0.680869
7.62205 1.90269
7.60908 1.93032
4.65862 2.45714
4.65306 2.43473
4.73797 2.72445
4.71921 2.66704
7.12612 2.67032
7.18039 2.60607
7.85685 1.21361
7.8937 1.01592
7.42237 -1.04896
7.49191 2.15338
7.42101 2.27211
7.32485 2.41636
7.36977 2.35198
7.75767 1.56692
7.79498 1.4511
7.92879 0.539528
7.92557 0.710426
5.57631 -2.40064
5.58338 -2.40103
7.86911 -0.0119965
7.85624 -0.0687708
5.10728 3.32795
5.20553 3.4004
5.49427 3.50747
5.75405 -2.38858
5.592 -2.40093
7.92766 0.457686
4.86954 -1.39842
4.86655 -1.38969
4.99664 -1.75306
5.10795 -1.99727
4.55672 1.93549
7.67629 -0.593197
7.51992 -0.895337
7.45238 -1.00376
7.92878 0.490781
5.91276 -2.34081
5.98693 -2.31151
4.80621 2.89544
4.80933 2.90314
7.91778 0.82414
7.91659 0.836627
4.76059 -1.03163
4.8601 -1.36989
5.20497 -2.15788
5.13905 -2.05386
4.65058 2.42384
4.70732 2.62934
7.20207 2.57916
7.0615 2.74254
7.90437 0.941382
7.84593 1.26158
7.31122 2.43549
7.10316 -1.45898
7.16289 -1.39073
7.56851 2.01258
7.51753 2.10809
7.41085 2.28821
7.80983 1.39973
7.73493 1.6316
4.5287 1.71723
4.53422 1.76551
4.49252 1.30022
4.8536 2.99483
4.8169 2.92042
5.67335 3.51789
5.59797 3.51788
6.00414 -2.30308
4.49191 1.28947
4.48764 1.17001
4.86498 -1.38519
4.51469 0.245135
4.5316 0.0914344
4.48227 0.785898
4.48321 0.759067
4.4868 0.658441
7.20955 -1.33532
7.09647 -1.46657
7.91845 0.817716
6.5606 3.17725
7.69512 1.73508
4.90828 3.09155
4.54637 1.85972
4.53967 1.80779
4.96516 3.17324
7.65435 1.83249
7.57602 1.99781
4.49222 1.29453
4.52752 1.70682
4.50294 1.43821
4.53705 1.78817
5.21699 -2.1751
7.21925 -1.32335
7.26491 -1.26626
6.63976 3.12016
5.70564 3.51617
7.84314 -0.123308
