7.67272 -0.261056
7.68826 -0.212775
5.5106 3.27269
5.47308 3.26128
7.78267 0.21109
7.79114 0.278895
4.61808 1.11863
4.61668 1.08985
4.99168 -1.2635
4.97744 -1.22512
4.64577 1.5269
4.64834 1.55177
4.6889 1.86323
4.69048 1.87262
5.60386 -2.0997
5.69419 -2.11643
5.4351 -2.01339
5.43108 -2.01007
4.61981 0.605452
4.62119 0.571271
4.9325 2.72575
4.97311 2.80566
7.11836 -1.23942
7.12908 -1.22691
4.69325 -0.115563
4.67738 -0.00983208
4.76711 2.24803
4.76893 2.25545
5.71495 3.29964
5.73155 3.29934
6.67434 2.90784
6.74295 2.85381
6.85164 -1.52047
6.81327 -1.55732
7.38538 -0.871088
7.35675 -0.916839
7.44881 1.97346
7.42425 2.01928
7.62298 1.58443
7.59259 1.66359
7.70414 1.32853
7.72239 1.25935
7.7372 -0.0328133
7.74916 0.0203552
7.6022 -0.450926
7.59255 -0.474618
5.31122 3.18622
5.2469 3.14113
5.04341 -1.40111
5.04504 -1.4055
5.14561 -1.62865
5.12265 -1.58073
6.49036 3.03911
6.54186 3.00495
4.62382 1.25024
4.62646 1.29515
6.19079 -1.99622
6.20228 -1.99065
5.93475 -2.09343
5.95356 -2.08881
5.70013 -2.11702
5.79483 -2.1177
4.80449 -0.646098
4.77901 -0.544862
4.85734 -0.848025
4.85588 -0.842686
4.61462 0.732532
4.61348 0.784368
4.89105 2.6317
4.89 2.62945
4.73176 2.09252
4.7396 2.128
7.49094 -0.688588
7.49242 -0.685707
6.14449 3.21506
6.21228 3.18642
5.94794 3.2732
5.96629 3.26986
6.84062 2.7691
6.86294 2.74773
6.61225 2.95548
6.40063 -1.87697
6.3059 -1.93452
6.57138 -1.75694
6.59958 -1.73674
6.80176 -1.56795
6.71666 -1.64184
7.24043 -1.0854
7.26604 -1.05049
7.28604 -1.0226
7.29431 -1.01077
7.80599 0.502913
7.80483 0.459876
4.94568 -1.13389
4.94661 -1.13693
4.75664 -0.441344
4.77893 -0.544537
6.97878 -1.39432
7.01539 -1.35667
7.03748 2.56906
6.97761 2.63364
7.80556 0.665923
7.80544 0.677123
7.70715 -0.148983
7.64847 -0.331203
6.03143 -2.0627
6.09788 -2.03861
5.51476 -2.06369
5.56904 -2.08733
5.69803 -2.11707
7.03835 -1.33127
7.05044 -1.31801
6.2577 3.16768
6.36078 3.11596
7.74657 1.15422
7.76822 1.03827
7.37106 2.11272
7.33976 2.16445
7.28766 2.24438
7.32797 2.18331
7.19936 2.36944
7.2162 2.34659
7.65329 1.4956
7.6694 1.44684
7.74501 1.16241
7.74438 1.16522
7.6343 -0.369396
7.55174 -0.565749
7.54892 -0.572044
6.58476 2.97576
6.48511 3.04264
4.66383 1.69007
4.66262 1.6801
4.63856 1.45445
4.63598 1.42345
5.99503 -2.07671
5.82551 -2.11264
5.89393 -2.10356
5.51273 -2.06281
4.85145 -0.826531
4.83551 -0.767453
4.86026 -0.858574
5.49676 -2.0526
5.36468 -1.95106
5.38319 -1.96833
5.02115 2.88827
5.02174 2.88932
6.03024 3.25414
6.04215 3.25
6.10486 3.22907
6.23909 3.17559
6.36588 3.11346
6.41426 3.08588
6.42621 3.07884
6.77053 2.83019
6.30233 -1.93676
6.41647 -1.86616
6.90427 -1.47106
4.6141 0.964347
4.61343 0.913334
4.62172 1.21391
4.6198 1.16733
4.90217 -0.996958
4.91597 -1.0416
5.21871 -1.75973
5.23646 -1.78621
4.63559 0.354424
4.62969 0.435532
4.66112 0.109574
4.65475 0.15911
4.61543 0.70532
4.61752 0.654001
4.83348 2.47518
4.83641 2.48472
4.78722 2.32147
4.79999 2.36642
7.04298 2.56277
7.09864 2.49777
7.19657 -1.14233
7.23356 -1.09504
7.77921 0.965645
7.77351 1.00523
7.79365 0.847752
7.79244 0.861318
4.61658 1.04033
4.65292 1.5971
4.65677 1.6316
4.64179 1.48761
4.62493 0.523578
7.51249 1.84584
7.53207 1.80411
4.92934 2.71895
4.92688 2.71315
5.76683 3.29873
5.79186 3.29741
6.89564 -1.47941
4.62908 1.33479
4.63088 1.3593
4.88712 -0.947568
5.2881 -1.8618
5.31668 -1.89583
5.18672 -1.70339
5.17226 -1.67745
4.62652 0.479259
4.64062 0.298303
4.65358 0.169719
4.64711 0.229057
4.61428 0.989423
4.613 0.861685
4.61294 0.837368
5.87114 3.2881
5.8287 3.29363
4.73464 -0.337873
4.74763 -0.399865
5.07082 2.95775
5.11684 3.01765
4.70207 -0.166754
4.71876 -0.25669
5.39741 -1.9815
5.39591 -1.98012
5.25403 -1.81289
5.27367 -1.84086
4.71926 2.02948
4.71331 2.00064
5.70434 3.29936
5.66323 3.2978
6.49976 -1.80985
6.52097 -1.79409
4.67117 1.74427
6.25248 -1.96386
6.25739 -1.96106
5.41039 3.2379
5.58533 3.28771
5.16068 3.0642
5.12513 3.02665
7.79694 0.339891
7.77298 0.144505
5.04818 -1.41346
5.08291 -1.4936
4.69836 1.92031
4.68041 1.80844
7.54668 -0.57672
7.50476 -0.661007
4.76669 2.24623
4.783 2.30724
6.8083 -1.56193
6.88937 -1.48543
7.33645 -0.947716
7.42568 -0.805733
7.41053 2.04389
7.46782 1.93704
7.244 2.30758
7.27372 2.26503
7.62486 1.57941
7.58841 1.67406
7.72575 1.24536
7.69712 1.3543
7.76283 0.0874919
7.72159 -0.0956353
5.21329 3.11407
5.34918 3.20799
5.61168 3.29313
7.80219 0.410618
5.01071 -1.31559
5.10722 -1.54624
5.16577 -1.66613
4.7055 1.95853
4.77895 -0.544634
4.8164 -0.692994
5.2028 -1.73174
4.86052 2.5531
4.85424 2.53772
4.90073 2.65386
4.74406 2.14959
4.72611 2.06432
7.43927 -0.782401
6.01192 3.2591
5.89832 3.28344
6.70024 -1.65611
6.62115 -1.71938
6.5431 -1.7781
7.28166 -1.02885
7.43309 -0.793028
7.80694 0.567365
7.55695 1.74808
7.57279 1.71115
4.80936 2.39771
4.81755 2.42559
7.04001 2.56624
6.93411 2.67858
7.80378 0.712525
7.8004 0.773432
7.78672 0.906514
7.78186 0.948221
4.6954 -0.128243
7.15112 -1.2
7.15313 2.43086
7.14938 2.4356
7.7703 1.02565
7.74512 1.16188
7.15534 2.428
7.48579 1.90128
7.37777 2.10137
7.33025 2.17974
7.68004 1.41194
7.63934 1.53706
7.79632 0.821163
4.84609 2.51457
6.91231 2.70021
4.65021 1.57283
4.66101 1.66788
5.81889 3.29504
5.75662 3.29876
5.36015 -1.94689
4.64692 0.230904
5.02229 2.89018
4.67658 1.7832
5.62535 3.29479
6.20919 -1.98692
4.97046 -1.20624
4.63304 1.38748
7.08718 -1.27624
4.6663 0.0709967
4.64411 0.262663
6.3698 3.11145
4.92359 -1.06622
5.36258 -1.94922
6.48069 3.04558
4.83012 -0.747512
4.94984 -1.14668
