7.27304 1.50843
7.27737 1.4975
7.45321 0.66698
7.45577 0.595744
7.41376 1.03033
7.42184 0.989886
5.09637 -0.19382
5.09549 -0.19002
5.16408 -0.446521
5.1788 -0.495018
5.39756 -0.999238
5.35016 -0.916692
5.50824 -1.16047
5.52908 -1.1865
5.09875 1.79866
5.09855 1.79782
5.01313 1.3419
5.01449 1.35378
5.16178 1.99876
5.18509 2.06192
7.20952 1.65
7.21148 1.64616
7.25716 -0.334151
7.22028 -0.411554
6.47049 -1.26182
6.50329 -1.24026
6.17059 2.64971
6.17824 2.64693
6.40112 2.55036
6.4159 2.54221
7.12918 -0.576812
7.10952 -0.609269
5.55322 2.5738
5.64741 2.62776
7.45068 0.740935
7.45161 0.729504
5.23048 -0.641927
5.20629 -0.57504
5.30742 -0.826654
5.34829 -0.91286
5.05073 1.58002
5.03658 1.49995
4.99831 1.18922
4.99067 1.07999
5.46116 2.49942
5.48017 2.51505
5.33587 2.34968
5.36315 2.38846
6.08121 -1.4123
6.04377 -1.41449
6.27416 -1.36095
6.2854 -1.35584
5.89432 -1.41028
5.90448 -1.41144
5.23855 2.18115
5.20872 2.11634
6.8835 -0.909065
6.84424 -0.952356
6.6918 -1.09941
6.68282 -1.10734
5.71282 -1.34283
5.65555 -1.30356
7.28892 -0.260122
7.26843 -0.309519
7.35789 -0.0653386
7.38067 0.0141979
7.41554 0.166964
7.43107 0.255912
5.06281 -0.0319089
5.06965 -0.0665699
4.98326 0.870743
4.9839 0.908172
4.98539 0.673654
4.98429 0.712706
5.00169 0.402557
4.9975 0.451785
5.02808 0.169824
5.02527 0.188821
5.91162 2.68629
5.95967 2.68629
5.75359 2.666
5.6845 2.64155
6.97947 -0.794807
6.94305 -0.840737
7.30944 1.41503
7.32587 1.36618
7.3951 1.12102
7.39107 1.14084
7.45433 0.496037
7.44817 0.401626
7.45448 0.500869
7.45487 0.516073
5.13551 -0.346264
5.11236 -0.259731
7.42956 0.933995
7.42377 0.978093
6.58113 2.43407
6.59943 2.41979
6.7551 2.28614
6.75323 2.28788
6.89318 2.13701
6.88127 2.15143
7.03001 1.95899
6.9881 2.01708
6.30433 2.59841
6.34661 2.57889
6.44048 2.52821
6.46734 2.51181
5.15458 -0.414181
4.9846 0.946266
4.98582 0.999681
4.98269 0.81509
7.36565 1.23751
7.38062 1.18128
7.3375 1.33099
7.33595 1.3356
5.10863 -0.245069
5.11012 -0.250946
5.17916 -0.49621
5.18075 -0.50138
6.83319 2.20581
6.82372 2.21593
7.04029 1.9438
7.08401 1.87568
7.29478 -0.245413
7.31361 -0.196831
7.30839 1.41824
5.00202 1.237
5.00036 1.21677
7.4477 0.779866
7.44356 0.826516
5.00451 0.372165
5.00951 0.321196
4.98739 0.622623
4.9891 0.582288
7.16187 1.74108
7.15233 1.75888
5.05388 0.0162152
5.04566 0.0600445
4.98274 0.777895
7.0826 -0.651512
7.04511 -0.706606
7.2417 1.58192
7.30713 1.42189
7.4555 0.585223
7.45274 0.692552
7.42303 0.982214
7.4102 1.051
5.08487 -0.142151
5.10112 -0.215008
5.3492 -0.914764
5.43856 -1.06703
5.57572 -1.23439
5.46921 -1.10858
5.07326 1.6903
5.09925 1.80051
6.66776 2.36496
6.6791 2.355
5.39466 2.42697
5.45704 2.49563
6.17693 -1.39328
6.19291 -1.38809
5.80357 -1.38554
5.88298 -1.40713
5.19747 2.09169
5.14706 1.95513
6.70711 -1.08546
6.77009 -1.02714
7.22345 1.6215
7.18231 1.70264
7.20987 -0.431904
7.26739 -0.311903
7.39023 0.0518488
7.40875 0.132265
4.98332 0.74019
5.01065 0.31061
5.02477 0.19253
5.76488 2.66855
5.85617 2.68364
6.56951 -1.19568
6.39017 -1.30707
6.97147 2.03896
6.93593 2.08505
6.06437 2.67483
6.02207 2.67954
6.14825 2.65528
6.27782 2.61085
7.00805 -0.757256
7.16923 -0.507386
7.23693 1.59261
7.23927 1.58735
5.65212 2.63006
5.53992 2.56417
7.45025 0.748209
5.26419 -0.730827
5.19568 -0.545107
5.26713 -0.737722
5.26971 -0.743472
5.44913 -1.08194
5.62152 -1.27809
5.03112 1.46787
5.06426 1.647
5.12991 1.90335
5.01487 1.35631
5.30019 2.29365
5.98697 -1.41827
6.17403 -1.39383
6.37274 -1.31672
5.75708 -1.36478
5.272 2.24737
5.28383 2.26789
6.80926 -0.98934
6.91396 -0.874867
6.60651 -1.16741
7.1355 1.789
7.09858 1.85188
7.18711 -0.475253
7.29168 -0.253337
7.31799 -0.184747
7.34757 -0.0990131
7.43449 0.280208
5.07823 -0.110737
5.05741 -0.0032612
4.98628 0.647507
4.99031 0.559237
4.99597 0.471347
5.0031 0.3865
5.0441 0.069432
7.44694 0.388024
7.38489 1.16356
7.39865 1.10647
7.45445 0.498777
7.35979 1.25762
7.404 1.07843
7.43455 0.902997
6.74775 2.29287
6.51469 2.4813
6.81137 2.22897
6.85788 2.17872
7.03788 1.94755
6.49512 2.49494
7.44056 0.855876
6.29075 2.60502
6.38602 2.559
