5.94737 2.44249
5.97705 2.44488
7.21418 1.2431
7.22727 1.2023
5.13786 1.0277
5.13828 1.03388
7.29708 0.866461
7.30338 0.800089
5.37589 -0.539139
5.38386 -0.55723
5.47244 -0.735533
5.48606 -0.757513
5.19716 1.48541
5.21399 1.56338
5.40868 2.07123
5.39102 2.04157
5.52468 2.22828
5.57565 2.28093
7.18625 -0.115859
7.19388 -0.095473
5.21066 0.00514624
5.20008 0.059085
5.13104 0.714239
5.13113 0.709233
5.13956 0.513949
5.13962 0.513169
7.30278 0.383137
7.30046 0.361848
6.68992 2.11374
6.76924 2.03137
6.18782 2.41701
6.18168 2.41827
6.40321 2.32686
6.41322 2.32087
5.68156 2.36014
5.77153 2.40449
6.83227 -0.717602
6.85936 -0.686463
6.75104 -0.805856
6.7013 -0.852818
7.01684 -0.465299
6.99586 -0.499221
7.29472 0.885705
7.27921 0.976913
5.29547 -0.320339
5.29467 -0.318025
5.58161 -0.897602
5.55157 -0.859665
5.25134 1.70007
5.22509 1.60756
5.16027 1.25959
5.16772 1.31231
6.30238 -1.11241
6.31815 -1.10547
5.32069 1.89608
5.33587 1.92916
6.523 -0.996524
6.51122 -1.00476
6.97666 1.76095
6.96308 1.78153
7.0833 1.57065
7.11141 1.51222
5.91825 -1.14075
5.96495 -1.14998
5.73303 -1.04929
5.72735 -1.04467
6.10862 -1.15751
6.05956 -1.15745
7.07405 -0.364216
7.10624 -0.301136
7.25847 0.120732
7.26079 0.130265
5.22783 -0.0748661
5.24257 -0.130877
5.16573 0.268635
5.17084 0.232855
6.64142 2.15639
6.60677 2.18691
7.31252 0.637231
7.31305 0.590484
7.23131 1.18769
7.24877 1.12312
7.27118 1.02508
7.27112 1.02543
6.52078 2.25284
6.52848 2.24711
7.27134 1.02436
7.29546 0.880593
5.25442 -0.178867
5.26476 -0.216613
5.22601 -0.0675415
5.13187 0.909501
5.13178 0.904674
6.56174 2.22117
6.59894 2.19357
6.84377 1.94631
6.79995 1.99731
6.51261 2.25878
6.42227 2.3151
5.13067 0.834128
5.13076 0.844931
6.6831 2.12041
6.68004 2.12322
5.13547 0.984687
5.32838 -0.413812
5.33798 -0.440386
7.29586 0.877739
5.22491 -0.0629309
5.22005 -0.0418094
5.27903 -0.267011
5.27618 -0.256959
6.01036 2.44286
5.87351 2.43377
6.20957 2.40962
6.29495 2.37964
6.62918 -0.917512
6.61479 -0.928761
6.97839 -0.525315
6.92968 -0.59485
5.14666 1.14416
5.39187 -0.574331
5.34599 -0.462109
5.52405 -0.81821
5.46254 -0.718592
5.2215 1.59452
5.19185 1.45734
6.2054 -1.14259
6.20571 -1.14249
5.36211 1.98532
5.43431 2.11024
5.59612 2.29812
5.48187 2.1791
7.04526 1.64442
7.03778 1.65843
5.8249 -1.10573
5.82723 -1.10672
7.15243 -0.200598
7.22687 0.00376245
5.1953 0.083931
5.2126 -0.00422549
5.13247 0.648098
5.13072 0.774395
5.13896 0.524215
5.15076 0.390222
7.285 0.252429
7.31097 0.48603
5.80066 2.41397
6.08189 2.43837
5.67174 2.35458
6.78299 -0.772219
6.87886 -0.662549
6.55902 -0.970179
7.05604 -0.397797
7.13098 1.46891
7.15438 1.41256
5.14941 1.17061
5.29235 -0.311177
5.31583 -0.379187
5.42755 -0.649141
5.64274 -0.969741
5.17694 1.37365
5.27248 1.76586
5.28476 1.8033
6.40092 -1.06857
6.20437 -1.14277
5.3041 1.85625
5.46239 2.15253
6.42354 -1.05589
7.00119 1.72125
6.9168 1.84848
7.03216 1.66835
5.64639 -0.973234
6.01286 -1.1576
5.8043 -1.09307
5.67829 -1.00138
7.13571 -0.238402
7.23021 0.0146141
7.28202 0.23533
5.18406 0.148957
5.1326 0.644046
5.15243 0.374738
5.13277 0.640186
7.31247 0.521903
6.60326 2.18987
6.67552 2.12731
7.31069 0.687316
7.19825 1.29477
7.1756 1.35796
7.25331 1.10636
7.22807 1.19939
7.26023 1.07313
5.27142 -0.241126
5.25094 -0.165691
6.85282 1.93534
6.86111 1.9247
7.30709 0.75801
5.13058 0.779783
5.13157 0.899686
6.30309 2.37597
6.89655 1.87685
7.20381 1.2776
6.31157 2.37176
6.35888 2.3497
7.16631 1.38381
7.3095 0.721335
6.88624 1.8915
5.24879 -0.157435
