4.76167 -1.57047
4.76836 -1.59468
5.28679 -2.68021
5.24829 -2.654
5.43218 -2.72231
5.46642 -2.72409
5.88568 -2.59352
5.89216 -2.59051
8.02286 0.174454
8.02882 0.220534
4.58581 -0.895699
4.59486 -0.932651
4.36842 1.35812
4.36815 1.35475
4.35665 0.923689
4.35686 0.977135
4.35707 0.850135
4.35689 0.840221
4.49318 -0.474575
4.50839 -0.548772
4.37311 0.413559
4.36992 0.462578
5.59513 3.73223
5.5107 3.73305
4.43604 2.06134
4.43831 2.08124
5.36048 3.7149
5.37027 3.71659
7.33887 -1.37385
7.34732 -1.36337
6.85858 -1.88881
6.84197 -1.90464
7.02074 -1.73168
7.03327 -1.71944
6.40889 -2.26032
6.43614 -2.23933
5.60563 -2.70351
5.56604 -2.71278
4.81466 -1.74891
4.7951 -1.6832
7.9437 -0.21143
7.9581 -0.158938
7.88597 -0.39431
7.86834 -0.444189
5.16671 3.64948
5.16909 3.65071
4.92753 3.47198
4.93256 3.47686
8.03718 0.307404
8.03345 0.26065
8.00184 0.0389929
7.99687 0.0105642
7.97318 -0.0993355
7.97594 -0.087144
6.8359 3.14204
6.8402 3.13837
6.62075 3.31253
6.62383 3.3104
4.42264 1.96155
4.41922 1.93408
4.45328 2.1763
4.45675 2.19921
7.6779 -0.861236
7.66293 -0.888773
7.79228 -0.628467
7.77393 -0.669426
6.05773 3.62701
5.96207 3.66088
6.4123 3.45067
6.37289 3.47286
6.18901 3.57036
6.08414 3.61641
7.12628 2.8624
7.09475 2.89658
7.00899 2.98295
7.01526 2.97702
7.42483 -1.26024
7.45404 -1.22055
7.55465 -1.07054
7.54114 -1.09168
6.68248 -2.04317
6.64678 -2.07396
8.03968 0.772322
8.04182 0.746172
6.03886 -2.50867
6.05569 -2.4982
4.71236 -1.38943
4.72717 -1.44342
4.73266 3.1853
4.72706 3.17395
5.43347 3.72681
5.50597 3.73277
4.62662 -1.06136
4.62076 -1.03767
4.36112 0.650628
4.36328 0.592987
4.77007 3.25456
4.80277 3.30827
4.36036 1.15973
4.35884 1.10413
6.22874 -2.38763
6.23949 -2.3806
4.66358 -1.20803
4.66284 -1.20514
5.3686 -2.71304
5.3417 -2.7041
5.21805 -2.62958
5.51416 -2.72039
5.47671 -2.72364
5.01623 -2.31431
5.01043 -2.30285
5.16406 -2.57251
5.1576 -2.56311
5.09453 -2.47131
5.10691 -2.4904
5.07348 -2.43468
5.04934 -2.38415
4.37194 1.42187
4.37158 1.41598
4.38033 1.54216
4.37627 1.48639
5.77258 3.7107
5.79758 3.7051
4.5278 -0.641339
4.47326 -0.369924
4.47053 -0.355265
4.37428 0.396633
4.37933 0.332123
4.47558 2.31592
4.4757 2.31686
4.42517 -0.0764252
4.43566 -0.14668
4.39202 0.194965
4.40323 0.0921837
6.3011 3.51404
6.23548 3.54685
7.69982 2.01535
7.6956 2.02415
7.78767 1.81995
7.78522 1.82588
4.54827 2.65958
4.5388 2.62016
4.50404 2.45757
4.49586 2.41851
4.57712 2.7676
4.56711 2.73103
7.21106 2.76709
7.23428 2.73989
8.0163 0.990718
8.01606 0.992356
7.97113 1.23896
7.96487 1.26689
7.44171 2.46451
7.39476 2.53192
7.31462 2.63997
7.25872 2.71018
6.7721 -1.9663
6.93819 -1.81438
7.09766 -1.65229
6.9608 -1.79196
7.53002 2.32661
7.50904 2.36068
7.60976 2.19003
7.60607 2.19668
4.86779 -1.92016
4.85719 -1.88592
4.92005 -2.07262
4.90336 -2.02523
4.95804 -2.17618
4.954 -2.16493
7.91139 1.47132
7.91711 1.45193
7.85741 1.63868
7.85896 1.63432
6.46318 -2.21813
6.53586 -2.16338
6.37124 -2.28694
5.66742 -2.68657
5.65578 -2.6899
7.92417 -0.276198
7.94045 -0.223089
7.90598 -0.335124
7.85976 -0.466339
7.84135 -0.513702
4.8658 3.39826
4.8209 3.33689
6.67801 3.26973
6.67807 3.26968
6.73422 3.22651
6.78402 3.18546
6.88252 3.10101
6.89071 3.0936
6.5227 3.38088
5.84852 3.69359
5.90475 3.67705
4.41358 1.89118
4.41482 1.90169
4.42735 1.99771
4.47537 2.31482
6.07609 3.62002
6.4995 3.39544
6.45351 3.42473
6.20948 3.56007
7.0751 2.91661
6.97461 3.0162
6.58961 -2.11939
6.74478 -1.99099
6.94186 -1.81068
7.12753 -1.62114
8.04477 0.683362
8.03279 0.860367
6.56335 -2.14096
4.6987 3.1132
4.7364 3.1921
5.06077 3.5866
5.0648 3.5897
8.04723 0.478507
8.04808 0.502859
4.39372 1.69917
4.39781 1.74301
4.38181 1.56026
4.38616 1.6147
4.59477 2.82634
4.60143 2.84938
4.64646 2.98252
4.64179 2.97093
7.2438 -1.48984
7.24774 -1.4853
4.55997 -0.786539
6.13608 -2.44854
6.12651 -2.45487
4.83957 -1.83009
4.83185 -1.80424
4.35912 0.723133
4.35867 0.732018
5.67744 3.72486
5.64191 3.72816
4.53652 -0.681886
4.55859 -0.780705
4.67881 3.06421
4.66563 3.03293
4.69112 3.0948
5.35283 3.71299
5.2905 3.69749
7.1726 2.81118
7.19886 2.78152
7.19222 -1.54895
7.20218 -1.53774
7.15584 -1.58965
8.04658 0.634366
5.7003 -2.67471
5.72338 -2.66533
4.9211 3.4649
4.81048 3.32137
4.9854 3.5252
5.01366 3.55129
6.9405 3.04862
4.36282 1.23113
4.36286 1.23758
4.43261 2.03867
8.03277 0.860604
4.68785 -1.29881
4.66609 -1.21798
4.78782 -1.65993
4.75955 -1.56265
5.86608 -2.60267
5.97006 -2.54783
8.03122 0.24138
8.01755 0.133368
4.36715 1.29462
4.3685 1.36129
4.35695 0.987019
4.35669 0.913636
4.35921 0.786633
4.35682 0.860092
4.37595 1.48213
4.37197 1.42224
4.37422 0.397357
4.3698 0.464638
5.50958 3.73304
5.61964 3.73066
4.40699 0.0602539
4.41829 -0.0278994
7.73838 -0.744195
7.7201 -0.781064
7.74561 1.91748
7.74155 1.92655
4.53484 2.60166
4.51657 2.51981
7.99576 1.11686
7.99381 1.12752
7.37887 2.55436
7.32906 2.62116
7.50476 -1.14603
7.46561 -1.20376
7.38252 -1.31694
7.29894 -1.42391
7.5704 2.259
7.55886 2.27874
7.88564 1.55488
7.88911 1.54419
5.79755 -2.63496
5.77475 -2.64586
5.56353 -2.713
5.61103 -2.70268
4.7367 -1.48017
5.21528 3.67087
5.14302 3.63685
5.24218 3.68084
6.01802 -2.52146
5.98925 -2.53779
8.04107 0.353919
7.98834 -0.0298598
8.00802 0.0748383
7.97129 -0.107657
7.61091 -0.979576
7.8245 -0.55394
7.6029 -0.993111
7.58458 -1.02313
7.40128 -1.29266
8.04819 0.556838
6.08746 -2.47906
4.69482 -1.3242
5.1129 3.62044
5.11552 3.62215
5.41283 3.72377
4.61294 -1.0062
4.63649 -1.10071
4.38746 1.62953
4.39171 1.67885
4.36354 0.586985
4.36089 0.658177
4.62 2.90879
4.62727 2.93054
7.29228 -1.43218
7.28301 -1.44333
4.35866 1.09525
4.36061 1.16763
4.64043 -1.11644
5.52077 -2.71991
4.98795 -2.25047
5.04155 -2.36958
5.1951 -2.60621
5.11626 -2.50701
5.08321 -2.45055
4.35754 1.04063
4.38098 1.55054
4.4545 -0.264624
4.48102 -0.412128
4.37967 0.328061
4.36624 0.527788
4.44609 -0.214783
4.39012 0.213374
7.65085 2.11353
7.82466 1.72772
7.64786 2.11935
4.56365 2.71889
4.47671 2.32247
4.58382 2.79022
7.2492 2.72199
8.03277 0.860679
7.94277 1.35736
7.45641 2.44248
7.29318 -1.43105
7.4886 2.39281
7.63146 2.15011
4.84644 -1.85418
4.87986 -1.95554
4.93414 -2.11435
4.98163 -2.23498
4.98243 -2.23722
7.93464 1.38799
7.82676 1.72242
5.64602 -2.69209
6.67743 3.27017
6.72949 3.23041
6.93323 3.05556
4.41498 1.90292
4.40776 1.84136
6.33198 -2.31592
6.28206 -2.35156
5.01656 3.55387
4.60524 -0.974623
4.40047 1.76912
4.35919 0.714552
4.61845 2.90353
7.82666 1.72271
4.36247 1.22445
6.14326 -2.44376
5.72194 3.71905
8.04379 0.393127
5.73499 3.7176
5.17625 -2.58619
4.88934 -1.98581
5.74468 -2.65795
6.83171 3.14572
8.04785 0.593644
6.18472 -2.41696
5.13356 -2.52961
4.92804 -2.09503
6.34546 -2.30651
6.62646 3.30854
4.40436 1.80685
4.40718 1.83568
6.93697 3.052
6.73181 3.2285
