7.63877 -0.22928
7.64105 -0.222193
7.55874 -0.442968
7.55096 -0.461147
5.31679 3.09479
5.31871 3.09608
7.74492 0.246425
7.74691 0.262302
4.66436 1.14546
4.66041 1.06439
5.1335 -1.45714
5.09829 -1.37813
5.04533 -1.25097
5.02641 -1.19996
4.73465 1.8366
4.74077 1.87285
6.06364 -1.97281
6.00809 -1.99322
5.37686 -1.84006
5.33593 -1.79152
4.66325 0.630634
4.66678 0.54327
7.07817 -1.21493
7.11011 -1.17768
6.6573 2.85621
6.71159 2.81346
6.42407 -1.79263
6.40907 -1.80272
7.35549 -0.835873
7.32436 -0.885625
7.4208 1.93577
7.41757 1.94181
7.70166 0.000453282
7.70412 0.0113692
5.51561 3.19055
5.56505 3.20357
5.12347 2.90898
5.14929 2.94032
5.14297 -1.47817
5.18056 -1.55097
4.67128 1.27971
4.6722 1.29536
4.7014 1.60562
4.70273 1.61615
5.85635 -2.02148
5.80894 -2.02748
5.53381 -1.96438
5.61907 -2.00245
4.89798 -0.807801
4.8918 -0.786608
4.84743 -0.621791
4.83694 -0.58014
5.45129 -1.90993
5.52476 -1.9596
4.65878 0.758133
4.65822 0.78364
4.91118 2.51835
4.94258 2.59646
4.98182 2.68071
4.95209 2.61692
4.88307 2.44107
4.87238 2.41216
7.43527 -0.699694
7.48276 -0.607518
6.3882 3.03468
6.41776 3.0188
5.90197 3.21324
5.93576 3.20709
6.59677 2.90267
6.78668 2.74967
6.74135 2.7896
6.60794 -1.66313
6.66995 -1.61337
6.52167 -1.72663
6.53601 -1.71636
7.25547 -0.986583
7.2982 -0.925445
7.76402 0.487171
7.76398 0.485553
5.30494 -1.75412
5.27311 -1.70702
6.97679 -1.32858
6.9374 -1.3691
4.7954 2.13918
4.81579 2.21909
7.7598 0.747996
7.76342 0.668689
4.72305 -0.00835275
4.71965 0.0140958
5.41176 -1.87294
5.44321 -1.90258
7.67237 -0.116424
7.61094 -0.309814
7.53945 -0.487345
7.59994 -0.340886
5.9658 -2.00247
6.11061 -1.95726
5.71267 -2.02349
5.68711 -2.01816
7.06807 2.46242
7.05301 2.48007
7.1169 -1.16939
7.1544 -1.12272
7.01962 -1.28265
7.03805 -1.2623
6.24994 3.10579
6.28053 3.09044
7.34262 2.07445
7.37621 2.01697
7.25951 2.2065
7.27645 2.18083
7.15536 2.35281
7.16801 2.33644
7.6081 1.49985
7.62789 1.43997
7.65979 1.33271
7.63629 1.41409
7.7003 1.16661
7.6874 1.22474
7.75175 0.846055
7.75875 0.765446
7.60096 -0.338185
6.5467 2.93689
6.50673 2.96359
4.68219 1.42905
4.68174 1.42366
5.90751 -2.01675
5.72872 -2.0238
5.52849 -1.96208
5.52669 -1.96093
4.9056 2.50549
6.16749 3.14019
6.19801 3.12786
6.32667 3.0679
6.82358 2.71747
6.35986 -1.83165
6.31091 -1.86124
6.913 -1.39422
4.6587 0.938388
4.65837 0.913282
4.66599 1.18814
4.66513 1.16727
4.96922 -1.03866
4.9937 -1.10921
5.23577 -1.65065
5.25664 -1.68195
5.32361 -1.77713
4.67811 0.379071
4.67607 0.407045
4.66121 0.677205
4.66218 0.653274
6.87192 2.67236
6.92579 2.61893
7.73237 0.995082
7.7289 1.01923
6.15477 -1.93699
4.66036 1.04028
4.68792 1.48782
4.66838 0.522871
4.98592 2.68937
5.02959 2.77022
7.00999 -1.29336
7.46343 1.85045
7.50332 1.76543
5.77136 3.22444
5.79446 3.22322
6.85223 -1.45295
7.57095 1.6032
7.5452 1.66805
6.57232 2.91999
4.67311 1.30917
4.67679 1.35951
6.2987 -1.86739
6.2115 -1.9128
4.93204 -0.922759
4.92105 -0.886352
4.95058 -0.98359
4.66906 0.503915
4.68795 0.26923
4.69572 0.194149
4.69513 0.199565
4.65924 1.01549
4.65816 0.887862
4.65795 0.80972
6.08575 3.16862
6.06866 3.17368
6.85868 2.68499
4.77638 -0.314247
4.79009 -0.379697
4.72497 1.77336
4.72042 1.74449
4.76167 -0.236384
4.77144 -0.289018
4.76429 2.00116
4.77599 2.05788
5.66793 3.22062
5.64242 3.2173
4.96175 -1.01753
5.41564 3.15184
5.22698 3.0226
7.75778 0.376558
7.72762 0.127488
5.07087 -1.31275
5.1372 -1.46569
4.7442 1.89363
4.73032 1.80867
4.87342 -0.72306
4.87524 -0.729472
4.8348 2.28862
4.83942 2.30564
6.7632 -1.53444
6.80796 -1.49536
7.30666 -0.912615
7.36893 -0.814074
7.38239 2.00602
7.42131 1.93481
7.21628 2.27027
7.22169 2.26253
7.57839 1.58379
7.68132 1.24954
7.66317 1.32073
7.76468 0.578289
7.76416 0.496237
7.72654 0.121466
7.6755 -0.10483
5.2193 3.01553
5.42903 3.15789
5.6165 3.21415
5.08182 2.85162
7.7591 0.394454
5.21515 -1.61337
5.06099 -1.28974
5.2267 -1.63481
4.70872 1.66394
4.69497 1.55198
4.714 1.70079
4.763 1.99424
4.87014 -0.711239
4.90953 -0.847646
4.82237 -0.520055
4.70261 0.133097
4.70308 0.129426
4.94322 2.59776
5.03076 2.77221
4.98364 2.68488
4.79053 2.12062
4.77753 2.06484
7.43019 -0.708919
7.49512 -0.582778
6.13315 3.15294
6.03296 3.18446
5.94968 3.20381
5.86639 3.21778
6.70864 -1.58214
6.57208 -1.68947
6.50806 -1.73682
7.21949 -1.03799
7.2037 -1.05986
7.40236 -0.756816
7.76473 0.593896
7.50902 1.75259
7.5405 1.67921
4.80219 -0.433349
6.97265 2.57029
6.98965 2.55195
7.76449 0.617652
7.75931 0.75802
4.73804 -0.104105
4.74553 -0.147656
7.01192 2.52681
7.1153 2.40407
7.17629 -1.09519
7.70905 1.12621
7.72237 1.05578
7.45737 1.86304
7.328 2.09898
7.30168 2.14131
7.19848 2.29525
7.63566 1.41612
7.60651 1.50459
7.74173 0.933169
7.74092 0.938934
7.74233 0.928189
6.47317 2.98563
6.42038 3.01723
4.85689 2.36446
5.3839 -1.84675
4.69984 0.156791
5.82335 3.22187
5.72053 3.22456
6.20181 -1.91695
4.68924 0.25544
4.6885 1.49358
5.71732 3.22449
5.71952 3.22458
5.00626 -1.1455
4.68123 1.41741
6.81023 -1.49335
7.60464 1.51003
4.68867 0.261938
6.36206 3.04971
5.44674 -1.90596
7.51334 -0.544774
6.48441 2.97831
4.85703 2.3649
