6.24849 -2.40365
6.21035 -2.43038
4.74247 -1.58402
4.76663 -1.67141
8.04143 0.181424
8.04971 0.245421
4.56817 -0.908152
4.57051 -0.917708
4.35007 1.35814
4.34894 1.34361
4.33817 0.934446
4.33834 0.977157
4.33887 0.850156
4.3385 0.829558
4.35381 1.43243
4.35712 1.4863
5.73985 3.74678
5.75657 3.74283
4.35494 0.40851
4.3514 0.462879
5.57762 3.76422
5.51598 3.76482
4.41596 2.06114
4.41959 2.09291
5.34328 3.74631
5.41564 3.75883
6.8817 -1.8934
6.84725 -1.92625
5.25394 -2.72817
5.2567 -2.72943
5.04367 -2.46127
5.04988 -2.47526
6.40828 -2.28885
6.45026 -2.25651
5.7575 -2.69207
5.75003 -2.69568
4.79378 -1.76364
4.76992 -1.68349
7.968 -0.189464
7.97743 -0.155082
7.90628 -0.390258
7.8886 -0.440265
5.90663 -2.61738
5.86172 -2.64251
8.05529 0.314199
8.05029 0.251501
8.02091 0.0461483
8.01218 -0.00377409
7.99276 -0.0919901
8.00255 -0.048765
6.63726 3.3262
6.6461 3.31972
6.84852 3.15689
6.86272 3.14476
4.40381 1.97328
4.3989 1.93388
4.4305 2.16215
4.43788 2.21097
7.70033 -0.856762
7.67512 -0.903133
7.81348 -0.624238
7.78657 -0.684316
5.98813 3.68021
5.96549 3.68822
6.41541 3.47545
6.403 3.48244
6.19217 3.59557
6.11927 3.62758
7.1097 2.909
7.1017 2.91767
7.45007 -1.25653
7.46609 -1.23475
7.56712 -1.08524
7.56527 -1.08813
6.70799 -2.04823
6.65224 -2.09631
7.06529 -1.7138
7.0386 -1.74123
8.05635 0.778576
8.05994 0.734784
6.03815 -2.54172
6.07844 -2.51666
4.69358 -1.40269
4.70188 -1.43295
5.41592 3.75887
5.41624 3.7589
4.90727 3.49969
4.89668 3.48731
8.06265 0.426895
8.06073 0.380028
4.609 -1.0738
4.60022 -1.03835
4.34303 0.640139
4.34478 0.593288
4.61074 2.96029
4.61467 2.97291
7.27112 -1.48582
7.26301 -1.49558
5.98954 -2.57155
5.98822 -2.57236
4.74632 3.274
4.75909 3.29497
4.56099 -0.877837
4.5426 -0.796555
4.3415 1.1488
4.34028 1.10415
4.64596 -1.22046
4.63965 -1.19553
5.48161 -2.77551
5.48147 -2.77553
5.15907 -2.64459
5.17076 -2.65663
5.11108 -2.58023
5.13395 -2.6135
5.81909 3.72881
4.47593 -0.487964
4.50519 -0.62746
4.45598 -0.379709
4.44894 -0.342016
4.45511 2.31571
4.45679 2.32865
4.40389 -0.0633539
4.41783 -0.156771
4.37643 0.160641
4.38502 0.0818757
6.30424 3.53909
6.26802 3.5572
7.71969 2.01349
7.70712 2.03966
7.80676 1.81815
7.79701 1.84174
4.54176 2.73089
4.51826 2.63297
4.47789 2.4413
4.47575 2.43105
4.5554 2.78114
4.54283 2.7352
7.98598 1.25364
7.98598 1.25362
8.03122 1.00548
8.03474 0.98062
7.44881 2.48603
7.41613 2.53294
7.32152 2.66085
7.28137 2.71127
7.36526 -1.36997
7.35942 -1.37763
6.7964 -1.97112
6.94341 -1.83571
7.12002 -1.65673
7.54163 2.34224
7.52967 2.36167
7.6213 2.20555
7.62567 2.19762
4.84977 -1.94943
4.82938 -1.88351
4.87586 -2.03051
4.87308 -2.02261
4.93797 -2.20879
4.92118 -2.16209
4.98576 -2.33248
4.97403 -2.30198
7.87613 1.63691
7.87241 1.64762
7.93037 1.46953
7.93139 1.46606
5.35411 -2.76856
5.32894 -2.76323
6.49193 -2.22383
6.53526 -2.1912
6.38585 -2.30471
5.63636 -2.73851
5.65961 -2.73176
5.5967 -2.75076
5.53757 -2.76707
7.94394 -0.272255
7.95487 -0.236587
7.92037 -0.348592
4.83194 3.40811
4.82302 3.39593
6.62942 3.33215
6.52743 3.40426
6.68096 3.29327
6.70242 3.27659
6.7574 3.23309
6.79686 3.20057
6.88548 3.12467
6.91289 3.09989
5.8531 3.72112
5.95193 3.69205
4.40696 1.9975
4.45231 2.30049
6.07929 3.64552
6.51019 3.41548
6.46844 3.44207
6.22558 3.57878
7.09672 2.92274
7.0728 2.9469
6.61649 -2.12472
6.75015 -2.01292
6.96388 -1.81505
7.13294 -1.64325
8.06205 0.689844
8.05082 0.849332
6.29588 -2.37067
6.34483 -2.33564
6.5768 -2.15733
4.67623 3.1316
4.69918 3.18077
5.12326 3.66644
5.14778 3.67985
5.01861 3.59887
5.04388 3.61832
8.06581 0.505304
8.06596 0.509566
8.06059 0.377408
4.3725 1.68599
4.37781 1.74292
4.36626 1.6146
4.36438 1.59109
4.56305 2.8066
4.57563 2.85012
4.53703 -0.772463
4.54022 -0.786095
6.1354 -2.47993
6.09698 -2.50531
5.24656 -2.72204
5.25207 -2.72687
5.42474 -2.7782
4.8166 -1.8389
4.80264 -1.79215
4.34092 0.723154
4.33992 0.74293
5.68246 3.75501
5.66753 3.7564
4.51901 -0.691795
5.01291 -2.39669
5.00783 -2.3835
4.37153 0.20755
4.3611 0.325555
4.63874 3.03927
4.63695 3.03501
4.66193 3.09692
5.28672 3.73224
5.2733 3.7289
7.17943 2.83188
7.2164 2.79012
8.04931 0.86234
7.17159 -1.60025
4.72954 3.24287
4.70967 3.20412
8.06452 0.623094
5.70398 -2.71483
5.74521 -2.69808
7.86186 -0.510426
7.86148 -0.511397
4.84882 3.42846
4.78628 3.34118
4.9742 3.56278
4.92292 3.51544
6.96176 3.05465
7.02198 2.9974
5.08933 -2.54778
4.34454 1.23115
4.34463 1.24819
4.41048 2.02493
4.66918 -1.31199
4.66764 -1.30628
4.76739 -1.67435
4.73378 -1.55198
8.05 0.248424
8.03332 0.118603
4.34812 1.29465
4.35045 1.3718
4.33851 0.997748
4.33824 0.913657
4.34035 0.786655
4.33835 0.870844
4.35752 1.49285
4.35329 1.42215
4.47528 -0.484707
4.47504 -0.483498
4.35064 0.476407
4.35564 0.397659
5.49233 3.76454
5.62472 3.76119
4.38605 0.0731143
4.40031 -0.0380813
7.76017 -0.739848
7.73249 -0.795662
7.76505 1.91565
7.75319 1.9422
4.50796 2.58494
4.49625 2.53247
8.01052 1.13146
8.01348 1.11516
7.38589 2.57566
7.35117 2.62222
7.51693 -1.16037
7.48992 -1.20018
7.40869 -1.3131
7.3898 -1.338
7.58216 2.27483
7.5793 2.27972
7.21779 -1.54824
7.19498 -1.57408
5.48089 -2.77555
5.43383 -2.77827
5.82102 -2.66168
5.61506 -2.7466
4.71762 -1.49364
8.00826 -0.0223878
8.03177 0.109094
7.98607 -0.121493
7.63396 -0.974978
7.83734 -0.569061
7.61487 -1.00722
7.57123 -1.07873
7.41342 -1.30697
8.06598 0.519014
6.08676 -2.51164
5.99061 -2.57088
4.66967 -1.31379
5.06776 3.63358
5.09441 3.65102
5.41583 3.75886
4.59532 -1.01863
4.61591 -1.10139
4.36642 1.61646
4.37178 1.67876
4.34552 0.576537
4.34246 0.658477
4.63173 3.0213
4.59416 2.91067
7.2208 -1.54475
7.30731 -1.4423
4.33989 1.08436
4.3421 1.16765
4.62281 -1.12888
5.52528 -2.76905
5.18555 -2.67383
5.13853 -2.61865
4.33899 1.04066
4.3614 1.55045
4.43701 -0.274528
4.35993 0.340184
4.34772 0.52809
4.42471 -0.201651
4.37196 0.20309
7.6711 2.11163
7.83873 1.73844
7.84538 1.72095
7.65925 2.13467
4.54209 2.73233
4.47072 2.40583
4.5583 2.79094
5.1868 3.69697
5.20648 3.70571
5.2511 3.72125
7.25603 2.74269
7.21893 2.78721
7.98596 1.25372
8.048 0.875624
7.95716 1.37159
7.47719 2.44348
7.31943 -1.42719
7.50005 2.40822
7.59681 2.24923
4.82903 -1.88248
4.851 -1.95304
4.91479 -2.1458
4.94728 -2.232
4.96131 -2.27153
5.00333 -2.37217
7.903 1.55792
7.90458 1.5531
7.9201 1.50313
7.95327 1.38624
5.67513 -2.72523
6.73241 3.25369
6.93618 3.07906
4.39331 1.88947
4.38905 1.85302
6.52578 3.40543
6.28141 -2.38127
6.36298 -2.32207
4.99593 3.58208
4.58475 -0.975303
4.37913 1.75586
4.34108 0.704057
4.58609 2.8834
4.3436 1.21351
6.16419 -2.46074
5.08584 -2.54115
5.08175 -2.53336
5.72128 3.74994
7.86223 -0.509537
4.87074 -2.01604
5.0641 -2.50145
6.83464 3.16909
4.39611 1.91335
8.06523 0.600164
6.18405 -2.44791
4.89792 -2.09242
4.38436 1.80664
4.38591 1.82248
6.94931 3.06653
6.74464 3.24361
7.88233 -0.45729
6.52655 3.40489
