8.02454 -0.31738
8.04448 -0.252195
4.67009 -1.76824
4.68728 -1.83296
4.25358 1.35826
4.24933 1.30365
4.24314 0.850269
4.24223 0.799789
6.84979 3.29004
6.8112 3.32195
4.36573 -0.430804
4.37435 -0.47728
4.31036 2.06006
4.31375 2.08965
4.87693 -2.56357
4.87483 -2.55393
4.29677 0.00244145
4.29335 0.0299745
7.81494 -0.833896
7.85118 -0.760448
7.82263 2.0038
7.85827 1.92417
5.03401 3.82882
5.05368 3.83957
4.85106 -2.46879
4.85628 -2.48516
7.13545 3.01992
7.2001 2.95207
8.10841 1.08182
8.08919 1.18875
5.24145 -3.11449
5.23134 -3.1159
7.44163 2.65583
7.46266 2.62759
4.64044 3.40278
4.66128 3.4435
8.15467 0.601629
8.15251 0.676601
4.93502 -2.75593
4.91791 -2.6976
5.16423 -3.10329
5.18627 -3.10748
5.07762 -3.04166
5.08777 -3.05228
4.99901 -2.91765
5.02208 -2.95816
4.96755 -2.84251
4.97145 -2.8513
4.71108 -1.92411
4.72243 -1.97315
5.67368 -2.9471
5.66555 -2.95141
4.65683 -1.71196
4.63381 -1.61642
6.64465 3.45369
6.59704 3.48785
5.99076 3.82073
5.99556 3.81882
5.69025 3.90807
5.76406 3.89227
6.24449 3.70547
6.26428 3.69561
6.48457 3.56554
6.48615 3.56456
7.07171 3.08585
7.26013 2.884
7.21409 2.93692
7.62846 -1.1575
7.6629 -1.10405
7.5275 -1.30711
7.53655 -1.2943
6.99931 -1.91674
7.06546 -1.85108
6.8337 -2.07318
6.87431 -2.03692
4.74596 3.57396
4.74124 3.5675
6.65935 -2.22663
6.64406 -2.23913
7.95151 -0.528523
7.93417 -0.572831
8.15341 0.432669
8.15267 0.414517
4.26734 1.62069
4.26682 1.61415
5.575 3.92444
5.62773 3.91795
7.684 -1.06997
7.73814 -0.977391
4.53913 3.16958
4.55189 3.20507
6.95136 3.20019
6.97613 3.17694
4.33294 2.22637
4.33964 2.27221
7.15927 -1.75094
7.20243 -1.70412
5.94578 -2.77422
5.98018 -2.75062
6.03444 -2.71281
6.06277 -2.69215
4.6201 -1.56247
4.57777 -1.38644
4.24188 0.990489
4.2418 0.97727
4.25871 1.48778
4.25861 1.48585
5.87634 3.86077
5.82049 3.87605
4.40733 -0.639098
4.39002 -0.556778
4.25405 0.470476
4.25441 0.464457
5.48881 3.93003
5.48676 3.93015
4.34744 2.31461
4.35389 2.36417
4.33779 -0.273778
4.32705 -0.208167
7.90624 1.80879
7.94142 1.71718
7.72616 2.20002
7.76702 2.12025
4.37014 2.47225
4.37378 2.4946
4.40102 2.64332
4.41161 2.69945
5.18385 3.89093
5.18447 3.89115
5.32691 3.92143
5.34373 3.9231
8.06275 1.31204
8.05958 1.32644
7.35685 2.76794
7.39646 2.71681
7.48507 2.59592
7.52481 2.53817
6.91797 -1.99525
6.97037 -1.94598
7.60024 2.42109
7.63342 2.36666
4.58682 3.2905
4.59101 3.30125
5.39456 -3.08326
5.4352 -3.06863
4.73666 -2.03258
4.75045 -2.07964
4.79291 -2.24317
4.805 -2.28733
4.76213 -2.12593
4.76808 -2.14882
7.9728 1.62782
7.96933 1.63781
8.02442 1.46068
8.00258 1.53647
5.86321 -2.82835
5.89726 -2.80639
5.66152 -2.95339
5.74615 -2.90238
6.52081 -2.34232
6.53217 -2.33344
8.06125 -0.191874
7.99283 -0.416429
7.96651 -0.488731
6.65999 3.44187
6.70577 3.40683
6.87626 3.26682
6.91386 3.23379
5.96953 3.82881
5.98743 3.82214
6.04244 3.79962
6.07233 3.78679
5.78523 3.88616
5.65033 3.91504
4.29269 1.91308
4.29495 1.93281
4.32222 2.1536
6.20828 3.72411
6.14539 3.75357
6.43097 3.59963
6.42058 3.60571
7.29106 2.84886
6.74677 -2.15058
6.77741 -2.12442
7.07811 -1.83772
4.75122 3.58045
8.14975 0.722742
8.14487 0.790218
6.32184 -2.49965
6.3416 -2.48477
6.44793 -2.40085
6.46863 -2.38454
6.57011 -2.30126
6.59576 -2.28018
6.70504 -2.18675
4.66215 -1.73398
4.93192 3.76513
4.93485 3.76739
8.15174 0.397838
8.1558 0.543268
4.51879 -1.13747
4.52606 -1.16794
4.49259 -1.02632
4.4962 -1.04181
4.24853 0.585358
4.24812 0.594862
4.44704 2.85843
4.44682 2.85766
4.48731 3.0066
4.48001 2.9827
7.40786 -1.46572
7.428 -1.44044
7.31104 -1.58301
7.34086 -1.54799
4.44225 -0.802553
4.43942 -0.789443
4.46542 -0.90835
4.46711 -0.915648
4.24328 1.09186
4.24351 1.10427
6.18516 -2.60322
6.17344 -2.61216
4.57569 -1.37798
4.57303 -1.36712
4.57646 -1.38102
8.00846 -0.369873
4.88788 3.72982
4.85213 3.69636
8.12905 0.150502
8.12615 0.129514
4.47974 -0.970565
4.48166 -0.978727
4.24524 0.723266
4.24265 0.773996
7.05226 3.10508
7.01344 3.142
6.74752 3.37423
6.7707 3.35507
4.30642 2.03399
4.30232 1.99643
4.28424 1.82174
4.28262 1.8056
4.26849 0.270835
4.2683 0.273016
5.33613 -3.1015
5.34529 -3.09954
4.83627 -2.40948
4.83043 -2.38874
8.13626 0.871371
8.14197 0.82211
8.12707 0.953827
8.1315 0.919799
4.52312 3.12481
4.51768 3.10742
5.49052 -3.04331
5.51634 -3.03156
5.65048 -2.95938
5.60139 -2.98605
5.81192 -2.86174
8.07888 -0.123469
7.92786 -0.588191
7.92215 -0.602558
6.54109 3.52765
6.5424 3.52671
8.15568 0.565794
4.28115 1.79082
4.27704 1.742
7.25945 -1.64212
7.24232 -1.66133
5.93736 -2.77995
5.92643 -2.78727
8.13161 0.168754
8.13699 0.217268
4.69981 -1.88368
4.24834 1.23126
4.24864 1.28547
6.32005 3.66525
6.35614 3.64406
7.30761 2.82826
7.32644 2.80584
4.79381 3.63468
4.83318 3.67765
6.20662 -2.58715
6.26554 -2.54294
8.14353 0.283512
8.14209 0.268217
4.24912 1.29476
4.25522 1.41628
4.24259 0.786769
4.24187 0.900543
4.26226 1.5483
4.26057 1.52061
4.38576 -0.535387
4.3627 -0.414554
4.90469 -2.66112
4.8945 -2.62195
4.86979 -2.53445
4.85981 -2.49672
4.28149 0.137334
4.30909 -0.0897207
4.25914 0.390511
4.26591 0.302886
7.87106 -0.717725
7.79607 -0.870575
5.29974 -3.11013
7.86599 1.90615
7.81359 2.02349
4.37522 2.50234
4.39192 2.59751
4.5101 3.08234
4.49804 3.04512
5.25431 3.90882
5.18552 3.89142
8.11317 1.0525
8.08579 1.2059
5.22623 -3.11585
7.29588 -1.60082
4.67173 3.46029
4.62461 3.37363
4.56386 3.23552
4.57396 3.26012
5.58383 -2.99632
5.5238 -3.02815
4.946 -2.78261
5.11588 -3.0774
5.16181 -3.10233
5.0721 -3.03279
5.03579 -2.98622
4.99297 -2.90101
4.9663 -2.8401
8.14494 0.298437
8.10828 0.0151358
8.11348 0.0435633
8.10097 -0.0225014
7.75258 -0.951312
7.90298 -0.646408
7.6774 -1.08089
7.61259 -1.18215
7.57843 -1.23284
7.51073 -1.3307
6.38554 -2.45038
6.4051 -2.43535
4.50559 -1.08196
4.511 -1.10488
4.26251 1.55194
4.27169 1.6783
4.46632 2.93199
4.46289 2.92022
7.36043 -1.52422
7.38489 -1.49453
5.93824 -2.77934
5.98574 -2.74704
6.02153 -2.72143
6.08315 -2.67818
4.53216 -1.19286
4.54916 -1.2639
4.24196 0.926944
4.24229 1.04077
4.2558 1.42689
4.26237 1.55
4.34706 -0.32545
4.4197 -0.700455
4.25823 0.402647
4.25088 0.529666
5.43403 3.92937
5.4921 3.92984
5.40245 3.9287
4.31557 -0.134619
4.28005 0.151058
7.77608 2.10175
7.90093 1.82213
7.94343 1.71172
7.71861 2.21455
4.35772 2.3904
4.43022 2.78641
4.93789 3.76944
4.99266 3.80579
5.08736 3.85466
5.11768 3.86791
5.31005 3.91855
8.05899 1.32891
8.02938 1.44302
7.54737 2.50441
7.58315 2.44857
7.42162 2.68392
7.45349 -1.40749
7.47503 -1.37956
7.68055 2.28459
7.64094 2.35392
4.61244 3.34628
4.70153 3.51044
4.56004 3.22671
4.81135 -2.31388
4.78684 -2.2181
4.8232 -2.35656
7.97302 1.62717
8.00021 1.5441
5.90084 -2.80413
5.83418 -2.84676
6.09734 3.77642
6.28966 3.68176
4.44568 2.85308
4.43345 2.80187
6.2781 -2.53378
6.50997 -2.35124
6.63003 -2.25124
4.27268 1.68976
4.24648 0.649216
4.42985 -0.746487
4.45306 -0.852552
4.45441 -0.858797
4.24509 1.15641
6.10368 -2.6626
4.24556 1.17885
4.24567 0.670783
5.37662 -3.09016
5.44788 -3.06327
4.42563 -0.726338
6.36659 3.6379
7.67913 2.28713
4.77408 -2.1731
5.82555 -2.85242
8.08995 -0.0765734
6.11819 3.76652
4.29761 1.95484
4.432 2.79501
6.52447 3.53887
