6.41114 2.21973
6.36879 2.24184
5.80563 2.29418
5.78135 2.28484
6.61251 -0.82181
6.64359 -0.796952
7.14756 1.24064
7.14653 1.24381
5.20468 0.986437
5.21074 1.07524
5.45577 -0.517522
5.43947 -0.480504
5.5507 -0.692315
5.56185 -0.710297
5.48749 2.02031
5.47935 2.00664
5.92662 -1.01922
5.84685 -0.985359
6.11649 -1.04327
6.20235 -1.03215
7.10439 -0.139954
7.14041 -0.0437053
5.20566 0.551507
5.21165 0.468695
7.24259 0.443066
7.23154 0.341561
5.98524 2.33421
6.02055 2.33301
6.19497 2.31085
6.1957 2.3107
6.77767 -0.664454
6.80463 -0.63347
6.53511 -0.881623
6.45345 -0.93225
6.9682 -0.407144
6.94293 -0.44798
7.21672 0.963368
7.21482 0.97454
7.24245 0.752283
7.24625 0.703215
5.38806 -0.357822
5.37531 -0.320944
5.31936 1.65612
5.32169 1.6627
5.26435 1.442
5.24759 1.35791
5.22487 1.21785
5.22745 1.23612
5.39352 1.84903
5.4048 1.87362
5.61429 2.17038
5.58685 2.14444
6.80496 1.8753
6.82219 1.8541
7.03572 1.5151
7.02349 1.53918
6.89314 1.75901
6.92877 1.70504
5.74215 -0.916694
5.67154 -0.849129
6.3109 -1.0013
6.21706 -1.02934
7.07924 -0.197806
7.05463 -0.251175
7.18356 0.0986811
7.20446 0.184795
5.24718 0.179117
5.26716 0.0786273
5.19884 0.802897
5.19917 0.837928
5.22906 0.304621
5.24594 0.186484
7.24922 0.605239
7.24942 0.588139
7.11719 1.32647
7.11794 1.32438
7.18887 1.09076
7.17202 1.15571
7.21032 0.998723
7.19419 1.0707
7.21383 0.980486
7.22902 0.878144
6.73836 1.95494
6.72804 1.96551
5.31282 -0.120206
5.29984 -0.0680003
6.56991 2.11025
6.6073 2.08071
6.74742 1.9449
6.65315 2.03869
6.61015 2.07812
6.83739 1.83446
6.86319 1.80124
5.33039 -0.179319
5.33486 -0.194683
6.35687 2.24797
6.31312 2.26832
7.23573 0.83056
5.28982 -0.0260466
5.2849 -0.0046748
5.19897 0.742846
5.19923 0.707622
6.52071 2.14942
6.48309 2.17442
5.6949 2.2359
5.88244 2.31903
6.83888 -0.591467
6.87652 -0.54338
6.55265 -0.868598
6.65347 -0.788533
5.21287 1.10327
5.2021 0.939924
5.47363 -0.55567
5.41513 -0.42393
5.60742 -0.772175
5.53683 -0.668568
5.28981 1.55038
5.27943 1.50733
5.43807 1.93625
5.49408 2.03033
6.98404 1.61217
6.94775 1.67432
5.83362 -0.979038
5.97835 -1.03171
6.21313 -1.03052
6.06723 -1.04167
7.10032 -0.150148
7.14852 -0.0192969
5.27745 0.0284922
5.20254 0.604831
5.21543 0.426966
7.22709 0.310078
7.24445 0.46645
5.95689 2.33091
6.08988 2.3304
6.19599 2.3106
6.30284 2.27305
6.42118 -0.951211
6.33229 -0.991826
5.68215 2.22765
6.72648 -0.717501
6.91002 -0.497143
7.00354 -0.346963
7.08327 1.41322
7.08462 1.40999
5.19964 0.86766
5.22432 1.21337
5.39775 -0.382153
5.37103 -0.308359
5.50197 -0.608049
5.6524 -0.829307
5.35603 1.75726
5.31565 1.6442
5.24259 1.33123
5.54675 2.09802
5.38457 1.82754
7.07467 1.43226
6.86925 1.79296
5.74942 -0.922094
6.02093 -1.04022
7.04799 -0.264221
7.17532 0.0677547
7.21042 0.214254
5.34563 -0.229436
5.31598 -0.131333
5.24628 0.184314
5.19879 0.772785
5.22596 0.329336
5.19994 0.678351
7.24939 0.584708
6.52978 2.14246
6.53803 2.13613
7.2469 0.684965
7.08594 1.4068
7.12516 1.30421
7.23591 0.828884
6.43339 2.20574
7.14881 1.23704
6.47498 2.17973
