6.16616 -2.58781
6.20306 -2.56157
8.00044 -0.33916
8.02592 -0.255898
4.69235 -1.76506
4.71324 -1.84371
4.27178 1.35824
4.26695 1.29608
4.26121 0.850248
4.2601 0.789386
6.84705 3.26818
6.79917 3.30778
4.27655 1.47739
4.27708 1.48593
4.2727 0.459022
4.27236 0.464165
4.33029 2.06026
4.33517 2.10296
4.90839 -2.54598
4.89739 -2.51357
4.31674 -0.00982759
4.31058 0.0397333
7.7943 -0.838014
7.83942 -0.746585
7.8042 2.00553
7.84725 1.90934
5.03046 3.78729
5.07037 3.80909
5.24694 3.87256
5.2011 3.86077
4.87166 -2.42834
4.88389 -2.46664
7.12912 3.00074
7.18073 2.94658
8.08661 1.11201
8.09451 1.06807
7.42835 2.64537
7.44233 2.62661
7.23553 -1.6433
7.25249 -1.62427
4.6795 3.41468
4.68452 3.42448
4.62206 3.30122
4.61311 3.28316
5.50114 -2.9886
5.50443 -2.98765
5.36243 -3.03228
5.42937 -3.01555
4.7922 -2.14365
4.79697 -2.15913
8.13689 0.639418
8.13551 0.687283
4.95873 -2.69799
4.95469 -2.68419
5.02771 -2.8543
5.01485 -2.82528
5.18252 -3.0199
5.22741 -3.03548
5.11323 -2.9727
5.09591 -2.95047
4.73681 -1.9319
4.74441 -1.96472
5.71419 -2.88402
5.6557 -2.91504
5.76947 -2.84988
5.80383 -2.82909
4.67448 -1.6969
4.65746 -1.62621
5.98329 3.79728
5.95598 3.80624
5.73966 3.87027
5.75968 3.86598
6.22946 3.68801
6.26057 3.67251
6.47056 3.54927
6.48325 3.54142
7.05219 3.08031
7.24135 2.87867
7.20765 2.91741
7.61691 -1.1439
7.662 -1.07392
6.97856 -1.91262
7.04506 -1.84661
6.81103 -2.06868
6.86934 -2.01661
7.06469 -1.82678
7.06056 -1.83103
4.77059 3.5538
4.7392 3.51077
6.65991 -2.20092
6.63165 -2.22404
7.93932 -0.514154
7.92989 -0.538233
8.13697 0.448068
8.13532 0.40801
4.28704 1.63292
4.28556 1.61423
5.59188 3.89361
5.59238 3.89355
4.26582 0.595383
4.26585 0.594573
7.72677 -0.963998
7.69273 -1.02221
4.47066 -0.847331
4.47305 -0.857895
6.9486 3.17817
6.95599 3.17123
4.35477 2.23992
4.35783 2.26087
7.15437 -1.7309
7.18801 -1.69441
5.9378 -2.74651
5.95801 -2.73264
6.03512 -2.68119
6.04257 -2.67576
4.63804 -1.54981
4.61049 -1.43523
4.25951 0.980229
4.25949 0.97725
5.87205 3.83503
5.77499 3.86159
4.38222 -0.421464
4.37918 -0.405181
4.42399 -0.629666
4.41142 -0.569916
4.36775 2.31482
4.37596 2.37788
4.3582 -0.286315
4.34385 -0.198654
7.88822 1.81049
7.86045 1.87765
7.72897 2.15894
7.75622 2.10572
4.37662 2.38221
4.39296 2.48264
4.42594 2.65883
4.43129 2.68718
5.34356 3.89102
5.30174 3.884
8.0457 1.3127
8.07037 1.20058
7.35035 2.74822
7.37546 2.7158
7.47839 2.57567
7.50485 2.53721
6.89625 -1.99094
6.96545 -1.92587
7.66921 2.27001
7.70703 2.20154
7.58934 2.40642
7.61415 2.36573
5.30101 -3.04131
4.75393 -2.0045
4.77663 -2.0819
4.85067 -2.35066
4.83377 -2.28982
7.95456 1.62954
7.92888 1.70347
8.00672 1.46235
7.98918 1.52322
5.85792 -2.7972
5.86311 -2.79385
5.28654 -3.04065
5.62671 -2.92932
5.73731 -2.86975
6.50777 -2.32646
6.53275 -2.30693
8.04734 -0.17885
7.97965 -0.404097
7.94747 -0.49253
6.64187 3.43152
6.63662 3.43524
6.69146 3.3939
6.69347 3.39236
6.85537 3.26089
6.90205 3.21988
6.03936 3.77539
6.03831 3.7758
5.76543 3.86433
5.64561 3.88669
4.31073 1.90184
4.3143 1.93301
4.34038 2.14228
6.20531 3.70044
6.11353 3.74344
6.26456 3.67038
6.26134 3.67212
6.42805 3.57631
6.39287 3.5969
7.28466 2.82947
6.72316 -2.14589
6.77238 -2.10386
7.05785 -1.8337
4.80566 3.59703
8.13375 0.716741
8.12766 0.801037
6.29338 -2.494
6.34219 -2.45725
6.4214 -2.39558
6.46921 -2.35794
6.54524 -2.29633
6.59632 -2.25435
6.69297 -2.17207
4.93029 3.72011
4.95532 3.73941
8.13328 0.371204
8.13888 0.536921
4.53543 -1.12573
4.54535 -1.1673
4.50928 -1.01454
4.51547 -1.04117
4.47631 2.87664
4.47056 2.85594
4.51833 3.02591
4.50458 2.98092
7.38306 -1.46937
7.41375 -1.43085
7.28542 -1.58678
7.32661 -1.5384
4.45816 -0.791324
4.45763 -0.788838
4.48629 -0.915011
4.26119 1.10224
4.26123 1.10425
4.59331 -1.36554
4.57144 -1.27605
4.59966 -1.39063
7.9899 -0.373575
4.90803 3.70226
4.88996 3.68535
8.11089 0.143692
8.10465 0.0985057
4.49637 -0.95883
4.5009 -0.978088
4.26329 0.723245
4.26019 0.784162
7.04949 3.08298
7.00181 3.12831
6.74477 3.35231
6.74891 3.34889
5.59094 3.89368
5.50364 3.89933
4.3246 2.02266
4.32176 1.99663
4.30448 1.8343
4.30163 1.80579
4.28793 0.258895
4.28581 0.282929
4.86256 -2.39184
4.85337 -2.35918
8.11985 0.869667
8.12708 0.807379
8.1127 0.939615
8.11384 0.930901
7.50412 -1.31083
7.51635 -1.29397
4.54397 3.10775
4.54328 3.10555
8.05977 -0.130641
7.91541 -0.573519
7.90228 -0.606522
6.53822 3.50471
6.57705 3.47744
8.13867 0.576484
4.29901 1.77968
4.29586 1.74219
8.11641 0.182986
8.11948 0.2107
4.7211 -1.87551
4.26649 1.23124
4.26683 1.29347
6.31711 3.64182
6.32835 3.63522
7.29415 2.81766
7.30494 2.80481
4.81902 3.61404
4.83137 3.62752
6.08777 -2.6446
6.24744 -2.52826
4.68389 -1.73329
8.12588 0.276892
8.1224 0.239805
4.26693 1.29474
4.27343 1.41663
4.26018 0.786749
4.25967 0.910861
4.28023 1.53784
4.27372 1.42179
4.40265 -0.525825
4.38327 -0.427179
4.26888 0.526625
4.27659 0.398946
4.92677 -2.60717
4.92525 -2.60132
4.92121 -2.5879
4.89213 -2.49368
4.30114 0.125267
4.32614 -0.0800714
7.85098 -0.72173
7.78454 -0.856989
7.84789 1.90785
7.80269 2.00882
4.39943 2.5174
4.41136 2.58539
4.54232 3.10239
4.52317 3.04329
5.1394 3.8395
5.27085 3.87861
8.0952 1.06379
8.07203 1.1923
7.23315 -1.64599
7.28163 -1.59122
4.71502 3.47347
4.65373 3.36721
4.59779 3.24585
4.6472 3.35514
5.55724 -2.9631
5.47423 -2.99878
5.57319 -2.95706
4.98736 -2.76754
5.06677 -2.91783
5.04587 -2.88173
4.99253 -2.78219
5.13561 -2.98975
5.16622 -3.01315
4.68692 -1.74424
8.1293 0.31308
8.08958 0.00812077
8.0986 0.0574879
8.07689 -0.0572399
7.73147 -0.955525
7.89101 -0.632302
7.66597 -1.06742
7.59016 -1.18545
7.56717 -1.21957
7.52122 -1.287
6.35797 -2.44491
6.40569 -2.40824
4.52227 -1.0702
4.5303 -1.10424
4.28208 1.56409
4.29047 1.67839
4.26861 0.531953
4.26457 0.63532
4.49643 2.95072
4.48704 2.91846
7.33524 -1.52793
7.37065 -1.48494
5.91508 -2.76056
5.98645 -2.71435
6.00044 -2.70433
6.08381 -2.64748
4.54874 -1.18116
4.57068 -1.27281
4.25969 0.916626
4.26 1.04075
4.28105 1.55008
4.36355 -0.316116
4.44088 -0.713455
4.27718 0.391011
4.26872 0.529375
5.42893 3.89871
5.44738 3.89898
5.41899 3.8985
4.3358 -0.147043
4.29739 0.160876
7.7573 2.10352
7.88964 1.80694
7.9252 1.71344
7.70783 2.20004
4.44566 2.75428
4.45335 2.78764
4.45495 2.79388
4.37612 2.37893
4.98117 3.75684
5.00925 3.77548
5.13422 3.8377
5.1219 3.83218
5.38883 3.89562
8.03874 1.34164
8.01589 1.42968
7.54056 2.48377
7.56371 2.44764
7.41506 2.66404
7.42904 -1.41108
7.46367 -1.36618
7.66155 2.28368
7.62989 2.33905
4.64837 3.35722
4.72538 3.49092
4.58178 3.20891
4.83115 -2.28171
4.8144 -2.22049
7.9598 1.61411
7.98217 1.5458
5.89562 -2.77339
5.85023 -2.80208
6.09344 3.75299
6.51711 3.51872
6.27872 -2.50545
6.48393 -2.34608
6.60571 -2.24642
4.29251 1.70208
4.26385 0.659286
4.45743 2.80334
4.4457 -0.7353
4.46257 -0.811691
4.26313 1.16687
6.08445 -2.647
4.26317 1.1686
4.26382 0.660223
5.43445 -3.01373
4.4437 -0.725738
6.35218 3.62115
4.56623 3.16761
4.5476 3.11791
8.07567 -0.0632092
6.10216 3.74885
4.31849 1.9678
4.57174 3.18225
5.5883 -2.95015
6.58401 3.47251
