6.16423 -2.58624
6.20601 -2.55653
7.99803 -0.341338
8.02407 -0.256269
4.69619 -1.77081
4.71584 -1.84479
4.2736 1.35823
4.26886 1.29719
4.26301 0.850245
4.26189 0.788346
6.84678 3.266
6.79796 3.30636
4.27835 1.47635
4.27894 1.48594
4.27461 0.457847
4.2742 0.464135
4.33228 2.06028
4.33731 2.10429
4.91195 -2.54564
4.8994 -2.50865
4.31874 -0.0110545
4.31231 0.0407092
7.79224 -0.838426
7.83824 -0.745199
7.80236 2.00571
7.84212 1.91686
5.03011 3.78314
5.07204 3.80604
5.25326 3.87072
5.20276 3.85774
4.87373 -2.4243
4.88665 -2.46479
7.12848 2.99882
7.1788 2.94603
8.08984 1.08492
8.09312 1.0667
7.42703 2.64433
7.4403 2.62651
7.23405 -1.6423
7.25982 -1.61339
4.68341 3.41587
4.68684 3.42257
4.62573 3.30234
4.61533 3.28134
5.49268 -2.9861
5.50319 -2.98308
5.36085 -3.02644
5.42909 -3.00939
4.79402 -2.1407
4.80083 -2.16281
8.13511 0.643197
8.13382 0.688351
4.9611 -2.69219
4.95836 -2.68285
5.03048 -2.84817
5.01958 -2.82356
5.19004 -3.01455
5.23053 -3.02861
5.11646 -2.96556
5.10537 -2.95133
4.73938 -1.93268
4.74661 -1.96388
5.71824 -2.87771
5.65471 -2.91141
5.76172 -2.85086
5.80097 -2.82712
4.67432 -1.68737
4.65982 -1.62719
6.69217 3.39083
6.6931 3.39015
5.98287 3.79476
5.95187 3.80493
5.7446 3.86649
5.75925 3.86336
6.22796 3.68626
6.25751 3.67154
6.46916 3.54764
6.48296 3.53911
7.05024 3.07976
7.23947 2.87814
7.20701 2.91545
7.61575 -1.14254
7.65976 -1.07425
6.97649 -1.91221
7.03496 -1.85417
6.80877 -2.06823
6.86885 -2.01458
7.06674 -1.82206
7.06005 -1.82894
4.77305 3.55178
4.73899 3.50509
6.65996 -2.19835
6.63041 -2.22253
7.9381 -0.512717
7.92946 -0.534773
8.13532 0.449608
8.13359 0.407359
4.28901 1.63415
4.28743 1.61424
4.26762 0.596424
4.26769 0.594543
7.72564 -0.962659
7.69867 -1.00878
4.47233 -0.84615
4.4753 -0.859278
6.94832 3.17597
6.95398 3.17066
4.35695 2.24128
4.35965 2.25974
7.15388 -1.72889
7.18657 -1.69344
5.93787 -2.74314
5.95579 -2.73084
6.03519 -2.67803
6.04055 -2.67412
4.57256 -1.27226
4.57128 -1.2672
4.63984 -1.54854
4.61376 -1.44011
4.26127 0.979203
4.26126 0.977247
5.87163 3.83245
5.77044 3.86014
4.38394 -0.420493
4.37968 -0.397711
4.42566 -0.628723
4.41356 -0.57123
4.36978 2.31484
4.37798 2.37777
4.36024 -0.287568
4.34553 -0.197702
7.88632 1.81067
7.84614 1.90785
7.74802 2.11818
7.75514 2.10427
4.37826 2.37931
4.39488 2.48145
4.42844 2.66038
4.43326 2.68595
5.34524 3.88796
5.29736 3.87993
8.04431 1.31133
8.06841 1.20181
7.3497 2.74625
7.37336 2.7157
7.47772 2.57364
7.50286 2.53711
6.89407 -1.99051
6.96496 -1.92385
7.66809 2.26851
7.70514 2.20145
7.58825 2.40496
7.61222 2.36564
5.43308 -3.00867
5.30718 -3.03433
4.75566 -2.0017
4.77924 -2.08213
4.85272 -2.34731
4.83682 -2.29009
7.95273 1.62971
7.92756 1.70217
8.00495 1.46251
7.98784 1.52189
5.85739 -2.79409
5.8597 -2.7926
5.28386 -3.03327
5.62323 -2.92691
5.73643 -2.86649
6.50647 -2.32487
6.5328 -2.30428
8.04595 -0.177547
7.97834 -0.402864
7.94557 -0.49291
6.64158 3.42921
6.63408 3.43452
6.85328 3.26029
6.90087 3.21849
6.0465 3.76993
6.03651 3.77382
5.76345 3.86214
5.64514 3.88385
4.31253 1.90072
4.31623 1.93303
4.34219 2.14115
6.20502 3.69808
6.11034 3.74242
6.2759 3.66172
6.26104 3.66973
6.42775 3.57398
6.3901 3.59602
7.28402 2.82753
6.7208 -2.14543
6.77188 -2.1018
7.05567 -1.83327
4.8111 3.59869
8.13215 0.716141
8.12593 0.802119
6.29054 -2.49344
6.34225 -2.4545
6.41875 -2.39505
6.46927 -2.35528
6.54276 -2.29584
6.59637 -2.25177
6.69176 -2.1706
4.93013 3.71561
4.95737 3.73661
8.13143 0.36854
8.13719 0.536287
4.5371 -1.12455
4.54728 -1.16723
4.51094 -1.01336
4.5174 -1.0411
4.47923 2.87846
4.47293 2.85576
4.52143 3.02784
4.50704 2.98074
7.38058 -1.46973
7.41232 -1.42989
7.28286 -1.58715
7.32519 -1.53744
4.45976 -0.790201
4.45945 -0.788778
4.48821 -0.914947
4.26298 1.10328
4.263 1.10425
4.59508 -1.36429
4.57294 -1.27374
4.60198 -1.39159
7.98805 -0.373945
4.91005 3.69951
4.89374 3.68425
8.10908 0.143011
8.1025 0.0954049
4.49803 -0.957657
4.50283 -0.978024
4.2651 0.723243
4.26194 0.785178
7.04922 3.08077
7.00065 3.12695
6.7445 3.35011
6.74673 3.34827
5.50533 3.89625
5.58848 3.89086
4.32642 2.02152
4.3237 1.99665
4.3065 1.83556
4.30353 1.80581
4.28987 0.257701
4.28756 0.28392
4.86519 -2.39008
4.85657 -2.35945
8.11821 0.869497
8.12559 0.805906
8.11127 0.938193
8.11207 0.932011
7.49728 -1.31729
7.51519 -1.2926
4.54605 3.10604
4.54584 3.10537
8.05785 -0.131359
7.91416 -0.572051
7.90029 -0.606918
6.53793 3.50241
6.57452 3.47672
8.13697 0.577553
4.3008 1.77857
4.29774 1.74221
8.11489 0.184409
8.11773 0.210044
4.72323 -1.8747
4.26831 1.23124
4.26864 1.29242
6.31682 3.63948
6.32557 3.63434
7.2928 2.8166
7.30279 2.80471
4.82154 3.61198
4.83119 3.62251
6.08589 -2.64299
6.24563 -2.5268
4.68583 -1.73191
8.12412 0.27623
8.12043 0.236964
4.26882 1.29474
4.27522 1.41558
4.26193 0.786747
4.26145 0.911893
4.28203 1.53679
4.27557 1.42179
4.40434 -0.524868
4.38541 -0.428489
4.27078 0.525457
4.27843 0.398916
4.92898 -2.60177
4.92833 -2.59926
4.92659 -2.59349
4.89536 -2.49338
4.30311 0.124061
4.32784 -0.0791065
7.84897 -0.722131
7.78338 -0.855631
7.84607 1.90802
7.8016 2.00735
4.40185 2.51891
4.4133 2.58418
4.54555 3.10439
4.52569 3.04311
5.14508 3.83785
5.2725 3.87559
8.09341 1.06492
8.0706 1.19088
7.23043 -1.64639
7.28021 -1.59027
4.71934 3.47479
4.66576 3.38338
4.60118 3.24689
4.64948 3.35327
5.55047 -2.96111
5.57207 -2.95292
4.9915 -2.76603
5.06969 -2.91136
5.05137 -2.87973
4.99516 -2.7764
5.13079 -2.97648
5.16944 -3.00603
4.68955 -1.74533
8.12774 0.314545
8.08771 0.00741927
8.09711 0.0588804
8.07448 -0.0607138
7.72936 -0.955946
7.88981 -0.630892
7.66478 -1.06602
7.58792 -1.18578
7.56604 -1.21824
7.52233 -1.2824
6.35521 -2.44436
6.40575 -2.40553
6.08388 -2.64435
6.0824 -2.64534
4.52393 -1.06902
4.53223 -1.10417
4.28404 1.5653
4.29235 1.67839
4.27039 0.53299
4.26564 0.659727
4.49944 2.9526
4.48945 2.91829
7.33272 -1.5283
7.36922 -1.48398
4.26494 1.16774
4.26464 1.15827
5.91276 -2.75867
5.98652 -2.71108
5.99834 -2.70262
6.07367 -2.65141
4.5504 -1.17999
4.26146 0.915594
4.26177 1.04075
4.28292 1.55009
4.3652 -0.315182
4.443 -0.714755
4.2791 0.389829
4.27056 0.529345
5.42842 3.89564
5.44285 3.89585
5.42064 3.89548
4.33782 -0.148286
4.29912 0.161857
7.75542 2.10369
7.88846 1.80535
7.92335 1.71361
7.7067 2.19852
4.44622 2.74647
4.45541 2.78636
4.45732 2.79382
4.98549 3.75558
5.01091 3.77245
5.13589 3.83464
5.11404 3.82486
5.39705 3.89322
8.03671 1.34292
8.01454 1.42835
7.53988 2.48171
7.56177 2.44754
7.4144 2.66205
7.4266 -1.41144
7.46254 -1.36484
7.65964 2.28359
7.62878 2.33756
4.65241 3.35845
4.72777 3.48896
4.58396 3.20713
4.8331 -2.27854
4.81728 -2.22074
7.95848 1.6128
7.98036 1.54597
5.89509 -2.77031
5.85397 -2.79626
6.09305 3.75064
6.51457 3.51792
6.27878 -2.50262
6.48133 -2.34556
6.60328 -2.24593
4.2945 1.70331
4.26562 0.660312
4.46029 2.80512
4.44728 -0.734182
4.46228 -0.801862
4.26495 1.16792
5.59358 3.8905
4.4455 -0.725678
6.35074 3.61948
4.569 3.16741
4.54717 3.10917
8.07424 -0.0618728
6.10055 3.74708
4.32058 1.9691
4.57546 3.18456
5.59253 -2.94356
6.71557 3.3727
6.58267 3.47094
