6.16408 -2.58612
6.20623 -2.55614
7.99785 -0.341506
8.02392 -0.256297
4.69648 -1.77125
4.71604 -1.84487
4.27374 1.35823
4.269 1.29727
4.26315 0.850245
4.26203 0.788266
6.84676 3.26583
6.79787 3.30626
4.27849 1.47627
4.27908 1.48594
4.27476 0.457757
4.27434 0.464133
4.33243 2.06028
4.33747 2.10439
4.91223 -2.54561
4.89956 -2.50827
4.31889 -0.0111489
4.31244 0.0407843
7.79208 -0.838457
7.83815 -0.745092
7.80222 2.00572
7.83893 1.92368
5.03008 3.78282
5.07216 3.80581
5.25375 3.87058
5.20289 3.8575
4.87388 -2.42399
4.88686 -2.46465
7.12843 2.99867
7.17865 2.94599
8.09009 1.08284
8.09301 1.06659
7.42692 2.64425
7.44014 2.6265
7.23394 -1.64222
7.26038 -1.61255
4.68371 3.41596
4.68702 3.42243
4.62601 3.30243
4.6155 3.2812
5.49203 -2.98591
5.5031 -2.98273
5.36073 -3.02599
5.42821 -3.00913
4.79416 -2.14047
4.80113 -2.16309
8.13498 0.643488
8.13368 0.688434
4.96128 -2.69175
4.95865 -2.68275
5.0307 -2.8477
5.01994 -2.82342
5.19061 -3.01414
5.23077 -3.02808
5.11671 -2.96501
5.1061 -2.95139
4.73958 -1.93274
4.74678 -1.96382
5.71855 -2.87723
5.65463 -2.91113
5.76113 -2.85093
5.80075 -2.82696
4.6743 -1.68664
4.66 -1.62727
6.69207 3.39072
6.69308 3.38998
5.98284 3.79457
5.95155 3.80483
5.74498 3.8662
5.75921 3.86315
6.22784 3.68613
6.25728 3.67147
6.46906 3.54751
6.48293 3.53893
7.05009 3.07972
7.23933 2.8781
7.20696 2.9153
7.61566 -1.14243
7.65958 -1.07427
6.97633 -1.91217
7.03418 -1.85475
6.80859 -2.0682
6.86881 -2.01442
7.0669 -1.8217
7.06001 -1.82878
4.77324 3.55163
4.73898 3.50466
6.65997 -2.19815
6.63031 -2.22241
7.938 -0.512607
7.92943 -0.534507
8.13519 0.449726
8.13345 0.407309
4.28916 1.63424
4.28757 1.61424
4.26775 0.596504
4.26783 0.594541
7.72555 -0.962556
7.69912 -1.00774
4.47246 -0.846059
4.47547 -0.859384
6.9483 3.1758
6.95382 3.17061
4.35712 2.24138
4.35979 2.25965
7.15384 -1.72874
7.18646 -1.69336
5.93787 -2.74288
5.95562 -2.7307
6.0352 -2.67778
6.04039 -2.67399
4.5727 -1.27217
4.57127 -1.26652
4.63998 -1.54844
4.61401 -1.44048
4.26141 0.979124
4.2614 0.977247
5.87159 3.83225
5.77009 3.86003
4.38407 -0.420419
4.37972 -0.397137
4.42579 -0.62865
4.41373 -0.571331
4.36994 2.31484
4.37812 2.37768
4.3604 -0.287665
4.34566 -0.197629
7.88618 1.81068
7.84605 1.90773
7.74949 2.11504
7.75506 2.10416
4.37844 2.37942
4.39503 2.48136
4.42863 2.6605
4.43341 2.68586
5.34537 3.88773
5.29702 3.87961
8.0442 1.31122
8.06826 1.20191
7.34965 2.7461
7.3732 2.71569
7.47767 2.57349
7.5027 2.53711
6.89391 -1.99047
6.96492 -1.9237
7.66801 2.2684
7.70499 2.20144
7.58816 2.40484
7.61207 2.36563
5.43297 -3.00827
5.30766 -3.03379
4.75579 -2.00148
4.77945 -2.08215
4.85288 -2.34706
4.83706 -2.29011
7.95259 1.62972
7.92746 1.70207
8.00482 1.46253
7.98774 1.52179
5.85735 -2.79385
5.85943 -2.7925
5.28365 -3.0327
5.62296 -2.92673
5.73636 -2.86624
6.50637 -2.32475
6.53281 -2.30407
8.04584 -0.177447
7.97824 -0.402769
7.94542 -0.492939
6.64156 3.42904
6.63388 3.43446
6.85312 3.26025
6.90078 3.21838
6.04705 3.76951
6.03637 3.77366
5.76329 3.86198
5.6451 3.88363
4.31267 1.90063
4.31638 1.93303
4.34233 2.14107
6.20499 3.6979
6.11009 3.74235
6.27677 3.66105
6.26101 3.66955
6.42773 3.5738
6.38988 3.59595
7.28397 2.82738
6.72062 -2.14539
6.77184 -2.10165
7.0555 -1.83323
4.81152 3.59882
8.13203 0.716095
8.1258 0.802202
6.29032 -2.4934
6.34226 -2.45429
6.41855 -2.39501
6.46927 -2.35507
6.54256 -2.2958
6.59638 -2.25157
6.69167 -2.17049
4.93012 3.71526
4.95752 3.7364
8.13129 0.368335
8.13706 0.536238
4.53722 -1.12446
4.54743 -1.16723
4.51107 -1.01327
4.51755 -1.0411
4.47946 2.8786
4.47312 2.85575
4.52167 3.02798
4.50723 2.98072
7.38039 -1.46976
7.41221 -1.42982
7.28266 -1.58718
7.32508 -1.53737
4.45988 -0.790114
4.45959 -0.788773
4.48836 -0.914942
4.26312 1.10336
4.26313 1.10425
4.59521 -1.3642
4.57311 -1.27381
4.60216 -1.39167
7.9879 -0.373973
4.9102 3.6993
4.89404 3.68416
8.10894 0.142959
8.10233 0.0951664
4.49816 -0.957567
4.50297 -0.978019
4.26523 0.723243
4.26208 0.785256
7.0492 3.0806
7.00056 3.12684
6.74447 3.34995
6.74656 3.34822
5.50546 3.89601
5.58818 3.89065
4.32656 2.02144
4.32385 1.99665
4.30666 1.83566
4.30367 1.80581
4.29002 0.257609
4.28769 0.283996
4.8654 -2.38995
4.85682 -2.35948
8.11808 0.869484
8.12548 0.805793
8.11116 0.938084
8.11193 0.932097
7.49676 -1.31779
7.5151 -1.2925
4.54621 3.10591
4.54604 3.10535
8.05771 -0.131414
7.91407 -0.571938
7.90014 -0.606949
6.53791 3.50223
6.57432 3.47667
8.13684 0.577635
4.30094 1.77848
4.29789 1.74221
8.11477 0.184519
8.11759 0.209993
4.72339 -1.87463
4.26845 1.23124
4.26878 1.29233
6.31679 3.63929
6.32535 3.63427
7.2927 2.81652
7.30263 2.8047
4.82173 3.61182
4.83118 3.62212
6.08612 -2.6426
6.24549 -2.52668
4.68598 -1.73181
8.12398 0.276179
8.12027 0.236746
4.26896 1.29474
4.27536 1.4155
4.26207 0.786747
4.26159 0.911973
4.28217 1.53671
4.27572 1.42179
4.40447 -0.524795
4.38557 -0.428589
4.27093 0.525368
4.27857 0.398913
4.92915 -2.60136
4.92856 -2.5991
4.927 -2.59392
4.89561 -2.49336
4.30326 0.123968
4.32797 -0.0790322
7.84882 -0.722162
7.7833 -0.855526
7.84592 1.90804
7.80152 2.00724
4.40203 2.51903
4.41345 2.58409
4.54579 3.10455
4.52588 3.04309
5.14552 3.83772
5.27263 3.87536
8.09327 1.06501
8.07049 1.19077
7.23022 -1.64642
7.2801 -1.59019
4.71968 3.47489
4.66669 3.38462
4.60144 3.24697
4.64965 3.35313
5.54994 -2.96095
5.57198 -2.9526
4.99181 -2.76592
5.06992 -2.91087
5.0518 -2.87957
4.99536 -2.77595
5.13042 -2.97546
5.16969 -3.00548
4.68975 -1.74541
8.12761 0.314657
8.08757 0.0073653
8.097 0.0589875
8.07429 -0.060981
7.72919 -0.955978
7.88972 -0.630783
7.66469 -1.06591
7.58775 -1.1858
7.56596 -1.21814
7.52241 -1.28204
6.355 -2.44432
6.40575 -2.40532
6.08389 -2.64411
6.08224 -2.6452
4.52406 -1.06893
4.53238 -1.10417
4.28419 1.5654
4.2925 1.6784
4.27053 0.53307
4.26578 0.659725
4.49968 2.95274
4.48964 2.91827
7.33253 -1.52832
7.36912 -1.48391
4.26508 1.16774
4.26464 1.1538
5.91258 -2.75852
5.98653 -2.71083
5.99817 -2.70249
6.07252 -2.65197
4.55053 -1.1799
4.2616 0.915514
4.26191 1.04075
4.28307 1.55009
4.36532 -0.31511
4.44316 -0.714855
4.27925 0.389738
4.2707 0.529343
5.42838 3.8954
5.4425 3.89561
5.42077 3.89524
4.33798 -0.148381
4.29926 0.161933
7.75528 2.10371
7.88837 1.80523
7.9232 1.71363
7.70661 2.1984
4.44626 2.74587
4.45557 2.78626
4.4575 2.79381
4.98583 3.75548
5.01104 3.77222
5.13602 3.83441
5.11344 3.8243
5.39768 3.89304
8.03655 1.34301
8.01444 1.42824
7.53983 2.48155
7.56162 2.44754
7.41435 2.6619
7.42641 -1.41147
7.46245 -1.36474
7.6595 2.28358
7.6287 2.33744
4.65273 3.35854
4.72795 3.48881
4.58413 3.20699
4.83325 -2.27829
4.8175 -2.22076
7.95838 1.6127
7.98022 1.54598
5.89505 -2.77008
5.85426 -2.79581
6.09302 3.75046
6.51438 3.51785
6.27878 -2.5024
6.48113 -2.34552
6.60309 -2.2459
4.29465 1.7034
4.26576 0.660392
4.46051 2.80526
4.4474 -0.734096
4.46225 -0.801106
4.26509 1.168
5.59371 3.89026
4.44564 -0.725674
6.35063 3.61935
4.56921 3.1674
4.54714 3.1085
8.07413 -0.06177
6.10043 3.74695
4.32074 1.9692
4.57574 3.18474
5.59285 -2.94305
6.71744 3.37105
6.58257 3.47082
