6.40555 2.29526
6.40035 2.29798
7.19409 1.24236
7.20361 1.21272
5.15817 1.01516
5.1603 1.04645
7.28461 0.798413
7.28577 0.786267
5.37949 -0.485603
5.40571 -0.545163
5.49622 -0.7224
5.53802 -0.789828
5.21632 1.47303
5.21748 1.47841
5.43263 2.05576
5.39504 1.99261
5.55085 2.21137
5.57897 2.24043
7.16137 -0.123181
7.17763 -0.0797415
5.22786 0.0217766
5.22057 0.0589577
5.15965 0.525363
5.16151 0.499654
7.28449 0.401349
7.27952 0.355683
6.70783 2.06252
6.76058 2.00774
6.00631 2.41116
5.97948 2.41208
6.19022 2.3847
6.13839 2.39537
5.718 2.34077
5.77448 2.36861
6.78012 -0.742334
6.84273 -0.670359
6.51891 -0.96766
6.5013 -0.978576
6.7586 -0.765707
6.68403 -0.836105
7.0281 -0.405543
6.97977 -0.48365
7.27102 0.909306
7.25964 0.976192
5.32704 -0.341642
5.31918 -0.318912
5.60796 -0.883056
5.5546 -0.815677
5.27188 1.68679
5.25411 1.62412
5.1799 1.24691
5.19102 1.32561
5.34283 1.88179
5.37401 1.94976
6.83976 1.91593
6.85938 1.89178
6.9621 1.74396
6.93076 1.79143
7.06927 1.55427
7.08571 1.5201
5.92075 -1.10441
6.01128 -1.12232
5.73577 -1.00939
5.76229 -1.02733
6.11098 -1.12332
6.01886 -1.12322
6.30553 -1.07924
6.29144 -1.08346
7.04698 -0.372185
7.09084 -0.286225
7.23571 0.114031
7.24367 0.146836
5.25475 -0.0930332
5.26475 -0.131015
5.15094 0.83247
5.151 0.839067
5.18498 0.27957
5.19366 0.218763
6.62081 2.1431
6.60142 2.16018
7.29295 0.656714
7.29372 0.589772
7.15171 1.36677
7.17858 1.29134
7.21191 1.18436
7.22496 1.13609
7.25373 1.01179
7.27527 0.879849
5.28406 -0.20565
5.27585 -0.175693
5.24845 -0.067681
6.5397 2.20695
6.56292 2.18972
6.82279 1.93645
6.781 1.98508
6.674 2.09557
6.6588 2.10951
5.34853 -0.402687
5.36247 -0.441272
6.3513 2.3232
6.34549 2.3259
7.27759 0.863402
5.24464 -0.0517222
5.23374 -0.00435684
5.15121 0.715705
5.15126 0.708757
5.87602 2.3999
5.94447 2.40799
6.63648 -0.878766
6.59591 -0.910478
6.93955 -0.543731
6.91423 -0.579885
5.16678 1.13173
5.15241 0.911559
5.43207 -0.601464
5.36606 -0.451024
5.54763 -0.805187
5.46585 -0.670428
5.24226 1.58111
5.21596 1.4711
5.38402 1.97117
5.4854 2.13606
5.62526 2.27929
5.48808 2.13927
7.0186 1.65252
7.01855 1.65261
5.82754 -1.06743
5.87006 -1.08546
6.20776 -1.10854
6.16749 -1.11462
7.13659 -0.185267
7.20306 -0.00324498
5.21882 0.0680622
5.15323 0.635283
5.17041 0.401388
7.2674 0.269948
7.29076 0.48008
5.84365 2.39111
6.08426 2.40627
6.279 2.35453
6.29728 2.34811
6.40541 -1.03491
6.39686 -1.03881
5.67488 2.31633
6.76707 -0.756799
6.8878 -0.615085
7.04104 -0.383267
7.11648 1.45199
7.13318 1.41178
5.15192 0.897125
5.17217 1.18361
5.2991 -0.259812
5.34033 -0.380074
5.44913 -0.637227
5.64564 -0.927533
5.19636 1.3611
5.30288 1.78321
5.30515 1.79013
5.30872 1.79992
5.48623 2.13712
7.01873 1.65228
6.90271 1.83202
5.67737 -0.957859
6.01523 -1.12311
7.10971 -0.246055
7.21353 0.0307628
7.26026 0.228925
5.29803 -0.256483
5.20297 0.159702
5.15085 0.773919
5.17478 0.360941
5.15265 0.651481
7.2933 0.540989
6.58124 2.17566
6.63638 2.12982
7.29186 0.686622
7.14964 1.3721
7.18351 1.27756
7.23791 1.08837
7.24122 1.07243
7.24657 1.04902
5.29664 -0.251977
5.27029 -0.154695
6.51502 2.22619
7.28645 0.778567
6.87534 1.87036
6.49558 2.23865
7.29115 0.706936
6.87209 1.87498
6.50484 2.23285
