6.46491 -0.168504
6.35059 -0.237258
5.66611 0.802448
5.66375 0.702987
6.07167 1.56595
6.06092 1.56239
6.30731 1.54411
6.38055 1.50335
6.6043 1.28095
6.5609 1.33851
6.46865 -0.165017
6.55484 -0.0787178
6.23927 -0.265394
6.34056 -0.240469
5.67138 0.870335
5.67868 0.937548
6.00542 -0.200592
6.03453 -0.221761
5.86173 -0.0507905
5.8425 -0.0233902
5.76821 0.128574
5.77919 0.103253
5.68682 0.423779
5.70766 0.328923
5.67125 0.555879
5.67543 0.508625
6.66841 1.17003
6.64099 1.22257
6.79243 0.636125
6.7944 0.592469
6.75987 0.330012
6.78369 0.451918
6.6791 0.113598
6.713 0.188932
5.76597 1.2618
5.76121 1.2533
6.25175 1.56042
6.44353 1.46082
6.62954 1.24194
6.62342 1.25258
6.52095 1.38296
6.70986 1.07998
6.71263 1.07243
5.81386 1.35344
6.48037 1.42726
6.18441 1.575
6.77904 0.813816
6.77381 0.847348
6.01919 1.54612
5.97107 1.52166
5.9206 1.48143
5.96553 1.51812
5.69957 1.04654
5.7138 1.10165
5.67734 0.494291
5.68485 0.435528
6.75616 0.931705
6.73327 1.01039
6.09731 1.56833
6.78685 0.760517
5.72643 1.15185
5.73554 1.17925
6.34803 -0.238514
6.46597 -0.167634
5.92382 -0.131438
5.93571 -0.145365
5.73478 0.226782
5.7202 0.277045
6.72424 0.217072
6.75812 0.3233
6.13639 -0.261104
6.17666 -0.264272
6.59468 -0.0300569
6.11467 -0.253464
6.62734 0.017271
5.89892 -0.10024
5.81146 0.0368257
5.7565 0.157339
6.64484 0.0477797
5.68513 0.433675
6.78407 0.454331
6.79341 0.575866
6.79223 0.664621
5.7563 1.24105
6.757 0.928417
5.96829 1.52008
6.70765 1.08553
5.88423 1.44582
5.67657 0.500876
5.66692 0.822921
6.78827 0.746984
5.6693 0.57767
5.87172 1.43223
5.68136 0.95275
5.66455 0.68239
5.66505 0.660245
6.75761 0.925925
6.72788 1.02749
