7.28078 1.51746
7.29179 1.48964
7.46392 0.675384
7.46676 0.596149
7.42428 1.03072
7.43331 0.985577
5.08612 -0.199479
5.08382 -0.189597
5.15342 -0.452405
5.16622 -0.494563
5.38427 -1.00657
5.34829 -0.943901
5.4935 -1.16861
5.52739 -1.21095
5.0878 1.80573
5.08391 1.78946
5.44579 2.50906
5.42338 2.48438
5.89203 -1.43046
5.87444 -1.42635
5.1501 2.0063
5.18246 2.09398
7.24238 -0.391943
7.22901 -0.420004
5.7524 2.68551
5.7746 2.68923
6.4684 -1.28023
6.51673 -1.24845
6.16933 2.66671
6.19676 2.65673
6.40813 2.56283
6.43102 2.55021
7.14742 -0.568167
7.11771 -0.6172
5.55192 2.59512
5.62902 2.63929
7.46096 0.741314
7.46282 0.718339
5.21913 -0.648193
5.18828 -0.562885
5.29523 -0.833384
5.32648 -0.899298
5.03965 1.58718
5.02285 1.49211
5.00393 1.3606
5.01036 1.40923
4.9853 1.16426
4.97894 1.0733
5.32221 2.35825
5.36132 2.41385
6.07899 -1.43182
6.06363 -1.43272
6.27208 -1.37928
6.29807 -1.36746
5.22603 2.18924
5.1871 2.10467
6.91238 -0.895371
6.85484 -0.958818
6.7031 -1.1063
6.67768 -1.12871
5.71129 -1.36517
5.63575 -1.31338
7.29717 -0.268112
7.27894 -0.312073
7.37015 -0.0617274
7.38946 0.00568218
7.42694 0.170319
7.44032 0.246959
5.04934 -0.0228217
5.05796 -0.0664973
4.97228 0.877526
4.9728 0.908434
4.9742 0.680561
4.97329 0.712966
4.99018 0.409661
4.98658 0.452043
5.02788 0.0974433
5.0152 0.183099
5.8883 2.70412
5.95859 2.70411
6.98947 -0.800901
6.93661 -0.867567
7.32269 1.40781
7.34756 1.33385
7.40562 1.12141
7.39964 1.15085
7.46407 0.486347
7.45856 0.402009
7.46476 0.508933
7.46658 0.579996
5.09848 -0.254336
5.12467 -0.352249
7.44034 0.934392
7.43475 0.977041
6.75375 2.30437
6.76445 2.29388
6.57984 2.45156
6.61099 2.42725
6.91357 2.13076
6.8912 2.15783
7.01617 1.99859
6.99815 2.02356
6.32073 2.60709
6.35386 2.5918
6.43919 2.54556
6.48187 2.5195
5.13913 -0.403755
4.97338 0.939892
4.97491 1.00642
4.97157 0.808771
7.37412 1.24739
7.3936 1.17421
5.16852 -0.502086
5.17851 -0.534706
6.83809 2.21917
6.83457 2.22293
7.05668 1.93878
7.09332 1.88169
7.30773 -0.241601
7.32409 -0.199381
7.31913 1.41863
4.99148 1.24381
4.98872 1.21013
7.45497 0.819562
7.45366 0.834433
5.09769 -0.251109
5.09755 -0.250491
4.99421 0.366311
4.99861 0.321454
4.97671 0.616556
4.97815 0.582547
7.22063 1.65228
7.22204 1.64939
7.16973 1.75026
7.16331 1.76224
5.04323 0.01016
5.03386 0.0601179
4.97161 0.778158
7.07704 -0.681015
7.05386 -0.71508
7.2568 1.57369
7.3149 1.43095
7.46671 0.594016
7.4636 0.692952
7.43375 0.982609
7.41953 1.05832
5.07457 -0.147843
5.33707 -0.921459
5.43195 -1.08541
5.55914 -1.24355
5.43676 -1.09317
5.06225 1.69741
5.09755 1.84187
6.66644 2.38275
6.69002 2.36205
5.37972 2.43634
5.45539 2.51856
6.17481 -1.41191
6.12208 -1.42325
5.8012 -1.40643
5.90982 -1.43177
5.18489 2.09982
5.12966 1.94573
6.74638 -1.06684
6.78164 -1.03418
7.21039 1.67289
7.19327 1.706
7.22524 -0.427382
7.27555 -0.319805
7.40208 0.0553353
7.41778 0.123523
4.97209 0.747125
5.00041 0.304788
5.01295 0.199825
5.74534 2.68349
5.85502 2.70253
6.56739 -1.21435
6.40486 -1.31602
6.991 2.03297
6.94589 2.09148
6.06305 2.69277
6.04985 2.69424
6.08921 2.68667
6.27657 2.62782
7.03095 -0.746398
7.17773 -0.515614
7.24443 1.60137
7.25049 1.58777
5.6509 2.64997
5.52345 2.57451
7.4601 0.755935
5.25046 -0.730807
5.18422 -0.551434
5.25559 -0.744095
5.43468 -1.08992
5.26217 -0.760459
5.6199 -1.30152
5.01995 1.47508
5.0501 1.63892
5.11815 1.91095
5.00266 1.34934
5.27106 2.27792
5.98473 -1.43797
6.18858 -1.40718
6.37067 -1.33495
5.7338 -1.37634
5.26968 2.27566
5.27026 2.27666
6.80357 -1.01302
6.92477 -0.881456
6.61892 -1.17498
7.14328 1.79808
7.11457 1.84698
7.19863 -0.478053
7.30216 -0.255882
7.33077 -0.180985
7.35617 -0.107347
7.44545 0.283435
5.0648 -0.101672
5.04565 -0.00318809
4.97532 0.647766
4.9797 0.553206
4.98451 0.478421
4.99219 0.386758
5.03333 0.0633096
7.45644 0.378568
7.39607 1.16397
7.4109 1.0998
7.46463 0.499152
7.37328 1.25027
7.4149 1.07883
7.44418 0.910554
6.80722 2.2509
6.5269 2.48918
6.82998 2.22777
6.84726 2.2091
7.04717 1.95355
6.49384 2.51223
7.4527 0.843793
6.2981 2.6181
7.3689 1.26469
6.38475 2.57621
7.34937 1.32829
