6.25234 -2.44305
6.27633 -2.42623
4.71506 -1.60336
4.72964 -1.6561
4.91836 3.57904
4.92546 3.58596
8.06796 0.191373
8.07222 0.224349
4.32388 1.35817
4.32151 1.32771
4.31179 0.949802
4.3119 0.977188
4.31289 0.850187
4.31224 0.814336
4.32797 1.44747
4.33035 1.48618
5.74651 3.78685
5.83168 3.76671
4.32743 0.425407
4.32496 0.463309
5.55261 3.80988
5.52353 3.81016
4.3873 2.06084
4.39287 2.10957
4.3739 -0.0449359
4.35991 0.0676587
4.61669 3.08711
4.62114 3.09989
7.111 2.94585
7.1253 2.93085
6.91471 -1.89995
6.85479 -1.95708
7.20788 -1.59817
7.19312 -1.61474
4.84433 -2.05895
4.82043 -1.97768
4.91553 -2.2721
4.92385 -2.29763
5.46585 -2.85225
5.46798 -2.85204
5.29915 -2.8463
5.35426 -2.85786
5.23717 -2.82297
5.26492 -2.8356
4.9928 -2.4798
5.00021 -2.4965
5.07223 -2.64137
5.0895 -2.66952
5.19441 -2.79346
5.19115 -2.79015
5.58772 -2.82114
5.62615 -2.80606
6.40739 -2.32959
6.47042 -2.28103
5.78391 -2.73426
5.81849 -2.71754
8.00268 -0.158108
8.00502 -0.149577
7.93527 -0.384474
7.9282 -0.404464
5.91883 -2.66065
5.93614 -2.65097
8.08115 0.323899
8.07863 0.292388
8.04814 0.0563623
8.03894 0.00372249
8.02071 -0.0815048
8.03374 -0.0239553
6.65607 3.34834
6.68141 3.32974
6.86654 3.17809
6.8897 3.15831
5.89801 3.74914
5.97128 3.7251
4.37693 1.99004
4.3699 1.93358
4.39797 2.14195
4.41095 2.22776
7.73235 -0.850374
7.69252 -0.923632
7.84374 -0.6182
7.80461 -0.705573
6.19668 3.63156
6.16942 3.64353
6.43049 3.50271
6.44281 3.49509
7.08818 2.96946
7.58387 -1.10496
7.59779 -1.08335
6.7444 -2.05545
6.66004 -2.12822
7.12333 -1.69174
7.04595 -1.77127
8.08015 0.787504
8.0858 0.718528
6.03713 -2.5889
6.0543 -2.57821
5.05548 3.68618
5.01409 3.65905
4.87855 3.53896
4.84679 3.50183
8.0899 0.492131
8.08568 0.389388
4.58384 -1.09156
4.5709 -1.03932
4.3434 1.66792
4.33916 1.61448
4.3172 0.625167
4.31838 0.593718
4.56304 2.93061
4.57707 2.97564
7.30924 -1.48022
7.28446 -1.51002
5.98851 -2.61945
5.9451 -2.64603
4.51853 -0.813541
4.53752 -0.897465
4.31458 1.13319
4.31379 1.10419
7.14035 -1.67355
7.14673 -1.66662
6.19332 -2.48437
4.62083 -1.2382
4.60655 -1.18183
5.65261 3.80248
5.70203 3.79444
5.84979 3.76265
4.46911 -0.589559
4.47291 -0.607648
4.43131 -0.393678
4.41812 -0.323105
4.42588 2.31541
4.4298 2.34547
4.38182 -0.100357
4.39239 -0.171176
7.74805 2.01082
7.72358 2.0618
7.83401 1.81559
7.81384 1.86438
4.50212 2.70623
4.48892 2.65126
4.44319 2.41971
4.44787 2.44842
5.11821 3.72171
5.13599 3.72969
5.20168 3.757
5.24899 3.7733
8.00595 1.2734
8.01421 1.23588
8.05244 1.02646
8.06129 0.96393
7.45895 2.51675
7.44665 2.53441
7.33135 2.69067
7.31371 2.71283
7.40146 -1.36465
7.37635 -1.39758
6.83108 -1.978
6.95085 -1.86616
7.63732 2.22711
7.65289 2.19893
7.55815 2.36446
7.55899 2.36308
4.73267 3.33491
4.75194 3.36929
4.67286 3.22073
4.67711 3.23077
4.88691 -2.19109
4.86568 -2.1227
7.90237 1.63445
7.8913 1.66631
7.95608 1.46711
7.95084 1.48529
5.38669 -2.85829
5.71054 -2.77099
5.70011 -2.77604
5.64892 -2.79622
5.54 -2.83462
6.53298 -2.23198
6.53439 -2.23091
6.4067 -2.33007
7.97215 -0.266626
7.97545 -0.255856
7.9409 -0.367818
6.63359 3.36539
6.56396 3.41462
6.72929 3.29259
6.68517 3.32689
6.7905 3.24248
6.81518 3.22214
6.00929 3.71029
5.98682 3.71904
5.85964 3.76042
4.37786 1.9972
4.41938 2.28004
6.08385 3.68192
6.28754 3.58566
6.24856 3.60548
6.41969 3.50958
6.31357 3.57168
6.47489 3.47471
6.50373 3.45563
7.18089 2.8706
6.65486 -2.13234
6.7578 -2.04423
6.99532 -1.82129
8.08672 0.699096
8.07658 0.83314
6.34043 -2.37951
6.34393 -2.37701
6.59601 -2.18068
4.64414 3.15787
4.64748 3.16503
8.08381 0.355667
8.09047 0.518761
4.55701 -0.98085
4.56505 -1.01539
4.53879 2.85116
4.53535 2.83923
4.50441 -0.752447
4.51251 -0.787015
4.54117 -0.913188
6.13443 -2.52473
6.10906 -2.54149
4.64375 -1.32994
4.63644 -1.30003
4.66987 -1.4338
4.66607 -1.41812
5.0959 -2.68037
5.10074 -2.68881
5.01069 -2.52091
5.02099 -2.54584
8.05894 0.124204
8.05532 0.0980035
4.7838 -1.85147
4.76811 -1.79891
4.54394 -0.925251
4.55596 -0.976259
4.31495 0.723184
4.31315 0.758507
4.49403 -0.70594
4.356 1.80635
4.36169 1.86327
4.98532 -2.4641
4.9653 -2.41203
4.34356 0.224726
4.33591 0.311296
4.63768 3.1422
7.18918 2.86143
7.19226 2.85795
8.07291 0.864791
7.47848 -1.26147
7.48322 -1.25493
5.46854 -2.85195
4.80367 -1.92368
4.78956 -1.87167
8.08965 0.619608
5.4197 -2.85818
5.04996 -2.60185
5.03919 -2.58044
7.87978 -0.531532
7.86771 -0.561851
6.99209 3.06326
7.03139 3.0259
4.82592 3.47617
8.09001 0.607072
4.35014 1.74781
4.34972 1.74274
4.31843 1.23118
4.3186 1.26334
6.73658 3.28692
6.73715 3.28645
4.3789 2.00532
6.94038 3.11256
6.94436 3.10882
6.16834 -2.50213
4.73946 -1.69407
4.69699 -1.53675
8.07538 0.257947
8.06318 0.154395
4.32096 1.29468
4.32469 1.38679
4.3122 1.01306
4.31191 0.913688
4.31343 0.786686
4.31198 0.886192
4.33167 1.5079
4.32667 1.42203
4.45098 -0.498462
4.44434 -0.464658
4.32329 0.493206
4.32919 0.39809
5.4677 3.80952
5.63198 3.80479
4.35736 0.0907372
4.37491 -0.0524596
7.79126 -0.733644
7.75018 -0.816501
7.7928 1.91304
7.76979 1.96455
4.46959 2.56106
4.46725 2.55055
4.59827 3.03783
5.31179 3.78931
5.31877 3.79107
8.0311 1.15181
8.04088 1.09794
7.39592 2.60605
7.38274 2.62374
7.53429 -1.18083
7.52462 -1.19508
7.1553 -1.65743
7.23922 -1.56267
4.70105 3.2773
4.7128 3.30144
5.14441 -2.7464
5.12337 -2.71798
5.19747 -2.79541
5.73183 -2.76016
5.85286 -2.69793
4.69037 -1.51287
4.76195 -1.7753
8.03607 -0.011953
8.00717 -0.141243
7.66686 -0.968414
7.85566 -0.590647
7.63197 -1.02736
7.55366 -1.15189
7.49404 -1.23945
6.08577 -2.55728
6.02328 -2.59738
5.00483 3.65191
5.06433 3.69215
5.41986 3.80597
4.57017 -1.03638
4.58655 -1.10237
4.33808 1.59886
4.34421 1.67863
4.31979 0.561623
4.31615 0.658905
4.58848 3.008
4.55728 2.91335
7.25954 -1.53905
7.32876 -1.45674
4.31308 1.06882
4.31567 1.16768
4.59765 -1.14663
4.3125 1.04069
4.33452 1.55033
4.41203 -0.288665
4.33225 0.357187
4.3213 0.52852
4.39418 -0.182904
4.34701 0.188968
7.69999 2.10891
7.85576 1.76135
7.87208 1.71844
7.6755 2.15654
4.51241 2.75083
4.46213 2.52516
4.52292 2.79195
5.11251 3.7186
5.18213 3.75019
5.32773 3.79259
7.26578 2.77223
7.24672 2.7951
7.98078 1.37807
8.06973 0.897115
7.97729 1.39151
7.50687 2.4449
7.3569 -1.42168
7.43039 -1.32697
7.51639 2.43021
7.55447 2.37037
7.60709 2.28106
7.59826 2.29649
4.76838 3.39376
4.7946 3.43425
4.65785 3.18808
4.81169 -1.94963
4.90007 -2.22791
4.93114 -2.32056
4.949 -2.36746
7.922 1.57672
7.93053 1.55066
6.89469 3.15383
4.36242 1.87028
4.36235 1.86967
6.30869 3.57458
6.52995 3.43872
6.2805 -2.4234
6.406 -2.33061
4.96645 3.62239
4.34926 1.73732
4.31524 0.689075
4.53989 2.85465
4.31666 1.1979
5.02934 -2.56174
5.71577 -2.76821
5.05932 -2.6211
7.89117 -0.503762
6.31094 3.57324
5.39163 3.80324
4.95481 -2.38568
6.83881 3.20244
4.36941 1.93
4.85493 -2.08869
5.66852 -2.78916
6.96694 3.08728
6.76296 3.26517
7.90198 -0.475683
6.54577 3.42751
