5.9453 1.29592
5.88386 1.21759
5.97724 0.0172589
6.05255 -0.0526241
6.62925 0.99666
6.59001 1.07933
5.83887 1.12083
5.86986 1.19061
6.06052 -0.0571706
6.05503 -0.0547953
6.17873 -0.0984976
6.26609 -0.0982458
6.44433 -0.00559635
6.50042 0.0477629
5.86609 0.186235
5.86777 0.182375
5.80201 0.382935
5.80848 0.35699
6.69492 0.563607
6.69221 0.685293
6.56949 0.142455
6.60643 0.21497
6.21269 1.40997
6.11257 1.40508
6.35387 1.361
6.23515 1.40787
6.38995 1.33241
6.45965 1.27202
6.67415 0.415356
6.67505 0.419939
6.00238 1.35411
6.68373 0.771826
6.67365 0.83528
6.50391 1.22334
6.53533 1.18008
6.54998 1.15452
6.63742 0.975963
5.80829 1.02516
5.79712 0.991233
6.04435 1.37576
5.82967 1.10017
5.78615 0.934443
5.78909 0.949035
6.22625 1.41044
6.3664 1.35242
6.64765 0.944952
6.56318 0.131551
6.55865 0.124289
5.7659 0.761804
5.77588 0.876324
5.76872 0.611473
5.77049 0.584201
6.64119 0.296171
6.6441 0.304142
5.77598 0.877474
5.77662 0.881746
5.76633 0.639648
5.76559 0.674878
6.05457 -0.054416
5.95807 0.0367013
6.33141 -0.0764258
6.37955 -0.0553753
5.83218 0.283486
5.86467 0.189731
5.91762 0.0993645
6.15794 -0.0978318
6.52747 0.0822111
5.79036 0.433045
6.66342 0.374304
6.63679 0.284054
6.5651 0.134267
5.78123 0.488278
6.69452 0.543494
6.69478 0.546835
6.69494 0.549502
5.87582 1.20315
5.77963 0.498439
5.76516 0.739821
5.77761 0.510793
5.77372 0.549137
5.76486 0.713435
