6.34393 -0.810775
6.30987 -0.821934
6.73613 -0.517188
6.71262 -0.544392
5.43381 1.58218
5.42432 1.55461
6.70209 1.8056
6.73834 1.76304
6.84935 1.61232
6.86443 1.58796
5.75717 -0.698452
5.83975 -0.765635
5.42157 -0.068468
5.42164 -0.0686977
6.43769 2.03033
6.45818 2.01852
6.20938 2.1331
6.1258 2.14826
6.07234 2.15237
6.00016 2.1506
5.77974 2.07365
5.79773 2.08529
6.82686 -0.403312
6.85491 -0.362758
6.57435 -0.673285
6.5412 -0.697812
5.3136 0.919186
5.3116 0.872051
5.33346 1.15071
5.33276 1.1449
7.12764 0.821306
7.13231 0.777661
7.09948 0.999566
7.10543 0.970508
5.579 -0.458261
5.5754 -0.451465
5.3743 1.37096
5.39142 1.44001
5.51475 1.7707
5.51426 1.76965
5.62266 1.93298
5.60586 1.91272
6.57943 1.9268
6.62489 1.88523
6.97183 1.38716
6.94913 1.43509
5.68628 -0.618568
5.74723 -0.68747
5.94026 -0.820995
5.90467 -0.802027
6.12934 -0.856562
6.10892 -0.855277
7.05764 0.0616186
7.0516 0.0422845
6.95915 -0.182705
6.96734 -0.166659
5.48935 -0.265327
5.48242 -0.246692
5.37185 0.13811
5.38094 0.0954882
5.33416 0.364338
5.33048 0.395322
5.31319 0.612606
5.31101 0.668378
7.14058 0.544624
7.14098 0.557083
7.11107 0.277178
7.1164 0.307669
7.06536 1.13962
7.08334 1.06661
7.05806 1.16202
7.0328 1.23641
7.08803 1.0489
7.10793 0.956303
6.54833 1.95352
6.65457 1.85713
7.0006 1.32239
7.00152 1.3203
7.06166 1.15165
6.51316 1.98049
6.67709 1.83432
6.37038 2.07024
6.35112 2.0796
6.234 -0.843918
6.44093 -0.763726
6.31629 2.09637
6.26891 2.11314
5.89548 2.12926
5.89794 2.1302
6.78663 -0.456346
6.69613 -0.562091
5.32151 1.03619
5.31913 1.00673
5.40141 1.47828
5.44057 1.59932
5.56569 1.85379
5.5153 1.77175
6.76467 1.73046
6.69412 1.81492
6.82126 1.65452
6.90457 1.51938
5.84789 -0.771677
5.75492 -0.696119
7.01533 -0.0585025
7.0127 -0.0653146
5.49728 -0.285796
5.53091 -0.35926
5.42169 -0.0688601
5.39564 0.0340811
5.32137 0.487166
5.31766 0.533752
7.13018 0.406573
7.13298 0.433639
6.45824 -0.754454
6.14421 -0.854969
6.48688 1.99809
6.40553 2.05092
6.10394 2.15199
5.90341 2.13132
5.69964 2.01453
6.87736 -0.327215
6.91617 -0.262369
6.63026 -0.624343
5.30989 0.799584
5.33662 1.17257
5.35144 1.26149
5.35688 1.28905
7.13932 0.694302
7.12088 0.874158
5.57152 -0.443669
5.62889 -0.537961
5.66841 -0.596718
5.47383 1.68115
5.69008 2.00542
5.66554 1.97926
6.78905 1.69933
6.94004 1.45286
6.97616 1.37795
5.94796 -0.823547
6.03417 -0.847957
7.08466 0.155535
6.99817 -0.0987953
7.0903 0.178898
5.45466 -0.167485
5.35485 0.222005
5.44235 -0.132119
5.35108 0.243862
5.30959 0.770164
5.34965 0.252968
5.30984 0.740794
7.14106 0.614507
7.14013 0.677923
7.00224 1.3186
