6.3554 -0.749924
6.25576 -0.782562
7.08244 0.906555
7.07367 0.954072
5.47091 1.5582
5.43973 1.46759
5.55519 1.74458
5.59705 1.81436
6.69807 1.75181
6.6988 1.75095
5.52538 -0.24485
5.54443 -0.288547
5.43364 0.0298087
5.45686 -0.0486821
6.13914 -0.79702
6.22654 -0.787957
6.39512 2.00238
6.43867 1.97727
6.21006 2.07915
6.21386 2.07846
5.84091 2.04113
5.80298 2.02131
6.00488 2.09306
6.04318 2.09401
6.84466 -0.308809
6.82708 -0.33581
6.62768 -0.568612
6.68244 -0.515165
6.58699 -0.606168
6.50738 -0.665066
5.3468 0.898684
5.34652 0.891986
5.36864 1.12898
5.37459 1.16877
7.08949 0.85929
7.09835 0.776409
5.40849 1.34887
5.42932 1.43289
5.6672 1.9042
5.61202 1.83767
6.82412 1.58286
6.80904 1.60494
6.92499 1.40152
6.91416 1.42439
5.76198 -0.628511
5.73278 -0.595491
5.9446 -0.75793
5.90153 -0.734975
6.90906 -0.197448
6.93886 -0.139085
7.01632 0.0494561
7.02329 0.0696915
5.58794 -0.381392
5.61538 -0.428811
5.40524 0.157087
5.42468 0.065965
5.34627 0.631407
5.34567 0.646978
5.36657 0.382756
5.36797 0.372169
7.08204 0.306083
7.08044 0.297085
7.10662 0.578444
7.10588 0.546751
7.03765 1.10726
7.04798 1.06531
7.01153 1.18737
6.99535 1.23503
7.05847 1.0257
6.56625 1.88302
6.62727 1.82525
6.95464 1.33648
6.96656 1.30961
7.02439 1.15027
6.54879 1.89711
6.49753 1.93752
6.51262 1.92595
6.65061 1.80161
6.37497 2.01433
6.33048 2.03596
6.24497 -0.78569
6.39534 -0.730549
6.32086 2.04059
6.21534 2.07797
5.97482 2.08707
5.90297 2.06888
6.71064 -0.485011
6.75769 -0.42833
5.35514 1.01543
5.35642 1.02802
5.4359 1.45599
5.50069 1.63364
5.60548 1.82808
5.5225 1.68401
6.69911 1.75056
6.84999 1.54153
6.87984 1.49052
5.85243 -0.705756
5.80816 -0.669695
6.96932 -0.0720457
6.98402 -0.0375496
5.50757 -0.202005
5.56733 -0.338564
5.47399 -0.104157
5.42792 0.0524232
5.35357 0.50546
5.35306 0.511897
7.09942 0.437194
7.09805 0.423357
6.4703 -0.690377
6.0549 -0.789989
6.44659 1.97163
6.38549 2.00854
6.10861 2.09502
5.74226 1.97643
5.70532 1.94535
6.81026 -0.359031
6.88849 -0.235573
6.59986 -0.594908
5.34385 0.778616
5.3496 0.942993
5.38644 1.23988
5.40114 1.31431
7.10215 0.731311
7.08774 0.872937
5.66875 -0.515953
5.66153 -0.504418
5.67348 -0.522997
5.5104 1.65752
6.76303 1.66895
6.89208 1.46757
6.94112 1.36723
6.02591 -0.78486
6.03827 -0.78836
7.05176 0.167555
5.48869 -0.148147
5.39143 0.225247
5.4832 -0.132372
5.3849 0.263076
5.34376 0.769356
5.35858 0.454864
5.34383 0.760112
7.05592 0.183669
7.10531 0.667674
7.06455 0.999491
6.97577 1.2877
