7.71054 -0.296466
7.74087 -0.202279
5.50518 3.36155
5.47668 3.35288
5.0532 3.06613
5.07669 3.09419
7.82473 0.171715
7.84043 0.297386
4.59094 1.49285
4.59702 1.55153
4.65893 2.00846
4.65753 2.00007
4.63811 -0.0816981
4.63125 -0.035951
7.54886 -0.677031
7.5241 -0.72519
6.37791 3.17619
6.30278 3.2152
7.56097 1.85298
7.56672 1.84073
4.71556 2.27688
4.70887 2.24969
6.69332 2.96537
6.70711 2.95451
7.48002 2.01545
7.47661 2.0218
7.31808 2.28531
7.27551 2.34828
7.7524 1.32399
7.75971 1.29626
7.7768 -0.0698853
7.79935 0.0303692
7.65708 -0.439976
7.6374 -0.488318
5.78327 -2.21672
5.80093 -2.21348
5.60206 3.37689
5.58072 3.3736
5.30518 3.28517
5.3784 3.32069
5.10986 3.13218
5.16994 3.18943
4.95716 -1.34747
4.9894 -1.4341
5.06817 -1.62739
5.061 -1.61242
6.56318 3.05977
6.57934 3.04905
4.62362 1.77617
4.62791 1.8082
6.14846 -2.09657
6.18877 -2.07703
5.51087 -2.18224
5.54823 -2.19679
4.81032 -0.874644
4.79064 -0.802648
5.13262 -1.76438
5.14206 -1.78117
4.60075 0.204143
4.59464 0.261287
4.68102 2.12415
4.68174 2.1274
5.92374 3.355
5.96614 3.34352
6.15472 3.28426
6.15324 3.28489
6.89442 2.7901
6.8588 2.8242
6.68084 2.97495
6.3915 -1.95739
6.36742 -1.97202
6.79272 -1.64754
6.7652 -1.67143
6.99838 -1.4482
6.94074 -1.5069
7.30736 -1.07556
7.31832 -1.06063
7.41854 -0.910162
7.42019 -0.907513
7.85275 0.520456
7.85035 0.431263
4.56474 0.913391
4.5644 0.897011
4.56877 1.11773
4.57043 1.16738
4.8948 -1.16004
4.90789 -1.20263
4.71056 -0.46743
4.71931 -0.50795
5.26907 -1.98344
5.22679 -1.92295
4.57963 0.452072
4.58808 0.330574
4.57123 0.601954
4.56886 0.654793
4.75342 2.42536
4.73821 2.36818
7.17684 -1.2462
7.15595 -1.27216
7.82914 0.934258
7.83653 0.877857
4.66891 -0.259163
4.66215 -0.221943
7.85263 0.565849
7.85171 0.648036
7.7459 -0.185268
7.70224 -0.320475
6.08638 -2.12674
7.05827 -1.38292
7.09351 -1.34427
6.43743 3.14033
6.26608 3.23455
4.81597 2.61872
4.8112 2.60476
7.13382 2.53301
7.15078 2.51256
7.80716 1.07678
7.79724 1.12989
7.40133 2.15344
7.38169 2.18589
7.22978 2.41037
7.27472 2.34941
7.70365 1.49086
7.70617 1.48321
7.67125 -0.403989
7.60577 -0.560702
7.60879 -0.55397
6.5928 3.0399
6.52274 3.08693
4.61564 1.71812
4.61101 1.67986
4.58994 1.48275
4.58497 1.42322
5.5869 -2.20807
5.67892 -2.22061
4.83213 -0.953572
4.90312 2.82454
4.91193 2.84405
6.01286 3.33162
6.03906 3.32452
6.15257 3.28512
6.15298 3.28498
6.46509 3.12402
5.70996 3.3814
5.74849 3.37863
5.64708 3.38021
5.65814 3.38115
6.83194 2.84761
6.33701 -1.99107
6.4739 -1.90116
6.90156 -1.54655
7.02338 -1.42151
5.95496 -2.1762
5.93495 -2.1834
6.00255 -2.1595
6.0753 -2.1317
4.56562 0.992564
4.5655 0.976891
4.56835 1.10389
4.85414 -1.03016
4.86567 -1.06745
4.57858 0.466923
4.57913 0.459173
4.58823 0.328723
4.61511 0.0835245
4.6123 0.105332
4.57179 0.589594
4.77189 2.48655
4.75602 2.43491
7.60827 1.74722
7.61004 1.74309
6.96829 2.71609
7.01829 2.66488
7.26608 -1.13337
7.26431 -1.13572
7.84203 0.817344
7.83738 0.869446
5.88442 -2.19769
5.86259 -2.20316
4.56778 1.04039
4.56788 1.08953
4.95317 -1.33673
4.93122 -1.2728
4.59039 1.48737
4.68817 -0.364181
4.688 -0.363268
4.76761 -0.714768
4.78286 -0.774269
5.36897 -2.09003
5.3938 -2.11061
4.57651 0.524366
4.57231 0.577918
4.6697 2.06648
4.6749 2.09363
4.87098 2.75557
4.83488 2.67045
7.64226 1.66267
7.64379 1.65877
5.68292 -2.2209
5.7681 -2.21862
4.63362 1.84814
4.63701 1.87237
5.44476 -2.14713
5.41688 -2.12989
5.30603 -2.02632
5.28287 -1.99935
5.86636 3.36644
5.86425 3.36672
7.26713 -1.13196
6.26251 -2.03586
6.20202 -2.06988
6.49068 -1.88981
6.57508 -1.82707
4.96785 2.94388
4.98811 2.97594
4.57976 1.3544
4.57657 1.30278
4.61915 1.74403
4.58838 0.327057
4.59108 0.297833
4.56414 0.833358
4.56445 0.801894
5.6813 -2.22093
5.40469 3.33143
5.518 3.36413
5.08889 3.10925
5.02183 3.02528
7.84059 0.29903
7.82353 0.163468
5.05128 -1.5907
5.02423 -1.52376
5.18088 -1.85049
5.15003 -1.79532
4.64876 1.95007
4.66922 2.06373
7.48621 -0.794505
7.57951 -0.615405
7.51973 1.93873
7.60637 1.75165
4.69807 2.20354
4.72318 2.30894
4.83289 2.66528
4.83237 2.66382
6.85484 -1.59031
6.89495 -1.55313
7.36889 -0.985942
7.41478 -0.91614
7.44127 2.08525
7.50234 1.97269
7.2749 2.34915
7.32974 2.26772
7.66245 1.60925
7.67544 1.57465
7.77303 1.24091
7.73416 1.39094
7.84884 0.7095
7.84659 0.760069
7.80328 0.0496319
7.77295 -0.0853892
5.20682 3.22012
5.26494 3.26085
5.60654 3.37744
7.85021 0.428632
5.00965 -1.48556
4.95577 -1.34383
5.10132 -1.69926
4.73336 -0.570447
4.75293 -0.654038
5.49502 -2.17607
5.48091 -2.16793
5.19944 -1.88291
5.11472 -1.72704
4.64662 1.93641
4.6929 2.18147
7.46542 -0.831122
6.6912 -1.73576
6.67252 -1.7507
6.6555 -1.76439
7.34659 -1.0193
7.27081 -1.12689
7.85302 0.538404
5.98545 -2.16652
4.68867 -0.36661
5.27723 -1.99309
4.73389 2.35075
4.75394 2.4274
7.08461 2.59127
7.09345 2.5814
7.8368 0.87504
7.82543 0.964568
4.65033 -0.153758
4.8386 -0.976576
4.77708 2.50255
4.79941 2.57194
7.17147 2.48644
7.10037 2.57332
7.82083 0.993892
7.78275 1.1991
7.21439 2.43084
7.51725 1.9436
7.43063 2.10391
7.36024 2.2201
7.72931 1.40731
7.67592 1.57324
4.58039 1.36313
5.90595 -2.19128
4.83591 -0.966962
4.56416 0.866412
4.57226 1.21907
4.57321 1.24214
4.91154 -1.21367
4.56671 0.704762
4.56568 0.735879
7.12511 -1.30833
7.84476 0.790075
4.60539 1.63334
4.60186 1.60097
5.40441 -2.11984
5.34153 -2.06592
5.81407 3.37396
5.79405 3.37572
4.6443 1.92053
5.33142 -2.05461
4.60211 0.191439
5.87297 3.36531
5.01463 3.01571
4.95875 2.92885
6.29305 -2.01851
5.33532 -2.05929
4.62645 -0.000978512
5.61447 3.37803
4.57615 1.29491
4.57561 1.28607
4.59444 0.263471
4.56477 0.785161
4.56499 0.768806
4.92254 2.86431
5.6815 3.38176
6.59059 -1.81588
4.56534 0.961053
4.57071 1.1801
4.88535 -1.13109
4.5681 0.669135
7.03266 2.64925
6.48871 3.1096
4.60836 1.65977
4.59803 1.56301
7.62883 -0.50858
4.58478 1.42091
