5.90419 1.31391
5.88015 1.28326
6.49788 1.28519
6.49186 1.29317
6.65223 1.02447
6.61848 1.09555
5.73624 0.658003
5.73623 0.658234
5.94155 -0.00376562
5.92466 0.0203022
6.12099 -0.132512
6.0493 -0.101483
6.21924 -0.147678
6.26003 -0.14756
6.482 -0.027077
6.49244 -0.0171402
5.83965 0.170658
5.86044 0.122721
6.68404 0.917111
6.66913 0.977261
6.61508 0.156432
6.62409 0.174112
5.77351 0.366344
5.77053 0.379915
6.11322 1.4535
6.10042 1.45287
6.34031 1.41432
6.28076 1.43783
6.69731 0.392301
6.7044 0.428578
5.96338 1.37425
6.71245 0.788187
6.70809 0.81564
6.4839 1.30203
6.56167 1.19737
6.66232 0.999087
6.66504 0.991694
6.59836 1.13336
5.98864 1.40014
5.81964 1.16614
5.82317 1.1747
6.06441 1.4374
6.21443 1.45695
6.39922 1.37397
5.76632 1.00533
5.76904 1.01584
5.73883 0.778519
5.74586 0.859186
5.7415 0.595936
5.74541 0.535628
6.72169 0.683417
6.72298 0.663569
5.74879 0.894259
5.75407 0.929062
6.37231 -0.109609
6.37992 -0.105023
6.01797 -0.0759751
5.95148 -0.0169662
5.80372 0.26672
5.82196 0.214084
6.66549 0.275566
6.6727 0.298157
6.42628 -0.0698958
6.3395 -0.121016
5.88575 0.0805863
6.15223 -0.144389
6.55718 0.0652725
5.77925 0.342615
6.58102 0.0974424
6.63379 0.196187
5.75508 0.473422
6.71871 0.519407
6.72142 0.554678
6.7231 0.582825
5.8434 1.21733
5.81757 1.16082
5.99711 1.40674
6.00617 1.41193
5.75105 0.499115
6.7198 0.713182
5.73697 0.723733
5.76543 1.00074
5.74592 0.530356
5.74564 0.53311
5.79971 1.11328
5.76385 0.991782
