6.06014 -2.75275
5.99134 -2.8045
4.5762 -1.54769
4.54322 -1.4009
8.07087 -0.275493
8.08018 -0.245073
8.18492 0.426616
8.18552 0.446562
4.21857 1.3583
4.21583 1.32315
4.20841 0.850309
4.20786 0.819795
6.85506 3.33207
6.83435 3.34919
4.33442 -0.448527
4.34994 -0.53218
4.27205 2.05966
4.27255 2.06407
4.25777 1.9301
4.24718 1.81199
4.83586 -2.66393
4.85231 -2.73146
4.82008 -2.59066
4.83463 -2.65747
4.23903 0.222326
4.23595 0.254705
7.85463 -0.825978
7.87381 -0.787106
5.39331 -3.19877
5.41379 -3.18528
6.43639 3.64291
6.4075 3.66039
7.85807 2.00047
7.87946 1.95267
4.35366 2.61385
4.33793 2.51695
4.78409 -2.42385
4.78714 -2.44244
7.14762 3.05681
7.20871 2.99271
8.13513 1.10825
8.12467 1.16645
5.25275 -3.26837
5.25471 -3.26794
5.13191 -3.29844
5.12069 -3.29752
7.46715 2.67593
7.49787 2.63469
7.65523 -1.17588
7.6401 -1.19899
7.66163 2.38175
7.68023 2.34889
4.65852 3.55223
4.74508 3.67406
5.5379 -3.11114
5.57689 -3.08747
8.01949 1.58408
7.99725 1.65114
5.84756 -2.90528
5.89812 -2.87023
8.18683 0.598957
8.18519 0.656059
4.92208 -3.00788
4.93662 -3.05338
4.88503 -2.86977
4.88589 -2.87227
4.6616 -1.90915
4.68016 -1.98936
5.64345 -3.04307
5.60916 -3.06565
4.96348 -3.13158
4.95606 -3.11313
5.00574 -3.2222
5.01699 -3.23841
4.59294 -1.61669
4.58835 -1.5976
6.64992 3.49576
6.62125 3.51634
6.02289 3.85614
6.05006 3.84537
5.77247 3.94282
5.71447 3.95524
4.42261 2.94286
4.41826 2.92347
7.10924 3.0965
7.29624 2.89425
7.27213 2.92196
7.54872 -1.33211
7.57994 -1.28793
7.03921 -1.92466
7.07481 -1.88932
6.87729 -2.08183
6.88386 -2.07597
6.65829 -2.27537
6.66727 -2.26737
6.42013 -2.47295
6.40399 -2.48651
4.63134 -1.77814
4.63964 -1.81324
7.97496 -0.556154
7.95973 -0.595059
7.72579 -1.06163
7.76 -1.00314
4.49734 3.19751
4.48862 3.17326
6.14002 -2.69207
6.115 -2.71199
6.95666 3.24253
7.01485 3.18793
4.29097 2.20031
4.30466 2.29401
4.25798 1.93243
4.25818 1.9346
7.16869 -1.78949
7.23017 -1.7228
4.52023 -1.30063
4.53517 -1.36393
4.58561 -1.58682
4.45802 -1.03572
4.45963 -1.04302
4.20799 1.01022
4.20777 0.97731
4.22546 1.50713
4.22428 1.48569
4.37529 -0.657237
4.36542 -0.610317
4.21894 0.492041
4.22055 0.465009
5.49814 3.98609
5.45481 3.9885
5.38897 3.9871
5.42334 3.98791
4.30837 2.31421
4.31145 2.33782
4.25898 0.0256499
4.26067 0.0114772
4.29853 -0.249668
4.29473 -0.226461
5.37387 -3.20788
7.94047 1.80557
7.96317 1.74645
7.76301 2.19655
7.78778 2.14819
4.35808 2.63998
4.37375 2.72304
4.92223 3.83837
4.90249 3.82525
5.07724 3.92197
5.02195 3.89752
5.15288 3.94885
5.10562 3.93264
5.31592 3.98121
5.2953 3.97917
4.80072 -2.49596
4.77041 -2.36456
8.08493 1.35151
8.05989 1.44953
7.60477 2.47495
7.56296 2.54
7.39337 2.77486
7.36936 2.80585
6.95975 -2.00354
6.97983 -1.98466
7.6212 2.44929
7.62414 2.44446
7.45527 -1.45903
7.45539 -1.45888
4.56971 3.38125
4.54897 3.33566
4.6255 3.49419
4.6169 3.47983
4.52377 3.2713
4.53502 3.30017
4.72172 -2.15751
4.71877 -2.14455
4.75615 -2.3029
4.75194 -2.28273
5.77719 -2.95288
5.83591 -2.91337
5.76119 -2.965
5.73226 -2.98578
4.70196 -2.07915
4.68492 -2.00922
8.08801 -0.216922
8.01816 -0.440144
8.00314 -0.481424
8.1676 0.206144
8.17009 0.229689
8.14358 0.0283756
8.14562 0.0418899
6.70377 3.45429
6.72941 3.43466
6.91644 3.27822
6.93658 3.26053
5.99506 3.86798
5.90297 3.90228
5.84946 3.92066
5.82332 3.92815
5.65909 3.9677
4.2873 2.17537
6.21398 3.76963
6.20667 3.77306
6.27307 3.73868
6.2699 3.74047
6.5097 3.59474
6.49151 3.60736
4.40117 2.85183
4.40941 2.88761
4.43377 2.98607
7.23644 2.96239
7.30337 2.88616
7.11646 -1.84533
6.82824 -2.12648
6.79155 -2.15947
4.6556 3.54803
8.18051 0.734282
8.17797 0.769411
6.73337 -2.20984
6.72192 -2.21995
6.606 -2.31939
6.49693 -2.41057
6.46754 -2.43497
6.37397 -2.51
6.34047 -2.53699
4.64285 -1.82867
4.61675 -1.71519
4.48679 -1.16006
4.48896 -1.16917
4.23097 1.59811
4.23201 1.61399
4.21538 0.56614
4.21411 0.595415
7.3603 -1.57577
7.36825 -1.56643
4.41166 -0.824149
4.4044 -0.790606
4.43613 -0.936524
4.43192 -0.916816
4.20883 1.07189
4.20944 1.10431
6.18214 -2.65999
6.21977 -2.63129
8.04414 -0.362753
4.84912 3.78282
4.83654 3.77104
8.17811 0.320165
8.18388 0.40415
4.21051 0.723307
4.20893 0.754448
7.05759 3.14759
7.03579 3.16831
6.7528 3.4164
6.81262 3.36697
4.27146 2.05578
4.26494 1.99605
5.34888 -3.2201
5.33306 -3.22952
6.34322 3.6988
6.33384 3.70457
8.16781 0.874648
8.17062 0.850437
8.15471 0.981158
8.16547 0.898449
4.48303 3.15763
4.46845 3.111
5.68334 -3.01705
4.98592 -3.1877
4.97074 -3.14729
8.11565 -0.109676
6.5464 3.56997
6.58833 3.53975
5.63409 3.97196
7.30961 -1.63475
7.25171 -1.6997
5.94684 -2.83573
5.94076 -2.8398
8.14164 0.0171996
8.12688 -0.0558043
4.65887 -1.89937
4.65181 -1.8708
4.21344 1.2313
4.21363 1.26517
4.24217 1.75038
4.24152 1.74163
4.449 3.04432
4.45002 3.04861
4.7679 -2.35177
7.33349 2.84865
7.36777 2.80783
4.51045 3.2354
4.51908 3.26024
4.74532 3.67437
4.74564 3.67472
6.55714 -2.3606
6.54468 -2.37136
6.1048 3.82123
6.13556 3.8069
6.78875 -2.16202
4.21517 1.2948
4.21962 1.39565
4.20878 0.786809
4.20764 0.8807
4.35399 -0.553373
4.32364 -0.390578
5.5522 3.98242
5.54265 3.98352
4.86 -2.77033
4.83545 -2.66156
4.81159 -2.55784
4.80468 -2.51978
4.27405 -0.0913508
4.27632 -0.108277
4.22958 0.337124
4.24745 0.132605
7.90967 -0.710021
7.81824 -0.896701
5.31941 -3.23813
7.9008 1.90288
7.83455 2.05169
4.35468 2.62072
4.33188 2.47537
4.45082 3.05188
5.22272 3.9665
5.27629 3.97592
8.14771 1.03079
8.11176 1.23159
5.18878 -3.28977
5.25661 -3.26725
5.05869 -3.27939
7.32327 -1.61926
4.59614 3.43727
4.58143 3.40897
5.60369 -3.06959
5.52074 -3.12045
4.87146 -2.80977
5.04779 -3.27106
4.90347 -2.94008
4.88741 -2.87765
4.91403 -2.984
4.94234 -3.07464
5.66383 -3.02922
4.96671 -3.13702
4.26295 1.97843
7.79319 -0.94321
7.926 -0.673534
4.45641 3.07116
7.69888 -1.1062
7.60009 -1.25836
7.5 -1.40065
8.18778 0.555266
6.27695 -2.5871
6.29421 -2.5729
6.2411 -2.61532
4.47354 -1.10459
4.47389 -1.10611
4.2357 1.6668
4.23723 1.68873
7.40888 -1.5171
7.41228 -1.51297
7.49746 -1.4041
5.98439 -2.80946
5.97948 -2.81279
6.08187 -2.73708
4.50026 -1.21538
4.50777 -1.24676
4.47088 -1.09324
4.44573 -0.97992
4.20787 0.946787
4.20824 1.04081
4.2224 1.44633
4.22788 1.54984
4.31535 -0.3434
4.37896 -0.675455
4.22307 0.424243
4.21689 0.530219
5.44384 3.98834
5.56564 3.98061
5.37087 3.98637
4.27667 -0.110728
5.43861 -3.17139
5.46656 -3.15517
7.81218 2.09835
7.92238 1.85099
7.97713 1.70855
7.73924 2.24231
4.32233 2.41246
4.38072 2.75561
4.86053 3.79196
4.96078 3.86402
4.99317 3.88208
5.08598 3.92581
5.18112 3.95609
8.09564 1.30588
8.05479 1.46815
7.5604 2.54391
7.62053 2.45037
7.4342 2.72204
7.5015 2.62945
7.71535 2.28627
7.49509 -1.40724
7.45366 -1.46107
4.54526 3.32582
4.70359 -2.08631
4.73565 -2.21366
4.7391 -2.22994
8.03338 1.54098
5.91064 -2.86176
8.17422 0.271026
8.16286 0.163187
5.88443 3.9094
6.06206 3.83997
4.41201 2.89819
4.39668 2.83197
6.78555 -2.1649
6.67549 -2.26026
6.5311 -2.3831
6.43595 -2.46038
6.31157 -2.55953
4.21307 0.629848
4.39937 -0.768
4.41805 -0.853715
4.42382 -0.880386
4.21041 1.13631
8.18776 0.542678
4.2117 1.19856
4.21078 0.69109
5.49215 -3.13849
6.46974 3.62134
7.94207 -0.636777
4.24666 1.80523
4.3909 -0.727492
5.89199 3.90651
5.42993 -3.17697
5.48026 -3.14609
7.43666 2.71874
8.02719 1.56081
5.83815 -2.91174
8.16027 0.141926
8.1174 -0.102274
6.14901 3.80051
6.24028 3.75609
6.32559 3.70949
4.79691 3.73203
4.38953 2.7981
6.39329 3.66892
4.39547 2.82634
