6.48603 1.05933
6.50479 1.03079
6.31536 0.0679475
6.2849 0.0549342
5.9619 0.242671
5.94352 0.279987
6.57773 0.826702
6.59935 0.738246
6.49794 0.238455
6.54396 0.321671
6.39103 1.17863
6.35149 1.20421
5.93254 1.05516
5.89763 0.974295
6.08939 1.23288
6.13418 1.25585
5.88416 0.920974
5.88793 0.94015
5.86022 0.60331
5.85782 0.662255
6.09882 0.0888776
6.07429 0.101977
5.88803 0.433611
5.89513 0.405162
6.52807 0.98771
6.43833 1.1233
5.99063 1.15292
6.01216 1.18122
5.86529 0.796883
5.85926 0.740151
6.60053 0.724433
6.56109 0.899466
6.55259 0.339566
6.55192 0.92726
6.2605 1.25449
5.9675 1.11585
6.21389 1.2562
5.86769 0.83718
6.5918 0.488942
6.60193 0.578084
6.60288 0.675872
5.86955 0.527087
5.87393 0.499389
6.46678 0.186523
6.46651 0.18609
6.60296 0.596782
6.55474 0.34547
6.55801 0.354441
6.40073 0.117061
6.23712 0.0531253
5.9205 0.335514
5.97934 0.209862
6.02088 0.160194
6.17646 0.0529565
6.42494 0.140678
5.88448 0.44887
6.5829 0.445785
5.89034 0.950446
5.85797 0.718255
5.8608 0.593841
5.86734 0.537303
6.4676 0.187681
