7.02709 -0.625224
7.06542 -0.566569
7.39906 0.624495
7.40017 0.593695
6.58794 2.3422
6.64566 2.29478
6.28517 -1.26403
6.21119 -1.28773
6.62832 -1.06072
6.71032 -0.992774
7.13328 1.67338
7.15578 1.62912
5.72071 -1.22828
5.76156 -1.25094
7.19537 -0.328507
7.17616 -0.368832
7.35511 0.149178
7.33449 0.0589058
5.03982 0.770564
5.04081 0.711369
5.08049 0.220199
5.0709 0.294561
5.96609 2.5929
6.06068 2.58473
6.39266 2.4693
6.36369 2.48376
6.09001 2.57972
6.17729 2.55928
6.97205 -0.703144
6.93089 -0.755713
7.2313 1.45969
7.21428 1.5006
5.04395 0.998696
5.05186 1.11492
5.19263 -0.324288
5.22108 -0.415044
5.28937 -0.609407
5.30205 -0.639667
5.37012 -0.79203
5.36009 -0.772392
5.46686 -0.960968
5.49931 -1.00679
5.58884 -1.11597
5.53779 -1.05985
5.10674 1.54383
5.10599 1.53957
5.1585 1.76005
5.18391 1.84655
5.54441 2.44718
5.56113 2.46093
6.09244 -1.31337
6.10728 -1.31077
5.9062 -1.30564
5.92786 -1.30812
5.2233 1.95901
5.1989 1.89364
5.30386 2.13896
5.32768 2.18057
5.40812 2.30359
5.37339 2.2565
6.71367 -0.989594
6.78716 -0.917564
7.09249 1.74935
7.03997 1.83487
7.29254 -0.0845729
7.26463 -0.163973
5.05373 0.465176
5.0464 0.570725
5.73997 2.5577
5.75976 2.56471
7.38142 0.304842
7.39077 0.388429
6.48145 -1.16528
6.42916 -1.19507
6.86821 2.07062
6.88423 2.05169
7.265 1.37269
7.26429 1.37464
5.1903 -0.316006
5.1891 -0.311525
7.29518 1.28158
7.31354 1.21782
7.35838 1.02829
7.35297 1.05846
7.37503 0.931985
7.37409 0.939118
6.94557 1.97285
6.93731 1.9843
7.38133 0.883758
7.37712 0.919045
5.23945 -0.471465
5.22796 -0.436402
5.15085 -0.15975
5.14396 -0.130264
5.042 0.964993
5.04085 0.906825
6.73301 2.2155
6.76241 2.18739
7.3388 1.11894
7.34654 1.08885
6.82787 2.11697
7.39247 0.786428
7.39229 0.788557
5.16435 -0.214299
5.17422 -0.253267
5.12019 -0.0211168
5.12987 -0.0669441
6.80844 2.13829
6.76889 2.18055
6.33847 2.49646
6.30804 2.51028
5.04269 0.979306
5.15886 -0.192314
5.06775 1.2902
5.07083 1.31737
6.50188 2.4037
6.49227 2.40976
7.12213 1.69469
7.09683 1.7419
5.10776 0.0468274
5.10535 0.0596736
5.87284 2.58865
5.86211 2.58778
6.28448 2.52104
6.20915 2.54805
7.00086 -0.663765
7.11337 -0.488139
7.39884 0.540767
7.39784 0.690528
7.36673 0.980139
7.36166 1.01292
5.41648 -0.87761
5.44782 -0.932437
5.1309 1.65306
5.10929 1.55644
6.5706 2.35478
6.67476 2.27039
6.18806 -1.29523
6.32085 -1.24816
5.2611 2.05059
5.24292 2.00689
5.47061 2.37921
5.46585 2.37432
6.58823 -1.09267
6.71166 -0.991532
7.16639 1.60727
7.12691 1.68569
5.81314 -1.27668
5.66552 -1.18699
7.22249 -0.268431
7.1322 -0.454767
7.36113 0.178373
7.32773 0.0334513
5.04096 0.704601
5.03979 0.776546
5.09033 0.152051
5.06548 0.341765
5.83876 2.58254
6.07111 2.58382
6.87902 -0.818437
7.12627 -0.465786
7.19561 1.54437
7.2484 1.41602
5.65866 2.52276
5.63109 2.50696
7.39734 0.7067
5.27479 -0.572881
5.2536 -0.513122
5.32924 -0.703427
5.38136 -0.812911
5.52349 -1.04087
5.62979 -1.15791
5.08758 1.43139
5.1404 1.69047
5.18939 1.86493
5.08224 1.39477
5.48752 2.3948
5.99852 -1.31654
6.08656 -1.31355
6.3837 -1.22027
5.88698 -1.30031
5.28403 2.10085
5.35246 2.22355
6.85932 -0.841557
6.83937 -0.863951
6.53939 -1.1265
7.01149 1.87859
7.09617 1.74308
7.12888 -0.461095
7.23491 -0.239535
7.30217 -0.0550635
7.24868 -0.205149
7.3754 0.262815
5.1169 -0.00363085
5.04277 0.646171
5.05631 0.434092
5.04535 0.590507
5.06084 0.385135
5.09857 0.100384
7.39519 0.439546
7.32838 1.16148
7.33372 1.14184
7.39844 0.496712
7.2907 1.29526
7.32226 1.18685
7.34891 1.0764
6.71236 2.23532
6.91606 2.01224
6.98719 1.91485
6.8921 2.04249
7.39272 0.78268
7.38405 0.863373
5.24828 -0.497534
5.03964 0.847449
5.03955 0.835992
5.07293 1.33247
5.05793 1.20088
5.03964 0.782402
6.44143 2.44048
6.41797 2.45484
5.05478 1.15927
5.13964 -0.111385
5.04059 0.900605
6.47068 2.4231
