7.55521 0.0369045
7.56341 0.0713929
7.52793 1.25466
7.51895 1.29014
5.35081 -1.38142
5.39328 -1.44163
5.66985 -1.6778
5.69503 -1.68796
5.0576 -0.737389
5.05336 -0.723737
5.12516 -0.927297
5.14783 -0.987068
6.57242 2.69284
6.56136 2.70113
6.91014 2.39384
6.91356 2.3901
4.81633 0.781067
4.8141 0.844332
5.12853 2.47979
5.15048 2.52023
7.17209 -0.828887
7.1322 -0.887899
6.15323 2.91204
6.1779 2.90264
5.88801 2.96413
5.943 2.95974
7.04075 2.23985
7.03335 2.24956
6.38038 2.81152
6.3467 2.83006
7.57331 0.120615
7.58844 0.20927
7.53558 -0.0432801
7.51643 -0.114749
7.45407 -0.295985
7.46907 -0.256506
7.36522 -0.498204
7.34794 -0.534231
7.39164 1.64689
7.3777 1.67829
7.45961 1.47355
7.44657 1.50916
5.53336 2.89944
5.59319 2.92384
5.337 2.76341
5.37622 2.79792
5.32801 -1.34861
5.28833 -1.28045
4.82061 1.10942
4.82686 1.21968
4.84155 1.38545
4.84928 1.45697
4.87931 1.67192
4.88186 1.68834
5.7797 -1.71222
5.85635 -1.72442
4.98446 -0.488298
5.00138 -0.54899
5.50493 -1.56703
5.52046 -1.57988
5.20081 -1.10788
5.17281 -1.04476
4.92668 1.90983
4.94185 1.97087
4.86685 0.0982172
4.85775 0.164942
4.83341 0.389884
4.83203 0.403257
4.8158 0.712772
4.81757 0.650745
4.81414 0.848191
4.81548 0.974
5.23123 2.6437
5.21574 2.6207
6.24174 -1.64644
6.27752 -1.62902
4.98136 2.11533
4.97747 2.10277
7.02256 -1.02863
6.99826 -1.05738
5.73568 2.95959
5.75641 2.96089
6.63724 -1.40504
6.69518 -1.35722
6.43847 -1.54374
6.49512 -1.5068
7.61193 0.430114
7.6076 0.366215
7.61656 0.613597
7.61685 0.578028
7.59812 0.891748
7.59305 0.934801
4.94734 -0.334133
4.96561 -0.412602
7.08656 -0.946725
7.12588 -0.896545
7.22741 -0.745986
7.24575 -0.717137
6.86323 -1.2039
6.85346 -1.21386
7.26992 1.894
7.26004 1.91214
4.9032 -0.126522
4.90162 -0.11799
7.4218 -0.376427
7.40055 -0.425232
7.49725 1.36347
7.49215 1.38049
7.57639 1.03633
7.57031 1.07283
6.73452 2.56404
6.77131 2.5307
7.17612 2.05025
7.13471 2.11168
7.50895 -0.138059
7.50059 -0.164423
7.39392 -0.439881
7.32288 -0.582921
7.33507 -0.559465
7.4268 1.56159
7.4769 1.42445
4.8199 1.09857
4.82883 1.24604
4.8157 0.715926
4.81559 0.979122
6.65552 2.63027
6.66226 2.62482
7.55845 1.12704
7.56641 1.09286
7.60896 0.789176
7.60763 0.804914
7.59036 0.952726
7.59187 0.942868
4.93123 -0.263438
4.97144 -0.436861
7.41385 1.59379
4.81906 1.04009
5.71551 -1.69566
5.75455 -1.70768
5.01898 2.22963
5.0466 2.30284
7.20387 2.00706
7.22371 1.97505
6.07224 -1.70302
6.04741 -1.70991
6.4211 2.78989
6.4541 2.77011
4.83299 1.2961
4.8156 0.718954
4.98404 -0.486788
4.827 0.465384
4.82389 0.512029
7.56814 0.0947301
7.54723 0.000721466
5.43449 2.84277
5.47407 2.86756
5.424 -1.48174
5.33741 -1.36278
4.8368 1.33906
4.92428 -0.230831
4.92712 -0.24432
5.0646 -0.759322
5.02733 -0.63807
5.16123 -1.01856
5.10947 -0.88485
4.9026 1.80056
4.90675 1.81958
6.5286 2.72267
6.58305 2.68509
6.92324 2.3792
6.84413 2.46149
5.17702 2.56353
5.10803 2.43832
6.17223 -1.67259
6.14393 -1.68388
7.13033 -0.890396
7.19 -0.803145
6.93537 -1.12789
6.98557 -1.07226
6.10885 2.92523
6.25938 2.87117
6.00125 2.94981
5.83895 2.96599
6.53732 -1.4791
6.59846 -1.43403
7.01634 2.27087
7.08498 2.18123
7.61549 0.522321
7.61405 0.470979
6.32528 2.83998
6.40091 2.80099
7.59383 0.245709
7.35424 1.72957
5.63337 2.93743
5.29384 2.71858
7.60474 0.336547
5.45597 -1.51697
5.25292 -1.2151
4.8582 1.5273
4.86429 1.5734
4.86144 1.55275
4.89162 1.74364
5.92242 -1.72374
5.76176 -1.7097
5.58083 -1.62751
5.60208 -1.64004
5.00622 -0.565965
4.98437 -0.487978
5.09125 -0.834847
5.24247 -1.19605
5.23338 -1.17871
4.95334 2.01743
4.87821 0.0218598
4.85098 0.219108
5.24214 2.65833
5.08541 2.39266
5.06184 2.34
6.34066 -1.59929
5.95227 -1.72389
6.01792 -1.71459
4.98385 2.12284
6.8757 -1.19102
7.043 -1.00359
6.28813 2.85826
6.04776 2.94166
5.72604 2.95803
6.7383 -1.32094
6.38385 -1.57475
6.78625 -1.27697
7.29634 -0.631888
7.28125 -0.658067
7.61558 0.687644
6.61404 2.6616
6.64762 2.63684
4.90775 -0.150641
6.47569 2.75735
7.06929 -0.969545
4.88504 -0.0208797
7.54403 1.19308
7.55341 1.15214
7.4911 1.38397
7.51529 1.3029
7.56792 1.08447
7.58006 1.01716
6.82199 2.48355
6.69474 2.59748
6.9786 2.31587
7.1117 2.14405
7.18241 2.04082
7.61101 0.762495
7.61502 0.703889
7.48034 -0.225263
7.44024 -0.33203
7.3024 -0.621227
4.83754 0.341408
4.841 0.305744
4.82864 0.443855
4.81958 0.591169
4.8201 0.579616
7.60126 0.866684
7.29561 1.84717
7.32997 1.78093
7.23349 1.95861
4.84627 0.259373
5.01199 2.21038
7.34368 1.75201
7.5355 1.2269
5.64044 -1.66274
4.84373 0.279949
4.83448 0.375009
4.81765 0.646379
4.99273 2.1507
7.33028 1.7803
7.28389 1.86911
7.39619 -0.435096
7.39532 -0.436953
4.82348 0.520347
4.82292 0.528063
