5.89337 1.31865
5.87917 1.30054
6.09741 1.46472
6.09181 1.46286
6.51289 1.27862
6.49859 1.29759
6.49026 -0.0338914
6.49151 -0.032641
6.65094 1.04724
6.62598 1.09982
5.72979 0.645509
5.72891 0.662752
5.93378 -0.00834596
5.90634 0.0307506
6.10833 -0.139971
6.04779 -0.113769
6.24187 -0.160585
6.25844 -0.160537
5.83269 0.166559
5.85851 0.107023
6.7014 0.876926
6.67775 0.972343
5.7671 0.362699
5.76206 0.385633
6.33674 1.42835
6.29277 1.44571
6.7034 0.386234
6.71212 0.430851
6.62878 0.163698
6.62901 0.16421
5.92833 1.35428
6.72001 0.792493
6.71715 0.810472
6.47968 1.31862
6.5686 1.20193
6.66695 1.00697
6.67126 0.995239
6.61109 1.12779
5.97774 1.40491
5.81193 1.16952
5.82207 1.19409
6.21131 1.46919
6.10743 1.46565
6.40785 1.37965
5.75982 1.00934
5.76768 1.03979
5.7317 0.782918
5.73796 0.854676
5.73434 0.591847
5.73801 0.535243
6.72814 0.691053
6.73042 0.656166
5.74164 0.898676
5.7455 0.924174
6.36993 -0.122212
6.38833 -0.111137
6.00834 -0.0816486
5.94991 -0.0297895
5.79623 0.262308
5.81072 0.220493
6.67121 0.269868
6.68102 0.300606
6.49337 -0.0303742
6.29071 -0.149758
5.87736 0.0756446
6.15079 -0.156115
6.565 0.060815
5.77679 0.322601
6.62819 0.162565
6.58511 0.0879633
5.7482 0.469512
6.72508 0.513069
6.72843 0.556741
6.73051 0.591595
5.83487 1.22107
5.80599 1.15422
5.9943 1.41781
6.012 1.42796
5.74352 0.499293
6.72482 0.743371
5.72956 0.7195
5.75724 0.996067
5.73863 0.52912
5.79189 1.1167
5.75267 0.970122
