6.37743 2.67503
6.34032 2.69321
5.54435 2.71921
5.523 2.70582
7.48646 1.03301
7.48745 1.02805
5.02558 -0.232913
5.01492 -0.187102
5.09048 -0.487162
5.09191 -0.491872
5.02314 1.84751
4.99742 1.7401
6.74587 2.41072
6.67754 2.47019
4.90746 0.779584
4.90719 0.787155
5.35753 2.56445
5.35101 2.55727
6.06638 -1.54289
6.16048 -1.5216
6.91651 -0.996405
6.90167 -1.0131
5.76373 2.79933
5.74564 2.79629
7.02614 2.09624
7.05336 2.05918
7.13006 1.94548
7.14787 1.91689
7.18782 -0.628181
7.1661 -0.664046
7.52167 0.743552
7.52341 0.722058
5.16603 -0.720776
5.15344 -0.684468
5.30907 -1.0481
5.3374 -1.10211
5.22596 -0.871636
5.20696 -0.824962
5.40861 -1.21549
5.3833 -1.17567
5.53419 -1.3685
5.51764 -1.35264
4.97619 1.62818
4.99686 1.73746
4.9422 1.40049
4.94872 1.44979
4.9111 0.654242
4.91124 0.649221
4.90831 0.902782
4.90846 0.916892
5.24301 2.40795
5.22631 2.37798
5.1534 2.23582
5.16852 2.26943
6.25985 -1.48697
6.17464 -1.51698
5.87867 -1.54809
5.88398 -1.54826
5.698 -1.49124
5.72219 -1.50192
5.08133 2.05074
5.08015 2.04692
6.76628 -1.15015
6.76986 -1.14699
7.23989 1.75347
7.24043 1.75243
7.2515 -0.514403
7.23354 -0.548375
7.34593 -0.315316
7.34102 -0.327163
7.49426 0.190135
7.49495 0.194068
4.92221 0.451628
4.92205 0.453569
4.95571 0.149299
4.96299 0.10016
6.13834 2.77279
6.16212 2.76627
5.95226 2.80781
5.98894 2.80265
6.4563 -1.38677
6.37411 -1.43304
6.65533 -1.24579
6.59185 -1.29424
7.40093 1.36519
7.41069 1.33617
7.46778 1.1237
7.46547 1.13506
7.52156 0.429105
7.51994 0.404271
7.52547 0.556567
7.52655 0.598353
5.00673 -0.148649
4.9928 -0.0769577
7.04541 -0.839973
7.04805 -0.836609
7.44467 1.21982
7.42616 1.28646
6.82561 2.33334
6.79034 2.36791
6.94559 2.20052
6.94969 2.19557
6.41188 2.65532
6.44843 2.63453
7.3602 1.48384
7.37445 1.44461
4.91688 1.12963
4.91136 1.04533
4.914 0.580862
4.91371 0.587381
4.90922 0.714404
4.91097 1.03441
6.55462 2.56516
6.57231 2.55322
7.50986 0.878527
7.5066 0.905499
5.06288 -0.386366
5.05235 -0.345186
7.19135 1.8433
7.20496 1.81926
6.32326 2.70193
6.28457 2.71953
4.91129 1.03998
5.10567 -0.536795
5.11061 -0.552945
7.44307 -0.0373849
7.44123 -0.0443464
7.38425 -0.219077
7.38605 -0.214442
7.27614 -0.466233
7.29003 -0.438438
7.38258 1.42097
4.92924 1.28403
4.91995 1.17087
5.03752 -0.284335
5.02896 -0.248007
5.08427 -0.46604
4.93334 0.331728
4.9342 0.322977
7.26447 1.70346
7.28197 1.66772
6.39516 2.66526
4.90737 0.77215
7.23839 1.75634
7.21416 1.80214
7.47159 0.0754673
7.47092 0.0721631
7.34325 1.5266
5.44623 2.65025
5.63789 2.76476
7.5253 0.639983
7.52446 0.695195
7.49391 0.984826
7.48481 1.04257
5.01367 -0.181468
5.26545 -0.961007
5.28057 -0.991263
5.4678 -1.29399
5.4265 -1.24215
4.99726 1.7394
5.03542 1.89303
6.65879 2.48607
6.75384 2.40323
5.29719 2.48813
5.37668 2.58339
6.16241 -1.52118
6.03406 -1.54578
5.7874 -1.52793
5.87276 -1.547
5.11599 2.14434
5.08337 2.05686
7.08784 -0.780179
7.10767 -0.752962
6.93113 -0.979228
6.84454 -1.07252
7.30679 -0.403376
7.32376 -0.366481
4.93988 0.270394
4.94316 0.242919
5.67067 2.77488
5.84854 2.80882
6.55521 -1.32162
6.48753 -1.36641
7.09336 2.00158
7.00254 2.12804
6.26926 2.72654
6.17626 2.76113
7.14942 -0.690221
7.22586 -0.562216
7.48328 0.134042
7.28877 1.65313
7.31679 1.59021
5.64376 2.76717
5.42811 2.63433
7.5197 0.77708
5.12116 -0.586257
5.14512 -0.659713
5.18919 -0.780761
5.35623 -1.13323
5.25052 -0.929764
5.61062 -1.43636
4.95781 1.51522
4.97039 1.59341
5.05195 1.95372
4.93187 1.30893
5.25836 2.43289
5.19584 2.32337
5.14211 2.20829
5.97177 -1.55211
6.27021 -1.4821
6.35855 -1.44173
5.61157 -1.43701
6.77184 -1.14519
6.98322 -0.917083
6.68873 -1.21753
7.26252 -0.493583
7.36401 -0.270919
7.40627 -0.158764
7.40702 -0.156579
7.41874 -0.118359
7.5102 0.302494
4.98771 -0.0496473
4.97952 -0.00277717
4.91906 0.491749
4.92777 0.388282
4.97423 0.0297288
6.05684 2.79276
5.9209 2.80909
7.51254 0.322711
6.51068 2.59491
6.53648 2.57771
7.03946 -0.847842
7.45745 1.16623
7.47151 1.10841
7.52476 0.501368
7.42158 1.30281
7.44739 1.2099
7.47654 1.0811
7.49943 0.953899
6.83371 2.32519
6.59677 2.53426
6.89304 2.26066
6.95161 2.19314
7.10204 1.98896
4.91715 0.517643
4.917 0.520099
4.91133 0.644355
6.4865 2.61141
7.51749 0.800966
7.51394 0.83853
7.25398 1.72457
7.32583 1.57005
7.18156 1.86007
7.44807 1.2074
6.46395 2.62526
4.91709 0.518824
