4.68631 -1.19198
4.69334 -1.21776
5.32895 -2.62282
5.31239 -2.61155
5.42586 -2.65332
5.43587 -2.65384
5.85738 -2.5613
5.92866 -2.52816
5.22062 -2.5438
5.19987 -2.52375
5.10541 -2.3912
5.11865 -2.4106
8.00002 0.165888
8.00211 0.18201
4.6075 -0.880395
4.62478 -0.951015
4.51523 -0.462089
4.55018 -0.632573
4.46071 2.0616
4.46132 2.0669
4.55508 2.56488
4.56456 2.60411
7.30605 2.61398
7.3683 2.53064
7.43904 -1.20287
7.44607 -1.19291
7.30546 -1.37876
7.33223 -1.34559
6.99209 -1.726
7.02663 -1.69225
6.40966 -2.22525
6.41878 -2.21822
5.64887 -2.63791
5.65098 -2.63758
5.56257 -2.65449
5.56073 -2.65492
4.78624 -1.55312
4.76647 -1.4864
4.84032 -1.7308
4.83051 -1.69786
7.86101 -0.399289
7.85091 -0.427872
4.89112 3.36387
4.84738 3.30558
5.16489 3.59874
5.19551 3.61458
4.95286 3.43735
4.97948 3.4632
5.30295 3.65559
5.31042 3.65846
5.9906 -2.49531
6.0392 -2.46798
8.01492 0.299054
8.01335 0.279459
7.9784 0.030199
7.97804 0.0281861
6.81967 3.12292
6.81124 3.13016
6.58717 3.303
6.60632 3.28979
4.44579 1.94712
4.4442 1.93434
4.48203 2.19415
4.48028 2.18454
7.65034 -0.866736
7.64795 -0.871123
7.76622 -0.633666
7.7584 -0.651125
5.95785 3.62727
6.03377 3.60039
6.40849 3.42021
6.33589 3.4611
6.15516 3.55254
6.18513 3.53938
7.14666 2.80513
7.0862 2.87068
6.9815 2.97515
7.00675 2.95124
7.39382 -1.2648
7.4216 -1.22704
7.53932 -1.05248
7.51148 -1.09604
6.65113 -2.03695
6.64006 -2.0465
6.82932 -1.883
6.83539 -1.87775
8.02622 0.548899
8.02629 0.585557
8.01919 0.764636
8.01956 0.760168
4.73544 -1.37314
4.75826 -1.45629
4.91153 -1.94708
4.91496 -1.956
4.76155 3.16165
4.72794 3.09356
5.45505 3.6874
5.50703 3.69168
5.72818 -2.61339
5.74029 -2.60999
4.64828 -1.04608
4.646 -1.03683
4.63421 2.85088
4.63334 2.84848
7.72675 1.90663
7.7209 1.9198
4.79926 3.23067
4.81819 3.26176
6.11615 -2.42177
6.16209 -2.39409
6.20337 -2.36705
6.27473 -2.32041
5.41376 -2.65156
5.33446 -2.62522
5.2569 -2.57668
5.01176 -2.20097
4.99311 -2.15952
5.06922 -2.32441
5.05352 -2.29337
5.15044 -2.46047
5.18598 -2.50513
4.37964 0.91031
4.3798 0.850108
4.38062 1.03674
4.37992 0.977108
4.39521 1.40833
4.39214 1.3582
4.40363 1.5286
4.40057 1.4865
4.4874 -0.316939
4.49767 -0.371925
4.5556 -0.658396
4.3993 0.381261
4.40318 0.331735
4.39036 0.517271
4.39363 0.462192
4.45133 -0.09249
4.45757 -0.134277
4.41748 0.179324
4.42561 0.104852
6.29724 3.48326
6.1955 3.53413
4.53617 2.47757
4.52059 2.4031
4.60381 2.75097
4.59811 2.73015
7.20247 2.74103
7.23242 2.70593
7.99685 0.971487
7.9917 1.00767
7.95289 1.22092
7.93893 1.2832
6.74224 -1.96037
6.77881 -1.9281
7.07018 -1.64684
6.93149 -1.78695
7.51575 2.30741
7.48369 2.35946
7.59511 2.17031
7.58117 2.19548
7.43222 2.4389
7.43798 2.43025
7.88806 1.47351
7.89956 1.43457
7.83329 1.64094
7.84171 1.61726
6.42784 -2.21112
6.5366 -2.12919
6.35328 -2.2651
7.9379 -0.148546
7.94896 -0.105518
7.89989 -0.281044
7.9126 -0.239538
7.8883 -0.318571
7.82321 -0.499377
7.81565 -0.51883
4.90742 3.38614
6.91261 3.04071
6.87057 3.07835
6.77692 3.15869
6.75783 3.17411
6.70294 3.21764
6.66086 3.24948
6.51891 3.35059
5.84288 3.65975
5.84676 3.65861
4.43399 1.85233
4.4381 1.88718
4.45241 1.99797
4.4718 2.13344
4.50036 2.30149
6.07198 3.58721
6.46494 3.38445
6.43517 3.40341
6.1897 3.53708
7.04853 2.90907
6.92624 3.02859
6.55658 -2.11284
6.73819 -1.96403
6.91232 -1.80482
7.12089 -1.59396
8.02354 0.675396
8.01801 0.779679
6.54682 -2.12085
4.72639 3.09054
4.78673 3.20743
8.0244 0.445575
8.02611 0.494617
4.4198 1.71536
4.42239 1.74312
4.40754 1.57624
4.41062 1.61481
4.38384 0.663797
4.38196 0.722985
4.3893 0.536872
4.38662 0.592607
7.77776 1.78683
7.76334 1.82224
7.68719 1.9915
7.67461 2.01773
4.69392 3.01206
4.67631 2.96842
7.2085 -1.49503
7.22833 -1.47224
4.58957 -0.804711
4.38409 1.17348
4.38608 1.2311
4.38076 1.04456
4.38205 1.10411
4.86781 -1.81926
4.86776 -1.81911
5.67127 3.68781
5.6207 3.6925
4.55803 -0.669707
4.56418 -0.697275
4.70089 3.03036
4.72374 3.08459
7.1642 2.78574
7.17415 2.7745
7.15652 -1.5542
7.18275 -1.52466
7.13648 -1.57661
4.93404 -2.00946
4.9398 -2.02411
8.02454 0.64822
4.91875 3.3998
5.11609 3.57082
5.09054 3.5545
5.78601 3.67111
5.73572 3.67975
4.4598 2.05555
8.01158 0.852654
4.71079 -1.28262
4.66419 -1.10945
4.81308 -1.6421
4.79359 -1.57675
4.95669 -2.0715
4.96519 -2.09209
5.04949 -2.28398
5.02234 -2.22666
5.06574 3.53613
5.01789 3.49833
5.8112 -2.58285
5.94495 -2.51923
8.00795 0.23265
7.99816 0.151514
4.39053 1.2946
4.39142 1.34795
4.37989 0.973666
4.37964 0.913609
4.38238 0.786605
4.37979 0.846726
4.39922 1.46858
4.39614 1.42235
4.39447 0.449486
4.39806 0.396969
5.53139 3.69321
5.61335 3.69286
4.43273 0.0444483
4.4404 -0.0153858
7.71161 -0.749536
7.70487 -0.763123
4.56971 2.62336
4.54155 2.50424
7.97693 1.09824
7.96868 1.14332
7.30147 2.61983
7.37019 2.52806
7.48981 -1.12842
7.43522 -1.20822
7.35037 -1.32167
7.27686 -1.41462
7.55594 2.23955
7.53375 2.27753
7.86191 1.55711
7.87171 1.52698
5.68929 -2.62653
5.62009 -2.64457
5.51592 -2.65878
5.606 -2.64782
4.76016 -1.46362
5.21353 3.62244
5.14169 3.58637
5.31491 3.65967
6.05427 -2.45954
5.98882 -2.49625
5.76632 -2.59941
8.01655 0.318547
7.96386 -0.0390429
7.97883 0.0327371
7.95276 -0.0903095
7.62906 -0.904099
7.80873 -0.535355
7.58777 -0.975276
7.38635 -1.27508
7.58212 -0.984684
8.02591 0.604203
6.08833 -2.43901
4.72572 -1.337
5.40914 3.68064
5.69575 -2.62511
4.63459 -0.990919
4.66177 -1.09987
4.41332 1.64559
4.4162 1.67896
4.3863 0.60018
4.38404 0.6578
4.63098 2.84147
4.65398 2.90755
4.38219 1.10888
4.38388 1.1676
4.66209 -1.10115
5.51425 -2.65897
5.51518 -2.6589
4.97742 -2.12047
5.08811 -2.35934
5.13636 -2.43886
4.38064 1.04061
4.40536 1.55065
4.476 -0.252452
4.40478 0.31264
4.38969 0.527407
4.47237 -0.230923
4.41266 0.226134
4.5902 2.70234
4.50689 2.33443
4.61518 2.78933
7.2406 2.69593
8.00899 0.875621
7.92508 1.33987
7.43064 2.44124
7.25867 -1.43612
7.63323 2.09967
7.62609 2.11331
7.47452 2.37387
4.86785 -1.8194
4.86887 -1.82244
7.91173 1.39014
7.80967 1.70552
5.6069 -2.64754
7.93395 -0.163757
6.72574 3.20046
4.43088 1.82695
4.44222 1.91984
6.29238 -2.30806
6.28285 -2.31486
4.63041 -0.973786
4.4267 1.78541
4.3818 0.727657
4.66294 2.93122
4.50306 2.3152
7.80243 1.72499
7.73286 1.89289
7.64096 2.08477
4.3863 1.23827
5.69124 3.6852
5.38177 3.67602
8.02307 0.412528
5.83764 3.66093
5.7289 3.681
5.4707 -2.65811
5.98092 -2.50041
6.71493 3.20864
6.82798 3.11596
4.89118 -1.88766
6.18555 -2.37893
5.19447 -2.51622
6.34624 -2.27044
6.62266 3.27824
4.42894 1.8071
7.92231 -0.206107
