6.25102 -2.4057
6.20655 -2.43687
4.73998 -1.58578
4.76327 -1.67002
8.04385 0.182328
8.05176 0.243506
4.56588 -0.909768
4.56735 -0.915769
4.34769 1.35815
4.34645 1.34216
4.33577 0.935842
4.33593 0.97716
4.33651 0.850159
4.33611 0.828174
4.35146 1.43379
4.35469 1.48629
5.74045 3.75042
5.76339 3.745
4.35244 0.410046
4.34899 0.462918
5.57534 3.76837
5.51667 3.76894
4.41335 2.06111
4.41716 2.09442
5.40656 3.76172
5.34105 3.75038
6.8847 -1.89399
6.84793 -1.92905
5.47501 -2.78301
5.48028 -2.78248
5.25242 -2.73679
5.26076 -2.74059
5.03905 -2.46295
5.0473 -2.48156
6.4082 -2.29256
6.45209 -2.25873
5.77149 -2.69031
5.75311 -2.69919
4.79107 -1.76556
4.77013 -1.6952
7.97115 -0.186614
7.97994 -0.154582
7.90892 -0.389732
7.8922 -0.437011
5.90932 -2.62044
5.85775 -2.64928
8.05764 0.315081
8.05286 0.255218
8.02339 0.0470768
8.01417 -0.00563478
7.9953 -0.0910369
8.006 -0.0437846
6.63897 3.32822
6.64931 3.32063
6.85016 3.15882
6.86565 3.14559
4.40137 1.97481
4.39627 1.93385
4.42754 2.16032
4.43544 2.2125
7.70324 -0.856181
7.6767 -0.904997
7.81623 -0.623689
7.78821 -0.686249
5.9791 3.68711
5.96594 3.69177
6.41581 3.47867
6.40691 3.48368
6.19258 3.59884
6.12383 3.62903
7.10755 2.91505
7.10261 2.9204
7.45335 -1.25605
7.46766 -1.2366
7.56874 -1.08714
7.5684 -1.08767
6.7113 -2.04889
6.65295 -2.09921
7.07751 -1.70466
7.03927 -1.74396
8.05851 0.779388
8.06229 0.733307
6.03806 -2.54601
6.08139 -2.51905
4.69114 -1.40441
4.6986 -1.43159
4.90466 3.50326
4.89215 3.48863
8.067 0.478329
8.063 0.380878
4.60671 -1.07542
4.59755 -1.03844
4.34068 0.638778
4.34238 0.593328
4.6064 2.9576
4.61125 2.97316
7.27458 -1.48531
7.26496 -1.49689
5.98945 -2.57591
5.9843 -2.57906
4.74324 3.27652
4.75342 3.29324
4.56137 -0.89073
4.54041 -0.798099
4.33906 1.14738
4.33788 1.10416
4.64368 -1.22207
4.63664 -1.19429
5.15498 -2.65015
5.16295 -2.65835
5.12374 -2.60965
5.13004 -2.61882
5.82188 3.73188
4.47531 -0.4972
4.50225 -0.625659
4.45374 -0.380979
4.44614 -0.340297
4.45245 2.31568
4.45434 2.33018
4.40113 -0.0616576
4.41552 -0.158081
4.37702 0.132274
4.38266 0.080538
6.30465 3.54234
6.27225 3.55854
7.72226 2.01324
7.70862 2.04167
7.80924 1.81792
7.79854 1.8438
4.53816 2.72865
4.51559 2.63463
4.4745 2.43919
4.47313 2.43267
4.55258 2.7829
4.54214 2.74475
7.98779 1.25543
7.98855 1.25201
8.03315 1.00738
8.03715 0.979102
7.44973 2.48882
7.41891 2.53308
7.32241 2.66356
7.28431 2.71141
7.36855 -1.36949
7.36096 -1.37944
6.79955 -1.97175
6.94408 -1.83848
7.12292 -1.65731
7.54314 2.34426
7.53234 2.3618
7.62275 2.20751
7.62814 2.19774
4.87012 -2.02504
4.86915 -2.02227
4.93536 -2.21303
4.91692 -2.16172
4.98292 -2.33709
4.96926 -2.30156
7.87851 1.63669
7.87413 1.64932
7.93283 1.4693
7.93325 1.46789
5.35717 -2.77699
5.32315 -2.76978
6.49567 -2.22458
6.53518 -2.19481
6.38774 -2.30701
5.64023 -2.74291
5.66011 -2.73715
5.60095 -2.7556
5.53355 -2.77419
7.9465 -0.271743
7.95674 -0.238339
7.92223 -0.35034
4.82755 3.40939
4.8233 3.40359
6.6298 3.33517
6.53075 3.4052
6.68134 3.29633
6.70558 3.27749
6.76041 3.23394
6.79852 3.20253
6.88587 3.12774
6.91577 3.10071
5.85369 3.72469
5.95805 3.694
4.40432 1.99747
4.44931 2.29863
6.0797 3.64883
6.48286 3.43637
6.47037 3.44432
6.22767 3.58121
7.09953 2.92354
7.08475 2.93846
6.61998 -2.12542
6.75084 -2.01576
6.96674 -1.81562
7.13364 -1.64612
8.06429 0.690685
8.05316 0.84786
6.29993 -2.37147
6.34475 -2.3394
6.57855 -2.15945
4.67331 3.13399
4.69448 3.17933
5.11695 3.66828
5.14502 3.68363
5.01314 3.60046
5.04116 3.62203
8.06822 0.508781
8.06828 0.510436
8.0627 0.375431
4.36974 1.68428
4.37521 1.74291
4.36367 1.61459
4.3635 1.61242
4.55893 2.80404
4.57228 2.85021
4.53406 -0.770644
4.5377 -0.786179
6.13531 -2.484
6.09315 -2.51186
4.6668 -1.31367
4.66651 -1.31248
5.23016 -2.7183
5.24676 -2.73287
5.41842 -2.78534
4.81362 -1.84004
4.79885 -1.79058
4.33856 0.723157
4.33748 0.744346
5.68311 3.75893
5.67085 3.76006
4.51674 -0.693081
5.0104 -2.40282
5.00397 -2.38609
4.36898 0.209111
4.35881 0.324259
4.63354 3.03604
4.63322 3.03528
4.65814 3.0972
5.27815 3.73474
5.27107 3.73298
7.18031 2.83457
7.21421 2.79628
8.05145 0.862563
7.17363 -1.60163
4.72986 3.2517
4.7067 3.20654
4.82673 -1.88621
4.82576 -1.88262
8.06684 0.621631
5.70446 -2.72003
5.74124 -2.70509
7.86349 -0.512345
7.86204 -0.515984
4.83559 3.41908
4.78314 3.34375
4.96908 3.56427
4.92315 3.52187
6.96451 3.05544
7.02284 2.99999
5.08665 -2.55432
4.34216 1.23115
4.34226 1.24957
4.40761 2.02314
4.76485 -1.67614
4.73043 -1.5506
8.0523 0.249289
8.03537 0.116687
4.34565 1.29465
4.34811 1.37316
4.33612 0.99914
4.33585 0.91366
4.3379 0.786658
4.33595 0.872239
4.35517 1.49422
4.35087 1.42214
4.47307 -0.485957
4.47225 -0.481785
4.34815 0.477934
4.35324 0.397698
5.49009 3.76863
5.62538 3.76516
4.38334 0.0747832
4.39797 -0.0394026
7.763 -0.739284
7.7341 -0.797557
7.76757 1.91541
7.7547 1.94424
4.50447 2.58277
4.49362 2.53412
8.01239 1.13331
8.01597 1.11359
7.38681 2.57842
7.35404 2.62236
7.5185 -1.16223
7.49307 -1.19972
7.41208 -1.3126
7.40046 -1.32793
7.58369 2.27688
7.58195 2.27985
7.21973 -1.54956
7.18499 -1.58892
5.49824 -2.77951
5.43256 -2.78546
5.82407 -2.66515
5.61558 -2.75228
4.71514 -1.49539
8.01084 -0.0214182
8.03485 0.11354
7.98799 -0.123288
7.63695 -0.974381
7.839 -0.571023
7.61643 -1.00905
7.5695 -1.08595
7.415 -1.30883
8.06829 0.514106
6.08667 -2.51587
5.99358 -2.57329
4.66784 -1.31777
5.06191 3.63529
5.09167 3.65477
5.41619 3.76315
4.59304 -1.02025
4.61325 -1.10148
4.36369 1.61476
4.36919 1.67875
4.34318 0.575181
4.34006 0.658516
4.6323 3.03286
4.59081 2.91092
7.22432 -1.54423
7.30926 -1.44361
4.33745 1.08295
4.3397 1.16766
4.62052 -1.13049
5.52586 -2.77543
5.18126 -2.67966
5.13131 -2.62024
4.33658 1.04066
4.35895 1.55044
4.43474 -0.275813
4.35742 0.341729
4.34532 0.528129
4.42193 -0.199946
4.36969 0.201807
7.67372 2.11138
7.84028 1.74052
7.84781 1.72072
7.66072 2.13666
4.53939 2.73401
4.46994 2.41664
4.55499 2.79104
5.17996 3.69896
5.20427 3.70975
5.25937 3.72894
7.25691 2.74537
7.22145 2.78793
7.98375 1.27226
8.04998 0.877578
7.95903 1.37344
7.47989 2.44361
7.32284 -1.42669
7.50153 2.41022
7.59258 2.26135
4.84728 -1.95272
4.91228 -2.14988
4.94282 -2.23162
4.95857 -2.27598
4.99825 -2.37173
7.90472 1.55963
7.90694 1.55288
7.92867 1.48291
7.95569 1.38601
5.67872 -2.72932
6.73279 3.25671
6.93656 3.08211
4.3905 1.88772
4.38663 1.85453
6.52616 3.40846
6.28133 -2.3851
6.36689 -2.32285
4.99325 3.58574
4.58209 -0.975391
4.37636 1.75414
4.33874 0.702695
4.58189 2.88079
4.34115 1.21209
6.16691 -2.46295
5.0807 -2.54303
5.07373 -2.52973
5.71498 3.75476
7.86486 -0.509012
5.41371 3.76291
4.86833 -2.01996
4.85137 -1.96582
5.0591 -2.50327
6.83502 3.17212
4.39368 1.91487
8.06749 0.60101
6.18397 -2.45192
4.89401 -2.09208
4.38177 1.80661
4.38315 1.82076
6.95092 3.06842
6.74631 3.24557
7.88412 -0.458963
6.5283 3.40694
