6.40825 2.25884
6.38513 2.27091
7.17191 1.24154
7.1764 1.22754
5.1806 1.00131
5.18462 1.06033
5.42985 -0.531834
5.39363 -0.449562
5.52249 -0.707892
5.55807 -0.765274
5.45909 2.03866
5.42139 1.97534
5.57976 2.19269
5.58264 2.19568
7.13389 -0.13127
7.15968 -0.0623636
5.18184 0.537971
5.18568 0.484724
7.26428 0.421466
7.25638 0.348873
6.7276 2.00593
6.75101 1.98163
6.08158 2.37114
5.98226 2.37453
6.19286 2.34902
6.09057 2.37006
5.75826 2.31936
5.77773 2.32896
6.76763 -0.717776
6.82436 -0.65257
6.52672 -0.92617
6.47822 -0.956236
6.70903 -0.776042
6.66496 -0.817642
7.01137 -0.386674
6.96201 -0.466448
7.24483 0.935376
7.23802 0.975395
7.26931 0.714875
7.26504 0.770009
5.3619 -0.365173
5.34625 -0.319892
5.63706 -0.866987
5.61276 -0.836312
5.23941 1.45812
5.22193 1.37038
5.29458 1.67213
5.28616 1.64242
5.20159 1.2329
5.21676 1.34031
5.36727 1.86599
5.39964 1.93653
6.82298 1.89634
6.85031 1.8627
6.94603 1.72519
6.89507 1.80238
7.05377 1.53618
7.05732 1.52881
5.92352 -1.06427
5.93449 -1.06645
5.73883 -0.964917
5.80198 -1.00763
6.11358 -1.08556
6.09477 -1.08554
6.30812 -1.04165
6.25557 -1.05736
7.0478 -0.320769
7.07382 -0.269754
7.21056 0.106629
7.22476 0.165141
5.28448 -0.113102
5.28924 -0.131167
5.23695 0.0958371
5.24309 0.0649521
5.17404 0.818209
5.17423 0.838518
5.20624 0.29165
5.21887 0.203197
7.27133 0.678237
7.27236 0.588984
7.13507 1.34734
7.14934 1.30727
7.19487 1.16446
7.19866 1.15042
7.21905 1.07432
7.2134 1.09608
7.22191 1.06202
7.21976 1.07164
7.23449 0.996696
7.25297 0.879027
5.27323 -0.067835
6.59737 2.12797
6.6042 2.12258
6.77861 1.95
6.76007 1.97158
6.66395 2.06814
6.63534 2.09438
5.37078 -0.390398
5.38351 -0.425629
6.85566 1.85579
6.87479 1.83115
5.30552 -0.193456
5.30582 -0.194503
6.35399 2.28692
6.32988 2.29813
7.2574 0.847564
5.26643 -0.0393406
5.25841 -0.00451017
5.17424 0.728793
5.17439 0.70821
6.51775 2.18934
6.51488 2.19124
5.87893 2.36182
5.84409 2.35055
6.89644 -0.564173
6.89711 -0.563315
6.64454 -0.835964
6.57505 -0.890282
5.18901 1.11801
5.17637 0.925238
5.46954 -0.616616
5.38884 -0.438444
5.57595 -0.789553
5.47822 -0.632116
5.26519 1.56629
5.24642 1.48849
5.40935 1.9548
5.48959 2.08507
5.65745 2.25849
5.57331 2.18529
7.00193 1.63306
6.9844 1.66308
5.83045 -1.02513
5.91737 -1.06198
6.21035 -1.07092
6.12511 -1.08379
7.1191 -0.168331
7.17676 -0.0109858
5.24626 0.0495432
5.17701 0.620598
5.19212 0.413723
7.24796 0.2893
7.26843 0.473507
5.89417 2.36425
6.08689 2.3708
6.23897 2.33335
6.29996 2.31191
6.41301 -0.994545
6.36572 -1.01615
5.67834 2.27408
6.74789 -0.738232
6.89771 -0.562489
7.0234 -0.366188
7.10047 1.43329
7.10976 1.41091
5.17493 0.882916
5.19732 1.19796
5.33379 -0.283223
5.36739 -0.381054
5.47343 -0.623807
5.64885 -0.880909
5.32945 1.77443
5.31224 1.72705
5.21781 1.34725
5.51542 2.11827
5.34159 1.80433
7.04287 1.55732
6.88714 1.81385
5.71159 -0.940875
6.01798 -1.08314
7.08099 -0.254509
7.1951 0.0486016
7.23623 0.22185
5.32099 -0.24344
5.22386 0.171571
5.17397 0.773372
5.19946 0.3457
5.17546 0.664439
7.27213 0.562072
6.55642 2.15965
6.59155 2.1327
7.27106 0.685855
7.11892 1.38883
7.16691 1.25817
5.30431 -0.189457
5.29188 -0.14243
7.26226 0.802651
6.46559 2.22278
7.27087 0.69103
6.49044 2.20723
