6.45785 -0.205979
6.3756 -0.25545
5.64489 0.761331
5.64379 0.715308
6.29789 1.58114
6.40675 1.52056
6.58828 1.34398
6.58197 1.35234
6.77623 0.313725
6.74539 0.209308
6.55846 -0.11211
6.57625 -0.0942977
6.23267 -0.300435
6.24315 -0.297857
5.83783 1.43311
5.81063 1.39632
5.66487 0.985332
5.65897 0.949718
5.70358 1.15531
5.70601 1.16445
5.97753 -0.217025
6.03039 -0.255475
5.83737 -0.0651416
5.83737 -0.0651465
5.74739 0.116397
5.74485 0.123563
5.67871 0.357768
5.68756 0.317502
5.65238 0.545156
5.65446 0.521569
6.67872 1.19836
6.67351 1.20834
6.81356 0.573393
6.80333 0.457697
6.81164 0.641778
6.81405 0.588173
6.69612 0.0966575
6.7414 0.197291
6.28781 1.5841
6.43281 1.50296
6.64691 1.25334
6.6327 1.27807
6.57616 1.3588
6.50103 1.44083
6.17594 1.60833
6.79804 0.819408
6.79059 0.867198
6.01081 1.57906
5.98768 1.5673
6.6878 1.17881
6.7205 1.107
5.91201 1.5152
5.93301 1.53235
5.74097 1.26476
5.75335 1.29307
5.6792 1.05912
5.6861 1.08584
5.65945 0.484126
5.6656 0.435983
6.76399 0.978818
6.7591 0.995661
6.10017 1.60252
6.80374 0.7805
6.34171 -0.272036
6.48645 -0.182537
5.901 -0.144882
5.9314 -0.180481
5.71592 0.216066
5.69288 0.295481
6.74217 0.19922
6.78002 0.329747
6.13042 -0.292783
6.2262 -0.300319
6.58447 -0.0842544
6.07877 -0.274613
6.64364 0.00148795
5.83736 -0.0651352
5.79102 0.0247831
5.75047 0.108263
6.67535 0.0567593
5.66749 0.423648
5.85649 1.45796
5.88355 1.48734
6.04358 1.59184
6.0747 1.60028
6.80066 0.437817
6.81387 0.58189
6.81132 0.687205
6.7755 0.933863
5.96026 1.55165
6.73345 1.07425
5.65745 0.501328
5.64777 0.834741
6.80946 0.725887
5.6483 0.590636
5.7332 1.2431
5.6455 0.671514
5.64656 0.624428
5.65801 0.939419
5.6561 0.923194
5.79065 1.3636
6.78387 0.899778
6.74584 1.03772
