7.57113 0.0400819
7.58273 0.0888619
7.54295 1.25522
7.53337 1.29304
5.32879 -1.39283
5.37121 -1.45297
5.66498 -1.70896
5.67325 -1.7123
5.04237 -0.745799
5.03079 -0.708501
5.49978 -1.59996
5.48893 -1.58902
5.10896 -0.936242
5.14311 -1.02629
6.58876 2.70339
6.55957 2.72524
6.90821 2.41987
6.92734 2.39899
4.80081 0.781319
4.79876 0.83928
5.11009 2.49136
5.14759 2.56044
7.1789 -0.846556
7.14548 -0.895995
6.15179 2.93559
6.20316 2.916
5.85205 2.99161
5.94149 2.98447
7.06666 2.23191
7.04665 2.25814
6.40229 2.82311
6.35685 2.84812
7.58661 0.10816
7.60441 0.212457
7.55629 -0.0245557
7.52898 -0.126498
7.47884 -0.273598
7.48666 -0.252995
7.38405 -0.494447
7.35969 -0.545231
7.40264 1.65974
7.39414 1.67889
7.47084 1.48667
7.46239 1.50974
5.53156 2.92905
5.56388 2.94224
5.33493 2.79739
5.35247 2.81283
5.30525 -1.35309
5.26881 -1.29049
4.8082 1.17752
4.81111 1.22885
4.82396 1.37453
4.83384 1.46595
4.86087 1.66047
4.86658 1.69723
5.81945 -1.7487
5.85175 -1.75384
4.98056 -0.538741
4.98323 -0.548333
5.18333 -1.11753
5.14483 -1.0307
4.91062 1.92021
4.92012 1.95847
4.85219 0.0897234
4.8405 0.17554
4.81745 0.390144
4.817 0.394539
5.21124 2.65624
5.17105 2.59657
4.96054 2.11025
4.97357 2.1547
6.23875 -1.67275
6.29522 -1.64526
7.04563 -1.02645
7.00491 -1.07462
5.73409 2.9857
5.81263 2.99064
6.63426 -1.43133
6.71179 -1.36734
6.43553 -1.56969
6.51416 -1.51841
7.62735 0.435898
7.62202 0.357154
7.63114 0.619064
7.63155 0.568793
7.61318 0.892303
7.61019 0.917742
4.93251 -0.342324
4.94575 -0.399196
7.09357 -0.964909
7.11648 -0.935664
7.25462 -0.733083
7.25945 -0.72549
6.87771 -1.21273
6.84596 -1.24511
7.2827 1.90225
7.26698 1.93108
4.80001 0.970088
4.80011 0.983085
4.88897 -0.134581
4.88388 -0.107098
7.42147 -0.414972
7.43981 -0.372832
7.53047 1.3036
7.51042 1.37054
7.5916 1.03689
7.58866 1.05455
6.73266 2.58913
6.7864 2.54043
7.18157 2.07086
7.14819 2.12037
7.6231 0.797794
7.62445 0.779807
7.52639 -0.13458
7.52349 -0.14372
7.40787 -0.446033
7.33453 -0.593831
7.35439 -0.555609
7.43793 1.57459
7.49255 1.42502
4.8116 1.23534
4.80462 1.10746
5.622 -1.68695
5.61979 -1.68581
4.80415 0.589414
4.8021 0.650997
4.7988 0.853728
6.67102 2.64027
6.69254 2.62288
7.57366 1.1276
7.57847 1.10694
7.59836 0.996418
7.60497 0.95315
4.91149 -0.250118
4.95674 -0.444976
7.33746 1.79932
7.30478 1.8627
7.42998 1.59438
4.80335 1.04011
4.8042 1.09952
5.7107 -1.72637
5.73196 -1.73291
4.80445 0.5824
4.80767 0.520604
4.80051 0.710206
4.80012 0.722403
5.01553 2.27758
5.02918 2.31377
7.0518 -1.01888
7.0573 -1.01215
7.23042 1.99336
7.19963 2.04304
6.13388 -1.71259
6.04429 -1.73746
6.41931 2.81407
6.46381 2.78739
4.81664 1.29602
4.96744 -0.487365
4.80989 0.485542
4.81182 0.456586
7.58459 0.0980114
7.55985 -0.011095
5.43256 2.87446
5.44783 2.88402
5.31682 -1.37337
5.42472 -1.52282
4.82126 1.34811
4.88661 1.81074
4.88637 1.80939
4.90916 -0.239179
4.91011 -0.243704
5.06149 -0.805725
5.01196 -0.646556
5.55724 -1.64534
5.45853 -1.55789
5.14383 -1.02817
5.08414 -0.869095
6.54621 2.73403
6.6168 2.68292
6.98138 2.33817
6.85853 2.47078
5.15713 2.57601
5.07507 2.42052
6.19169 -1.69046
6.14088 -1.71072
7.1369 -0.907452
7.20341 -0.811321
6.95027 -1.13697
6.9772 -1.10714
6.05939 2.96303
6.25794 2.89484
6.03623 2.96832
5.83736 2.99217
6.53436 -1.50515
6.61619 -1.44484
7.00065 2.31574
7.09837 2.18987
7.63054 0.52797
7.62869 0.461776
6.34822 2.85212
6.41087 2.81871
7.60745 0.232961
7.36513 1.74229
5.63168 2.96516
5.27215 2.73219
7.6206 0.342498
5.43104 -1.52978
5.23215 -1.22284
5.22397 -1.20597
4.8402 1.51613
4.84895 1.58232
4.84486 1.55267
4.88606 1.80763
4.88848 1.81997
5.93263 -1.75301
5.75703 -1.73994
4.98398 -0.550951
5.07494 -0.843853
5.21832 -1.19358
4.93724 2.02784
4.86069 0.0326192
4.83613 0.210498
5.23956 2.69421
5.06699 2.40422
5.05858 2.38542
6.33771 -1.62524
6.91827 -1.17083
7.04985 -1.02134
6.29733 2.87717
6.04624 2.96657
5.69755 2.97981
6.73528 -1.34758
6.40447 -1.58732
6.80188 -1.2865
7.30672 -0.644125
7.26879 -0.709941
7.63035 0.678361
6.63073 2.67237
6.64582 2.66125
4.90362 -0.212275
6.47391 2.78143
7.08351 -0.978209
4.87056 -0.029081
7.5559 1.20694
7.57061 1.14278
7.50234 1.3971
7.58241 1.08501
7.59338 1.02761
6.8201 2.50908
6.71058 2.6077
6.99284 2.32506
7.19559 2.04932
7.13684 2.13634
7.62117 0.817991
7.62928 0.709239
7.49254 -0.236691
7.45214 -0.343169
7.32197 -0.617322
4.82259 0.332738
4.82421 0.316061
4.81202 0.454064
7.61504 0.877493
7.34976 1.77486
7.30272 1.86656
7.25503 1.952
5.94883 -1.75264
5.95322 -1.75201
4.83038 0.259631
4.99498 2.22105
5.962 -1.75051
5.56623 -1.65242
5.57581 -1.65958
7.35844 1.75652
5.94561 -1.75287
7.55331 1.21719
4.82893 0.27137
4.8178 0.385254
5.61937 -1.68555
