5.90214 2.46654
5.97501 2.47239
6.18587 2.44339
6.21194 2.43428
7.00732 -0.515873
7.00954 -0.512472
7.23146 1.24374
7.23999 1.21715
7.31854 0.811983
7.3133 0.867208
5.18067 1.49607
5.20187 1.59431
5.38807 2.08454
5.38757 2.08369
5.50216 2.24283
5.56698 2.30979
7.20765 -0.109558
7.20786 -0.109009
7.2769 0.126157
7.27475 0.116743
5.19037 0.018841
5.18246 0.0591945
5.11446 0.72448
5.11471 0.709621
7.31852 0.367467
7.31848 0.367152
6.7767 2.05171
6.71251 2.11836
5.76906 2.4351
5.78729 2.44006
6.40124 2.3535
6.42392 2.33992
6.74453 -0.840403
6.71615 -0.867199
6.8761 -0.696819
6.8735 -0.700148
7.30634 0.917008
7.29605 0.977534
5.3729 -0.583748
5.36594 -0.567126
5.45288 -0.746332
5.4458 -0.732472
5.55895 -0.910119
5.54897 -0.897516
5.23365 1.71149
5.21116 1.63219
5.14338 1.2705
5.14767 1.30086
6.2992 -1.14046
6.33776 -1.12347
5.30165 1.90839
5.30305 1.91144
5.65446 2.37642
5.5728 2.31561
6.54288 -1.00864
6.50372 -1.03602
6.98905 1.77542
6.99045 1.77313
7.09538 1.58475
7.13353 1.50544
5.9161 -1.17201
5.91929 -1.17265
5.73075 -1.08238
5.70067 -1.05792
6.1066 -1.18692
6.10005 -1.18691
7.09735 -0.357359
7.11949 -0.313966
5.2137 -0.0935325
5.22349 -0.130759
5.1239 0.505053
5.12261 0.523669
5.14917 0.259225
5.1512 0.24498
6.65915 2.16783
6.6399 2.18478
7.32936 0.620466
7.32969 0.591098
7.28704 1.02566
7.28511 1.03641
6.53926 2.26477
6.56624 2.24469
7.31144 0.881182
7.31048 0.889208
7.29163 1.00416
5.28896 -0.361691
5.27533 -0.317324
5.11553 0.91959
5.11525 0.905065
6.5807 2.23341
6.59688 2.22141
7.26753 1.11632
7.26855 1.11235
6.8264 1.99603
6.81625 2.00783
6.51062 2.28557
6.44444 2.32683
5.20626 -0.0603035
5.20776 -0.0674281
5.11385 0.824571
5.1141 0.855216
5.12051 1.02373
5.31105 -0.423384
5.31691 -0.439623
5.26285 -0.275946
5.25727 -0.256274
6.05681 2.46744
5.87136 2.46291
6.11799 2.45831
6.29301 2.40581
7.0112 -0.509753
6.94298 -0.607727
5.12934 1.15485
5.12734 1.12843
5.32871 -0.471647
5.36031 -0.553036
5.50376 -0.829416
5.45975 -0.759101
5.20439 1.60557
5.17111 1.4455
6.20222 -1.1706
6.22772 -1.16269
5.34326 1.9975
5.38881 2.08567
5.57125 2.31418
5.47884 2.21604
6.6316 -0.942733
6.62237 -0.950487
7.06824 1.63737
7.05429 1.66348
5.82273 -1.1373
5.79579 -1.12233
7.16605 -0.213789
7.20995 -0.102713
7.29988 0.237675
7.24627 0.00947284
5.17507 0.0975856
5.19511 -0.00411686
5.11583 0.658372
5.11418 0.774786
5.13847 0.344634
5.1343 0.380871
7.31703 0.356864
7.32837 0.49115
5.76455 2.43316
6.07984 2.46599
5.66915 2.38609
6.87127 -0.702835
6.7967 -0.785487
6.64883 -0.92759
7.06896 -0.410299
7.14345 1.48347
7.17262 1.41323
5.12982 1.15943
5.29475 -0.378424
5.40898 -0.659393
5.58266 -0.938108
5.62319 -0.985822
5.64033 -1.00467
5.16023 1.38444
5.24633 1.75094
5.26722 1.81464
6.39772 -1.09674
6.11938 -1.18495
5.30012 1.90472
5.44195 2.16573
6.44608 -1.06962
6.98637 1.77953
6.92893 1.86263
7.04383 1.68197
6.01082 -1.1872
5.9093 -1.16947
7.15808 -0.231817
7.24392 0.00133873
7.3004 0.240738
5.16779 0.139712
5.11626 0.644432
5.13377 0.386262
5.11688 0.631153
5.13403 0.383403
7.32897 0.505481
6.62059 2.20105
6.68392 2.14671
7.32689 0.687913
7.21075 1.30935
7.19762 1.34596
7.26636 1.12159
7.24782 1.18863
7.27659 1.07374
5.23468 -0.174929
5.24797 -0.225304
6.6968 2.13403
6.86008 1.95515
6.89097 1.91554
7.32486 0.740321
5.11379 0.790148
5.11462 0.890053
6.31444 2.39617
6.9148 1.88243
7.2247 1.26622
6.33676 2.38509
6.37004 2.36957
7.17878 1.39838
7.32529 0.733724
6.89842 1.90571
5.22616 -0.142162
5.20879 -0.0720935
5.24818 -0.22603
