6.4574 -0.208371
6.37719 -0.256611
5.64353 0.758707
5.64252 0.716095
6.29729 1.5835
6.40843 1.52166
6.58726 1.348
6.58332 1.35323
6.77722 0.312743
6.74374 0.199422
6.56419 -0.108732
6.57761 -0.0952922
6.23225 -0.302671
6.23693 -0.30152
5.83397 1.43091
5.81047 1.39913
5.66455 0.991139
5.6578 0.950441
5.70063 1.14959
5.70479 1.16521
5.97575 -0.218074
6.03012 -0.257627
5.83613 -0.0658682
5.83708 -0.067472
5.74625 0.11575
5.74305 0.124776
5.6782 0.353554
5.68628 0.316773
5.65117 0.544471
5.65313 0.522396
6.67938 1.20017
6.67559 1.20743
6.81465 0.572302
6.80455 0.458057
6.81287 0.642139
6.81523 0.589569
6.6972 0.0955762
6.74321 0.197824
6.29011 1.58561
6.43213 1.50565
6.64802 1.25407
6.63329 1.27969
6.57969 1.35726
6.50234 1.44169
6.17539 1.61045
6.79925 0.819765
6.79166 0.868466
6.01028 1.58116
5.98874 1.57021
6.68598 1.18594
6.72114 1.10875
5.91146 1.51736
5.93093 1.53326
5.73976 1.26551
5.75318 1.29618
5.6779 1.05992
5.68433 1.08483
5.65831 0.483478
5.66438 0.436012
6.7645 0.981825
6.76074 0.994721
6.10391 1.60497
6.80482 0.781775
6.34131 -0.274175
6.48776 -0.183488
5.89954 -0.14574
5.93113 -0.182723
5.71471 0.215382
5.69114 0.296658
6.74332 0.198081
6.78133 0.330132
6.13004 -0.294805
6.22936 -0.30262
6.58382 -0.0877138
6.07648 -0.275963
6.64468 0.000480524
5.83495 -0.0637616
5.78972 0.0240144
5.75013 0.105505
6.6773 0.0573325
5.66636 0.423008
5.85482 1.45869
5.88508 1.49152
6.04079 1.59306
6.0755 1.60248
6.8017 0.436784
6.81502 0.582228
6.81254 0.688646
6.77668 0.93421
5.95975 1.55367
6.73506 1.07354
5.65623 0.501357
5.64655 0.835495
6.81081 0.72454
5.64696 0.591463
5.73134 1.24204
5.64428 0.67082
5.64538 0.622142
5.6567 0.938672
5.65452 0.920131
5.78917 1.36424
6.78555 0.898109
6.74699 1.03838
