6.23992 -2.44905
6.27455 -2.42479
4.71682 -1.60212
4.73202 -1.65708
4.92173 3.57806
4.9253 3.58153
8.06625 0.190735
8.07078 0.225701
4.32556 1.35817
4.32327 1.32873
4.31348 0.948817
4.31359 0.977186
4.31456 0.850185
4.31393 0.815313
4.32962 1.4465
4.33206 1.48618
5.74609 3.78428
5.82686 3.76518
4.32919 0.424323
4.32665 0.463282
5.55422 3.80695
5.52305 3.80725
4.38914 2.06086
4.39458 2.1085
4.37575 -0.0460684
4.3615 0.0685595
4.61999 3.08916
4.62366 3.09971
7.11042 2.94408
7.12351 2.93034
6.9126 -1.89953
6.8543 -1.9551
7.20536 -1.59854
7.19175 -1.61382
4.84602 -2.0562
4.8239 -1.981
4.91979 -2.27617
4.92688 -2.29789
5.45118 -2.8489
5.46885 -2.84713
5.2967 -2.83955
5.35891 -2.8526
5.23825 -2.81689
5.26907 -2.83091
4.99607 -2.47861
5.00495 -2.49864
5.07636 -2.63986
5.0965 -2.67268
5.5912 -2.81573
5.62516 -2.8024
6.40745 -2.32697
6.46913 -2.27945
5.78174 -2.73178
5.82124 -2.71269
8.00046 -0.16012
8.00325 -0.149931
7.93341 -0.384845
7.92566 -0.406761
5.90794 -2.66353
5.93424 -2.64882
8.07949 0.323276
8.07681 0.289764
8.04639 0.0557069
8.03675 0.000573512
8.01891 -0.0821776
8.03239 -0.0226876
6.65486 3.34692
6.67915 3.3291
6.86538 3.17673
6.88943 3.15619
5.90363 3.74484
5.97089 3.72278
4.37865 1.98897
4.37176 1.9336
4.40006 2.14325
4.41268 2.22668
7.73029 -0.850784
7.6914 -0.922317
7.8418 -0.618587
7.80345 -0.704209
6.19639 3.62925
6.1662 3.6425
6.4292 3.50121
6.44035 3.49431
7.08952 2.9657
7.5828 -1.10371
7.59572 -1.08366
6.74206 -2.05499
6.65954 -2.12617
7.12522 -1.68739
7.04548 -1.76934
8.07862 0.786931
8.08414 0.719572
6.03719 -2.58587
6.05705 -2.57351
5.05954 3.685
5.01599 3.65645
4.8804 3.53644
4.84999 3.5009
8.08838 0.493553
8.08408 0.388788
4.58545 -1.09042
4.57279 -1.03926
4.34522 1.66905
4.34089 1.61449
4.31886 0.626128
4.32007 0.593691
4.5661 2.93252
4.57949 2.97547
7.30679 -1.48058
7.28308 -1.5091
5.98857 -2.61638
5.94787 -2.6413
4.52007 -0.812451
4.5396 -0.898742
4.31631 1.1342
4.31549 1.10418
7.1399 -1.6717
7.1454 -1.66572
6.19154 -2.48293
4.62244 -1.23706
4.60867 -1.18271
5.65698 3.79914
5.69995 3.79215
5.84782 3.76048
4.46955 -0.583039
4.47498 -0.60892
4.43289 -0.392781
4.4201 -0.324318
4.42776 2.31543
4.43153 2.34439
4.38153 -0.0865856
4.39402 -0.170252
7.74623 2.01099
7.72252 2.06038
7.83226 1.81575
7.81276 1.86293
4.50466 2.70781
4.49081 2.65008
4.44536 2.42106
4.44964 2.44732
5.11976 3.71889
5.1287 3.7229
5.207 3.75545
5.25055 3.77046
8.00467 1.27213
8.0124 1.23702
8.05108 1.02512
8.05958 0.965001
7.4583 2.51478
7.44469 2.53432
7.33072 2.68875
7.31164 2.71273
7.39914 -1.36499
7.37527 -1.3963
6.82885 -1.97756
6.95038 -1.86421
7.63629 2.22573
7.65114 2.19885
7.55714 2.3631
7.55721 2.36299
4.73654 3.33608
4.75414 3.36749
4.67607 3.22171
4.67919 3.22907
4.88871 -2.18817
4.86951 -2.12636
7.90068 1.6346
7.89009 1.66511
7.95444 1.46727
7.9496 1.48407
5.38475 -2.85294
5.70967 -2.76777
5.7035 -2.77075
5.64528 -2.79371
5.53889 -2.8305
6.53035 -2.23146
6.53445 -2.22837
6.40536 -2.32845
7.97034 -0.266987
7.97413 -0.25462
7.93958 -0.366584
6.63332 3.36326
6.56161 3.41396
6.6849 3.32473
6.73496 3.28583
6.78838 3.24188
6.814 3.22075
6.00579 3.70918
5.98516 3.71721
5.85922 3.7579
4.37973 1.99722
4.42149 2.28136
6.08355 3.67958
6.29717 3.5783
6.24709 3.60377
6.41942 3.50743
6.31101 3.57087
6.47462 3.47254
6.50133 3.45486
7.17442 2.87516
6.65239 -2.13185
6.75731 -2.04222
6.9933 -1.82089
8.08513 0.698503
8.07493 0.834179
6.33757 -2.37894
6.34399 -2.37435
6.59477 -2.17918
4.6462 3.15618
4.6508 3.16604
8.08232 0.357062
8.08891 0.518175
4.55855 -0.979763
4.56479 -1.00657
4.54116 2.8511
4.53582 2.83263
4.50651 -0.753731
4.51429 -0.786956
4.54294 -0.913129
6.13449 -2.52186
6.10713 -2.53993
4.64538 -1.32879
4.63856 -1.30091
4.66972 -1.42525
4.66821 -1.41901
5.19383 -2.78538
5.19748 -2.78858
5.10013 -2.67883
5.10287 -2.68361
5.01399 -2.51971
5.02289 -2.54122
8.05727 0.123576
8.05392 0.0993206
4.78591 -1.85067
4.76898 -1.79399
4.54548 -0.924167
4.55773 -0.9762
4.31662 0.723183
4.31487 0.757507
4.49563 -0.705032
4.35775 1.80637
4.36096 1.83841
4.98709 -2.45977
4.96803 -2.4102
4.34536 0.223624
4.33753 0.312211
4.63731 3.13462
7.18855 2.85954
7.19381 2.8536
8.07139 0.864634
7.47946 -1.25739
7.48215 -1.25367
5.47347 -2.84637
4.8053 -1.92104
4.79212 -1.87244
8.08832 0.612319
5.42065 -2.85282
5.05366 -2.6005
5.04486 -2.58301
7.87863 -0.530178
7.86731 -0.558614
6.99015 3.06271
7.03078 3.02407
4.82573 3.47107
8.08844 0.608059
4.35179 1.74678
4.35145 1.74276
4.3201 1.23118
4.32027 1.26236
4.38093 2.00657
6.94011 3.11043
6.94241 3.10827
6.17106 -2.49749
4.74125 -1.6928
4.69935 -1.53773
8.07375 0.257336
8.06119 0.151524
4.3227 1.29468
4.32634 1.38583
4.31389 1.01208
4.3136 0.913686
4.31516 0.786684
4.31367 0.885207
4.33333 1.50693
4.32838 1.42204
4.45254 -0.497579
4.44631 -0.465867
4.32504 0.492128
4.33089 0.398062
5.46928 3.80663
5.63151 3.80199
4.35918 0.0896233
4.37648 -0.0515689
7.78927 -0.734043
7.74904 -0.815164
7.79102 1.9132
7.76873 1.96311
4.47206 2.5626
4.46911 2.54939
4.60073 3.03765
5.31772 3.78758
5.32032 3.78824
8.02978 1.15051
8.03912 1.09904
7.39528 2.6041
7.38071 2.62365
7.53318 -1.17952
7.5224 -1.19541
7.15279 -1.6578
7.23784 -1.56175
4.70455 3.27836
4.71493 3.2997
5.14673 -2.74128
5.12818 -2.71623
5.72224 -2.76137
5.85093 -2.69574
4.69212 -1.51164
4.76437 -1.77631
8.03435 -0.0126006
8.00581 -0.139976
7.66475 -0.968835
7.85448 -0.589261
7.63087 -1.02606
7.55478 -1.14724
7.4883 -1.24488
6.08583 -2.55437
6.02119 -2.59568
5.00865 3.65079
5.06625 3.68952
5.4196 3.80294
4.57179 -1.03525
4.58843 -1.10231
4.33989 1.59998
4.34595 1.67864
4.32144 0.56258
4.31784 0.658878
4.59165 3.00997
4.55964 2.91318
7.25705 -1.53942
7.32738 -1.45581
4.3148 1.06982
4.31737 1.16768
4.59927 -1.14549
4.3142 1.04069
4.33625 1.55033
4.41364 -0.287758
4.33403 0.356096
4.32299 0.528492
4.39614 -0.184107
4.34861 0.189875
7.69814 2.10908
7.85467 1.75988
7.87037 1.7186
7.67445 2.15513
4.51431 2.74964
4.46269 2.51749
4.52512 2.79189
5.11689 3.71732
5.18369 3.74734
5.32367 3.78881
7.26515 2.77034
7.24494 2.79459
7.97891 1.37924
8.06834 0.895736
7.97605 1.39027
7.50497 2.44481
7.3545 -1.42204
7.42931 -1.32569
7.51534 2.4288
7.55685 2.36358
7.60533 2.28098
7.59724 2.29512
4.77267 3.39506
4.79685 3.43241
4.66506 3.19777
4.8142 -1.94985
4.903 -2.22817
4.93308 -2.3174
4.95225 -2.36775
7.92078 1.57551
7.92887 1.55081
6.73631 3.28479
6.89269 3.15327
4.3644 1.87152
4.36406 1.8686
6.30841 3.57241
6.52968 3.43659
6.28056 -2.4207
6.40324 -2.33006
4.96834 3.61979
4.3511 1.73846
4.3169 0.690036
4.54286 2.8565
4.31839 1.1989
5.03296 -2.56042
5.71275 -2.76612
5.06131 -2.61623
7.88932 -0.504132
6.30961 3.5717
5.39319 3.80039
4.95675 -2.38187
6.83855 3.2003
4.37112 1.92893
4.85769 -2.08893
5.66758 -2.78568
6.96581 3.08594
6.76179 3.26379
7.90072 -0.474503
6.54454 3.42606
