7.5241 0.0306992
7.52567 0.0372768
7.4986 1.25358
7.4961 1.26346
4.84665 0.780574
4.84507 0.825311
7.15879 -0.794382
7.14579 -0.813619
6.94787 -1.06404
6.97585 -1.03258
7.18856 1.97239
7.20156 1.95153
6.33759 2.78887
6.32687 2.79478
7.54732 0.14494
7.55724 0.203046
7.49512 -0.0798476
7.49192 -0.0918032
7.32845 -0.50554
7.32499 -0.512749
7.37015 1.6218
7.3456 1.6771
7.43767 1.44794
7.41567 1.50802
5.53689 2.84162
5.58553 2.86145
5.34105 2.69705
5.4226 2.76882
5.47377 -1.45789
5.4377 -1.4188
5.32648 -1.26088
5.32646 -1.26085
4.85353 1.12986
4.85761 1.20178
4.87589 1.40677
4.87942 1.43942
5.66933 -1.61092
5.67938 -1.6169
5.02768 -0.517471
5.03683 -0.550274
5.08902 -0.720042
5.10158 -0.756279
5.51502 -1.50253
5.57476 -1.55197
5.15712 -0.90965
5.15373 -0.901326
5.23492 -1.08904
5.23146 -1.08124
4.95806 1.88955
4.98428 1.99509
4.91275 1.66917
4.91754 1.69449
4.89546 0.114805
4.89145 0.144245
4.86459 0.389376
4.8614 0.420283
4.8475 0.693301
4.84873 0.650238
4.84547 0.866352
4.84641 0.955002
5.27237 2.61788
5.32617 2.68033
5.1653 2.45671
5.15622 2.44042
5.08145 2.28097
5.0926 2.30577
6.05366 -1.65492
6.00651 -1.66071
6.24761 -1.59479
6.24228 -1.59667
5.86518 -1.66686
5.87223 -1.66708
5.01461 2.09384
4.98583 2.00084
6.83266 -1.18527
6.86886 -1.14971
7.29986 -0.561234
7.29834 -0.564125
6.15613 2.86449
6.12299 2.87358
5.96032 2.90886
5.94598 2.91088
5.65003 2.88624
5.73895 2.90601
6.64307 -1.3537
6.66276 -1.33746
6.44423 -1.49306
6.45792 -1.48413
7.58181 0.418817
7.57945 0.38391
7.5881 0.602921
7.58816 0.596063
6.62294 2.60925
6.59714 2.629
7.56871 0.890664
7.56504 0.921824
4.9911 -0.381634
4.97631 -0.318137
4.93268 -0.110158
4.939 -0.142729
7.07287 -0.911212
7.10441 -0.870962
7.17427 -0.771184
7.21898 -0.700825
7.54668 1.03523
7.54089 1.06998
6.73815 2.51504
6.74185 2.51169
6.91413 2.33986
6.88467 2.37145
7.1285 2.06485
7.10838 2.09469
6.9852 2.25689
7.00594 2.23187
7.47489 -0.144853
7.45647 -0.202923
7.43691 -0.256762
7.45615 -0.203839
7.39493 -0.361762
7.4111 -0.323316
7.33419 -0.493871
7.40504 1.53619
7.44635 1.42332
4.85032 1.08086
4.86248 1.26693
4.87287 0.296841
4.86713 0.354954
4.84681 0.71542
4.84732 0.997515
6.53816 2.67074
6.56491 2.6531
7.52876 1.12595
7.53552 1.0969
7.58114 0.767345
7.57522 0.837184
4.96977 -0.28945
5.00104 -0.420516
7.24475 1.87776
7.24638 1.87488
7.38235 1.59263
7.46865 1.35777
7.45409 1.40123
4.84974 1.04006
5.00628 -0.440051
6.4246 2.74267
6.43513 2.73636
4.86491 1.29624
4.84613 0.736651
4.85664 0.482565
4.85599 0.492314
7.53602 0.0883221
7.52258 0.0237983
5.43827 2.78087
5.52532 2.8354
5.42259 -1.40081
5.37964 -1.34108
4.86715 1.3214
7.5861 0.687686
7.58595 0.697461
4.9538 -0.214529
4.96033 -0.245522
5.07086 -0.665993
5.05734 -0.621499
5.19541 -0.999684
5.15989 -0.916209
4.93408 1.78022
4.94778 1.843
6.49421 2.70048
6.51054 2.68974
6.81525 2.44285
6.76169 2.49323
5.21587 2.53916
5.17684 2.47548
6.14997 -1.6307
6.13144 -1.63516
7.11632 -0.854066
7.1638 -0.787179
7.00266 -1.00108
6.90626 -1.11015
6.21746 2.84221
6.2622 2.82492
5.84207 2.91487
5.92899 2.91157
6.5431 -1.42821
6.56384 -1.41293
7.04902 2.17736
7.05883 2.16436
7.58608 0.511289
7.58545 0.488952
6.28048 2.81628
6.38146 2.76639
7.25563 -0.639856
7.2737 -0.608527
7.56723 0.270606
7.33296 1.70473
5.63673 2.88243
5.33619 2.69201
7.57376 0.324925
5.50466 -1.49194
5.32645 -1.26083
4.89333 1.54912
4.89424 1.55597
4.89381 1.5529
4.89825 1.58232
5.85924 -1.66576
5.77105 -1.65026
5.68353 -1.61852
5.59068 -1.56453
7.5854 0.71167
5.04967 -0.595285
5.01989 -0.489264
5.12309 -0.817261
5.27967 -1.17551
5.23895 -1.0978
4.98478 1.99712
4.91242 0.000847268
4.87999 0.235924
5.24737 2.58567
5.12138 2.37009
5.06838 2.24912
5.95867 -1.66749
6.3438 -1.54964
6.34643 -1.54844
5.0331 2.14943
6.77822 -1.23724
7.02941 -0.96833
7.31073 -0.540716
6.27018 2.82135
6.05073 2.89302
5.78696 2.91147
6.36222 -1.53962
6.74421 -1.26892
6.75572 -1.25836
7.58767 0.635137
6.58144 2.64057
6.65123 2.58814
7.52006 1.16854
7.52074 1.16589
4.91635 -0.0225105
6.47917 2.71034
7.04154 -0.952627
4.91333 -0.00486294
7.47913 1.3226
7.51587 1.18571
7.5196 1.17056
7.53801 1.08337
7.55406 0.996759
6.82575 2.43268
6.66383 2.57754
6.95079 2.29792
7.0626 2.15911
7.15593 2.02373
7.43436 -0.26343
7.41649 -0.3098
7.38557 -0.383654
4.87402 0.285465
4.86681 0.358375
4.8611 0.423916
4.84979 0.608684
4.85198 0.560035
7.57435 0.845574
7.55845 0.969249
7.28164 1.80907
7.28986 1.79323
5.73801 -1.63995
4.8773 0.258868
5.04577 2.18919
7.31486 1.74319
7.50071 1.24585
7.20992 1.93743
4.84915 0.62703
7.30903 1.75549
7.25685 1.85548
7.37259 -0.413008
7.35801 -0.444399
4.85462 0.51984
4.85278 0.545373
