5.67973 0.722773
5.67903 0.693549
6.07834 1.53973
6.04916 1.53007
6.31452 1.51575
6.36048 1.49017
6.61593 1.23353
6.54476 1.32791
6.47143 -0.133874
6.53843 -0.0667842
6.24433 -0.238555
6.32507 -0.218686
5.68499 0.839013
5.69462 0.927704
6.02679 -0.188005
6.0377 -0.195939
5.88039 -0.0397976
5.84642 0.00859406
5.78491 0.138412
5.80705 0.0873691
6.74913 0.889499
6.73697 0.938575
5.72305 0.337671
5.70389 0.424892
5.68852 0.532273
5.68571 0.564093
6.61666 1.23236
6.66052 1.14833
6.77772 0.631794
6.77879 0.608005
6.74525 0.344573
6.76516 0.446462
6.66607 0.126574
6.69125 0.182529
5.80026 1.28133
5.77997 1.24509
6.22414 1.54228
6.45173 1.42854
6.47866 1.40147
6.61619 1.23318
6.69874 1.06107
6.714 1.01958
5.83346 1.34486
6.46454 1.41687
6.1909 1.54948
6.76449 0.809532
6.76096 0.832143
6.02561 1.52089
5.99489 1.50527
5.92717 1.45556
5.95541 1.47862
5.71518 1.0369
5.73502 1.11376
5.68279 0.813122
5.68371 0.823708
6.14791 1.54619
6.77446 0.712877
6.77246 0.743489
6.77116 0.76402
5.74216 1.14214
5.75894 1.19261
6.35363 -0.208755
6.44603 -0.153123
5.94221 -0.120606
5.93909 -0.117843
5.74922 0.23499
5.74112 0.262924
6.71051 0.230746
6.73815 0.317423
6.6025 0.011456
6.14306 -0.23674
6.61485 0.0293602
6.13253 -0.233453
5.9599 -0.135011
5.82712 0.0460498
6.1409 -0.236634
5.76129 0.196397
6.62147 0.0409016
5.70096 0.442666
6.76879 0.469544
6.77658 0.570913
6.77761 0.647323
5.75902 1.19286
5.97496 1.49385
6.6851 1.0954
5.90704 1.43584
5.69187 0.500514
5.68538 0.567739
5.87357 1.39948
5.70101 0.963969
5.67914 0.69072
5.67921 0.68768
5.69156 0.502374
