7.2898 1.528
7.30861 1.48048
7.47642 0.685188
7.47796 0.642124
7.43656 1.03117
7.444 0.993965
5.07416 -0.206082
5.07022 -0.189105
5.14099 -0.459269
5.15154 -0.494031
5.36877 -1.01513
5.3461 -0.975645
5.47631 -1.17811
5.52543 -1.23948
5.07503 1.81398
5.06683 1.77971
5.42836 2.52
5.36968 2.45539
6.07645 -1.45421
6.08495 -1.45229
5.88939 -1.45372
5.84174 -1.44258
5.13648 2.01511
5.16516 2.09282
5.75106 2.70739
5.83576 2.72159
6.46596 -1.3017
6.53241 -1.25801
7.00063 2.04305
7.00954 2.03091
6.16786 2.68653
6.21836 2.66817
6.41631 2.57738
6.43771 2.56558
7.16869 -0.55808
7.12727 -0.626451
5.5504 2.62
5.60758 2.65275
7.47295 0.741756
7.4759 0.705313
5.17596 -0.572727
5.20589 -0.655504
5.28101 -0.841236
5.30104 -0.883475
5.61356 -1.32467
5.59631 -1.30815
5.02672 1.59553
5.00723 1.48525
4.99174 1.36848
5.00688 1.48299
4.97013 1.13513
4.96526 1.06549
5.30627 2.36825
5.35919 2.44347
6.26965 -1.40068
6.31286 -1.38103
5.70938 -1.39108
5.71581 -1.39392
5.21142 2.19868
5.17955 2.12944
6.86721 -0.966357
6.92934 -0.897842
6.71629 -1.11434
6.67169 -1.15365
7.3068 -0.277435
7.2912 -0.315053
7.38447 -0.0575143
7.39972 -0.00425278
7.44023 0.174232
7.45111 0.236513
5.03364 -0.01222
5.04433 -0.0664126
4.95946 0.88544
4.95986 0.90874
4.96115 0.68862
4.96046 0.71327
4.97676 0.417949
4.97383 0.452345
5.00345 0.176424
5.01995 0.0649891
5.86109 2.72491
5.95732 2.7249
6.94361 -0.880561
7.00113 -0.808011
7.33814 1.3994
7.36002 1.33431
7.41789 1.12186
7.40964 1.16252
7.47542 0.475042
7.47068 0.402456
7.47675 0.51834
7.47876 0.596591
5.09557 -0.297714
5.11202 -0.359231
7.45292 0.934856
7.44929 0.962562
6.75218 2.32554
6.77653 2.30167
6.57833 2.47196
6.62447 2.43595
6.93736 2.12346
6.90279 2.16531
6.33987 2.61722
6.36233 2.60685
5.12111 -0.391592
4.96029 0.932455
4.96217 1.01429
4.9586 0.8014
6.49778 2.52849
6.50348 2.52464
7.40535 1.17871
7.40875 1.16596
7.46274 0.861961
7.46499 0.843326
5.15611 -0.508941
5.17024 -0.555105
7.0758 1.93291
7.10418 1.8887
7.32284 -0.237152
7.33633 -0.202355
7.24025 -0.426337
7.2266 -0.453653
7.33166 1.41909
4.97919 1.25176
4.97514 1.20238
5.08581 -0.257671
5.084 -0.25
4.98219 0.359481
4.98589 0.321755
4.96426 0.609477
4.96538 0.582849
7.22928 1.66239
7.23388 1.65301
7.1789 1.76096
7.17612 1.76615
5.0308 0.00309562
5.02474 0.0354013
4.95863 0.778465
7.07056 -0.715435
7.06407 -0.724967
7.27441 1.5641
7.32395 1.44152
7.47856 0.60331
7.47627 0.693419
7.44563 0.983047
7.43042 1.06686
5.06254 -0.154483
5.32293 -0.929269
5.39882 -1.0648
5.5398 -1.25423
5.43472 -1.12282
5.04942 1.7057
5.09556 1.89011
6.6649 2.4035
6.70276 2.37027
5.3623 2.44727
5.4535 2.54486
6.17236 -1.43349
6.05602 -1.45604
5.79843 -1.43081
5.93761 -1.45727
5.17109 2.10874
5.10937 1.93478
6.7922 -1.04511
6.79512 -1.0424
7.24213 -0.42241
7.28507 -0.329023
7.4159 0.059403
7.42831 0.113324
4.95899 0.755216
4.98845 0.297995
4.99917 0.208336
5.72414 2.69969
5.85368 2.72456
6.56491 -1.23613
6.42199 -1.32647
6.95751 2.09898
7.01275 2.0263
6.07773 2.70899
6.2751 2.64761
7.05766 -0.733729
7.18765 -0.525214
7.25319 1.61159
7.26358 1.58825
5.64949 2.6732
5.50423 2.58657
7.47159 0.764948
5.22894 -0.716283
5.17133 -0.558551
5.24248 -0.751336
5.41919 -1.09847
5.25983 -0.794504
5.61804 -1.32865
5.00695 1.48348
5.03358 1.62949
5.10442 1.91982
4.98868 1.34136
5.2674 2.3072
5.25552 2.28592
5.24409 2.26336
5.98212 -1.46096
6.20502 -1.42227
6.36826 -1.35622
5.70705 -1.38962
6.79694 -1.04065
6.93689 -0.888839
6.6334 -1.1838
7.15235 1.80867
7.13322 1.84126
7.21207 -0.48132
7.31437 -0.258852
7.34568 -0.176597
7.36622 -0.11707
7.45824 0.287199
5.04913 -0.0910968
5.03192 -0.00310278
4.96253 0.648068
4.96732 0.546169
4.97114 0.486675
4.97947 0.387059
5.02131 0.0564794
6.06171 2.71291
6.0432 2.71561
7.46752 0.367537
7.40911 1.16445
7.42518 1.09201
7.47651 0.49959
7.38359 1.25846
7.38804 1.24223
7.42761 1.0793
7.45542 0.91937
6.84019 2.23769
6.54116 2.49838
6.84661 2.2307
6.85302 2.22338
7.058 1.96054
6.49236 2.53224
6.44803 2.55921
7.46633 0.830221
6.30668 2.63337
7.20572 1.7098
7.19632 1.72822
7.20455 1.71221
6.38326 2.59628
7.36472 1.31993
