6.40819 2.2596
6.38545 2.27148
7.17237 1.24156
7.17698 1.22722
5.18013 1.0016
5.18411 1.06004
5.42934 -0.532114
5.39273 -0.448956
5.52194 -0.708197
5.55799 -0.766352
5.45853 2.03902
5.42025 1.97473
5.57915 2.19309
5.58257 2.19662
7.13447 -0.131099
7.16006 -0.0627295
5.18137 0.537705
5.18518 0.485039
7.26471 0.421043
7.25687 0.349016
6.72719 2.00713
6.75121 1.98218
6.08 2.37198
5.9822 2.37532
6.1928 2.34977
6.09158 2.3706
5.75741 2.31981
5.77766 2.3298
6.76743 -0.718822
6.82474 -0.652944
6.52656 -0.927044
6.47871 -0.956707
6.71066 -0.775268
6.66537 -0.818031
7.01221 -0.386273
6.96238 -0.466811
7.24538 0.934827
7.23848 0.975412
7.26964 0.716678
7.26549 0.770357
5.36117 -0.364678
5.34568 -0.319871
5.63644 -0.867325
5.61103 -0.835233
5.23892 1.45843
5.22183 1.37267
5.29411 1.67244
5.28548 1.64203
5.20113 1.23319
5.21622 1.34
5.36676 1.86632
5.39954 1.93777
6.82333 1.89675
6.85086 1.86287
6.94637 1.72559
6.89582 1.80215
7.0541 1.53656
7.05792 1.52863
5.92346 -1.06512
5.93611 -1.06762
5.73877 -0.965853
5.80114 -1.00804
6.11352 -1.08636
6.09318 -1.08634
6.30807 -1.04245
6.25633 -1.05791
7.04726 -0.322872
7.07418 -0.270101
7.21109 0.106784
7.22516 0.164756
5.28386 -0.112679
5.28872 -0.131164
5.23675 0.0942042
5.24262 0.0646839
5.17355 0.818509
5.17374 0.83853
5.20579 0.291396
5.21834 0.203525
7.27179 0.677784
7.27281 0.589001
7.13542 1.34775
7.14995 1.30694
7.19523 1.16488
7.19922 1.15012
7.21964 1.074
7.21471 1.09299
7.22214 1.06326
7.22026 1.07166
7.2349 0.997014
7.25344 0.879044
5.27271 -0.0678317
6.59791 2.12832
6.60414 2.1234
6.77954 1.94971
6.76051 1.97186
6.66416 2.06872
6.63584 2.09469
5.37031 -0.390657
5.38342 -0.426941
6.85601 1.85621
6.87446 1.83246
5.30503 -0.193733
5.30525 -0.194499
6.35393 2.28768
6.33021 2.29871
7.25782 0.847898
5.26597 -0.0396013
5.25789 -0.00450694
5.17376 0.728518
5.1739 0.708221
6.51769 2.19012
6.5155 2.19157
5.87886 2.36266
5.84667 2.35225
6.64437 -0.836865
6.57549 -0.890707
6.89755 -0.563645
6.89751 -0.563702
5.18854 1.1183
5.17587 0.92495
5.46946 -0.617811
5.38833 -0.438729
5.57533 -0.789894
5.47707 -0.631401
5.26471 1.5666
5.24577 1.48812
5.40878 1.95517
5.4895 2.08615
5.65678 2.25893
5.57152 2.18432
7.00229 1.63347
6.98512 1.66286
5.83039 -1.02602
5.91637 -1.06247
6.21029 -1.07171
6.126 -1.08444
7.11947 -0.168688
7.17731 -0.0108228
5.24564 0.049956
5.17651 0.620907
5.19166 0.413463
7.24837 0.288893
7.2689 0.473645
5.89294 2.36491
6.08683 2.37155
6.23981 2.33379
6.29991 2.31268
6.41285 -0.995395
6.36638 -1.01663
5.67827 2.27497
6.89747 -0.563758
6.74831 -0.738639
7.02379 -0.366565
7.10081 1.43368
7.11025 1.41093
5.17445 0.883215
5.19679 1.19766
5.33306 -0.28273
5.36682 -0.381034
5.47287 -0.624116
5.64878 -0.88189
5.32892 1.77477
5.31217 1.72865
5.21735 1.34754
5.5148 2.11866
5.34074 1.80387
7.04236 1.55932
6.88747 1.81423
5.71087 -0.941233
6.01792 -1.08398
7.08159 -0.254331
7.19549 0.048226
7.23673 0.221999
5.3205 -0.243715
5.22342 0.171321
5.17348 0.773384
5.19894 0.346021
5.17498 0.664166
7.27257 0.561628
6.55695 2.15998
6.5926 2.13263
7.27149 0.685872
7.11957 1.38848
7.16726 1.25858
5.30415 -0.190807
5.29142 -0.142689
7.26277 0.802136
6.46622 2.22311
7.2713 0.691365
6.49074 2.20777
