5.44806 -2.41119
5.47696 -2.42131
4.98499 3.24127
5.00451 3.26492
5.34726 3.49788
5.30412 3.4836
5.88613 -2.38137
5.88304 -2.38244
5.38864 -2.38339
5.36365 -2.3665
6.60857 3.16575
6.64169 3.14115
4.66469 -0.72399
4.68993 -0.826877
5.84158 3.52361
5.94185 3.49955
6.17008 3.41931
6.18375 3.41272
4.70448 2.68821
4.71711 2.72677
7.01456 2.81442
7.05416 2.77357
7.17006 2.64282
7.13919 2.67948
7.8843 1.15308
7.90062 1.06492
7.38176 -1.13538
7.39771 -1.11276
6.5219 -2.0113
6.61416 -1.94055
7.4616 2.23455
7.48765 2.19099
7.80095 1.48171
7.77778 1.55403
7.94201 0.647006
7.94381 0.590153
7.78418 -0.365406
7.76485 -0.418474
4.89235 3.11286
4.88423 3.09876
5.16689 3.40863
5.10869 3.36556
5.44007 3.52518
5.49717 3.53591
5.70544 -2.42935
5.63952 -2.43825
7.90523 0.0963558
7.89969 0.0644611
7.93649 0.351413
7.93511 0.332903
4.88817 -1.51544
4.87949 -1.49059
4.95991 -1.72135
4.94264 -1.67326
4.506 1.65677
4.50838 1.67939
4.48532 1.42276
4.48495 1.41868
4.64123 -0.622605
5.00887 -1.84284
4.98828 -1.79188
4.57455 2.1542
4.56992 2.12867
4.54208 1.95183
4.54915 1.99896
7.54079 -0.888592
7.58932 -0.802042
5.80855 3.52877
5.73953 3.53764
6.39405 3.30505
6.45899 3.26487
6.82018 2.99869
6.8944 2.93208
7.48233 -0.985325
7.50444 -0.949782
6.82216 -1.76333
6.81011 -1.77435
7.04226 -1.54664
7.00159 -1.58983
6.35007 -2.13293
6.41257 -2.09102
6.2287 -2.21046
6.19226 -2.23258
5.97732 -2.34342
5.93677 -2.36148
5.73727 -2.42455
5.833 -2.39966
5.54053 -2.43452
5.51615 -2.42939
4.48565 0.397594
4.48595 0.393303
4.5295 -0.0149922
4.52351 0.031666
7.67101 1.83164
7.67067 1.83241
7.93325 0.814415
7.93452 0.798512
4.77081 -1.13234
4.75957 -1.09306
4.8234 -1.31106
4.81019 -1.26614
7.82079 -0.255377
7.80672 -0.299632
5.12355 -2.08339
5.14827 -2.1254
6.18414 -2.23768
6.08806 -2.29016
4.4672 0.859348
4.46722 0.850006
4.4679 0.985938
4.4678 0.977005
4.48064 1.35861
4.48064 1.35861
4.61047 -0.480038
4.48122 0.461464
4.48126 0.460766
6.01462 3.47662
5.82611 3.5267
6.13498 3.43365
6.28253 3.36585
4.66573 2.55819
4.66144 2.54372
4.73788 2.78584
4.73191 2.77012
7.09315 2.73109
7.11863 2.70293
7.27308 2.51407
7.26418 2.52564
7.17725 -1.3976
7.16295 -1.41469
6.61952 -1.93602
6.51459 -2.01713
6.96485 -1.62593
6.90634 -1.68408
7.54077 2.09719
7.5784 2.02669
7.3782 2.3662
7.38582 2.35475
7.84758 1.31504
7.83358 1.36932
7.74447 -0.472536
7.73874 -0.486224
7.71685 -0.538541
6.80627 3.01054
6.75824 3.05063
6.54066 3.21252
6.55671 3.20206
4.51731 1.76418
4.51191 1.71591
4.50206 1.61523
4.49486 1.53808
4.49055 1.48691
4.70165 -0.873492
4.56904 2.12339
4.59184 2.24447
5.63789 3.54499
5.65498 3.54412
6.05651 3.46378
6.32795 3.34089
6.50466 3.23691
6.94803 2.88055
6.41968 -2.08567
6.80051 -1.78263
6.71262 -1.85943
7.09565 -1.49074
6.28587 -2.17547
5.22831 -2.2418
5.23755 -2.25291
6.05904 -2.30544
6.03765 -2.31566
4.73141 -0.987408
4.74363 -1.03359
4.49118 0.330303
4.50607 0.177181
4.51221 0.121142
4.54012 -0.0875402
4.46956 0.713491
4.46931 0.721564
4.47446 0.586239
4.47422 0.591182
4.81024 2.96041
4.81122 2.96275
4.74043 2.79205
4.76103 2.84485
4.61201 2.33737
4.61942 2.37156
7.32922 -1.20776
7.31556 -1.22581
7.92715 0.872653
7.92332 0.910415
4.47403 1.22562
4.47421 1.231
4.47001 1.09629
4.47017 1.104
6.18867 -2.23495
7.84218 -0.182066
5.10649 -2.0512
5.07686 -1.99397
4.71693 -0.932803
4.72699 -0.970579
6.71168 3.08826
6.69845 3.09815
4.59708 -0.415749
4.58668 -0.361946
4.54871 -0.141398
4.55909 -0.20541
7.59184 1.99928
7.62504 1.93146
4.59631 2.26514
4.60636 2.31227
4.59367 2.25296
6.70611 -1.86481
7.71456 1.72615
7.74435 1.64931
7.85362 -0.141802
7.85834 -0.123597
7.67257 -0.637524
7.66517 -0.653827
4.90935 3.13909
4.92767 3.16637
4.53738 1.91653
4.53113 1.87169
7.35217 -1.17688
7.9373 0.75746
7.93904 0.734568
5.2963 -2.31356
5.33118 -2.34499
5.26741 -2.28816
4.49753 1.56636
4.4961 1.55107
4.60107 -0.43538
4.55905 2.0626
4.86297 3.06029
4.84178 3.02289
4.49616 0.273597
4.49695 0.265058
4.79685 -1.22188
4.77468 -1.14561
5.49379 -2.42559
5.41073 -2.39504
5.16391 -2.14882
5.18981 -2.18984
4.96501 3.21712
5.00968 3.27057
5.28127 3.47337
5.40088 3.51636
5.83824 -2.39774
5.8863 -2.38132
7.92381 0.221119
7.92123 0.200118
4.47638 1.2945
4.47644 1.29847
4.46728 0.922804
4.46724 0.913506
4.46745 0.786506
4.46704 0.795941
4.93466 -1.64979
4.91066 -1.58213
5.02771 -1.88941
5.04279 -1.92146
4.55078 2.01114
7.60602 -0.770602
7.64552 -0.693191
4.6543 2.51725
4.63639 2.44513
4.71994 2.73568
4.69818 2.66764
7.13189 2.68783
7.197 2.61078
7.87404 1.2028
7.90655 1.02863
7.43261 -1.06102
7.22579 -1.33998
7.21984 -1.34744
7.50173 2.16661
7.43816 2.27294
7.33472 2.42964
7.35055 2.407
7.77391 1.56539
7.80683 1.46281
7.94355 0.508135
7.9405 0.701044
5.55579 -2.43691
5.58682 -2.43861
4.85017 -1.40009
4.86126 -1.43601
7.88188 -0.0239585
7.87246 -0.0655345
5.07621 3.33699
5.20677 3.43475
5.53933 3.53939
5.62471 -2.43817
5.73223 -2.42583
7.94294 0.463416
4.97658 -1.76337
5.06315 -1.96402
4.53984 1.93532
7.67984 -0.621918
7.52999 -0.907201
7.47259 -1.00078
7.94355 0.481499
4.84629 -1.38691
5.93229 -2.36304
5.98722 -2.33953
4.47172 0.649694
4.47145 0.656378
4.77387 2.87533
4.78545 2.90381
4.47177 1.16081
4.47196 1.1675
4.57418 -0.29342
4.74586 -1.04203
5.11078 -2.06008
4.4683 1.0405
4.48064 1.35869
4.48234 0.444506
4.47695 0.525987
4.62841 2.41004
4.68959 2.64039
7.208 2.59713
7.0787 2.74742
7.92049 0.931248
7.85795 1.27347
7.32991 2.43639
7.12701 -1.45548
7.25542 -1.30325
7.57864 2.02621
7.53438 2.1089
7.42041 2.30106
7.82548 1.39826
7.74658 1.64312
4.51087 1.70616
4.51851 1.77465
4.83322 3.00761
4.8135 2.96781
5.59633 3.54493
6.02143 -2.32276
4.49776 0.255532
4.51865 0.0680356
4.46736 0.777254
7.62636 1.92869
7.1095 -1.47535
7.93257 0.823014
4.47606 1.2903
5.39537 -2.38818
5.40185 -2.39149
6.58309 3.18363
7.71165 1.73353
4.52816 1.84841
4.52291 1.80772
4.93852 3.181
7.57891 2.02568
4.48568 1.42749
4.51878 1.77683
7.67758 1.81586
7.67134 1.83089
7.27525 -1.27845
6.6514 3.13386
5.70879 3.54125
7.86287 -0.105472
