6.44824 -0.257008
6.40964 -0.280222
5.66865 0.275871
5.66235 0.30318
6.83377 0.740547
6.83594 0.716328
6.79726 0.292792
6.77168 0.206203
6.22475 -0.342494
6.17191 -0.339824
6.62634 -0.0772349
6.5989 -0.114888
5.6475 1.04669
5.63399 0.965145
5.65838 1.10014
5.67981 1.18063
5.93954 -0.239402
6.02475 -0.301382
5.81105 -0.0806416
5.83128 -0.114758
5.7231 0.102596
5.70651 0.149439
5.85968 1.51542
5.89106 1.55071
6.03812 1.63259
6.0089 1.62562
6.47013 1.51307
6.43834 1.5413
6.28655 1.62572
6.17425 1.65116
6.57041 1.41427
6.59572 1.38264
6.83694 0.55011
6.82945 0.465386
6.81199 0.89252
6.80771 0.912712
6.83779 0.649476
6.83921 0.617943
6.71929 0.0735898
6.72487 0.0860083
6.41928 1.55617
6.32479 1.60838
6.67056 1.26887
6.64532 1.31277
5.78892 1.42594
5.8073 1.45518
6.52916 1.4593
6.16868 1.65237
6.79521 0.962702
6.78569 0.997409
6.82391 0.827023
6.81784 0.865956
6.73409 1.14433
6.71276 1.19117
5.71519 1.28068
5.74961 1.35935
5.63509 0.470285
5.6394 0.436603
5.62082 0.828246
5.61739 0.731611
6.82674 0.807711
5.62177 0.592807
5.62634 0.538937
6.16463 1.65278
6.15167 1.65241
6.33312 -0.317682
6.51434 -0.202831
5.86992 -0.163188
5.92553 -0.228299
5.65908 0.318292
5.69024 0.201473
6.76238 0.179096
6.80794 0.337964
6.12229 -0.335921
6.27205 -0.333681
6.57293 -0.145528
6.02988 -0.303412
6.66584 -0.0200039
5.78597 -0.0358299
5.76318 0.0083847
5.74324 0.0494334
6.71689 0.0689869
5.64346 0.409993
5.91332 1.56914
5.82103 1.47348
5.98744 1.6164
6.09176 1.64714
6.8228 0.415777
6.83839 0.589107
6.83745 0.698016
5.76935 1.3941
6.7741 1.03958
6.80069 0.941277
5.94933 1.59465
6.63025 1.33514
6.76772 1.05925
6.69149 1.23346
5.65256 1.07557
5.63141 0.501944
5.61754 0.708364
5.62171 0.850837
5.62066 0.6077
5.62715 0.530821
5.69359 1.22049
5.61956 0.656705
5.63009 0.923481
5.62237 0.85785
5.75914 1.37738
6.7703 1.05165
