7.71455 -0.300218
7.74644 -0.201167
5.50461 3.37097
5.50041 3.36969
5.04598 3.07066
5.06554 3.09404
7.82918 0.167542
7.83414 0.207182
4.58513 1.48925
4.59158 1.55151
4.65384 2.01163
4.6519 2.00001
4.63227 -0.0781097
4.62636 -0.0387185
7.55499 -0.675809
7.52752 -0.729223
6.37876 3.18299
6.31144 3.21795
7.56192 1.86207
7.57218 1.84022
4.70822 2.27232
4.7027 2.24986
6.69533 2.97147
6.70331 2.96518
7.48332 2.0199
7.48216 2.02206
7.32119 2.2895
7.2805 2.34969
7.75751 1.32351
7.76367 1.30018
7.78099 -0.0738135
7.80467 0.0314303
7.6629 -0.438815
7.64585 -0.480675
5.78338 -2.22689
5.80864 -2.22226
5.59035 3.38424
5.51572 3.37274
5.30456 3.29539
5.36893 3.32663
5.10914 3.14398
5.16204 3.19438
7.85498 0.42772
7.84538 0.299242
4.95352 -1.35656
4.98351 -1.43713
5.05657 -1.62018
5.05446 -1.61578
6.5709 3.06196
6.58331 3.05373
4.57985 1.42319
4.57956 1.42003
4.61759 1.77243
4.62238 1.80817
6.18678 -2.08645
6.18733 -2.08618
5.53521 -2.20458
5.53969 -2.20632
4.80534 -0.877465
4.78373 -0.798406
5.13057 -1.7775
5.13234 -1.78065
4.59095 0.247284
4.59587 0.20131
5.92469 3.36258
5.97945 3.34775
6.13581 3.29872
6.15411 3.29184
6.89027 2.80176
6.86073 2.83004
6.68811 2.97701
6.39053 -1.96591
6.37394 -1.976
6.79177 -1.65597
6.77035 -1.67457
6.99739 -1.45689
6.94546 -1.50977
7.31446 -1.07452
7.32171 -1.06463
7.42181 -0.914017
7.42643 -0.906596
7.85771 0.522315
7.85561 0.444316
4.55968 0.913397
4.55929 0.894046
4.56378 1.12064
4.56535 1.16739
4.88941 -1.16281
4.9035 -1.20866
4.70568 -0.470194
4.713 -0.504073
5.26705 -1.99634
5.21867 -1.92712
4.57481 0.449278
4.58284 0.333791
4.56606 0.605131
4.56383 0.654875
4.74587 2.42067
4.73196 2.36836
7.18424 -1.24512
7.1593 -1.27611
7.8343 0.931014
7.84104 0.879551
4.66418 -0.26184
4.65628 -0.218342
7.85762 0.555245
7.85662 0.644954
7.75001 -0.189112
7.70794 -0.319339
6.08647 -2.13519
7.06038 -1.3884
7.09807 -1.34705
6.44538 3.14286
6.26694 3.24141
4.81017 2.62234
4.80423 2.60496
7.13572 2.53877
7.15618 2.51409
7.81129 1.08086
7.80278 1.12641
7.40453 2.15776
7.38734 2.18616
7.233 2.41471
7.26968 2.36495
7.70898 1.49036
7.71007 1.48706
7.67517 -0.407655
6.59365 3.0467
6.52673 3.09163
4.61053 1.72109
4.60555 1.67984
4.58478 1.48575
4.583 1.46434
5.58511 -2.21957
5.64959 -2.22836
4.82519 -0.949314
4.89244 2.81878
4.90564 2.848
5.85936 3.37571
5.86899 3.37389
6.01825 3.33787
6.16218 3.28817
6.04 3.33198
6.46921 3.12881
5.70945 3.38978
5.76236 3.38597
5.65156 3.38942
5.65761 3.38994
6.83845 2.84946
6.35298 -1.98912
6.47998 -1.90487
6.91015 -1.5455
7.02793 -1.42428
5.96121 -2.18331
5.93504 -2.19273
6.00843 -2.16619
6.06856 -2.14322
4.56058 0.995496
4.56044 0.976896
4.56328 1.10389
4.85451 -1.05133
4.86034 -1.07019
4.90413 -1.21064
4.90379 -1.20958
4.57334 0.470144
4.5741 0.459255
4.58325 0.328804
4.61023 0.0807643
4.60806 0.0976658
4.56676 0.589676
4.76505 2.48675
4.75471 2.4531
7.61149 1.75155
7.61533 1.74259
6.97412 2.71775
7.02017 2.67058
7.26932 -1.13718
7.26146 -1.14758
7.84715 0.814122
7.84335 0.85675
5.88452 -2.2072
5.85605 -2.21433
4.56261 1.04039
4.56271 1.08653
4.92713 -1.27975
4.94855 -1.34212
4.58494 1.48735
4.6835 -0.366825
4.68212 -0.359659
4.76642 -0.732386
4.77788 -0.777086
5.35855 -2.09538
5.37577 -2.10965
4.57138 0.52445
4.56741 0.575078
4.66457 2.06967
4.67562 2.12734
4.86479 2.75945
4.83375 2.68623
7.6442 1.67053
7.64902 1.65828
7.60976 -0.563522
7.608 -0.567405
5.69221 -2.23148
5.76166 -2.22962
4.62755 1.84437
4.63147 1.87235
5.43268 -2.15334
5.41493 -2.14237
5.29686 -2.03103
5.26902 -1.99861
7.27395 -1.13096
6.26795 -2.04085
6.18752 -2.08608
6.48972 -1.89829
6.58082 -1.83057
4.96702 2.95751
4.98135 2.98018
4.57437 1.35105
4.57157 1.30569
4.61363 1.744
4.58365 0.324316
4.58928 0.263555
4.55907 0.830418
4.55931 0.805047
5.67494 -2.2318
5.40411 3.34099
5.50649 3.37134
5.08158 3.11384
5.01383 3.02881
7.84495 0.294951
7.82888 0.165477
5.05161 -1.6094
5.01825 -1.52684
5.17352 -1.85427
5.13383 -1.7833
4.6437 1.95322
4.66354 2.06367
7.49253 -0.793245
7.58299 -0.619504
7.5253 1.9382
7.60736 1.76117
4.6908 2.19901
4.71697 2.30912
4.82706 2.66892
4.82532 2.66402
7.09777 2.58442
7.09902 2.58298
6.85978 -1.59331
6.89399 -1.5616
7.37233 -0.989993
7.41127 -0.930761
7.44453 2.08963
7.49094 2.00531
7.27798 2.35329
7.33544 2.268
7.68059 1.57417
7.69407 1.53467
7.77804 1.24044
7.73809 1.39482
7.85412 0.698264
7.85151 0.756975
7.80756 0.0456202
7.77839 -0.0843035
5.20615 3.23108
5.25633 3.26625
5.60601 3.38614
7.85514 0.430481
4.95015 -1.34671
5.00027 -1.47972
5.09464 -1.70269
4.72853 -0.573182
4.74654 -0.650117
5.49312 -2.18819
5.45569 -2.16658
5.1974 -1.89598
5.10616 -1.72658
4.64106 1.93636
4.68748 2.18485
4.67595 2.12899
7.46878 -0.835076
6.69024 -1.7442
6.67796 -1.75402
6.66678 -1.76302
7.35341 -1.0183
7.29025 -1.10851
7.8579 0.535335
5.98554 -2.17559
4.68737 -0.385897
5.26822 -1.99772
4.72645 2.34612
4.74765 2.42758
7.84177 0.871914
7.82999 0.966277
4.64555 -0.156462
4.83381 -0.979957
4.76843 2.49717
4.79365 2.57553
7.17342 2.49233
7.09548 2.58705
7.82618 0.990527
7.78674 1.20304
7.22065 2.43114
7.5204 1.94784
7.43623 2.10418
7.3634 2.22435
7.73453 1.40681
7.67963 1.5769
4.57545 1.36601
5.91258 -2.19883
4.83022 -0.96715
4.55909 0.869362
4.567 1.21601
4.5682 1.24506
4.56175 0.701886
4.56052 0.739049
7.12248 -1.31929
7.84939 0.791812
4.59958 1.62973
4.59676 1.60394
5.39376 -2.12532
5.33953 -2.07867
5.81356 3.38233
5.79793 3.38369
7.67853 1.57994
7.61162 -0.559535
5.01213 3.02638
4.63818 1.91673
5.31735 -2.05386
4.59656 0.194851
5.00894 3.02155
4.95218 2.93297
6.29207 -2.02714
5.32591 -2.06413
4.62223 -0.00860502
5.63374 3.38823
5.01135 3.02514
4.571 1.29489
4.57026 1.28274
4.58936 0.262582
4.55969 0.785243
4.55995 0.765888
4.92153 2.87836
5.67038 3.39027
6.58965 -1.82419
4.56025 0.958101
4.56569 1.18302
4.8813 -1.13796
4.5629 0.672327
7.03831 2.65086
6.48956 3.11639
4.60329 1.66273
4.59228 1.55944
7.63257 -0.512081
