6.41746 1.08933
6.46925 1.01054
6.54788 0.809698
6.55983 0.760779
6.49756 0.320005
6.46337 0.258171
6.39444 1.11823
6.30366 1.17697
5.9712 1.03824
5.94219 0.971062
6.15775 1.20297
6.13721 1.20232
5.89228 0.657879
5.89133 0.681342
6.15306 0.12083
6.08131 0.159144
6.24668 0.107111
6.29191 0.111954
5.99521 0.262296
6.01003 0.242059
6.56659 0.589842
6.55566 0.484353
6.5167 0.922734
6.4059 1.10483
6.03539 1.13333
6.01586 1.11578
5.89852 0.815812
5.89737 0.805005
6.56469 0.70402
6.52852 0.894336
6.41091 0.187437
6.44712 0.230974
6.52043 0.365038
6.26363 1.19909
6.52226 0.910366
5.92789 0.934014
5.90455 0.851861
5.89898 0.823489
6.55028 0.465295
6.56895 0.616174
5.9111 0.503395
5.91928 0.451635
5.95347 0.354932
5.98717 0.27362
6.05948 0.182934
6.18309 0.106934
6.3833 0.164427
5.92836 0.423851
5.89139 0.703633
5.89719 0.577917
5.89975 0.555768
6.39609 0.172721
