7.61405 0.0486439
7.62063 0.0763169
7.48363 -0.372652
7.46041 -0.426934
7.58343 1.25671
7.58076 1.26723
4.77582 1.31197
4.77969 1.35998
4.97157 -0.672649
5.00133 -0.768462
4.87065 -0.260876
4.86251 -0.219449
5.06531 -0.960347
5.07402 -0.983322
6.63279 2.7318
6.62507 2.73758
6.90302 2.49001
6.96446 2.42294
4.78394 0.310336
4.78894 0.260306
4.75898 0.782
4.7578 0.815533
5.0604 2.52253
5.07137 2.54274
4.96386 2.28979
4.98312 2.34267
6.18949 -1.75853
6.23076 -1.74315
7.19726 -0.894165
7.18127 -0.917811
6.21639 2.97292
6.14793 2.99902
5.93743 3.05111
5.92829 3.05184
6.62652 -1.49944
6.5616 -1.54733
7.12964 2.21945
7.08249 2.28127
7.66772 0.451045
7.671 0.538837
7.65379 0.881253
7.65768 0.844742
7.5607 -0.156188
7.53184 -0.243982
7.4348 -0.484324
7.42792 -0.498658
5.32957 2.88527
5.29198 2.85078
5.52685 3.00627
5.48915 2.98913
7.65829 0.327528
7.64611 0.224488
5.33084 -1.50971
5.31327 -1.48276
5.20517 -1.29084
5.21752 -1.31685
4.81117 1.62961
4.82542 1.72119
4.86386 1.92536
4.86817 1.94664
5.7327 -1.8183
5.71129 -1.81148
5.83943 -1.83255
5.8744 -1.83242
5.56844 -1.74907
5.61642 -1.77578
4.94352 -0.568315
4.97014 -0.667571
4.80882 0.0953792
4.81271 0.0668357
5.15738 2.69003
5.14011 2.66439
4.92034 2.14701
4.89999 2.07755
6.036 -1.81045
6.07993 -1.79819
7.02293 -1.12097
7.02282 -1.1211
6.33797 2.91702
6.38062 2.89508
5.76484 3.05827
5.7298 3.05607
6.42778 -1.63787
6.344 -1.68622
6.82939 -1.32467
6.75409 -1.39313
7.288 -0.756343
7.30887 -0.721929
7.6704 0.633795
7.67114 0.543908
7.43789 1.67814
7.43201 1.69185
6.55492 2.78801
6.50286 2.82225
6.86583 -1.28845
6.91675 -1.23652
7.31712 1.92446
7.31156 1.93467
7.47293 1.59371
7.50089 1.52008
4.75866 0.946121
4.75913 1.00694
5.13714 -1.14546
5.13631 -1.14347
4.7733 0.434255
4.76974 0.480029
4.85061 -0.156298
4.83606 -0.0777507
7.48739 -0.363341
7.61036 1.14418
7.59913 1.19223
7.56098 1.33922
7.55963 1.34374
6.8262 2.56611
6.87407 2.51901
6.97714 -1.17245
6.98828 -1.16014
7.35694 1.84984
7.35817 1.84744
7.136 2.21065
7.18291 2.14278
7.66364 0.77425
7.66082 0.811942
7.52404 -0.266172
7.56973 -0.125933
7.4392 -0.475364
4.76846 1.20855
4.76448 1.13082
5.67189 -1.80002
5.56483 -1.74721
4.78088 0.342674
4.77673 0.390806
4.76272 0.614855
4.7615 0.651657
4.75797 0.87881
5.02002 2.4337
4.99812 2.37898
6.71278 2.66722
6.72778 2.6551
7.64029 0.980856
7.63627 1.00715
4.89322 -0.367212
4.91714 -0.466844
7.28514 1.98062
7.25895 2.02485
4.76102 1.04016
4.76151 1.07477
4.77123 1.25206
5.98664 -1.82061
5.95802 -1.82522
5.74432 -1.82117
5.77143 -1.82408
4.89233 -0.363211
6.67298 2.69963
6.70035 2.67756
4.7902 0.248921
4.79609 0.195039
4.76513 0.559606
4.76712 0.521264
4.76055 0.687042
4.75858 0.747914
7.08811 -1.041
7.11175 -1.01209
6.95582 -1.19615
7.66729 0.7235
7.66905 0.68499
7.3642 -0.624319
7.35644 -0.638908
5.52781 -1.7202
5.4946 -1.69466
5.39688 -1.59537
5.38757 -1.58361
5.0502 2.5019
6.30745 2.93291
6.26052 2.95481
4.79226 1.4883
4.79459 1.50851
5.88797 -1.83197
5.90832 -1.83026
5.4576 -1.66022
5.486 -1.68805
4.95023 2.24914
4.94308 2.22504
7.53021 1.43789
7.5325 1.4314
7.57904 -0.0934989
4.9219 -0.485716
7.62598 0.106269
7.60827 0.0224362
5.42758 2.95611
5.38177 2.92548
5.29482 -1.45203
5.26335 -1.40085
4.78067 1.37173
4.77452 1.29583
4.84554 1.83465
4.84086 1.80918
5.02007 -0.827226
4.97064 -0.669372
5.41221 -1.6141
5.43674 -1.6389
5.10019 -1.05226
5.05318 -0.927546
6.59064 2.7627
6.64104 2.72578
6.99176 2.39222
6.89734 2.49582
5.10639 2.60785
6.24251 -1.73709
6.14104 -1.77831
7.15462 -0.953412
7.23895 -0.834215
6.11355 3.00923
6.2541 2.95782
5.94608 3.04964
5.83326 3.05939
6.52666 -1.57298
6.66055 -1.47188
7.23947 -0.83344
7.23971 -0.833069
7.13431 2.21306
7.06151 2.30754
7.67112 0.543191
7.6671 0.437634
6.40406 2.88167
6.43631 2.86397
7.64249 0.200158
5.23309 2.78939
5.62054 3.03772
5.62715 3.03949
5.21526 2.76789
7.66118 0.357718
5.23438 -1.35006
5.36965 -1.56134
5.17598 -1.23064
4.79204 1.48622
4.80763 1.60637
4.80019 1.55247
4.83508 1.77597
4.88093 2.00348
4.9291 -0.513915
5.02803 -0.851937
5.03266 -0.867198
5.13584 -1.14229
4.89385 2.05587
4.81349 0.0616118
4.79694 0.18778
5.18657 2.72916
6.32984 -1.69452
7.0226 -1.12136
7.06747 -1.06706
6.32111 2.92607
6.06976 3.0226
5.64446 3.0423
6.04238 3.02994
5.63085 3.04018
6.7274 -1.41695
6.45652 -1.61904
6.84288 -1.31148
7.33471 -0.677099
7.67014 0.653347
7.39967 1.76288
7.46762 1.60712
6.46925 2.84433
7.1204 -1.00069
4.83152 -0.0511805
7.61575 1.11818
7.58707 1.24333
7.55268 1.36657
7.62146 1.08645
7.62797 1.05474
6.81508 2.57679
6.75135 2.63401
7.02869 2.34819
7.39319 1.77668
7.34857 1.86582
7.19993 2.117
7.22967 2.07131
7.53438 1.42565
7.64507 0.948412
7.65181 0.899435
7.39043 -0.574008
7.3736 -0.607023
7.32125 1.91711
7.24835 2.04227
5.937 -1.82824
6.02021 -1.81349
5.4903 -1.69144
5.56234 -1.74571
7.59283 -0.0419645
6.13283 -1.78163
6.10883 -1.78928
5.65189 -1.79261
