6.37246 2.74215
6.36883 2.74393
5.53923 2.80325
5.45344 2.74947
6.74059 2.48208
6.72159 2.49861
4.86601 0.780258
4.86484 0.813166
6.89751 -1.08792
6.95696 -1.02106
7.15895 1.98147
7.18447 1.9405
7.53073 0.160473
7.53732 0.199071
7.35642 1.60578
7.3251 1.67635
7.42367 1.43159
7.39593 1.50729
5.51722 -1.45665
5.46795 -1.40325
4.87455 1.14291
4.87724 1.19036
4.89782 1.42039
4.89867 1.42822
5.68558 -1.57723
5.61639 -1.53612
5.05528 -0.536099
5.05946 -0.551094
5.10952 -0.708718
5.13347 -0.777805
5.25823 -1.07617
5.27513 -1.1084
5.17903 -0.897549
5.15761 -0.844941
5.35261 -1.24641
5.32992 -1.21072
4.9781 1.87661
4.98928 1.92163
4.93294 1.65612
4.94294 1.70899
4.91373 0.125398
4.91297 0.131029
4.8845 0.389052
4.88225 0.41093
4.86775 0.680868
4.86863 0.649914
4.86547 0.877948
4.86616 0.942871
5.29929 2.60099
5.34412 2.65304
5.19003 2.44119
5.16003 2.38735
5.10435 2.2666
5.13138 2.32672
6.05767 -1.61963
5.97307 -1.63002
6.2515 -1.56047
6.21633 -1.57286
5.86948 -1.62905
5.94414 -1.63139
5.03585 2.08012
5.01463 2.01154
6.81271 -1.17311
6.87884 -1.10817
7.28825 1.75384
7.27009 1.78873
7.28447 -0.546327
7.27771 -0.559112
6.15804 2.83323
6.08471 2.85333
6.01247 2.869
5.94798 2.87807
5.68555 2.85909
5.74106 2.87143
6.448 -1.45983
6.43243 -1.46859
6.64684 -1.32051
6.64156 -1.32454
7.56258 0.411603
7.56147 0.395209
6.60169 2.59554
6.56722 2.62192
7.54993 0.889972
7.54778 0.908276
7.56868 0.590464
7.56892 0.599915
4.99576 -0.312042
4.99481 -0.307922
4.95181 -0.0995898
4.96339 -0.15919
7.06413 -0.888535
7.08647 -0.860026
7.2019 -0.690409
7.15926 -0.757497
7.48117 1.24604
7.47775 1.25835
7.52771 1.03453
7.52401 1.05674
6.9167 2.30514
6.86606 2.35945
7.09809 2.07418
7.09157 2.08384
6.94836 2.26819
6.98803 2.22031
6.47025 2.68621
6.47574 2.68309
7.45315 -0.149192
7.44077 -0.188219
7.42131 -0.242157
7.4336 -0.208336
7.37966 -0.34747
7.38787 -0.327951
7.39115 1.51998
7.42683 1.4226
4.86975 1.06955
4.88397 1.28028
4.89183 0.307829
4.88847 0.341851
4.88056 0.431386
4.87683 0.479511
4.87205 0.556541
4.86939 0.614597
4.86668 0.715097
4.86758 1.00926
6.5156 2.65618
6.55248 2.63187
7.5098 1.12525
7.51362 1.10883
7.56036 0.788944
7.56337 0.753404
4.99438 -0.306061
5.02072 -0.409645
7.22775 1.86679
7.23726 1.85
6.31823 2.76979
6.31392 2.77175
7.36223 1.59188
7.4543 1.34101
7.42966 1.41453
4.86933 1.04003
7.5 0.0140754
7.4759 -0.0768051
5.03389 -0.458684
6.4228 2.71443
4.8853 1.29634
4.86563 0.747951
7.51551 0.0842302
7.50634 0.0390057
5.44074 2.74028
5.56024 2.81349
5.42166 -1.34816
5.40661 -1.32722
4.88652 1.31012
7.56675 0.672501
7.56638 0.69674
7.53672 0.986404
7.53593 0.991676
4.97265 -0.204119
4.98154 -0.24629
5.21724 -0.987631
5.19655 -0.939006
4.95418 1.76723
4.97398 1.85796
6.65359 2.55621
6.7957 2.43024
5.24068 2.52359
5.22818 2.5032
6.15392 -1.59587
6.10219 -1.60831
7.10726 -0.830547
7.14652 -0.776645
7.01394 -0.954134
6.88768 -1.09882
5.84406 2.88223
5.87156 2.88118
6.54683 -1.39534
6.54115 -1.3991
7.07215 2.11117
7.04114 2.15294
7.5673 0.504245
7.56719 0.500429
6.26422 2.79451
6.24962 2.79995
7.22297 -0.655341
7.25847 -0.593786
7.55025 0.286503
7.31937 1.68886
5.63896 2.84574
5.36513 2.67385
7.55398 0.317503
5.53769 -1.47496
5.38796 -1.29908
4.90314 1.4635
5.80659 -1.61743
5.777 -1.61223
5.74764 -1.60159
5.59701 -1.52402
7.56501 0.731971
5.07667 -0.610824
5.0778 -0.614271
5.07493 -0.605327
5.04257 -0.490086
5.14343 -0.806031
5.30343 -1.16239
5.24259 -1.04498
4.91425 1.54337
4.91743 1.56318
5.0061 1.98335
4.91797 0.0969308
4.89851 0.246662
5.25076 2.53848
5.14434 2.35568
5.07268 2.18938
5.96276 -1.63148
6.32038 -1.52814
6.35029 -1.51447
5.06455 2.16641
6.75098 -1.23204
7.02073 -0.945813
6.73513 -1.24581
7.3067 -0.504325
4.93601 -0.0147525
4.93387 -0.0024935
4.93248 0.00600849
6.05262 2.86196
5.82663 2.88115
7.56786 0.526959
6.56 2.62673
6.63396 2.57145
7.50013 1.16781
7.50527 1.14783
7.02381 -0.941823
7.45603 1.33517
7.49666 1.18306
7.46343 1.3094
7.51844 1.08265
7.53723 0.983553
6.82827 2.39872
6.64324 2.56425
6.93303 2.28646
7.13902 2.01282
7.02803 2.16971
7.41142 -0.268007
7.40093 -0.295231
7.36221 -0.388315
4.89542 0.272321
4.88591 0.369443
4.87579 0.493668
4.8725 0.547433
4.86917 0.619918
6.48144 2.67969
7.55642 0.831506
7.5387 0.973636
5.76592 -1.60878
4.89712 0.258545
5.06747 2.17557
7.46734 -0.10496
7.3341 -0.449302
7.29645 1.73756
7.26353 1.8013
7.20089 1.91281
7.29546 1.73965
7.55388 0.858432
7.35753 -0.398903
7.33417 -0.449153
4.87451 0.519517
