7.49082 1.2533
7.49004 1.25639
5.53783 2.82621
5.51993 2.81499
6.73915 2.50157
6.73362 2.50638
4.85468 0.780443
4.85328 0.82027
7.15527 -0.785236
7.15114 -0.79135
6.92697 -1.07395
6.96801 -1.0278
7.17627 1.97616
7.19447 1.94695
6.32625 2.78287
6.32161 2.78543
7.54044 0.151387
7.54897 0.201396
7.36445 1.61515
7.33709 1.67679
7.43186 1.44116
7.40748 1.50772
5.3979 2.72855
5.4349 2.7611
5.5172 -1.4849
5.45026 -1.41234
4.86226 1.13528
4.86576 1.19704
4.885 1.41243
4.88741 1.43477
5.61372 -1.55989
5.68195 -1.60043
5.03914 -0.525203
5.04622 -0.550614
5.09753 -0.715342
5.11482 -0.765214
5.51769 -1.48543
5.58915 -1.54457
5.24435 -1.08384
5.24856 -1.09187
5.16622 -0.904627
5.15534 -0.877921
5.33731 -1.25486
5.32791 -1.24006
4.96638 1.88418
4.98735 1.96859
4.92113 1.66376
4.92808 1.70051
4.90305 0.119202
4.90038 0.138759
4.87286 0.389242
4.86983 0.418553
4.8559 0.68814
4.85699 0.650103
4.85377 0.871166
4.85461 0.949966
5.28355 2.61087
5.34225 2.67902
5.17556 2.45027
5.1578 2.4184
5.09095 2.27501
5.1087 2.31447
6.05532 -1.64027
5.99263 -1.64797
6.24922 -1.58054
6.23151 -1.58679
5.86696 -1.65116
5.90208 -1.65226
5.02343 2.08815
4.99673 2.00187
6.82438 -1.18022
6.873 -1.13247
7.29347 -0.555046
7.28978 -0.562044
6.15692 2.85151
6.1071 2.86517
5.98196 2.89231
5.94681 2.89726
5.66477 2.87497
5.73983 2.89166
6.64462 -1.3401
6.65416 -1.33222
6.44575 -1.47963
6.44807 -1.47812
7.57383 0.415823
7.57199 0.3886
6.61412 2.60356
6.57939 2.63014
7.56092 0.890377
7.55788 0.9162
7.58048 0.599722
7.58049 0.600341
4.99303 -0.352747
4.98399 -0.313897
4.94062 -0.105771
4.94913 -0.149562
7.06924 -0.901799
7.09696 -0.866422
7.16019 -0.777863
7.21189 -0.696502
7.53881 1.03494
7.53388 1.06448
6.9152 2.32545
6.87695 2.36647
7.11587 2.06872
7.1014 2.09019
6.9699 2.26158
6.9985 2.22707
7.46587 -0.146654
7.44995 -0.19682
7.43044 -0.2507
7.44679 -0.205706
7.38859 -0.35583
7.40146 -0.32524
7.39928 1.52946
7.43825 1.42302
4.85839 1.07616
4.8714 1.27247
4.88074 0.301402
4.87599 0.349515
4.86931 0.424867
4.8645 0.487087
4.85506 0.715286
4.85573 1.00239
6.52879 2.66469
6.56587 2.64025
7.52089 1.12566
7.52643 1.10185
7.56793 0.830308
7.57376 0.761558
4.97999 -0.296345
5.00921 -0.416003
7.23769 1.87321
7.24259 1.86455
7.374 1.59232
7.46269 1.35081
7.44395 1.40675
4.85787 1.04005
7.51555 0.0281306
7.48537 -0.0856705
5.01774 -0.447785
6.42552 2.73016
6.4301 2.72741
4.87338 1.29628
4.85422 0.741341
7.52751 0.0866235
7.51601 0.0299495
5.43927 2.76446
5.53903 2.82679
5.4222 -1.37896
5.39084 -1.33532
4.87519 1.31672
7.57807 0.681383
7.57783 0.697162
4.96163 -0.210208
4.96913 -0.245841
5.07254 -0.640954
5.06529 -0.617107
5.20447 -0.994681
5.17511 -0.925672
4.94242 1.77483
4.95865 1.84921
6.4851 2.6946
6.49053 2.69102
6.68644 2.54634
6.80713 2.43762
5.22617 2.53269
5.19815 2.48698
6.15161 -1.61624
6.1193 -1.62402
7.11256 -0.844303
7.15686 -0.782946
7.00734 -0.981592
6.89855 -1.10544
6.24911 2.81801
6.26295 2.81267
5.8429 2.90132
5.90515 2.89896
6.54463 -1.41472
6.55466 -1.40733
7.05827 2.15087
7.05169 2.15975
7.57828 0.508365
7.57787 0.493716
6.2686 2.80999
6.3763 2.75722
7.24207 -0.646283
7.26738 -0.602408
7.56019 0.277205
7.32732 1.69814
5.63766 2.8672
5.34793 2.68464
7.56555 0.321844
5.51757 -1.48531
5.35197 -1.2767
4.90018 1.53547
5.83739 -1.6457
5.77352 -1.63447
5.71014 -1.61149
5.59329 -1.54784
7.57694 0.720097
5.06118 -0.603057
5.02931 -0.489605
5.13154 -0.812599
5.28953 -1.17007
5.24045 -1.07607
4.90235 1.55106
4.90297 1.55493
4.99357 1.99144
4.91776 0.0203392
4.88768 0.240381
5.24878 2.56608
5.13091 2.36411
5.07016 2.22432
5.96037 -1.65254
6.33408 -1.54072
6.34803 -1.53434
5.04615 2.15648
6.75126 -1.25002
7.02581 -0.958983
7.31877 -0.507258
4.92189 -0.00522174
4.9214 -0.00241603
4.92108 -0.000470178
6.26542 2.81156
6.05151 2.88013
5.80343 2.89888
6.43191 -1.48749
6.74577 -1.25513
6.74763 -1.25343
7.58043 0.595564
6.5728 2.635
6.65219 2.57514
7.51179 1.16824
7.51432 1.15839
6.48009 2.69788
7.03418 -0.948142
7.46954 1.32782
7.49624 1.23203
7.51008 1.17575
7.52989 1.08307
7.54717 0.991351
6.8268 2.41859
6.65563 2.57225
6.94342 2.29317
7.14891 2.0192
7.0489 2.16331
7.42484 -0.26533
7.41003 -0.303752
7.37588 -0.385589
4.8829 0.280009
4.87474 0.362969
4.8645 0.487119
4.8578 0.613326
4.86043 0.554845
7.56705 0.839847
7.54923 0.978434
7.27794 1.79897
7.27923 1.79649
5.7496 -1.62701
4.88553 0.258734
5.05477 2.18353
7.48412 -0.0897985
7.31982 -0.505145
7.30722 1.74085
7.49148 1.25087
7.20617 1.92721
4.8575 0.621902
7.3034 1.74892
7.56648 0.845882
7.27406 1.80624
7.36634 -0.407153
7.34811 -0.446372
4.86287 0.519706
4.8607 0.549961
