4.76094 -1.57098
4.76842 -1.59807
5.28548 -2.68199
5.24855 -2.65685
5.43238 -2.72445
5.46491 -2.72614
5.88656 -2.59452
5.89102 -2.59245
8.02356 0.17472
8.02965 0.22173
4.58514 -0.896175
4.59393 -0.93208
4.36771 1.35812
4.36742 1.35432
4.35595 0.9241
4.35616 0.977136
4.35638 0.850136
4.35619 0.839814
4.37123 1.42229
4.37128 1.42323
4.49249 -0.474963
4.50709 -0.54617
4.37308 0.403159
4.36921 0.462589
5.59446 3.73345
5.5109 3.73426
4.43527 2.06134
4.4376 2.08169
5.35983 3.71609
5.37201 3.7182
7.3399 -1.3737
7.34779 -1.36392
6.85946 -1.88898
6.84217 -1.90547
7.02163 -1.73186
7.03348 -1.72028
6.40887 -2.26141
6.43668 -2.23998
5.60696 -2.70503
5.5662 -2.71458
4.81386 -1.74947
4.794 -1.68274
7.94462 -0.210592
7.95884 -0.158791
7.88675 -0.394155
7.86888 -0.444696
5.16677 3.65106
5.16827 3.65183
4.92675 3.47306
4.9311 3.47729
8.03787 0.307664
8.03407 0.260066
8.00257 0.0392661
7.99745 0.0100169
7.97392 -0.0990551
7.97695 -0.0856791
6.83639 3.1426
6.84106 3.13861
6.62179 3.31282
6.62438 3.31104
4.42192 1.96199
4.41845 1.93408
4.45241 2.17576
4.45603 2.19966
7.67876 -0.861065
7.6634 -0.889321
7.79309 -0.628306
7.77442 -0.669994
6.05508 3.62904
5.9622 3.66192
6.41242 3.45161
6.37404 3.47323
6.18913 3.57132
6.08548 3.61684
7.12565 2.86418
7.09501 2.89739
7.00985 2.98319
7.01552 2.97782
7.4258 -1.2601
7.4545 -1.22109
7.55513 -1.0711
7.54206 -1.09155
6.68345 -2.04336
6.64699 -2.07482
8.04031 0.772561
8.04251 0.745738
6.03884 -2.50993
6.05656 -2.49891
4.71164 -1.38994
4.72621 -1.44302
4.73176 3.18603
4.72716 3.1767
5.4328 3.72803
5.50255 3.73377
4.62595 -1.06184
4.61997 -1.0377
4.36043 0.650227
4.36257 0.592999
4.76917 3.2553
4.8011 3.30776
4.35964 1.15931
4.35813 1.10413
6.22952 -2.38827
6.23839 -2.38247
4.6629 -1.2085
4.66196 -1.20477
5.3672 -2.71495
5.34192 -2.70655
5.21683 -2.63124
5.52049 -2.72183
5.47689 -2.72562
5.01385 -2.31255
5.00909 -2.30314
5.16291 -2.57407
5.15459 -2.56196
5.09349 -2.47271
5.10521 -2.49078
5.07248 -2.43603
5.04734 -2.38338
4.3796 1.54258
4.37552 1.48638
5.77056 3.71224
5.7984 3.706
4.52694 -0.640809
4.4726 -0.370298
4.4697 -0.354759
4.3735 0.39711
4.37859 0.332135
4.4748 2.31591
4.47498 2.31731
4.42436 -0.0759263
4.43498 -0.147065
4.39123 0.19545
4.40253 0.0917903
6.30122 3.515
6.23673 3.54725
7.70058 2.01528
7.69604 2.02474
7.7884 1.81988
7.78567 1.82648
4.54806 2.66247
4.53802 2.62065
4.50304 2.45695
4.49509 2.41898
4.57629 2.76812
4.56615 2.73106
7.21133 2.7679
7.2336 2.74181
8.0169 0.991316
8.01682 0.991881
7.9717 1.23952
7.96568 1.26638
7.44198 2.46533
7.39557 2.53196
7.31489 2.64077
7.25959 2.71023
6.77303 -1.96648
6.93839 -1.81519
7.09851 -1.65246
6.96496 -1.78885
7.53046 2.32721
7.50983 2.36071
7.61022 2.19064
7.60685 2.19672
4.8671 -1.92128
4.85613 -1.88583
4.91836 -2.07101
4.9022 -2.02513
4.95728 -2.17742
4.95275 -2.16482
7.91211 1.47125
7.91766 1.45247
7.85816 1.63861
7.85949 1.63485
6.46428 -2.21835
6.53584 -2.16444
6.3718 -2.28762
5.6663 -2.68855
5.65593 -2.69152
7.92493 -0.276047
7.941 -0.223604
7.90653 -0.335638
7.86089 -0.465313
7.84215 -0.513543
4.86451 3.39863
4.82098 3.33914
6.67812 3.27063
6.679 3.26995
6.7351 3.22676
6.78451 3.18604
6.88263 3.10191
6.89156 3.09384
6.52282 3.38182
5.84869 3.69464
5.90655 3.67762
4.41384 1.89995
4.4141 1.90214
4.42657 1.9977
4.47449 2.31427
6.07621 3.621
6.50057 3.39578
6.45408 3.42539
6.2101 3.56079
7.07593 2.91684
6.9787 3.01331
6.59064 -2.11959
6.74499 -1.99182
6.9427 -1.81085
7.12774 -1.62198
8.04543 0.683609
8.03346 0.860243
6.56387 -2.14159
4.69785 3.11391
4.73484 3.19162
5.05916 3.58706
5.064 3.59079
8.04794 0.47953
8.04876 0.503115
4.39291 1.69866
4.39705 1.74301
4.38101 1.55976
4.3854 1.61469
4.59355 2.82558
4.60044 2.84941
4.64499 2.98161
4.64071 2.97101
7.24489 -1.48968
7.24834 -1.48571
4.55905 -0.785975
6.13606 -2.44974
6.12538 -2.45679
4.83869 -1.83042
4.83074 -1.80378
4.35842 0.723133
4.35795 0.732435
5.67763 3.72601
5.64289 3.72924
4.53585 -0.682264
4.55841 -0.783296
4.67728 3.06326
4.66454 3.03301
4.69 3.09488
5.35031 3.71373
5.28984 3.69869
7.17286 2.81197
7.19963 2.78173
8.03341 0.860689
7.19333 -1.54878
7.20278 -1.53814
7.15644 -1.59005
8.04727 0.633936
5.70044 -2.67624
5.7244 -2.6665
4.92117 3.46692
4.80955 3.32213
4.97689 3.51917
5.01215 3.55173
6.94132 3.04885
4.36213 1.23113
4.36216 1.23798
4.43176 2.03814
4.68713 -1.29932
4.66615 -1.22135
4.78704 -1.66048
4.75857 -1.56225
5.87305 -2.60083
5.97084 -2.54871
8.03194 0.241651
8.01815 0.132804
4.36642 1.29462
4.36782 1.36169
4.35624 0.987428
4.35598 0.913636
4.35849 0.786633
4.35612 0.860502
4.37523 1.48255
4.37122 1.42223
4.37348 0.397369
4.36907 0.465088
5.50892 3.73424
5.61983 3.73182
4.40619 0.0607447
4.41761 -0.0282881
7.73922 -0.744029
7.72057 -0.781621
7.74635 1.91741
7.742 1.92715
4.53381 2.60102
4.5158 2.52029
7.99634 1.11744
7.99459 1.12703
7.37914 2.55517
7.32991 2.6212
7.50522 -1.14658
7.46654 -1.20362
7.38352 -1.3168
7.30267 -1.42039
7.57085 2.2596
7.55964 2.27878
7.88637 1.55481
7.88965 1.54473
5.79845 -2.63598
5.77363 -2.64785
5.56501 -2.71468
5.61119 -2.70438
4.73597 -1.48069
5.21533 3.67237
5.15183 3.6431
5.23994 3.68149
6.01688 -2.5234
5.98926 -2.53908
8.04184 0.355017
7.9891 -0.0295746
8.00893 0.0761457
7.97185 -0.108185
7.61179 -0.9794
7.82499 -0.554517
7.60336 -0.993649
7.58407 -1.02526
7.40174 -1.29321
8.04887 0.555394
6.08744 -2.4803
4.69386 -1.3238
5.11118 3.62094
5.11471 3.62326
5.41294 3.72511
4.61227 -1.00667
4.6357 -1.10074
4.38666 1.62903
4.39095 1.67885
4.36285 0.586586
4.36018 0.658189
4.61902 2.90886
4.62744 2.93408
7.29285 -1.43257
7.2792 -1.44898
4.35795 1.09483
4.3599 1.16763
4.63976 -1.11692
5.52095 -2.7218
4.99066 -2.26018
5.04012 -2.36989
5.19276 -2.60672
5.11518 -2.50848
5.0816 -2.4509
4.35683 1.04064
4.38023 1.55054
4.45383 -0.265002
4.48082 -0.415032
4.37889 0.32854
4.36553 0.5278
4.44527 -0.214282
4.38942 0.212977
7.65162 2.11346
7.82725 1.723
7.82739 1.72264
7.64829 2.11993
4.56283 2.7194
4.47648 2.32565
4.58285 2.79025
7.24946 2.72278
8.02301 0.943101
8.03336 0.861144
7.94332 1.3579
7.4572 2.44251
7.29419 -1.4309
7.48903 2.3934
7.63004 2.15417
4.84578 -1.85526
4.87876 -1.95544
4.9334 -2.11555
4.98032 -2.23487
4.98162 -2.23853
7.82977 1.71617
7.93535 1.38792
5.64724 -2.69348
6.6693 3.27732
6.72961 3.23129
6.93335 3.05646
4.41413 1.9024
4.40705 1.8418
6.33321 -2.31616
6.28203 -2.3527
5.01577 3.55494
4.60445 -0.974648
4.39966 1.76861
4.3585 0.714152
4.61721 2.90277
4.36175 1.22404
6.14405 -2.44441
5.7229 3.7201
8.04444 0.392524
5.73518 3.71873
5.17863 -2.59172
4.88863 -1.98696
5.74482 -2.65943
6.83182 3.14661
8.04851 0.593893
6.1847 -2.41814
5.13167 -2.53002
4.92689 -2.09493
6.34544 -2.30763
6.62658 3.30948
4.4036 1.80684
4.40637 1.83518
6.93744 3.05255
6.7323 3.22908
