5.86807 2.26098
5.7859 2.22938
6.79033 -0.597283
6.77982 -0.609448
6.54584 -0.824684
6.61506 -0.769324
7.1147 1.23943
7.10619 1.26578
5.23396 0.968359
5.23851 1.03504
6.91738 1.66368
6.9073 1.67997
5.93041 -0.964092
5.90846 -0.954776
6.12007 -0.991184
6.15789 -0.986285
5.23462 0.567964
5.24321 0.449208
6.19938 2.26091
6.27261 2.23591
6.41481 2.17028
6.45526 2.14465
6.31787 -0.94916
6.42089 -0.902715
5.98928 2.28311
5.92205 2.27265
6.91402 -0.432835
6.91934 -0.425139
5.25591 1.19859
5.24347 1.09393
7.17834 1.00158
7.1841 0.973408
5.48849 -0.499454
5.50019 -0.521483
5.58773 -0.671866
5.56663 -0.640918
5.35203 1.63501
5.37203 1.69144
5.29466 1.42242
5.2862 1.37995
5.52515 1.99598
5.57169 2.0565
5.42739 1.82715
5.41141 1.79316
5.65677 2.14294
5.592 2.08168
6.78306 1.84973
6.788 1.84364
7.01319 1.4888
6.98096 1.55222
5.74636 -0.855568
5.71637 -0.826877
7.15044 0.0889332
7.11627 -0.0203346
7.06463 -0.151658
7.02982 -0.227148
5.39608 -0.276054
5.40905 -0.310953
5.33679 -0.0799808
5.33353 -0.0682097
5.29642 0.0952522
5.28327 0.161407
5.22898 0.784283
5.22949 0.837211
5.24852 0.398948
5.25779 0.320946
7.21497 0.470559
7.21845 0.579886
7.17945 0.209097
7.20103 0.332579
7.15218 1.11075
7.14081 1.15456
7.09421 1.29964
7.07579 1.34734
7.19467 0.913329
7.1631 1.06955
7.19991 0.877071
6.71463 1.92724
6.65552 1.98775
6.53653 2.08871
6.54709 2.08037
6.76654 1.86971
6.64002 2.00289
6.63018 2.01191
6.4906 2.12077
6.50671 2.11067
6.81518 1.80853
6.82897 1.79077
5.36064 -0.162134
5.37017 -0.194903
7.20767 0.808549
7.21456 0.734766
7.20193 0.86271
5.31827 -0.00988532
5.31711 -0.00487494
5.22904 0.75993
5.22942 0.706908
5.74777 2.20779
5.88671 2.26701
6.76307 -0.627416
6.85149 -0.519147
6.66513 -0.726665
6.52307 -0.839961
5.24254 1.08495
5.23337 0.957778
5.47872 -0.479808
5.44708 -0.406286
5.64568 -0.751048
5.62559 -0.723773
5.31975 1.53104
5.31955 1.53023
5.47299 1.91368
5.49989 1.95955
6.90165 1.68845
6.96229 1.58677
5.83762 -0.920918
5.9756 -0.975002
6.2167 -0.978627
6.06368 -0.989354
7.11287 -0.0297918
7.07565 -0.12626
5.31536 0.00290068
5.23359 0.585664
5.24376 0.443066
7.20145 0.335611
7.21408 0.457511
6.04735 2.28281
6.09353 2.28107
6.12804 2.27465
6.30646 2.22413
6.43127 -0.897632
6.28663 -0.958603
5.68701 2.16845
6.70045 -0.692299
6.92538 -0.415575
6.9794 -0.323591
5.22968 0.849113
5.26109 1.23436
5.42115 -0.342184
5.43764 -0.383598
5.53666 -0.588893
5.65682 -0.765195
5.38835 1.73638
5.32023 1.5328
5.27334 1.31136
5.58485 2.07341
5.44439 1.85984
7.04525 1.4206
6.84667 1.7666
7.05376 1.40169
5.80129 -0.896348
6.02461 -0.986818
7.0044 -0.277051
7.15109 0.0912095
7.17856 0.204876
5.37559 -0.212412
5.32362 -0.0322949
5.35146 -0.131554
5.27637 0.201412
5.22896 0.772071
5.25951 0.308626
5.22971 0.695265
7.2185 0.615467
7.21651 0.683845
7.06056 1.38669
6.57662 2.05649
6.52448 2.09849
6.34806 2.20495
7.21483 0.730609
7.12516 1.20943
6.39029 2.18294
6.40281 2.17686
