5.34737 -2.23344
5.30848 -2.19942
6.11717 -2.20613
6.18814 -2.16749
5.66519 -2.34249
5.69572 -2.34225
4.95826 -1.55903
4.99272 -1.64751
4.7295 -0.804477
4.68808 -0.635656
5.06348 -1.81477
5.08794 -1.86583
4.60246 2.04366
4.59508 1.99943
7.61685 -0.663466
7.5621 -0.76996
7.85188 1.12101
7.85721 1.0922
7.43632 2.20053
7.4433 2.18885
7.35264 2.33181
7.33866 2.35248
7.75933 1.48562
7.74713 1.52371
7.9024 0.699703
7.9051 0.614484
7.75312 -0.336324
7.71993 -0.427436
7.80978 -0.153458
7.82114 -0.111398
5.0785 3.23828
5.10504 3.26441
5.26547 3.37993
5.30106 3.39867
5.78443 -2.32967
5.78902 -2.32883
5.58184 -2.33933
5.61007 -2.34262
4.91204 3.01998
4.91364 3.02267
7.87076 0.128625
7.85682 0.0483809
7.89949 0.386057
7.89437 0.317621
4.95701 -1.55584
4.92591 -1.46673
4.54678 1.63303
4.55168 1.67959
4.52824 1.42296
4.52571 1.39496
4.75502 -0.905954
4.75483 -0.905258
5.1096 -1.91155
5.14086 -1.96712
5.96181 3.43171
5.93428 3.43917
6.16288 3.36182
6.09906 3.38578
6.3873 3.25116
6.39699 3.24516
5.69294 3.47449
5.66494 3.47506
6.85093 2.91231
6.87943 2.88672
7.45485 -0.95295
7.48946 -0.897331
6.45378 -1.99778
6.40087 -2.03586
6.64861 -1.85201
6.60161 -1.88923
6.86599 -1.66239
6.79795 -1.7246
6.99412 -1.53709
6.98981 -1.54167
6.02052 -2.25084
6.03691 -2.24422
4.50863 0.913457
4.50834 0.898904
4.51336 1.14998
4.51395 1.16745
4.52613 0.421059
4.52994 0.366284
4.57494 -0.0429009
4.56252 0.0537529
4.51383 0.637211
4.513 0.655702
4.66962 2.37322
4.6688 2.37015
7.88644 0.898244
7.88665 0.896659
4.61642 -0.288876
4.59828 -0.189
4.81122 -1.10382
4.79534 -1.04834
7.78901 -0.225626
7.76268 -0.308418
6.24352 -2.13625
6.08735 -2.22063
7.08169 -1.44368
7.09652 -1.42741
5.81804 3.46227
5.91102 3.44367
6.34069 3.27642
6.27562 3.31072
4.7324 2.59967
4.70731 2.51513
4.75153 2.65889
4.74193 2.63084
4.78914 2.7599
4.79833 2.78412
7.15489 2.59686
7.1575 2.59371
7.0779 2.68486
7.09429 2.66674
7.25739 2.46651
7.21377 2.52321
6.55572 -1.92336
6.50179 -1.9648
6.91427 -1.6159
6.89448 -1.63557
7.51474 2.06216
7.53479 2.02459
7.80752 1.31881
7.80244 1.33852
7.71377 -0.443792
6.75322 2.99548
6.72875 3.01591
6.50932 3.17563
6.52314 3.16662
4.54511 1.61543
4.53562 1.51436
4.53332 1.48711
4.52508 1.3862
4.52146 1.33485
4.75511 -0.906304
4.86409 2.93116
4.86658 2.93606
4.62348 2.15719
4.63504 2.21754
5.73301 3.47229
5.92653 3.44074
6.04914 3.40495
6.25792 3.31862
6.49795 3.18334
5.70429 3.47435
5.64428 3.47516
5.65241 3.47523
6.90003 2.86693
7.01221 -1.51816
7.0739 -1.4523
6.34543 -2.07093
6.74373 -1.77136
6.70035 -1.80926
6.2873 -2.10945
5.20399 -2.06853
5.23043 -2.10734
5.28124 -2.16973
5.27425 -2.16238
5.8903 -2.30178
5.936 -2.28575
4.50969 1.02512
4.50932 0.976956
4.50831 0.864496
4.50829 0.835432
4.5169 1.25047
4.51535 1.21232
4.51198 1.10395
4.8632 -1.27843
4.86751 -1.29172
4.52038 0.502672
4.52338 0.46008
4.53298 0.329622
4.57831 -0.0659186
4.50992 0.736885
4.51099 0.704212
4.51595 0.590503
7.64401 1.7953
7.66236 1.75244
7.03305 2.73447
7.03918 2.72819
7.16414 -1.34935
7.13571 -1.38259
7.30202 -1.17571
7.2577 -1.23432
7.79922 -0.190637
5.42439 -2.28539
5.38232 -2.26188
5.8855 -2.30321
5.88078 -2.30439
4.51039 1.04046
4.51042 1.05622
6.70502 3.03509
6.64205 3.08215
6.54999 3.14846
6.58394 3.12477
4.63632 -0.393537
4.62272 -0.323206
4.51956 0.525293
4.51791 0.546382
4.61277 2.10196
4.61752 2.12675
4.58104 -0.0830064
4.59738 -0.183735
4.65296 2.30039
4.65519 2.31088
4.64237 2.25158
7.00279 2.76478
7.69858 1.66131
7.70167 1.65333
7.64406 -0.603926
7.61926 -0.658539
5.5319 -2.3302
5.53107 -2.32998
5.53579 3.46582
5.49905 3.46208
4.95877 3.09272
4.97459 3.11546
4.57549 1.87209
4.56833 1.82094
7.34282 -1.12083
7.89706 0.782755
7.90068 0.734856
4.5432 1.59472
4.53913 1.55127
4.67451 -0.577595
4.65103 -0.466044
4.53588 0.296624
4.53887 0.264376
4.83729 -1.19334
4.83009 -1.16855
5.48365 -2.31501
5.457 -2.30427
5.77905 -2.33035
5.39821 3.43762
5.40002 3.43816
5.00776 3.16016
5.00596 3.15794
7.88801 0.25464
7.87936 0.184412
5.01415 -1.69923
4.9578 -1.5579
5.04536 -1.77654
5.10023 -1.89194
4.59256 1.9851
4.60607 2.06309
7.55633 -0.780517
7.61812 -0.660907
7.61722 1.85616
7.58116 1.93295
4.76817 2.70562
4.75413 2.66605
7.11651 2.6412
7.15357 2.59846
7.82918 1.231
7.87301 0.99546
7.4059 -1.02954
7.3774 -1.07179
7.47609 2.1321
7.40449 2.25265
7.30896 2.39498
7.39308 2.27077
7.73154 1.56938
7.77592 1.43225
7.90124 0.72572
7.90502 0.590055
7.84854 0.00725596
7.83013 -0.0739796
5.01472 3.16778
5.16199 3.31202
5.20345 3.34265
5.39217 3.43515
5.40526 3.43945
7.90308 0.448463
4.91188 -1.42475
4.89489 -1.37512
5.02892 -1.73647
4.67973 -0.600809
4.682 -0.61051
5.17654 -2.0293
4.58485 1.93578
7.50267 -0.875014
7.41984 -1.00854
7.90502 0.505719
6.06503 -2.23062
5.98647 -2.26607
5.5291 -2.32931
5.18444 -2.04078
4.66576 2.35787
4.68406 2.42938
7.89201 0.840336
7.88603 0.901598
4.78541 -1.01411
4.85822 -1.26277
4.73585 2.61156
4.68917 2.44785
7.19253 2.55025
7.04908 2.71742
7.87842 0.957691
7.82657 1.24244
7.28114 2.43405
7.5522 1.99063
7.49041 2.10679
7.39531 2.26729
7.78463 1.4021
7.71618 1.61306
4.55773 1.73526
4.55951 1.75079
4.52012 1.31737
4.88661 2.97411
4.86185 2.92647
5.60068 3.4736
5.97516 -2.27008
4.7728 -0.969057
4.50817 0.800912
4.51769 1.27446
4.51434 1.18549
4.88598 -1.34956
4.55296 0.130005
4.54205 0.228325
4.50865 0.770904
4.51208 0.67309
4.82247 2.84296
7.19268 -1.31544
7.89527 0.809024
6.60189 3.11248
7.66851 1.73759
7.67016 -0.547855
4.94327 3.06959
4.57644 1.87839
4.56665 1.80792
5.18888 -2.047
5.83498 -2.31778
7.62692 1.83507
7.57136 1.95296
7.35508 -1.10395
4.91444 3.02385
4.51892 1.29465
4.55284 1.69209
4.53072 1.45546
4.56645 1.80643
4.54139 0.234773
4.50845 0.786077
7.67137 -0.545018
4.50882 0.928291
4.55721 0.0935052
5.2412 -2.12278
7.23313 -1.26557
7.24826 -1.24665
6.62102 3.09811
4.84272 2.88748
4.82256 2.84315
4.91648 3.02713
7.67034 -0.547447
5.26329 -2.14937
