6.458 -0.205181
6.37506 -0.255063
5.64534 0.762206
5.64422 0.715046
6.29809 1.58035
6.4062 1.5202
6.58862 1.34264
6.58152 1.35205
6.7759 0.314052
6.74594 0.212603
6.55655 -0.113235
6.57579 -0.0939662
6.23281 -0.299689
6.24522 -0.296636
5.83912 1.43384
5.81069 1.39539
5.66498 0.983396
5.65936 0.949477
5.70456 1.15722
5.70642 1.1642
5.97812 -0.216675
6.03048 -0.254757
5.83788 -0.0648368
5.83748 -0.0642591
5.74777 0.116612
5.74545 0.123159
5.67889 0.359172
5.68799 0.317745
5.65278 0.545384
5.65491 0.521294
6.6785 1.19776
6.67282 1.20864
6.81319 0.573757
6.80292 0.457577
6.81123 0.641658
6.81366 0.587708
6.69576 0.097018
6.7408 0.197113
6.28705 1.58359
6.43304 1.50207
6.64654 1.2531
6.6325 1.27752
6.57499 1.35932
6.50059 1.44054
6.17612 1.60762
6.79763 0.819289
6.79023 0.866776
6.01099 1.57836
5.98732 1.56633
6.6884 1.17644
6.72029 1.10641
5.91219 1.51448
5.9337 1.53205
5.74137 1.26451
5.75341 1.29203
5.67964 1.05885
5.68669 1.08617
5.65983 0.484343
5.66601 0.435974
6.76383 0.977815
6.75855 0.995975
6.09892 1.6017
6.80338 0.780075
6.34185 -0.271322
6.48602 -0.18222
5.90148 -0.144596
5.93149 -0.179734
5.71632 0.216294
5.69346 0.295089
6.74179 0.1996
6.77958 0.329619
6.13055 -0.292109
6.22514 -0.299552
6.58469 -0.0831012
6.07953 -0.274163
6.64329 0.00182376
5.83867 -0.0658796
5.79146 0.0250393
5.75058 0.109182
6.6747 0.0565682
5.66786 0.423861
5.85704 1.45772
5.88305 1.48595
6.04451 1.59143
6.07444 1.59955
6.80032 0.438161
6.81349 0.581777
6.81091 0.686724
6.7751 0.933747
5.96043 1.55098
6.73292 1.07448
5.65785 0.501319
5.64818 0.834489
6.80901 0.726336
5.64874 0.59036
5.73382 1.24346
5.6459 0.671746
5.64695 0.625191
5.65844 0.939668
5.65663 0.924215
5.79114 1.36338
6.78331 0.900334
6.74546 1.0375
