8.0275 -0.314699
8.04677 -0.251739
4.66895 -1.77465
4.68408 -1.83164
4.25134 1.35826
4.24719 1.3049
4.24092 0.850271
4.24003 0.801069
6.85013 3.29273
6.81269 3.32369
4.36372 -0.431938
4.37376 -0.486047
4.30791 2.06003
4.31111 2.08802
4.87431 -2.56997
4.87132 -2.55629
4.29431 0.00395149
4.29122 0.0287734
4.2662 0.271392
4.26616 0.271805
7.81748 -0.83339
7.85263 -0.762154
5.33953 -3.10892
5.32877 -3.112
7.8249 2.00359
7.85963 1.92599
5.03445 3.83393
5.05163 3.84332
4.84852 -2.47377
4.85289 -2.48744
7.13622 3.02228
7.20249 2.95275
8.11012 1.08351
8.09146 1.18732
5.26587 -3.12121
5.23287 -3.12582
7.44326 2.65711
7.46516 2.62771
4.63564 3.40132
4.65842 3.44584
5.51777 -3.03687
5.51927 -3.03596
7.97459 1.62873
7.97968 1.61338
8.15685 0.596978
8.1546 0.675287
4.9321 -2.76306
4.91338 -2.69924
5.15544 -3.11187
5.14285 -3.10352
5.07077 -3.04835
5.08979 -3.06823
4.99525 -2.92595
5.01505 -2.96072
4.96205 -2.84452
4.95971 -2.8377
4.70791 -1.92316
4.71972 -1.97419
5.66869 -2.95486
5.66676 -2.95588
4.65274 -1.70586
4.6309 -1.61522
6.64499 3.45638
6.59859 3.48968
5.99282 3.82299
5.99987 3.8202
5.68417 3.91272
5.7646 3.89551
6.24634 3.70762
6.26464 3.6985
6.48629 3.56754
6.4865 3.56741
7.07411 3.08653
7.26244 2.88466
7.21488 2.93932
7.62988 -1.15918
7.66141 -1.11024
7.52886 -1.30871
7.53932 -1.2939
7.00186 -1.91724
7.06606 -1.85352
6.83649 -2.07373
6.87492 -2.03942
4.74292 3.57644
4.74149 3.57448
6.65928 -2.22979
6.64559 -2.24099
7.95301 -0.530291
7.93469 -0.57709
8.15544 0.430774
8.1548 0.415318
4.26492 1.61919
4.26452 1.61414
5.57292 3.92823
5.63208 3.92096
7.68667 -1.06944
7.73954 -0.979039
4.5359 3.16982
4.55242 3.21576
6.9517 3.2029
6.97861 3.17764
4.33026 2.2247
4.3374 2.2736
7.15987 -1.75341
7.20421 -1.70532
5.96592 -2.76449
5.98291 -2.75284
6.03435 -2.7167
6.06526 -2.69416
4.6179 -1.56403
4.57374 -1.38043
4.23972 0.991751
4.23962 0.977273
4.25659 1.48902
4.25641 1.48584
5.87687 3.86394
5.82609 3.87784
4.40528 -0.640259
4.38738 -0.55516
4.2518 0.471856
4.25224 0.464493
5.48941 3.93362
5.48472 3.93388
4.34494 2.31458
4.35118 2.36249
4.33527 -0.272235
4.32498 -0.209338
7.90843 1.80859
7.94281 1.71905
7.72852 2.1998
7.76835 2.12204
4.36934 2.48334
4.37142 2.49608
4.39795 2.64141
4.40919 2.70096
5.17693 3.89295
5.18245 3.89484
5.32489 3.92513
5.34841 3.92745
8.06046 1.3313
8.06127 1.32811
7.35765 2.77037
7.39904 2.71693
7.4859 2.59842
7.52727 2.53829
6.92065 -1.99578
6.97097 -1.94846
7.60158 2.42289
7.6358 2.36677
4.58279 3.28927
4.58831 3.30345
5.40535 -3.08644
5.42603 -3.07899
4.73453 -2.03603
4.74723 -2.07936
4.79056 -2.24698
4.80152 -2.28703
4.75798 -2.12198
4.76489 -2.14854
8.0266 1.46048
8.00423 1.5381
5.86386 -2.83218
5.90146 -2.80793
5.66581 -2.95635
5.74724 -2.90639
6.52242 -2.34428
6.5321 -2.3367
8.06296 -0.193478
7.99445 -0.417947
7.96886 -0.488263
6.6628 3.44267
6.70728 3.40862
6.87884 3.26754
6.91532 3.2355
5.96159 3.83488
5.98792 3.82508
6.04293 3.80256
6.07654 3.78812
5.78767 3.88885
5.65091 3.91853
4.29048 1.91446
4.29257 1.93279
4.31998 2.155
6.20864 3.72703
6.14931 3.75482
6.43133 3.6025
6.42399 3.6068
4.44364 2.85632
4.44427 2.85907
7.29185 2.85125
6.74968 -2.15116
6.77803 -2.12695
7.08056 -1.83821
4.74452 3.57841
8.15172 0.72348
8.14699 0.788886
6.32534 -2.50035
6.34152 -2.48816
6.45119 -2.40149
6.46856 -2.38782
6.57317 -2.30187
6.59569 -2.28336
6.70653 -2.18856
4.65924 -1.73278
4.93212 3.77067
4.93234 3.77084
8.15402 0.401117
8.15788 0.544049
4.51674 -1.13892
4.52369 -1.16802
4.49054 -1.02777
4.49383 -1.04188
4.24641 0.584129
4.24594 0.594897
4.4835 3.00423
4.47698 2.98292
7.41091 -1.46527
7.42975 -1.44162
7.31419 -1.58255
7.34261 -1.54917
4.4403 -0.803935
4.43718 -0.789517
4.4649 -0.916217
4.46479 -0.915725
4.24107 1.09058
4.24133 1.10427
6.18738 -2.60501
6.16975 -2.61846
4.57352 -1.37951
4.57323 -1.37832
4.5736 -1.37984
8.01074 -0.369417
4.8854 3.73321
4.84748 3.69772
8.13128 0.151341
8.12879 0.133331
4.47769 -0.97201
4.4793 -0.978805
4.24301 0.723269
4.24049 0.772745
7.0526 3.1078
7.01487 3.14368
6.74786 3.37693
6.77339 3.35583
4.30418 2.03538
4.29993 1.99641
4.28175 1.82019
4.28029 1.80557
4.83303 -2.41165
4.82795 -2.3936
8.13828 0.871581
8.14381 0.823923
8.12884 0.955576
8.13367 0.918433
4.52056 3.12691
4.51453 3.10765
5.66319 -2.95778
5.60569 -2.98902
5.80692 -2.86951
8.08124 -0.122586
7.92939 -0.589997
7.92459 -0.60207
6.54143 3.53036
6.54534 3.52755
8.15777 0.564479
4.27895 1.79219
4.27472 1.74197
7.26266 -1.64165
7.24293 -1.66378
5.93797 -2.78352
5.90165 -2.80781
8.13348 0.167002
8.13914 0.218077
4.69719 -1.88468
4.24611 1.23127
4.2464 1.28417
6.32041 3.66813
6.35956 3.64515
7.30927 2.82957
7.32908 2.80597
4.7907 3.63722
4.8334 3.68382
6.21964 -2.58086
6.26776 -2.54475
8.1457 0.284327
8.14452 0.271714
4.24695 1.29476
4.25294 1.41496
4.24043 0.786772
4.23968 0.899273
4.26004 1.54959
4.25965 1.54309
4.38368 -0.536564
4.3602 -0.413019
4.90197 -2.66776
4.89072 -2.62449
4.86417 -2.52861
4.85583 -2.4971
4.27908 0.13882
4.307 -0.0909083
4.25725 0.387094
4.26667 0.266409
7.87353 -0.717232
7.79749 -0.872247
5.30104 -3.11858
5.34201 -3.10783
7.86822 1.90594
7.81494 2.02529
4.37224 2.50048
4.38952 2.599
4.50614 3.07987
4.49495 3.04534
5.25227 3.91254
5.19177 3.89723
8.11538 1.05111
8.08745 1.20755
5.21618 -3.12567
7.29763 -1.602
4.66641 3.45867
4.62183 3.3759
4.55968 3.23425
4.56582 3.24919
5.58512 -3.00105
5.51453 -3.03863
4.94091 -2.78447
5.10831 -3.08478
5.16337 -3.1146
5.06044 -3.03173
5.03181 -2.99501
4.98699 -2.90319
4.96291 -2.84758
8.14687 0.296635
8.11058 0.0159992
8.11531 0.0418495
8.10394 -0.0182259
7.75518 -0.950793
7.90445 -0.648144
7.67878 -1.08251
7.61535 -1.18175
7.57982 -1.23447
7.50945 -1.33601
6.38893 -2.45105
6.40503 -2.43868
4.50354 -1.08341
4.50863 -1.10496
4.2601 1.55044
4.26938 1.67829
4.46261 2.92968
4.45992 2.92044
7.36353 -1.52377
7.38665 -1.49571
5.94088 -2.78148
5.98565 -2.75107
6.02412 -2.72353
6.08307 -2.68196
4.53011 -1.1943
4.54651 -1.2628
4.23978 0.928214
4.24011 1.04077
4.25366 1.42813
4.26007 1.54998
4.34503 -0.326598
4.41709 -0.698855
4.25598 0.404029
4.24871 0.529701
5.43466 3.93315
5.49694 3.93319
5.40041 3.93242
4.31308 -0.13309
4.27791 0.14985
7.77839 2.10153
7.9023 1.82398
7.94559 1.71152
7.71993 2.21633
4.35545 2.39181
4.42705 2.78444
4.93256 3.77099
4.99062 3.80952
5.08104 3.8565
5.11564 3.87162
5.30131 3.9211
8.06144 1.32737
8.03104 1.44466
7.54821 2.50695
7.58554 2.44869
7.42243 2.68637
7.4565 -1.40704
7.47642 -1.38121
7.68278 2.2847
7.6423 2.35575
4.60806 3.34494
4.69859 3.51285
4.55736 3.2289
4.8089 -2.31786
4.7835 -2.21781
4.81956 -2.35625
8.00243 1.54389
5.90149 -2.80792
5.83842 -2.84831
6.09782 3.77931
6.29324 3.6829
4.43109 2.8038
4.4464 2.86775
6.27803 -2.53726
6.51318 -2.35188
6.63302 -2.25183
4.27024 1.68825
4.24434 0.647976
4.4279 -0.747864
4.45082 -0.852626
4.45245 -0.860178
4.46577 -0.920147
4.24287 1.15513
6.10605 -2.66452
4.24339 1.18011
4.24344 0.672082
5.37768 -3.09708
5.44946 -3.06909
4.42341 -0.726412
5.34607 -3.10654
6.36836 3.63996
7.67534 2.29796
4.77185 -2.17672
5.82622 -2.85633
8.0917 -0.0782182
6.12016 3.7687
4.29504 1.95324
4.42929 2.79521
6.49166 3.56395
