6.40723 2.27264
6.3909 2.28116
7.18031 1.24185
7.18671 1.22192
5.1721 1.00656
5.17541 1.05507
5.38195 -0.448874
5.4207 -0.536885
5.51254 -0.713389
5.55673 -0.784678
5.44906 2.04514
5.40093 1.96429
5.5688 2.19977
5.58125 2.21263
7.14431 -0.128205
7.16648 -0.0689489
5.17343 0.533193
5.17652 0.490382
7.27194 0.413843
7.26515 0.351454
6.72011 2.02738
6.75464 1.99152
6.05306 2.3863
5.9812 2.38876
6.19186 2.36254
6.10869 2.37965
5.743 2.32747
5.7765 2.34399
6.76409 -0.736596
6.83132 -0.659311
6.52376 -0.941893
6.48697 -0.964702
6.73844 -0.762097
6.67219 -0.824639
7.0266 -0.37945
6.96874 -0.472967
7.25475 0.925497
7.24622 0.975697
7.27526 0.747338
7.27302 0.776265
5.34869 -0.356256
5.33599 -0.319521
5.62603 -0.873076
5.58153 -0.816889
5.23061 1.4638
5.22023 1.4117
5.28598 1.67769
5.27401 1.63549
5.19337 1.23821
5.20701 1.33474
5.35801 1.87198
5.39782 1.95874
6.82934 1.90376
6.86023 1.86574
6.95212 1.7323
6.9086 1.79823
7.05965 1.54304
7.06808 1.52551
5.92247 -1.07949
5.96359 -1.08762
5.73767 -0.981771
5.78694 -1.0151
6.11259 -1.09987
6.06601 -1.09982
6.30714 -1.0559
6.26916 -1.06725
7.03812 -0.358616
7.08027 -0.275996
7.22009 0.109434
7.23193 0.158205
5.27322 -0.105497
5.27996 -0.131109
5.23334 0.0664443
5.2346 0.0601255
5.16529 0.823613
5.16543 0.838726
5.19818 0.287073
5.20932 0.209096
6.60667 2.13397
6.60312 2.1371
7.27953 0.670081
7.28045 0.589283
7.14138 1.3547
7.16042 1.30124
7.20132 1.172
7.20863 1.14499
7.24178 1.00242
7.26142 0.879338
5.29729 -0.198128
5.29462 -0.188361
5.26384 -0.0677766
6.52457 2.19719
6.53197 2.1917
6.79535 1.94487
6.768 1.97669
6.66776 2.07854
6.64423 2.10011
5.36235 -0.395055
5.37927 -0.44188
6.8621 1.86332
6.86881 1.85468
6.35297 2.30067
6.3358 2.30865
7.26505 0.853566
5.25817 -0.0440326
5.24906 -0.00445207
5.16551 0.723833
5.16562 0.708417
5.87774 2.37667
5.88745 2.37782
6.64149 -0.852184
6.58295 -0.897935
6.91291 -0.556365
6.90362 -0.569619
5.18058 1.12321
5.16729 0.920054
5.45965 -0.620078
5.37983 -0.443419
5.56484 -0.795687
5.46813 -0.637385
5.2565 1.5719
5.23477 1.48184
5.39921 1.96135
5.488 2.1044
5.64525 2.26637
5.54101 2.16785
7.00825 1.64043
6.99734 1.65911
5.82935 -1.04116
5.89944 -1.07088
6.20936 -1.08518
6.14117 -1.09547
7.12573 -0.174749
7.18673 -0.00805241
5.23525 0.056973
5.168 0.626163
5.1839 0.409049
7.25533 0.281966
7.27689 0.475998
5.87315 2.37542
6.08589 2.38424
6.25414 2.34137
6.29895 2.32563
6.41013 -1.00984
6.37752 -1.02474
5.67703 2.29009
6.89394 -0.582522
6.75545 -0.745549
7.0304 -0.372974
7.10654 1.44038
7.11863 1.41124
5.16621 0.888301
5.18779 1.19252
5.32065 -0.274351
5.35714 -0.380683
5.46393 -0.629053
5.64764 -0.898577
5.32006 1.7805
5.31106 1.75571
5.20968 1.3525
5.50436 2.12541
5.32642 1.79614
7.03372 1.5933
6.89304 1.82074
5.69862 -0.947311
6.01694 -1.09828
7.09187 -0.251305
7.20208 0.0418416
7.24533 0.224531
5.31229 -0.248383
5.21594 0.167073
5.16521 0.773579
5.19011 0.351475
5.16682 0.659529
7.28015 0.554083
6.56583 2.16572
6.60952 2.13154
7.27894 0.686146
7.13056 1.38249
7.1732 1.26552
7.22733 1.07603
7.22818 1.07195
7.22955 1.06597
5.30139 -0.213233
5.2837 -0.147078
6.51671 2.20332
7.27156 0.793392
6.47695 2.22879
7.27856 0.697058
6.4959 2.21694
