6.14786 -2.15371
6.18778 -2.13197
5.67761 -2.29287
5.72484 -2.29251
5.00086 -1.58553
5.01962 -1.63369
4.75029 -0.792708
4.73468 -0.729108
5.1188 -1.85276
5.09327 -1.79946
4.62491 2.02966
4.61991 1.99968
4.59904 -0.0577009
4.59855 -0.0544591
7.58982 -0.668859
7.54699 -0.752161
6.38361 3.22169
6.36067 3.23361
7.56729 1.91378
7.6032 1.8373
7.3389 2.31332
7.31325 2.35126
7.73745 1.48768
7.73102 1.50778
7.73679 -0.321044
7.70945 -0.396128
7.78113 -0.179357
7.80386 -0.0952152
7.69597 -0.432216
7.69394 -0.437206
5.78397 -2.28476
5.81852 -2.27843
5.5813 -2.28653
5.62001 -2.29104
5.52377 3.42602
5.50146 3.42258
5.30101 3.35357
5.3151 3.36041
5.10505 3.21105
5.11713 3.22256
4.91581 2.95821
4.94315 3.00415
7.85264 0.145581
7.8343 0.0399317
7.88004 0.404261
7.87297 0.309591
4.95549 -1.46907
4.9503 -1.4542
4.56821 1.62056
4.57422 1.67772
4.55079 1.42306
4.54879 1.40092
4.58329 1.75113
4.59092 1.80803
4.77701 -0.893506
4.75983 -0.830675
5.40379 -2.21357
5.4094 -2.21678
5.25544 -2.07061
5.27293 -2.09136
5.17388 -1.95015
5.15406 -1.9149
4.91383 2.95454
4.87112 2.87295
6.03192 3.37812
5.93009 3.40571
6.15905 3.33124
6.0529 3.3711
5.67509 3.43779
5.65466 3.43821
6.86708 2.86692
6.87157 2.86289
6.99178 -1.50628
6.97229 -1.52613
7.44042 -0.935939
7.46192 -0.901379
6.41718 -1.99051
6.39388 -2.00728
6.67007 -1.80259
6.59497 -1.86206
6.88328 -1.6146
6.79156 -1.69847
5.99568 -2.22256
6.03652 -2.20607
4.53094 0.913431
4.53038 0.886075
4.53539 1.13716
4.5364 1.16742
4.85875 -1.17857
4.85961 -1.18137
4.5474 0.433389
4.55305 0.352087
4.59557 -0.0323112
4.58302 0.0653584
4.53665 0.623194
4.5352 0.65534
4.70294 2.39395
4.6964 2.36937
7.22635 -1.23893
7.18966 -1.28452
7.86366 0.912562
7.86672 0.889184
4.63729 -0.277064
4.6229 -0.197858
7.88477 0.603501
7.88451 0.627425
4.83245 -1.08883
4.82429 -1.06032
7.77232 -0.209994
7.73954 -0.313035
6.27474 -2.08291
6.08696 -2.1833
7.07237 -1.41953
7.10772 -1.38075
5.81379 3.42842
5.84403 3.42237
6.4906 3.15724
6.27183 3.28043
4.74745 2.55413
4.73142 2.50011
4.77715 2.64292
4.76455 2.60609
7.14652 2.57148
7.17963 2.53153
7.06988 2.66056
7.07042 2.65997
7.83475 1.10407
7.83428 1.10661
7.24914 2.44152
7.18729 2.52194
6.52164 -1.91659
6.49501 -1.93706
7.50106 2.04376
7.51188 2.02349
7.42277 2.1823
7.4195 2.18771
7.78647 1.32079
7.78607 1.32233
7.69743 -0.428502
6.72534 2.98757
6.71325 2.99767
4.56774 1.61553
4.58149 1.738
4.57444 1.67969
4.55703 1.5019
4.55579 1.48721
4.78573 -0.925096
4.8317 2.78598
4.85606 2.83993
4.65231 2.1751
4.65773 2.2034
5.78615 3.43167
5.90139 3.41154
6.04527 3.37403
6.21609 3.30532
6.49265 3.15604
5.70654 3.4374
6.87481 2.85978
6.95904 -1.53954
7.05381 -1.44006
6.30573 -2.06305
6.71389 -1.76544
6.69391 -1.7829
6.28806 -2.07476
5.92014 -2.2508
5.93558 -2.24539
4.53193 1.01217
4.53166 0.97693
4.53037 0.877285
4.53033 0.822601
4.53794 1.21976
4.53712 1.19965
4.53439 1.10393
4.88094 -1.24835
4.90193 -1.31312
4.54352 0.488459
4.54554 0.45972
4.55495 0.329265
4.53151 0.749399
4.53344 0.690425
4.53815 0.590141
7.6298 1.77618
7.6454 1.73976
7.0073 2.72716
7.03087 2.70302
7.17556 -1.30179
7.12113 -1.36541
7.28774 -1.15888
7.24526 -1.21504
7.77665 -0.19514
5.88507 -2.26126
5.8505 -2.26992
4.5332 1.04043
4.53326 1.06946
6.70152 3.00715
6.61241 3.07374
6.54642 3.11998
6.55239 3.11581
4.65693 -0.381866
4.64867 -0.339134
4.5422 0.524925
4.53954 0.55892
4.6354 2.08785
4.64291 2.12701
4.66796 2.25085
4.82962 2.78152
4.82729 2.77602
6.89098 2.8437
7.65522 1.71525
7.67875 1.65548
7.62907 -0.586272
7.61434 -0.61872
5.55977 -2.28259
5.53051 -2.27468
4.9963 3.08367
5.0051 3.09631
4.59305 1.82295
4.59995 1.8722
7.31273 -1.12526
7.87591 0.796047
7.87668 0.785888
4.56719 1.60962
4.56174 1.55137
4.68004 -0.495227
4.67729 -0.482156
4.54373 1.33203
4.54313 1.32224
4.58228 1.74386
5.29145 -2.11323
5.3019 -2.1245
4.55675 0.308723
4.56089 0.264017
5.74348 -2.28985
5.63877 -2.29359
5.40079 3.3954
5.44647 3.40901
5.04001 3.13992
5.00936 3.10209
7.86919 0.272253
7.85736 0.176159
5.05347 -1.71539
4.98421 -1.54433
5.05944 -1.7281
5.13167 -1.87578
4.6149 1.97117
4.63118 2.06334
7.52845 -0.786078
7.60277 -0.642817
7.55697 1.93522
7.61298 1.81533
4.68165 2.31013
4.67209 2.2699
4.7939 2.68958
4.78523 2.66516
7.10832 2.61639
7.12973 2.59169
7.84036 1.07009
7.85539 0.978032
6.88783 -1.61041
6.88852 -1.60977
7.39186 -1.013
7.39133 -1.01379
7.46261 2.11397
7.43818 2.15625
7.29542 2.37677
7.3679 2.26956
7.70928 1.57147
7.75969 1.41619
7.80653 1.23776
7.78893 1.31095
7.88418 0.63436
7.87951 0.739376
7.83102 0.0236574
7.80789 -0.078417
5.20235 3.29346
5.20737 3.29698
5.60299 3.43564
7.88213 0.440606
4.94796 -1.44719
4.91903 -1.36271
5.05662 -1.72223
4.70105 -0.588738
4.7102 -0.627815
5.338 -2.1603
5.48224 -2.25774
5.1857 -1.97074
5.05747 -1.72398
4.60941 1.93603
7.48786 -0.857564
7.39212 -1.01261
7.88477 0.518445
6.04139 -2.20371
5.98607 -2.22686
5.22099 -2.02199
4.68412 2.31978
4.71184 2.42859
7.87006 0.854133
7.85761 0.962011
4.61839 -0.171838
4.80656 -0.99919
4.85662 -1.17177
4.723 2.4689
4.7609 2.59594
7.1844 2.52562
7.06893 2.66163
7.85631 0.971586
7.8094 1.22545
7.25551 2.43282
7.5383 1.97193
7.4673 2.10568
7.38137 2.24853
7.76317 1.40412
7.70021 1.59726
4.54737 1.38235
5.50582 -2.26634
4.91481 2.95642
5.94882 -2.24009
4.79789 -0.968224
4.5303 0.813744
4.53709 1.19868
4.53968 1.26166
4.90387 -1.31921
4.57138 0.163287
4.56579 0.213749
4.53122 0.757041
4.53361 0.68557
7.17831 -1.29851
7.87553 0.801618
6.51324 3.14242
6.59837 3.08435
5.33321 -2.15644
5.32807 -2.15196
7.68987 1.62596
7.64459 -0.552958
4.97324 3.05079
4.60342 1.89514
5.24081 -2.04977
5.83454 -2.27458
4.59821 -0.0519808
7.3406 -1.08688
5.61029 3.43619
4.95678 3.02441
4.54167 1.29476
4.53979 1.26382
4.55439 1.47016
4.56235 0.246923
4.53084 0.785713
4.53129 0.941316
4.85826 -1.17706
4.58123 0.0787504
6.60506 3.07932
6.49439 3.15497
4.57442 1.67953
4.86988 2.87043
4.86884 2.86814
7.65384 -0.531994
