4.5225 -1.41551
4.55499 -1.56009
8.10053 -0.248686
8.10303 -0.240515
8.20503 0.434159
8.2063 0.476535
4.19616 1.35832
4.19439 1.33563
4.18618 0.850336
4.18586 0.832598
6.85843 3.35897
6.84917 3.36663
4.31439 -0.45987
4.32495 -0.516848
4.23406 1.91537
4.22598 1.82521
4.80734 -2.7336
4.81322 -2.75769
4.78517 -2.61408
4.78369 -2.60453
4.22046 0.188778
4.2153 0.243012
4.27356 -0.23433
4.27418 -0.238097
7.88003 -0.820911
7.88829 -0.804167
5.36742 -3.29043
5.34314 -3.30605
5.5044 -3.19078
5.52668 -3.17574
6.43983 3.67033
6.43946 3.67056
7.88075 1.99833
7.89302 1.97092
4.3257 2.59645
4.3151 2.53118
5.22638 4.00728
5.27521 4.01587
4.74969 -2.42087
4.75658 -2.46294
7.15541 3.08041
7.19065 3.04343
8.15224 1.12517
8.14739 1.15217
4.91268 -3.32192
4.91286 -3.33379
7.48349 2.68879
7.50582 2.6588
7.68155 -1.17202
7.62633 -1.25632
7.67454 2.39913
7.71584 2.32618
8.02826 1.61967
8.01274 1.66646
5.70197 -3.05232
5.69367 -3.05901
4.94625 -3.47802
4.94655 -3.45244
5.06836 -3.49289
5.04315 -3.50317
4.8399 -2.90052
4.84948 -2.95242
4.85521 -2.99334
4.86527 -3.04355
4.65912 -2.02067
4.65467 -1.99913
5.6551 -3.08605
5.64669 -3.09159
4.88831 -3.17878
4.88819 -3.17497
5.22198 -3.38951
5.26978 -3.35855
5.10554 -3.46591
5.15552 -3.43633
5.98888 -2.844
5.966 -2.86027
6.6533 3.52269
6.63674 3.53457
6.21834 3.79728
6.17394 3.8191
6.04345 3.87881
6.05487 3.87428
5.77786 3.97518
5.77744 3.97527
4.24349 2.00848
4.24222 1.99581
4.39851 2.96259
4.39019 2.92551
4.44123 3.12579
4.43794 3.11322
7.13327 3.10332
7.5623 -1.34811
7.60772 -1.28384
7.06475 -1.92972
7.08079 -1.9138
6.90344 -2.08702
6.88974 -2.10003
4.733 3.71885
4.76556 3.75769
8.20538 0.652738
8.20573 0.643149
6.65763 -2.30586
6.68147 -2.28463
6.43559 -2.49177
6.40626 -2.5164
6.22742 -2.65962
6.24102 -2.64853
4.59109 -1.71784
4.61084 -1.80131
7.98997 -0.573838
7.98352 -0.590312
4.93539 3.89797
4.93995 3.90102
7.75254 -1.05629
7.77399 -1.01963
6.09593 -2.76266
6.1621 -2.70998
6.96006 3.26963
7.03963 3.19496
4.27024 2.22559
4.28227 2.30797
4.23556 1.9322
4.23699 1.9478
7.31113 2.90967
7.32092 2.89798
7.17473 -1.81415
7.24793 -1.73475
6.08106 -2.77459
6.00338 -2.83217
4.48367 -1.24611
4.5089 -1.35306
4.56077 -1.58618
4.63357 -1.90908
4.63149 -1.89844
4.46429 -1.16427
4.46558 -1.16995
4.43172 -1.01958
4.43707 -1.04377
4.18629 1.02284
4.18599 0.977336
4.20417 1.51952
4.20231 1.48559
4.19646 0.505844
4.19888 0.465361
5.50411 4.02197
5.47504 4.02359
5.39523 4.02474
5.43447 4.02565
4.28337 2.31395
4.28428 2.32095
4.23554 0.0400446
4.24033 -4.05716e-05
5.47556 -3.21374
5.45353 -3.22816
7.96237 1.80351
7.97709 1.76518
7.78659 2.19433
7.80107 2.16607
5.01516 3.94005
5.00188 3.93417
5.13271 3.98568
5.17347 3.99581
4.76416 -2.49279
4.74122 -2.38415
8.10111 1.3675
8.08403 1.43435
7.62965 2.47346
7.58616 2.54112
7.46134 -1.48383
7.47213 -1.47015
7.38077 -1.5836
7.38546 -1.57802
4.52724 3.36831
4.52231 3.35748
4.70009 -2.19266
4.68854 -2.14193
4.73249 -2.34135
4.71966 -2.27993
5.81725 -2.96759
5.84227 -2.95076
5.76797 -3.0049
4.63583 -1.92062
4.67582 -2.08917
8.10513 -0.232953
8.03437 -0.455322
8.02658 -0.476748
8.1859 0.18901
8.19105 0.237549
8.16514 0.036464
8.17162 0.0793917
4.83975 3.82913
4.82186 3.8143
6.73178 3.46224
6.74454 3.45247
6.94216 3.28551
6.95112 3.27764
5.83373 3.95782
5.86556 3.94684
5.99994 3.89731
5.94808 3.91663
5.66457 4.00066
6.2902 3.75858
6.27336 3.76811
6.52569 3.61332
6.50018 3.63102
4.40511 2.98815
7.25895 2.96877
7.14101 -1.8502
6.98917 -2.00609
6.81784 -2.16468
6.98587 -2.00938
8.2002 0.741668
8.19916 0.756095
6.76075 -2.21527
6.72127 -2.25015
6.62055 -2.33708
6.47465 -2.46046
6.52744 -2.41663
4.61848 -1.83801
4.58769 -1.70316
4.20807 1.58389
4.21004 1.61389
4.19416 0.553841
4.19234 0.595769
4.26447 2.18385
4.2651 2.18921
7.33432 -1.63832
7.34008 -1.63182
4.39208 -0.83797
4.38199 -0.79135
4.41646 -0.950409
4.40944 -0.917563
4.18679 1.05911
4.18763 1.10433
5.92823 -2.88804
5.91666 -2.89721
4.56408 -1.60201
4.57824 -1.66403
8.06698 -0.358197
8.20047 0.352422
8.20281 0.386428
4.18829 0.723333
4.18735 0.741936
7.061 3.17479
7.0501 3.18515
6.75618 3.44338
6.83944 3.37458
5.42999 -3.244
5.40354 -3.26532
5.54186 -3.16425
5.56371 -3.15003
6.37524 3.70898
6.35064 3.72409
6.44316 3.66818
6.49492 3.6346
4.34922 2.73601
4.34961 2.73838
4.81246 3.80491
8.188 0.876745
8.18895 0.868567
8.17239 0.99865
8.18721 0.884785
4.89782 -3.24434
4.91232 -3.31395
6.98642 -2.00883
4.68461 3.65613
4.71533 3.69892
8.11522 -0.193804
4.88074 3.86159
6.54979 3.59706
6.61773 3.54809
5.61362 4.00935
4.24988 2.06923
6.34461 -2.56608
6.33975 -2.57011
7.25771 -1.72425
8.15898 0.000963453
8.13833 -0.10117
4.1911 1.23133
4.19122 1.25218
4.22103 1.76356
4.2194 1.74141
4.41412 3.02261
4.42083 3.05074
4.73429 -2.34886
7.35006 2.86169
7.37715 2.82945
4.57777 3.47966
4.58877 3.50285
4.47774 3.23778
4.48178 3.24938
6.58589 -2.36631
6.55937 -2.38922
6.13064 3.83995
6.10955 3.84977
6.80244 -2.17868
4.19344 1.29483
4.19684 1.38244
4.18714 0.786834
4.18573 0.868001
4.33409 -0.564637
4.29863 -0.375233
5.55792 4.0168
5.52217 4.02093
4.82244 -2.80436
4.79922 -2.68587
4.78606 -2.62021
4.77225 -2.54153
4.21067 0.302956
4.22683 0.120928
4.27747 -0.256869
4.25614 -0.119702
7.93438 -0.705091
7.83243 -0.913422
5.33133 -3.31571
5.37988 -3.28002
7.92308 1.90078
7.84797 2.06974
4.33144 2.63521
4.30451 2.45834
4.42603 3.07217
5.32409 4.02042
5.20268 4.00312
8.16982 1.01689
8.12839 1.24803
4.89775 -3.24042
4.93082 -3.42001
4.92988 -3.38842
5.27869 -3.3509
4.83083 -2.8564
4.82626 -2.82618
5.61572 -3.11396
5.57986 -3.13787
4.97474 -3.52865
4.97405 -3.5117
4.98779 -3.52026
4.99997 -3.51356
5.09793 -3.47346
4.85232 -2.9722
4.87497 -3.10066
4.87632 -3.11053
5.67775 -3.07066
4.87667 -3.11587
5.21271 -3.39771
5.16457 -3.42793
4.24884 2.05942
7.81918 -0.938025
7.94074 -0.690894
4.45654 3.17559
7.71263 -1.1224
7.61395 -1.27469
7.52787 -1.39655
4.62668 3.57171
4.65496 3.61432
4.79344 3.78523
8.20748 0.562655
8.20335 0.689087
6.27622 -2.62082
6.31046 -2.59267
6.20466 -2.67756
4.21273 1.65254
4.21619 1.70184
4.60806 3.53686
7.51407 -1.41528
4.47985 -1.22978
4.48128 -1.23579
4.6264 -1.87527
4.47423 -1.20684
4.45115 -1.10686
4.44782 -1.09181
4.42315 -0.98067
4.18605 0.959487
4.18644 1.04084
4.20103 1.45877
4.20588 1.54974
4.29506 -0.354888
4.35316 -0.659622
4.20057 0.438065
4.19514 0.530573
5.44998 4.02521
5.60825 4.01002
5.35085 4.02293
4.25282 -0.096082
7.83529 2.09618
7.9361 1.86946
7.9987 1.70652
7.75244 2.26007
4.29969 2.42657
4.95756 3.9104
5.06596 3.96236
5.10863 3.9772
8.11902 1.29118
8.07051 1.4837
7.64326 2.45146
7.5684 2.56815
7.44202 2.74575
7.3931 2.80905
7.5254 2.6306
7.73762 2.28734
7.50122 -1.43231
7.42924 -1.52439
7.42119 -1.53426
7.34076 -1.63103
4.50586 3.31382
4.54068 3.4001
4.49299 3.28159
4.68283 -2.12004
4.70463 -2.21098
4.71645 -2.26675
8.05425 1.53902
5.88425 -2.92048
8.19267 0.253758
8.18393 0.171089
5.77841 3.97502
5.88938 3.93916
6.10255 3.85285
4.37932 2.87785
4.37327 2.85113
6.78491 -2.19446
6.70328 -2.26578
6.53042 -2.41423
6.46725 -2.46659
6.40329 -2.51886
4.19169 0.617453
4.37986 -0.781769
4.39564 -0.854459
4.40425 -0.894203
4.18821 1.12344
8.20742 0.52428
4.19003 1.21117
4.18845 0.704087
4.55395 3.43147
7.94699 -0.676593
6.24242 3.78443
4.46243 3.19352
4.22442 1.805
8.13443 -0.118219
4.36867 -0.72823
4.3552 -0.669526
5.91331 3.93002
4.92152 -3.36153
7.46131 2.71993
8.04268 1.57612
5.87647 -2.92581
8.1783 0.125042
6.32904 3.737
4.38563 2.90707
6.46685 -2.46694
4.36235 2.80008
4.35164 2.74843
6.16839 3.82187
6.40994 3.68827
4.36371 2.80658
5.94107 -2.87864
