6.14833 -2.57334
6.23029 -2.51505
4.67813 -1.62943
4.6798 -1.63546
7.9782 -0.359266
8.00879 -0.259317
4.91141 3.66189
4.84756 3.59965
4.72778 -1.81816
4.73721 -1.85363
4.28859 1.35822
4.28455 1.30628
4.27623 0.970496
4.27626 0.97723
4.27788 0.850228
4.27685 0.793824
4.29314 1.46774
4.29426 1.48601
5.78824 3.83311
5.7555 3.84085
4.29035 0.448179
4.28933 0.463889
4.34868 2.06045
4.35494 2.11523
4.94131 -2.54288
4.93404 -2.52145
4.33518 -0.0211529
4.32649 0.0487415
7.77525 -0.841815
7.82856 -0.733789
4.54744 3.04402
4.56823 3.10374
5.02719 3.74896
5.04007 3.756
5.21645 3.83273
5.2582 3.84347
4.89069 -2.39101
4.90937 -2.44955
7.12327 2.98303
7.16285 2.9415
7.4161 2.63572
7.42356 2.62571
6.9592 -1.90878
6.94915 -1.91835
7.26078 -1.5904
7.22185 -1.63409
4.65599 3.31156
4.63362 3.26637
5.42304 -2.96558
5.493 -2.94547
5.5562 -2.92077
5.50925 -2.93917
4.80896 -2.11642
4.83259 -2.19307
8.12048 0.674301
8.11983 0.697144
5.29783 -2.97416
5.34682 -2.97758
4.97969 -2.64678
5.00221 -2.69638
5.05283 -2.79884
5.06015 -2.80877
5.25187 -2.97054
5.25615 -2.97202
5.184 -2.94065
5.14105 -2.91127
4.76056 -1.93908
4.7647 -1.95694
5.68639 -2.86037
5.6466 -2.88148
5.77743 -2.81084
5.75086 -2.82691
8.08483 0.0701267
8.08478 0.0698509
8.05837 -0.0673748
8.06218 -0.0505777
6.68141 3.37817
6.69074 3.37132
6.89081 3.20666
6.89528 3.20285
5.97942 3.774
5.91797 3.79415
4.37273 2.23761
4.37466 2.25038
7.71596 -0.951257
7.75936 -0.871436
6.21559 3.67189
6.23236 3.66354
6.45764 3.53425
6.48057 3.52006
7.06009 3.04839
7.22401 2.87376
7.20171 2.89939
7.60625 -1.13134
7.64129 -1.07696
6.79011 -2.06453
6.86476 -1.99787
7.08361 -1.78322
7.05584 -1.81175
4.79332 3.53519
4.75781 3.4865
8.11222 0.799534
8.11543 0.76033
6.39619 -2.39058
6.34275 -2.43163
6.66042 -2.17719
6.62019 -2.2101
7.92806 -0.500891
7.92595 -0.506296
4.83985 3.59189
4.82966 3.57997
8.12178 0.462282
8.11931 0.402003
4.30522 1.64421
4.30285 1.61431
4.28239 0.604991
4.28279 0.594297
7.31337 -1.52949
7.32875 -1.51099
5.98711 -2.684
5.98042 -2.68809
4.4861 -0.836431
4.49385 -0.87066
4.27831 1.11217
4.27809 1.10423
7.14985 -1.7124
7.17469 -1.68545
4.58695 -1.26211
4.57002 -1.19528
4.6546 -1.53812
4.64069 -1.48026
5.72543 3.84582
5.74566 3.84253
5.8681 3.81126
4.39806 -0.412501
4.38381 -0.336228
4.43937 -0.620959
4.43119 -0.582044
4.38651 2.31501
4.39342 2.36815
4.37704 -0.297887
4.35936 -0.189872
7.78626 2.00722
7.74575 2.09163
7.87073 1.81213
7.83652 1.89489
4.39761 2.39135
4.41068 2.4716
4.44896 2.67315
4.44947 2.67585
5.09904 3.78689
5.08578 3.78093
5.30921 3.85443
5.35902 3.86279
8.03288 1.30002
8.05225 1.21197
8.08104 1.05475
8.09707 0.941439
7.34434 2.73003
7.35608 2.71487
7.47222 2.55697
7.48643 2.53632
7.45024 -1.35748
7.43852 -1.37284
6.87619 -1.98696
6.96089 -1.9072
7.65892 2.25617
7.68956 2.2007
7.57928 2.39289
7.59635 2.36488
4.71913 3.42674
4.70614 3.40678
4.6054 3.20019
4.61507 3.22298
5.42155 -2.96614
5.41137 -2.96796
4.76988 -1.97859
4.80079 -2.084
4.86965 -2.31981
4.862 -2.29227
7.93772 1.63112
7.91676 1.69148
7.99039 1.46388
7.97682 1.51098
5.35752 -2.97743
5.26179 -2.97252
5.72887 -2.83861
5.71791 -2.84392
5.62582 -2.89171
5.59188 -2.90524
5.56281 -2.91877
6.49573 -2.31182
6.52155 -2.29163
8.03449 -0.166827
7.96749 -0.392713
7.92989 -0.496037
6.6392 3.41019
6.61318 3.42859
6.8351 3.25514
6.83987 3.2512
6.08286 3.73369
6.0217 3.75749
5.64125 3.86052
4.32738 1.89146
4.33215 1.93319
4.375 2.25249
4.35714 2.13184
6.08999 3.73097
6.108 3.72289
6.20258 3.6786
6.25857 3.65007
6.30177 3.62677
6.42535 3.55479
6.36729 3.58876
7.27876 2.81157
6.70137 -2.14157
6.76774 -2.08489
7.03768 -1.8297
4.74755 3.47277
8.11899 0.711202
8.1113 0.811319
6.68182 -2.15851
4.9288 3.67856
4.97421 3.71358
8.11623 0.346618
8.12327 0.531063
4.55079 -1.11489
4.56316 -1.16671
4.52468 -1.00367
4.53326 -1.04058
4.50332 2.89345
4.49247 2.85434
4.52727 2.97927
4.54337 3.03196
7.36018 -1.47273
7.4006 -1.422
4.46046 -0.725473
4.47516 -0.788256
4.50399 -0.914423
5.99549 -2.67868
6.03576 -2.65167
4.60958 -1.35405
4.59186 -1.28158
4.62108 -1.3995
7.97277 -0.376992
4.92663 3.67683
4.92488 3.67518
8.09414 0.137406
8.08487 0.0703449
4.51171 -0.947998
4.51866 -0.977498
4.27996 0.723226
4.27709 0.779498
4.46036 -0.725001
5.51924 3.87084
5.55602 3.86846
4.34138 2.0122
4.3397 1.99681
4.32316 1.8459
4.31916 1.80597
4.30588 0.247873
4.30197 0.292079
4.88684 -2.37556
4.88294 -2.36174
8.10471 0.868094
7.45788 -1.34724
7.50566 -1.28138
5.7976 -2.79909
5.83585 -2.777
5.19545 -2.94859
5.2337 -2.96301
8.04212 -0.137262
7.90392 -0.559975
7.88394 -0.610181
6.53556 3.48348
6.55362 3.47079
7.03298 3.07486
7.04407 3.06432
8.12298 0.586351
4.31551 1.7694
4.31323 1.74237
8.10237 0.196123
8.10332 0.204638
4.74075 -1.86798
4.28325 1.23122
4.28353 1.28375
6.74215 3.33136
6.78174 3.2991
7.28172 2.80788
7.2851 2.80386
6.94598 3.15731
6.98525 3.12042
6.1107 -2.60059
6.23073 -2.51472
4.70181 -1.72063
4.67297 -1.6104
8.10959 0.270781
8.10421 0.213579
4.28436 1.29472
4.28997 1.407
4.27674 1.0337
4.27643 0.91373
4.27716 0.786729
4.27644 0.906875
4.29682 1.52818
4.2908 1.42186
4.41824 -0.516998
4.40297 -0.439269
4.28643 0.515845
4.29356 0.398669
5.43452 3.87012
5.46964 3.87053
4.94634 -2.55934
4.92366 -2.49072
4.31928 0.114129
4.34187 -0.0711644
7.83245 -0.725428
7.77389 -0.844449
7.83019 1.90952
7.79217 1.99466
4.42177 2.53131
4.4293 2.57421
4.57586 3.12326
4.54653 3.04159
5.19182 3.82424
5.28622 3.85053
8.05883 1.17924
8.0778 1.07473
7.20804 -1.64968
7.2681 -1.58211
4.62911 3.25539
4.66827 3.33789
5.49471 -2.94468
4.96804 -2.61461
5.0154 -2.72844
5.09351 -2.85877
5.02865 -2.7525
5.10112 -2.86645
4.71113 -1.75426
8.11486 0.326597
8.07232 0.00164535
8.05279 -0.0919915
7.7112 -0.959568
7.87996 -0.619282
7.655 -1.05449
7.56946 -1.18849
7.55677 -1.20732
7.53142 -1.24453
6.40623 -2.38306
6.33175 -2.4397
6.08444 -2.6184
6.06508 -2.63128
5.42528 3.86944
4.53765 -1.05934
4.54811 -1.10364
4.30015 1.5753
4.30781 1.67847
4.28512 0.541524
4.28069 0.659482
4.52423 2.96802
4.50932 2.91684
7.31175 -1.53138
7.3575 -1.47609
4.27696 1.04789
4.28006 1.16773
5.92853 -2.72155
5.89362 -2.74314
4.56405 -1.17035
4.27682 1.04073
4.2983 1.55016
4.37877 -0.3075
4.4601 -0.723823
4.29494 0.3801
4.28568 0.529099
4.35447 -0.158511
4.3134 0.169938
7.73894 2.10525
7.87871 1.79224
7.90807 1.71505
7.6974 2.18601
4.45084 2.68225
4.4724 2.77577
4.47687 2.79326
5.02111 3.74521
5.02457 3.74751
5.14964 3.80953
5.40853 3.86782
8.02004 1.35339
8.09901 0.926075
8.00344 1.41737
7.53427 2.46472
7.54577 2.44677
7.409 2.64569
7.40648 -1.4144
7.45311 -1.35374
7.64398 2.28284
7.61969 2.32532
4.68568 3.36858
4.60186 3.19248
4.84915 -2.25246
4.84103 -2.2228
7.94761 1.60205
7.96551 1.54737
5.89079 -2.745
5.88423 -2.74914
6.72746 3.3428
6.93665 3.16574
6.3144 3.62015
6.49368 3.51127
6.27929 -2.47915
6.45937 -2.3412
6.58261 -2.24183
6.53328 -2.28244
4.31082 1.71345
4.28041 0.668885
4.48384 2.81978
4.28036 1.17686
4.95774 -2.58783
5.60762 3.86485
6.23162 -2.51407
4.91544 -2.46946
6.33888 3.6057
4.59179 3.16575
5.93847 -2.71539
6.84445 3.24739
4.33777 1.97978
6.59684 -2.23025
6.46975 -2.3332
6.99069 3.11523
6.78765 3.29423
6.57167 3.458
