5.44351 -2.3615
5.47065 -2.371
6.10415 -2.25211
6.18854 -2.20616
5.86272 -2.35473
5.83545 -2.36416
4.95867 -1.65033
4.96344 -1.66257
6.60572 3.14301
6.61748 3.13428
4.66883 -0.662283
4.70686 -0.817293
4.57801 2.0589
4.57039 2.01325
5.89166 3.48533
5.93866 3.47405
4.72437 2.67582
4.73612 2.7117
7.02901 2.77381
7.04783 2.7544
7.16358 2.6232
7.13487 2.65731
7.87043 1.13936
7.88205 1.07659
7.37061 -1.12225
7.37494 -1.11611
7.45078 2.21999
7.46867 2.19007
7.3676 2.35194
7.36633 2.35381
7.78314 1.48338
7.76467 1.54106
7.9246 0.68401
7.92724 0.600563
7.77089 -0.352963
7.74563 -0.422308
5.03389 3.25127
5.10717 3.32339
5.20659 3.39707
5.30282 3.44775
5.70785 -2.39105
5.66366 -2.39702
7.89048 0.110163
7.88135 0.0575809
7.92066 0.366236
7.91768 0.326364
4.91809 -1.53405
4.89935 -1.48038
4.52345 1.64661
4.5269 1.67947
4.50368 1.42284
4.50239 1.40853
4.65751 -0.613385
5.09951 -1.97604
5.10489 -1.98561
5.03148 -1.83122
5.02727 -1.82081
4.55943 1.94101
4.56816 1.99915
7.51938 -0.892862
7.57788 -0.788554
5.74436 3.50836
5.71732 3.51183
6.16705 3.39511
6.14932 3.40177
6.39117 3.28199
6.43246 3.25644
6.83334 2.96173
6.888 2.91268
7.47057 -0.971473
7.51725 -0.896455
6.49363 -2.00569
6.40848 -2.06697
6.62525 -1.90582
6.60884 -1.91881
6.84091 -1.72014
6.80491 -1.75306
7.02166 -1.54256
6.99655 -1.56923
5.2615 -2.22124
5.22728 -2.1816
5.95681 -2.32008
5.93644 -2.32915
5.53643 -2.38979
5.50222 -2.3826
4.48435 0.913486
4.48434 0.912874
4.48937 1.16394
4.48949 1.16748
4.50297 0.407634
4.50477 0.381742
4.54895 -0.0269334
4.5402 0.0411163
4.48898 0.652474
4.48881 0.656095
4.5937 -0.301739
4.59152 -0.289738
4.7881 -1.12013
4.76381 -1.03529
4.84084 -1.29875
4.83417 -1.27607
7.8072 -0.242648
7.78787 -0.303391
5.17148 -2.09942
5.18236 -2.11791
6.08776 -2.26106
6.20952 -2.19432
4.64268 -0.544624
5.97276 3.46331
5.82265 3.49913
6.21235 3.37452
6.27962 3.34261
4.69426 2.57593
4.68107 2.53149
4.74338 2.73142
4.76374 2.7851
7.08663 2.71131
7.12028 2.67412
7.26636 2.49372
7.24261 2.5246
6.59283 -1.93072
6.50918 -1.99501
6.94321 -1.62164
6.90126 -1.66333
7.52963 2.0822
7.55974 2.02579
7.83044 1.31665
7.82026 1.35614
7.73133 -0.460237
7.70931 -0.512829
7.69688 -0.542524
6.78357 3.00409
6.74562 3.03578
6.52725 3.19673
6.55386 3.17939
4.52048 1.61531
4.5123 1.52793
4.50885 1.487
4.49965 1.37041
4.4981 1.34844
4.72451 -0.887524
4.8341 2.94997
4.85061 2.98251
4.59208 2.13769
4.61032 2.23295
6.05336 3.4386
6.29931 3.33178
6.50179 3.21399
5.64998 3.51509
5.60704 3.51475
6.92749 2.87472
6.38866 -2.07951
6.77621 -1.77781
6.70737 -1.83796
7.09066 -1.47032
6.28648 -2.14723
5.28007 -2.24356
6.08379 -2.26315
6.03734 -2.28536
4.74773 -0.975887
4.75797 -1.0146
4.48548 1.03921
4.485 0.976985
4.48429 0.85057
4.48429 0.849402
4.49204 1.23606
4.49164 1.22612
4.48758 1.10398
4.49518 0.518147
4.49924 0.460473
4.50906 0.330011
4.5209 0.203963
4.53126 0.109443
4.55646 -0.078289
4.48641 0.723258
4.48655 0.719225
4.49178 0.590896
4.77557 2.81392
4.78734 2.8441
4.63646 2.35258
4.64044 2.37096
7.65948 1.81611
7.66712 1.79826
7.1517 -1.40114
7.15158 -1.40129
7.31758 -1.19405
7.29081 -1.22945
7.90978 0.883575
7.90765 0.904537
7.8238 -0.185733
5.3774 -2.32617
5.42185 -2.35213
4.73322 -0.921308
4.74617 -0.969942
4.48554 1.04048
4.48554 1.0418
6.70883 3.06551
6.67431 3.0913
4.61387 -0.406245
4.59446 -0.305864
4.49491 0.525694
4.49436 0.532731
4.58813 2.11732
4.58988 2.12646
4.56254 -0.116414
4.57548 -0.196136
4.62055 2.28022
4.62725 2.31167
4.61451 2.25237
7.70772 1.69841
7.72609 1.65103
7.83992 -0.128979
7.84039 -0.127179
7.66037 -0.623148
7.64458 -0.657935
4.91619 3.09799
4.94562 3.14183
5.54407 3.50947
5.49646 3.50463
4.55787 1.92926
4.54988 1.87188
7.36258 -1.13351
7.92008 0.768283
7.92309 0.728586
5.3456 -2.30272
5.35561 -2.31173
5.28523 -2.24965
4.51707 1.5785
4.51451 1.55115
4.62245 -0.4485
4.87275 3.0233
4.90804 3.08557
4.51315 0.28345
4.51488 0.264766
4.81415 -1.20967
4.79839 -1.15543
5.48948 -2.37859
5.00795 3.2226
4.98303 3.19249
5.33079 3.45895
5.39967 3.48268
5.81341 -2.36946
5.88596 -2.34797
7.90849 0.235462
7.90331 0.193398
4.93081 -1.57178
4.9663 -1.66947
5.03532 -1.84073
5.06736 -1.90883
4.5683 2.00022
4.57874 2.06281
7.5852 -0.774755
7.63385 -0.679434
7.6217 1.89933
7.60706 1.93051
4.65913 2.45013
4.655 2.43352
4.74015 2.72308
4.72166 2.66697
7.12542 2.66821
7.17845 2.60552
7.85484 1.21487
7.8922 1.01444
7.42118 -1.04755
7.49076 2.15184
7.41902 2.27202
7.3237 2.41481
7.37224 2.34493
7.75578 1.5671
7.7936 1.44973
7.92707 0.543186
7.92383 0.711519
5.5787 -2.39642
5.58297 -2.39665
7.86762 -0.0106028
7.85435 -0.0691479
5.11124 3.32679
5.20539 3.39635
5.48705 3.50236
5.75658 -2.38425
5.58819 -2.39659
7.92588 0.457018
4.8726 -1.40032
4.8686 -1.38863
4.99897 -1.75186
5.11428 -2.00196
4.55869 1.93551
7.67587 -0.589851
7.51875 -0.893955
7.45002 -1.0041
7.92706 0.491862
5.91049 -2.33822
5.9869 -2.30824
4.80998 2.89779
4.81212 2.90306
7.91591 0.825312
7.91439 0.841302
4.76239 -1.03037
4.85996 -1.36213
5.20205 -2.1474
5.1424 -2.05313
4.65317 2.42544
4.70938 2.62805
7.20138 2.57707
7.05949 2.74197
7.90249 0.942562
7.84453 1.26019
7.30904 2.43539
7.10038 -1.45939
7.15082 -1.40215
7.56733 2.01099
7.51556 2.108
7.40974 2.28671
7.808 1.3999
7.73357 1.63026
4.5308 1.71854
4.53605 1.76444
4.49452 1.30146
4.85597 2.99334
4.8173 2.9149
5.67749 3.51473
5.59817 3.51473
6.00213 -2.30078
4.48406 0.786939
4.49377 1.28838
4.48957 1.17113
4.8665 -1.38261
4.51666 0.243924
4.53311 0.0941604
4.48408 0.785998
4.48863 0.659501
7.20833 -1.33388
7.09495 -1.46555
7.91677 0.817087
6.55799 3.17651
7.69319 1.73527
4.91081 3.08996
4.5485 1.86104
4.54163 1.8078
4.96826 3.17234
7.65236 1.83268
7.57568 1.99456
4.49415 1.29454
4.52935 1.70576
4.50495 1.43946
4.53918 1.78949
4.48407 0.786474
4.48436 0.914109
5.21874 -2.17131
7.22026 -1.31917
7.2637 -1.26484
6.6384 3.11856
5.70528 3.51324
7.84084 -0.125386
