7.63971 0.0537635
7.64062 0.0575999
7.50146 -0.389344
7.46325 -0.478646
4.75225 1.32569
4.755 1.35987
4.96647 -0.748771
4.97679 -0.782014
4.84792 -0.273741
4.83381 -0.20183
6.98666 2.43726
6.98076 2.44371
4.76131 0.297218
4.76496 0.260696
4.73397 0.782407
4.7333 0.801333
6.21997 -1.78651
6.2261 -1.78423
7.20823 -0.922634
7.20267 -0.930856
6.62199 -1.53939
6.58877 -1.56389
7.69061 0.459632
7.69324 0.530017
7.67809 0.86598
7.68296 0.82025
7.57935 -0.173652
7.55795 -0.238773
5.32642 2.93687
5.25671 2.87292
5.5241 3.05124
5.44643 3.01593
7.67911 0.308041
7.6703 0.233563
5.33204 -1.57836
5.28064 -1.49952
5.15385 -1.25892
5.18845 -1.33179
4.776 1.5622
4.78286 1.61652
4.7885 1.65644
4.8008 1.73552
4.83248 1.90587
4.84362 1.96093
6.02986 -1.85403
6.00407 -1.85998
5.6961 -1.85918
5.64407 -1.84261
5.83209 -1.87948
5.83227 -1.87948
4.92017 -0.581208
4.93741 -0.645479
5.38774 -1.6481
5.37801 -1.63577
5.03982 -0.974423
5.01074 -0.888918
5.126 2.70973
5.13577 2.72471
6.3712 2.9346
6.39411 2.92282
6.12375 3.04373
6.15019 3.03463
5.93511 3.089
5.9809 3.07968
5.71492 3.09643
5.73341 3.09771
6.42327 -1.67764
6.37532 -1.70531
6.82475 -1.36552
6.77821 -1.40783
7.3043 -0.775554
7.33957 -0.717416
7.4636 1.67572
7.44933 1.70898
6.55218 2.82509
6.52993 2.83972
6.93554 -1.25539
6.94009 -1.25075
7.49817 1.59133
7.51858 1.53758
4.73394 0.93179
4.73463 1.0212
5.13855 -1.22624
5.10995 -1.15702
4.80777 -0.0603864
4.79042 0.0541604
4.75034 0.420944
4.74454 0.495507
4.82767 -0.169284
4.81044 -0.0762838
7.45726 -0.492273
7.51411 -0.35801
7.62897 1.1659
7.62627 1.17745
6.90006 2.5299
6.84858 2.58056
6.98722 -1.19861
7.01005 -1.17341
7.37211 1.87025
7.38318 1.84864
7.17311 2.19927
7.20314 2.15583
7.10266 2.29665
7.10388 2.29507
7.58394 1.33984
7.57889 1.35732
7.66146 0.993929
7.66597 0.962708
7.5423 -0.283266
7.59511 -0.120869
4.74293 1.1927
4.74048 1.14479
5.62609 -1.83399
5.58276 -1.81338
4.75553 0.358244
4.75269 0.391198
4.73796 0.630068
4.73723 0.652053
4.73355 0.893807
4.99234 2.45106
4.95837 2.36614
4.95464 2.3555
4.95599 2.35969
4.88736 -0.454526
4.89346 -0.47992
7.29586 2.00985
7.29319 2.01435
4.73571 1.04019
4.73599 1.05998
4.74759 1.26582
5.97967 -1.86516
5.95131 -1.86972
5.7368 -1.86925
5.83174 -1.87944
4.86308 -0.345256
6.69753 2.71548
6.72494 2.69338
6.63823 2.76364
6.67441 2.73441
4.76772 0.235887
4.77214 0.195428
4.74162 0.545975
4.74288 0.521659
4.73666 0.67319
4.73375 0.763169
7.10981 -1.05424
7.12218 -1.03912
6.94358 -1.24715
7.69294 0.658622
7.6896 0.731868
7.38046 -0.64348
7.36143 -0.679267
5.48179 -1.74385
5.47775 -1.74075
5.36032 -1.61416
5.33387 -1.58074
5.02083 2.51545
6.30525 2.96895
6.2744 2.98335
4.7735 1.54046
4.76748 1.48819
5.88079 -1.87788
5.91332 -1.87515
5.41697 -1.68111
5.42712 -1.69106
4.92441 2.26533
4.90664 2.20536
7.53999 1.47757
7.55013 1.44883
7.61136 -0.0642849
6.07945 -1.83973
6.113 -1.82854
4.89467 -0.48473
7.65017 0.111097
7.63891 0.0501303
5.42464 3.00425
5.34312 2.94973
5.22857 -1.41083
5.23169 -1.41713
4.75715 1.38542
4.74984 1.29571
4.82098 1.84894
4.81366 1.80905
4.98329 -0.802402
4.94756 -0.682117
5.0741 -1.06667
5.04829 -0.998671
6.61658 2.77944
6.98859 2.4351
6.91918 2.50992
5.0765 2.62661
5.04539 2.56878
6.26949 -1.76185
6.21278 -1.78944
7.16521 -0.980894
7.22273 -0.901788
6.2519 2.9939
6.15665 3.03204
5.88707 3.09474
5.83083 3.09921
6.52214 -1.6128
6.6861 -1.48745
7.25542 -0.852235
7.271 -0.82847
7.3345 1.94158
7.34034 1.93091
7.10438 2.29439
7.15441 2.22603
7.60722 1.25651
7.60541 1.2636
7.69338 0.55154
7.68895 0.423899
6.43625 2.8987
6.45122 2.89049
7.66253 0.18139
5.22971 2.84477
5.57289 3.06762
5.62459 3.08151
5.18284 2.78824
7.6847 0.366543
5.33329 -1.58002
5.23569 -1.42466
5.14728 -1.24539
4.76552 1.46975
4.78336 1.6205
4.77482 1.55235
4.8046 1.75704
4.86537 2.05781
4.89651 -0.491918
4.9989 -0.850882
5.55429 -1.79717
5.48585 -1.74686
5.00799 -0.880822
5.09365 -1.11605
4.77455 0.1748
4.78701 0.077875
5.11443 2.69021
6.32528 -1.73466
7.07709 -1.09552
7.07801 -1.0944
4.86858 2.07198
4.86713 2.06576
6.33477 2.95416
6.08569 3.05535
5.7495 3.09788
6.04008 3.06758
5.65357 3.08689
6.72282 -1.45728
6.48562 -1.63678
6.86576 -1.32544
7.35144 -0.696816
7.69364 0.638576
7.42591 1.76041
7.48509 1.6244
6.4665 2.88137
7.14155 -1.01359
4.87591 2.09993
4.80838 -0.0642833
7.64181 1.10399
7.61798 1.21256
7.64481 1.08731
7.64823 1.07064
6.81222 2.61548
6.77476 2.64911
7.04996 2.36192
7.40857 1.79737
7.3019 1.99933
7.23609 2.10591
7.25005 2.08446
7.55842 1.42338
7.65761 1.01689
7.67356 0.907593
7.68578 0.785006
7.40862 -0.591035
7.40351 -0.601056
6.74625 2.67462
7.25882 2.07083
5.92994 -1.87339
5.4486 -1.71288
7.61242 -0.0603094
5.40383 -1.66767
6.12805 -1.82374
6.056 -1.84634
5.03161 2.5406
7.42883 -0.550408
5.56122 -1.80105
7.03299 -1.14748
7.6936 0.642498
