6.00813 -2.80509
6.0686 -2.75961
4.57691 -1.58823
4.53597 -1.40601
8.08125 -0.266111
8.08818 -0.243477
8.19196 0.429256
8.1928 0.457053
4.21072 1.35831
4.20833 1.32752
4.20063 0.850319
4.20016 0.824276
6.85624 3.34148
6.83954 3.35529
4.32741 -0.452497
4.34119 -0.526813
4.24947 1.92494
4.23976 1.81661
4.82588 -2.68831
4.83863 -2.74064
4.80781 -2.59889
4.81646 -2.63859
4.23253 0.210584
4.22872 0.250612
7.86352 -0.824205
7.87888 -0.793077
5.39699 -3.2227
5.42895 -3.20164
6.43759 3.65251
6.41869 3.66395
7.86601 1.99972
7.8842 1.95906
4.34387 2.60776
4.32994 2.52193
5.28224 3.99102
5.28824 3.99207
4.77205 -2.4228
4.77644 -2.44962
7.15034 3.06507
7.20239 3.01046
8.14112 1.11417
8.13262 1.16145
5.2935 -3.27959
5.25965 -3.30013
7.47287 2.68043
7.50065 2.64313
7.66444 -1.17453
7.63528 -1.21905
7.66615 2.38783
7.6927 2.34094
8.02256 1.59653
8.00267 1.6565
5.90808 -2.87792
5.91189 -2.87528
8.19305 0.63287
8.19251 0.651458
5.06535 -3.34755
5.06246 -3.34613
4.87481 -2.91007
4.8696 -2.88187
4.9017 -3.02067
4.89968 -3.01058
4.67243 -1.99904
4.67114 -1.99282
4.65051 -1.9058
4.65732 -1.93521
5.64753 -3.05811
5.6223 -3.07473
4.94859 -3.17996
4.95182 -3.19484
5.06833 -3.34722
5.13295 -3.34913
5.9852 -2.82232
5.95003 -2.84732
4.57863 -1.59535
4.57816 -1.59338
6.6511 3.50519
6.62667 3.52272
6.19916 3.78753
6.21539 3.77956
6.03008 3.86408
6.05174 3.85549
5.77436 3.95415
5.73651 3.96225
4.25733 1.99986
4.25694 1.99596
4.41417 2.94976
4.40844 2.92418
4.45762 3.11237
4.45747 3.1118
7.11765 3.09889
7.30433 2.89655
7.29827 2.90351
7.55347 -1.33771
7.58966 -1.2865
7.04815 -1.92643
7.0769 -1.89789
6.88694 -2.08374
6.88598 -2.08465
4.77904 3.73287
4.7859 3.74104
6.65806 -2.28604
6.67224 -2.27341
6.42554 -2.47954
6.40375 -2.49784
4.61725 -1.75704
4.62956 -1.80907
7.98022 -0.562343
7.96806 -0.593397
7.73516 -1.05976
7.76489 -1.00891
4.48239 3.18821
4.47731 3.17408
6.14775 -2.69834
6.10138 -2.73525
6.95785 3.25202
7.02352 3.19039
4.28157 2.19447
4.29682 2.2989
4.25013 1.93235
4.25076 1.93922
7.17081 -1.79812
7.23639 -1.72698
5.9882 -2.81986
4.50743 -1.28155
4.52597 -1.36012
4.57788 -1.59227
4.44882 -1.03007
4.45173 -1.04328
4.20039 1.01464
4.20015 0.977319
4.21801 1.51147
4.21659 1.48565
4.36811 -0.661301
4.36348 -0.639268
4.21107 0.496872
4.21296 0.465132
5.50023 3.99865
5.44766 4.00157
5.39116 4.00027
5.44302 4.00149
4.29962 2.31412
4.30194 2.33191
4.25078 0.030688
4.25355 0.00744597
4.28974 -0.244267
4.2875 -0.230559
5.39045 -3.22576
7.94813 1.80485
7.96804 1.753
7.77126 2.19578
7.79243 2.15444
4.35546 2.67634
4.36527 2.72833
4.90363 3.84378
4.89536 3.83828
5.05551 3.9283
5.01493 3.91035
5.1458 3.96177
5.13173 3.95695
4.78792 -2.49485
4.76019 -2.37141
8.09059 1.35711
8.06834 1.44422
4.97785 -3.26543
5.00009 -3.30028
7.62437 2.45748
7.57108 2.5404
6.96911 -2.0054
6.98194 -1.99333
7.4574 -1.46771
7.46125 -1.46283
4.55485 3.37672
4.53964 3.3433
4.60742 3.48869
4.60698 3.48795
4.71415 -2.16981
4.70819 -2.14363
4.74787 -2.31636
4.74064 -2.28175
5.79121 -2.95803
5.83814 -2.92645
5.76356 -2.97896
5.71358 -3.01487
4.69281 -2.08266
8.094 -0.222533
8.02383 -0.445457
8.01134 -0.479787
8.174 0.200147
8.17743 0.23244
8.15112 0.0312065
8.15472 0.0550155
6.71357 3.45707
6.73471 3.4409
6.92544 3.28077
6.94167 3.26652
5.8304 3.93785
5.83371 3.93671
5.99677 3.87824
5.91876 3.9073
5.66101 3.97924
4.27947 2.18025
6.27906 3.74565
6.27111 3.75015
6.5153 3.60124
6.49271 3.61692
4.42374 2.9868
7.24432 2.96462
7.30613 2.89451
7.12505 -1.84704
6.89299 -2.07804
6.80075 -2.16129
8.1874 0.736867
8.18539 0.764751
6.74295 -2.21174
6.7217 -2.23052
6.61109 -2.32558
6.50761 -2.41269
6.4673 -2.44616
6.38533 -2.51225
6.34021 -2.5486
4.63432 -1.83194
4.60658 -1.71098
4.47962 -1.16512
4.48065 -1.16945
4.22296 1.59313
4.22432 1.61395
4.20795 0.561836
4.20649 0.595539
7.37134 -1.57415
7.37439 -1.57056
4.4048 -0.828986
4.39656 -0.790866
4.42924 -0.941384
4.42405 -0.917078
4.20112 1.06742
4.2018 1.10432
6.22579 -2.63889
6.22752 -2.63757
8.05213 -0.361159
4.84044 3.79469
4.83729 3.79174
8.18594 0.331455
8.1905 0.397947
4.20274 0.723316
4.20137 0.750069
7.05878 3.15711
7.0408 3.17421
6.75398 3.42584
6.82201 3.36963
5.54346 -3.12818
5.51994 -3.1435
4.26587 2.07757
5.38204 -3.22987
5.3507 -3.24854
6.35443 3.70236
6.33972 3.7114
8.17487 0.875382
8.17703 0.856783
8.1609 0.98728
8.17308 0.893667
4.95388 -3.20782
4.97474 -3.26064
4.47405 3.16498
4.4586 3.11555
4.72421 3.66819
4.73482 3.68296
5.68731 -3.03167
8.12195 -0.114098
6.54758 3.57945
6.59862 3.54267
5.62692 3.98505
4.26371 2.06061
7.32085 -1.6331
7.25381 -1.70829
8.14771 0.0115169
8.12382 -0.106612
4.6497 -1.90289
4.6476 -1.8944
4.20562 1.23131
4.20578 1.26062
4.23477 1.75499
4.23378 1.74155
4.43679 3.03672
4.4398 3.04935
4.75614 -2.35075
4.9764 -3.2639
7.33929 2.85321
7.3721 2.81415
4.499 3.23623
4.50959 3.26669
6.5672 -2.3626
6.54982 -2.37761
6.10646 3.83122
6.1493 3.81126
6.79354 -2.16785
4.20756 1.29481
4.21165 1.39102
4.2012 0.786818
4.19997 0.876255
4.34703 -0.557315
4.31488 -0.385207
5.5542 3.99445
5.53548 3.99661
4.84955 -2.79587
4.82277 -2.67007
4.80277 -2.57939
4.79333 -2.52739
4.22296 0.325165
4.24024 0.128518
4.27532 -0.152526
4.2692 -0.112305
7.91832 -0.708296
7.82321 -0.902553
5.32363 -3.26561
7.9086 1.90214
7.83925 2.05801
4.34654 2.62579
4.3223 2.46941
4.44214 3.05899
5.29424 3.99263
5.21571 3.97932
8.15545 1.02592
8.11758 1.23735
5.19752 -3.32856
7.32941 -1.62339
4.57985 3.43231
4.57181 3.41685
5.6079 -3.08512
5.54445 -3.12744
4.8553 -2.81566
4.8629 -2.84926
4.88545 -2.9514
4.90325 -3.02979
4.91922 -3.08915
5.67683 -3.0382
4.93247 -3.12632
5.19521 -3.33004
5.1857 -3.33375
4.2636 2.05958
7.80229 -0.941395
7.93116 -0.67961
7.70369 -1.11187
7.60494 -1.26408
7.50975 -1.39922
4.64544 3.55635
4.6533 3.56818
4.8189 3.77364
8.19468 0.557852
6.27669 -2.5989
6.2999 -2.57982
6.2285 -2.63684
4.22766 1.66181
4.22987 1.69332
4.64027 3.54667
7.50327 -1.40801
6.08158 -2.75024
4.49311 -1.22042
4.4985 -1.24292
4.47207 -1.13354
4.46585 -1.10638
4.46496 -1.10233
4.43782 -0.980182
4.20023 0.951232
4.20061 1.04082
4.21492 1.45068
4.22018 1.5498
4.30825 -0.34742
4.36984 -0.669855
4.2152 0.429081
4.20928 0.530343
5.44604 4.00155
5.58055 3.9909
5.36387 3.99917
4.26826 -0.10556
5.46483 -3.17912
5.46979 -3.17624
7.82027 2.09759
7.92718 1.85746
7.98468 1.70784
7.74386 2.24852
4.31441 2.4174
4.36964 2.74871
4.8433 3.79698
4.95364 3.87706
4.97312 3.88792
5.07897 3.9386
5.15421 3.96393
8.10382 1.30073
8.06029 1.47359
7.62853 2.45075
7.5632 2.55239
7.43694 2.73034
7.37671 2.80826
7.50986 2.62986
7.72315 2.28664
7.49724 -1.41601
7.41834 -1.51705
7.41729 -1.51834
7.40481 -1.53363
4.53147 3.32162
4.60971 3.49277
4.50995 3.26771
4.69632 -2.09812
4.72479 -2.21272
4.73117 -2.24282
8.04068 1.54029
5.91283 -2.87464
8.18068 0.264982
8.17023 0.165953
5.82466 3.93964
5.88616 3.91982
6.07623 3.84448
4.40031 2.89091
4.38848 2.83868
6.78532 -2.17524
6.68522 -2.26219
6.53086 -2.394
6.44692 -2.46256
6.32324 -2.56184
4.20559 0.62551
4.39254 -0.772819
4.4102 -0.853975
4.41697 -0.885222
4.20264 1.1318
8.19464 0.536239
4.20412 1.20297
4.20297 0.695639
5.50533 -3.15271
6.4805 3.62476
7.94379 -0.650712
6.21977 3.77722
5.9248 -2.86592
4.23888 1.80515
8.12351 -0.10799
4.38312 -0.72775
5.89945 3.91474
5.43337 -3.19937
5.50451 -3.15324
7.44529 2.71916
8.03261 1.56617
5.85156 -2.91666
5.01722 -3.32421
8.16658 0.136017
6.15592 3.80812
6.3268 3.71912
4.40107 2.89443
4.38002 2.79879
6.39912 3.67569
4.38435 2.81943
