5.97088 2.52817
5.95075 2.52656
6.18195 2.49633
6.27064 2.46535
6.99068 -0.604225
7.03471 -0.53684
7.36276 0.596016
7.36289 0.592321
5.14725 1.51766
5.15844 1.56951
7.31213 0.136527
7.30166 0.0906904
5.14924 0.0466007
5.14672 0.0594165
5.08084 0.745239
5.08142 0.710409
5.11768 0.241331
5.11427 0.267785
6.79181 2.09293
6.79029 2.09452
5.82131 2.50951
5.76469 2.49411
6.39724 2.40749
6.44562 2.37852
6.94839 -0.662543
6.89935 -0.725177
7.20306 1.42672
7.17296 1.49908
5.09108 1.08999
5.09443 1.13923
5.26065 -0.393194
5.24738 -0.350856
5.36704 -0.671135
5.33145 -0.586172
5.4156 -0.766917
5.37575 -0.688907
5.51679 -0.933398
5.54387 -0.971627
5.19859 1.73415
5.20593 1.75914
6.29274 -1.1973
6.37752 -1.15996
6.10032 -1.24399
6.15342 -1.23471
5.26626 1.93125
5.24771 1.88156
5.35011 2.10907
5.38105 2.16313
5.45835 2.27113
5.43382 2.23789
5.60403 2.409
5.56738 2.38171
6.74718 -0.893191
6.73025 -0.909779
6.50186 -1.09003
6.58316 -1.03319
7.01198 1.8022
7.03898 1.75825
7.1352 1.58141
7.11985 1.61332
5.72613 -1.14944
5.6466 -1.08475
5.91193 -1.23264
5.84329 -1.21037
7.14457 -0.34346
7.14635 -0.339972
7.24593 -0.0982923
7.23345 -0.133788
5.09229 0.487091
5.08828 0.544865
7.34687 0.339243
7.35106 0.376741
6.48899 -1.09889
6.47405 -1.1074
6.79298 2.09163
6.84709 2.02773
7.23566 1.33844
7.21227 1.40297
7.26565 1.24711
7.26675 1.24331
7.31917 1.02685
7.31347 1.05866
6.57673 2.28894
6.59276 2.27701
7.34292 0.882342
7.33939 0.911891
5.28235 -0.460178
5.27512 -0.438109
5.23664 -0.315923
5.20151 -0.192792
5.18697 -0.130532
5.08241 0.940042
5.08174 0.905858
6.69367 2.19011
6.70351 2.1807
7.29963 1.1175
7.30624 1.09182
6.91507 1.94315
6.87556 1.99432
7.35566 0.757551
7.34964 0.831027
6.5066 2.33989
6.48939 2.35062
5.16539 -0.0327245
5.17267 -0.0672101
5.08546 1.00372
5.10594 1.25748
5.10988 1.29215
5.23005 -0.294058
5.21894 -0.254886
5.98861 2.5271
5.86714 2.5198
6.13212 2.50729
6.28908 2.45887
7.06763 -0.482995
6.96994 -0.633829
7.36086 0.510966
7.36237 0.61702
7.329 0.978748
7.32782 0.986365
5.2937 -0.490981
5.3027 -0.514148
5.46262 -0.852131
5.45427 -0.838781
5.17129 1.62696
5.12907 1.4215
6.19577 -1.22737
6.27234 -1.20364
5.30505 2.02219
5.31804 2.04745
5.52592 2.34348
5.47286 2.28891
6.66772 -0.964746
6.60663 -1.01602
7.11481 1.62309
7.08776 1.67372
5.81834 -1.2011
5.73285 -1.15357
7.15278 -0.326289
7.19215 -0.239062
7.32747 0.210962
7.28296 0.020274
5.13657 0.112231
5.15968 -0.00389665
5.08211 0.679196
5.08067 0.775579
5.13451 0.124772
5.1033 0.363256
5.7012 2.46685
6.07588 2.51948
5.66403 2.44851
6.85754 -0.775735
6.82448 -0.812383
6.76931 -0.870462
7.09513 -0.435642
7.16759 1.51166
7.20783 1.41453
5.37135 -0.680174
5.47542 -0.871411
5.5774 -1.01111
5.6355 -1.07496
5.12636 1.40633
5.1954 1.72186
5.23166 1.83761
5.11781 1.3494
6.00643 -1.24687
6.01364 -1.24663
6.39124 -1.15384
5.99691 -1.24574
5.29266 1.99566
5.40054 2.19249
6.49142 -1.09726
6.96052 1.8812
6.95351 1.89133
7.06748 1.70958
7.19602 -0.23008
7.27016 -0.0240677
7.2003 -0.219391
7.33418 0.250683
5.08316 0.645215
5.09888 0.407807
5.08466 0.612844
5.10106 0.384183
5.13509 0.121132
7.35956 0.475021
6.65571 2.22372
6.67971 2.2035
7.36071 0.495322
7.35974 0.689124
7.29206 1.1516
7.28785 1.16682
7.24101 1.32232
7.27124 1.22735
7.30975 1.07496
7.33157 0.964388
5.20173 -0.193653
5.20187 -0.194188
6.72949 2.15513
6.63654 2.24018
6.94896 1.89776
6.87479 1.99529
7.35914 0.706189
7.34909 0.835951
5.08039 0.870603
5.07991 0.811072
6.33746 2.43711
6.95179 1.89375
5.09683 1.17575
5.07992 0.805289
6.38781 2.41211
6.39268 2.40984
5.17764 -0.0897924
5.21566 -0.243982
5.08048 0.875974
