6.80236 -0.533414
6.75632 -0.5867
6.55549 -0.773432
6.59044 -0.745484
7.08634 1.23839
7.07414 1.2762
6.94172 1.56794
6.88704 1.65632
5.75002 -0.80237
5.75598 -0.807218
6.20256 2.21793
6.22449 2.21044
6.4181 2.12581
6.43769 2.1134
6.32681 -0.901665
6.38401 -0.87588
5.92999 2.22806
5.993 2.23786
5.69408 2.11919
5.78986 2.1812
6.85804 -0.459377
6.89681 -0.403326
5.26116 0.951566
5.25644 0.840565
5.28303 1.18184
5.2747 1.11175
7.14352 1.03624
7.15659 0.972394
5.51888 -0.482673
5.56143 -0.562816
5.62111 -0.653437
5.57084 -0.57973
5.38022 1.6168
5.41546 1.71623
5.32082 1.40552
5.31952 1.39897
5.55843 1.97448
5.59671 2.02425
5.45794 1.80741
5.41732 1.72105
6.64736 1.95124
6.621 1.97534
6.99374 1.46609
6.94427 1.56348
5.93379 -0.914982
5.9686 -0.924925
6.12322 -0.945362
6.09961 -0.943875
7.11799 0.079382
7.09366 0.0015616
7.02879 -0.162207
7.00841 -0.206416
5.40452 -0.207279
5.43713 -0.294999
5.3746 -0.105502
5.36434 -0.0684011
5.32167 0.109598
5.31572 0.139503
5.2845 0.336119
5.27326 0.430649
5.26093 0.582913
5.25627 0.702175
7.18896 0.496458
7.19136 0.571912
7.15554 0.232903
7.17143 0.323868
7.12053 1.12799
7.11389 1.15357
7.17036 0.894143
7.13628 1.06856
6.5794 2.01109
6.69416 1.90334
6.74324 1.84894
6.45481 2.10183
6.4895 2.08006
6.79601 1.78615
6.79944 1.78173
5.38674 -0.147304
5.40063 -0.195092
7.04064 1.36344
7.03937 1.36645
7.18341 0.789518
7.18586 0.76334
5.79415 2.18313
5.89057 2.21999
6.68295 -0.665405
6.82989 -0.498236
6.67518 -0.673278
6.49576 -0.813517
5.27016 1.0679
5.2626 0.974465
5.48332 -0.411203
5.47465 -0.39106
5.34826 1.51262
5.36058 1.55366
5.50312 1.89422
5.50499 1.8974
6.78376 1.80198
6.75638 1.83397
6.8564 1.70233
6.94352 1.56486
5.8411 -0.870411
5.68239 -0.732121
6.21979 -0.933645
6.16032 -0.941389
7.07876 -0.0398311
7.05364 -0.104949
5.34466 0.00511225
5.35136 -0.0213951
5.27052 0.458273
5.26176 0.568268
7.17653 0.360425
7.18572 0.449163
6.15053 2.22795
6.30967 2.18081
6.44058 -0.84818
6.24314 -0.926959
6.09695 2.23709
6.06508 2.23748
5.69122 2.11709
6.67799 -0.670552
6.94081 -0.333664
6.95857 -0.303423
5.25626 0.832701
5.29328 1.25274
7.17923 0.829019
7.17321 0.876087
5.46755 -0.373498
5.47207 -0.384844
5.56659 -0.572362
5.66076 -0.707811
5.41623 1.71836
5.32476 1.42258
5.29988 1.29422
5.62094 2.05009
5.50114 1.89048
7.01006 1.43139
6.82719 1.74385
7.02709 1.39353
5.84709 -0.873616
6.02789 -0.939219
6.96679 -0.288122
7.12786 0.113702
7.1477 0.195792
5.40145 -0.197722
5.33379 0.0505175
5.38207 -0.131744
5.3025 0.216256
5.25562 0.771441
5.29103 0.289164
5.25614 0.710284
7.19146 0.64239
7.19028 0.682878
7.07082 1.28506
6.54746 2.03767
6.5278 2.05356
6.32938 2.17172
7.18928 0.710568
7.10475 1.1856
6.34939 2.16129
6.38448 2.14425
6.50391 2.0702
