7.52919 -0.415303
7.50571 -0.470175
5.32172 3.01402
5.38359 3.05536
4.70192 1.14325
4.69705 1.04307
4.71559 1.34703
4.71661 1.35969
4.77298 1.8143
4.78024 1.85732
5.77017 -1.94885
5.82085 -1.95136
4.81258 -0.293749
4.80011 -0.230237
4.72612 0.276816
4.72767 0.261303
4.7011 0.615377
4.69964 0.651728
6.64303 2.81297
6.66073 2.79903
7.72621 0.472987
7.72754 0.508459
7.71588 0.842227
7.71687 0.832968
7.60836 -0.200813
7.59855 -0.230673
5.51991 3.12005
5.56668 3.13236
5.14219 2.83167
5.20362 2.90623
7.71148 0.277736
7.70792 0.247677
5.22451 -1.51375
5.23048 -1.52531
5.14072 -1.34971
5.14324 -1.35503
4.73988 1.58322
4.74407 1.61634
4.78367 1.87556
4.80545 1.98315
6.01921 -1.9221
6.01056 -1.92409
5.63919 -1.92276
5.6319 -1.92044
4.88386 -0.601258
4.8865 -0.611121
4.95277 -0.844778
4.93628 -0.788218
5.33019 -1.67768
5.3191 -1.66363
4.99952 -0.989923
5.00145 -0.995609
4.69577 0.779577
4.6957 0.78303
4.98388 2.55761
4.98803 2.56794
5.0793 2.73903
5.12924 2.8156
4.94883 2.47658
4.94607 2.4691
6.35628 2.99759
6.35715 2.99712
6.13784 3.0924
6.17248 3.08048
6.00856 3.13178
5.93155 3.14745
5.73102 3.15842
5.76406 3.16072
6.6233 2.82811
6.73829 2.73594
6.72694 2.74594
6.61505 -1.60044
6.62959 -1.58877
6.81753 -1.42906
6.81573 -1.4307
7.32966 -0.805432
7.35275 -0.767359
7.22987 -0.956415
7.24617 -0.933093
7.50359 1.67196
7.47626 1.73562
4.8514 2.17402
4.85644 2.19376
7.53742 1.58764
7.5461 1.56479
5.08452 -1.21581
5.06894 -1.1781
4.76675 -0.0351974
4.75616 0.0347655
4.71463 0.400243
4.70535 0.519578
7.48471 -0.51797
7.55566 -0.34972
6.89553 2.59108
6.88339 2.60302
7.0731 2.39443
7.01884 2.45803
7.12764 -1.09349
7.13811 -1.08046
7.0029 -1.23929
7.0439 -1.19404
7.39571 1.90201
7.42209 1.85051
7.31826 2.04167
7.33389 2.01493
7.23082 2.18157
7.23459 2.17613
7.09038 2.37273
7.13492 2.3151
7.62066 1.33639
7.60668 1.3848
7.66285 1.17014
7.65733 1.195
7.69966 0.970868
7.69455 1.00634
7.57069 -0.309852
7.63458 -0.112994
7.46818 -0.551779
7.44848 -0.592083
6.48838 2.92034
6.47664 2.92818
4.70323 1.16804
4.70316 1.16651
5.59883 -1.9046
5.5417 -1.87764
5.5245 -1.86599
4.7161 0.38246
4.71529 0.391806
4.94934 2.47804
4.89531 2.32346
4.91525 2.38526
6.4113 2.96729
6.4242 2.9596
6.80925 2.67404
4.69606 0.916644
4.69601 0.913237
5.02993 -1.07642
5.0341 -1.08844
5.38526 -1.74544
5.36744 -1.72347
4.69955 0.653655
4.69959 0.652665
4.69704 1.04024
4.71082 1.28722
5.7251 -1.94401
4.83007 -0.373528
4.81758 -0.317334
5.46498 -1.82241
5.43808 -1.79697
4.73275 0.215616
4.73489 0.196035
4.70505 0.524777
4.70518 0.522272
6.97401 -1.27143
6.43151 -1.72911
6.41628 -1.73919
7.40576 -0.673281
7.38653 -0.709417
6.55741 2.87481
4.69691 1.03732
4.69599 0.909789
4.69566 0.786561
6.08935 3.10961
6.04402 3.12302
6.30183 3.02501
6.29598 3.02773
6.8118 2.67169
7.65815 -0.021992
7.67054 0.0295946
4.73201 1.5147
4.72894 1.48801
4.77109 1.80199
4.76206 1.74469
6.1071 -1.89323
6.02793 -1.91953
5.90337 -1.94517
5.84596 -1.95039
4.88427 2.29052
4.86651 2.23062
6.20483 -1.85282
6.21896 -1.84704
5.67195 3.15481
5.64341 3.15109
7.5552 1.53929
7.57755 1.47595
7.64181 -0.0878223
4.95868 -0.864765
4.97052 -0.901512
5.50737 -1.85334
5.33724 -1.68626
5.00872 -1.01643
7.68781 0.118605
7.68264 0.0896622
5.42024 3.07644
5.28618 2.98545
5.14527 -1.35903
5.18574 -1.44074
4.72057 1.40671
4.71145 1.29554
4.78278 1.87117
4.77214 1.80886
4.91167 -0.701937
4.92995 -0.7664
6.98395 2.49772
6.95257 2.53146
6.31145 -1.80036
6.30489 -1.80374
7.18168 -1.02363
7.19904 -1.00046
6.24848 3.05
6.21553 3.0632
6.725 -1.51116
6.73256 -1.50456
7.28022 -0.881464
7.31966 -0.821317
7.35768 1.97278
7.37958 1.9328
7.16369 2.2762
7.18566 2.24619
7.64309 1.25314
7.63337 1.29126
7.72789 0.564489
7.72294 0.402537
7.69371 0.1522
5.22459 2.92876
5.50081 3.11284
5.6206 3.14685
5.13241 2.81988
7.72129 0.380267
5.23768 -1.53829
5.28111 -1.60685
5.10521 -1.26702
4.72428 1.44414
4.74723 1.64153
4.73616 1.55217
4.75979 1.72922
4.81521 2.02666
4.8788 -0.58217
4.95407 -0.849259
4.85874 -0.499464
4.73972 0.154612
4.74638 0.10283
5.02398 2.64137
5.03814 2.6696
5.03051 2.65547
6.3182 -1.79707
4.83079 2.09553
4.82375 2.06532
7.42207 -0.643235
6.10893 3.10313
5.85946 3.15606
6.03656 3.12527
5.83772 3.15884
5.80025 3.1611
5.68719 3.156
6.71579 -1.51921
6.52933 -1.66342
6.36684 -1.76854
6.5152 -1.67396
6.80156 -1.44335
6.90136 -1.34713
7.37662 -0.726483
7.72805 0.616947
7.46672 1.75657
7.51225 1.65126
4.85021 -0.462821
7.17444 -1.03364
6.92536 -1.32304
7.72369 0.744655
7.72585 0.699821
5.0429 -1.11263
4.77433 -0.0835605
4.79006 -0.174985
6.82641 2.65775
7.08245 2.38288
7.15582 -1.05819
7.09359 -1.13482
7.67884 1.09632
7.68167 1.08136
7.43248 1.82954
7.28534 2.09693
7.27776 2.10912
7.24633 2.15834
7.59581 1.41987
7.68641 1.05483
7.70681 0.920068
7.7193 0.802501
6.46679 2.93467
5.91897 -1.94353
5.93116 -1.94143
5.39067 -1.75176
5.82713 3.15984
5.29774 -1.63148
6.34933 3.0012
6.12068 -1.88865
5.03624 -1.09463
7.71384 0.860923
7.05853 -1.17703
7.0488 -1.1885
6.35558 2.99799
7.72768 0.65528
