6.40742 2.26996
6.38978 2.27917
7.17868 1.24179
7.18471 1.22301
5.17375 1.00554
5.1772 1.05609
5.38224 -0.444517
5.42248 -0.535903
5.51447 -0.71232
5.55699 -0.780905
5.45101 2.04388
5.40491 1.96644
5.57093 2.1984
5.58152 2.20934
7.14228 -0.128801
7.16516 -0.0676685
5.17506 0.534122
5.1783 0.489282
7.27045 0.415325
7.26345 0.350952
6.72157 2.02321
6.75393 1.9896
6.0586 2.38335
5.98141 2.38599
6.19205 2.35991
6.10517 2.37779
5.74597 2.3259
5.77674 2.34107
6.76478 -0.732937
6.82996 -0.658
6.52434 -0.938835
6.48527 -0.963056
6.73272 -0.764809
6.67079 -0.823278
7.02364 -0.380854
6.96743 -0.471699
7.25282 0.927418
7.24462 0.975638
7.2741 0.741026
7.27147 0.775049
5.35126 -0.35799
5.33798 -0.319593
5.62817 -0.871892
5.58761 -0.820666
5.23232 1.4627
5.22056 1.40367
5.28765 1.6766
5.27637 1.63683
5.19497 1.23717
5.2089 1.33582
5.35981 1.87081
5.39817 1.95442
6.8281 1.90232
6.8583 1.86515
6.95094 1.73092
6.90597 1.79904
7.05851 1.5417
7.06599 1.52615
5.92267 -1.07653
5.95793 -1.0835
5.7379 -0.978494
5.78986 -1.01364
6.11278 -1.09709
6.0716 -1.09705
6.30733 -1.05313
6.26652 -1.06533
7.04 -0.351257
7.07902 -0.274782
7.21823 0.108888
7.23054 0.159553
5.27541 -0.106975
5.28176 -0.131121
5.23405 0.0721596
5.23625 0.061064
5.16699 0.822562
5.16714 0.838686
5.19975 0.287963
5.21118 0.207949
6.605 2.13289
6.60333 2.13436
7.27793 0.671667
7.27888 0.589225
7.14015 1.35327
7.15826 1.30241
7.20007 1.17054
7.20669 1.14604
7.24036 1.0013
7.25977 0.879278
5.29886 -0.197236
5.29684 -0.189864
5.26566 -0.0677879
6.52278 2.19604
6.5283 2.19194
6.7921 1.94586
6.76646 1.9757
6.66701 2.07652
6.6425 2.099
5.36399 -0.394149
5.38126 -0.441953
6.86085 1.86185
6.86997 1.85011
6.35317 2.29799
6.33465 2.30661
7.26356 0.852399
5.25978 -0.0431203
5.25088 -0.00446337
5.16721 0.724798
5.16733 0.708377
5.87795 2.37392
5.88068 2.37424
6.64208 -0.84903
6.58141 -0.896447
6.90974 -0.557864
6.90236 -0.568401
5.18222 1.1222
5.16906 0.921062
5.46292 -0.622287
5.38147 -0.442517
5.567 -0.794494
5.4684 -0.633465
5.25819 1.57081
5.23704 1.48313
5.40118 1.96008
5.48831 2.10064
5.64763 2.26484
5.54729 2.17124
7.00702 1.639
6.99483 1.65988
5.82956 -1.03804
5.90293 -1.06915
6.20955 -1.0824
6.13805 -1.0932
7.12444 -0.173501
7.18479 -0.00862278
5.23739 0.0555283
5.16975 0.625081
5.18549 0.409958
7.2539 0.283392
7.27524 0.475513
5.87665 2.37356
6.08609 2.38163
6.25119 2.33981
6.29914 2.32296
6.41069 -1.00687
6.37523 -1.02307
5.67728 2.28698
6.89466 -0.578659
6.75398 -0.744126
7.02904 -0.371654
7.10536 1.439
7.11691 1.41118
5.16791 0.887254
5.18965 1.19358
5.3232 -0.276076
5.35913 -0.380755
5.46568 -0.628083
5.64787 -0.895142
5.32189 1.77932
5.31129 1.75013
5.21126 1.35148
5.50651 2.12402
5.32937 1.79773
7.0355 1.58631
6.8919 1.8194
5.70114 -0.94606
6.01714 -1.09534
7.08975 -0.251928
7.20073 0.0431561
7.24356 0.22401
5.31398 -0.247422
5.21748 0.167947
5.16691 0.773539
5.19193 0.350352
5.1685 0.660483
7.27859 0.555636
6.564 2.16454
6.60634 2.13175
7.27741 0.68609
7.1283 1.38373
7.17198 1.26409
7.22608 1.07456
7.22664 1.07189
7.22753 1.06798
5.30196 -0.208636
5.28529 -0.146174
6.51692 2.20061
7.26975 0.795192
6.47474 2.22762
7.27706 0.695886
6.49484 2.21506
