7.52916 0.0317085
7.53181 0.0428258
7.50337 1.25376
7.49981 1.2678
5.67782 -1.62685
5.69364 -1.63324
5.15165 -0.912669
5.15275 -0.915564
4.84172 0.780654
4.84003 0.828405
7.16096 -0.799994
7.14251 -0.827283
6.9607 -1.05796
6.98066 -1.03551
7.19611 1.97007
7.20591 1.95434
6.34455 2.79256
6.33009 2.80052
7.55155 0.140983
7.56232 0.204058
7.5017 -0.0738999
7.49591 -0.0955354
7.33443 -0.504347
7.32872 -0.516243
7.37364 1.62588
7.35082 1.6773
7.44124 1.45211
7.42069 1.50821
5.53631 2.85102
5.6176 2.88417
5.34039 2.70785
5.41506 2.77355
5.44711 -1.44131
5.42999 -1.42276
5.32673 -1.27515
5.32026 -1.26404
4.84817 1.12653
4.85261 1.2047
4.87031 1.40331
4.87452 1.44228
5.86387 -1.67632
5.85138 -1.67433
5.02065 -0.512726
5.03106 -0.550065
5.08379 -0.722926
5.09345 -0.750796
5.51338 -1.51302
5.56593 -1.55651
5.22937 -1.09211
5.22192 -1.0753
4.95296 1.89285
4.97738 1.99115
4.9076 1.6725
4.91106 1.6908
4.89081 0.112107
4.88597 0.147611
4.85952 0.389459
4.85663 0.417514
4.84235 0.696468
4.84366 0.65032
4.84037 0.863398
4.84138 0.958092
5.26552 2.62218
5.30643 2.66967
5.15899 2.46067
5.15525 2.45394
5.07561 2.28464
5.08272 2.30044
6.24663 -1.60342
6.24859 -1.60246
6.05264 -1.66391
6.01503 -1.66853
5.0092 2.09734
4.98447 2.01742
6.83774 -1.18837
6.86632 -1.16029
7.30379 -0.565031
7.30359 -0.565403
6.15564 2.87246
6.13273 2.87874
5.94703 2.91901
5.94547 2.91923
5.64098 2.89316
5.73841 2.91482
6.64212 -1.36205
6.66803 -1.34067
6.44329 -1.50131
6.46397 -1.48782
7.58671 0.420654
7.58403 0.381032
7.59273 0.604658
7.59283 0.593129
6.62835 2.61274
6.60803 2.6283
7.5735 0.89084
7.56944 0.925275
4.98991 -0.39936
4.9716 -0.320738
4.9278 -0.11285
4.93279 -0.138536
7.0751 -0.916988
7.10898 -0.873747
7.18292 -0.767085
7.22334 -0.703478
7.24903 1.88052
7.24868 1.88116
7.55151 1.03541
7.54519 1.07335
6.73756 2.52301
6.74664 2.51478
6.91348 2.3487
6.88941 2.37451
7.13624 2.06248
7.11266 2.09745
6.99458 2.25401
7.0105 2.23481
7.48043 -0.143748
7.46314 -0.198279
7.44089 -0.260483
7.44695 -0.243809
7.39882 -0.365403
7.41701 -0.322136
7.34391 -0.485089
7.40858 1.54032
7.45132 1.4235
4.84537 1.08374
4.85701 1.26353
4.86405 0.334455
4.86804 0.294042
4.84175 0.715502
4.84216 0.994523
6.5439 2.67445
6.56433 2.66098
7.53359 1.12612
7.5411 1.09386
7.58566 0.770896
7.58049 0.831935
4.9635 -0.285219
4.99603 -0.423284
7.38747 1.59281
7.47231 1.36204
7.46032 1.39783
4.84475 1.04006
4.99925 -0.435305
6.42403 2.75035
6.43821 2.74185
4.85972 1.29622
4.84117 0.733772
4.85182 0.479771
4.85077 0.49552
7.54125 0.0893643
7.52659 0.0200449
5.43765 2.79094
5.51699 2.84063
5.42282 -1.41422
5.37277 -1.34461
4.86221 1.32427
7.59103 0.691553
7.59094 0.697645
4.949 -0.217181
4.95493 -0.245327
5.06983 -0.681358
5.05246 -0.624195
5.18985 -1.00275
5.15089 -0.910612
4.92896 1.78353
4.94111 1.8392
6.49981 2.70409
6.52282 2.68895
6.82023 2.44606
6.79531 2.4695
5.20955 2.54312
5.16376 2.46841
6.14896 -1.63958
6.13889 -1.642
7.11863 -0.860057
7.16806 -0.789775
6.99979 -1.01304
6.911 -1.11303
6.19804 2.85705
6.26175 2.83244
5.84157 2.92319
5.94361 2.91931
6.54216 -1.43649
6.56947 -1.41636
7.04356 2.19298
7.06308 2.1671
7.59086 0.513083
7.5901 0.486028
6.28777 2.82013
6.38462 2.77202
7.26395 -0.635911
7.27757 -0.612282
7.57156 0.266556
7.33642 1.70877
5.63616 2.89177
5.3293 2.69633
7.5788 0.326815
5.49674 -1.49601
5.31449 -1.25339
4.88762 1.54557
4.88937 1.5588
4.88855 1.55287
4.89713 1.60972
5.87067 -1.67625
5.76954 -1.65994
5.58907 -1.57477
5.66952 -1.62223
7.59059 0.706499
5.0426 -0.590516
5.01411 -0.489055
5.11791 -0.820121
5.27362 -1.17885
5.23805 -1.11096
4.97967 2.00042
4.90686 0.00426497
4.87527 0.233189
5.24651 2.59768
5.11553 2.37377
5.06728 2.26433
6.34548 -1.55684
6.22702 -1.6108
5.95763 -1.67666
5.02509 2.1451
6.79476 -1.2294
7.03162 -0.974066
7.30518 -0.562396
6.2731 2.82735
6.05025 2.90093
5.77686 2.91919
6.74325 -1.27738
6.35013 -1.55419
6.76069 -1.26139
7.59201 0.658809
6.58674 2.64399
6.65064 2.59611
4.91492 -0.0437294
6.4786 2.71799
7.04605 -0.955379
4.90873 -0.00746807
7.52462 1.17041
7.52529 1.16746
7.48501 1.31939
7.543 1.08355
7.55829 1.00008
6.82511 2.44133
6.66886 2.58078
6.95531 2.30084
7.07059 2.15666
7.16024 2.02651
7.46037 -0.206574
7.4402 -0.262264
7.42046 -0.313511
7.39153 -0.382466
4.86857 0.288812
4.862 0.355585
4.85582 0.427159
4.84488 0.605835
4.84679 0.56322
7.57873 0.849008
7.56412 0.963613
7.28391 1.81527
7.29638 1.79123
5.73091 -1.64789
4.87226 0.25895
5.04024 2.19266
7.31954 1.74462
7.50637 1.24277
5.67422 -1.62501
7.21222 1.9437
4.86176 0.358255
4.84403 0.630177
7.31249 1.75953
7.24952 1.87965
7.2466 1.8848
7.37643 -0.4166
7.36408 -0.443188
4.84955 0.519923
4.84792 0.542557
