7.53684 0.0332411
7.54113 0.051252
7.51061 1.25402
7.50546 1.27439
5.41256 -1.41983
5.41872 -1.42855
5.67547 -1.64188
5.72014 -1.65991
5.14384 -0.916984
5.1513 -0.936655
4.83423 0.780776
4.83238 0.833103
5.14979 2.46644
5.15381 2.47386
7.16424 -0.808517
7.13752 -0.848034
6.98018 -1.04872
6.98797 -1.03996
5.92946 2.93244
5.94474 2.93122
7.20757 1.96656
7.21252 1.95861
6.35512 2.79815
6.33499 2.80923
7.55797 0.134976
7.57002 0.205595
7.51169 -0.0648681
7.50196 -0.101203
7.44878 -0.260553
7.43005 -0.309864
7.34351 -0.502535
7.33439 -0.521549
7.37895 1.63208
7.35875 1.67759
7.44666 1.45843
7.42832 1.50849
5.53544 2.86531
5.62699 2.90264
5.33939 2.72424
5.4036 2.78074
5.32711 -1.29682
5.31084 -1.26888
4.84004 1.12149
4.84501 1.20912
4.86182 1.39804
4.86707 1.44661
5.86165 -1.69051
5.81704 -1.6834
5.00998 -0.505521
5.02231 -0.549748
5.07586 -0.727306
5.08112 -0.74247
5.51088 -1.52895
5.55252 -1.5634
5.22095 -1.09676
5.20744 -1.0663
4.94521 1.89786
4.9669 1.98517
4.89979 1.67754
4.90124 1.68519
4.88374 0.10801
4.87764 0.152723
4.85182 0.389584
4.84937 0.413309
4.83452 0.701277
4.83597 0.650446
4.83263 0.858913
4.83374 0.962784
5.25511 2.62871
5.27645 2.65348
5.06675 2.29019
5.06772 2.29234
6.24519 -1.61611
6.25712 -1.6103
6.05109 -1.67756
6.02797 -1.6804
5.00099 2.10264
4.98241 2.04259
6.84546 -1.19307
6.86246 -1.17636
6.15491 2.88455
6.14754 2.88657
5.7376 2.9282
5.66348 2.91172
6.64068 -1.37473
6.67604 -1.34556
6.44187 -1.51382
6.47316 -1.49342
7.59415 0.423445
7.59098 0.376661
7.59976 0.607295
7.59991 0.588675
6.63657 2.61805
6.62456 2.62724
7.58076 0.891108
7.57612 0.930515
4.9881 -0.426277
4.96444 -0.324689
4.9204 -0.116938
4.92336 -0.132169
7.07848 -0.925759
7.11592 -0.877977
7.19604 -0.760862
7.22995 -0.707507
7.25519 1.8845
7.25203 1.8903
7.55885 1.03568
7.55172 1.07848
6.73666 2.53511
6.75392 2.51947
6.91248 2.36213
6.89661 2.37916
7.14801 2.05887
7.11917 2.10165
7.00883 2.24964
7.01742 2.23928
7.48884 -0.14207
7.47418 -0.188293
7.40472 -0.370931
7.426 -0.320344
7.35866 -0.471754
7.30944 -0.570343
7.31278 -0.563911
7.41395 1.5466
7.45886 1.42378
4.83786 1.08811
4.8487 1.25837
4.83407 0.715627
4.83432 0.98998
6.55263 2.68008
6.56344 2.67295
7.54093 1.12639
7.54957 1.08925
7.59254 0.776288
7.58849 0.823965
4.95398 -0.278794
4.98841 -0.427489
7.39525 1.5931
7.47786 1.36852
7.46977 1.39269
4.83717 1.04007
5.72104 -1.66025
5.7241 -1.66119
4.98857 -0.428098
6.42316 2.76202
6.4429 2.75018
4.85184 1.29618
4.83363 0.729401
4.8445 0.475527
4.84284 0.50039
7.54918 0.0909471
7.53268 0.0143452
5.43672 2.80623
5.50433 2.84857
5.42317 -1.43437
5.36234 -1.34997
4.85471 1.32864
7.59852 0.697427
7.59851 0.697924
4.94171 -0.221207
4.94673 -0.24503
5.06826 -0.70469
5.04505 -0.628287
5.18141 -1.00742
5.13867 -0.903013
4.92118 1.78855
4.93097 1.83341
6.5083 2.70957
6.54147 2.68776
6.82752 2.45077
6.84009 2.43789
5.19996 2.54914
5.14603 2.45884
6.14979 -1.652
6.14744 -1.65294
7.12214 -0.869154
7.17453 -0.793719
6.99543 -1.0312
6.91819 -1.11741
6.16854 2.8796
6.26105 2.84387
5.96092 2.92846
5.84079 2.93581
6.54073 -1.44906
6.57802 -1.42157
7.03527 2.2167
7.06954 2.17127
7.59812 0.515808
7.59716 0.481589
6.29883 2.82599
6.38943 2.78057
7.27658 -0.629921
7.28346 -0.617984
7.57813 0.260407
7.34168 1.7149
5.63532 2.90546
5.31884 2.70289
7.58645 0.329685
5.48472 -1.50219
5.29633 -1.24209
4.87894 1.54018
4.88197 1.56311
4.88055 1.55284
4.89542 1.65132
5.88594 -1.69026
5.76724 -1.67465
5.58664 -1.59033
5.64963 -1.62748
7.59848 0.698647
5.03187 -0.583275
5.00534 -0.488737
5.11005 -0.824465
5.26444 -1.18392
5.23667 -1.13094
4.9719 2.00544
4.89841 0.00945481
4.86811 0.229036
5.24519 2.61593
5.10664 2.37934
5.06562 2.28744
6.34405 -1.56936
5.95605 -1.69059
6.13593 -1.65601
5.01293 2.13854
6.81988 -1.21748
7.03498 -0.982775
7.29738 -0.592912
6.27753 2.83647
6.04951 2.91295
5.76152 2.93091
6.74179 -1.29023
6.36008 -1.56026
6.76823 -1.26598
7.5986 0.694754
6.59479 2.64919
6.64974 2.60822
4.91276 -0.0759507
6.47774 2.7296
7.05291 -0.959557
4.90175 -0.011424
7.53034 1.1771
7.53359 1.16295
7.49394 1.31453
7.55057 1.08383
7.56471 1.00512
6.82417 2.45412
6.67649 2.58571
6.96218 2.30527
7.08271 2.15294
7.16678 2.03073
7.46626 -0.212087
7.42648 -0.319146
7.40056 -0.380663
4.85479 0.351403
4.86037 0.293849
4.8478 0.432084
4.83742 0.601509
4.83892 0.568056
7.58537 0.854222
7.57271 0.955055
7.28736 1.82468
7.30629 1.78819
4.86459 0.259075
5.03184 2.19792
7.32666 1.7468
7.51496 1.23808
5.66426 -1.63614
4.86079 0.289841
7.21571 1.95323
4.85371 0.363197
4.83625 0.634956
7.31774 1.76566
7.25966 1.87654
7.23309 1.92345
7.38226 -0.422056
7.37329 -0.441349
4.84186 0.520048
4.84055 0.538282
