7.67459 -0.262815
7.69087 -0.212253
5.51033 3.27711
5.46826 3.2643
7.78476 0.209135
7.79359 0.279813
4.61552 1.11714
4.61426 1.09125
4.98748 -1.26089
4.97473 -1.22652
4.64305 1.52521
4.6458 1.55176
4.68636 1.86471
4.6877 1.87261
5.60302 -2.10507
5.6819 -2.11968
5.43421 -2.01914
5.42624 -2.01256
4.6174 0.604058
4.61866 0.572821
4.932 2.73271
4.97005 2.80758
7.12058 -1.24078
7.13013 -1.22964
4.69051 -0.113881
4.67509 -0.0111294
7.49393 -0.687991
7.4934 -0.689018
4.76421 2.24811
4.76827 2.26461
5.71469 3.30375
5.73907 3.30332
6.67528 2.9107
6.74117 2.85881
6.854 -1.52191
6.81768 -1.55678
7.38703 -0.873037
7.35991 -0.916373
7.45036 1.97554
7.42685 2.0194
7.62394 1.58833
7.59514 1.66335
7.70653 1.32831
7.72424 1.26118
7.73917 -0.0346547
7.75165 0.0208526
7.60492 -0.450382
7.59436 -0.476316
5.31091 3.19127
5.24294 3.14362
5.03913 -1.39845
5.04228 -1.40692
5.14575 -1.63692
5.11959 -1.58231
6.49398 3.04013
6.54373 3.00714
4.62119 1.24861
4.62393 1.29513
6.18452 -2.00323
6.20161 -1.99494
5.9387 -2.09705
5.94829 -2.0947
5.70559 -2.12203
5.79405 -2.12266
4.80212 -0.647444
4.77843 -0.553378
4.85501 -0.849347
4.85264 -0.840698
4.6446 0.229557
4.64448 0.230677
4.61217 0.731115
4.61101 0.784408
4.72924 2.0941
4.73673 2.12797
6.14492 3.21853
6.21721 3.18799
5.95325 3.27602
5.96798 3.27333
6.84152 2.77184
6.87725 2.73763
6.61565 2.95645
6.40018 -1.88096
6.30896 -1.93639
6.57414 -1.75861
6.59913 -1.74071
6.80131 -1.57191
6.71907 -1.64331
7.24375 -1.08491
7.27573 -1.04133
7.28773 -1.02459
7.29269 -1.01749
7.80831 0.503784
7.80709 0.458455
4.94315 -1.13519
4.94469 -1.14019
4.75435 -0.44264
4.77597 -0.542719
6.98107 -1.39572
7.0142 -1.36165
7.03528 2.57524
6.98041 2.63443
7.8079 0.660953
7.80774 0.675678
7.70907 -0.150786
7.65114 -0.33067
6.03472 -2.06572
6.09718 -2.04308
5.52162 -2.07265
5.56519 -2.09163
5.69723 -2.12223
7.03934 -1.33384
7.05258 -1.31932
6.25813 3.17111
6.36522 3.11737
7.77015 1.04018
7.74757 1.16111
7.37256 2.11474
7.33603 2.17512
7.28922 2.24647
7.33082 2.18345
7.20087 2.37147
7.2191 2.34673
7.65579 1.49536
7.67123 1.44865
7.63613 -0.371114
7.55607 -0.56184
7.55174 -0.571481
6.58516 2.97895
6.48697 3.04484
4.66143 1.69147
4.66006 1.68009
4.63614 1.45585
4.63344 1.42344
5.99432 -2.08126
5.82998 -2.11674
5.89318 -2.10835
4.84546 -0.814524
4.83222 -0.765431
4.85973 -0.866439
5.01506 2.88498
5.0186 2.89129
6.03068 3.25763
6.04763 3.25175
6.10725 3.23185
6.24136 3.17823
6.36805 3.11599
6.3949 3.10068
6.42814 3.08108
6.77358 2.83105
6.30187 -1.94083
6.41932 -1.86789
6.90379 -1.47531
4.61163 0.965784
4.61094 0.913337
4.61927 1.21534
4.61729 1.16733
4.89859 -0.994729
4.91347 -1.04288
5.21776 -1.76578
5.23127 -1.78593
4.63323 0.35306
4.62712 0.437109
4.65884 0.10828
4.65208 0.160746
4.6129 0.706876
4.61504 0.654041
4.82949 2.4727
4.83321 2.48481
4.78336 2.31907
4.79684 2.36651
7.05131 2.55689
7.10129 2.49852
7.20009 -1.14181
7.23518 -1.09695
7.7818 0.964015
7.77691 0.998012
7.79605 0.846242
7.79463 0.862141
4.61415 1.04033
4.65014 1.59537
4.65435 1.63301
4.63924 1.4876
4.62253 0.523618
7.5152 1.84558
7.53366 1.80625
4.92644 2.72077
4.92212 2.71058
5.76658 3.30285
5.7861 3.30181
6.89804 -1.48087
4.62665 1.33621
4.62834 1.35929
4.88463 -0.948941
5.28716 -1.86783
5.31039 -1.89549
5.18332 -1.70514
5.16776 -1.67721
4.62417 0.477894
4.638 0.299912
4.64545 0.221574
4.65124 0.168367
4.61179 0.98798
4.61051 0.860236
4.61045 0.838898
5.8709 3.29199
5.83047 3.29726
4.73233 -0.339181
4.74466 -0.398046
5.06587 2.95769
5.11648 3.02356
4.70139 -0.176979
4.71585 -0.2549
5.3965 -1.98733
5.39126 -1.98251
5.25029 -1.81481
5.26838 -1.84058
4.71603 2.02747
4.71049 2.00061
4.88713 2.63126
4.88631 2.62914
5.69912 3.30335
5.66297 3.30197
6.49931 -1.81382
6.52366 -1.79572
4.66859 1.74426
6.252 -1.96803
6.26001 -1.96346
5.41011 3.24262
5.59413 3.29395
5.15704 3.06649
5.11926 3.02658
7.79911 0.337862
7.77549 0.145446
5.04833 -1.4223
5.0799 -1.49514
4.69582 1.92179
4.67765 1.80843
7.48809 -0.698743
7.54831 -0.578642
4.76328 2.24411
4.77987 2.30733
6.81061 -1.56334
6.89387 -1.48488
7.33806 -0.949615
7.42882 -0.805271
7.41206 2.04595
7.47039 1.93717
7.24554 2.30964
7.2766 2.26517
7.62738 1.57918
7.58934 1.67785
7.7281 1.24514
7.69896 1.35612
7.76484 0.0856114
7.72414 -0.0951264
5.21296 3.11948
5.34483 3.21072
5.61141 3.2975
7.80458 0.411513
5.00798 -1.31699
5.102 -1.54299
5.1624 -1.66786
4.70232 1.95656
4.77669 -0.545916
4.81318 -0.691018
5.19828 -1.7315
4.85595 2.55064
4.8514 2.5395
4.88137 2.61646
4.74152 2.15117
4.72327 2.06429
7.43977 -0.786468
6.00459 3.2647
5.90005 3.287
6.69979 -1.66006
6.6237 -1.72094
6.54907 -1.77738
7.28511 -1.02834
7.43479 -0.795033
7.80923 0.565927
7.5596 1.74783
7.57458 1.71291
5.35807 -1.95154
5.35388 -1.94658
4.80545 2.39528
4.81438 2.42568
7.04267 2.56699
6.93204 2.6844
7.80556 0.722226
7.80267 0.774283
7.78922 0.904944
7.78408 0.949053
4.69316 -0.129511
7.14976 -1.20567
7.15404 2.43362
7.14685 2.4427
7.77281 1.02407
7.74702 1.16376
7.15827 2.42814
7.48736 1.90339
7.3804 2.1015
7.33183 2.18187
7.68249 1.41171
7.64115 1.53885
7.79918 0.815079
4.84551 2.52273
6.91526 2.70105
4.64778 1.57424
4.65822 1.66614
5.50844 -2.06637
5.50453 -2.06386
5.81865 3.29896
5.75862 3.30286
5.51186 -2.06839
5.35922 -1.95281
5.0219 2.89647
4.676 1.79753
5.62038 3.29859
6.21188 -1.9894
4.96847 -1.2096
4.63037 1.38582
7.09282 -1.27356
4.66432 0.0674217
4.64164 0.262703
6.37022 3.11487
4.92169 -1.06944
6.48108 3.04876
4.82774 -0.748861
4.95001 -1.15625
