5.91862 1.3076
5.88145 1.26022
6.65394 0.99412
6.60849 1.08986
5.83504 1.17077
5.82471 1.14751
5.95192 0.0023415
5.94909 0.00637086
6.13787 -0.122567
6.05131 -0.0851014
6.18906 -0.130467
6.26216 -0.130257
6.46878 -0.0195399
6.49524 0.00563284
5.84893 0.176123
5.86301 0.143652
6.66089 0.970692
6.65763 0.983818
6.71307 0.672738
6.71306 0.673404
6.59607 0.145601
6.61789 0.188448
5.78207 0.371204
5.78183 0.372292
6.14812 1.43823
6.10469 1.4361
6.34507 1.39561
6.26476 1.42732
6.46783 1.29834
6.48158 1.28642
6.68919 0.40039
6.6941 0.425547
6.0003 1.39087
6.70237 0.782446
6.69601 0.822531
6.49031 1.27682
6.55243 1.19131
6.65615 0.988581
6.65674 0.986967
6.58138 1.14078
5.77924 1.00861
5.77649 1.00026
6.00467 1.39313
5.78519 1.02948
6.21858 1.44063
6.3877 1.36641
5.74833 0.772654
5.75639 0.8652
5.75105 0.601387
5.75421 0.552671
5.75833 0.888369
5.76548 0.935581
5.74678 0.651716
5.74653 0.663995
6.03081 -0.0684105
5.95358 0.000131496
6.36536 -0.0957842
6.37511 -0.0915201
5.81371 0.272603
5.83695 0.205539
6.65786 0.283162
6.6616 0.294892
5.89693 0.0871751
6.15415 -0.128754
6.54676 0.0712159
5.78253 0.369302
6.57555 0.110081
6.6414 0.241949
5.76426 0.478634
6.71022 0.527859
6.71207 0.551926
6.71322 0.571133
5.85478 1.21236
5.77142 0.973643
5.76108 0.498878
5.74686 0.729378
5.75704 0.523492
5.75549 0.538733
5.81013 1.10872
5.74627 0.677434
