7.68148 -0.269264
7.70045 -0.210342
5.50934 3.29329
5.45057 3.2754
5.10559 3.03326
5.11519 3.04473
7.79242 0.201964
7.80257 0.283181
4.60613 1.1117
4.60538 1.09642
4.9721 -1.25133
4.9648 -1.23163
4.63306 1.51901
4.63645 1.55172
4.67708 1.87011
4.67749 1.87256
5.59994 -2.12476
5.63681 -2.13159
5.43091 -2.0402
5.40848 -2.02169
4.60858 0.598947
4.60941 0.578504
4.93017 2.75824
4.95882 2.81463
7.12874 -1.24575
7.13399 -1.23963
4.68047 -0.107714
4.66669 -0.0158861
7.50446 -0.68589
7.49928 -0.69595
6.33721 3.14477
6.37172 3.12685
4.75361 2.24842
4.76585 2.29821
5.76501 3.31793
5.71377 3.31884
6.67874 2.92118
6.73464 2.87715
6.86264 -1.52717
6.83387 -1.55481
7.3931 -0.880184
7.37152 -0.914667
7.45604 1.98319
7.43638 2.01986
7.62746 1.60262
7.60448 1.66247
7.71532 1.32748
7.73104 1.2679
7.74638 -0.0414062
7.76079 0.0226764
7.61492 -0.448388
7.60101 -0.482541
5.30978 3.20979
5.2284 3.15275
5.02342 -1.38868
5.03215 -1.41213
5.14628 -1.66724
5.10836 -1.58808
6.50724 3.0439
6.55055 3.01517
4.61156 1.24263
4.61465 1.29509
4.66733 1.80332
4.66801 1.80838
6.16152 -2.02891
6.19915 -2.01067
5.72561 -2.14041
5.7912 -2.14087
4.7934 -0.652377
4.77634 -0.584603
4.84644 -0.854195
4.84076 -0.833406
5.21108 -1.78233
5.21254 -1.78493
4.63619 0.224687
4.63492 0.236543
4.60321 0.725919
4.60193 0.784556
4.72 2.09986
4.72619 2.12786
6.14652 3.23125
6.23529 3.19374
5.97275 3.28633
5.97418 3.28607
6.92449 2.7056
6.84483 2.78187
6.62815 2.95999
6.39852 -1.89561
6.32016 -1.94322
6.58423 -1.76476
6.59747 -1.75527
6.79967 -1.5864
6.72791 -1.6487
6.92512 -1.46711
6.90653 -1.48605
7.25594 -1.08312
7.29372 -1.03164
7.81683 0.506979
7.81538 0.453244
4.93389 -1.13995
4.93763 -1.15215
4.74596 -0.447391
4.76511 -0.536056
6.98947 -1.40084
7.00981 -1.37992
7.02723 2.59786
6.99064 2.63733
7.81647 0.642727
7.81616 0.670381
7.71613 -0.157394
7.66093 -0.328717
6.04678 -2.07679
6.09462 -2.05944
5.69427 -2.14115
7.04297 -1.34324
7.06042 -1.3241
6.37978 3.122
6.2597 3.18367
7.77725 1.0472
7.75709 1.15513
7.37808 2.12216
7.3407 2.18392
7.29493 2.25416
7.32356 2.21079
7.20641 2.37893
7.22976 2.34725
7.66496 1.4945
7.67793 1.45527
7.64286 -0.377414
7.57192 -0.547508
7.5621 -0.569415
6.58662 2.99063
6.49383 3.0529
4.65266 1.69657
4.65066 1.68004
4.62729 1.46101
4.62415 1.4234
5.9917 -2.09797
5.92888 -2.11638
5.94089 -2.11312
5.84637 -2.13177
5.89043 -2.12593
5.56478 -2.11226
5.55106 -2.10742
4.82351 -0.770497
4.82014 -0.758019
4.8578 -0.895275
4.99271 2.87292
5.0071 2.89851
6.03229 3.27045
6.06774 3.25814
6.11602 3.24203
6.2497 3.18792
6.43522 3.08931
5.61461 3.31343
5.62734 3.31452
6.78477 2.83423
6.30018 -1.95573
6.42978 -1.87427
6.90206 -1.49057
4.60258 0.971052
4.60182 0.913348
4.61029 1.22056
4.60809 1.16734
4.88544 -0.986554
4.90431 -1.04759
4.62461 0.348058
4.61771 0.44289
4.65046 0.103536
4.64307 0.160908
4.60361 0.712582
4.60598 0.654188
4.81483 2.46358
4.82146 2.48514
4.76919 2.31025
4.78527 2.36684
7.08187 2.53532
7.11102 2.50128
6.92599 2.70409
6.92872 2.7013
7.21297 -1.13992
7.24111 -1.10394
7.7913 0.958041
7.78936 0.971532
7.80486 0.840704
7.80268 0.86516
4.60527 1.04034
4.63997 1.58906
4.64546 1.63818
4.62987 1.48755
4.61371 0.523761
7.52516 1.84464
7.53949 1.8141
4.91581 2.72744
4.90467 2.70116
4.61771 1.34141
4.61902 1.35924
4.87551 -0.953976
5.2837 -1.88993
5.28734 -1.89426
5.17087 -1.71154
5.15124 -1.67632
4.61554 0.47289
4.62839 0.305812
4.60266 0.982689
4.60134 0.854924
4.60131 0.844509
5.87003 3.30626
5.83694 3.31057
4.72386 -0.343976
4.73379 -0.391373
5.08233 3.00248
5.04773 2.95745
4.69887 -0.21447
4.70516 -0.248339
5.39316 -2.00868
5.37421 -1.99127
5.23657 -1.82186
5.24898 -1.83954
4.70419 2.02012
4.70015 2.00051
4.87672 2.63779
4.86991 2.62028
5.68 3.31796
5.66204 3.31728
6.49766 -1.82838
6.53351 -1.80173
4.65911 1.74421
6.25027 -1.98329
6.2696 -1.97226
5.40905 3.25992
5.60141 3.31179
5.14371 3.07485
5.10027 3.02632
7.80706 0.33042
7.78469 0.1489
5.0489 -1.4547
5.06888 -1.50081
4.68651 1.9272
4.67386 1.84935
7.44726 -0.79113
7.55429 -0.585687
4.75078 2.23634
4.76842 2.30766
6.81909 -1.56851
7.34397 -0.956577
7.44033 -0.803578
7.41766 2.05348
7.47983 1.93762
7.25117 2.31721
7.28716 2.26568
7.63659 1.57831
7.59277 1.69176
7.73671 1.24433
7.7057 1.36279
7.77221 0.0787164
7.73349 -0.0932604
5.21175 3.13934
5.32886 3.22074
5.61046 3.31316
7.81332 0.414794
4.99797 -1.32213
5.08287 -1.53109
5.15004 -1.67422
4.69064 1.94931
4.76838 -0.550617
4.80137 -0.683772
5.21428 -1.78802
5.18169 -1.73062
4.7322 2.15698
4.71285 2.06418
7.44161 -0.801381
5.97773 3.28524
5.90639 3.30003
6.69815 -1.67457
6.63305 -1.72664
6.57094 -1.77471
7.29719 -1.02657
7.44103 -0.802382
7.81762 0.560652
7.56933 1.74692
7.58114 1.7194
5.34258 -1.9595
5.29415 -1.90226
4.79111 2.38636
4.80276 2.42601
7.0524 2.56975
7.81207 0.757796
7.81099 0.777404
7.79838 0.899188
7.79221 0.952103
4.68495 -0.134157
7.14477 -1.22646
4.83974 2.54154
4.84115 2.54592
4.84339 2.55214
7.15738 2.44374
7.13759 2.46873
7.78201 1.01829
7.75387 1.17053
7.16903 2.42866
7.49313 1.91115
7.39003 2.10196
7.33734 2.18928
7.69146 1.41087
7.64782 1.54544
7.80967 0.79277
4.6389 1.57942
4.64798 1.65979
5.48819 -2.07678
5.46477 -2.06173
5.81777 3.31334
5.76592 3.31788
5.50866 -2.08886
5.35587 -1.97427
4.64239 0.166702
5.0205 2.91952
6.22177 -1.99847
4.96121 -1.22193
4.62059 1.37975
7.11348 -1.26376
4.65706 0.0543137
4.63259 0.26285
4.91472 -1.08125
6.48254 3.06042
5.5465 -2.10537
4.819 -0.753808
5.95225 -2.10949
4.95062 -1.19135
