7.04416 -0.61713
7.07263 -0.573554
7.40759 0.631187
7.40892 0.594018
5.06006 1.30778
5.06183 1.32319
6.61611 2.33323
6.66439 2.29358
6.28342 -1.27942
6.22316 -1.29872
6.63844 -1.06689
6.70596 -1.01094
7.14529 1.6697
7.16455 1.6318
5.71944 -1.24674
5.74333 -1.25998
7.20718 -0.32503
7.18311 -0.375561
7.36521 0.15215
7.3422 0.0514373
5.03018 0.776515
5.03127 0.711595
5.07175 0.215234
5.06072 0.300852
6.05076 2.60058
5.96497 2.608
6.3916 2.48367
6.36976 2.49457
6.17623 2.57358
6.08153 2.59576
6.96792 -0.725055
6.9383 -0.762888
7.23794 1.46744
7.22399 1.50096
5.03288 0.977245
5.04186 1.10921
5.1907 -0.352943
5.21179 -0.420178
5.27949 -0.614866
5.28508 -0.628212
5.35944 -0.797931
5.35846 -0.796027
5.45513 -0.967446
5.47015 -0.988647
5.5757 -1.12322
5.53641 -1.08002
5.09792 1.54953
5.09505 1.53333
5.14908 1.76613
5.17044 1.83886
5.53129 2.45541
5.55984 2.47888
6.09065 -1.32915
6.06754 -1.3305
5.90433 -1.32212
5.94864 -1.32719
5.2132 1.96553
5.19664 1.92116
5.29299 2.14598
5.30613 2.16894
5.39632 2.31121
5.37164 2.27776
6.7432 -0.975595
6.79656 -0.923291
7.08452 1.78072
7.04654 1.84255
7.30349 -0.0813492
7.27196 -0.171066
5.04466 0.460027
5.03656 0.576802
5.72539 2.56884
5.75879 2.58066
7.38954 0.296759
7.4001 0.391175
6.47968 -1.18088
6.44153 -1.20262
6.88644 2.06503
6.89296 2.05733
5.18167 -0.320772
5.17701 -0.303367
7.30332 1.28552
7.32454 1.21183
7.36759 1.02863
7.36426 1.04722
7.38362 0.932302
7.38192 0.945257
6.58683 2.35718
6.50692 2.41405
6.96062 1.96823
6.94531 1.98946
7.39036 0.884091
7.38741 0.9088
5.22539 -0.461976
5.21688 -0.436001
5.13887 -0.151665
5.13386 -0.130202
5.03251 0.970855
5.03125 0.907052
6.74226 2.22146
6.76123 2.20332
7.348 1.11928
7.35368 1.09719
6.83643 2.12249
7.3021 1.28966
7.27568 1.36843
5.15558 -0.219145
5.16412 -0.252901
5.1165 -0.0511993
5.11981 -0.0668816
6.81234 2.14893
6.77753 2.18612
6.33741 2.51086
6.31427 2.52137
5.03264 0.973569
7.40058 0.792794
7.4018 0.779095
5.14878 -0.191949
7.12839 1.70199
7.10558 1.74457
5.09927 0.0420057
5.09595 0.059732
6.28341 2.53545
6.22496 2.55642
7.00783 -0.670513
7.10826 -0.515287
7.40776 0.547769
7.40649 0.690847
7.3756 0.980466
7.36962 1.01916
5.40586 -0.883472
5.44632 -0.954245
5.12141 1.65919
5.1076 1.59746
6.67362 2.28584
6.59147 2.35344
5.45826 2.38706
5.46437 2.39379
6.18631 -1.31067
6.33157 -1.258
5.25107 2.05706
5.22652 1.99803
6.584 -1.11028
6.72087 -0.997141
7.17823 1.60364
7.13564 1.68836
5.81193 -1.29423
5.64993 -1.19472
7.22962 -0.275332
7.14443 -0.451166
7.36904 0.170715
7.33825 0.0365477
5.03129 0.710571
5.03018 0.776773
5.07995 0.158461
5.0566 0.336716
5.85227 2.60176
5.86108 2.60322
5.87951 2.6041
6.07003 2.59844
6.90097 -0.808029
7.13303 -0.472339
7.20219 1.55206
7.25793 1.41638
5.65763 2.53972
5.61647 2.51614
7.4058 0.713333
5.27305 -0.598757
5.24448 -0.51816
5.31946 -0.708828
5.36053 -0.799955
5.51178 -1.04734
5.62846 -1.17725
5.07868 1.43713
5.12748 1.68309
5.18002 1.87098
5.07163 1.38871
5.44644 2.37262
5.99666 -1.33291
6.10126 -1.32704
6.38195 -1.23564
5.86501 -1.31121
5.28205 2.12495
5.34165 2.23053
6.86793 -0.846804
6.83447 -0.884361
6.55066 -1.13337
7.02595 1.87415
7.10237 1.75032
7.13805 -0.463325
7.24405 -0.241757
7.30969 -0.0623467
7.26005 -0.201802
7.38508 0.265666
5.10753 -0.00357263
5.03328 0.646395
5.0463 0.440268
5.03611 0.585259
5.05139 0.385358
5.08999 0.0955086
7.40356 0.43121
7.33728 1.1618
7.34427 1.13609
7.4073 0.497039
7.32927 1.19503
7.30233 1.28892
7.35759 1.07672
6.72893 2.23425
6.50079 2.41841
6.90592 2.04126
6.99522 1.92003
6.89616 2.05358
7.2717 1.38051
7.39843 0.813837
7.39226 0.869817
5.2373 -0.497136
5.03006 0.842009
5.03006 0.841847
5.04895 1.20669
5.03017 0.777025
6.4537 2.44697
6.42383 2.46525
5.04376 1.13811
5.13071 -0.116459
5.03122 0.906393
6.47649 2.43343
