7.69388 -0.280872
7.7177 -0.206901
5.50757 3.32242
5.41872 3.29538
5.08324 3.04728
5.11287 3.0827
7.8062 0.189056
7.81872 0.289243
4.61509 1.50785
4.61962 1.55164
4.59271 0.589747
4.59276 0.588733
4.92686 2.8042
4.9386 2.82731
4.66239 -0.0966122
4.65156 -0.0244483
7.52341 -0.68211
7.50987 -0.708427
6.37436 3.1479
6.26681 3.20376
4.74605 2.29586
4.73452 2.24896
5.72867 3.34571
5.71212 3.346
6.68496 2.94003
6.72289 2.91016
6.87819 -1.53666
6.86299 -1.55126
7.40402 -0.893049
7.39241 -0.911597
7.46627 1.99695
7.45355 2.02069
7.30514 2.2679
7.30195 2.27263
7.6338 1.62833
7.6213 1.66089
7.73114 1.32599
7.74328 1.28
7.75936 -0.0535589
7.77725 0.0259591
7.63291 -0.444798
7.61298 -0.493746
5.30778 3.24265
5.34999 3.26314
5.16188 3.12989
5.20276 3.16884
4.99515 -1.3711
5.01391 -1.4215
5.11636 -1.65736
5.08815 -1.59847
6.53111 3.05067
6.56284 3.02963
4.59423 1.23187
4.59794 1.29501
4.64868 1.79173
4.6509 1.80831
6.12013 -2.07515
6.19472 -2.03899
5.76165 -2.17348
5.78608 -2.17365
5.56605 -2.15028
5.5837 -2.15715
4.77772 -0.661257
4.77257 -0.640807
4.83103 -0.862921
4.81938 -0.820281
5.16102 -1.74518
5.18247 -1.78332
4.62107 0.215921
4.61773 0.247102
4.70336 2.11022
4.70722 2.12767
6.24945 3.21186
6.14939 3.25414
6.91166 2.74166
6.85079 2.79994
6.65063 2.96637
6.39552 -1.92197
6.34033 -1.95551
6.7967 -1.61249
6.74382 -1.6584
7.00248 -1.41211
6.92113 -1.49494
7.27788 -1.07989
7.30421 -1.04401
7.83216 0.51273
7.83031 0.443864
4.58574 0.913367
4.58566 0.909333
4.58951 1.10566
4.59158 1.16736
4.91721 -1.14852
4.92494 -1.17369
4.73085 -0.455942
4.74557 -0.524063
5.27746 -1.92982
5.26053 -1.90561
4.59193 0.60632
4.58977 0.654452
7.01274 2.6386
7.00906 2.64256
7.14607 -1.25073
7.14203 -1.25575
7.80769 0.947742
7.81044 0.926715
4.68856 -0.248039
4.68654 -0.236912
7.8319 0.609921
7.83133 0.660846
7.72883 -0.169288
7.67856 -0.3252
6.06848 -2.0967
6.09002 -2.08889
5.62105 -2.1639
5.68894 -2.1752
7.0495 -1.36018
7.07454 -1.3327
6.40438 3.12982
6.2625 3.20603
7.12594 2.50911
7.12835 2.5062
7.79001 1.05982
7.77423 1.14436
7.388 2.13551
7.35819 2.18476
7.21638 2.39235
7.24894 2.34817
7.68147 1.49295
7.68998 1.46719
7.65498 -0.388754
7.60046 -0.521711
7.58074 -0.565697
6.58926 3.01165
6.50617 3.06742
4.63686 1.70577
4.63374 1.67997
4.61135 1.47028
4.60743 1.42332
5.987 -2.12804
5.89389 -2.15548
5.93605 -2.14402
5.87586 -2.15884
5.88549 -2.15756
5.59438 -2.16027
5.5255 -2.13597
4.85431 -0.94718
4.9525 2.8512
4.98639 2.91151
5.93134 3.32069
5.9905 3.30563
6.03518 3.29352
6.10394 3.26965
6.13179 3.26036
6.44797 3.10412
5.62847 3.34193
5.66037 3.34466
6.8049 2.83994
6.29713 -1.98256
6.44861 -1.88574
6.89902 -1.51732
7.00447 -1.40998
4.58656 0.980376
4.58653 0.976866
4.58946 1.10386
4.59412 1.22998
4.5926 1.19332
4.86178 -0.97184
4.88783 -1.05607
4.60907 0.339054
4.60077 0.453297
4.63537 0.0949966
4.62994 0.137192
4.78845 2.44716
4.8003 2.48574
4.76445 2.36744
4.7616 2.3574
6.94404 2.70921
7.00284 2.64898
7.23617 -1.13651
7.25179 -1.11653
7.82072 0.830736
7.81717 0.870594
4.58927 1.04036
4.5894 1.102
4.95172 -1.2541
4.94824 -1.24394
4.62899 1.64325
4.62946 1.64749
4.61302 1.48748
4.80354 -0.762559
4.78661 -0.696525
5.41226 -2.06778
5.42495 -2.0783
4.59784 0.524019
7.54308 1.84296
7.54999 1.82823
4.89668 2.73944
4.87325 2.6842
4.60163 1.35077
4.60224 1.35917
4.65883 1.86379
4.66004 1.87248
5.495 -2.12131
5.48562 -2.11551
4.8591 -0.963038
5.34412 -2.00674
5.34042 -2.00243
5.14846 -1.72306
5.14114 -1.70993
4.6 0.463882
4.6111 0.316433
5.86847 3.33194
5.84859 3.33453
4.70862 -0.352607
4.71422 -0.379363
5.21188 -1.83455
5.21407 -1.83768
4.68288 2.00689
4.68153 2.00032
4.85797 2.64955
4.84039 2.60434
6.49468 -1.8546
6.55125 -1.81255
5.01315 2.95347
5.01621 2.95831
4.64206 1.74413
6.24715 -2.01076
6.28687 -1.98811
4.58522 0.84558
4.58578 0.788793
5.40715 3.29107
5.56581 3.33412
5.1197 3.08992
5.06679 3.02588
7.82137 0.317025
7.80127 0.155116
5.04992 -1.51301
5.0491 -1.51098
4.6698 1.93695
4.67038 1.94025
7.45996 -0.799743
7.56505 -0.598368
4.72829 2.22234
4.74899 2.30821
6.83434 -1.57781
7.3546 -0.969108
7.43072 -0.849743
7.42773 2.06704
7.49682 1.93844
7.26129 2.33084
7.30602 2.26658
7.65317 1.57675
7.59894 1.7168
7.75221 1.24287
7.71785 1.3748
7.82687 0.756198
7.82613 0.77293
7.78547 0.0663053
7.75033 -0.0899016
5.2096 3.17453
5.30073 3.23839
5.60878 3.34062
7.82907 0.420699
5.04866 -1.50982
4.97996 -1.33139
5.1291 -1.68498
4.75344 -0.559079
4.78012 -0.67073
5.20794 -1.82857
5.15184 -1.72902
4.66975 1.93665
4.71543 2.16743
4.6941 2.06399
7.45148 -0.814688
5.9178 3.32349
6.69518 -1.70068
6.64989 -1.73691
6.60863 -1.77011
7.31827 -1.02347
7.83272 0.551158
7.58684 1.74527
7.59293 1.73106
5.22135 -1.84824
5.31469 -1.97383
4.76531 2.3703
4.78185 2.4266
7.06991 2.57472
7.81486 0.888828
7.8065 0.957465
4.67018 -0.142521
4.69446 -0.280227
4.813 2.5249
4.82334 2.55702
4.83975 2.60271
7.1634 2.46197
7.12118 2.51484
7.79857 1.00788
7.76619 1.18272
7.18839 2.42959
7.50351 1.92512
7.40735 2.1028
7.34711 2.20244
7.70762 1.40935
7.65981 1.55731
4.58523 0.854151
4.94511 -1.23454
4.58733 0.716713
4.58713 0.722704
7.13606 -1.26276
7.82553 0.782858
4.62956 1.64835
4.62303 1.58865
5.45174 -2.09551
5.40153 -2.05836
5.81619 3.33921
5.77792 3.34256
4.6697 1.9363
5.50287 -2.12584
5.3498 -2.01306
4.6252 0.177258
5.01797 2.96095
5.37679 -2.03798
5.68552 3.34531
6.23956 -2.0148
4.60298 1.36882
4.644 0.0307192
4.61632 0.263115
4.58585 0.784818
4.58591 0.780932
6.59452 -1.78131
7.16464 -1.22727
4.5865 0.973319
4.5916 1.16794
4.90219 -1.10252
4.5897 0.655869
6.48517 3.08141
4.62194 1.57786
5.97597 -2.13126
