6.37852 2.66024
6.33404 2.68204
5.54548 2.7007
5.53832 2.69621
7.47671 1.03265
7.47896 1.0214
5.03507 -0.227672
5.02572 -0.187494
5.10035 -0.481714
5.10356 -0.492294
5.03328 1.84096
5.01098 1.74783
6.66784 2.46393
6.72595 2.41336
4.91659 0.779435
4.91652 0.781426
5.37136 2.55576
5.3526 2.53511
6.06835 -1.52557
6.14572 -1.50806
5.88075 -1.52978
5.85807 -1.52448
5.09193 2.04389
5.09626 2.05561
6.9076 -0.990974
6.90675 -0.991931
5.78255 2.78494
5.7467 2.77893
7.00986 2.10123
7.0448 2.05366
6.17845 2.74576
6.16306 2.75135
7.19325 -0.599359
7.15851 -0.656704
7.51215 0.743201
7.51444 0.715017
5.16789 -0.69292
5.16311 -0.679126
5.32027 -1.04191
5.33907 -1.07776
5.2363 -0.865929
5.22391 -0.835506
5.42095 -1.20868
5.41086 -1.19281
5.54969 -1.35994
5.51916 -1.33068
4.98571 1.62203
4.99877 1.69104
4.95187 1.39423
4.96008 1.45628
4.91775 0.908253
4.91778 0.911169
5.25468 2.40062
5.24884 2.39014
5.16421 2.22904
5.17043 2.24288
6.26171 -1.47062
6.33699 -1.43639
5.70023 -1.47168
5.7441 -1.49104
6.72799 -1.16831
6.7594 -1.14061
7.24423 -0.507372
7.22382 -0.54601
7.33829 -0.307918
7.33129 -0.324798
7.43127 -0.0437382
7.43328 -0.0367385
7.48371 0.187029
7.48638 0.202359
4.93287 0.44505
4.93216 0.45333
4.96503 0.154597
4.97411 0.093291
5.95321 2.79233
5.96604 2.79053
6.45813 -1.37068
6.36126 -1.42521
6.6572 -1.22933
6.5809 -1.28756
7.03427 -0.837572
7.03927 -0.83126
7.38867 1.37187
7.40079 1.33581
7.45803 1.12334
7.45443 1.14107
7.51255 0.438077
7.51032 0.403917
7.51596 0.549101
7.51721 0.598009
5.00929 -0.110401
5.00183 -0.0719726
7.41672 1.28574
7.4148 1.29265
6.74706 2.39475
6.81602 2.32716
6.95572 2.17153
6.94067 2.18975
6.39902 2.64852
6.44242 2.62383
7.35322 1.47569
7.36206 1.45136
4.92055 1.04034
4.92053 1.04
4.91958 0.682499
4.91859 0.714252
4.92053 1.03995
6.54352 2.558
6.57345 2.5378
7.50109 0.871652
7.4957 0.916354
5.07217 -0.381239
5.06516 -0.35383
7.18333 1.83813
7.19171 1.82332
6.32437 2.68698
6.2781 2.70803
4.92053 1.03997
5.11552 -0.531355
5.12226 -0.553367
7.13833 1.91374
7.1397 1.91161
7.37226 -0.222607
7.37634 -0.212082
7.26335 -0.469996
7.28031 -0.436074
7.37264 1.4206
4.93899 1.27773
4.93073 1.17702
5.04695 -0.279127
5.03971 -0.248396
5.08641 -0.434268
4.94288 0.337149
4.9443 0.322739
4.92352 0.586331
4.92363 0.583836
7.2576 1.69544
7.27257 1.66485
6.38907 2.65443
4.91657 0.777481
7.20737 1.7942
7.22734 1.75645
7.33022 1.53369
5.44744 2.63042
5.58952 2.72215
7.51617 0.63282
7.51522 0.694854
7.48448 0.984478
7.47298 1.05435
5.02322 -0.176198
5.27668 -0.954809
5.30135 -1.00419
5.48153 -1.2864
5.42808 -1.2193
5.00745 1.73282
5.04948 1.90106
6.65993 2.47062
6.74441 2.39715
5.30985 2.48018
5.4265 2.61029
6.16435 -1.50405
6.01703 -1.53016
5.78953 -1.50917
5.904 -1.53149
5.12675 2.13739
5.0859 2.02602
7.08357 -0.769085
7.09911 -0.747746
6.90844 -0.98999
6.83491 -1.06665
7.29416 -0.407093
7.3162 -0.359165
7.46108 0.0727036
7.46276 0.0799745
4.94936 0.275785
4.9541 0.236164
5.65482 2.75268
5.84954 2.79244
6.55705 -1.30539
6.47571 -1.35921
7.07761 2.00641
6.99404 2.12255
6.15947 2.75224
6.27037 2.71157
7.13184 -0.698554
7.21868 -0.555262
7.28182 1.64502
7.3064 1.58983
5.64486 2.74915
5.44198 2.62563
7.50957 0.787165
5.13096 -0.580845
5.15995 -0.669722
5.1996 -0.775014
5.36853 -1.12644
5.2523 -0.903817
5.61207 -1.41532
4.96741 1.50902
4.98205 1.60007
5.06205 1.94719
4.94297 1.31526
5.26005 2.40935
5.20749 2.31606
5.15956 2.21771
5.97377 -1.53455
6.25877 -1.4716
6.36037 -1.42571
5.63022 -1.42775
6.77673 -1.12481
6.97417 -0.911566
6.67851 -1.21129
7.25278 -0.491217
7.35432 -0.268562
7.39444 -0.162247
7.39905 -0.148863
7.50005 0.299507
4.9991 -0.0573334
4.98957 -0.00283966
4.92072 0.649057
4.92682 0.523161
4.92743 0.513663
4.93786 0.388043
4.98342 0.0349535
6.05779 2.77717
5.94224 2.79278
7.50374 0.331466
6.49982 2.5879
6.51283 2.57922
7.04536 -0.823262
7.44805 1.16589
7.46386 1.09948
7.51534 0.501021
7.41433 1.29434
7.4358 1.21621
7.46731 1.08076
7.4911 0.947367
6.83498 2.3081
6.58653 2.52766
6.88397 2.25481
6.93282 2.1989
7.09344 1.98341
6.48762 2.59622
7.50892 0.794239
7.50787 0.805364
7.14482 1.90324
7.24456 1.72168
7.233 1.74543
7.31889 1.56196
7.1773 1.84846
7.44059 1.19865
6.45126 2.61855
