6.03613 -2.73327
6.03061 -2.73742
4.57418 -1.43258
4.5638 -1.38637
8.0414 -0.302133
8.05748 -0.249602
4.66359 -1.80469
4.6691 -1.82544
4.24083 1.35827
4.23714 1.31075
4.2305 0.850284
4.22972 0.807071
6.85171 3.30534
6.81963 3.33186
4.35433 -0.437255
4.371 -0.52714
4.29642 2.05991
4.29875 2.08034
4.86202 -2.59999
4.8549 -2.5673
4.28278 0.0110298
4.28128 0.0231433
4.25749 0.255666
4.25648 0.266324
7.82938 -0.831014
7.85942 -0.770151
5.34499 -3.14448
5.32138 -3.15125
6.38989 3.64174
6.43298 3.61566
7.83553 2.00259
7.86598 1.93454
4.36569 2.5341
4.36061 2.50281
5.0365 3.85789
5.042 3.8609
4.83663 -2.4971
4.83696 -2.49813
7.13988 3.03335
7.21366 2.95592
8.11813 1.09144
8.10211 1.18063
5.26463 -3.1689
5.24002 -3.17234
7.45092 2.66314
7.47689 2.62827
4.6131 3.39446
4.63035 3.42815
4.71671 3.56995
4.74264 3.60645
5.52423 -3.06067
5.55 -3.04502
8.01078 1.54871
7.98185 1.63591
8.16711 0.575176
8.16441 0.669124
4.89217 -2.70698
4.91034 -2.76892
5.11387 -3.15245
5.09924 -3.14276
5.03868 -3.07967
5.05374 -3.09541
4.97763 -2.96486
4.98211 -2.97272
4.91816 -2.79663
4.93764 -2.85341
4.69307 -1.91867
4.70704 -1.97905
4.63357 -1.67728
4.61726 -1.60957
6.64657 3.46901
6.60585 3.49822
6.00246 3.83362
6.02009 3.82662
5.65566 3.93453
5.76712 3.91067
6.25501 3.71769
6.26634 3.71205
4.44657 2.92325
4.44616 2.92144
7.08537 3.08973
7.27327 2.88773
7.21859 2.95058
7.63654 -1.16703
7.65445 -1.13923
7.53522 -1.31621
7.55234 -1.29198
7.01383 -1.91962
7.06886 -1.865
6.84957 -2.07633
6.87778 -2.05113
6.40476 -2.45426
6.40469 -2.45432
6.65896 -2.24462
6.65275 -2.2497
7.96005 -0.53858
7.93716 -0.59705
8.16493 0.42189
8.16481 0.419072
5.56319 3.94601
5.65248 3.93503
7.69921 -1.06693
7.7461 -0.986765
4.5398 3.22393
4.52075 3.17092
6.95329 3.2156
6.99022 3.18094
4.31767 2.21688
4.3269 2.28015
7.1627 -1.76497
7.21253 -1.71092
6.04753 -2.72505
6.07692 -2.70362
4.55656 -1.35481
4.56126 -1.37473
4.60755 -1.57133
4.22955 0.99767
4.22941 0.977285
4.24661 1.49482
4.24611 1.48579
5.87934 3.8788
5.85234 3.88618
4.39567 -0.645701
4.37503 -0.547581
4.24127 0.478326
4.24208 0.464658
5.49221 3.95044
5.47513 3.95139
4.33322 2.31446
4.33844 2.35458
4.3235 -0.265002
4.31529 -0.214826
7.9187 1.80762
7.94934 1.72783
7.73958 2.19876
7.77458 2.13042
4.38357 2.63246
4.39783 2.70804
4.97503 3.82299
4.92274 3.78826
5.14451 3.90239
5.17297 3.91215
5.31541 3.94245
5.37035 3.94789
8.05214 1.40104
8.06885 1.33561
7.36141 2.78174
7.41116 2.71751
7.48975 2.6101
7.53878 2.53884
6.93318 -1.99827
6.97381 -1.96006
7.60787 2.43135
7.64692 2.36731
4.67682 3.50982
4.64505 3.45678
4.56387 3.28351
4.57567 3.3138
4.72456 -2.05223
4.73213 -2.07805
4.77956 -2.26485
4.78525 -2.28562
4.73854 -2.10345
4.74992 -2.14724
8.03681 1.45952
8.01961 1.51921
5.86692 -2.85015
5.87966 -2.84193
5.70894 -2.952
5.75234 -2.92521
6.52994 -2.35343
6.53177 -2.352
8.07099 -0.200992
8.00205 -0.425061
7.97985 -0.486071
6.67593 3.44639
6.71437 3.41696
6.89089 3.27096
6.92213 3.24352
5.92438 3.86335
5.99021 3.83883
6.04523 3.81633
6.09627 3.7944
5.7991 3.90145
5.65363 3.93489
4.28007 1.92095
4.28141 1.93267
4.30951 2.16153
6.21036 3.74068
6.1677 3.76066
6.49381 3.57627
6.48811 3.58023
4.42814 2.84667
4.4331 2.86821
4.44974 2.93552
7.29554 2.86244
6.7633 -2.15386
6.78092 -2.1388
7.09207 -1.84049
4.68482 3.52412
8.16095 0.726942
8.15692 0.782644
6.34171 -2.50359
6.34118 -2.50402
6.4665 -2.40453
6.46823 -2.40317
6.58751 -2.30472
6.59537 -2.29827
6.71349 -2.19703
4.64562 -1.72714
8.16467 0.416483
8.16764 0.54771
4.50714 -1.1457
4.51256 -1.16839
4.48092 -1.03456
4.48271 -1.04225
4.25373 1.61224
4.25385 1.61409
4.23646 0.578363
4.23574 0.595063
4.4656 2.99309
4.46281 2.98395
7.42521 -1.46317
7.43797 -1.44716
7.32897 -1.58038
7.35083 -1.5547
4.43112 -0.810414
4.42667 -0.789866
4.45568 -0.922726
4.45426 -0.916074
4.23074 1.08459
4.23111 1.10428
6.19776 -2.61344
6.15247 -2.64798
8.02145 -0.367281
4.87377 3.74911
4.83442 3.71228
8.14176 0.15527
8.1412 0.15122
4.4681 -0.97878
4.4682 -0.979174
4.2326 0.723281
4.23038 0.766881
7.0542 3.12055
7.02157 3.15158
6.74944 3.38958
6.78596 3.3594
4.29369 2.04192
4.28871 1.99629
4.27007 1.81294
4.26932 1.80546
5.39884 -3.1221
5.42017 -3.11344
4.81787 -2.42183
4.81634 -2.4164
8.14774 0.872564
8.1524 0.832421
8.13713 0.963775
8.14386 0.912028
4.50853 3.13676
4.49976 3.10872
5.6721 -2.97555
5.62581 -3.00293
5.64426 -2.9929
5.78353 -2.90594
8.09227 -0.118448
7.93658 -0.598462
7.93605 -0.599783
6.54302 3.54306
6.55912 3.53146
8.16759 0.558312
4.26864 1.79861
4.26387 1.74186
7.27771 -1.63944
7.24574 -1.67529
5.94082 -2.80026
5.91407 -2.81814
8.14225 0.158791
8.14924 0.221866
4.68491 -1.88939
4.23564 1.23128
4.23589 1.27808
6.3221 3.68165
6.3756 3.65025
7.31703 2.83568
7.34148 2.80657
4.54295 3.23303
4.54503 3.239
4.77616 3.64913
4.82048 3.6975
8.15589 0.288147
8.15588 0.288105
4.23676 1.29478
4.24226 1.40877
4.23028 0.786784
4.22941 0.89332
4.37394 -0.542081
4.34848 -0.405826
4.88924 -2.69889
4.87298 -2.63639
4.8378 -2.50121
4.83718 -2.49885
4.26948 0.130023
4.29716 -0.0964752
4.24838 0.371078
4.26795 0.14421
7.88511 -0.714921
7.80414 -0.880085
5.30703 -3.15756
5.36702 -3.13482
7.87866 1.90496
7.82122 2.03375
4.35908 2.4923
4.37831 2.60599
4.48755 3.0683
4.48045 3.0464
5.24273 3.92997
5.22104 3.92448
8.12574 1.0446
8.09524 1.21525
5.17555 -3.17174
5.17068 -3.17198
5.16895 -3.17176
7.30585 -1.60753
4.64241 3.45136
4.60881 3.38656
5.59113 -3.02322
5.46809 -3.09111
4.91735 -2.79305
5.16407 -3.16975
5.07182 -3.12041
5.01967 -3.04911
5.01037 -3.03192
4.99864 -3.00653
4.95895 -2.9134
4.94632 -2.88423
8.15589 0.288187
8.12137 0.0200463
8.12389 0.0338161
8.11783 0.00181559
7.76736 -0.948363
7.91136 -0.656282
7.68522 -1.09011
7.62829 -1.17985
7.58631 -1.24213
7.50349 -1.36086
6.27768 -2.55358
6.27806 -2.55326
6.27687 -2.55421
4.49392 -1.0902
4.49749 -1.10533
4.25855 1.67824
4.25566 1.64003
7.37807 -1.52163
7.39486 -1.50124
5.98525 -2.76981
5.95325 -2.79152
6.08268 -2.69967
4.52055 -1.20106
4.5341 -1.25766
4.22955 0.934167
4.2299 1.04078
4.24364 1.43396
4.24973 1.54994
4.33552 -0.331983
4.40487 -0.691355
4.24543 0.410508
4.23851 0.529867
5.4376 3.95084
5.51964 3.94885
5.39087 3.94984
4.30141 -0.125923
7.78922 2.10051
7.90874 1.83264
7.9557 1.71057
7.72612 2.22466
4.34484 2.39843
4.4122 2.7752
4.90945 3.77772
4.98105 3.827
5.05142 3.86512
5.10611 3.88903
5.2603 3.93304
8.0724 1.32048
8.03882 1.45236
7.55214 2.51886
7.59676 2.44923
7.42621 2.69784
7.4706 -1.40497
7.48298 -1.38893
7.69322 2.2852
7.64867 2.36432
4.58752 3.33869
4.79742 -2.33651
4.76785 -2.21645
4.80249 -2.35477
8.01264 1.54293
5.90442 -2.82517
5.8583 -2.85561
6.10007 3.79283
6.31 3.68823
4.42005 2.81283
4.44558 2.91908
6.40955 -2.45041
6.40483 -2.45421
6.27846 -2.55296
6.5282 -2.35486
6.64705 -2.25462
4.2588 1.68114
4.23432 0.642166
4.41875 -0.754318
4.44031 -0.852975
4.44328 -0.866655
4.46741 -0.975773
4.23247 1.14909
6.11715 -2.67352
4.23324 1.18602
4.23297 0.678174
5.38272 -3.12984
5.44954 -3.09947
6.43921 3.61163
5.45685 -3.09638
4.41299 -0.726758
6.37667 3.64962
5.00872 3.84242
7.65761 2.3487
4.7614 -2.1937
8.01181 1.54559
5.82933 -2.87465
8.09994 -0.0859283
6.12941 3.77889
4.28299 1.94576
4.82834 3.7063
4.41654 2.79614
