6.19587 -0.495824
6.26911 -0.485125
5.99644 -0.453587
5.98787 -0.448236
6.66077 -0.214489
6.67831 -0.191777
5.54429 1.02053
5.54224 1.00372
5.82242 -0.3084
5.8093 -0.293678
5.57494 0.253512
5.57912 0.235419
5.54177 0.460637
5.54417 0.438855
6.92268 0.464745
6.92532 0.493605
6.41535 -0.431614
6.51907 -0.359847
5.93317 1.75778
6.02956 1.79228
5.76526 1.61276
5.83049 1.68604
5.52675 0.787573
5.52594 0.733646
5.64152 1.39817
5.65853 1.43756
6.8792 1.00886
6.8875 0.975121
6.69152 1.42805
6.70006 1.41454
6.79728 1.23672
6.83402 1.14965
6.78393 -0.0189458
6.79431 0.000869462
5.71129 -0.139214
5.70316 -0.121987
5.63838 0.0293465
5.63124 0.0503999
6.25934 1.77786
6.21908 1.79087
6.51538 1.63066
6.53089 1.61685
6.87517 0.215215
6.88146 0.238517
6.44306 1.68604
6.41382 1.70748
6.6214 1.51987
6.58601 1.56212
6.91122 0.852724
6.90394 0.899047
6.37483 1.73098
6.32806 1.75216
6.92686 0.721642
6.92413 0.760132
5.59602 1.26655
5.58741 1.23769
5.53397 0.542921
5.53169 0.569455
6.30287 -0.478239
6.11996 -0.490508
5.90427 -0.392394
6.03345 -0.467226
5.83724 1.69164
5.92866 1.75585
6.6946 -0.167871
6.60352 -0.279058
5.53242 0.905968
5.55351 1.08207
5.76393 -0.225627
5.86134 -0.349244
6.77708 1.27902
6.76051 1.31198
6.8334 0.0889626
6.83916 0.102704
5.56765 0.287211
5.60178 0.151213
5.55051 0.389979
5.53741 0.504168
6.93114 0.604735
6.9093 0.3678
6.09366 -0.48794
6.41016 -0.434179
6.53498 -0.346993
5.89459 -0.383108
6.1326 1.80267
6.17944 1.79621
6.07704 1.79843
5.73569 1.57517
6.74221 -0.0939446
5.52969 0.866169
5.52671 0.665708
5.71834 -0.153307
5.70788 1.52993
5.6766 1.47156
6.67644 1.44968
6.74733 1.3358
6.84129 1.1307
6.84006 0.105242
5.66939 -0.0454727
5.62593 0.0669828
5.55504 0.359756
5.52935 0.605341
6.28687 1.77099
6.9035 0.335425
6.93123 0.616434
6.92984 0.660323
6.86466 1.05855
6.63849 1.50018
6.57229 1.57624
6.91757 0.812914
5.56203 1.13147
6.89679 0.935764
5.57493 1.1864
5.61919 1.33995
5.56613 1.14773
6.86923 1.04434
