6.04745 -2.74246
6.01209 -2.76906
4.57513 -1.48688
4.55409 -1.39322
8.0553 -0.289567
8.06819 -0.247466
8.17437 0.422657
8.17461 0.430826
4.23033 1.35828
4.22709 1.3166
4.22008 0.850296
4.2194 0.813073
6.85329 3.31795
6.82657 3.34004
4.34494 -0.442572
4.36305 -0.540229
4.28492 2.05979
4.28639 2.07267
4.87284 -2.71769
4.86615 -2.69023
4.84974 -2.63001
4.83847 -2.57832
4.24878 0.23994
4.2468 0.260843
7.84129 -0.828639
7.86621 -0.778149
5.38779 -3.16288
5.39104 -3.16074
5.35046 -3.18005
5.34858 -3.18059
6.43459 3.62852
6.39073 3.65506
7.84616 2.00159
7.87234 1.9431
4.36208 2.58439
4.34991 2.50948
4.80215 -2.42541
4.80318 -2.43168
7.14353 3.04441
7.21818 2.96608
8.12615 1.09937
8.11275 1.17394
5.20511 -3.22699
5.247 -3.21779
7.45857 2.66917
7.48862 2.62883
7.65485 2.37263
7.66154 2.36081
4.68926 3.56159
4.74379 3.63834
5.53068 -3.08448
5.58074 -3.05408
8.01489 1.56539
7.98911 1.6431
5.87748 -2.86265
5.85743 -2.87655
8.17736 0.553374
8.17421 0.662961
5.07066 -3.19462
5.10857 -3.21644
4.96254 -3.01845
4.95297 -2.98848
4.90253 -2.83113
4.91323 -2.86231
4.67822 -1.91418
4.69436 -1.98391
5.63733 -3.0205
5.61863 -3.03281
5.00414 -3.10605
4.99502 -3.08339
4.61441 -1.6487
4.60362 -1.60392
6.64815 3.48163
6.61311 3.50677
6.01209 3.84424
6.04031 3.83305
5.76964 3.92584
5.68141 3.94473
6.26368 3.72777
6.26804 3.72559
4.43527 2.9325
4.433 2.92239
7.09663 3.09292
7.28411 2.89081
7.23292 2.94964
7.6432 -1.17487
7.64749 -1.16822
7.54159 -1.32371
7.56536 -1.29007
7.02581 -1.92199
7.07167 -1.87647
6.86265 -2.07892
6.88065 -2.06285
6.65864 -2.25936
6.65982 -2.25831
6.41201 -2.46308
6.40436 -2.4695
4.65246 -1.8098
4.65476 -1.8195
7.96708 -0.54687
7.94724 -0.59755
5.57793 3.96079
5.55345 3.9638
7.71175 -1.06443
7.75265 -0.994491
4.51977 3.21147
4.5056 3.17202
6.95488 3.2283
7.00184 3.18424
4.30507 2.20906
4.31641 2.28669
7.16553 -1.77653
7.22085 -1.71652
4.53942 -1.32925
4.54895 -1.36964
4.5972 -1.57863
4.21938 1.00359
4.2192 0.977297
4.23663 1.50063
4.23581 1.48574
5.88181 3.89365
5.87859 3.89453
4.38605 -0.651143
4.36833 -0.566889
4.23073 0.484795
4.23192 0.464823
5.495 3.96726
5.46555 3.9689
5.38568 3.96734
5.39383 3.96754
4.3215 2.31434
4.32571 2.34667
4.27129 0.0180926
4.27135 0.017524
4.31172 -0.257769
4.30559 -0.220314
5.44075 -3.13445
5.4248 -3.14356
5.36135 -3.17527
7.92897 1.80665
7.95586 1.73661
7.75063 2.19772
7.7808 2.1388
4.36918 2.62351
4.38647 2.71512
4.95012 3.83025
4.91319 3.80571
5.03249 3.87827
5.06056 3.89069
5.11208 3.91183
5.16349 3.92946
5.36835 3.96595
5.30592 3.95977
4.81992 -2.49763
4.78574 -2.35428
8.07644 1.34311
8.04721 1.45749
7.36516 2.79311
7.42327 2.7181
7.49361 2.62179
7.5503 2.5394
6.94571 -2.00075
6.97665 -1.97167
7.61415 2.43982
7.64136 2.39519
4.59201 3.38803
4.57873 3.35885
4.65261 3.50245
4.63177 3.46766
4.54495 3.27775
4.56303 3.32415
4.7146 -2.06842
4.71703 -2.07674
4.76857 -2.28272
4.76897 -2.28421
4.7191 -2.08492
4.73495 -2.14595
5.7537 -2.94635
5.75744 -2.94404
8.07902 -0.208506
8.00965 -0.432176
7.99083 -0.483879
8.15799 0.21514
8.15909 0.225562
6.68906 3.45012
6.72147 3.42531
6.90294 3.27439
6.92895 3.25154
5.88718 3.89181
5.9925 3.85258
6.06614 3.8221
6.04752 3.8301
5.81053 3.91404
5.65621 3.9504
4.26967 1.92743
4.27025 1.93256
4.29903 2.16806
6.21207 3.75434
6.18608 3.76651
6.5013 3.58498
6.48971 3.59303
4.41264 2.83703
4.42192 2.87736
4.44881 2.98497
7.22463 2.95903
7.29923 2.87363
6.77692 -2.15656
6.78382 -2.15066
7.10357 -1.84277
4.67104 3.5354
8.17018 0.730404
8.16685 0.776402
6.59836 -2.3101
6.48091 -2.40739
6.4679 -2.41819
6.35693 -2.50661
6.34084 -2.51957
6.68446 -2.23692
6.72046 -2.20551
4.65564 -1.82376
4.632 -1.7215
8.17715 0.539548
8.1774 0.551371
4.49754 -1.15247
4.50143 -1.16876
4.47129 -1.04135
4.47159 -1.04262
4.243 1.60557
4.24355 1.61404
4.22651 0.572598
4.22553 0.595229
7.43951 -1.46107
7.44619 -1.45269
7.34375 -1.5782
7.35905 -1.56024
4.42194 -0.816893
4.41617 -0.790215
4.44646 -0.929235
4.44372 -0.916424
4.22041 1.0786
4.22088 1.10429
6.20814 -2.62186
6.13519 -2.6775
8.03215 -0.365145
4.86214 3.76501
4.83542 3.74
8.16637 0.30323
8.17394 0.413455
4.22218 0.723293
4.22026 0.761016
7.0558 3.13331
7.02828 3.15947
6.75103 3.40223
6.79853 3.36297
4.28321 2.04846
4.2775 1.99618
4.2584 1.80569
4.25836 1.80535
6.32642 3.69345
6.32501 3.69431
8.15721 0.873547
8.16099 0.840919
8.14542 0.971975
8.15405 0.905623
4.4965 3.1466
4.48499 3.10979
5.6774 -2.99513
5.76013 -2.94238
8.1033 -0.11431
6.54461 3.55575
6.5729 3.53537
5.64483 3.95233
8.1774 0.552144
4.25833 1.80504
4.25756 1.7959
7.29276 -1.63723
7.24855 -1.68681
5.94366 -2.81699
5.92666 -2.82836
4.67263 -1.8941
4.65812 -1.8354
4.22517 1.23129
4.22539 1.27199
4.25327 1.74346
4.25314 1.74175
4.78555 -2.3533
7.3248 2.8418
7.35389 2.80716
4.52762 3.23415
4.53279 3.24902
4.76161 3.66103
4.78518 3.68675
6.54204 -2.35761
6.53698 -2.36198
6.10231 3.80624
6.11496 3.80034
4.22658 1.29479
4.23158 1.40258
4.22014 0.786796
4.21914 0.887367
4.36443 -0.54746
4.33676 -0.398634
4.87567 -2.73203
4.85524 -2.64829
4.82481 -2.52551
4.8217 -2.50836
4.27189 0.0133988
4.28733 -0.102042
4.23951 0.355062
4.25828 0.138736
7.8967 -0.71261
7.81079 -0.887923
5.31297 -3.19623
7.88911 1.90398
7.82751 2.04221
4.34625 2.48432
4.36709 2.61298
4.46896 3.05674
4.46595 3.04745
5.23325 3.94728
5.24839 3.94994
8.13611 1.03808
8.10304 1.22296
5.28842 -3.2028
5.17933 -3.22826
5.11885 -3.22067
7.31407 -1.61306
4.62059 3.44472
4.59587 3.39716
5.59713 -3.04539
5.48421 -3.10968
4.8957 -2.80094
5.03625 -3.15811
5.03458 -3.15675
5.03304 -3.15461
4.93369 -2.93128
4.97812 -3.05217
4.93091 -2.92362
4.92972 -2.92087
5.64434 -3.01574
8.13216 0.0240935
8.13247 0.0257827
8.13173 0.0218571
7.77955 -0.945932
7.91827 -0.664419
7.69167 -1.0977
7.64122 -1.17794
7.59281 -1.24979
7.49752 -1.38571
6.27733 -2.56939
6.28568 -2.56252
6.25999 -2.58304
4.48431 -1.09699
4.48636 -1.1057
4.24775 1.67428
4.24828 1.68184
7.3926 -1.51949
7.40308 -1.50677
5.98484 -2.78851
5.96563 -2.80155
6.0823 -2.71733
4.51098 -1.20781
4.52168 -1.25252
4.46906 -1.03164
4.45758 -0.979526
4.21932 0.94012
4.21968 1.0408
4.23362 1.4398
4.23942 1.54989
4.32601 -0.337368
4.39265 -0.683855
4.23489 0.416987
4.22831 0.530033
5.44054 3.96853
5.54233 3.96452
5.38139 3.96717
4.28974 -0.118755
5.46176 -3.12394
5.3952 -3.1586
7.80005 2.0995
7.91517 1.8413
7.96581 1.70962
7.73231 2.23298
4.33422 2.40505
4.39736 2.76596
4.88638 3.78444
4.97149 3.84446
5.02326 3.87332
5.09658 3.90643
5.22149 3.94434
8.08336 1.31359
8.04653 1.45998
7.55606 2.53077
7.60797 2.44976
7.42999 2.7093
7.4847 -1.4029
7.48953 -1.39665
7.70366 2.2857
4.56698 3.33243
4.77647 -2.31554
4.7522 -2.2151
8.02242 1.54201
5.90735 -2.84243
8.16454 0.280092
8.1518 0.159039
4.40902 2.82187
4.42974 2.90922
6.66091 -2.25737
6.53145 -2.36676
6.41951 -2.45712
6.29408 -2.55606
4.2243 0.636356
4.45295 3.00078
4.40961 -0.760772
4.42981 -0.853324
4.4341 -0.873132
4.22206 1.14306
6.12825 -2.68252
4.22308 1.19193
4.22251 0.684267
5.47237 -3.11715
6.45361 3.61621
7.93948 -0.615873
4.40257 -0.727104
4.75095 -2.21069
8.01907 1.55277
5.83244 -2.89297
8.1508 0.150791
8.1355 0.046339
8.10817 -0.0936384
6.13865 3.78909
4.27094 1.93828
6.32378 3.69505
4.81352 3.71843
6.11548 -2.69221
4.4038 2.79706
6.38455 3.65877
6.31045 3.70245
