6.78463 -0.494191
6.72821 -0.559487
7.05242 1.23714
7.04921 1.2471
6.7401 1.79395
6.76061 1.76986
6.8628 1.62802
6.89301 1.57919
5.75462 -0.735528
5.80986 -0.780472
6.33752 -0.844848
6.33989 -0.843778
6.46167 2.04608
6.46917 2.04176
6.20685 2.16389
6.16199 2.17202
6.01394 2.18342
5.9975 2.18302
5.74918 2.0899
5.79492 2.11951
6.81752 -0.452906
6.86986 -0.377232
6.56723 -0.711106
6.56026 -0.716264
5.29489 0.930739
5.29192 0.860817
5.31546 1.16182
5.31205 1.13307
7.14913 0.799902
7.15144 0.778366
7.10817 1.04698
7.12368 0.971181
5.57608 -0.501865
5.55523 -0.4626
5.66103 -0.631391
5.65382 -0.62081
5.41395 1.59501
5.42175 1.61702
5.35503 1.38341
5.36538 1.42515
5.59824 1.94876
5.60246 1.95423
5.49448 1.7838
5.47883 1.75052
6.6658 1.8787
6.59426 1.94411
6.97992 1.41772
6.96884 1.44112
5.93793 -0.854785
6.00253 -0.873234
6.12716 -0.888244
6.05203 -0.883515
7.07917 0.0679563
7.0666 0.0277552
6.98592 -0.174825
6.98279 -0.181614
5.47071 -0.275913
5.4523 -0.226362
5.35303 0.127416
5.35629 0.112124
5.41529 -0.119595
5.4012 -0.0686301
5.31644 0.35427
5.31006 0.407926
5.29454 0.602012
5.29148 0.680436
7.15785 0.527439
7.15896 0.562374
7.12694 0.261381
7.13603 0.313449
7.10327 1.06735
7.09104 1.11701
7.08266 1.14862
7.08168 1.15238
7.10469 1.06197
7.1302 0.934125
6.53854 1.992
6.66966 1.87475
6.67372 1.87026
6.52197 2.00471
7.01606 1.33475
6.99718 1.37939
6.36779 2.10174
6.36275 2.1042
6.22782 -0.87673
6.32989 -0.847153
6.31371 2.12779
6.2991 2.13297
5.85933 2.14848
5.89531 2.16224
6.80293 -0.472133
6.68862 -0.601967
6.52515 -0.740233
6.46309 -0.781884
5.30319 1.0475
5.29896 0.995221
5.38245 1.49053
5.40983 1.58177
5.54327 1.86828
5.51161 1.81673
6.80161 1.71913
6.71633 1.82172
6.80649 1.71257
6.9185 1.53564
5.84547 -0.806904
5.72905 -0.708964
7.03796 -0.0518409
7.0273 -0.0794556
5.49181 -0.33034
5.51039 -0.370922
5.37745 0.0237455
5.39658 -0.0519154
5.30323 0.476858
5.29772 0.546067
7.14671 0.390108
7.1518 0.439178
6.45172 -0.789022
6.18188 -0.882383
6.50959 2.013
6.41682 2.0748
6.10144 2.18235
5.97545 2.17863
5.69664 2.05112
6.91175 -0.310908
6.93176 -0.277469
6.64739 -0.64093
5.29076 0.8114
5.33111 1.26999
5.33172 1.27367
5.33194 1.27481
7.15726 0.709113
7.13955 0.874847
5.53282 -0.417549
5.60643 -0.550362
5.66559 -0.637645
5.45322 1.69446
5.66541 2.02135
5.59177 1.93942
6.80371 1.71644
6.96707 1.44458
6.99519 1.38377
5.91096 -0.841915
6.03186 -0.881539
7.10007 0.14061
6.97114 -0.204476
7.11078 0.184926
5.43548 -0.178382
5.34693 0.157516
5.41934 -0.131976
5.33375 0.234012
5.29033 0.77062
5.32873 0.265882
5.29068 0.729909
7.15911 0.674598
7.1589 0.681722
7.02574 1.30961
7.15872 0.686594
7.08034 1.15709
