5.97415 1.2833
5.92696 1.22313
6.00543 0.033863
6.05973 -0.0165308
5.8898 0.200199
5.87392 0.232449
6.59721 1.01068
6.57002 1.06794
6.23775 -0.0637333
6.27034 -0.0636394
6.4179 0.00947775
6.50601 0.0933089
5.82379 0.395765
5.8376 0.340384
6.67203 0.592215
6.66967 0.698146
6.6487 0.4061
6.65756 0.449352
6.58259 0.221154
6.59404 0.243643
6.1211 1.37154
6.18454 1.37464
6.36477 1.31811
6.43593 1.25645
6.518 1.16568
6.51643 1.16779
5.90279 1.19135
6.00463 1.31437
5.78526 0.751298
5.78514 0.750122
6.66357 0.760345
6.64948 0.849062
6.61578 0.963633
6.51449 1.17005
5.8397 1.04305
5.81942 0.981475
6.08724 1.35699
5.8868 1.16573
5.85306 1.08993
5.80821 0.924792
5.81618 0.96447
5.78536 0.752837
6.23578 1.37296
6.33705 1.33315
6.63903 0.893139
6.53878 0.145468
6.50734 0.0950614
5.78782 0.622376
5.78808 0.618286
6.67206 0.557379
6.61931 0.308652
6.62976 0.337321
5.78746 0.626601
5.7862 0.686643
6.09243 -0.0321083
5.96301 0.0768875
6.29471 -0.0554979
6.38435 -0.0162999
5.85216 0.295251
5.90872 0.164611
5.93999 0.112542
6.16243 -0.0613212
6.50663 0.0940978
5.80027 0.496892
6.67077 0.533926
6.60346 0.265068
6.55212 0.164324
5.80215 0.89129
5.78546 0.725593
5.79655 0.529549
5.79986 0.498865
5.79342 0.560383
5.79828 0.867551
