6.20011 -0.473303
6.24405 -0.466885
6.66689 -0.181987
6.66745 -0.181262
5.55692 1.01273
5.55684 1.01205
5.6068 1.24813
5.60095 1.22932
5.84032 -0.297855
5.81261 -0.266753
5.58874 0.261354
5.59761 0.222938
5.55634 0.451641
5.55778 0.438533
6.91088 0.476497
6.91209 0.489709
6.42035 -0.405093
6.50282 -0.348025
6.00074 -0.430736
6.01097 -0.434632
5.96037 1.74332
6.03149 1.76878
5.78342 1.6031
5.83275 1.65852
5.5402 0.779272
5.53963 0.741459
5.64373 1.35915
5.67357 1.42827
5.72554 -0.131016
5.73053 -0.139435
6.8734 0.977212
6.87612 0.966188
6.78681 1.22449
6.81607 1.15516
6.76297 -0.0251163
6.78254 0.0122616
5.64246 0.0625589
5.64416 0.0577437
6.23612 1.76261
6.21167 1.77051
6.52258 1.60234
6.52487 1.6003
6.86444 0.2259
6.86667 0.234163
6.42702 1.67551
6.40742 1.68989
6.60763 1.51083
6.57954 1.54436
6.89812 0.848865
6.89238 0.885366
6.68254 1.41504
6.67737 1.42239
6.38127 1.70564
6.30785 1.73889
6.9139 0.706308
6.90902 0.77518
5.54699 0.550317
5.54537 0.569131
6.30745 -0.453953
6.15457 -0.470114
5.85883 1.68016
5.93072 1.73066
6.66797 -0.180498
6.5913 -0.267234
5.54537 0.897968
5.5573 1.01521
5.7792 -0.216636
5.90823 -0.36913
6.75797 1.28488
6.7465 1.3077
5.57326 0.332905
5.61491 0.158671
5.56526 0.380871
5.55111 0.503843
6.91697 0.582964
6.8953 0.363681
6.8273 0.114467
6.85009 0.18094
6.09806 -0.464596
6.39048 -0.419855
6.54052 -0.31757
5.91279 -0.372391
6.13438 1.78097
6.15244 1.77848
6.11296 1.77934
5.73813 1.54553
6.73082 -0.0829132
5.54375 0.874192
5.54059 0.657142
5.72188 -0.124483
5.72266 1.52038
5.70527 1.48793
6.68702 1.40808
6.73738 1.32419
6.83035 1.11793
6.82136 0.0997371
5.68348 -0.037467
5.64573 0.0536199
5.56738 0.366765
5.54252 0.612825
6.27985 1.75169
6.91807 0.612561
6.89225 0.346627
6.91822 0.617606
6.84976 1.058
6.6321 1.48263
6.53097 1.59431
6.90602 0.799254
5.57586 1.12293
6.87915 0.953329
5.63307 1.33138
5.5848 1.15839
6.85719 1.0349
