6.07827 0.99139
6.14555 1.05482
5.99113 0.783168
5.98644 0.735523
6.4047 0.936845
6.38439 0.9622
6.09205 0.319347
6.0997 0.308907
6.46656 0.763377
6.45442 0.820891
6.47593 0.538198
6.47511 0.530285
5.99678 0.524236
6.00102 0.498193
6.36649 0.313416
6.34547 0.289872
6.34762 0.996715
6.29457 1.04141
6.20593 1.05871
6.02672 0.923865
5.98455 0.662869
6.0114 0.880113
6.48545 0.658882
6.48372 0.625036
6.43807 0.412
6.45766 0.468387
6.03885 0.404487
6.01318 0.458506
6.27166 1.05711
6.43818 0.862469
6.01579 0.895554
5.98812 0.606104
6.48558 0.663717
6.42543 0.394175
6.07875 0.338093
6.31301 0.274207
6.28444 0.254762
6.18084 0.254422
6.19997 0.244332
6.23763 0.247492
