6.37533 2.70341
6.35238 2.71466
5.54219 2.75475
5.49358 2.72428
5.00736 -0.242974
5.00196 -0.21976
5.00368 1.86008
4.99355 1.81778
6.74364 2.4409
6.69617 2.48221
4.88993 0.779869
4.88928 0.798155
6.93362 -1.00683
6.89191 -1.05374
7.0574 2.08665
7.06979 2.06979
7.12234 1.99269
7.16335 1.92688
7.51023 0.179669
7.5127 0.194159
5.51616 -1.39575
5.50534 -1.38403
4.90053 1.15905
4.90151 1.17623
5.69325 -1.52821
5.67881 -1.51963
7.53994 0.744225
7.54064 0.735575
5.16244 -0.774259
5.13487 -0.694723
5.28757 -1.05997
5.33129 -1.14332
5.20611 -0.882595
5.1744 -0.804717
5.38493 -1.22857
5.33419 -1.14874
4.9579 1.64
4.97434 1.72692
4.92362 1.41249
4.92691 1.43734
4.90911 0.388652
4.90847 0.394822
4.89276 0.665502
4.89322 0.649514
4.89019 0.89228
4.89057 0.927878
5.33255 2.58012
5.34807 2.59814
5.22061 2.42201
5.18306 2.35462
5.13266 2.24884
5.16485 2.32042
6.06262 -1.576
6.05345 -1.57713
6.25632 -1.51805
6.18426 -1.54343
5.87478 -1.58233
5.92274 -1.58383
5.0621 2.06316
5.05244 2.03195
6.82402 -1.12277
6.78806 -1.15809
7.25266 1.76838
7.26486 1.74494
7.26544 -0.527904
7.25222 -0.552915
7.3606 -0.329522
7.3597 -0.331704
4.93781 0.139127
4.94163 0.11335
6.08154 2.8162
6.16039 2.79458
5.95045 2.83752
6.03292 2.82592
5.72945 2.82553
5.74367 2.82869
6.45279 -1.41767
6.39877 -1.44808
6.65174 -1.27739
6.61287 -1.30705
6.57542 2.57859
6.57013 2.58264
7.42448 1.35236
7.42969 1.33687
7.52672 0.889116
7.52644 0.891534
7.53886 0.411878
7.53841 0.404952
7.54375 0.570903
7.54447 0.599013
4.97547 -0.0865289
4.99353 -0.179533
7.05333 -0.86051
7.0643 -0.846512
7.18078 -0.677536
7.17706 -0.683386
7.46209 1.22376
7.44798 1.27457
7.50427 1.03367
7.50315 1.04037
6.84306 2.34461
6.88102 2.3039
6.92744 2.25245
6.96591 2.20604
6.43656 2.66839
6.45998 2.65507
7.42627 -0.154554
7.42136 -0.170048
7.40203 -0.224107
7.40574 -0.213895
7.37361 1.49949
7.39825 1.43165
4.89377 1.05557
4.91019 1.29226
4.91525 0.321409
4.91483 0.325657
4.90432 0.445159
4.9029 0.463503
4.89626 0.570577
4.89497 0.598891
4.89123 0.714697
4.89262 1.02377
6.48772 2.63819
6.49137 2.63579
7.48637 1.12438
7.48656 1.12357
5.04505 -0.396211
5.02776 -0.328589
7.20674 1.85324
7.22599 1.81925
6.32113 2.73063
6.29698 2.74162
4.89354 1.04001
5.08675 -0.547241
5.08825 -0.552136
7.46715 -0.015622
7.45589 -0.0580735
7.30068 -0.459008
7.3087 -0.442975
7.40168 1.42167
4.9105 1.29613
5.01941 -0.294335
5.00831 -0.24726
5.06801 -0.481711
7.27766 1.71887
7.3 1.67324
6.40685 2.68606
4.88972 0.761916
7.49016 0.0791732
7.4859 0.0581406
7.36826 1.51297
5.44391 2.68832
5.60505 2.78537
7.54283 0.653735
7.54218 0.695848
7.51201 0.985493
7.50675 1.02073
4.99595 -0.191254
5.24421 -0.972736
5.24185 -0.96718
5.44143 -1.30855
5.42349 -1.28602
4.97902 1.75118
5.00841 1.87762
6.65659 2.51573
6.77154 2.41465
5.27289 2.50338
5.30506 2.54471
6.15881 -1.55281
6.06604 -1.57514
5.78331 -1.56396
5.82144 -1.57248
5.09533 2.15769
5.07874 2.11322
7.09605 -0.80148
7.1241 -0.762978
6.97471 -0.958567
6.86302 -1.08379
7.33104 -0.396238
7.33827 -0.380528
4.92166 0.260044
4.92216 0.255887
5.84662 2.84027
5.7802 2.83284
6.55167 -1.3528
6.51021 -1.38024
7.10366 2.021
7.01887 2.13857
6.26713 2.75529
6.20728 2.77754
7.18261 -0.674479
7.23965 -0.575567
7.52927 0.30615
7.30211 1.66871
7.33675 1.59094
5.64173 2.8004
5.40148 2.65104
7.52953 0.308332
5.58025 -1.45309
5.48432 -1.35901
5.72141 -1.53926
5.60492 -1.47349
7.53915 0.757718
5.10235 -0.596646
5.11665 -0.640495
5.08025 -0.526018
5.07061 -0.491101
5.16921 -0.791795
5.33279 -1.14618
5.24711 -0.979288
4.93939 1.52713
4.94799 1.58063
5.03256 1.96625
4.91057 1.29677
5.25511 2.47809
5.17346 2.33742
5.10861 2.1902
5.96795 -1.58581
6.29143 -1.50157
6.35505 -1.47249
6.763 -1.18201
7.0006 -0.927674
6.70835 -1.22949
7.2812 -0.498126
7.37171 -0.302248
4.96585 -0.03489
4.96021 -0.00265721
4.95657 0.0196973
6.05502 2.8227
5.87994 2.8404
7.53145 0.328205
6.53154 2.60837
6.58038 2.57489
7.02855 -0.893254
7.4755 1.1669
7.48615 1.1255
7.54285 0.502035
7.4683 1.19851
7.4355 1.31906
7.49426 1.08176
7.51541 0.96644
6.83138 2.35675
6.61642 2.54695
6.91045 2.27189
7.11812 1.99933
6.98393 2.18323
7.38307 -0.273663
7.3817 -0.277226
4.9185 0.289339
4.9095 0.383121
4.89966 0.507504
4.89818 0.531659
4.8935 0.63402
6.48434 2.64051
7.53396 0.813881
7.52524 0.900166
7.43191 -0.136994
7.27208 1.7301
7.23014 1.81154
7.33914 1.5856
7.18974 1.88237
7.52724 0.884951
4.89908 0.519117
