4.57354 -1.39616
4.57031 -1.38177
8.03208 -0.31056
8.0503 -0.251035
4.66718 -1.78455
4.67915 -1.8296
4.24788 1.35826
4.24388 1.30683
4.23749 0.850275
4.23663 0.803046
6.85065 3.29688
6.81497 3.32638
4.36063 -0.43369
4.37285 -0.499583
4.30412 2.05999
4.30704 2.08549
4.87026 -2.57986
4.86591 -2.55991
4.29051 0.00628301
4.28795 0.0269189
4.26333 0.266212
4.26297 0.27
7.8214 -0.832607
7.85487 -0.764788
5.34133 -3.12063
5.30315 -3.13158
7.8284 2.00326
7.86172 1.92881
4.36812 2.50037
4.36779 2.49834
5.03513 3.84183
5.04846 3.84911
4.8446 -2.48145
4.84764 -2.49096
7.13743 3.02593
7.20617 2.9538
8.11276 1.08612
8.09497 1.18512
5.30273 -3.13171
5.23522 -3.14115
7.44578 2.6591
7.46903 2.62789
4.62821 3.39906
4.654 3.44946
4.73511 3.57555
4.74187 3.58506
5.5199 -3.04471
5.52939 -3.03895
7.97698 1.6311
7.99427 1.57898
8.16023 0.589796
8.15783 0.673257
4.92759 -2.77407
4.9064 -2.70179
5.14175 -3.12524
5.10358 -3.09995
5.0602 -3.05866
5.09291 -3.09285
4.98945 -2.93877
5.0042 -2.96467
4.95401 -2.84745
4.9447 -2.8203
4.70302 -1.92168
4.71555 -1.97579
4.64643 -1.69644
4.62641 -1.61336
6.64551 3.46054
6.60098 3.49249
5.99599 3.82649
6.00653 3.82231
5.67478 3.91991
5.76543 3.9005
6.24919 3.71094
6.2652 3.70296
7.07782 3.08758
7.26601 2.88567
7.2161 2.94303
7.63207 -1.16176
7.65912 -1.11979
7.53095 -1.31118
7.54361 -1.29327
7.00581 -1.91803
7.06698 -1.8573
6.8408 -2.07459
6.87586 -2.04328
6.65917 -2.23467
6.64795 -2.24386
7.95533 -0.533021
7.9355 -0.583664
8.15856 0.427848
8.1581 0.416554
4.26118 1.61686
4.26096 1.61412
5.56972 3.93409
5.6388 3.92559
7.6908 -1.06861
7.7417 -0.981584
4.53091 3.17018
4.55323 3.23227
6.95222 3.20708
6.98243 3.17873
4.32611 2.22213
4.33394 2.27576
7.16081 -1.75722
7.20695 -1.70716
6.03422 -2.72271
6.0691 -2.69728
4.56805 -1.37195
4.56952 -1.37815
4.61449 -1.56643
4.23637 0.993701
4.23626 0.977277
4.2533 1.49093
4.25302 1.48582
5.87768 3.86883
5.83474 3.88059
4.40211 -0.642052
4.38331 -0.552664
4.24833 0.473987
4.24889 0.464547
5.49033 3.93916
5.48156 3.93965
4.34108 2.31454
4.34698 2.35988
4.33139 -0.269852
4.32179 -0.211145
7.91182 1.80827
7.94496 1.72195
7.73216 2.19945
7.7704 2.1248
4.39321 2.63846
4.40545 2.70329
4.92915 3.77656
4.95997 3.79703
5.16625 3.89605
5.17933 3.90054
5.32177 3.93083
5.35564 3.93418
8.05772 1.35427
8.06377 1.33058
7.35889 2.77411
7.40303 2.71712
7.48717 2.60227
7.53106 2.53847
6.92477 -1.9966
6.97191 -1.95228
7.60365 2.42568
7.63946 2.36695
4.69305 3.51476
4.68566 3.50242
4.57656 3.28737
4.58415 3.30686
4.73125 -2.04136
4.74226 -2.07893
4.78694 -2.25287
4.79616 -2.28656
4.75158 -2.11587
4.75996 -2.14811
8.02997 1.46016
8.00678 1.54062
5.86487 -2.8381
5.89432 -2.81911
5.67891 -2.95579
5.74892 -2.91259
6.5249 -2.34729
6.53199 -2.34174
8.06561 -0.195953
7.99695 -0.42029
7.97248 -0.487541
6.66712 3.44389
6.70962 3.41137
6.88281 3.26867
6.91756 3.23814
5.94934 3.84426
5.98867 3.82961
6.04369 3.8071
6.08304 3.79019
5.79144 3.893
5.6518 3.92392
4.28705 1.9166
4.2889 1.93275
4.31653 2.15715
6.20921 3.73153
6.15537 3.75674
6.43188 3.60693
6.42926 3.60847
6.48878 3.57043
6.48703 3.57164
4.43853 2.85314
4.44059 2.86208
7.29307 2.85494
6.75416 -2.15205
6.77898 -2.13085
7.08435 -1.83896
4.69406 3.51656
8.15476 0.724621
8.15026 0.78683
6.33074 -2.50142
6.34141 -2.49339
6.45623 -2.40249
6.46845 -2.39287
6.57789 -2.30281
6.59558 -2.28827
6.70882 -2.19135
4.65476 -1.73092
8.15752 0.406178
8.1611 0.545255
4.51358 -1.14115
4.52002 -1.16814
4.48737 -1.03
4.49016 -1.04201
4.24313 0.582229
4.24258 0.594952
4.4776 3.00056
4.47231 2.98326
7.41562 -1.46458
7.43246 -1.44345
7.31906 -1.58183
7.34532 -1.55099
4.43727 -0.806069
4.43372 -0.789632
4.46186 -0.918361
4.46132 -0.91584
4.23767 1.08861
4.23796 1.10427
6.1908 -2.60779
6.16406 -2.62818
8.01427 -0.368714
4.88157 3.73845
4.84029 3.69981
8.13473 0.152635
8.13288 0.139223
4.47453 -0.97424
4.47564 -0.978927
4.23958 0.723273
4.23716 0.770813
7.05313 3.112
7.01708 3.14628
6.74838 3.3811
6.77753 3.35701
4.30073 2.03754
4.29623 1.99637
4.2779 1.8178
4.27668 1.80554
5.40648 -3.09731
5.41703 -3.09303
4.82804 -2.41501
4.82413 -2.40111
8.14139 0.871905
8.14664 0.826722
8.13157 0.958277
8.13703 0.916323
4.51659 3.13016
4.50967 3.108
5.66854 -2.96242
5.61231 -2.9936
5.6607 -2.96731
5.79922 -2.88151
8.08487 -0.121223
7.93176 -0.592785
7.92837 -0.601316
6.54196 3.53454
6.54988 3.52884
8.16101 0.562447
4.27555 1.7943
4.27115 1.74194
7.26762 -1.64092
7.24385 -1.66758
5.93891 -2.78904
5.90562 -2.81129
8.13637 0.164298
8.14247 0.219325
4.69315 -1.88623
4.24266 1.23127
4.24294 1.28216
6.32097 3.67259
6.36485 3.64683
7.31182 2.83158
7.33317 2.80617
4.78591 3.64114
4.83374 3.69335
6.23975 -2.57114
6.2712 -2.54754
8.14906 0.285585
8.14826 0.277113
4.24359 1.29477
4.24942 1.41292
4.23709 0.786776
4.2363 0.897312
4.38047 -0.538381
4.35634 -0.41065
4.89778 -2.67801
4.88487 -2.62841
4.85548 -2.51959
4.84969 -2.49767
4.27534 0.141113
4.30376 -0.092742
4.25433 0.381819
4.26761 0.220598
7.87735 -0.71647
7.79968 -0.874829
5.30304 -3.13162
5.35025 -3.11672
7.87166 1.90562
7.81701 2.02808
4.36769 2.49765
4.38583 2.6013
4.50001 3.07606
4.49017 3.04569
5.24913 3.91828
5.20141 3.90621
8.11879 1.04897
8.09002 1.21009
5.20065 -3.14082
7.30034 -1.60382
4.65818 3.45616
4.61754 3.37941
4.55323 3.23229
4.55324 3.2323
5.5871 -3.00835
5.49923 -3.05592
4.93305 -2.78733
5.09664 -3.09618
5.16576 -3.13351
5.04243 -3.03009
5.02566 -3.00858
4.97775 -2.90655
4.95745 -2.85966
8.14984 0.293852
8.11414 0.0173323
8.11813 0.0392034
8.10851 -0.0116244
7.75919 -0.949993
7.90673 -0.650824
7.6809 -1.08502
7.61961 -1.18112
7.58196 -1.237
7.50749 -1.34419
6.39417 -2.45209
6.40492 -2.44384
4.50037 -1.08565
4.50496 -1.10508
4.2583 1.57581
4.26581 1.67827
4.45689 2.92612
4.45533 2.92077
7.36832 -1.52306
7.38935 -1.49753
5.98552 -2.75726
5.94496 -2.78479
6.02813 -2.72678
6.08294 -2.68779
4.52696 -1.19653
4.54242 -1.26111
4.23641 0.930175
4.23675 1.04078
4.25036 1.43005
4.25664 1.54997
4.3419 -0.328372
4.41306 -0.696384
4.25251 0.406163
4.24535 0.529756
5.43563 3.93897
5.50441 3.93835
5.39727 3.93816
4.30924 -0.130729
4.27462 0.147984
7.78196 2.1012
7.90442 1.82683
7.94892 1.71121
7.72197 2.21907
4.35196 2.39399
4.42216 2.7814
4.92493 3.77321
4.98746 3.81528
5.07128 3.85934
5.11251 3.87736
5.2878 3.92503
8.06505 1.3251
8.0336 1.4472
7.5495 2.51087
7.58924 2.44886
7.42367 2.69014
7.46114 -1.40636
7.47858 -1.38375
7.68622 2.28487
7.6444 2.35857
4.6013 3.34288
4.55323 3.23228
4.80512 -2.324
4.77835 -2.21736
4.81394 -2.35576
8.00586 1.54357
5.90245 -2.8136
5.84497 -2.85072
6.09857 3.78376
6.29876 3.68466
4.42746 2.80677
4.44751 2.89028
6.27791 -2.54264
6.51813 -2.35286
6.63764 -2.25275
4.26647 1.68591
4.24104 0.646062
4.42488 -0.74999
4.44736 -0.852741
4.44943 -0.862312
4.46631 -0.938469
4.23945 1.15314
6.10971 -2.66748
4.24005 1.18206
4.23999 0.674089
5.42111 -3.09109
5.37932 -3.10776
5.45189 -3.07808
5.99526 -2.75031
4.41998 -0.726526
5.36487 -3.11209
6.3711 3.64314
7.6695 2.31467
4.76841 -2.18232
5.82724 -2.86237
8.09442 -0.0807579
6.1232 3.77206
4.29107 1.95078
6.453 3.5935
4.42509 2.79552
