6.04546 -2.74084
6.01535 -2.76348
4.57496 -1.4773
4.5558 -1.39201
8.05285 -0.291784
8.0663 -0.247843
8.17271 0.422033
8.17289 0.428348
4.23218 1.35828
4.22886 1.31557
4.22192 0.850294
4.22122 0.812014
6.85301 3.31572
6.82535 3.3386
4.3466 -0.441634
4.36512 -0.541496
4.28695 2.05982
4.28857 2.07402
4.87607 -2.71552
4.87118 -2.69546
4.8519 -2.62472
4.84137 -2.57638
4.27329 0.0168595
4.27309 0.0185063
4.25032 0.242714
4.2485 0.26181
7.83919 -0.829058
7.86501 -0.776738
5.38693 -3.15723
5.38746 -3.15687
5.34949 -3.17377
5.34378 -3.17541
6.4343 3.62625
6.38808 3.65422
7.84429 2.00176
7.87122 1.94159
4.36271 2.57552
4.3518 2.5083
4.805 -2.42566
4.8057 -2.42999
7.14288 3.04246
7.21967 2.96188
8.12474 1.09797
8.11087 1.17512
5.21591 -3.21645
5.24579 -3.20989
7.45722 2.66811
7.48655 2.62873
7.65378 2.37119
7.6586 2.36268
4.6941 3.56306
4.74359 3.63272
5.52954 -3.08028
5.57532 -3.05248
8.01416 1.56245
7.98783 1.64183
5.87423 -2.86146
5.86142 -2.87033
8.17555 0.55722
8.17248 0.664049
5.0784 -3.18707
5.10693 -3.20349
4.96502 -3.00793
4.95783 -2.98543
4.90529 -2.82505
4.91754 -2.86074
4.68084 -1.91497
4.6966 -1.98306
5.63637 -3.01695
5.62329 -3.02556
5.01054 -3.10202
5.0042 -3.08625
4.61779 -1.65374
4.60603 -1.60492
6.64787 3.4794
6.61183 3.50526
6.01039 3.84237
6.03674 3.83192
5.7692 3.92316
5.6762 3.94307
6.26215 3.72599
6.26774 3.7232
4.43726 2.93087
4.43532 2.92223
7.09465 3.09236
7.2822 2.89026
7.22674 2.954
7.64202 -1.17349
7.64872 -1.16311
7.54047 -1.32239
7.56307 -1.29041
7.02369 -1.92158
7.07117 -1.87445
6.86034 -2.07846
6.88014 -2.06078
6.41073 -2.46152
6.40442 -2.46682
6.65869 -2.25684
6.65865 -2.25687
4.65579 -1.81479
4.65714 -1.82048
7.96584 -0.545408
7.94528 -0.597943
5.59224 3.9561
5.55517 3.96066
7.70954 -1.06487
7.7515 -0.993129
4.52331 3.21367
4.50827 3.17183
6.9546 3.22606
6.99979 3.18365
4.30729 2.21044
4.31826 2.28553
7.16503 -1.7745
7.21938 -1.71553
4.54245 -1.33376
4.55112 -1.37054
4.59902 -1.57735
4.22117 1.00254
4.221 0.977295
4.23839 1.49961
4.23763 1.48575
5.88137 3.89103
5.87396 3.89306
4.38775 -0.650183
4.36879 -0.560049
4.23259 0.483654
4.23372 0.464794
5.49451 3.96429
5.46724 3.96581
5.38516 3.96423
5.38919 3.96433
4.32357 2.31436
4.32795 2.34807
4.3138 -0.259045
4.3073 -0.219346
5.43415 -3.1325
5.42399 -3.1383
5.38257 -3.15927
7.92716 1.80683
7.95471 1.73506
7.74868 2.1979
7.77971 2.13732
4.37172 2.62509
4.38848 2.71387
4.95452 3.82897
4.91487 3.80263
5.03415 3.87524
5.05286 3.88351
5.1178 3.91016
5.16516 3.92641
5.37661 3.96354
5.3076 3.95672
4.82294 -2.49789
4.79128 -2.36619
8.04529 1.45849
8.0751 1.34178
7.3645 2.79111
7.42113 2.71799
7.49293 2.61973
7.54827 2.5393
6.9435 -2.00031
6.97615 -1.96962
7.61304 2.43832
7.64407 2.38743
4.59552 3.3891
4.5865 3.36929
4.65688 3.50375
4.63411 3.46574
4.54829 3.27876
4.56526 3.32232
4.71635 -2.06556
4.7197 -2.07697
4.77051 -2.27957
4.77184 -2.28446
4.72253 -2.08819
4.73759 -2.14618
8.04522 1.45873
8.04515 1.45897
5.74581 -2.94734
5.75654 -2.94072
8.0776 -0.207181
8.00831 -0.430921
7.98889 -0.484266
8.15648 0.216557
8.15736 0.224912
6.68674 3.44946
6.72022 3.42384
6.90082 3.27378
6.92775 3.25013
5.89374 3.88679
5.99209 3.85015
6.07389 3.81617
6.04711 3.82767
5.80851 3.91182
5.65576 3.94767
4.2715 1.92629
4.27222 1.93258
4.30088 2.16691
6.21176 3.75193
6.18284 3.76548
6.49998 3.58345
6.48943 3.59077
4.41537 2.83873
4.42389 2.87575
4.45118 2.9848
7.22277 2.9585
7.29858 2.87165
6.77451 -2.15609
6.78331 -2.14857
7.10154 -1.84237
4.67347 3.53341
8.16855 0.729794
8.1651 0.777503
6.65733 -2.25799
6.59716 -2.30863
6.47839 -2.40689
6.46796 -2.41555
6.35424 -2.50608
6.3409 -2.51683
6.71923 -2.20401
4.65766 -1.82299
4.63441 -1.7225
8.17485 0.512387
8.17568 0.550726
4.49923 -1.15128
4.50339 -1.16869
4.47299 -1.04015
4.47355 -1.04256
4.24489 1.60675
4.24537 1.61405
4.22827 0.573615
4.22733 0.5952
7.43699 -1.46144
7.44474 -1.45171
7.34114 -1.57859
7.3576 -1.55926
4.42356 -0.81575
4.41802 -0.790153
4.44808 -0.928086
4.44558 -0.916363
4.22223 1.07966
4.22269 1.10429
6.20631 -2.62037
6.13824 -2.67229
8.03026 -0.365522
4.8642 3.76221
4.83525 3.73511
8.16452 0.300563
8.17237 0.41492
4.22402 0.723291
4.22204 0.76205
7.05552 3.13106
7.0271 3.15808
6.75075 3.4
6.79632 3.36234
4.28506 2.0473
4.27948 1.9962
4.26046 1.80697
4.2603 1.80537
6.32377 3.69261
6.32362 3.6927
8.15554 0.873374
8.15948 0.83942
8.14396 0.970528
8.15226 0.906752
4.49863 3.14487
4.4876 3.10961
5.67647 -2.99167
5.76426 -2.93595
8.10135 -0.11504
6.54433 3.55351
6.57047 3.53468
5.64653 3.94924
8.17567 0.553232
4.26015 1.80391
4.25653 1.76084
7.2901 -1.63762
7.24806 -1.68478
5.94316 -2.81404
5.92444 -2.82655
4.6748 -1.89327
4.65911 -1.82982
4.22702 1.23129
4.22724 1.27306
4.25501 1.74237
4.25497 1.74177
7.32343 2.84072
7.3517 2.80706
4.53032 3.23395
4.53495 3.24725
4.76418 3.65893
4.7914 3.68865
6.53966 -2.35714
6.53576 -2.3605
6.10191 3.80388
6.11172 3.79931
4.22837 1.29479
4.23347 1.40367
4.22193 0.786794
4.22095 0.888417
4.36608 -0.546529
4.33883 -0.399902
4.87814 -2.72599
4.85837 -2.64619
4.8269 -2.52042
4.82438 -2.50656
4.27148 0.0330363
4.28906 -0.10106
4.24108 0.357887
4.25999 0.139702
7.89465 -0.713017
7.80962 -0.88654
5.31192 -3.18941
7.88726 1.90415
7.8264 2.04072
4.34852 2.48572
4.36907 2.61175
4.47224 3.05878
4.46851 3.04727
5.2349 3.94425
5.24399 3.94585
8.13428 1.03923
8.10166 1.2216
5.27533 -3.1992
5.1778 -3.21834
5.12768 -3.21204
7.31262 -1.61209
4.62444 3.44589
4.59814 3.3953
5.59607 -3.04148
5.47845 -3.10798
4.89952 -2.79955
5.0525 -3.15959
5.04115 -3.15034
5.03066 -3.13583
4.94336 -2.94248
4.98381 -3.0486
4.93585 -2.92182
4.93265 -2.91441
5.64127 -3.01362
8.13026 0.0233796
8.13096 0.0271997
8.12928 0.0183219
7.7774 -0.946361
7.91705 -0.662984
7.69053 -1.09636
7.63894 -1.17828
7.59167 -1.24843
7.49857 -1.38133
6.27739 -2.5666
6.28434 -2.56089
6.26297 -2.57795
4.486 -1.09579
4.48833 -1.10563
4.24965 1.67546
4.25002 1.68075
7.39004 -1.51987
7.40163 -1.5058
5.98491 -2.78521
5.96344 -2.79978
6.08237 -2.71422
4.51266 -1.20662
4.52387 -1.25342
4.46877 -1.02178
4.45945 -0.979464
4.22113 0.93907
4.22148 1.04079
4.23539 1.43877
4.24124 1.5499
4.32768 -0.336419
4.3948 -0.685178
4.23675 0.415844
4.23011 0.530004
5.44003 3.96541
5.53833 3.96176
5.38304 3.96415
4.2918 -0.12002
5.46101 -3.11906
5.38815 -3.15652
7.79814 2.09968
7.91404 1.83977
7.96403 1.70979
7.73122 2.23151
4.3361 2.40388
4.39997 2.76759
4.89045 3.78325
4.97317 3.84138
5.028 3.87194
5.09827 3.90336
5.22785 3.94249
8.08143 1.31481
8.04523 1.4587
7.55537 2.52867
7.60599 2.44967
7.42933 2.70728
7.48222 -1.40326
7.48837 -1.39529
7.70182 2.28562
4.5706 3.33354
4.78797 -2.35187
4.75496 -2.21534
4.78844 -2.35355
8.02069 1.54217
5.90684 -2.83939
8.16301 0.281519
8.15006 0.158385
4.41096 2.82027
4.43253 2.91096
6.53151 -2.36418
6.41692 -2.45661
6.29132 -2.55551
6.6586 -2.25691
4.22606 0.637381
4.45239 2.9894
4.41122 -0.759633
4.43166 -0.853263
4.43572 -0.87199
4.2239 1.14413
6.12629 -2.68093
4.22487 1.19089
4.22435 0.683192
5.46925 -3.11379
6.45107 3.61541
7.93908 -0.612581
4.40441 -0.727043
4.75279 -2.20769
8.01779 1.5515
5.83189 -2.88974
8.14931 0.152187
8.13781 0.0736882
8.10672 -0.0922784
6.13702 3.78729
4.27307 1.9396
6.3235 3.69277
4.81613 3.71629
6.10432 -2.6976
4.40605 2.7969
6.38317 3.65717
6.32212 3.69354
