4.73701 -1.1562
4.76148 -1.24597
5.08734 -2.14702
5.08308 -2.13974
5.02868 -2.02697
5.0202 -2.00643
4.96331 3.31004
4.96766 3.31531
5.08855 3.43144
5.11172 3.44966
5.32175 3.55963
5.30668 3.55464
4.65667 -0.850933
4.65558 -0.84646
4.57746 -0.499406
4.56413 -0.434404
5.94835 3.55142
5.90927 3.5608
6.17607 3.46706
6.24699 3.43283
4.6125 2.52507
4.62283 2.56779
4.66402 2.71343
4.66884 2.72814
7.06703 2.81259
6.99761 2.8842
7.18323 2.68273
7.17694 2.69019
7.28626 2.554
7.30594 2.52765
7.40444 -1.1621
7.44405 -1.10595
6.57385 -2.02161
6.62448 -1.98278
6.92857 -1.71339
6.99402 -1.64944
7.48361 2.26417
7.51349 2.2142
7.97742 0.571713
7.97751 0.56897
5.54873 -2.52388
5.54872 -2.52387
4.8415 -1.51413
4.8336 -1.48749
7.81123 -0.390724
7.80396 -0.410671
4.85657 3.1618
4.82944 3.11471
5.00903 3.36055
5.01306 3.36447
5.48734 3.59711
5.49946 3.59939
5.78935 -2.48385
5.78217 -2.48648
4.9192 -1.74562
4.90091 -1.6947
6.78278 3.07951
6.76853 3.09174
6.5127 3.28187
6.56748 3.24408
4.47049 1.67743
4.47068 1.67922
4.60809 -0.641367
4.65443 -0.841599
4.95067 -1.83624
4.96289 -1.86647
4.54996 2.23633
4.53443 2.15079
4.50676 1.97385
4.51046 1.99856
7.7061 -0.645661
7.73877 -0.572049
7.58434 -0.879902
7.61262 -0.829486
6.49243 3.29475
6.39993 3.35197
6.92055 2.95786
6.98789 2.89409
7.50534 -1.01243
7.47982 -1.05235
6.75861 -1.86897
6.82022 -1.81568
7.08417 -1.55496
7.01184 -1.63177
6.33852 -2.19339
6.41141 -2.14451
6.28467 -2.23096
6.23067 -2.26373
4.48994 0.00930574
4.48954 0.0124366
4.7089 2.84633
4.72354 2.88655
7.69308 1.86133
7.67735 1.89675
7.96753 0.792869
7.97121 0.746638
4.78792 -1.3361
4.76231 -1.24899
7.84846 -0.281279
7.84506 -0.291983
5.1867 -2.31038
5.159 -2.27018
6.13292 -2.32519
6.08866 -2.34936
5.2517 -2.38791
5.237 -2.37166
5.29608 -2.42818
5.27966 -2.41513
4.43253 0.879526
4.43261 0.850046
4.43334 1.00605
4.43301 0.977046
4.44681 1.3783
4.4456 1.35844
4.45531 1.49852
4.45446 1.48675
4.5497 -0.358197
4.55934 -0.409769
4.4548 0.347176
4.45608 0.330874
4.44524 0.48356
4.44656 0.46133
4.47395 0.144641
4.47523 0.132944
6.00375 3.53396
5.83276 3.57975
6.09226 3.50131
6.28846 3.41315
7.95373 0.928843
7.93768 1.04163
7.90913 1.19567
7.91244 1.18091
7.22967 -1.3899
7.18609 -1.44196
7.32081 -1.27553
7.29811 -1.30538
6.66837 -1.94571
6.52519 -2.06048
7.00888 -1.63467
6.91648 -1.72556
7.56262 2.1266
7.52594 2.19283
7.39959 2.39499
7.42512 2.35664
7.83633 1.47838
7.86063 1.39607
7.77983 1.64597
7.80347 1.57944
7.88245 1.31176
7.86312 1.38674
5.64411 -2.51767
5.64007 -2.51859
7.79447 -0.435842
6.84889 3.02263
6.83431 3.03567
6.63213 3.19754
6.62275 3.20464
6.51049 3.28341
4.47844 1.75178
4.47672 1.73639
4.46843 1.65565
4.55524 2.26728
4.52537 2.09627
5.66513 3.60085
5.70218 3.59896
5.78337 3.58858
5.77452 3.59042
6.06276 3.5136
6.38621 3.35941
6.98961 2.89235
6.90717 2.97079
6.47508 -2.09666
6.84563 -1.79158
6.72277 -1.90097
7.10581 -1.5323
6.31048 -2.21304
4.78938 3.03898
4.81174 3.08267
6.01595 -2.38741
6.03827 -2.37671
5.92848 -2.4296
5.93743 -2.4261
4.69819 -1.01085
4.70456 -1.03489
4.46459 1.61166
4.46486 1.61506
4.50687 -0.106364
4.43562 0.693815
4.43472 0.722126
4.44074 0.566693
4.43954 0.591746
4.73471 2.91342
4.75622 2.96431
4.57665 2.37277
4.57082 2.34592
7.96251 0.85043
7.95938 0.881233
4.65523 -0.845005
4.43842 1.20498
4.43932 1.23104
4.43467 1.07581
4.43528 1.10404
6.18743 -2.29235
5.37933 -2.48211
5.36506 -2.47453
7.87958 -0.174604
4.88005 3.19802
4.91322 3.24642
4.68379 -0.956195
4.68796 -0.971875
6.71731 3.13316
6.68924 3.15464
4.52056 -0.192235
4.52576 -0.22428
7.63148 1.99347
7.61696 2.02315
7.88149 -0.167894
7.89487 -0.116309
7.97082 0.368292
7.96763 0.322262
4.49568 1.89064
4.49298 1.8713
5.49564 -2.51845
5.41939 -2.49968
5.3416 -2.46137
7.93833 0.0900137
7.93483 0.0686367
4.51978 2.0622
5.00616 3.35739
4.76168 -1.2467
4.72911 -1.12674
5.50246 -2.52019
5.07302 -2.11991
5.11913 -2.20538
5.0038 -1.96971
5.05056 -2.07332
4.98901 3.33867
4.92844 3.26714
5.18915 3.50019
5.40328 3.58279
5.27198 3.53911
5.88351 -2.44929
5.88699 -2.4481
7.95634 0.21329
7.95399 0.192873
4.44239 1.29453
4.44278 1.31806
4.43268 0.942942
4.43256 0.913547
4.43377 0.786545
4.43249 0.816049
4.87246 -1.61111
4.86966 -1.60321
4.45081 1.43856
4.44975 1.42259
4.4496 0.415626
4.45093 0.396108
5.5798 3.60478
5.59868 3.6047
4.51514 2.03335
7.64838 -0.762152
7.66928 -0.721184
4.59851 2.46873
4.64477 2.64982
4.67931 2.76101
4.65042 2.669
7.1448 2.72695
7.19536 2.6683
7.93518 1.05694
7.91296 1.17834
7.23715 2.61674
7.35011 2.4672
7.45587 -1.08843
7.3641 -1.21868
7.27617 -1.33258
7.24277 -1.37446
7.52388 2.19641
7.47711 2.27481
7.8093 1.56206
7.83313 1.48883
7.97747 0.558395
7.97441 0.679729
5.59794 -2.52251
5.59456 -2.52305
5.50812 -2.52115
5.54888 -2.52387
4.81442 -1.42532
4.86389 -1.5861
7.91091 -0.0511344
7.90932 -0.058182
5.20954 3.51172
5.19993 3.50674
5.51696 3.60083
5.83495 -2.46706
5.68819 -2.51045
7.92193 0.00355821
7.95889 0.235382
4.9329 -1.78582
4.97626 -1.89955
4.50148 1.93493
7.68757 -0.684533
7.75668 -0.530594
7.55287 -0.934155
7.35231 -1.23496
7.51679 -0.994287
7.97664 0.476058
4.79711 -1.36655
5.9726 -2.40894
5.98786 -2.40228
5.68532 -2.51128
4.4379 0.630089
4.43684 0.656941
4.70405 2.83188
4.73118 2.90536
4.4363 1.14025
4.43709 1.16754
4.53332 -0.268339
4.71265 -1.06547
5.14332 -2.24357
5.2045 -2.33374
5.22472 -2.35935
5.27344 -2.40872
4.43359 1.04055
4.45941 1.5509
4.46045 0.278445
4.4424 0.526549
4.48657 0.0367223
4.46264 0.25443
4.57803 2.37869
4.64932 2.66549
7.22109 2.63681
7.11724 2.75836
7.95628 0.908754
7.88527 1.30049
7.37021 2.43833
7.1812 -1.44751
7.60027 2.05532
7.57127 2.11068
7.44211 2.33026
7.86095 1.39492
7.77176 1.66803
6.7445 3.11122
4.48319 1.79521
4.47088 1.68132
6.05866 -2.36515
4.48922 0.0148772
4.43348 0.757617
4.77177 2.99894
4.68842 2.78725
4.56436 2.31346
7.72248 1.79293
7.74804 1.73011
7.66429 1.92513
4.78287 3.0244
7.13911 -1.49528
7.96421 0.834882
4.44052 1.2697
5.41148 -2.49648
5.61739 3.60378
4.99171 -1.93912
7.97598 0.456613
4.48679 1.82272
4.48483 1.80754
7.97278 0.717165
6.67695 3.16394
6.81955 3.04871
7.08729 2.791
7.70817 1.82743
7.76282 1.69208
7.77057 -0.496971
6.61424 3.21104
5.71593 3.59823
7.90769 -0.0649517
5.74904 3.59434
