4.75482 -1.14363
4.76085 -1.16573
5.15491 -2.19609
5.11755 -2.13216
4.96139 3.25677
4.98741 3.2883
5.38222 3.54202
5.3053 3.51656
5.33398 -2.3954
5.30737 -2.37741
6.64831 3.15971
6.61126 3.18722
4.58219 -0.428928
4.58131 -0.424676
4.66078 -0.782246
4.67395 -0.835925
5.94487 3.52361
5.85793 3.54447
6.17286 3.44147
6.21309 3.42205
4.64023 2.54232
4.64331 2.55503
4.68571 2.69991
4.69471 2.7274
7.00092 2.85276
7.06013 2.79167
7.17617 2.66133
7.15671 2.68445
7.8974 1.16603
7.91816 1.05389
7.2793 2.53292
7.28403 2.52659
7.39228 -1.14778
7.41921 -1.1096
6.546 -2.01608
6.61895 -1.96014
7.47181 2.24829
7.50557 2.19185
7.81776 1.48012
7.79997 1.53569
7.95844 0.612073
7.95944 0.580325
5.57459 -2.47818
5.54436 -2.47632
4.86091 -1.50042
4.86036 -1.49856
7.79673 -0.377153
7.783 -0.414854
4.87575 3.13557
4.85881 3.10616
5.12952 3.41951
5.11012 3.40515
5.42241 3.55112
5.49824 3.56536
7.91915 0.0833212
7.917 0.0709564
4.95332 -1.76684
4.92328 -1.68321
6.76981 3.06425
6.76555 3.06792
4.48953 1.66636
4.49089 1.67931
4.62585 -0.63131
4.95897 -1.78313
4.98754 -1.8538
4.57382 2.25115
4.55345 2.13894
4.52569 1.96205
4.5312 1.99878
7.68456 -0.649959
7.7345 -0.53745
7.561 -0.88456
7.60013 -0.814775
5.79758 3.55724
5.7605 3.562
6.39678 3.32682
6.48404 3.27284
6.90045 2.95041
6.88806 2.96153
7.49339 -0.99836
7.49241 -0.999898
6.73377 -1.86404
6.81488 -1.79387
7.0617 -1.5505
7.00634 -1.60929
6.30601 -2.18694
6.41203 -2.11584
6.28531 -2.20138
6.21008 -2.24703
5.76165 -2.45231
5.80946 -2.43988
4.51115 -0.0037189
4.50775 0.0227443
7.68125 1.84541
7.67377 1.86226
7.94915 0.804419
7.9527 0.759842
4.80694 -1.32268
4.78756 -1.25677
7.83363 -0.267394
7.8245 -0.296083
5.15635 -2.19823
5.20021 -2.26112
6.16038 -2.27828
6.08834 -2.31762
4.45111 0.86871
4.45116 0.850025
4.45187 0.99527
4.45166 0.977024
4.46494 1.36774
4.46438 1.35853
4.47347 1.48795
4.47339 1.48683
4.58037 -0.419692
4.581 -0.423065
4.4743 0.3352
4.47466 0.330571
4.46453 0.471715
4.46516 0.461028
6.05414 3.48918
5.82923 3.55159
6.06952 3.48369
6.28528 3.3878
7.09932 2.74977
7.10369 2.74494
7.20157 -1.39403
7.17369 -1.42734
7.29476 -1.27936
7.28591 -1.291
6.64218 -1.94051
6.5195 -2.03724
6.98528 -1.62999
6.91113 -1.70368
7.55121 2.11124
7.54653 2.11968
7.38812 2.37956
7.40406 2.35563
7.76104 1.64774
7.79003 1.56615
7.86376 1.31352
7.84616 1.38176
7.76506 -0.462429
6.82649 3.01627
6.82157 3.02068
6.55332 3.22742
6.55939 3.22346
4.50003 1.76519
4.49558 1.72541
4.48467 1.61515
4.4784 1.54766
4.47468 1.5035
4.68006 -0.860245
4.57453 2.25526
4.54878 2.11081
5.60067 3.57344
5.67688 3.56956
6.05949 3.48754
6.35498 3.34948
6.50737 3.25855
6.96742 2.88605
6.44538 -2.09077
6.8222 -1.78693
6.71733 -1.87871
7.10037 -1.51002
6.29523 -2.19449
5.99577 -2.36443
6.03794 -2.34422
5.90579 -2.40376
5.93708 -2.39153
4.716 -0.998284
4.7255 -1.03419
4.49207 0.151897
4.49423 0.132186
4.52469 -0.0962738
4.45382 0.704362
4.45326 0.721825
4.45881 0.577171
4.45813 0.591444
4.77519 2.93861
4.7857 2.96347
4.73618 2.84555
4.728 2.82457
4.58892 2.32301
4.59958 2.37212
7.3402 -1.2207
7.33893 -1.22238
7.94356 0.862343
7.93811 0.915964
4.4575 1.21604
4.45802 1.23102
4.45361 1.08679
4.45399 1.10402
6.18809 -2.26158
7.85953 -0.178604
5.05786 -2.01511
5.04997 -1.99988
4.91049 3.18916
4.9112 3.19018
4.70155 -0.943656
4.70888 -0.97118
6.71433 3.10942
6.66444 3.14761
4.53565 -0.164985
4.54363 -0.214165
7.62803 1.96023
7.59628 2.0251
4.58663 2.31283
4.57659 2.26573
6.87095 -1.7415
5.61707 -2.47759
5.63615 -2.47582
7.86655 -0.153908
7.87529 -0.120216
7.95158 0.340543
7.95137 0.337486
4.51803 1.90452
4.51343 1.87151
7.34234 -1.21783
7.95356 0.747242
7.95409 0.740216
5.45434 -2.45842
5.45041 -2.45746
4.47909 1.55491
4.47872 1.55099
4.54083 2.06242
4.81449 3.02594
4.81253 3.0225
4.78052 -1.23341
4.75294 -1.13661
5.49782 -2.46948
5.15569 -2.19734
5.1031 -2.1037
5.02012 -1.93447
5.02359 -1.94225
5.01126 3.31438
4.94803 3.24034
5.40201 3.54764
5.23738 3.48615
5.85925 -2.42165
5.88662 -2.41231
7.93828 0.207579
7.93814 0.206462
4.46061 1.29451
4.46082 1.30756
4.45122 0.932147
4.45115 0.913525
4.45182 0.786524
4.45101 0.80527
4.9058 -1.63185
4.89164 -1.59191
4.46893 1.42801
4.46858 1.42268
4.46897 0.403729
4.46951 0.395806
4.53425 2.02144
7.62567 -0.766682
7.65655 -0.706179
4.61882 2.45608
4.64983 2.57943
4.70109 2.74743
4.67602 2.66827
7.13788 2.70598
7.21374 2.61665
7.89216 1.19141
7.92009 1.04203
7.21455 2.61565
7.34305 2.44582
7.4434 -1.07374
7.24916 -1.33655
7.23048 -1.35998
7.51209 2.18055
7.45623 2.27381
7.79082 1.5638
7.81931 1.47515
7.95912 0.475045
7.95623 0.691154
5.53389 -2.47561
5.59043 -2.47793
4.83358 -1.41179
4.86247 -1.50544
7.89535 -0.0365671
7.88956 -0.0621232
5.04346 3.34653
5.20807 3.47096
5.58625 3.57262
5.65516 -2.47284
5.70885 -2.46579
7.94361 0.26031
7.95428 0.386692
7.95904 0.469456
4.95578 -1.77406
5.0188 -1.93112
4.52204 1.93514
7.68356 -0.65205
7.73565 -0.534791
7.5406 -0.919707
7.49383 -0.997662
7.95912 0.471716
4.82347 -1.37747
5.95124 -2.38462
5.98752 -2.3688
4.45603 0.640598
4.4554 0.656639
4.73979 2.85412
4.76027 2.90453
4.45531 1.15127
4.45578 1.16752
4.55522 -0.281784
4.73046 -1.0529
5.24813 -2.32134
5.0826 -2.06628
5.24996 -2.32375
5.25043 -2.32434
5.25214 -2.32606
4.4522 1.04052
4.48001 0.26643
4.46092 0.526247
4.48229 0.244148
4.4802 0.264371
4.60504 2.39549
4.6709 2.65204
7.21424 2.61604
7.09684 2.75257
7.93748 0.920567
7.87062 1.28601
7.34898 2.43731
7.15215 -1.45178
7.33363 -1.2293
7.58869 2.03973
7.55201 2.10975
7.43048 2.31461
7.84198 1.39671
7.75844 1.65486
6.72053 3.10442
4.50211 1.7842
4.49232 1.69464
4.81175 3.02109
4.80993 3.01742
5.59459 3.57343
6.0395 -2.34334
4.50499 0.0433722
4.45164 0.768143
4.71467 2.7865
7.71868 1.75636
7.72862 1.73193
7.64396 1.92704
7.12324 -1.48459
7.94725 0.82852
4.45957 1.28074
5.37081 -2.42162
5.40627 -2.43971
6.60679 3.19035
5.01954 -1.93301
4.50897 1.83649
4.50525 1.80764
5.43519 -2.4513
5.28881 -2.36027
6.66361 3.14823
6.81659 3.02508
7.68843 1.82928
7.75556 1.66261
7.75665 -0.483939
5.7121 3.56768
7.88366 -0.0866722
