6.75088 -0.264188
6.75183 -0.262956
5.45878 1.07333
5.4515 1.01359
6.86306 1.30861
6.87561 1.28178
6.90167 0.0157084
6.86453 -0.0671122
6.4548 1.82012
6.44341 1.82791
7.01367 0.506513
7.0149 0.519973
6.38595 -0.587702
6.39988 -0.580274
6.16847 -0.64128
6.07992 -0.634172
5.96907 -0.59891
6.03583 -0.622531
5.78811 -0.458601
5.85809 -0.524693
6.22618 1.92837
6.19253 1.9339
6.0308 1.94016
6.01752 1.93898
5.79486 1.83131
5.81703 1.85004
6.62296 -0.415239
6.60096 -0.436278
5.43932 0.841558
5.44515 0.948291
5.50159 1.29067
5.48848 1.23379
5.72048 -0.368453
5.76598 -0.430088
5.56751 1.49579
5.59433 1.55584
5.66069 1.67642
5.62931 1.62702
6.62777 1.66843
6.63703 1.65769
6.76408 1.49221
6.7566 1.50403
5.6131 -0.176494
5.61999 -0.191093
5.54629 0.00213297
5.55432 -0.0215317
5.49326 0.207101
5.47239 0.307449
5.43846 0.683787
5.44216 0.587398
5.46816 0.3349
5.45514 0.433082
7.00142 0.38635
6.98033 0.267617
7.01498 0.669676
7.00841 0.76024
6.94782 0.142885
6.96179 0.194649
6.93758 1.11677
6.92751 1.1467
6.46993 1.80942
6.54133 1.75057
6.40074 1.85528
6.38804 1.86237
6.8373 1.36215
6.82014 1.39563
6.9792 0.963509
6.97764 0.970645
6.2747 -0.627816
6.25794 -0.630575
5.87627 -0.541028
5.95253 -0.589138
5.91616 1.90807
5.99209 1.93137
6.6794 -0.352531
6.75271 -0.261659
5.446 0.959329
5.46093 1.08768
5.52972 1.39538
5.53517 1.4119
5.71728 1.75585
5.71188 1.74844
6.89245 1.24364
6.84883 1.339
6.90956 0.0345429
6.8428 -0.109285
5.66729 -0.281768
5.62876 -0.208617
5.53642 0.032945
5.51762 0.103389
5.45326 0.450024
5.44786 0.506285
7.00264 0.395274
7.01497 0.521274
6.50265 -0.51865
6.32463 -0.610092
6.06639 -0.632721
5.78115 -0.449937
6.32805 1.89379
6.12099 1.94417
5.89325 1.89615
5.72054 1.75985
6.54329 -0.485626
6.81351 -0.162982
6.513 -0.510819
5.47771 1.18353
5.43843 0.814072
5.43778 0.720619
5.52712 1.38623
5.69619 -0.333675
7.00116 0.831852
6.99595 0.869554
5.6112 1.59239
6.61816 1.67889
6.69413 1.5885
6.75209 1.5105
6.81172 1.41099
6.90706 1.20749
6.94573 0.136345
5.58152 -0.0954003
5.50643 0.147636
5.47155 0.312313
5.4441 0.5569
6.33118 1.89274
6.97878 0.260475
7.01588 0.64135
6.95389 1.06184
6.33402 1.8915
6.98064 0.956686
6.99291 0.890711
6.57052 1.72576
6.96208 1.03364
