6.06392 -2.75581
5.98517 -2.81505
4.57651 -1.56579
4.53998 -1.40318
8.07551 -0.271305
8.08375 -0.244361
8.18807 0.427795
8.18877 0.451245
4.21507 1.3583
4.21248 1.3251
4.20494 0.850314
4.20442 0.821795
6.85558 3.33627
6.83667 3.35192
4.33129 -0.450299
4.34603 -0.529784
4.26822 2.05962
4.26843 2.06151
4.25407 1.9278
4.24387 1.81405
4.8314 -2.67481
4.84621 -2.73556
4.8146 -2.59434
4.82652 -2.64904
4.23613 0.217084
4.23273 0.252878
7.85859 -0.825187
7.87607 -0.789772
5.39495 -3.20945
5.42056 -3.19258
6.43693 3.6472
6.41249 3.66198
7.86161 2.00013
7.88158 1.95553
4.34929 2.61113
4.33436 2.51917
4.77871 -2.42338
4.78236 -2.44565
7.14883 3.06049
7.20588 3.00063
8.13781 1.11089
8.12822 1.16422
5.27144 -3.27352
5.25692 -3.28233
7.4697 2.67794
7.49911 2.63846
7.65934 -1.17528
7.63795 -1.20794
7.66364 2.38447
7.6858 2.34534
5.54006 -3.11907
5.55923 -3.10743
8.02086 1.58964
7.99967 1.65353
5.87458 -2.89307
5.90427 -2.87248
8.18961 0.614097
8.18846 0.654005
4.88035 -2.88655
4.87846 -2.87631
4.91289 -3.01365
4.9191 -3.03308
4.6764 -1.99259
4.67606 -1.99093
4.65665 -1.90765
4.67237 -1.97556
5.64527 -3.04978
5.61502 -3.0697
5.12564 -3.32086
5.10386 -3.32022
4.58656 -1.60716
4.5838 -1.59572
6.65045 3.49997
6.62367 3.51919
6.0261 3.85968
6.05081 3.84988
5.77331 3.94788
5.72431 3.95837
4.26145 1.99729
4.26132 1.99601
4.41884 2.94594
4.41388 2.92379
7.113 3.09757
7.29986 2.89527
7.2838 2.91373
7.55084 -1.33461
7.58428 -1.28729
7.0432 -1.92545
7.07575 -1.89315
6.88165 -2.08269
6.88481 -2.07988
6.65819 -2.28013
6.66949 -2.27006
6.42254 -2.47589
6.40388 -2.49157
4.62505 -1.76872
4.63514 -1.81138
7.97731 -0.558917
7.96345 -0.594317
7.72997 -1.0608
7.76218 -1.00572
4.49067 3.19336
4.48357 3.17363
6.14347 -2.69487
6.10892 -2.72238
6.95719 3.24677
7.01872 3.18903
4.28677 2.1977
4.30116 2.29619
4.25448 1.9324
4.25487 1.93666
7.16964 -1.79334
7.23295 -1.72466
4.51452 -1.29211
4.53106 -1.36223
4.58216 -1.58925
4.45391 -1.0332
4.45611 -1.04314
4.2046 1.01219
4.20437 0.977314
4.22213 1.50907
4.22085 1.48567
4.37209 -0.659051
4.36455 -0.623242
4.21542 0.494198
4.21716 0.465064
5.49907 3.9917
5.45162 3.99434
5.38994 3.99298
5.43213 3.99397
4.30446 2.31417
4.3072 2.33518
4.25532 0.027899
4.25749 0.00967754
4.29461 -0.247257
4.2915 -0.228291
5.38127 -3.21586
7.94389 1.80525
7.96534 1.74937
7.76669 2.1962
7.78986 2.15098
4.35691 2.65621
4.36997 2.7254
4.91393 3.84078
4.8993 3.83107
5.06754 3.92479
5.01882 3.90324
5.14972 3.95462
5.11728 3.94349
5.30032 3.98575
5.29214 3.98494
4.79501 -2.49547
4.76585 -2.36762
8.08746 1.35401
8.06366 1.44716
5.02872 -3.28131
5.03527 -3.29157
7.6228 2.45272
7.56659 2.54018
6.96393 -2.00437
6.98077 -1.98853
7.45622 -1.4629
7.458 -1.46064
4.56308 3.37923
4.5448 3.33907
4.61743 3.49174
4.61247 3.48346
4.51746 3.26938
4.52336 3.28452
4.71834 -2.163
4.71405 -2.14414
4.75245 -2.30891
4.74689 -2.28229
5.78345 -2.95518
5.8369 -2.91921
5.76225 -2.97123
5.72392 -2.99876
4.69787 -2.08071
8.09068 -0.219427
8.02069 -0.442516
8.0068 -0.480693
8.17046 0.203467
8.17337 0.230917
8.14694 0.0296394
8.14968 0.0477495
6.70814 3.45553
6.73178 3.43745
6.92046 3.27936
6.93885 3.2632
5.99582 3.87256
5.91002 3.90452
5.8384 3.92912
5.82713 3.93235
5.65995 3.97285
4.2838 2.17755
6.21455 3.77418
6.2128 3.77501
6.27575 3.74179
6.27044 3.74479
6.5122 3.59764
6.49204 3.61163
4.40238 2.87629
4.40568 2.89065
4.42929 2.98639
7.23996 2.96338
7.3046 2.88989
7.1203 -1.84609
6.85805 -2.10418
6.79566 -2.16028
8.18359 0.735436
8.18128 0.767331
6.73765 -2.21068
6.72182 -2.22467
6.60827 -2.32215
6.5017 -2.41152
6.46743 -2.43997
6.37904 -2.511
6.34035 -2.54217
4.63904 -1.83013
4.61221 -1.71331
4.48359 -1.16232
4.48525 -1.16929
4.2274 1.59589
4.22858 1.61397
4.21206 0.564219
4.21071 0.59547
7.36523 -1.57505
7.37099 -1.56828
4.4086 -0.826308
4.4009 -0.790722
4.43305 -0.938694
4.4284 -0.916933
4.20539 1.0699
4.20603 1.10431
6.20163 -2.65057
6.22323 -2.63409
8.04771 -0.362041
4.84525 3.78812
4.83688 3.78028
8.1816 0.325205
8.18684 0.401381
4.20704 0.723311
4.20556 0.752493
7.05812 3.15184
7.03803 3.17094
6.75333 3.42061
6.81681 3.36816
4.26796 2.05796
4.2643 2.02441
5.36368 -3.22446
5.34093 -3.23801
6.34822 3.70039
6.33646 3.70762
8.17096 0.874976
8.17348 0.85327
8.15747 0.983891
8.16886 0.896314
4.47903 3.16091
4.46353 3.11136
4.73602 3.67179
4.74063 3.67821
5.68511 -3.02358
4.96449 -3.17974
4.97101 -3.19707
8.11933 -0.108296
6.54693 3.5742
6.59293 3.54105
5.63089 3.9778
7.31463 -1.63401
7.25264 -1.70353
5.94779 -2.84131
5.94496 -2.8432
8.14435 0.0146627
8.12456 -0.0831681
4.65478 -1.90094
4.64993 -1.88133
4.20995 1.23131
4.21012 1.26314
4.23887 1.75244
4.23807 1.7416
4.44355 3.04093
4.44546 3.04894
4.76265 -2.35131
4.99894 -3.24974
7.33608 2.85069
7.3706 2.80959
4.50534 3.23577
4.51501 3.26357
6.56163 -2.3615
6.54698 -2.37415
6.10554 3.82569
6.1417 3.80885
6.79089 -2.16462
4.21177 1.29481
4.21606 1.39358
4.2054 0.786813
4.20422 0.878716
4.35088 -0.555133
4.31973 -0.38818
5.55309 3.98779
5.53945 3.98937
4.85533 -2.78173
4.82979 -2.66536
4.80765 -2.56746
4.79961 -2.52318
4.22663 0.331785
4.24423 0.130781
4.27465 -0.120325
4.2731 -0.1101
7.91353 -0.709251
7.82046 -0.899314
5.3213 -3.2504
7.90428 1.90255
7.83665 2.05451
4.35105 2.62298
4.32761 2.47271
4.44694 3.05505
5.21959 3.97222
5.2846 3.98366
8.15117 1.02862
8.11436 1.23416
5.22725 -3.29591
5.19156 -3.30784
5.14698 -3.31465
7.32601 -1.6211
4.58887 3.43506
4.57714 3.41249
5.60557 -3.07653
5.53161 -3.12365
4.86424 -2.8124
4.87602 -2.86447
4.89542 -2.94514
4.90945 -3.00345
4.93202 -3.08112
5.66963 -3.03323
4.95009 -3.13183
4.98103 -3.21452
5.05447 -3.30547
7.79725 -0.9424
7.9283 -0.676246
4.45739 3.09105
7.70103 -1.10874
7.60226 -1.26091
7.50435 -1.40001
4.65104 3.55177
4.6528 3.55443
4.78573 3.7291
8.19086 0.556421
6.27683 -2.59237
6.29675 -2.57599
6.23547 -2.62493
4.23211 1.66457
4.23395 1.69078
7.41373 -1.51639
7.41502 -1.51481
4.64988 3.5496
7.50005 -1.40585
5.98425 -2.8157
5.98361 -2.81614
6.08174 -2.74296
4.49707 -1.21763
4.50363 -1.24505
4.47142 -1.11139
4.47023 -1.10623
4.47006 -1.10546
4.4422 -0.980037
4.20446 0.948771
4.20483 1.04081
4.21906 1.44827
4.22444 1.54982
4.31218 -0.345195
4.37489 -0.672955
4.21956 0.426403
4.21349 0.530274
5.44482 3.99424
5.5723 3.9852
5.36775 3.99208
4.27286 -0.108385
5.45032 -3.17484
5.468 -3.16458
7.8158 2.09801
7.92452 1.85388
7.9805 1.70824
7.7413 2.24508
4.3188 2.41466
4.37577 2.75253
4.85284 3.7942
4.95759 3.86984
4.98422 3.88469
5.08285 3.93152
5.16911 3.95959
8.09929 1.30358
8.05724 1.47058
7.62415 2.45054
7.56165 2.54769
7.43542 2.72574
7.37182 2.80803
7.50523 2.62963
7.71883 2.28643
7.49605 -1.41115
7.43079 -1.49503
4.5391 3.32394
4.64301 3.53748
4.70034 -2.09158
4.7308 -2.21324
4.73556 -2.23569
8.03664 1.54067
5.91162 -2.86751
8.1771 0.268328
8.16615 0.164422
5.8852 3.91405
6.06839 3.84198
4.40673 2.8949
4.39302 2.83496
6.78545 -2.16952
6.67983 -2.26113
6.53099 -2.38796
6.44085 -2.46135
6.31678 -2.56056
4.20973 0.627912
4.39632 -0.770151
4.41454 -0.853831
4.42076 -0.882545
4.20694 1.1343
8.19083 0.539804
4.20832 1.20053
4.2073 0.693121
5.49803 -3.14484
6.47454 3.62287
7.94284 -0.642998
4.24319 1.80519
4.38743 -0.727607
5.89532 3.91018
5.43147 -3.18697
5.49108 -3.14928
7.44051 2.71893
8.02961 1.5632
5.84414 -2.91393
5.04031 -3.29861
8.16308 0.139288
8.12014 -0.104844
6.1521 3.80391
6.22086 3.77094
6.32613 3.71379
4.79197 3.73607
4.38528 2.79841
6.39589 3.67195
4.39051 2.82326
