5.95654 2.43762
5.97746 2.4393
7.21067 1.24297
7.22394 1.20164
5.1414 1.02551
5.14212 1.03607
7.29491 0.854592
7.30031 0.797679
5.37652 -0.529801
5.38767 -0.555126
5.47658 -0.733242
5.49512 -0.763149
5.2005 1.48326
5.2146 1.54856
5.41286 2.06853
5.39172 2.03303
5.52924 2.22533
5.57623 2.27387
7.18191 -0.117136
7.19104 -0.0927292
5.21477 0.00237027
5.20366 0.0590628
5.1344 0.712163
5.13446 0.709154
5.14306 0.51594
5.14343 0.510812
7.29959 0.386314
7.29681 0.360772
6.69305 2.10481
6.76773 2.02725
6.18824 2.41138
6.17413 2.41428
6.40361 2.32146
6.41105 2.31701
5.68791 2.35676
5.77205 2.39824
6.82318 -0.721916
6.85646 -0.683654
6.75236 -0.798853
6.69828 -0.849903
7.01881 -0.454877
6.99305 -0.496505
7.29059 0.889821
7.2758 0.976787
5.30098 -0.324055
5.29895 -0.318179
5.58621 -0.895065
5.5521 -0.851993
5.25492 1.69775
5.23015 1.61045
5.16369 1.25738
5.17178 1.31463
6.30303 -1.10673
6.31417 -1.10182
5.32455 1.89359
5.34252 1.93275
6.51898 -0.994069
6.51274 -0.998426
6.97412 1.75799
6.95744 1.78325
7.08086 1.5678
7.10693 1.5136
5.91869 -1.13441
5.9742 -1.14539
5.73349 -1.04259
5.73275 -1.04199
6.10903 -1.15155
6.05136 -1.15148
7.06933 -0.365606
7.10355 -0.298535
7.2545 0.119563
7.2578 0.133156
5.23253 -0.0780348
5.24644 -0.130901
5.16909 0.270542
5.17482 0.230397
6.63782 2.15407
6.60006 2.18734
7.30911 0.640629
7.30968 0.59036
7.22465 1.19923
7.24462 1.12539
6.51703 2.25042
6.52082 2.2476
7.26812 1.02308
7.29194 0.880463
5.25562 -0.169067
5.26813 -0.214701
5.22992 -0.0675659
5.13519 0.907456
5.13513 0.904595
6.55789 2.21869
6.59936 2.18793
6.84729 1.93623
6.79664 1.99518
6.51301 2.25335
6.41778 2.31272
5.13408 0.836066
5.13414 0.842846
6.68152 2.11607
6.67633 2.12083
5.13732 0.95202
5.3319 -0.411871
5.34225 -0.44054
7.29267 0.875238
5.22835 -0.0609759
5.2214 -0.0307872
5.28231 -0.2652
5.28001 -0.257097
6.00094 2.43788
5.87395 2.42786
6.2382 2.39439
6.29534 2.37433
6.63045 -0.910754
6.6115 -0.925572
6.97161 -0.528527
6.92699 -0.59224
5.15017 1.14199
5.39888 -0.579064
5.34949 -0.460175
5.52816 -0.815939
5.46311 -0.710191
5.22512 1.59218
5.19606 1.45974
5.36593 1.98285
5.44354 2.11522
5.6012 2.29484
5.48248 2.17162
7.0406 1.64584
7.03443 1.6574
5.82536 -1.09905
5.8347 -1.10301
6.20582 -1.13666
6.19916 -1.13767
7.14966 -0.197924
7.22271 0.00254022
5.19941 0.0811632
5.21614 -0.00424751
5.13584 0.646016
5.13407 0.774316
5.13912 0.583401
5.15419 0.39217
7.28193 0.255484
7.30745 0.484992
5.80816 2.40998
6.0823 2.43277
5.67228 2.34791
6.78021 -0.769529
6.88042 -0.65427
6.53803 -0.980132
7.05343 -0.395262
7.12845 1.46596
7.15068 1.41242
5.15338 1.17288
5.29304 -0.300798
5.3201 -0.379342
5.43131 -0.647063
5.64325 -0.962379
5.18033 1.37146
5.27779 1.76889
5.28832 1.80101
6.40157 -1.06286
6.23321 -1.12845
5.3049 1.84642
5.46653 2.14985
6.41897 -1.0531
7.00425 1.70923
6.91435 1.84561
7.0298 1.66559
5.6518 -0.970552
6.01327 -1.1516
5.74269 -1.04824
5.72642 -1.0364
7.13117 -0.239737
7.2273 0.0174308
7.27823 0.234213
5.18736 0.150831
5.13591 0.643968
5.15633 0.372331
5.136 0.642017
7.30913 0.525232
6.59974 2.1876
6.66869 2.12775
7.3074 0.687195
7.19572 1.29181
7.17113 1.36039
7.25063 1.10322
7.25692 1.07301
7.26705 1.02863
5.27617 -0.244336
5.25423 -0.163819
6.85135 1.93132
6.85506 1.92656
7.30349 0.761595
5.13398 0.777682
5.13501 0.901638
6.30079 2.37188
6.89285 1.87572
7.19957 1.27991
6.30646 2.36906
6.35661 2.34568
7.16378 1.38086
7.3063 0.718823
6.88377 1.88862
5.25338 -0.16053
