7.07393 -0.603014
7.08522 -0.585739
7.42247 0.642858
7.4242 0.594581
7.38355 1.02922
7.38384 1.02772
5.43569 -0.978183
5.42589 -0.961124
5.03879 1.26694
5.0464 1.33316
6.28037 -1.30625
6.24405 -1.31788
6.65609 -1.07765
6.69835 -1.04263
7.16623 1.66327
7.17986 1.63648
7.22778 -0.318966
7.19523 -0.387298
7.38265 0.156575
7.38283 0.157335
5.05651 0.206573
5.04294 0.311826
5.992 2.63182
5.96302 2.63433
6.38974 2.50873
6.38035 2.51342
6.17438 2.59853
6.11364 2.61275
6.96072 -0.763273
6.95122 -0.775402
7.24951 1.48095
7.24093 1.50158
5.02441 1.09925
5.02369 1.08874
5.26305 -0.62394
5.25799 -0.609929
5.18735 -0.402921
5.19557 -0.429132
5.3424 -0.807336
5.35575 -0.835487
5.55279 -1.13587
5.53398 -1.1152
5.08253 1.55948
5.07599 1.52244
5.13265 1.77675
5.14696 1.82546
5.50842 2.46976
5.55759 2.51018
6.08757 -1.35626
6.00602 -1.36104
5.90107 -1.35087
5.98488 -1.36045
5.19559 1.97691
5.1927 1.96916
5.27449 2.15793
5.27077 2.14985
5.37573 2.32451
5.3686 2.31484
6.79469 -0.951178
6.81295 -0.93328
7.0706 1.83544
7.05801 1.85594
5.71724 -1.2787
5.71236 -1.27536
7.32259 -0.0757266
7.28473 -0.183437
7.3281 -0.0567371
7.35542 0.038641
5.10145 -0.0579925
5.10319 -0.0667783
5.0148 0.851274
5.01574 0.907419
5.0175 0.653828
5.01585 0.711959
5.02885 0.451114
5.02886 0.451046
5.69997 2.58827
5.75709 2.60849
7.4037 0.28266
7.41638 0.395966
6.47659 -1.20809
6.46312 -1.21577
5.16662 -0.329085
5.15593 -0.289138
7.3986 0.932854
7.39557 0.955965
6.75425 2.23573
6.69408 2.29167
6.58494 2.38265
6.54417 2.41166
6.98688 1.96018
6.95926 1.99847
7.4061 0.884671
7.40535 0.890929
5.20087 -0.445427
5.19756 -0.435301
5.11797 -0.137563
5.11623 -0.130092
5.0168 0.964561
5.01716 0.980333
5.01461 0.833227
6.75838 2.23186
6.75918 2.2311
7.36406 1.11988
7.36615 1.11174
7.34134 1.20913
7.34335 1.20158
6.88947 2.08833
6.85136 2.13212
7.31364 1.30314
7.29534 1.35772
5.14027 -0.227599
5.14651 -0.252264
6.81914 2.16748
6.79259 2.19584
6.33555 2.53598
6.32514 2.5407
7.4146 0.80379
7.41824 0.762723
5.01804 0.640039
5.02052 0.581545
5.1312 -0.191313
7.1393 1.71474
7.12082 1.74924
5.08447 0.0335957
5.07955 0.0598339
5.01469 0.777139
6.28155 2.5606
6.25253 2.571
7.01999 -0.682283
7.09934 -0.562639
7.42333 0.559982
7.42157 0.691403
7.39107 0.981036
7.38341 1.02998
5.38735 -0.893696
5.44375 -0.991522
5.62331 -1.20811
5.61418 -1.19874
5.10485 1.66988
5.10466 1.669
6.67167 2.31209
6.62377 2.35137
5.43752 2.40008
5.46198 2.427
6.18325 -1.33761
6.35026 -1.27515
5.2336 2.06836
5.19792 1.98259
6.57662 -1.14098
6.73692 -1.00692
7.19888 1.59731
7.15086 1.69302
5.80982 -1.32483
5.74428 -1.29211
7.24205 -0.287369
7.16577 -0.444885
7.38283 0.157359
7.35623 0.0418411
5.01556 0.720283
5.06184 0.16964
5.0411 0.327908
5.82377 2.62354
5.85948 2.62944
6.9154 2.05615
6.90734 2.06661
5.93414 2.63301
6.06819 2.62335
6.93926 -0.789875
7.14484 -0.483767
7.21368 1.56546
7.27455 1.41699
5.65582 2.5693
5.59097 2.53214
7.42054 0.7249
5.27011 -0.642562
5.22857 -0.526947
5.3024 -0.71825
5.33063 -0.78136
5.49135 -1.05862
5.62615 -1.21082
5.06317 1.44715
5.10494 1.67022
5.16368 1.88154
5.05312 1.37814
5.39023 2.34227
5.99342 -1.36147
6.12499 -1.34882
6.37891 -1.26244
5.82669 -1.33023
5.27866 2.16618
5.3228 2.24272
6.88294 -0.855955
6.82592 -0.919959
6.57032 -1.14535
7.05119 1.86642
7.11317 1.76293
7.15405 -0.467215
7.25999 -0.245633
7.32282 -0.0750499
7.27988 -0.195966
7.40198 0.270638
5.11017 -0.10273
5.09119 -0.00347108
5.01774 0.646763
5.02886 0.45104
5.02078 0.576549
5.0349 0.385748
5.07503 0.0870053
7.41817 0.416671
7.3528 1.16238
7.36268 1.12606
7.42276 0.497609
7.32106 1.27872
7.37272 1.07728
6.75782 2.2324
6.4989 2.44385
7.00922 1.92906
7.28334 1.3941
7.40815 0.866876
7.40658 0.881055
5.21815 -0.496443
5.03328 1.21681
6.47509 2.45829
6.43404 2.48342
5.02454 1.10121
5.11513 -0.125308
6.48662 2.45144
