7.62022 0.0498759
7.62544 0.0718128
7.48792 -0.376669
7.45148 -0.461843
7.58925 1.25692
7.58758 1.26352
4.77015 1.31527
4.77375 1.35995
4.97034 -0.690967
4.99543 -0.771723
4.86518 -0.263972
4.85561 -0.215209
5.05903 -0.963815
5.06408 -0.97714
6.63912 2.73589
6.63797 2.73675
6.9698 2.42639
6.90484 2.49729
4.7785 0.307179
4.78317 0.2604
4.75296 0.782098
4.7519 0.812116
5.05325 2.52702
5.05781 2.53542
4.96253 2.30826
4.97657 2.34678
6.19682 -1.76526
6.22964 -1.75304
7.1999 -0.901016
7.18642 -0.92095
6.19312 2.9907
6.14737 3.00815
6.62543 -1.50905
6.56814 -1.55131
7.12313 2.23807
7.08765 2.28459
7.67323 0.453111
7.67649 0.540542
7.65964 0.877577
7.66474 0.829745
7.56519 -0.160391
7.53812 -0.242728
7.4421 -0.482867
7.43958 -0.488118
5.32881 2.89769
5.28349 2.85611
5.52619 3.01709
5.47887 2.99558
7.6633 0.322838
7.65193 0.226671
5.33113 -1.52623
5.30542 -1.48679
5.19282 -1.28316
5.21053 -1.32044
4.80402 1.62517
4.81949 1.72464
4.85631 1.92067
4.86226 1.95008
5.72389 -1.82814
5.68959 -1.81721
5.83767 -1.84384
5.86426 -1.84374
5.58343 -1.77101
5.6083 -1.78485
4.9379 -0.571417
4.96227 -0.662255
5.14963 2.6949
5.13905 2.67918
4.90343 2.11431
4.89127 2.07285
6.03482 -1.82085
6.05855 -1.81424
6.34596 2.92125
6.38386 2.90176
5.75255 3.06766
5.72918 3.06619
5.93685 3.06046
5.94244 3.05933
6.4267 -1.64744
6.35154 -1.69081
6.82827 -1.3345
6.75989 -1.39667
7.29192 -0.760966
7.31626 -0.720843
7.67605 0.635914
7.6766 0.5694
7.44408 1.67756
7.43618 1.69598
6.55426 2.79693
6.50938 2.82646
6.8826 -1.28049
6.92237 -1.23995
7.32208 1.92766
7.3196 1.9322
7.479 1.59314
7.50515 1.52429
4.75271 0.942672
4.75323 1.01037
5.13748 -1.1649
5.12997 -1.14673
4.80901 0.0513224
4.80714 0.0636302
4.76778 0.431052
4.76368 0.483753
4.84509 -0.159423
4.82918 -0.0735278
7.49382 -0.362058
7.61484 1.1494
7.60566 1.18868
6.90227 2.50003
6.83159 2.56959
6.97956 -1.17874
6.99352 -1.16333
7.36059 1.85475
7.36419 1.84773
7.14493 2.20791
7.18778 2.14592
7.56601 1.34153
7.56533 1.34391
7.6676 0.795858
7.66624 0.813977
7.52843 -0.270286
7.57584 -0.124714
7.44371 -0.479585
4.76232 1.20473
4.75871 1.13418
5.66334 -1.80958
4.77478 0.346421
4.77094 0.3909
4.75676 0.618516
4.75566 0.651753
4.75209 0.882419
5.01336 2.43788
4.9875 2.37324
6.71879 2.6711
6.72709 2.66439
7.64537 0.984843
7.64298 1.00047
4.89181 -0.388223
4.91144 -0.469991
7.28772 1.98765
7.26719 2.02232
4.75493 1.04017
4.75537 1.07121
4.76554 1.25537
5.98496 -1.83133
5.94709 -1.83742
5.74251 -1.83274
5.78594 -1.8374
4.88529 -0.35889
6.67889 2.70345
6.71191 2.67682
4.78479 0.245784
4.79033 0.195132
4.75947 0.556326
4.76129 0.521359
4.7548 0.683708
4.75261 0.751585
7.09333 -1.04419
7.11426 -1.01859
6.95288 -1.20842
7.67266 0.725514
7.6751 0.672136
7.36812 -0.62893
7.35764 -0.64862
5.51673 -1.72589
5.48401 -1.70072
5.38808 -1.59989
5.37465 -1.58292
5.04901 2.51845
6.30692 2.94159
6.26386 2.96168
4.7863 1.48827
4.79302 1.54664
5.88624 -1.84302
5.91921 -1.84025
5.44782 -1.66525
5.47687 -1.69371
4.94401 2.25303
4.93431 2.2203
7.53256 1.44744
7.53675 1.43559
7.58682 -0.0864689
6.08313 -1.80731
6.08807 -1.80566
4.91535 -0.485479
7.6318 0.107431
7.61564 0.0291005
5.42687 2.96769
5.37247 2.93131
5.27842 -1.44183
5.25565 -1.40481
4.77501 1.37502
4.76858 1.2958
4.83963 1.83809
4.83432 1.80915
5.01122 -0.821252
4.96509 -0.672439
5.4102 -1.62691
5.42124 -1.63807
5.09391 -1.05573
5.052 -0.944793
6.59688 2.76672
6.64036 2.73499
6.991 2.40253
6.90288 2.4994
5.09919 2.61237
6.249 -1.74305
6.1583 -1.78099
7.15717 -0.960025
7.23505 -0.850475
6.1244 3.01497
6.25357 2.9665
5.931 3.06116
5.83267 3.06897
6.52557 -1.58256
6.6667 -1.47562
7.2433 -0.837963
7.24724 -0.831962
7.13915 2.21618
7.07186 2.30437
7.67652 0.545218
7.67236 0.434329
6.4118 2.88577
6.4399 2.87035
7.64731 0.195642
5.23228 2.80272
5.60907 3.04491
5.62653 3.0496
5.20746 2.77279
7.66684 0.359842
5.2347 -1.36806
5.3609 -1.56583
5.16907 -1.23419
4.78566 1.48225
4.80169 1.60983
4.79376 1.55244
4.82775 1.77142
4.87989 2.02862
4.92126 -0.508622
5.02102 -0.851683
5.5604 -1.75811
5.54973 -1.75027
5.02672 -0.870477
5.12569 -1.13597
4.88761 2.0599
4.79155 0.184657
4.80685 0.0656903
5.16752 2.71888
6.32875 -1.70418
7.03572 -1.11513
7.07001 -1.07364
6.3244 2.93283
6.07359 3.03048
5.67226 3.05701
6.04183 3.03899
5.63632 3.05142
6.7263 -1.42666
6.46352 -1.62331
6.84839 -1.31484
7.33873 -0.681844
7.67587 0.649748
7.40599 1.76229
7.47182 1.61128
6.46859 2.85324
7.12549 -1.0038
4.8259 -0.0543604
7.62202 1.11477
7.59153 1.24854
7.57137 1.32249
7.62708 1.08665
7.63284 1.05857
6.81439 2.5861
6.75698 2.63764
7.03381 2.35149
7.39689 1.78166
7.33608 1.90154
7.20863 2.11433
7.23458 2.07448
7.54016 1.4251
7.64821 0.965562
7.65704 0.901399
7.3948 -0.578105
7.38079 -0.605587
7.32391 1.92438
7.25087 2.04914
5.9353 -1.83912
6.02938 -1.8219
5.4799 -1.69679
7.59754 -0.046379
6.13168 -1.79176
7.02527 -1.12745
5.65001 -1.80464
