5.44608 -2.38959
5.48918 -2.40467
5.30751 3.46973
5.30357 3.46842
6.16279 -2.23662
6.18871 -2.22251
5.87595 -2.36979
5.83566 -2.38372
6.60733 3.15587
6.63117 3.13817
4.66649 -0.697161
4.69729 -0.82271
5.86336 3.50697
5.94046 3.48846
6.16881 3.40911
6.17024 3.40842
4.71313 2.68283
4.72742 2.72647
7.02085 2.79676
7.0514 2.76523
7.16724 2.63429
7.13113 2.67719
7.87827 1.14711
7.89255 1.06999
7.37691 -1.12967
7.38781 -1.11422
7.4569 2.22822
7.4794 2.19059
7.79321 1.48244
7.77208 1.54839
7.93444 0.663095
7.9366 0.594679
7.7784 -0.359996
7.7565 -0.420141
4.9 3.10241
4.89594 3.09535
5.03601 3.27741
5.01503 3.25676
5.1841 3.40362
5.10803 3.34732
5.46819 3.51699
5.49669 3.52234
5.7247 -2.41024
5.65002 -2.42032
7.89881 0.102359
7.89171 0.0614697
7.92961 0.357858
7.92753 0.33006
4.90117 -1.52353
4.88813 -1.48615
4.95937 -1.69043
4.95156 -1.66867
4.51359 1.65235
4.51643 1.67943
4.4933 1.4228
4.49253 1.41427
4.64831 -0.618596
5.0187 -1.83779
5.00523 -1.80446
4.54962 1.94713
4.55741 1.99904
7.53148 -0.890449
7.58435 -0.796177
5.78064 3.5199
5.72988 3.52642
6.3928 3.29502
6.44746 3.26121
6.8259 2.98262
6.89162 2.92365
7.47722 -0.979302
7.51001 -0.926597
6.51047 -2.00903
6.41169 -2.08012
6.61537 -1.92857
6.6119 -1.93131
6.83031 -1.74455
6.80785 -1.76509
7.0333 -1.54487
6.9994 -1.58087
5.9684 -2.33327
5.93663 -2.34742
5.53875 -2.41507
5.4956 -2.406
4.49318 0.401959
4.49413 0.388276
4.53796 -0.020184
4.53077 0.0357748
7.92592 0.819019
7.92614 0.816322
4.77833 -1.12703
4.75898 -1.05944
4.83098 -1.30571
4.82062 -1.27046
7.81488 -0.249842
7.79852 -0.301266
5.13286 -2.07077
5.16309 -2.12214
6.08793 -2.27751
6.19515 -2.21887
4.47461 0.855037
4.47462 0.849997
4.47529 0.981639
4.47524 0.976996
4.62447 -0.508119
5.99642 3.47083
5.82461 3.51472
6.16513 3.41061
6.28126 3.35575
4.67813 2.5659
4.66997 2.53841
4.74912 2.78552
4.73373 2.74493
7.09032 2.72249
7.12552 2.68359
7.27016 2.50522
7.2548 2.52519
7.16605 -1.39925
7.15801 -1.40886
6.60851 -1.93383
6.5123 -2.00778
6.95544 -1.62407
6.90413 -1.67506
7.53592 2.09067
7.57028 2.0263
7.37363 2.36005
7.37743 2.35435
7.84013 1.31574
7.82779 1.36359
7.73876 -0.467189
7.72594 -0.497791
7.70817 -0.540273
6.7964 3.00774
6.75276 3.04417
6.53483 3.20565
6.55547 3.1922
4.51946 1.71187
4.51943 1.71154
4.51007 1.61527
4.50245 1.53367
4.49851 1.48695
4.4889 1.36373
4.48823 1.35419
4.71159 -0.879593
4.82142 2.95793
4.82759 2.97008
4.57881 2.12945
4.59988 2.23946
6.05514 3.45283
6.3155 3.33693
6.50341 3.22694
5.64895 3.53194
5.63939 3.53186
6.9391 2.87802
6.40693 -2.08314
6.78995 -1.78053
6.71034 -1.8501
7.09348 -1.48187
6.28614 -2.16319
5.21733 -2.2023
5.25604 -2.24884
6.0698 -2.28705
6.03751 -2.30249
4.7385 -0.982399
4.75198 -1.03331
4.48453 0.524688
4.48904 0.460639
4.49896 0.330176
4.51251 0.188826
4.52049 0.116056
4.54723 -0.0835179
4.47682 0.717695
4.4767 0.721443
4.48166 0.590416
4.48163 0.591061
4.75571 2.80156
4.77247 2.84452
4.62264 2.34399
4.62856 2.3713
7.66602 1.82491
7.66913 1.81763
7.32416 -1.2018
7.3048 -1.2274
7.9196 0.877402
7.9165 0.907859
4.48164 1.23003
4.48167 1.23099
4.47756 1.10067
4.47763 1.10399
7.83419 -0.18366
5.10799 -2.02747
5.08924 -1.99125
5.39421 -2.36524
5.40681 -2.3726
4.72401 -0.927805
4.73533 -0.970302
6.71044 3.07837
6.68795 3.09517
4.60438 -0.411617
4.58877 -0.330855
4.48449 0.525864
4.4844 0.52696
4.57771 2.12381
4.5782 2.12634
4.55472 -0.130536
4.56622 -0.201377
4.60685 2.2717
4.61544 2.31201
4.60273 2.2527
7.71158 1.71409
7.73641 1.65006
7.84766 -0.136227
7.85054 -0.125154
7.66726 -0.631273
7.65621 -0.655613
4.90851 3.11553
4.93548 3.1557
4.54629 1.92206
4.53928 1.87177
7.3567 -1.15803
7.92982 0.762166
7.9321 0.731967
5.31774 -2.30884
5.3418 -2.33053
5.27516 -2.27142
4.50603 1.57164
4.5041 1.55111
4.61036 -0.441085
4.56744 2.06269
4.57281 2.09539
4.8853 3.07611
4.85524 3.02306
4.50355 0.277881
4.50474 0.264931
4.80437 -1.21657
4.78499 -1.14988
5.49194 -2.40538
5.19759 -2.17381
5.20553 -2.18638
5.00894 3.25003
4.97285 3.20641
5.30148 3.46749
5.40036 3.50172
5.82763 -2.38565
5.88615 -2.36682
7.91715 0.227355
7.91344 0.197196
4.47467 0.918501
4.47465 0.913497
4.47464 0.786497
4.47442 0.791645
4.94795 -1.65806
4.91942 -1.57763
5.03102 -1.86824
5.05348 -1.91597
4.5584 2.00639
7.59697 -0.772408
7.64045 -0.687209
7.6236 1.91757
7.61801 1.92948
4.6564 2.48807
4.64448 2.44008
4.72863 2.73027
4.70839 2.66735
7.12914 2.67947
7.18893 2.60849
7.86569 1.20805
7.90031 1.02246
7.42764 -1.05517
7.21502 -1.34157
7.21494 -1.34167
7.49696 2.16019
7.42984 2.27254
7.32993 2.42319
7.35985 2.38038
7.76603 1.56613
7.80108 1.45712
7.93638 0.523374
7.93325 0.705598
5.56575 -2.41931
5.58515 -2.42037
4.85781 -1.39469
4.8607 -1.40405
7.87568 -0.0181517
7.86459 -0.0671055
5.09129 3.3326
5.20617 3.41807
5.51772 3.52408
5.74285 -2.40771
5.60883 -2.42009
7.93552 0.460634
4.98632 -1.75837
5.08378 -1.97934
4.54803 1.9354
7.67811 -0.607976
7.5251 -0.901442
7.46278 -1.00223
7.93638 0.486005
4.8568 -1.39126
5.92281 -2.35225
5.98708 -2.32593
4.47894 0.653883
4.47885 0.656257
4.78957 2.88509
4.79704 2.90349
4.47935 1.16521
4.47942 1.16749
4.58292 -0.29878
4.75296 -1.03702
5.12428 -2.05711
4.47571 1.0405
4.63917 2.41674
4.6982 2.63503
7.20512 2.58841
7.07035 2.74505
7.91266 0.936167
7.85211 1.2677
7.32084 2.43596
7.11543 -1.45718
7.21542 -1.34107
7.57372 2.01959
7.5262 2.10851
7.41577 2.29482
7.81788 1.39897
7.74092 1.63753
4.51942 1.71147
4.52614 1.77021
4.48369 1.29474
4.84311 3.00141
4.81515 2.94483
5.65507 3.53186
5.59713 3.5318
6.01304 -2.31321
4.48328 1.28278
4.48366 1.29427
4.50598 0.250485
4.52494 0.0793942
4.47459 0.78145
4.48268 0.56596
7.10318 -1.47109
7.92581 0.820478
6.57217 3.18053
7.70362 1.73428
4.537 1.8539
4.53105 1.80775
4.95145 3.17723
7.66311 1.83167
7.57751 2.01215
4.48368 1.29449
4.49406 1.43269
4.52765 1.78234
7.27023 -1.27254
6.64575 3.12721
5.70726 3.52907
7.85329 -0.11413
