6.2482 -2.44505
6.27574 -2.42575
4.71565 -1.60295
4.73043 -1.65643
4.91948 3.57871
4.92541 3.58448
8.06739 0.19116
8.07174 0.2248
4.32444 1.35817
4.3221 1.32805
4.31235 0.949474
4.31246 0.977187
4.31345 0.850186
4.3128 0.814662
4.32852 1.44715
4.33092 1.48618
5.74637 3.786
5.83007 3.7662
4.32801 0.425046
4.32552 0.4633
5.55315 3.8089
5.52337 3.80919
4.38791 2.06085
4.39344 2.10921
4.37452 -0.0453134
4.36044 0.0679589
4.61779 3.08779
4.62198 3.09983
7.11081 2.94526
7.12471 2.93068
6.91401 -1.89981
6.85463 -1.95642
7.20704 -1.5983
7.19266 -1.61443
4.8449 -2.05803
4.82159 -1.97879
4.91695 -2.27346
4.92486 -2.29772
5.46096 -2.85114
5.46827 -2.8504
5.29833 -2.84405
5.35581 -2.85611
5.23753 -2.82095
5.2663 -2.83403
4.99389 -2.47941
5.00179 -2.49721
5.0736 -2.64086
5.09184 -2.67057
5.19523 -2.79164
5.19402 -2.79041
5.58888 -2.81934
5.62582 -2.80484
6.40741 -2.32871
6.46999 -2.2805
5.78319 -2.73343
5.81941 -2.71592
8.00194 -0.158779
8.00443 -0.149695
7.93465 -0.384597
7.92736 -0.40523
5.9152 -2.66161
5.9355 -2.65025
8.0806 0.323691
8.07803 0.291513
8.04756 0.0561438
8.03821 0.00267283
8.02011 -0.0817291
8.03329 -0.0235328
6.65566 3.34787
6.68066 3.32952
6.86615 3.17764
6.88961 3.15761
5.89988 3.7477
5.97115 3.72433
4.3775 1.98968
4.37052 1.93359
4.39867 2.14239
4.41153 2.2274
7.73166 -0.850511
7.69214 -0.923194
7.84309 -0.618329
7.80423 -0.705118
6.19658 3.63079
6.16835 3.64318
6.43006 3.50221
6.44199 3.49483
7.08863 2.96821
7.58351 -1.10454
7.5971 -1.08346
6.74362 -2.0553
6.65988 -2.12754
7.12396 -1.69029
7.04579 -1.77063
8.07964 0.787313
8.08525 0.718876
6.03715 -2.58789
6.05522 -2.57664
5.05683 3.68579
5.01472 3.65818
4.87917 3.53812
4.84786 3.50152
8.08939 0.492605
8.08515 0.389188
4.58438 -1.09118
4.57153 -1.0393
4.34401 1.6683
4.33974 1.61448
4.31775 0.625487
4.31894 0.593709
4.56406 2.93125
4.57788 2.97558
7.30842 -1.48034
7.284 -1.50971
5.98853 -2.61842
5.94602 -2.64445
4.51904 -0.813177
4.53822 -0.897891
4.31516 1.13353
4.31436 1.10419
7.1402 -1.67293
7.14629 -1.66632
6.19273 -2.48389
4.62136 -1.23782
4.60726 -1.18212
5.65407 3.80136
5.70134 3.79367
5.84913 3.76193
4.46926 -0.587386
4.4736 -0.608072
4.43183 -0.393379
4.41878 -0.323509
4.42651 2.31542
4.43038 2.34511
4.38172 -0.0957662
4.39293 -0.170868
7.74744 2.01087
7.72323 2.06132
7.83343 1.81564
7.81348 1.8639
4.50297 2.70675
4.48955 2.65086
4.44392 2.42016
4.44846 2.44805
5.11873 3.72077
5.13356 3.72743
5.20345 3.75648
5.24951 3.77235
8.00553 1.27297
8.01361 1.23626
8.05198 1.02602
8.06072 0.964287
7.45873 2.51609
7.446 2.53438
7.33114 2.69003
7.31302 2.71279
7.40069 -1.36476
7.37599 -1.39715
6.83034 -1.97786
6.95069 -1.86551
7.63698 2.22665
7.65231 2.1989
7.55781 2.36401
7.5584 2.36305
4.73396 3.3353
4.75267 3.36869
4.67393 3.22106
4.67781 3.2302
4.88751 -2.19012
4.86696 -2.12392
7.9018 1.6345
7.8909 1.66591
7.95553 1.46716
7.95043 1.48488
5.38604 -2.8565
5.71025 -2.76991
5.70124 -2.77428
5.64771 -2.79538
5.53963 -2.83325
6.5321 -2.23181
6.53441 -2.23006
6.40626 -2.32953
7.97155 -0.266747
7.97501 -0.255444
7.94046 -0.367407
6.6335 3.36468
6.56318 3.4144
6.68508 3.32617
6.73644 3.28625
6.78979 3.24228
6.81479 3.22167
6.00813 3.70992
5.98626 3.71843
5.8595 3.75958
4.37848 1.99721
4.42008 2.28048
6.08375 3.68114
6.29075 3.58321
6.24807 3.60491
6.4196 3.50887
6.31271 3.57141
6.4748 3.47399
6.50293 3.45537
7.17874 2.87212
6.65404 -2.13218
6.75764 -2.04356
6.99464 -1.82116
8.08619 0.698898
8.07603 0.833486
6.33948 -2.37932
6.34395 -2.37612
6.5956 -2.18018
4.64483 3.1573
4.64859 3.16536
8.08331 0.356132
8.08995 0.518566
4.55753 -0.980487
4.56497 -1.01245
4.53958 2.85114
4.5355 2.83703
4.50511 -0.752875
4.5131 -0.786996
4.54176 -0.913168
6.13445 -2.52377
6.10842 -2.54097
4.64429 -1.32955
4.63715 -1.30032
4.66982 -1.43095
4.66678 -1.41842
5.09731 -2.67985
5.10145 -2.68708
5.01179 -2.52051
5.02162 -2.5443
8.05839 0.123995
8.05486 0.0984425
4.7845 -1.8512
4.7684 -1.79727
4.54445 -0.92489
4.55655 -0.976239
4.31551 0.723184
4.31373 0.758174
4.49456 -0.705637
4.35658 1.80636
4.36144 1.85498
4.98591 -2.46266
4.96621 -2.41142
4.34416 0.224359
4.33645 0.311601
4.63756 3.13967
7.18897 2.8608
7.19278 2.8565
8.0724 0.864739
7.4788 -1.26011
7.48286 -1.25451
5.47018 -2.85009
4.80421 -1.9228
4.79041 -1.87192
8.08921 0.617178
5.42002 -2.85639
5.0512 -2.6014
5.04108 -2.5813
7.87939 -0.531081
7.86758 -0.560772
6.99145 3.06308
7.03119 3.02529
4.82585 3.47447
8.08948 0.607401
4.35069 1.74747
4.3503 1.74275
4.31899 1.23118
4.31916 1.26301
4.37958 2.00573
6.94029 3.11185
6.94371 3.10864
6.16925 -2.50058
4.74005 -1.69364
4.69778 -1.53708
8.07484 0.257743
8.06252 0.153438
4.32154 1.29468
4.32524 1.38647
4.31276 1.01274
4.31247 0.913687
4.31401 0.786686
4.31254 0.885863
4.33222 1.50758
4.32724 1.42203
4.4515 -0.498167
4.445 -0.465061
4.32387 0.492847
4.32976 0.39808
5.46823 3.80855
5.63182 3.80385
4.35797 0.0903659
4.37544 -0.0521627
7.7906 -0.733777
7.7498 -0.816055
7.7922 1.91309
7.76944 1.96407
4.47041 2.56157
4.46787 2.55017
4.59909 3.03777
5.31376 3.78874
5.31929 3.79013
8.03066 1.15138
8.04029 1.09831
7.39571 2.6054
7.38206 2.62371
7.53392 -1.18039
7.52388 -1.19519
7.15446 -1.65755
7.23876 -1.56236
4.70222 3.27765
4.71351 3.30086
5.14518 -2.74469
5.12497 -2.7174
5.19637 -2.79236
5.72864 -2.76056
5.85222 -2.6972
4.69096 -1.51246
4.76276 -1.77564
8.0355 -0.0121689
8.00672 -0.140821
7.66616 -0.968554
7.85526 -0.590185
7.6316 -1.02693
7.55403 -1.15034
7.49213 -1.24126
6.08579 -2.55631
6.02259 -2.59682
5.0061 3.65154
5.06497 3.69127
5.41977 3.80496
4.57071 -1.036
4.58718 -1.10235
4.33868 1.59923
4.34479 1.67864
4.32034 0.561942
4.31671 0.658896
4.58954 3.00866
4.55807 2.9133
7.25871 -1.53917
7.3283 -1.45643
4.31366 1.06916
4.31624 1.16768
4.59819 -1.14625
4.31307 1.04069
4.3351 1.55033
4.41257 -0.288363
4.33284 0.356823
4.32186 0.528511
4.39484 -0.183305
4.34755 0.189271
7.69938 2.10897
7.8554 1.76086
7.87151 1.71849
7.67515 2.15607
4.51304 2.75044
4.46232 2.52261
4.52365 2.79193
5.11397 3.71817
5.18265 3.74924
5.32638 3.79133
7.26557 2.7716
7.24613 2.79493
7.98016 1.37846
8.06927 0.896655
7.97688 1.39109
7.50624 2.44487
7.3561 -1.4218
7.43003 -1.32654
7.51604 2.42974
7.55527 2.36811
7.6065 2.28103
7.59792 2.29604
4.76981 3.39419
4.79535 3.43364
4.66025 3.19131
4.81252 -1.9497
4.90105 -2.228
4.93179 -2.31951
4.95008 -2.36756
7.92159 1.57632
7.92998 1.55071
6.73649 3.28621
6.89403 3.15364
4.36308 1.87069
4.36292 1.86931
6.30859 3.57386
6.52986 3.43801
6.28052 -2.4225
6.40508 -2.33043
4.96708 3.62152
4.34987 1.7377
4.31579 0.689395
4.54088 2.85527
4.31724 1.19823
5.03054 -2.5613
5.71476 -2.76751
5.05999 -2.61948
7.89055 -0.503885
6.3105 3.57273
5.39215 3.80229
4.95546 -2.38441
6.83873 3.20173
4.36998 1.92964
4.85585 -2.08877
5.66821 -2.788
6.96656 3.08683
6.76257 3.26471
7.90156 -0.475289
6.54536 3.42702
