5.3517 -2.249
5.3046 -2.2078
6.11157 -2.2157
6.18821 -2.17397
5.83668 -2.32507
5.83506 -2.32563
5.67308 -2.35146
5.69041 -2.35133
4.95729 -1.57167
4.98782 -1.65004
4.72571 -0.806625
4.67957 -0.6186
5.05805 -1.81756
5.07743 -1.85803
4.59836 2.04621
4.59054 1.99938
7.56485 -0.773208
7.60889 -0.68756
7.15638 2.60137
7.15361 2.60467
7.85499 1.12409
7.86138 1.08958
7.43874 2.20379
7.44755 2.18906
7.35514 2.33518
7.3433 2.35271
7.76332 1.48525
7.75007 1.52662
7.9055 0.716636
7.90881 0.61215
7.75609 -0.339113
7.72424 -0.426576
7.81501 -0.148731
7.8243 -0.114351
5.07102 3.24046
5.1054 3.27429
5.2556 3.3828
5.30135 3.4069
5.58194 -2.34896
5.60479 -2.35163
7.87406 0.125531
7.86093 0.0499229
7.90304 0.382735
7.89828 0.319086
4.95139 -1.55476
4.92146 -1.46902
4.54287 1.63531
4.54752 1.67957
4.52412 1.42294
4.5218 1.39724
5.10791 -1.92236
5.13483 -1.97022
5.94902 3.44149
5.93505 3.44527
6.16358 3.3674
6.10748 3.38846
6.38795 3.25632
6.40294 3.24705
5.6962 3.48119
5.67725 3.48158
6.84798 2.92059
6.88087 2.89107
7.45749 -0.956055
7.49449 -0.896592
6.46046 -1.9991
6.40215 -2.04107
6.64469 -1.86103
6.60282 -1.89419
6.86179 -1.67207
6.79911 -1.72937
6.99874 -1.53801
6.99094 -1.54629
6.02505 -2.256
6.03699 -2.25118
5.53186 -2.34001
5.52691 -2.33897
4.50456 0.913462
4.50431 0.901246
4.50934 1.15232
4.50985 1.16746
4.52225 0.418809
4.52572 0.368875
4.57059 -0.0402246
4.55878 0.0516349
4.50966 0.639769
4.50894 0.655768
4.61262 -0.291032
4.59715 -0.205885
4.80735 -1.10655
4.79006 -1.04615
7.79206 -0.228479
7.7669 -0.307575
6.23782 -2.14598
6.08741 -2.22744
7.08338 -1.44809
7.09447 -1.43593
5.81881 3.46845
5.92325 3.44756
6.31587 3.2954
6.27631 3.31624
4.726 2.59569
4.70291 2.51787
4.74685 2.66181
4.74095 2.64455
4.78147 2.75513
4.79253 2.78429
7.07936 2.68929
7.09865 2.66798
7.25889 2.47107
7.21861 2.52345
6.56194 -1.92459
6.50303 -1.96986
6.91912 -1.61686
6.89561 -1.64023
7.51723 2.06552
7.53897 2.02479
7.81136 1.31845
7.80542 1.34147
7.71671 -0.446549
7.67655 -0.54244
7.67466 -0.546958
6.75831 2.99693
6.73157 3.01924
6.51233 3.17917
6.52902 3.16829
4.54098 1.61541
4.53171 1.51664
4.52922 1.48709
4.52082 1.38355
4.51755 1.33713
4.74996 -0.903142
4.85906 2.93431
4.86576 2.9475
4.61821 2.15392
4.6309 2.22013
5.72332 3.4797
5.93111 3.44607
6.04985 3.41059
6.26556 3.32105
6.49859 3.18847
5.70388 3.4811
5.63562 3.48178
5.652 3.48191
6.90463 2.86824
7.03144 -1.50377
7.07756 -1.45453
6.35268 -2.07237
6.74917 -1.77244
6.70153 -1.81407
6.28717 -2.11578
5.18496 -2.05441
5.22224 -2.10914
5.27162 -2.17185
5.27044 -2.17061
5.89685 -2.30687
5.93607 -2.29311
4.50563 1.02748
4.50525 0.976961
4.50428 0.862162
4.50427 0.837773
4.51273 1.24806
4.51137 1.21464
4.50789 1.10396
4.85997 -1.28392
4.86123 -1.28781
4.51615 0.505265
4.51933 0.460146
4.52897 0.329687
4.57465 -0.067992
4.50598 0.734601
4.50689 0.706729
4.5119 0.590569
4.81468 2.83825
4.81663 2.84326
4.66367 2.36952
4.66384 2.3703
7.6466 1.79879
7.66316 1.76012
7.03775 2.7358
7.0407 2.73278
7.16205 -1.35803
7.13837 -1.38572
7.30463 -1.17879
7.26325 -1.2335
7.89044 0.895731
7.89021 0.897995
7.80334 -0.189815
5.41025 -2.2885
5.37827 -2.27062
4.75134 -0.908512
4.75528 -0.923283
4.50622 1.04046
4.50625 1.0538
6.70566 3.04019
6.64745 3.08368
6.55064 3.15366
6.58969 3.1264
4.63256 -0.395667
4.61798 -0.3203
4.51543 0.52536
4.51396 0.544094
4.60864 2.10453
4.61289 2.1267
4.57794 -0.0886059
4.59371 -0.185813
4.64753 2.29701
4.65051 2.31101
4.6377 2.25171
7.0232 2.75038
7.70011 1.66753
7.70576 1.65294
7.64679 -0.607148
7.62166 -0.662508
5.54762 3.4742
5.49861 3.46921
4.95813 3.10329
4.96902 3.11895
4.57103 1.87207
4.56732 1.84557
7.34831 -1.12003
7.90092 0.78033
7.90507 0.725542
4.53882 1.592
4.535 1.55125
4.6735 -0.592627
4.64624 -0.463104
4.90723 3.02376
4.91137 3.03106
4.53207 0.294416
4.53485 0.264441
4.83341 -1.19607
4.82477 -1.16635
5.48463 -2.32566
5.45118 -2.31219
5.006 3.16859
5.00309 3.16506
5.38903 3.442
5.39832 3.4452
5.78541 -2.33758
5.88558 -2.31084
5.77349 -2.33946
7.89144 0.251425
7.88337 0.185918
4.95324 -1.56025
5.00613 -1.69424
5.04368 -1.78726
5.09472 -1.89477
4.58848 1.98764
4.60149 2.06304
7.56141 -0.779502
7.62085 -0.664121
7.61797 1.86339
7.5855 1.93254
4.76347 2.70855
4.74845 2.66621
7.118 2.64572
7.15782 2.59966
7.83348 1.2283
7.87623 0.998641
7.40846 -1.03256
7.37486 -1.08238
7.47855 2.13541
7.39858 2.26956
7.31143 2.3983
7.39768 2.27099
7.7356 1.56899
7.77889 1.43518
7.90521 0.723228
7.90872 0.582199
7.85174 0.00426262
7.83419 -0.0731697
5.15348 3.31449
5.20377 3.35165
5.41011 3.44786
5.78363 -2.33804
7.9069 0.449897
4.9053 -1.42066
4.89048 -1.37738
5.0239 -1.73905
4.67584 -0.603012
4.67685 -0.607351
5.17487 -2.03999
4.58037 1.93574
7.67146 -0.554159
7.50538 -0.878199
7.4249 -1.00779
7.90871 0.503396
6.06934 -2.23554
5.98654 -2.27322
5.88622 -2.31059
5.53956 -2.34122
5.17777 -2.04421
4.67899 2.42953
4.66463 2.37367
7.89602 0.837817
7.89094 0.891165
4.78155 -1.01684
4.85851 -1.27934
4.73141 2.61432
4.68299 2.444
7.19401 2.55474
7.04546 2.7276
7.88245 0.955155
7.82958 1.24541
7.28582 2.43427
7.55473 1.99404
7.49462 2.10699
7.39786 2.27072
7.78855 1.40173
7.71909 1.61594
4.55322 1.73245
4.55557 1.75308
4.51583 1.3147
4.88147 2.97734
4.85303 2.92171
5.60025 3.48051
5.97997 -2.27556
4.76822 -0.969209
4.50413 0.79857
4.51369 1.27679
4.51019 1.18308
4.88272 -1.3551
4.54959 0.123931
4.53772 0.230985
4.50454 0.773434
4.50815 0.670812
4.8216 2.85506
7.19531 -1.31853
7.89888 0.810375
6.60254 3.11761
7.67264 1.7372
4.9945 3.15345
4.93783 3.073
4.57152 1.87533
4.56245 1.8079
5.1794 -2.04649
5.00136 3.1627
7.63118 1.83467
7.57208 1.95993
7.35772 -1.10706
4.90427 3.01848
4.51477 1.29463
4.5489 1.69438
4.5264 1.45278
4.56188 1.80359
4.53756 0.232555
4.50436 0.786144
4.50472 0.925914
4.55282 0.0961981
5.23744 -2.13091
7.23097 -1.27456
7.25085 -1.2497
6.62393 3.10154
4.83776 2.89059
5.26859 -2.16842
