6.21612 -2.46056
6.27112 -2.42201
4.72019 -1.59974
4.73657 -1.65897
8.06299 0.189511
8.06801 0.228293
4.32878 1.35817
4.32664 1.33069
4.31673 0.946928
4.31684 0.977182
4.31775 0.850181
4.31715 0.817185
4.3328 1.44465
4.33536 1.4862
5.74527 3.77935
5.81762 3.76224
4.33257 0.422245
4.3299 0.463229
5.55729 3.80133
5.52212 3.80167
4.39266 2.0609
4.39787 2.10645
4.37928 -0.0482391
4.36455 0.070286
4.62631 3.0931
4.62849 3.09936
5.33021 3.78395
5.32333 3.78275
7.1093 2.94069
7.12009 2.92937
6.90853 -1.89872
6.85338 -1.95131
7.20053 -1.59925
7.18913 -1.61206
4.84927 -2.05092
4.83057 -1.98735
4.92797 -2.28395
4.93267 -2.29839
5.42307 -2.84248
5.47051 -2.83772
5.292 -2.82661
5.36783 -2.84252
5.24031 -2.80523
5.27701 -2.82193
5.00232 -2.47633
5.01405 -2.50275
5.08428 -2.63697
5.10688 -2.6738
5.59786 -2.80536
5.62326 -2.79539
6.40756 -2.32196
6.46665 -2.27644
5.77757 -2.72704
5.8265 -2.70338
7.99619 -0.163977
7.99986 -0.150608
7.92985 -0.385556
7.92079 -0.411165
5.88707 -2.66904
5.93061 -2.64469
8.07631 0.322083
8.07333 0.284735
8.04304 0.0544506
8.03257 -0.00546202
8.01548 -0.0834673
8.02979 -0.0202578
6.65255 3.3442
6.6748 3.32786
6.86317 3.17412
6.88886 3.15218
5.9144 3.7366
5.97015 3.71831
4.38196 1.9869
4.37533 1.93363
4.40406 2.14573
4.41599 2.22461
7.72635 -0.85157
7.68926 -0.919795
7.83808 -0.61933
7.80124 -0.701594
6.19584 3.62482
6.16003 3.64054
6.42672 3.49833
6.43564 3.49282
7.09208 2.9585
7.58076 -1.1013
7.59175 -1.08424
7.47935 -1.25222
7.48008 -1.25124
6.73758 -2.0541
6.65858 -2.12225
7.12885 -1.67904
7.04457 -1.76565
8.07569 0.785833
8.08096 0.721571
6.03732 -2.58007
6.06232 -2.56451
4.67178 -1.41807
4.67253 -1.4208
5.06732 3.68273
5.01963 3.65147
4.88393 3.53161
4.85613 3.49911
8.08547 0.496277
8.08101 0.387636
4.58855 -1.08824
4.57639 -1.03914
4.34871 1.67122
4.34421 1.6145
4.32203 0.627969
4.32332 0.593638
4.57197 2.93617
4.58411 2.97513
7.3021 -1.48127
7.28044 -1.50732
5.9887 -2.61048
5.95317 -2.63224
4.52303 -0.810362
4.54359 -0.901188
4.31962 1.13612
4.31875 1.10418
7.13903 -1.66815
7.14285 -1.66401
6.18813 -2.48016
4.62553 -1.23488
4.61274 -1.18439
5.66534 3.79274
5.69597 3.78776
5.84404 3.75632
4.47039 -0.570544
4.47895 -0.611357
4.43592 -0.391063
4.42389 -0.326644
4.43135 2.31547
4.43485 2.34232
4.38099 -0.0601914
4.39715 -0.16848
6.30788 3.56815
6.30578 3.5692
7.74274 2.01132
7.7205 2.05765
7.82891 1.81607
7.81069 1.86014
4.50954 2.71084
4.49441 2.64783
4.44953 2.42365
4.45303 2.4452
5.21718 3.75249
5.25353 3.76501
8.00221 1.2697
8.00893 1.2392
8.04847 1.02254
8.05632 0.967054
7.45705 2.511
7.44094 2.53414
7.32951 2.68509
7.30766 2.71254
7.39468 -1.36564
7.37318 -1.39384
6.82459 -1.97672
6.94946 -1.86046
7.55511 2.36037
7.5536 2.36282
7.63432 2.22308
7.64779 2.19869
4.74395 3.33834
4.75835 3.36404
4.68223 3.22358
4.68317 3.22581
4.89215 -2.18258
4.87687 -2.13337
7.89745 1.63491
7.88776 1.66281
7.95131 1.46756
7.94723 1.48172
5.38103 -2.84269
5.63831 -2.78889
5.53675 -2.82262
6.5253 -2.23046
6.53456 -2.22348
6.4028 -2.32533
7.96687 -0.26768
7.9716 -0.25225
7.93706 -0.36422
6.63281 3.35917
6.55712 3.41268
6.68438 3.3206
6.73068 3.28461
6.78431 3.24072
6.81175 3.2181
6.88892 3.15213
6.93863 3.1072
5.99908 3.70704
5.98197 3.7137
5.85841 3.75307
4.38331 1.99726
4.42554 2.28387
6.08299 3.67511
6.31817 3.56225
6.24426 3.60048
6.4189 3.50331
6.47409 3.46838
6.49673 3.4534
7.16203 2.88392
6.64768 -2.13091
6.75637 -2.03837
6.98943 -1.82012
8.0821 0.697364
8.07176 0.836171
6.3321 -2.37786
6.3441 -2.36926
6.59241 -2.17631
4.65015 3.15295
4.65716 3.16797
5.12308 3.71362
5.10045 3.70125
8.07946 0.359736
8.08592 0.517052
4.5615 -0.97768
4.56429 -0.989664
4.54569 2.85097
4.53673 2.81998
4.51052 -0.756193
4.5177 -0.786843
4.54633 -0.913016
6.13461 -2.51635
6.10344 -2.53694
4.6485 -1.32659
4.64263 -1.30259
5.18615 -2.76424
5.20465 -2.78047
5.02033 -2.5174
5.02651 -2.53236
8.05406 0.122371
8.05122 0.101845
4.78994 -1.84912
4.77066 -1.78456
4.54842 -0.922091
4.56114 -0.976087
4.31981 0.723179
4.31816 0.755592
4.4987 -0.703292
4.99048 -2.45148
4.97326 -2.40669
4.3488 0.221511
4.34063 0.313964
4.63659 3.12008
7.18735 2.8559
7.19678 2.84525
8.06849 0.864333
5.48294 -2.83567
4.80842 -1.91597
4.79701 -1.87392
8.08533 0.610015
5.42246 -2.84256
5.06076 -2.59792
5.05574 -2.58792
5.70825 -2.76138
5.70973 -2.76078
7.87642 -0.527582
7.86654 -0.552408
4.92841 3.57611
4.92499 3.57295
6.98642 3.06165
7.02963 3.02057
4.82538 3.46131
8.0855 0.596926
4.35495 1.74481
4.35478 1.74279
4.32331 1.23117
4.32347 1.2605
4.38481 2.00899
6.17628 -2.48858
4.74468 -1.69038
4.70388 -1.5396
8.07063 0.256165
8.05737 0.146022
4.32604 1.29467
4.32951 1.38399
4.31712 1.0102
4.31684 0.913682
4.31847 0.78668
4.31691 0.883319
4.33651 1.50508
4.33165 1.42205
4.45553 -0.495887
4.45009 -0.468184
4.32841 0.490062
4.33414 0.398009
5.47231 3.8011
5.63062 3.79663
4.36265 0.0874884
4.3795 -0.0498617
7.78544 -0.734806
7.74687 -0.812601
7.7876 1.91353
7.76668 1.96037
4.47677 2.56553
4.47268 2.54717
4.60546 3.0373
8.02725 1.148
8.03575 1.10116
7.39405 2.60036
7.37683 2.62346
7.53104 -1.177
7.51813 -1.19604
7.14797 -1.65851
7.23521 -1.55997
4.71126 3.2804
4.71902 3.29635
5.15116 -2.73148
5.13739 -2.71288
5.84725 -2.69154
4.69547 -1.50927
4.76901 -1.77823
8.03104 -0.0138417
8.00322 -0.137547
7.66071 -0.969642
7.85223 -0.586607
7.62877 -1.02359
7.55692 -1.13834
7.47677 -1.25578
6.08595 -2.5488
6.01717 -2.59242
4.66944 -1.40937
5.01598 3.64866
5.06993 3.68449
5.4191 3.79715
4.57488 -1.03306
4.59205 -1.10219
4.34335 1.60213
4.34927 1.67866
4.3246 0.564414
4.32107 0.658825
4.59773 3.01375
4.56418 2.91285
7.25229 -1.54012
7.32475 -1.45404
4.3181 1.07173
4.32062 1.16768
4.60236 -1.14331
4.31746 1.04068
4.33955 1.55035
4.41671 -0.286019
4.33743 0.354004
4.32624 0.528439
4.3999 -0.186413
4.35168 0.191612
7.69459 2.10942
7.85257 1.75706
7.86708 1.71891
7.67246 2.15244
4.51796 2.74737
4.46374 2.5028
4.52932 2.79177
5.12568 3.71476
5.18669 3.74187
5.31492 3.78066
7.26395 2.7667
7.24152 2.79362
7.97533 1.3815
8.06567 0.893092
7.97366 1.38791
7.50132 2.44464
7.34989 -1.42271
7.42724 -1.32325
7.51333 2.4261
7.56192 2.34906
7.60196 2.28081
7.59529 2.29249
4.78088 3.39756
4.80116 3.42889
4.6789 3.21635
4.81902 -1.95027
4.90862 -2.22865
4.9368 -2.31136
4.95847 -2.36829
7.91844 1.5732
7.92567 1.55111
5.70721 -2.76175
5.70206 -2.76392
6.7358 3.2807
6.9396 3.10633
4.3682 1.87387
4.36735 1.86655
6.52917 3.43249
6.28067 -2.41552
6.39795 -2.32901
4.97198 3.61482
4.3546 1.74064
4.32008 0.691879
4.54854 2.86003
4.3217 1.20082
5.11144 -2.67943
5.03991 -2.55789
5.06513 -2.6069
7.88576 -0.504843
4.94664 3.5923
5.39617 3.79494
4.96047 -2.37457
5.10845 -2.67579
6.83803 3.1962
4.37441 1.92688
8.0854 0.60773
4.86298 -2.08939
5.66577 -2.779
4.36116 1.8064
4.36124 1.80715
4.35955 1.79077
6.96364 3.08339
6.75953 3.26113
7.8983 -0.47224
6.54217 3.42327
