6.4087 2.2527
6.38257 2.26635
7.16817 1.2414
7.17182 1.23003
5.18438 0.998975
5.18872 1.06267
5.43392 -0.529589
5.40082 -0.454416
5.52692 -0.705448
5.55866 -0.75665
5.46354 2.03578
5.43048 1.98025
5.92399 -1.05745
5.91953 -1.05556
7.12927 -0.132632
7.15666 -0.0594368
5.18557 0.540094
5.18976 0.48221
7.26088 0.424855
7.25249 0.347726
6.73093 1.9964
6.7494 1.97723
5.98272 2.3682
6.08074 2.36486
6.09736 2.36275
6.1933 2.34301
5.76504 2.31576
5.77828 2.32229
6.76921 -0.709412
6.82126 -0.649574
6.52804 -0.919182
6.47434 -0.952474
6.69596 -0.78224
6.66175 -0.814533
7.00459 -0.389885
6.95901 -0.463551
7.24042 0.939767
7.23438 0.975261
7.26667 0.700447
7.2615 0.767228
5.36777 -0.369137
5.3508 -0.320057
5.64196 -0.864281
5.62664 -0.844945
5.24332 1.45559
5.22268 1.35201
5.29841 1.66966
5.29155 1.6455
5.20524 1.23054
5.2211 1.34278
5.37139 1.86333
5.40045 1.92666
5.58482 2.18942
5.58328 2.18796
6.82015 1.89304
6.84589 1.86135
6.94332 1.72203
6.88906 1.80422
7.05116 1.53313
7.05254 1.53028
5.73935 -0.957426
5.80867 -1.00431
6.11401 -1.0792
6.10756 -1.0792
6.30856 -1.03532
6.24953 -1.05296
7.0521 -0.303948
7.07096 -0.26698
7.20632 0.105382
7.22158 0.168224
5.28949 -0.116482
5.29336 -0.131193
5.23856 0.108901
5.24687 0.0670972
5.17793 0.815807
5.17814 0.838425
5.20982 0.293685
5.22312 0.200576
7.26769 0.681862
7.26876 0.588852
7.13226 1.34407
7.14441 1.30996
7.192 1.16111
7.19424 1.15283
7.21432 1.0769
7.20293 1.12079
7.2201 1.05209
7.21575 1.07149
7.23125 0.994153
7.24921 0.878888
5.2774 -0.0678609
6.59307 2.12519
6.60469 2.11601
6.77117 1.95228
6.75654 1.9693
6.66225 2.06352
6.63139 2.09183
5.37453 -0.388328
5.38421 -0.415133
6.85279 1.85244
6.87745 1.82069
5.30942 -0.191239
5.31038 -0.194531
6.35444 2.28081
6.32726 2.29345
7.254 0.844897
5.2701 -0.0372553
5.26257 -0.004536
5.17812 0.730998
5.17829 0.708118
6.51821 2.18308
6.50989 2.1886
5.87948 2.35511
5.8234 2.33696
6.88741 -0.568454
6.89388 -0.560188
6.6459 -0.828755
6.57153 -0.886881
5.19275 1.1157
5.18041 0.927541
5.47018 -0.607056
5.39296 -0.436168
5.58088 -0.786827
5.48741 -0.637834
5.26905 1.56379
5.2516 1.49144
5.41385 1.95189
5.49029 2.07649
5.66288 2.25499
5.59168 2.19521
6.99913 1.62978
6.97865 1.66484
5.83094 -1.018
5.92567 -1.05786
6.21078 -1.06458
6.11797 -1.0786
7.11615 -0.165479
7.17233 -0.0122895
5.25115 0.0462411
5.18101 0.618125
5.19578 0.4158
7.24469 0.292559
7.26467 0.4724
5.904 2.35902
6.08735 2.36461
6.23223 2.32978
6.30041 2.30582
6.41429 -0.987748
6.36048 -1.01234
5.67893 2.26697
6.74453 -0.73498
6.89964 -0.552239
7.02028 -0.363172
7.09777 1.43014
7.10582 1.41077
5.17881 0.880523
5.20156 1.20038
5.33963 -0.287166
5.37195 -0.381219
5.47791 -0.621335
5.64939 -0.873056
5.33362 1.77174
5.31276 1.71432
5.22142 1.34491
5.52033 2.11509
5.34833 1.80797
7.04694 1.54132
6.88452 1.81079
5.71735 -0.938015
6.01844 -1.07641
7.07615 -0.255933
7.192 0.051606
7.23218 0.220659
5.32485 -0.241244
5.22737 0.17357
5.17786 0.77328
5.20362 0.343133
5.1793 0.666621
7.26856 0.565623
6.55225 2.15695
6.58316 2.13324
7.26755 0.685726
7.11375 1.39165
7.16411 1.2549
5.30564 -0.17866
5.29551 -0.140365
7.25812 0.806766
6.46054 2.22011
7.26746 0.688351
6.48801 2.20292
