7.51812 -0.404944
7.48877 -0.473556
5.32356 2.98377
5.40789 3.04012
4.73022 1.33851
4.73193 1.35976
5.79495 -1.92117
5.82533 -1.92268
4.82669 -0.285765
4.80697 -0.185364
4.74016 0.284958
4.74255 0.261061
4.7106 0.782788
4.71041 0.788062
6.63769 2.79678
6.64169 2.79363
6.61775 -1.57672
6.61416 -1.57937
7.71201 0.467658
7.71385 0.517062
7.7008 0.851706
7.70334 0.827893
7.59679 -0.189974
7.58235 -0.233905
5.52154 3.09328
5.49351 3.08053
5.21633 2.88419
5.22396 2.89346
7.69856 0.28983
7.69291 0.242045
5.26605 -1.53958
5.25015 -1.5152
5.13986 -1.30064
5.16128 -1.34575
4.7543 1.57483
4.75955 1.61641
4.80314 1.88765
4.82068 1.97428
6.02346 -1.89493
5.98776 -1.90317
5.6619 -1.89739
5.63676 -1.88938
4.89835 -0.593257
4.90682 -0.624832
4.96175 -0.819068
4.95293 -0.788821
5.47007 -1.78984
5.48304 -1.79938
5.35316 -1.66587
5.32725 -1.63306
5.00258 -0.945449
5.01676 -0.987154
5.09793 2.72734
5.13184 2.77933
6.40226 2.95104
6.40672 2.94874
6.11338 3.07946
6.16359 3.06218
5.93297 3.12412
6.02825 3.10474
5.67817 3.13045
5.75183 3.13557
6.63323 2.8002
6.41905 -1.71481
6.40459 -1.72315
6.82041 -1.40371
6.80076 -1.42158
7.31954 -0.793509
7.36412 -0.720017
7.22028 -0.945118
7.22668 -0.935957
7.48763 1.67346
7.46551 1.72499
7.52176 1.58911
7.53512 1.55393
4.71084 0.918396
4.71173 1.03453
5.11123 -1.23241
5.0853 -1.16969
4.78312 -0.0452493
4.76983 0.0425052
4.72888 0.408504
4.72099 0.509972
4.80623 -0.181421
4.80414 -0.170155
7.47376 -0.507715
7.53908 -0.353029
6.89734 2.56666
6.8695 2.59406
7.00605 2.44977
7.05734 2.38965
6.99664 -1.22306
7.03039 -1.1858
7.38629 1.88934
7.40657 1.84977
7.30914 2.0294
7.31804 2.01417
7.20779 2.18863
7.22204 2.16803
7.07957 2.3627
7.12254 2.3071
7.60601 1.33777
7.59559 1.37384
7.64882 1.17146
7.64607 1.18386
7.69188 0.928367
7.68134 1.00139
7.55936 -0.299242
7.61883 -0.116136
7.43955 -0.577657
7.43077 -0.595616
6.46654 2.91414
6.46537 2.91492
4.71908 1.17788
4.71805 1.15784
5.55845 -1.85186
5.55134 -1.84848
4.73183 0.372796
4.73022 0.391563
4.71481 0.644285
4.71454 0.652422
4.71073 0.907824
4.96647 2.4673
4.95343 2.43471
4.91899 2.33625
4.93151 2.37506
6.69891 2.74774
4.71205 1.04022
4.71213 1.04615
4.72549 1.27868
5.72977 -1.91418
4.85836 -0.430245
4.83574 -0.328477
6.72049 2.73029
6.72232 2.72881
6.71894 2.73156
4.74671 0.223705
4.74976 0.195793
4.71964 0.533237
4.72022 0.522028
4.71433 0.660245
4.71053 0.777426
7.1301 -1.0666
7.13192 -1.06439
6.96054 -1.26322
7.39566 -0.661389
7.36816 -0.713082
6.55183 2.85789
5.32616 -1.63172
5.32443 -1.62954
4.97741 2.49201
6.0907 3.08752
6.05117 3.09921
6.3032 3.00264
6.28737 3.01002
7.63956 -0.0387982
7.65865 0.0407196
4.74857 1.52498
4.74432 1.48808
4.77765 1.74476
4.78338 1.78107
6.08733 -1.87509
6.05941 -1.88436
5.87648 -1.92049
5.87239 -1.92087
4.90029 2.28047
4.87257 2.18697
6.16254 -1.84625
6.2218 -1.82203
5.67345 3.13017
5.67117 3.12987
7.54913 1.51466
7.56661 1.46513
7.63011 -0.0768661
4.98546 -0.893261
4.97459 -0.859505
5.39591 -1.71828
5.3714 -1.68808
7.67279 0.115608
7.66537 0.0740496
5.42196 3.04821
5.30835 2.97154
5.17851 -1.3797
5.20408 -1.43132
4.73517 1.39822
4.72677 1.29561
4.79802 1.8623
4.78823 1.80894
4.92599 -0.694027
4.95044 -0.780228
5.04971 -1.08014
5.04376 -1.06446
6.98579 2.47281
6.93925 2.52286
5.04856 2.64414
5.04098 2.63005
6.2947 -1.78499
6.26911 -1.79819
7.17511 -1.00658
7.20817 -0.962418
6.24984 3.02761
6.19203 3.05076
5.833 3.13607
5.82856 3.13642
6.51791 -1.65001
6.70998 -1.50201
7.27032 -0.8698
7.30024 -0.824171
7.34843 1.96033
7.36392 1.93205
7.14002 2.28346
7.17319 2.23815
7.62878 1.25448
7.62221 1.28022
7.71412 0.559322
7.70937 0.411062
7.68127 0.163848
5.22657 2.89626
5.52835 3.09556
5.62219 3.12078
5.15253 2.80725
7.70669 0.37479
5.23689 -1.4931
5.30189 -1.59616
5.12176 -1.2585
4.74074 1.45436
4.76164 1.63314
4.75159 1.55224
4.77693 1.73986
4.83523 2.03909
4.88216 -0.532149
4.97167 -0.849896
4.87236 -0.491754
5.42131 -1.74341
5.54668 -1.84581
5.05422 -1.09152
4.75362 0.162668
4.76259 0.0928716
5.0578 2.65963
6.32103 -1.77216
4.84587 2.08613
4.84106 2.06549
7.41901 -0.618409
6.45149 2.92312
6.34754 2.98041
6.09986 3.08448
5.82214 3.13632
6.03794 3.10275
5.67467 3.13026
6.71854 -1.49498
6.51282 -1.65336
6.88716 -1.33847
7.36698 -0.715124
7.71432 0.625578
7.45044 1.7581
7.50141 1.64054
4.86819 -0.473857
7.16132 -1.02564
6.93261 -1.29285
4.87023 2.17893
7.71035 0.739651
7.71072 0.731989
4.78791 -0.0758678
7.66284 1.10677
7.66617 1.09072
7.66664 1.08811
7.66717 1.0855
6.80954 2.65165
6.79664 2.66323
7.06985 2.37474
7.12532 -1.07265
7.08738 -1.11871
7.42294 1.8167
7.26936 2.09616
7.2688 2.09706
7.26647 2.10071
7.58089 1.42127
7.66864 1.07709
7.69373 0.915163
7.7096 0.749537
6.46439 2.91556
6.78681 2.67202
5.92335 -1.91554
5.95998 -1.90923
5.41009 -1.73268
6.12361 -1.86283
5.00532 2.5571
7.69556 0.899789
7.0665 -1.14384
7.04249 -1.17213
7.71408 0.65018
