6.20304 -0.457779
6.22677 -0.454313
5.63622 1.30512
5.61077 1.22326
5.85266 -0.290587
5.81489 -0.248194
5.59826 0.26676
5.61036 0.214335
5.56638 0.44544
5.56717 0.438312
6.90274 0.484597
6.90296 0.487024
6.85675 0.233554
6.85601 0.231024
6.42379 -0.386812
6.49162 -0.339876
6.00387 -0.414115
6.02933 -0.423816
5.97911 1.73335
6.03282 1.75258
5.79594 1.59645
5.83431 1.63955
6.67211 -0.154271
6.65865 -0.172739
5.54946 0.773551
5.54906 0.746844
5.64525 1.33226
5.68394 1.42187
5.73659 -0.124506
5.75306 -0.152279
6.77959 1.21607
6.80369 1.15895
6.74852 -0.0293696
6.77443 0.0201141
5.64561 0.0882533
5.65436 0.0635405
6.52817 1.58037
6.51528 1.59182
6.2201 1.75209
6.20656 1.75647
6.86812 0.958935
6.86769 0.960998
6.41597 1.66825
6.403 1.67776
6.59814 1.5046
6.57508 1.53211
6.48793 1.61315
6.88908 0.846206
6.88441 0.875936
6.6778 1.40201
6.65726 1.43119
6.38572 1.68817
6.29392 1.72975
6.90496 0.695738
6.8986 0.785552
5.57233 1.04121
5.56664 1.00673
5.55596 0.555415
5.5548 0.568908
6.13588 1.76585
6.13494 1.76583
6.3106 -0.437213
6.17844 -0.456057
5.87371 1.67225
5.93215 1.7133
6.64139 -0.193102
6.58289 -0.259084
5.5543 0.892453
5.56066 0.955699
5.78972 -0.210438
5.91043 -0.351221
6.74481 1.28892
6.73685 1.30474
5.57713 0.364401
5.62395 0.163811
5.57543 0.374593
5.56056 0.50362
6.90386 0.504154
6.88566 0.360841
6.81891 0.12282
6.8638 0.263351
6.10109 -0.448505
6.37691 -0.409982
6.54434 -0.297289
5.92772 -0.363596
6.13272 1.76553
5.7398 1.52509
6.72296 -0.0753094
5.55343 0.879722
5.55015 0.651237
5.72453 -0.102952
5.73286 1.51379
5.72504 1.49921
6.69559 1.37437
6.73052 1.31618
6.82281 1.10912
6.80802 0.0958114
5.69319 -0.0319487
5.66238 0.0423765
5.57588 0.371596
5.5516 0.617984
6.13984 1.76545
6.27501 1.73839
6.90777 0.609529
6.8845 0.354349
6.90829 0.627492
6.83949 1.05763
6.86643 0.965997
6.6277 1.47053
6.89807 0.789839
5.5854 1.11704
5.64265 1.32547
5.59766 1.16573
6.8489 1.02839
6.86925 0.953812
