4.6775 -1.1982
4.6815 -1.21286
5.31271 -2.64492
5.24311 -2.59754
5.42829 -2.67989
5.45474 -2.68126
5.86828 -2.57371
5.9146 -2.55217
5.18614 -2.54245
5.24008 -2.5946
8.00881 0.169187
8.01239 0.196845
4.59915 -0.886289
4.61326 -0.943943
4.37062 0.915559
4.37086 0.977119
4.37083 0.850119
4.37079 0.848279
4.50674 -0.466898
4.53408 -0.600302
5.60836 3.70806
5.58116 3.70832
4.45121 2.0615
4.45246 2.07242
4.55241 2.602
4.55444 2.61042
7.31832 -1.37687
7.33804 -1.35244
6.8411 -1.88534
6.83798 -1.88832
7.00313 -1.72819
7.02919 -1.70272
6.40936 -2.23876
6.42547 -2.22635
5.57915 -2.67337
5.56278 -2.6772
4.77665 -1.5599
4.7672 -1.52801
4.83044 -1.73777
4.81688 -1.69222
7.87062 -0.397372
7.85762 -0.434156
4.85076 3.33528
4.83186 3.31009
5.16559 3.61828
5.18534 3.62849
4.94311 3.45069
4.96141 3.46846
6.03506 -2.48611
6.03937 -2.48369
8.02349 0.302269
8.02109 0.272216
7.98742 0.0335855
7.98529 0.0214
6.82607 3.13046
6.82266 3.13339
6.6001 3.30667
6.61306 3.29773
4.43687 1.95267
4.43458 1.93424
4.4705 2.18699
4.47101 2.19032
7.66095 -0.864618
7.65372 -0.87792
7.77626 -0.631664
7.76438 -0.658172
5.95948 3.64021
6.05389 3.60679
6.40996 3.43194
6.35014 3.46563
6.11646 3.58212
6.18663 3.55131
7.13881 2.82719
7.08949 2.88065
6.99209 2.97816
7.01003 2.96117
7.40576 -1.26304
7.44492 -1.20981
7.54523 -1.05943
7.5229 -1.09436
6.66321 -2.03934
6.64265 -2.05707
8.02708 0.767596
8.02813 0.754778
4.72655 -1.37941
4.74629 -1.45134
4.75043 3.17075
4.72509 3.11945
5.44674 3.70258
5.5084 3.70765
5.74166 -2.62873
5.742 -2.62864
4.63994 -1.05196
4.63628 -1.03715
7.73259 1.91449
7.73064 1.91888
4.78802 3.23987
4.81925 3.29116
4.37287 1.10412
4.37396 1.14417
6.12678 -2.4304
6.14849 -2.41732
6.21314 -2.37498
6.26116 -2.34359
5.39637 -2.67523
5.33725 -2.6556
5.24215 -2.59676
4.98718 -2.18273
4.97821 -2.1628
5.06336 -2.34929
5.03693 -2.29702
5.1375 -2.47809
5.14726 -2.49035
5.09314 -2.40791
5.08903 -2.3993
4.38625 1.41355
4.38286 1.35816
4.39466 1.53382
4.39121 1.48646
4.4849 -0.354284
4.48696 -0.365353
4.54489 -0.651828
4.38966 0.38718
4.394 0.331884
4.38083 0.523125
4.38443 0.462341
4.44126 -0.0863036
4.44913 -0.139053
4.40768 0.185347
4.41699 0.0999737
6.29873 3.49512
6.21089 3.53903
4.5238 2.46987
4.51106 2.40903
4.59353 2.75737
4.58617 2.73049
7.20578 2.75107
7.24198 2.70865
8.00434 0.978893
8.00108 1.00177
7.95992 1.22786
7.94892 1.27692
7.43634 2.44824
7.3786 2.53114
7.27302 2.6699
7.30942 2.62418
6.75374 -1.96265
6.86163 -1.86615
7.08076 -1.64894
6.93409 -1.79761
7.52124 2.3148
7.49346 2.35993
7.60075 2.1779
7.59076 2.19595
4.8814 -1.89804
4.87821 -1.88774
7.89704 1.47267
7.90632 1.44126
7.84258 1.64007
7.84835 1.62383
6.44145 -2.21382
6.53631 -2.14235
6.3602 -2.27351
5.68969 -2.64721
5.65283 -2.65775
7.94505 -0.155241
7.95831 -0.103652
7.90924 -0.279178
7.92475 -0.228558
7.89511 -0.324945
7.83728 -0.486654
7.82555 -0.516855
4.89139 3.39081
6.92368 3.04385
6.87687 3.08576
6.77836 3.17022
6.76946 3.17741
6.71523 3.22112
6.66747 3.25727
6.52037 3.36225
5.84505 3.67278
5.86909 3.66571
4.42361 1.84588
4.42913 1.89277
4.44276 1.99787
4.47403 2.20908
4.49082 2.30743
6.07358 3.59999
6.47825 3.38868
6.44223 3.41162
6.19731 3.54594
7.05877 2.91197
6.92955 3.03862
6.5693 -2.11536
6.74073 -1.97441
6.9239 -1.80712
7.12345 -1.60443
8.03172 0.678463
8.02371 0.810751
6.55319 -2.1286
4.71569 3.0993
4.76735 3.20152
8.03319 0.458257
8.03457 0.497791
4.40976 1.70913
4.41293 1.74308
4.39763 1.57008
4.4012 1.61476
4.37485 0.658583
4.37387 0.689361
4.38036 0.531693
4.37743 0.592757
4.61874 2.84125
4.62093 2.84883
7.77962 1.8047
7.77284 1.82134
7.68888 2.00774
7.68453 2.01679
4.67565 3.00068
4.66301 2.96939
7.22209 -1.49303
7.23581 -1.47727
4.57817 -0.797713
4.37465 1.16801
4.37683 1.23111
4.85693 -1.82343
4.85393 -1.81338
4.37287 0.723117
4.37283 0.723772
5.67365 3.70208
5.62256 3.70682
4.54974 -0.674397
4.56203 -0.729403
4.70909 3.08305
4.68731 3.03135
4.71317 3.0932
5.3035 3.67375
5.33183 3.6808
7.16743 2.79553
7.18366 2.7772
7.17027 -1.55217
7.19023 -1.52969
7.14394 -1.58163
4.92606 -2.02669
4.92622 -2.02709
8.03303 0.642885
5.69752 -2.64439
5.70302 -2.64215
4.91965 3.42487
5.11682 3.59119
5.08063 3.56806
5.78831 3.6849
5.76469 3.68896
4.44933 2.04905
8.01974 0.855715
4.70196 -1.28886
4.66492 -1.15124
4.80336 -1.64897
4.78016 -1.57119
4.94842 -2.08938
4.95084 -2.09525
5.02285 -2.26421
5.00669 -2.2301
5.04548 3.54203
5.0187 3.52087
5.79711 -2.60692
5.95462 -2.53024
8.01691 0.236012
8.00563 0.144526
4.38153 1.29461
4.38251 1.35314
4.37088 0.97891
4.37063 0.913619
4.37346 0.786616
4.37078 0.851967
4.39026 1.4738
4.38683 1.42231
4.3849 0.455367
4.38888 0.397118
5.52298 3.70856
5.6158 3.70758
4.42282 0.0505349
4.43189 -0.0202047
7.72192 -0.747479
7.71074 -0.770032
4.55554 2.61455
4.53193 2.51024
7.98418 1.10541
7.97836 1.13723
7.37356 2.53827
7.31235 2.62036
7.49557 -1.1352
7.44724 -1.20646
7.36275 -1.31985
7.28271 -1.42152
7.56151 2.24704
7.54342 2.278
7.87105 1.55625
7.87841 1.53361
5.53425 -2.67966
5.60794 -2.66894
4.75112 -1.46999
5.21421 3.64109
5.1316 3.60016
5.28657 3.66792
5.98899 -2.51227
6.0405 -2.48306
5.77884 -2.61366
8.02599 0.332169
7.97328 -0.0355065
7.99007 0.04895
7.95996 -0.0970517
7.59645 -0.977887
7.8148 -0.542512
7.59383 -0.982418
7.3921 -1.28185
7.59347 -0.983016
8.03474 0.585422
6.088 -2.45443
4.71382 -1.33207
5.41056 3.69725
5.73957 -2.62949
4.62625 -0.996804
4.65203 -1.10019
4.40336 1.6394
4.40677 1.67892
4.37734 0.594985
4.37487 0.65795
4.64069 2.90793
4.62868 2.8735
4.37285 1.10347
4.37464 1.16761
4.65375 -1.10704
5.4959 -2.68395
5.51734 -2.6824
4.95432 -2.10333
5.06981 -2.36336
5.24142 -2.59602
5.115 -2.44356
4.37156 1.04062
4.39597 1.55061
4.46772 -0.25714
4.39511 0.318578
4.38053 0.527556
4.46225 -0.224708
4.40398 0.22122
4.57998 2.70871
4.49467 2.32682
4.6031 2.78967
7.24398 2.70619
8.01815 0.869867
7.93189 1.3466
7.44069 2.44172
7.27202 -1.43416
7.63896 2.10737
7.63561 2.11377
7.47994 2.38116
4.8596 -1.8328
4.90167 -1.95743
7.92055 1.38931
7.81625 1.71203
5.62197 -2.6647
7.94332 -0.161887
6.7272 3.21211
4.42197 1.8325
4.43173 1.91332
6.30763 -2.31109
6.28254 -2.329
4.62072 -0.974108
4.4166 1.77913
4.37287 0.722484
4.64537 2.92028
4.49242 2.3155
7.81176 1.72411
7.73463 1.90992
7.64258 2.10039
4.37688 1.23281
5.70306 3.69824
5.37356 3.69101
4.92442 -2.02208
8.03105 0.405057
5.81255 3.68012
5.73124 3.69509
5.47303 -2.6835
5.11461 -2.44293
6.72153 3.21641
4.9034 -1.96296
6.82944 3.12764
8.03471 0.588716
6.18523 -2.39357
5.17101 -2.52137
6.34594 -2.28433
6.62413 3.28991
4.41947 1.807
7.92935 -0.212702
