4.72976 -1.16131
4.75175 -1.24194
5.41357 -2.51928
5.40667 -2.517
5.02184 -2.04174
5.00833 -2.00904
5.07258 3.43609
5.11236 3.46737
4.65777 -0.888359
4.64871 -0.851308
4.57554 -0.528062
4.55715 -0.438359
5.94977 3.56272
5.93014 3.56743
6.17737 3.47747
6.26077 3.43721
4.60123 2.51805
4.61451 2.57298
4.6552 2.71893
4.65832 2.72844
7.06984 2.82109
7.03259 2.85951
7.1861 2.69143
7.18517 2.69253
7.28908 2.56257
7.31485 2.52807
7.40938 -1.16793
7.45415 -1.10447
6.58517 -2.02385
6.62673 -1.99198
6.93765 -1.71519
7.014 -1.64059
7.48841 2.27062
7.50132 2.24904
4.8336 -1.5197
4.82272 -1.48298
7.81712 -0.396243
7.81248 -0.408971
4.84877 3.17247
4.8175 3.11819
5.001 3.37152
5.01376 3.38391
5.29836 3.56644
5.30722 3.56984
5.79943 -2.49532
5.77087 -2.50578
4.90533 -1.73699
4.89182 -1.69938
6.78805 3.08571
6.76974 3.10142
6.52334 3.28489
6.57303 3.25061
4.60086 -0.645456
4.63918 -0.811038
4.94729 -1.85783
4.95286 -1.87163
4.54025 2.23031
4.52669 2.15562
4.49906 1.97864
4.50203 1.99848
7.71485 -0.643914
7.74051 -0.586117
7.59384 -0.878008
7.61769 -0.835468
6.41677 3.35258
6.40122 3.3622
6.92926 2.96033
6.99059 2.90225
7.51019 -1.01815
7.4747 -1.07368
6.76871 -1.87097
6.82238 -1.82455
7.0933 -1.55677
7.03467 -1.61903
7.98455 0.569899
7.98453 0.556604
6.35174 -2.19601
6.41115 -2.15617
6.28441 -2.24299
6.23904 -2.27052
5.49606 3.61251
5.50029 3.61285
4.71881 2.90352
4.69811 2.84663
7.69789 1.8678
7.67881 1.91077
7.975 0.788173
7.9781 0.749223
4.78019 -1.34156
4.7629 -1.28276
5.42088 -2.52093
7.85449 -0.286924
7.85341 -0.290315
5.06384 -2.12958
5.06971 -2.14268
5.17797 -2.3243
5.14309 -2.27368
6.12175 -2.34426
6.08879 -2.36226
5.24083 -2.4027
5.21679 -2.37611
5.31186 -2.46486
5.26847 -2.43036
4.42497 0.883924
4.42506 0.850055
4.42581 1.01044
4.42542 0.977055
4.43944 1.38259
4.43796 1.35841
4.44793 1.50282
4.44676 1.48671
4.53723 -0.333194
4.55053 -0.404362
4.44687 0.352045
4.44852 0.330997
4.4374 0.488376
4.439 0.461453
4.46588 0.149596
4.46814 0.128931
5.97759 3.55396
5.83419 3.5912
6.10732 3.50609
6.28975 3.42346
4.5685 2.37823
4.56758 2.37381
7.95989 0.934935
7.94539 1.03677
7.9011 1.26297
7.91822 1.18662
7.24109 -1.38822
7.20302 -1.4337
7.3314 -1.27397
7.30307 -1.31123
6.67901 -1.94782
6.52749 -2.06992
7.01794 -1.63647
6.91862 -1.73433
7.56726 2.13284
7.53383 2.19321
7.40425 2.40126
7.43368 2.35705
7.84372 1.47768
7.86619 1.40157
7.78747 1.64526
7.80893 1.58484
7.89006 1.31104
7.88205 1.34209
5.56432 -2.54166
5.55046 -2.54283
5.65698 -2.53232
5.64165 -2.5358
7.9026 -0.115505
7.9028 -0.114727
7.80643 -0.425033
4.94362 3.30651
4.95964 3.32627
6.85799 3.02521
6.83949 3.04177
6.64224 3.20041
6.62819 3.21104
6.51169 3.29301
4.46966 1.74633
4.46905 1.74086
4.5474 2.27217
4.51586 2.09036
5.69895 3.6116
5.71247 3.61091
5.79211 3.59872
5.77598 3.60208
6.06407 3.52412
6.39891 3.36345
6.99803 2.89474
6.9099 2.97905
6.48715 -2.09906
6.85516 -1.79347
6.72499 -1.91002
7.10803 -1.54135
6.31668 -2.22058
4.78038 3.04635
4.8127 3.10951
6.02416 -2.39675
6.03841 -2.38992
4.69096 -1.01596
4.69604 -1.03517
4.45644 1.6066
4.45711 1.61502
4.48796 -0.0307781
4.49962 -0.110467
4.42822 0.689527
4.42719 0.722249
4.43339 0.562433
4.43198 0.591869
4.74423 2.96465
4.72175 2.91146
7.19144 -1.4474
7.18053 -1.45993
7.97022 0.845587
7.96858 0.86167
4.64585 -0.839248
4.43065 1.20048
4.43171 1.23105
4.42697 1.07134
4.42768 1.10405
6.18715 -2.30486
7.88257 -0.190671
4.86767 3.20163
4.91405 3.26929
4.67656 -0.961293
4.67946 -0.972157
6.71852 3.14281
6.69932 3.1575
4.51443 -0.203315
4.5185 -0.228393
7.63288 2.00699
7.62536 2.02236
5.93849 -2.43971
5.93758 -2.44015
7.97864 0.379575
7.97425 0.316072
4.48659 1.88499
4.48467 1.87121
5.32956 -2.47776
7.94765 0.103457
7.94101 0.0628511
4.51122 2.06211
4.99193 3.36153
4.75441 -1.25184
4.71942 -1.12273
4.86109 -1.60822
4.85989 -1.6042
5.09085 -2.18401
5.10427 -2.20865
4.99717 -1.98405
5.03804 -2.07607
4.92047 3.27803
5.17083 3.50553
5.32036 3.57338
5.40379 3.59708
5.89271 -2.45976
5.87976 -2.46574
7.96371 0.216056
7.96035 0.186914
4.43498 1.29454
4.43544 1.32233
4.42513 0.947331
4.425 0.913555
4.42642 0.786554
4.42496 0.820431
4.44344 1.44285
4.44209 1.42256
4.44172 0.420463
4.44338 0.396231
5.57288 3.61741
5.60078 3.6173
4.50737 2.03819
4.48164 0.0144078
4.48241 0.00839777
7.65761 -0.760311
7.67446 -0.727286
4.59026 2.47388
4.63961 2.66686
4.67045 2.76653
4.64273 2.67817
7.14762 2.73548
7.18789 2.6893
7.94114 1.06284
7.92092 1.17334
7.24634 2.61718
7.35298 2.4759
7.46094 -1.0944
7.37426 -1.21719
7.28715 -1.33096
7.24777 -1.38035
7.52846 2.20258
7.4856 2.27522
7.81682 1.56135
7.83864 1.49428
7.98405 0.594304
7.9818 0.675083
5.61203 -2.53856
5.59622 -2.54108
4.80662 -1.43082
4.86446 -1.61901
5.21012 3.52773
5.19159 3.51813
5.48332 3.61063
5.69998 -2.52386
7.96735 0.247588
7.91733 -0.0564965
7.91749 -0.055741
7.91722 -0.0570335
4.9236 -1.7906
4.95897 -1.88672
4.49312 1.93484
7.6892 -0.69774
7.76524 -0.528887
7.55785 -0.940029
7.35721 -1.24074
7.52612 -0.992916
7.98373 0.47872
4.78639 -1.36211
5.98128 -2.41882
5.988 -2.41589
5.68682 -2.5277
4.46248 1.67611
4.46274 1.67918
4.43053 0.625817
4.4293 0.657064
4.69027 2.8233
4.71956 2.90569
4.42857 1.13577
4.42948 1.16755
4.52441 -0.262873
4.70542 -1.07058
5.49606 -2.53952
5.50431 -2.54036
5.11138 -2.21988
5.18656 -2.33769
5.21427 -2.37358
5.25204 -2.41342
4.42603 1.04055
4.45168 1.55087
4.4525 0.28333
4.43487 0.526671
4.4555 0.250388
4.64066 2.67089
4.56721 2.37196
7.22388 2.64526
7.12548 2.76069
7.96381 0.904021
7.89122 1.30638
7.37884 2.43875
7.19278 -1.44581
7.60498 2.06165
7.5791 2.11105
7.44684 2.33663
7.8682 1.39424
7.77718 1.67338
5.51283 -2.54044
7.8877 -0.172985
6.75425 3.11399
4.47549 1.79969
4.46607 1.71281
6.06645 -2.37402
4.4261 0.753337
4.75492 2.98846
4.67775 2.78755
4.5556 2.31371
7.72403 1.8078
7.75594 1.72936
7.67256 1.92435
4.77097 3.02526
7.14557 -1.49962
7.9711 0.837469
4.43277 1.26521
5.36619 -2.49831
5.62841 3.61594
4.9804 -1.94161
7.98277 0.450255
4.47778 1.81712
4.47654 1.8075
7.9807 0.700319
6.68238 3.17033
6.82075 3.05832
7.08071 2.80951
7.7162 1.82667
5.36729 -2.49893
5.20486 -2.36166
7.76577 1.70406
7.77623 -0.502269
6.61545 3.22064
5.71748 3.61064
7.88754 -0.173559
5.72957 3.60923
