7.58687 0.043222
7.59945 0.0961388
7.5578 1.25576
7.55075 1.28358
5.32955 -1.43604
5.3494 -1.46418
4.80078 1.29744
4.80243 1.31789
5.02732 -0.754111
5.00848 -0.693443
4.89471 -0.247252
4.89292 -0.238108
5.49472 -1.63229
5.44972 -1.58693
5.09295 -0.945083
5.11778 -1.01053
6.60491 2.71381
6.56829 2.74122
6.9063 2.44559
6.94095 2.40777
4.80791 0.324229
4.80941 0.309212
4.78547 0.781569
4.78374 0.830571
5.09186 2.50279
5.13104 2.57496
5.0114 2.32297
5.01198 2.32456
6.1572 -1.7289
6.18125 -1.71994
7.18564 -0.864016
7.1586 -0.903996
6.15038 2.95885
6.22812 2.92921
5.94 3.00891
5.85933 3.01535
6.63133 -1.45713
6.53283 -1.52979
7.09226 2.22406
7.0598 2.26662
7.54094 -0.137693
7.51135 -0.227729
7.61112 0.162411
7.6202 0.215606
7.50331 -0.251475
7.50405 -0.249526
7.40266 -0.490734
7.37661 -0.545043
7.41352 1.67244
7.41039 1.67949
7.48194 1.49963
7.47802 1.51032
5.52977 2.95832
5.53491 2.96041
5.3329 2.83062
5.32933 2.82735
7.63625 0.348164
7.63567 0.343263
5.26596 -1.32865
5.24951 -1.3004
4.80659 1.36374
4.81859 1.47483
4.84264 1.64915
4.85149 1.70602
5.84721 -1.78284
5.85661 -1.7828
5.64129 -1.72983
5.65215 -1.73587
4.97724 -0.588193
4.96824 -0.554661
5.16607 -1.12706
5.14194 -1.07265
4.89474 1.93047
4.89865 1.94621
4.83771 0.0813295
4.82344 0.186013
5.19149 2.66863
5.14479 2.5993
4.93833 2.09826
4.96989 2.20591
6.2358 -1.69875
6.3127 -1.6613
6.0412 -1.76464
6.04286 -1.76418
7.03731 -1.06111
7.01148 -1.09167
6.33675 2.88092
6.36633 2.86571
5.81891 3.01694
5.73252 3.01151
6.66737 -1.42754
6.7282 -1.37735
6.43262 -1.59533
6.51408 -1.54221
7.27073 -0.735997
7.27636 -0.726707
7.64258 0.441615
7.63638 0.349854
7.64554 0.624466
7.64607 0.559667
7.62807 0.892851
7.62712 0.900884
4.91785 -0.350418
4.92612 -0.385948
6.55783 2.74874
6.47419 2.80376
7.1005 -0.982879
7.1072 -0.974323
6.89203 -1.22146
6.83854 -1.276
7.29532 1.91039
7.27618 1.94552
4.78484 0.961298
4.78508 0.991832
4.79762 0.448351
4.79643 0.463637
4.8749 -0.142546
4.86634 -0.0963353
7.44828 -0.390735
7.45762 -0.369279
7.57919 1.17022
7.57038 1.20789
7.54166 1.31666
7.52846 1.36071
6.73083 2.61392
6.80131 2.55005
7.16103 2.12963
7.16149 2.12896
7.63693 0.802983
7.64137 0.743839
7.54285 -0.131296
7.41936 -0.45679
7.34605 -0.604613
7.36304 -0.571922
7.44894 1.58745
7.50802 1.42559
4.79549 1.22533
4.7899 1.11603
5.59963 -1.70833
4.80772 0.326184
4.80219 0.390392
4.78896 0.598744
4.78721 0.651239
4.78383 0.862926
5.04933 2.41531
5.0449 2.40423
6.68633 2.65015
6.72246 2.62096
7.58868 1.12815
7.59038 1.12085
7.61792 0.963311
7.60674 1.03655
4.89969 -0.270757
4.94222 -0.452996
7.34443 1.81833
7.3247 1.85659
7.26843 1.95873
7.27379 1.94967
7.44592 1.59497
4.78783 1.04013
4.78855 1.09044
4.79626 1.23749
5.70595 -1.75672
5.70964 -1.75785
6.64697 2.68285
6.64948 2.68083
4.79003 0.574041
4.7928 0.520846
4.78586 0.701711
4.78489 0.731759
7.06511 -1.02699
7.08988 -0.996701
7.23705 2.01145
7.22166 2.03628
5.05543 2.42911
7.54482 -0.124438
4.95074 -0.48676
7.60035 0.101156
7.57583 -0.00689291
5.43069 2.90513
5.4227 2.89979
5.29721 -1.38345
5.3813 -1.50582
4.8059 1.35705
4.80066 1.29595
4.87155 1.81951
4.86968 1.80931
5.05841 -0.851582
4.99678 -0.654941
5.5079 -1.6427
5.42105 -1.55757
5.12782 -1.03701
5.0591 -0.853526
6.56316 2.74497
6.64404 2.68525
6.99513 2.34681
6.87276 2.47997
5.13804 2.58799
6.21093 -1.70811
6.13792 -1.73677
7.1434 -0.924308
7.21667 -0.8194
6.965 -1.14595
6.96892 -1.1416
6.0658 2.98397
6.25651 2.91824
6.0164 2.99589
5.83583 3.01722
6.53145 -1.53081
6.63349 -1.45538
7.01597 2.3215
7.11161 2.19841
7.64542 0.533552
7.64316 0.452681
6.36997 2.86363
6.42052 2.83588
7.6209 0.220363
7.3759 1.75486
5.63001 2.99256
5.49592 2.94011
5.31365 2.811
5.25072 2.74564
7.63627 0.348373
5.23298 -1.26988
5.40816 -1.54154
5.20637 -1.21502
4.82242 1.50508
4.8338 1.59114
4.82847 1.5526
4.86736 1.79602
4.88563 1.88922
5.75235 -1.76983
5.82852 -1.78051
4.96362 -0.537211
5.05882 -0.852752
5.18799 -1.17472
4.92133 2.03812
4.84338 0.043252
4.82145 0.201988
5.23701 2.72966
6.3348 -1.6509
6.96034 -1.15088
7.05631 -1.03811
6.30641 2.89585
6.05289 2.98791
5.6694 3.00132
6.04481 2.99007
6.73229 -1.3739
6.42485 -1.59974
6.81733 -1.29591
7.31698 -0.656218
7.25748 -0.757042
7.64494 0.669187
6.47215 2.8051
7.09755 -0.98677
4.85624 -0.0371859
7.56743 1.2204
7.5876 1.13352
7.51346 1.41008
7.59673 1.08553
7.6065 1.03791
6.81823 2.5343
6.72622 2.61779
7.00616 2.33365
7.16164 2.12874
7.20809 2.05739
7.63059 0.869387
7.64337 0.714527
7.50461 -0.247984
7.4639 -0.354176
7.37117 -0.555976
7.34132 -0.613463
7.62865 0.888175
7.36929 1.76887
7.30952 1.8851
5.94449 -1.78037
5.97875 -1.77544
5.69253 -1.75167
4.81467 0.259887
4.97818 2.2316
6.04526 -1.76344
5.53838 -1.66673
5.57089 -1.69103
7.37302 1.76098
7.57208 -0.0225365
5.91941 -1.78214
4.8143 0.262891
6.0356 -1.76572
5.66017 -1.73968
5.5794 -1.6961
