5.44505 -2.37835
5.48544 -2.39249
6.13933 -2.24282
6.18864 -2.21597
5.87066 -2.36376
5.83558 -2.37589
6.60669 3.15072
6.62569 3.13661
4.66743 -0.68321
4.70112 -0.820543
5.87468 3.49831
5.93974 3.4827
4.71762 2.68002
4.73278 2.72632
7.02411 2.78758
7.04997 2.7609
7.16578 2.62985
7.12916 2.67335
7.87513 1.14401
7.88835 1.07263
7.37439 -1.1267
7.38266 -1.11498
7.45445 2.22493
7.47511 2.19038
7.78918 1.48281
7.76911 1.54546
7.9305 0.671461
7.93286 0.597033
7.7754 -0.357182
7.75215 -0.421008
4.90398 3.09697
4.90202 3.09358
5.07089 3.30211
5.02258 3.25457
5.19305 3.40102
5.10769 3.33784
5.26738 3.4413
5.30327 3.4602
5.48282 3.51273
5.49643 3.51529
5.71796 -2.40256
5.65548 -2.411
7.89548 0.10548
7.88757 0.0599142
7.92603 0.361209
7.92359 0.328582
4.90794 -1.52774
4.89262 -1.48385
4.95909 -1.67435
4.9562 -1.66629
4.51753 1.65005
4.52062 1.67944
4.49745 1.42281
4.49647 1.41198
4.65199 -0.616512
5.02381 -1.83516
5.01405 -1.811
4.55355 1.94468
4.56171 1.99909
7.52664 -0.891414
7.58176 -0.793128
5.76613 3.51528
5.72485 3.52058
6.16811 3.40355
6.16207 3.40582
6.39215 3.28981
6.44146 3.2593
6.82888 2.97427
6.89017 2.91926
7.47456 -0.97617
7.51291 -0.91454
6.50374 -2.00769
6.41041 -2.07486
6.61932 -1.91947
6.61068 -1.92631
6.83455 -1.73479
6.80667 -1.76028
7.02865 -1.54394
6.99826 -1.57622
5.21694 -2.18817
5.21382 -2.18456
5.96377 -2.328
5.93655 -2.34011
5.53782 -2.40496
5.4947 -2.39589
4.48329 1.16748
4.48329 1.16749
4.49709 0.404229
4.49839 0.385663
4.54235 -0.0228838
4.53454 0.0379114
4.78224 -1.12427
4.75868 -1.04196
4.83493 -1.30293
4.82604 -1.2727
7.81181 -0.246964
7.79426 -0.302116
5.14831 -2.08223
5.1708 -2.12045
6.08786 -2.27093
6.2009 -2.20905
4.47846 0.852795
4.47847 0.849993
4.47913 0.979404
4.4791 0.976992
4.63175 -0.522721
5.98696 3.46782
5.82383 3.50848
6.18354 3.39654
6.2806 3.35049
4.68458 2.56992
4.67441 2.53564
4.75497 2.78535
4.73467 2.73184
7.08884 2.71802
7.12688 2.67599
7.26864 2.50062
7.24993 2.52495
7.16023 -1.40011
7.15543 -1.40583
6.60224 -1.93259
6.51105 -2.00267
6.95055 -1.6231
6.90298 -1.67037
7.53341 2.08728
7.56606 2.0261
7.37125 2.35686
7.37306 2.35414
7.83625 1.3161
7.82477 1.36061
7.73579 -0.464408
7.71929 -0.503806
7.70365 -0.541174
6.79127 3.00628
6.7499 3.04082
6.5318 3.20209
6.55483 3.18707
4.51423 1.61528
4.50639 1.53137
4.50265 1.48697
4.4932 1.3664
4.49218 1.35189
4.71676 -0.882765
4.82649 2.95475
4.8368 2.97505
4.58411 2.13275
4.60406 2.23686
6.05443 3.44714
6.30902 3.33487
6.50276 3.22176
5.64936 3.5252
5.62645 3.52502
6.93446 2.8767
6.39963 -2.08169
6.78445 -1.77944
6.70915 -1.84524
7.09235 -1.47725
6.28628 -2.15681
5.26565 -2.24673
6.0754 -2.27749
6.03744 -2.29564
4.74219 -0.979794
4.75632 -1.03317
4.48574 1.23241
4.48562 1.22962
4.48328 1.1672
4.48879 0.522072
4.49312 0.460573
4.503 0.33011
4.51587 0.194881
4.5248 0.113411
4.55092 -0.0814263
4.48059 0.719881
4.48054 0.721381
4.48291 0.651164
4.48565 0.590996
4.76365 2.8065
4.77842 2.84435
4.62817 2.34743
4.63331 2.37116
7.6634 1.82139
7.66833 1.80989
7.32153 -1.1987
7.2992 -1.22822
7.91567 0.879871
7.91296 0.90653
4.48148 1.10294
4.48151 1.10399
7.83003 -0.18449
5.09967 -1.99754
5.09568 -1.98983
5.38749 -2.34961
5.41282 -2.36441
4.72769 -0.925206
4.73966 -0.970158
6.7098 3.07322
6.6825 3.09363
4.60818 -0.409468
4.58985 -0.314688
4.48866 0.525796
4.48838 0.529268
4.58188 2.12122
4.58287 2.12639
4.55785 -0.124887
4.56992 -0.199281
4.61233 2.27511
4.62017 2.31187
4.60744 2.25257
7.71004 1.70782
7.73228 1.65045
7.84457 -0.133328
7.84648 -0.125964
7.66451 -0.628023
7.65156 -0.656542
4.90806 3.10327
4.93954 3.15015
4.55092 1.92494
4.54352 1.87181
7.35905 -1.14822
7.92592 0.764612
7.9285 0.730615
5.32888 -2.30639
5.34732 -2.32301
5.27919 -2.26271
4.51044 1.57438
4.50827 1.55113
4.6152 -0.444051
4.57181 2.06273
4.57186 2.06308
4.89691 3.08433
4.86225 3.02316
4.50739 0.280108
4.5088 0.264865
4.80829 -1.21381
4.79035 -1.1521
5.49096 -2.39472
5.00854 3.23906
4.97692 3.20084
5.31305 3.46412
5.40008 3.4941
5.82194 -2.37918
5.88608 -2.35928
7.91369 0.230598
7.90939 0.195677
4.47851 0.916263
4.4785 0.913493
4.47839 0.786493
4.47826 0.78941
4.95486 -1.66236
4.92398 -1.57529
5.03274 -1.85724
5.05903 -1.91312
4.56236 2.00392
7.59226 -0.773347
7.63781 -0.684099
7.62284 1.91027
7.61363 1.92989
4.65749 2.4729
4.64869 2.43746
4.73314 2.72745
4.7137 2.6672
7.12768 2.67506
7.18474 2.6073
7.86135 1.21078
7.89707 1.01925
7.42506 -1.05212
7.49448 2.15685
7.42551 2.27233
7.32744 2.41984
7.36469 2.36654
7.76193 1.56652
7.79809 1.45417
7.93266 0.531299
7.92949 0.707967
5.57093 -2.41015
5.58428 -2.41088
7.87246 -0.0151322
7.86049 -0.0679224
5.09914 3.33032
5.20586 3.4094
5.50648 3.51612
5.74834 -2.39832
5.60058 -2.41069
7.93167 0.459188
4.86264 -1.39413
4.86193 -1.39206
4.99138 -1.75577
5.09452 -1.9873
4.5523 1.93545
7.67722 -0.600726
7.52256 -0.898447
7.45768 -1.00298
7.93266 0.488348
5.91788 -2.34664
5.98701 -2.31885
4.4827 0.656062
4.4827 0.656195
4.79773 2.89017
4.80307 2.90331
7.92197 0.821502
7.92154 0.826109
4.58746 -0.301566
4.75665 -1.03441
4.8604 -1.38737
5.21152 -2.18144
5.13153 -2.05552
4.47957 1.04049
4.64477 2.42022
4.70267 2.63224
7.20362 2.58387
7.06601 2.74382
7.90859 0.938725
7.84908 1.2647
7.31612 2.43573
7.10941 -1.45806
7.18972 -1.36537
7.57116 2.01615
7.52195 2.10831
7.41336 2.29157
7.81393 1.39935
7.73798 1.63462
4.52397 1.71429
4.5301 1.76791
4.48802 1.29743
4.84826 2.99818
4.81601 2.93285
5.66404 3.52501
5.59754 3.52497
6.00867 -2.30824
4.48771 1.29191
4.48329 1.16749
4.86156 -1.39099
4.51025 0.247861
4.52821 0.0853007
4.47836 0.783632
7.2123 -1.33855
7.09989 -1.46887
7.92222 0.819132
6.5665 3.17892
7.69945 1.73468
4.5416 1.85676
4.53528 1.80777
4.95817 3.17527
7.65881 1.83207
7.57677 2.00512
4.48787 1.29451
4.5234 1.70922
4.49842 1.4354
4.53226 1.7852
5.21304 -2.18362
7.21699 -1.33277
7.26762 -1.26946
6.64281 3.12375
5.70647 3.52274
7.84831 -0.118632
