6.17793 -2.54002
6.14027 -2.5668
4.68608 -1.62382
4.69053 -1.6399
7.96815 -0.368352
8.00104 -0.260862
4.8628 3.59522
4.92809 3.65886
8.096 0.201895
8.09603 0.202064
4.7438 -1.84216
4.74804 -1.85812
4.29618 1.35821
4.2925 1.3109
4.28389 0.966043
4.28393 0.977221
4.28541 0.850219
4.28447 0.798238
4.30063 1.46338
4.30203 1.48605
5.81109 3.81563
5.75357 3.82923
4.29833 0.443278
4.297 0.463764
4.35699 2.06053
4.36388 2.12078
4.34352 -0.0262713
4.33369 0.0528127
7.82365 -0.728006
7.81496 -0.74562
4.56234 3.05329
4.57962 3.10291
5.22339 3.82006
5.23675 3.82349
4.89928 -2.37413
4.92089 -2.44182
7.12063 2.97503
7.15477 2.93921
7.41056 2.63136
7.41508 2.6253
6.94962 -1.90688
6.89546 -1.95852
7.2494 -1.59207
7.21567 -1.62992
4.67133 3.31623
4.64517 3.2634
5.52429 -2.91137
5.48765 -2.92572
4.81654 -2.10411
4.84869 -2.20841
8.11307 0.690066
8.11274 0.7016
5.33704 -2.95065
5.27595 -2.94638
4.99022 -2.62695
4.98895 -2.62415
5.0636 -2.77504
5.08247 -2.80064
5.16697 -2.89377
5.15323 -2.88437
4.7713 -1.94233
4.77387 -1.95343
5.64346 -2.86579
5.64249 -2.86631
8.07693 0.0671645
8.07492 0.0556193
8.05027 -0.0704157
8.05606 -0.0448483
6.67596 3.37175
6.68954 3.36178
6.88559 3.20051
6.89408 3.19326
5.97767 3.76348
5.9008 3.78869
4.37066 2.16745
4.38247 2.24551
7.76621 -0.843619
7.71092 -0.945312
6.20932 3.66461
6.21961 3.65949
6.4518 3.52746
6.47936 3.51041
7.06614 3.03141
7.21618 2.87153
7.19902 2.89125
7.60143 -1.12566
7.63193 -1.07834
6.78065 -2.06265
6.86269 -1.98939
7.09215 -1.76353
7.05371 -1.80304
4.8036 3.52678
4.7789 3.49292
8.10532 0.796945
8.11052 0.733504
6.38425 -2.38821
6.343 -2.41989
6.66065 -2.16646
6.61502 -2.20381
4.98857 3.70566
4.98277 3.70187
4.84818 3.5805
4.82886 3.55792
8.11492 0.468706
8.11207 0.399288
4.31344 1.64932
4.31066 1.61435
4.28989 0.609333
4.29045 0.594173
7.34956 -1.47429
7.30715 -1.5253
5.98741 -2.6701
5.97079 -2.68028
4.49308 -0.831504
4.50325 -0.876428
4.28611 1.11669
4.28577 1.10422
7.1478 -1.70404
7.16868 -1.68139
6.22269 -2.50819
6.24237 -2.49441
4.59424 -1.25696
4.57154 -1.16733
4.66209 -1.53284
4.65434 -1.50062
5.70071 3.83797
5.73627 3.83218
5.86631 3.80052
4.40521 -0.40845
4.3859 -0.305064
4.44632 -0.617024
4.44012 -0.587525
4.39498 2.3151
4.40125 2.36327
4.38556 -0.303118
4.36637 -0.185904
7.77804 2.008
7.74098 2.08521
7.86283 1.81288
7.83163 1.88833
4.4602 2.68014
4.4579 2.67059
4.40742 2.39745
4.41868 2.46662
5.12049 3.78064
5.09276 3.76819
5.33956 3.84559
5.36601 3.85003
8.02708 1.29429
8.04407 1.21711
8.07488 1.04866
8.08937 0.946279
7.34163 2.7218
7.34733 2.71444
7.46943 2.54852
7.4781 2.53592
7.43974 -1.35902
7.40513 -1.40442
6.86713 -1.98516
6.95873 -1.89837
7.65427 2.24992
7.68167 2.20032
7.57473 2.38677
7.58831 2.36449
4.73788 3.43245
4.71595 3.39875
4.61992 3.20461
4.6429 3.25877
4.77709 -1.96688
4.8117 -2.08494
4.87823 -2.30587
4.87476 -2.29337
7.93011 1.63184
7.91128 1.68606
7.983 1.46458
7.97122 1.50545
5.38177 -2.95002
5.2491 -2.93757
5.72492 -2.82406
5.70391 -2.83424
5.64198 -2.86656
5.57471 -2.89337
5.55803 -2.90113
6.49029 -2.3052
6.51046 -2.28943
8.02869 -0.161393
7.962 -0.387569
7.93107 -0.472568
6.63799 3.40055
6.60259 3.42558
6.8255 3.25241
6.83456 3.24494
6.06703 3.72865
6.01419 3.74921
5.63928 3.84869
4.3349 1.88677
4.34022 1.93327
4.38455 2.25842
4.36472 2.12711
6.08867 3.72042
6.14332 3.69589
6.20134 3.66872
6.25732 3.6401
6.28936 3.62282
6.42413 3.54506
6.35573 3.58509
7.27609 2.80348
6.69152 -2.13961
6.76564 -2.07631
7.02856 -1.82789
4.75766 3.46449
8.11231 0.708698
8.10382 0.816015
6.67679 -2.15239
8.10853 0.335507
8.11621 0.528416
4.55774 -1.10998
4.56927 -1.15833
4.53163 -0.998762
4.5413 -1.04031
4.51553 2.90105
4.50237 2.85362
4.53752 2.97852
4.54136 2.99109
7.39465 -1.418
7.37339 -1.44469
4.46992 -0.731278
4.4832 -0.787989
4.51199 -0.914157
6.00825 -2.65688
6.03606 -2.63823
4.61694 -1.34886
4.60146 -1.28555
4.63076 -1.40351
7.96503 -0.378536
5.02625 -2.70574
5.02742 -2.70778
4.9562 -2.54077
4.9573 -2.54342
8.08656 0.134565
8.07851 0.0762974
4.51865 -0.943103
4.52669 -0.977231
4.28749 0.723217
4.28485 0.774981
4.4676 -0.720899
5.52629 3.85796
5.53957 3.8571
4.34896 2.00747
4.34781 1.9969
4.3316 1.85115
4.32709 1.80605
4.31399 0.242891
4.30927 0.296215
4.89781 -2.3682
4.89631 -2.3629
8.09786 0.867384
7.46231 -1.32878
7.50083 -1.27569
5.82399 -2.7688
5.76706 -2.80169
5.20754 -2.92191
8.03414 -0.140254
7.89872 -0.553853
7.87565 -0.611834
6.53436 3.47388
6.54303 3.46779
7.02418 3.07236
7.04134 3.05605
8.11588 0.590811
4.32296 1.76475
4.32109 1.74245
4.74963 -1.86457
4.29082 1.23121
4.29108 1.27936
6.74095 3.3218
6.77215 3.29638
7.27611 2.80345
7.27613 2.80343
6.94478 3.14768
6.97645 3.11793
6.12328 -2.57911
4.70992 -1.71492
4.67231 -1.57309
8.10223 0.268019
8.09598 0.201705
4.29223 1.29471
4.29744 1.40265
4.28437 1.02926
4.28406 0.913721
4.28497 0.78672
4.28409 0.902423
4.30432 1.52382
4.29852 1.4219
4.42529 -0.513009
4.41188 -0.444733
4.29436 0.510973
4.30123 0.398545
5.44166 3.85708
5.50838 3.85785
4.93858 -2.48932
4.95505 -2.53808
4.32747 0.109095
4.34898 -0.0671389
7.82407 -0.727099
7.76888 -0.838539
7.82214 1.91028
7.78735 1.98818
4.43188 2.53759
4.43741 2.56915
4.59134 3.13289
4.55767 3.04078
5.21551 3.81734
5.29323 3.83774
8.05286 1.17334
8.06986 1.07972
7.19669 -1.65135
7.26188 -1.57793
4.64339 3.25974
4.67779 3.3301
5.45468 -2.93288
5.41557 -2.94408
4.98891 -2.62404
5.02532 -2.70417
5.10473 -2.834
5.04814 -2.74539
5.14046 -2.87003
5.8691 -2.74283
5.88455 -2.73401
4.72206 -1.75879
5.89806 -2.72637
8.10834 0.332706
8.06452 -0.00128119
8.04177 -0.107886
7.70166 -0.961472
7.87496 -0.613397
7.65004 -1.04865
7.5601 -1.18987
7.55207 -1.20178
7.53603 -1.22533
6.40648 -2.37156
6.31936 -2.43724
6.08473 -2.60525
6.05629 -2.62416
4.9418 3.67026
5.0327 3.7354
5.42412 3.85578
4.54461 -1.05443
4.55616 -1.10338
4.30831 1.58037
4.31564 1.6785
4.29258 0.54585
4.28832 0.659358
4.53679 2.97584
4.5194 2.91611
7.30051 -1.53303
7.35145 -1.47202
4.28474 1.05239
4.28772 1.16772
4.57105 -1.16541
4.2845 1.04072
4.3061 1.5502
4.38564 -0.303606
4.46204 -0.694998
4.30297 0.375169
4.29335 0.528975
4.36291 -0.163694
4.32063 0.174033
7.73056 2.10603
7.87377 1.78559
7.90032 1.71578
7.69269 2.17966
4.48101 2.7704
4.45324 2.64883
4.48678 2.79298
5.04036 3.7396
5.15661 3.7968
5.39229 3.8527
8.01159 1.3587
8.09271 0.919842
7.99781 1.4118
7.53143 2.45611
7.53767 2.44638
7.40627 2.6374
7.39628 -1.4159
7.44822 -1.34798
7.63604 2.28245
7.61508 2.31912
4.70254 3.37371
4.61093 3.18506
4.85728 -2.23924
4.85307 -2.22384
7.9421 1.5966
7.95798 1.54807
6.71758 3.34
6.92762 3.16318
6.31317 3.61034
6.4831 3.50791
6.27955 -2.46718
6.4479 -2.33893
6.57196 -2.23972
6.53352 -2.27136
4.93517 3.66515
4.31909 1.71858
4.28791 0.67323
4.49578 2.8272
4.28817 1.18138
4.97286 -2.58232
5.61474 3.85185
5.7654 -2.80252
7.92179 -0.497654
4.92339 -2.45003
6.33287 3.59871
4.60334 3.16491
5.93878 -2.70111
6.84324 3.23772
4.34648 1.98519
6.59708 -2.21928
6.46999 -2.3219
6.98558 3.10921
6.78234 3.28798
7.92275 -0.495134
6.5661 3.45143
