5.35002 -2.24297
5.30611 -2.20454
6.11374 -2.21199
6.18819 -2.17145
5.67002 -2.34798
5.69247 -2.34781
4.95718 -1.56553
4.98972 -1.64906
4.72718 -0.805792
4.68287 -0.625217
5.06016 -1.81648
5.08151 -1.86106
4.59995 2.04522
4.5923 1.9994
7.56378 -0.771948
7.6194 -0.663789
7.15582 2.59967
7.15507 2.60055
7.85378 1.12289
7.85976 1.0906
7.4378 2.20253
7.4459 2.18898
7.35417 2.33388
7.3415 2.35262
7.76177 1.48539
7.74892 1.52549
7.9043 0.710066
7.90737 0.613056
7.75494 -0.338031
7.72257 -0.42691
7.81298 -0.150565
7.82307 -0.113205
5.07392 3.23962
5.10526 3.27046
5.25943 3.38169
5.30124 3.40371
5.78448 -2.33469
5.78573 -2.33446
5.5819 -2.34522
5.60684 -2.34813
7.87278 0.126731
7.85934 0.0493247
7.90166 0.384024
7.89676 0.318518
4.95399 -1.55638
4.92319 -1.46813
4.54439 1.63442
4.54913 1.67958
4.52572 1.42294
4.52332 1.39635
5.10857 -1.91816
5.13717 -1.96902
5.95398 3.4377
5.93475 3.44291
6.16331 3.36523
6.10421 3.38742
6.3877 3.25432
6.40063 3.24632
5.69494 3.47859
5.67248 3.47905
6.84912 2.91738
6.88031 2.88939
7.45647 -0.95485
7.49254 -0.896879
6.45786 -1.99859
6.40165 -2.03905
6.64621 -1.85753
6.60235 -1.89226
6.86342 -1.66831
6.79866 -1.72752
6.99695 -1.53765
6.9905 -1.5445
6.02329 -2.254
6.03696 -2.24848
5.53151 -2.33612
5.52884 -2.33556
4.50614 0.91346
4.50587 0.900337
4.5109 1.15141
4.51144 1.16745
4.52375 0.419682
4.52736 0.367869
4.57228 -0.041263
4.56023 0.0524567
4.51128 0.638777
4.51052 0.655742
4.6659 2.3709
4.66572 2.37024
4.61409 -0.290196
4.59759 -0.199334
4.80885 -1.10549
4.79211 -1.047
7.79088 -0.227372
7.76526 -0.307902
6.24003 -2.1422
6.08739 -2.22479
7.08273 -1.44638
7.09527 -1.43262
5.81851 3.46605
5.9185 3.44605
6.3255 3.28803
6.27604 3.3141
4.72848 2.59723
4.70462 2.51681
4.74866 2.66068
4.74133 2.63923
4.78444 2.75698
4.79478 2.78422
7.07879 2.68757
7.09696 2.6675
7.25831 2.4693
7.21673 2.52336
6.55953 -1.92411
6.50255 -1.9679
6.91724 -1.61649
6.89517 -1.63842
7.51626 2.06422
7.53735 2.02472
7.80987 1.31859
7.80426 1.34032
7.71557 -0.445479
7.67399 -0.544754
7.67292 -0.547305
6.75633 2.99637
6.73048 3.01795
6.51116 3.17779
6.52674 3.16764
4.54259 1.61541
4.53322 1.51575
4.53081 1.4871
4.52247 1.38458
4.51906 1.33624
4.75195 -0.904362
4.86101 2.93309
4.86607 2.94306
4.62026 2.15519
4.6325 2.21912
5.72708 3.47682
5.92933 3.44401
6.04957 3.4084
6.26259 3.3201
6.49834 3.18648
5.70404 3.47848
5.63898 3.47921
5.65216 3.47932
6.90285 2.86773
7.02398 -1.50935
7.07614 -1.45367
6.34987 -2.07181
6.74706 -1.77202
6.70107 -1.8122
6.28722 -2.11333
5.19234 -2.05989
5.22541 -2.10844
5.27535 -2.17103
5.27191 -2.16742
5.88696 -2.30747
5.93604 -2.29025
4.50721 1.02656
4.50683 0.976959
4.50585 0.863067
4.50583 0.836865
4.51435 1.249
4.51292 1.21374
4.50948 1.10396
4.86122 -1.28179
4.86367 -1.28933
4.51779 0.504259
4.5209 0.46012
4.53053 0.329662
4.57607 -0.0671875
4.50751 0.735487
4.50848 0.705752
4.51347 0.590543
4.81773 2.84015
4.81892 2.8432
7.6456 1.79743
7.66285 1.75714
7.03592 2.73528
7.04011 2.731
7.16286 -1.35466
7.13733 -1.38451
7.30362 -1.1776
7.2611 -1.23382
7.88893 0.89668
7.88885 0.897484
7.80174 -0.190134
5.41574 -2.2873
5.37984 -2.26723
5.88555 -2.30789
5.88416 -2.30824
4.75276 -0.907513
4.75507 -0.916178
4.50784 1.04046
4.50787 1.05474
6.70541 3.03821
6.64536 3.08309
6.55039 3.15165
6.58746 3.12577
4.63402 -0.394841
4.61982 -0.321427
4.51703 0.525334
4.51549 0.544982
4.61024 2.10354
4.61469 2.12672
4.57914 -0.0864334
4.59513 -0.185007
4.64963 2.29832
4.65233 2.31096
4.63951 2.25166
7.01528 2.75597
7.69952 1.66511
7.70418 1.65309
7.64573 -0.605898
7.61987 -0.662865
5.54303 3.47095
5.49878 3.46644
4.95838 3.09919
4.97118 3.11759
4.57276 1.87208
4.56771 1.83601
7.34618 -1.12034
7.89942 0.781271
7.90337 0.729156
4.54052 1.59305
4.5366 1.55126
4.67389 -0.586795
4.6481 -0.464245
4.90992 3.02379
4.91163 3.0268
4.53355 0.295272
4.53641 0.264416
4.83492 -1.19501
4.82683 -1.1672
5.48425 -2.32153
5.45344 -2.30912
5.00585 3.16437
5.00465 3.16292
5.39357 3.44067
5.39821 3.44227
5.78302 -2.33487
7.89011 0.252672
7.88182 0.185334
4.95499 -1.55935
5.00924 -1.69618
5.04434 -1.7831
5.09685 -1.89368
4.59007 1.98665
4.60327 2.06306
7.55944 -0.779896
7.61984 -0.662925
7.61768 1.86058
7.58382 1.9327
4.7653 2.70741
4.75065 2.66615
7.11742 2.64397
7.1562 2.59921
7.83181 1.22934
7.87498 0.997407
7.40746 -1.03139
7.37585 -1.07827
7.47759 2.13413
7.40088 2.263
7.31047 2.39701
7.3959 2.27091
7.73403 1.56914
7.77774 1.43404
7.90367 0.724195
7.90728 0.585247
7.8505 0.00542399
7.83262 -0.073484
5.15678 3.31353
5.20365 3.34816
5.4041 3.4436
7.90542 0.449341
4.90785 -1.42225
4.89219 -1.3765
5.02585 -1.73805
4.67735 -0.602157
4.67885 -0.608577
5.17552 -2.03584
4.58211 1.93575
7.67112 -0.55137
7.50433 -0.876964
7.42293 -1.00808
7.90728 0.504297
6.06767 -2.23363
5.98651 -2.27045
5.53565 -2.33677
5.18036 -2.04288
4.66507 2.36759
4.68095 2.42947
7.89446 0.838794
7.8891 0.89506
4.78305 -1.01578
4.8584 -1.27291
4.73313 2.61325
4.68539 2.44549
7.19343 2.553
7.04686 2.72365
7.88089 0.956139
7.82842 1.24426
7.284 2.43419
7.55375 1.99272
7.49299 2.10691
7.39687 2.26939
7.78703 1.40188
7.71796 1.61482
4.55497 1.73354
4.5571 1.75219
4.5175 1.31573
4.88346 2.97609
4.85645 2.92356
5.60042 3.47783
5.9781 -2.27343
4.77 -0.96915
4.50569 0.799479
4.51524 1.27589
4.5118 1.18402
4.88398 -1.35295
4.5509 0.126288
4.5394 0.229953
4.50613 0.772452
4.50967 0.671696
4.82194 2.85037
7.19429 -1.31733
7.89748 0.809851
6.60229 3.11562
7.67104 1.73735
5.00112 3.15815
4.93994 3.07168
4.57343 1.87652
4.56408 1.80791
5.18308 -2.04669
5.00394 3.16195
5.83503 -2.32261
7.62953 1.83483
7.5718 1.95722
7.3567 -1.10586
4.90871 3.02162
4.51638 1.29464
4.55043 1.69349
4.52808 1.45382
4.56365 1.80469
4.53905 0.233415
4.50595 0.786118
4.50631 0.926836
4.55452 0.0951533
5.2389 -2.12776
7.23181 -1.27107
7.24985 -1.24851
6.6228 3.10021
4.83969 2.88938
5.26654 -2.16103
