6.40918 2.24618
6.37985 2.2615
7.1642 1.24126
7.16695 1.23268
5.18839 0.996497
5.19307 1.06515
5.43824 -0.527204
5.40846 -0.459573
5.53162 -0.702852
5.55929 -0.747488
5.46828 2.03273
5.44014 1.98547
5.92451 -1.04989
5.89388 -1.03689
6.11449 -1.07225
6.12405 -1.07101
7.12435 -0.134079
7.15345 -0.0563271
5.18954 0.54235
5.19408 0.479538
7.25726 0.428455
7.24835 0.346507
6.73447 1.98628
6.74768 1.97256
5.98322 2.36148
6.06884 2.35856
6.11666 2.35249
6.19378 2.33662
5.77224 2.31193
5.77886 2.31519
6.77088 -0.700525
6.81797 -0.64639
6.52944 -0.911758
6.47021 -0.948476
6.68207 -0.788825
6.65834 -0.811229
6.9974 -0.393297
6.95583 -0.460473
7.23573 0.944432
7.23052 0.975118
7.25773 0.764274
7.26381 0.685727
5.37401 -0.373348
5.35565 -0.320233
5.64716 -0.861405
5.64139 -0.854117
5.24748 1.4529
5.22611 1.34564
5.30247 1.66703
5.29729 1.64878
5.20912 1.22803
5.22357 1.33034
5.37577 1.8605
5.40131 1.91618
5.59064 2.18566
5.58398 2.17936
6.81715 1.88953
6.84121 1.85992
7.04826 1.52974
7.04715 1.53193
6.94044 1.71867
6.88267 1.80618
5.7399 -0.949467
5.81577 -1.00079
6.30902 -1.0286
6.24311 -1.04829
7.05667 -0.286076
7.06792 -0.264033
7.20182 0.104057
7.2182 0.1715
5.29481 -0.120073
5.29775 -0.13122
5.24026 0.122781
5.25088 0.0693764
5.18206 0.813255
5.1823 0.838327
5.21362 0.295847
5.22763 0.19779
7.26383 0.684983
7.26494 0.588711
7.12928 1.34059
7.13918 1.31281
7.18895 1.15755
7.18953 1.15539
7.20929 1.07964
7.1918 1.14704
7.21816 1.04154
7.21149 1.07134
7.22781 0.991452
7.24522 0.878741
5.28184 -0.0678884
6.58849 2.12224
6.6052 2.10903
6.76327 1.9547
6.7528 1.96688
6.66045 2.05861
6.62719 2.08912
5.37851 -0.386129
5.38496 -0.403981
6.84975 1.84889
6.88028 1.80957
5.31356 -0.188882
5.31522 -0.194561
6.35492 2.27432
6.32446 2.28848
7.25039 0.842063
5.274 -0.0350396
5.26698 -0.00456343
5.18224 0.73334
5.18243 0.70802
6.51871 2.17642
6.5046 2.1858
5.88007 2.34798
5.80142 2.32253
6.87782 -0.573003
6.89045 -0.556865
6.64734 -0.821096
6.5678 -0.883267
5.19673 1.11324
5.18469 0.929989
5.47086 -0.596898
5.39734 -0.433749
5.58613 -0.783931
5.49718 -0.643909
5.27316 1.56114
5.2571 1.49458
5.41864 1.9488
5.49104 2.06736
5.66864 2.25126
5.62024 2.21063
6.99615 1.6263
6.97255 1.66671
5.83146 -1.01043
5.93608 -1.05269
6.21124 -1.05785
6.10901 -1.07207
7.11302 -0.162449
7.16762 -0.0136747
5.25635 0.0427326
5.18527 0.615497
5.19966 0.418008
7.24121 0.296022
7.26067 0.471224
5.91446 2.35346
6.08785 2.35785
6.22506 2.32599
6.30089 2.29934
6.41565 -0.980525
6.35491 -1.00828
5.67955 2.25941
6.74096 -0.731525
6.90169 -0.541348
7.01697 -0.359968
7.09491 1.4268
7.10162 1.41061
5.18292 0.87798
5.20606 1.20295
5.34584 -0.291355
5.3768 -0.381395
5.48266 -0.618709
5.64997 -0.864713
5.33805 1.76888
5.31332 1.70079
5.22548 1.34229
5.52555 2.11172
5.35549 1.81184
7.05179 1.52223
6.88174 1.80753
5.72347 -0.934975
6.01894 -1.06925
7.07101 -0.257445
7.1887 0.0547982
7.22788 0.219393
5.32896 -0.23891
5.23111 0.175693
5.182 0.773182
5.20804 0.340406
5.18338 0.66894
7.26477 0.569395
6.54781 2.15409
6.57424 2.13381
7.26382 0.685589
7.10825 1.39465
7.16114 1.25144
5.30705 -0.167188
5.29937 -0.13817
7.25373 0.811138
6.45517 2.21727
6.48544 2.19833
