6.40836 2.2573
6.38449 2.26977
7.17097 1.24151
7.17526 1.22816
5.18154 1.00072
5.18565 1.06092
5.43087 -0.531273
5.39542 -0.450776
5.5236 -0.707281
5.55822 -0.763118
5.4602 2.03794
5.42366 1.97657
5.58097 2.19191
5.5828 2.19379
7.13274 -0.13161
7.15893 -0.0616319
5.18277 0.538501
5.1867 0.484096
7.26343 0.422313
7.25541 0.348586
6.72844 2.00355
6.75061 1.98053
6.08475 2.36945
5.98237 2.37295
6.19297 2.34751
6.08856 2.369
5.75995 2.31846
5.77787 2.32729
6.76803 -0.715685
6.82358 -0.651821
6.52705 -0.924423
6.47725 -0.955296
6.70576 -0.777592
6.66416 -0.816865
7.00967 -0.387477
6.96126 -0.465724
7.24373 0.936474
7.23711 0.975362
7.26865 0.711268
7.26416 0.769314
5.36337 -0.366164
5.34739 -0.319933
5.63828 -0.86631
5.61623 -0.838471
5.24039 1.45748
5.22212 1.36578
5.29554 1.67151
5.28751 1.64319
5.2025 1.23231
5.21785 1.34093
5.3683 1.86532
5.39984 1.93407
6.82227 1.89551
6.8492 1.86237
6.94535 1.7244
6.89357 1.80284
7.05312 1.53542
7.05612 1.52918
5.92363 -1.06258
5.93126 -1.06409
5.73896 -0.963044
5.80365 -1.0068
6.11368 -1.08397
6.09797 -1.08396
6.30823 -1.04007
6.25406 -1.05626
7.04887 -0.316564
7.07311 -0.269061
7.2095 0.106317
7.22397 0.165912
5.28574 -0.113947
5.29027 -0.131174
5.23736 0.099103
5.24404 0.0654884
5.17501 0.817608
5.17521 0.838495
5.20713 0.292159
5.21993 0.202542
7.27042 0.679143
7.27146 0.588951
7.13437 1.34652
7.14811 1.30794
7.19415 1.16363
7.19756 1.15102
7.21787 1.07497
7.21078 1.10226
7.22146 1.05954
7.21876 1.0716
7.23368 0.99606
7.25203 0.878992
5.27427 -0.0678414
6.5963 2.12728
6.60432 2.12094
6.77675 1.95057
6.75919 1.97101
6.66352 2.06699
6.63435 2.09374
5.37172 -0.389881
5.38369 -0.423005
6.85494 1.85495
6.87546 1.82853
5.30649 -0.192902
5.30696 -0.19451
6.3541 2.28539
6.32923 2.29696
7.25655 0.846897
5.26734 -0.0388193
5.25945 -0.00451663
5.17521 0.729344
5.17536 0.708187
6.51787 2.18777
6.51363 2.19058
5.87907 2.36014
5.83892 2.34715
6.89418 -0.565243
6.8963 -0.562533
6.64488 -0.834162
6.57417 -0.889432
5.18994 1.11743
5.17738 0.925814
5.4697 -0.614226
5.38987 -0.437875
5.57718 -0.788872
5.48051 -0.633545
5.26616 1.56566
5.24772 1.48923
5.41047 1.95408
5.48976 2.08293
5.65881 2.25761
5.5769 2.18723
7.00123 1.63224
6.98297 1.66352
5.83057 -1.02335
5.91936 -1.06099
6.21045 -1.06933
6.12333 -1.08249
7.11836 -0.167618
7.17565 -0.0113117
5.24748 0.0487177
5.17801 0.61998
5.19304 0.414242
7.24714 0.290115
7.26749 0.47323
5.89663 2.36294
6.087 2.36931
6.23728 2.33245
6.30007 2.31039
6.41333 -0.992846
6.36441 -1.0152
5.67849 2.27231
6.74705 -0.737419
6.89819 -0.559927
7.02262 -0.365434
7.09979 1.4325
7.10877 1.41088
5.1759 0.882318
5.19838 1.19857
5.33525 -0.284209
5.36853 -0.381096
5.47455 -0.623189
5.64899 -0.878946
5.33049 1.77376
5.31237 1.72387
5.21871 1.34666
5.51664 2.11747
5.34327 1.80524
7.04389 1.55332
6.88649 1.81308
5.71303 -0.94016
6.0181 -1.08145
7.07978 -0.254865
7.19433 0.0493527
7.23521 0.221552
5.32195 -0.242891
5.22474 0.17207
5.17494 0.773349
5.2005 0.345058
5.17642 0.664984
7.27124 0.56296
6.55538 2.15897
6.58945 2.13283
7.27018 0.685823
7.11763 1.38954
7.16621 1.25735
5.30465 -0.186758
5.29279 -0.141914
7.26122 0.803679
6.46433 2.22211
7.27002 0.69036
6.48983 2.20616
