6.22323 1.96432
6.23351 1.9608
5.98095 1.96667
6.01457 1.97497
6.89259 1.29955
6.89773 1.28855
6.91182 -0.0204141
6.8829 -0.0849038
5.60706 -0.225695
5.59753 -0.203853
5.52452 -0.0102394
5.52126 0.000781784
6.37883 -0.625484
6.42683 -0.599885
6.16148 -0.678387
6.10653 -0.673976
5.96223 -0.635203
6.03466 -0.660831
5.78092 -0.496748
5.82879 -0.541954
5.76337 1.84806
5.81371 1.89059
6.7915 -0.244927
6.76896 -0.279538
6.61398 -0.46292
6.6212 -0.455872
5.43727 1.08661
5.44459 1.13565
5.41817 0.854617
5.42259 0.935409
5.4797 1.30419
5.45968 1.21735
5.69385 -0.384137
5.7 -0.392462
5.54374 1.51115
5.55322 1.53238
5.63446 1.69336
5.62507 1.67859
6.64385 1.6872
6.68092 1.64423
6.74702 1.55928
6.77226 1.52232
6.93043 0.0241754
6.9654 0.125735
5.46055 0.248884
5.47177 0.194891
5.41713 0.671667
5.41984 0.601182
5.43505 0.421666
5.44818 0.322645
6.41471 1.87988
6.4042 1.88725
7.01971 0.368143
7.00304 0.274301
7.03846 0.646299
7.03566 0.526082
7.03816 0.653672
7.02996 0.766583
6.95486 1.13695
6.95129 1.14758
6.49143 1.82735
6.5654 1.76638
6.99764 0.977979
7.00503 0.94338
6.85342 1.38096
6.84241 1.40244
6.4695 1.84504
6.26774 -0.664775
6.29368 -0.656578
5.86925 -0.578301
5.91835 -0.609274
6.19743 1.96872
6.33023 1.92647
6.06258 1.97765
5.91306 1.94584
6.74245 -0.316145
6.69825 -0.370778
5.42539 0.972055
5.43565 1.07325
5.50844 1.40913
5.53231 1.48149
5.69167 1.77239
5.64977 1.7149
6.92149 1.23474
6.87094 1.34576
6.87526 -0.0997293
6.92775 0.0169371
5.58811 -0.181179
5.64366 -0.295193
5.52924 -0.0255364
5.49699 0.0916702
5.43034 0.464178
5.42625 0.506797
7.03424 0.502085
7.02428 0.401644
6.49505 -0.558976
6.22074 -0.671298
6.05959 -0.668817
5.75548 -0.465061
6.35651 1.91248
6.34362 1.92
6.11804 1.98011
5.85581 1.91606
5.71696 1.80344
6.63328 -0.442953
6.83135 -0.180249
6.53306 -0.530234
5.45539 1.19731
5.41645 0.801525
5.41598 0.734079
5.49703 1.36905
5.69057 -0.379439
7.02584 0.807283
7.01712 0.870335
5.58789 1.60746
6.6054 1.72906
6.71083 1.60799
6.78621 1.50004
6.82758 1.4295
6.92435 1.22767
6.97062 0.143671
5.55956 -0.107877
5.47799 0.166831
5.45155 0.300948
5.4234 0.545138
6.46514 1.84852
6.99628 0.243052
7.03844 0.64799
6.97692 1.06269
6.99047 1.01035
7.01203 0.905717
6.5806 1.75346
6.98104 1.04851
