5.44482 -2.37576
5.48316 -2.38918
6.13392 -2.24425
6.18863 -2.21446
5.86944 -2.36237
5.83556 -2.37409
6.60654 3.14954
6.62443 3.13625
4.66764 -0.67999
4.70201 -0.820043
4.57276 2.06217
4.57164 2.05542
5.87729 3.49631
5.93957 3.48137
4.71866 2.67938
4.73402 2.72628
7.02487 2.78546
7.04964 2.7599
7.16544 2.62883
7.13004 2.67089
7.87441 1.1433
7.88738 1.07324
7.37381 -1.12602
7.38148 -1.11515
7.45389 2.22417
7.47412 2.19034
7.78825 1.4829
7.76843 1.54478
7.92959 0.673391
7.932 0.597576
7.7747 -0.356533
7.75115 -0.421208
4.9049 3.09572
4.90343 3.09317
5.07893 3.30781
5.02432 3.25406
5.19511 3.40042
5.10761 3.33565
5.25704 3.43398
5.3032 3.45829
5.48619 3.51175
5.49637 3.51366
5.7164 -2.40079
5.65674 -2.40885
7.89471 0.106201
7.88661 0.0595552
7.9252 0.361982
7.92268 0.328241
4.9095 -1.52871
4.89365 -1.48331
4.95903 -1.67064
4.95727 -1.66574
4.51844 1.64952
4.52159 1.67945
4.49841 1.42282
4.49738 1.41145
4.65284 -0.616031
5.02499 -1.83455
5.01608 -1.81251
4.55445 1.94412
4.5627 1.9991
7.52553 -0.891637
7.58116 -0.792424
5.76278 3.51421
5.7237 3.51924
6.16795 3.40225
6.16011 3.4052
6.39199 3.28861
6.44008 3.25886
6.82956 2.97234
6.88983 2.91825
7.47395 -0.975448
7.51357 -0.911758
6.50218 -2.00738
6.41011 -2.07365
6.62023 -1.91737
6.61039 -1.92516
6.83553 -1.73253
6.8064 -1.75917
7.02757 -1.54373
6.99799 -1.57514
5.2238 -2.19326
5.21589 -2.1841
5.9627 -2.32678
5.93654 -2.33843
5.5376 -2.40263
5.49586 -2.39385
4.48423 1.16694
4.48425 1.16749
4.498 0.404753
4.49937 0.385059
4.54337 -0.0235068
4.53541 0.0384045
4.48364 0.655749
4.48362 0.65618
4.78314 -1.12364
4.75861 -1.03792
4.83584 -1.30228
4.82729 -1.27322
7.8111 -0.2463
7.79328 -0.302312
5.15187 -2.08487
5.17258 -2.12006
6.08784 -2.26941
6.20223 -2.20679
4.47935 0.852277
4.47935 0.849992
4.48002 0.978889
4.47999 0.976991
4.63343 -0.526091
5.98478 3.46713
5.82365 3.50705
6.18797 3.39315
6.28045 3.34928
4.68607 2.57084
4.67543 2.535
4.75632 2.78531
4.73488 2.72882
7.0885 2.71699
7.12586 2.6757
7.26829 2.49956
7.2488 2.5249
7.15888 -1.4003
7.15484 -1.40513
6.60079 -1.9323
6.51076 -2.00149
6.94942 -1.62287
6.90272 -1.66928
7.53282 2.0865
7.56509 2.02605
7.3707 2.35612
7.37205 2.35409
7.83536 1.31619
7.82408 1.35992
7.7351 -0.463766
7.71775 -0.505194
7.70261 -0.541381
6.79009 3.00594
6.74924 3.04004
6.5311 3.20126
6.55468 3.18589
4.51519 1.61529
4.5073 1.53084
4.5036 1.48697
4.49419 1.36702
4.49309 1.35136
4.71795 -0.883498
4.82766 2.95401
4.83892 2.9762
4.58534 2.13351
4.60502 2.23625
6.05426 3.44583
6.30753 3.33439
6.50261 3.22056
5.64945 3.52364
5.62346 3.52344
6.93339 2.8764
6.39794 -2.08135
6.78318 -1.77919
6.70888 -1.84412
7.09209 -1.47618
6.28631 -2.15533
5.26787 -2.24624
6.07669 -2.27529
6.03742 -2.29406
4.74305 -0.979193
4.75732 -1.03313
4.48671 1.23297
4.48655 1.22909
4.48328 1.13536
4.48977 0.521468
4.49406 0.460557
4.50393 0.330095
4.51664 0.196278
4.52579 0.1128
4.55177 -0.0809437
4.48146 0.720385
4.48143 0.721366
4.48659 0.590981
4.76548 2.80764
4.77979 2.84431
4.62944 2.34822
4.63441 2.37113
7.6628 1.82058
7.66814 1.8081
7.32092 -1.19798
7.29791 -1.22841
7.91476 0.880441
7.91214 0.906224
4.48239 1.10347
4.4824 1.10399
7.82908 -0.184681
5.09774 -1.99063
5.09716 -1.98951
5.38593 -2.346
5.41421 -2.36252
4.72854 -0.924606
4.74066 -0.970125
6.70965 3.07204
6.68124 3.09327
4.60905 -0.408972
4.5901 -0.310957
4.48962 0.52578
4.4893 0.529801
4.58284 2.12062
4.58395 2.1264
4.55857 -0.123584
4.57078 -0.198797
4.61359 2.2759
4.62126 2.31184
4.60853 2.25254
7.70968 1.70637
7.73133 1.65054
7.84385 -0.132659
7.84554 -0.126151
7.66387 -0.627273
7.65049 -0.656756
4.90796 3.10045
4.94047 3.14887
4.55199 1.9256
4.5445 1.87182
7.35959 -1.14596
7.92503 0.765177
7.92767 0.730302
5.33145 -2.30583
5.3486 -2.32128
5.28011 -2.2607
4.51146 1.57501
4.50923 1.55113
4.61631 -0.444735
4.89959 3.08623
4.86386 3.02318
4.50827 0.280622
4.50974 0.26485
4.80919 -1.21317
4.79159 -1.15261
5.49073 -2.39224
5.00845 3.23652
4.97786 3.19956
5.31578 3.46332
5.40002 3.49235
5.82063 -2.37768
5.88606 -2.35754
7.91289 0.231346
7.90845 0.195326
4.4794 0.915747
4.47939 0.913492
4.47925 0.786492
4.47915 0.788895
4.95645 -1.66335
4.92503 -1.57475
5.03314 -1.8547
5.06031 -1.91246
4.56327 2.00335
4.57287 2.06275
7.59118 -0.773564
7.6372 -0.683381
7.62266 1.90859
7.61262 1.92999
4.65774 2.4694
4.64966 2.43685
4.73419 2.72681
4.71492 2.66716
7.12733 2.67401
7.18377 2.60703
7.86035 1.21141
7.89632 1.01851
7.42446 -1.05142
7.49391 2.15608
7.42451 2.27228
7.32686 2.41907
7.3658 2.36335
7.76098 1.56661
7.7974 1.45348
7.9318 0.533128
7.92862 0.708513
5.57213 -2.40804
5.58408 -2.40869
7.87171 -0.0144353
7.85955 -0.068111
5.10095 3.32979
5.20578 3.4074
5.50389 3.51428
5.74961 -2.39616
5.59867 -2.40852
7.93078 0.458854
4.86417 -1.39508
4.86296 -1.39153
4.99255 -1.75517
5.09699 -1.98914
4.55328 1.93546
7.67701 -0.599053
7.52198 -0.897756
7.4565 -1.00315
7.93179 0.488888
5.91674 -2.34534
5.98699 -2.31722
4.79962 2.89134
4.80446 2.90327
7.92104 0.822088
7.92044 0.828447
4.58851 -0.30221
4.7575 -1.03381
4.86033 -1.38348
5.21006 -2.1762
5.1332 -2.05515
4.48046 1.04049
4.64606 2.42102
4.7037 2.63159
7.20328 2.58283
7.06501 2.74354
7.90765 0.939316
7.84838 1.264
7.31503 2.43568
7.10802 -1.45827
7.18376 -1.371
7.57057 2.01536
7.52096 2.10826
7.4128 2.29083
7.81302 1.39943
7.7373 1.63395
4.52502 1.71495
4.53102 1.76737
4.48902 1.29805
4.84944 2.99743
4.81621 2.93009
5.66611 3.52343
5.59764 3.5234
6.00767 -2.30709
4.48864 1.29137
4.48426 1.16805
4.86232 -1.3897
4.51123 0.247255
4.52896 0.0866637
4.47923 0.784136
4.48297 0.674563
4.4836 0.656585
7.21169 -1.33783
7.09913 -1.46836
7.92138 0.818817
6.56519 3.17855
7.69849 1.73477
4.54266 1.85741
4.53626 1.80778
4.95973 3.17482
7.65782 1.83216
7.57661 2.00349
4.48883 1.29451
4.52431 1.70869
4.49942 1.43602
4.53332 1.78586
5.21392 -2.18173
7.21749 -1.33067
7.26702 -1.26875
6.64213 3.12295
5.70629 3.52128
7.84716 -0.119671
