7.04614 -0.616189
7.07347 -0.574367
7.40858 0.631965
7.40994 0.594055
5.05864 1.30505
5.0608 1.32386
6.63037 2.32317
6.66656 2.29344
6.28322 -1.28121
6.22456 -1.29999
6.63962 -1.0676
6.70545 -1.01306
7.14668 1.66927
7.16557 1.63212
5.71929 -1.24888
5.74121 -1.26104
7.20855 -0.324626
7.18391 -0.376343
7.36639 0.152496
7.3431 0.0505688
5.02965 0.741943
5.03016 0.711621
5.07073 0.214657
5.05953 0.301584
6.04685 2.60266
5.96484 2.60975
6.39148 2.48534
6.37047 2.49583
6.17611 2.57524
6.08367 2.59689
6.96744 -0.727603
6.93916 -0.763722
7.23871 1.46834
7.22512 1.501
5.03159 0.97475
5.04069 1.10855
5.19048 -0.356274
5.2107 -0.420775
5.27834 -0.615501
5.2831 -0.62688
5.45376 -0.9682
5.46675 -0.986538
5.3582 -0.798612
5.35828 -0.798766
5.57418 -1.12407
5.53624 -1.08236
5.09689 1.5502
5.09378 1.5326
5.14799 1.76684
5.16888 1.83797
5.52977 2.45637
5.55969 2.48097
6.09045 -1.33096
6.06344 -1.33254
5.90411 -1.32404
5.95106 -1.3294
5.21203 1.96629
5.19637 1.92436
5.29172 2.1468
5.30363 2.16759
5.39495 2.3121
5.37144 2.28023
6.74663 -0.973967
6.79765 -0.923957
7.08359 1.78437
7.04731 1.84344
7.30477 -0.0809744
7.27281 -0.171891
5.02904 0.842482
5.0301 0.905657
5.04361 0.459428
5.03542 0.577508
5.7237 2.57014
5.75868 2.58252
7.39048 0.295819
7.40119 0.391495
6.47947 -1.1827
6.44297 -1.20349
6.88856 2.06438
6.89398 2.05798
5.18067 -0.321326
5.17561 -0.302419
7.30668 1.2776
7.32582 1.21113
7.36866 1.02867
7.36557 1.04592
7.38462 0.932338
7.38283 0.945971
6.5867 2.35888
6.5094 2.41389
6.96237 1.9677
6.94624 1.99006
7.39141 0.884129
7.3886 0.907608
5.22376 -0.460873
5.21559 -0.435954
5.13747 -0.150725
5.13268 -0.130194
5.02902 0.841418
5.0314 0.971537
5.03013 0.907078
6.74333 2.22215
6.7611 2.20517
7.34907 1.11932
7.35451 1.09816
6.83742 2.12313
7.30287 1.29056
7.27699 1.36772
5.15455 -0.219709
5.16295 -0.252859
5.11607 -0.0546972
5.11864 -0.0668744
6.81279 2.15017
6.77853 2.18677
6.33728 2.51253
6.315 2.52266
5.03147 0.972902
7.40152 0.793527
7.40289 0.778004
5.14761 -0.191907
7.12912 1.70284
7.10659 1.74489
5.09829 0.041445
5.09486 0.0597388
5.02912 0.776798
6.28328 2.53713
6.2268 2.55739
7.00864 -0.671298
7.10766 -0.518444
7.4088 0.548583
7.40749 0.690884
7.37663 0.980504
7.37054 1.01988
5.40463 -0.884154
5.44614 -0.956781
5.1203 1.6599
5.1074 1.60223
6.67348 2.28764
6.59362 2.3533
5.45687 2.38793
5.46421 2.396
6.18611 -1.31247
6.33281 -1.25914
5.24991 2.05782
5.22461 1.99701
6.58351 -1.11232
6.72194 -0.997793
7.17961 1.60322
7.13665 1.68867
5.81179 -1.29627
5.64811 -1.19562
7.23044 -0.276135
7.14586 -0.450747
7.36996 0.169825
7.33947 0.0369077
5.03017 0.711265
5.07874 0.159206
5.05556 0.336129
5.85037 2.60321
5.86097 2.60497
5.88315 2.60603
6.06991 2.6001
6.90352 -0.806819
7.13382 -0.473101
7.20296 1.55295
7.25904 1.41642
5.65751 2.54169
5.61477 2.51721
7.40678 0.714104
5.27285 -0.601766
5.24342 -0.518746
5.31832 -0.709457
5.35814 -0.798471
5.51042 -1.04809
5.6283 -1.1795
5.07765 1.4378
5.12598 1.68223
5.17893 1.87168
5.0704 1.388
5.4427 2.3706
5.99645 -1.33482
6.10284 -1.32849
6.38175 -1.23743
5.86246 -1.31248
5.28182 2.12776
5.3404 2.23135
6.86893 -0.847414
6.8339 -0.886734
6.55197 -1.13417
7.02763 1.87364
7.10309 1.75116
7.13912 -0.463585
7.24512 -0.242016
7.31057 -0.0631936
7.26137 -0.201413
7.38621 0.265997
5.10644 -0.00356586
5.03217 0.646421
5.04514 0.440986
5.03503 0.584648
5.05029 0.385384
5.089 0.0949417
7.40454 0.430241
7.33831 1.16184
7.3455 1.13542
7.40833 0.497077
7.33008 1.19598
7.30358 1.28824
7.3586 1.07676
6.73085 2.23413
6.50066 2.42011
6.90474 2.04464
6.99615 1.92063
6.89663 2.05487
7.27248 1.38142
7.39908 0.817373
7.39321 0.870566
5.23602 -0.49709
5.0479 1.20736
6.45512 2.44772
6.42451 2.46646
5.04248 1.13565
5.12967 -0.117049
5.03013 0.907066
6.47716 2.43463
