6.28443 2.47635
6.18075 2.51257
6.98557 -0.63132
7.04243 -0.544313
7.37189 0.603174
7.37226 0.592667
5.137 1.52429
5.14512 1.56191
7.12265 1.63077
7.12783 1.62057
5.72475 -1.16949
5.79952 -1.21095
7.15773 -0.339585
7.15401 -0.347392
7.32294 0.139707
7.30991 0.0827008
5.13662 0.0551136
5.13577 0.0594846
5.07053 0.751605
5.07121 0.71065
5.10833 0.23602
5.10337 0.274516
5.79834 2.52173
5.76335 2.51221
5.96965 2.54481
5.98305 2.54365
6.39605 2.42352
6.34433 2.44934
6.97055 -0.652031
6.90728 -0.732853
7.21016 1.43501
7.18335 1.49946
5.07923 1.06704
5.08373 1.13312
5.25071 -0.398687
5.23258 -0.340867
5.32087 -0.592012
5.35612 -0.676163
5.40417 -0.77323
5.36527 -0.697089
5.50424 -0.940328
5.54232 -0.994093
5.63069 -1.09286
5.62154 -1.08281
5.18852 1.74066
5.20446 1.79495
6.29077 -1.21473
6.37979 -1.17552
6.09834 -1.26143
6.16907 -1.24907
5.25546 1.93823
5.23093 1.87249
5.33848 2.11659
5.37905 2.18746
5.44572 2.27929
5.40284 2.22116
5.58856 2.419
5.56571 2.40198
6.75723 -0.899318
6.72523 -0.930675
6.57372 -1.05596
6.59551 -1.04072
7.01902 1.81041
7.05386 1.75369
5.91065 -1.2512
5.82017 -1.22184
7.25765 -0.0948437
7.24129 -0.141376
5.0826 0.481582
5.07775 0.551366
7.35555 0.330596
7.36104 0.379679
6.48709 -1.11558
6.38974 -1.17105
6.81013 2.08843
6.85642 2.03375
7.24304 1.34705
7.22535 1.39585
7.27308 1.25577
7.27851 1.23691
7.32903 1.02721
7.32216 1.06548
6.58822 2.29636
6.59151 2.2939
7.35258 0.882698
7.34826 0.918847
5.28036 -0.489847
5.26327 -0.43768
5.22478 -0.315494
5.18901 -0.185508
5.17616 -0.130464
5.07225 0.946314
5.07146 0.906101
6.70356 2.19649
6.72126 2.17956
7.30948 1.11786
7.31779 1.08552
6.91953 1.95532
6.89372 1.98875
6.80061 2.09937
7.36491 0.764809
7.36036 0.820352
5.19232 -0.198857
5.19921 -0.226092
6.50537 2.35654
6.50317 2.35791
5.15286 -0.0242669
5.16191 -0.0671432
6.79602 2.10441
6.78405 2.1172
6.34187 2.45058
6.28819 2.47497
5.07471 0.997584
5.19097 -0.193477
5.09247 1.23163
5.10006 1.29849
6.48298 2.37078
6.45362 2.38931
5.21999 -0.299612
5.20719 -0.254461
5.95643 2.54421
5.86588 2.53689
6.15344 2.51857
6.28788 2.47511
7.08494 -0.47479
6.97821 -0.641834
7.3704 0.518457
7.37078 0.662917
7.33848 0.979098
7.33633 0.993039
5.28296 -0.49691
5.28503 -0.502222
5.4503 -0.858934
5.4526 -0.862956
5.16113 1.63352
5.11617 1.41414
6.19379 -1.24478
6.28603 -1.2162
5.29334 2.02976
5.29643 2.03579
5.51201 2.35246
5.4711 2.31038
6.67879 -0.971496
6.6018 -1.03612
7.09803 1.67686
7.12867 1.61884
5.81699 -1.22066
5.71518 -1.16233
7.19978 -0.246444
7.14075 -0.373323
7.33593 0.202771
7.29421 0.0235863
5.1323 0.0774974
5.14881 -0.00382913
5.07176 0.685582
5.07039 0.775822
5.1234 0.131629
5.0938 0.357854
5.68177 2.47718
6.07468 2.53566
5.66246 2.46765
6.85333 -0.798091
6.83299 -0.820631
6.79906 -0.856352
7.10316 -0.443413
7.17464 1.51988
7.21803 1.41491
5.36041 -0.686216
5.44773 -0.854187
5.56336 -1.01886
5.63403 -1.09628
5.11598 1.41304
5.18157 1.71397
5.22076 1.84466
5.11536 1.40891
6.00445 -1.26439
6.03197 -1.26345
6.38926 -1.17132
5.96808 -1.26005
5.29038 2.02343
5.38783 2.2007
6.50348 -1.10461
6.96539 1.89272
7.07473 1.71805
7.20579 -0.232456
7.27821 -0.031859
7.21246 -0.215811
7.34454 0.253732
5.073 0.645456
5.08818 0.414414
5.07477 0.607229
5.09095 0.384422
5.12591 0.115916
7.36852 0.466104
6.66649 2.23067
6.67845 2.22059
7.30001 1.16043
7.30009 1.16016
7.3702 0.495671
7.36981 0.689495
7.2535 1.31552
7.29993 1.16078
7.31992 1.07533
7.3432 0.952814
6.9504 1.91398
6.96162 1.89835
6.73952 2.1616
6.65693 2.23887
6.87914 2.00715
7.36959 0.695785
7.35788 0.842844
5.07014 0.864783
5.06976 0.817336
5.08696 1.18213
5.06979 0.799536
6.40235 2.4198
6.39932 2.42165
5.16809 -0.0952201
5.20569 -0.249488
5.07046 0.882165
6.45218 2.39019
