6.39848 1.04692
6.43516 0.991121
5.93821 0.806321
5.92798 0.702219
6.51924 0.793387
6.52193 0.782393
6.43388 0.283734
6.43021 0.277081
6.00828 1.02202
6.00066 1.00437
6.14071 1.14034
6.24519 1.14366
6.23072 0.166579
6.29952 0.173946
6.0382 0.287619
6.08863 0.218763
6.52635 0.566919
6.5199 0.504741
5.93645 0.558641
5.94364 0.514417
6.36047 1.07895
6.45831 0.948283
6.0931 1.10808
6.02001 1.04239
5.9276 0.687787
5.94584 0.842764
6.53032 0.68444
6.51489 0.812411
6.42456 0.269471
6.42846 0.274155
6.48533 0.38505
6.26679 1.14313
6.48494 0.889106
5.96691 0.916942
5.93465 0.575646
6.50084 0.437132
6.53263 0.63689
5.95095 0.480671
5.95254 0.470581
5.98509 0.373558
5.99616 0.346836
6.10343 0.208823
6.19 0.163163
6.33295 0.193138
5.97683 0.396208
6.37538 0.220653
