4.70122 -1.18146
4.71338 -1.22606
5.42166 -2.6076
5.39889 -2.60008
5.05695 -2.2345
5.08324 -2.28684
5.85068 -2.53482
5.83892 -2.54029
5.22355 -2.49152
5.17301 -2.43136
5.17125 -2.42906
5.12616 -2.36295
4.62164 -0.870414
4.64429 -0.962992
4.56796 -0.640999
4.52961 -0.453947
6.22919 3.49596
6.18251 3.51849
4.5596 2.502
4.5817 2.59343
7.30023 2.59634
7.34996 2.52976
7.42886 -1.19088
7.45568 -1.15287
7.28367 -1.38196
7.32239 -1.33399
6.6298 -2.03271
6.6356 -2.02826
6.97341 -1.72229
7.02229 -1.67452
5.62179 -2.60708
5.64781 -2.60299
4.80249 -1.54165
4.77984 -1.46523
4.85705 -1.71899
4.85361 -1.70742
7.84473 -0.402537
7.83954 -0.41723
4.81803 3.2145
4.81638 3.21165
4.87366 3.29792
4.91717 3.35591
5.16369 3.56565
5.2092 3.58918
4.96938 3.41476
5.01009 3.45429
5.21326 3.59122
5.30932 3.62805
6.01396 -2.45541
6.03893 -2.44137
8.0004 0.293607
8.00025 0.291726
6.80882 3.11015
6.79191 3.12467
6.56527 3.29678
6.5949 3.27635
5.72491 3.65702
5.68027 3.66211
4.5724 -0.661571
4.57911 -0.690588
4.46088 1.93771
4.46048 1.93451
4.50201 2.20656
4.49621 2.17462
4.46872 1.99756
4.46881 1.99814
7.74923 -0.637056
7.74827 -0.63919
7.63125 -0.870544
7.6377 -0.859042
5.95511 3.60535
5.99971 3.58956
6.406 3.40034
6.31175 3.45342
7.08062 2.85378
7.15511 2.77303
6.96358 2.97007
7.00121 2.93443
7.52933 -1.0407
7.49213 -1.09889
6.80852 -1.87887
6.83093 -1.85949
8.01197 0.580184
8.0118 0.498616
6.40385 -2.20635
6.41016 -2.20212
6.28338 -2.2904
6.27204 -2.29728
4.7505 -1.36252
4.76524 -1.41624
4.92466 -1.91871
4.93715 -1.95112
4.78039 3.14622
4.75908 3.10304
5.46912 3.6617
5.50472 3.66463
5.70535 -2.5874
5.73739 -2.57841
4.66324 2.86895
4.65556 2.84784
7.71684 1.8933
7.70439 1.92135
8.00445 0.769666
8.00526 0.759412
6.09814 -2.40717
6.18512 -2.35475
6.19224 -2.35009
6.18682 -2.35363
5.44259 -2.61231
5.32965 -2.57275
5.35583 -2.58622
5.28185 -2.54272
5.49162 -2.61767
5.46678 -2.6153
5.02741 -2.17415
5.01834 -2.15397
5.24125 -2.50593
5.17235 -2.43064
4.3952 0.901256
4.39533 0.85009
4.39612 1.02772
4.39553 0.97709
4.41039 1.3995
4.40786 1.35827
4.41883 1.51975
4.41642 1.48657
4.49164 -0.253694
4.51581 -0.383056
4.41562 0.371236
4.41874 0.331481
4.4065 0.507356
4.4092 0.461938
4.46839 -0.102967
4.47185 -0.126188
4.43409 0.169123
4.4402 0.113115
5.88418 3.62536
5.83985 3.63634
6.16666 3.52497
6.29473 3.46319
4.55713 2.49061
4.53671 2.39305
4.62122 2.74011
4.61833 2.72957
7.19686 2.72404
7.21623 2.70134
7.98417 0.958944
7.97581 1.01766
7.94099 1.20915
7.92201 1.29383
7.37314 -1.26784
7.35956 -1.2857
6.72097 -1.95615
6.5366 -2.10715
7.05225 -1.64328
6.92707 -1.76889
7.50644 2.29488
7.46716 2.35866
7.58555 2.15745
7.56492 2.1947
7.42263 2.42598
7.45809 2.37271
7.87284 1.47494
7.88811 1.42325
7.81757 1.64242
7.83046 1.60613
5.53731 -2.61854
5.55724 -2.61683
7.92579 -0.137209
7.93312 -0.108678
7.88404 -0.284204
7.89203 -0.258134
7.87677 -0.307775
7.79938 -0.520923
7.79889 -0.522173
4.82199 3.22035
4.92811 3.36939
6.89387 3.03539
6.85991 3.0658
6.77447 3.13916
6.73814 3.16852
6.68211 3.21173
6.64965 3.23629
6.51643 3.33083
4.45157 1.86325
4.45328 1.87772
4.46753 1.98877
4.5165 2.29143
4.47835 2.06707
5.82653 3.63872
5.80096 3.64404
6.06927 3.56556
6.44241 3.37728
6.4232 3.38951
7.0312 2.90415
6.92063 3.01159
6.53473 -2.1085
6.8927 -1.80092
6.73371 -1.94568
7.11656 -1.57624
8.00969 0.6702
8.00729 0.721171
6.34112 -2.25031
4.74492 3.07538
4.66243 -1.03609
4.66248 -1.03628
4.43681 1.72593
4.43842 1.7432
4.42432 1.58665
4.42657 1.61488
4.39907 0.672626
4.39748 0.722733
4.40443 0.545643
4.40219 0.592354
7.77462 1.75657
7.74725 1.82375
7.68433 1.96401
7.6578 2.01931
4.69882 2.96679
4.72059 3.0207
7.18548 -1.49841
7.21567 -1.46371
4.60889 -0.816562
4.40006 1.18275
4.40173 1.23108
4.39662 1.05375
4.39771 1.10409
4.81889 3.21583
5.66725 3.66364
5.65721 3.66457
7.13324 -1.55762
7.17008 -1.51613
7.12386 -1.56811
4.94754 -1.98027
4.96281 -2.01905
8.01017 0.657255
5.11484 3.53634
5.10733 3.53154
5.95223 -2.48789
5.93813 -2.49472
8.00742 0.394455
8.00947 0.424041
5.76266 3.65109
5.78213 3.64775
7.98438 0.156438
7.96537 0.0400487
4.47748 2.06177
4.93586 3.37786
7.99776 0.847469
8.00295 0.788606
4.72576 -1.27206
4.68124 -1.10693
4.82956 -1.63047
4.81634 -1.58617
4.97071 -2.04121
4.98949 -2.08675
5.10617 -2.32604
5.04942 -2.22071
5.10004 3.52614
5.01651 3.46017
5.83506 -2.54209
5.9275 -2.49937
7.99277 0.226956
7.98544 0.163425
4.40578 1.29458
4.40653 1.33916
4.39541 0.964629
4.3952 0.91359
4.39749 0.786588
4.39529 0.837703
4.41439 1.45975
4.41191 1.42242
4.41069 0.439527
4.41361 0.396716
5.54563 3.6672
5.60904 3.66693
4.47676 2.05728
4.44951 0.0341403
4.45481 -0.0072248
7.69399 -0.753052
7.69487 -0.751331
4.59369 2.63829
4.55783 2.49409
4.63554 2.78829
4.63494 2.78642
7.15871 2.76908
7.16003 2.76756
7.96465 1.08609
7.95229 1.15362
7.28255 2.61892
7.36428 2.51016
7.48006 -1.11693
7.4143 -1.2113
7.3294 -1.32475
7.26694 -1.40294
7.54651 2.22686
7.51737 2.27675
7.84644 1.55857
7.86037 1.51576
5.66441 -2.5982
5.60267 -2.61151
4.77591 -1.4525
4.86676 -1.75024
5.21239 3.59084
5.15877 3.56302
5.36861 3.64403
6.07758 -2.41971
5.98854 -2.46874
5.74512 -2.57527
8.00056 0.295479
7.94789 -0.0450319
7.95795 0.00260908
7.94056 -0.0788912
4.88695 -1.80944
4.89832 -1.84171
7.71789 -0.703094
7.79844 -0.523235
7.69563 -0.749792
7.5775 -0.963182
7.37651 -1.26349
7.56291 -0.987509
8.01082 0.636288
8.01171 0.489213
6.0889 -2.41289
4.74588 -1.34534
5.40673 3.65251
5.69272 -2.59197
4.64871 -0.980952
4.6621 -1.03485
4.43019 1.65606
4.43217 1.67904
4.40148 0.608977
4.39957 0.657548
4.63597 2.78951
4.67648 2.90691
4.3981 1.11811
4.39953 1.16759
4.67689 -1.09071
5.51146 -2.6183
5.01654 -2.1495
5.12035 -2.35225
5.17258 -2.4309
4.39622 1.04059
4.42125 1.55073
4.49002 -0.244514
4.42115 0.302582
4.40519 0.527154
4.4895 -0.241449
4.42736 0.234457
4.60752 2.69155
4.52759 2.3473
7.23486 2.67854
7.15797 2.76991
7.99349 0.885366
7.91355 1.32846
7.41287 2.44038
7.23606 -1.43945
7.62354 2.08662
7.60997 2.11254
7.46534 2.36152
7.8968 1.39155
7.79852 1.69449
5.5772 -2.61373
7.91808 -0.166923
6.72327 3.18073
4.44597 1.81754
4.45999 1.93087
4.64683 -0.973241
4.44381 1.79603
4.397 0.736469
4.69269 2.94973
4.6357 2.78874
4.52109 2.31469
7.78662 1.72648
7.72987 1.86405
7.63822 2.05833
4.72407 3.02868
4.40225 1.24751
5.67121 3.66312
5.39566 3.65065
8.00954 0.425195
6.70376 3.19549
6.8255 3.09618
4.91243 -1.88299
6.18609 -2.35412
6.62019 3.25848
4.44496 1.80726
7.91038 -0.194938
