7.59081 0.044007
7.60252 0.0932689
7.56151 1.2559
7.5551 1.28121
5.32973 -1.44684
5.34395 -1.46699
4.79717 1.29955
4.80115 1.34899
5.02356 -0.756189
5.0029 -0.689679
4.89123 -0.249225
4.88851 -0.235406
5.49345 -1.64038
5.43992 -1.58641
5.08895 -0.947293
5.11144 -1.00659
6.60894 2.71641
6.57651 2.74069
6.90583 2.45202
6.94436 2.40997
4.80444 0.322217
4.80931 0.27342
4.78164 0.781632
4.77998 0.828393
5.08731 2.50565
5.1224 2.5703
4.99405 2.28944
5.0078 2.32719
6.16188 -1.73319
6.19268 -1.72172
7.18732 -0.868381
7.16189 -0.905996
6.15002 2.96467
6.23436 2.93251
5.93963 3.01502
5.86931 3.02064
6.63063 -1.46326
6.537 -1.53233
7.09866 2.2221
7.06308 2.26874
7.5438 -0.140371
7.5082 -0.248699
7.62258 0.207227
7.62415 0.216394
7.40732 -0.489806
7.38403 -0.538327
7.41624 1.67561
7.41445 1.67964
7.48472 1.50287
7.48193 1.51046
5.33242 2.83854
5.32392 2.83074
5.52933 2.96553
5.52784 2.96485
7.63944 0.345176
7.62681 0.238393
5.25613 -1.32254
5.24469 -1.30288
4.80224 1.36104
4.81477 1.47705
4.83809 1.64632
4.84771 1.70821
5.84608 -1.79003
5.86442 -1.78997
5.63074 -1.73261
5.64697 -1.74165
4.97642 -0.600449
4.96466 -0.556638
5.16175 -1.12945
5.14122 -1.08314
4.89077 1.93303
4.89328 1.94314
4.83409 0.079231
4.81918 0.188631
5.18655 2.67173
5.14411 2.60873
4.93278 2.09526
4.96897 2.21872
6.23506 -1.70525
6.31707 -1.66531
6.04045 -1.77127
6.04823 -1.7691
7.03522 -1.06978
7.01312 -1.09593
6.31549 2.89717
6.3684 2.86996
5.81108 3.02293
5.73212 3.01796
6.43189 -1.60174
6.45225 -1.58847
6.73712 -1.37537
6.73224 -1.37981
7.27323 -0.738943
7.28107 -0.726015
7.64639 0.443044
7.64226 0.381986
7.64914 0.625817
7.6497 0.557385
7.63179 0.892989
7.63135 0.896669
4.91418 -0.352442
4.92121 -0.382636
6.55741 2.75443
6.47834 2.80643
7.10223 -0.987372
7.10488 -0.983988
6.89561 -1.22364
6.83669 -1.28372
7.29848 1.91243
7.2813 1.94395
4.78105 0.959101
4.78132 0.994019
4.7941 0.44631
4.79257 0.46601
4.87138 -0.144537
4.86195 -0.0936446
7.45498 -0.384676
7.46207 -0.368391
7.58728 1.15113
7.57454 1.20563
7.54446 1.31993
7.53298 1.35825
6.73037 2.62012
6.80503 2.55245
6.968 -1.14876
6.96857 -1.14813
7.15644 2.14275
7.16459 2.13096
7.64039 0.80428
7.6456 0.734847
7.5075 -0.25069
7.54674 -0.130519
7.50122 -0.267328
7.42223 -0.459479
7.34893 -0.607308
7.35889 -0.588137
7.45169 1.59066
7.51188 1.42574
4.79158 1.2229
4.78622 1.11817
5.70693 -1.76489
5.70408 -1.76406
5.5946 -1.71395
4.80384 0.328572
4.7985 0.390452
4.78516 0.601077
4.78349 0.6513
4.78008 0.865226
5.04508 2.41797
5.03813 2.40058
6.69016 2.65263
6.72994 2.62048
7.59244 1.12829
7.59336 1.12433
7.62116 0.965852
7.61102 1.03229
4.89875 -0.284744
4.93859 -0.455001
7.34617 1.82309
7.32968 1.85507
7.26224 1.97644
7.27544 1.95415
7.4499 1.59511
4.78394 1.04013
4.78463 1.08818
4.79264 1.2396
6.65074 2.68528
6.65685 2.68035
4.78643 0.571951
4.78908 0.520907
4.7822 0.699587
4.78108 0.734098
7.06844 -1.02902
7.09803 -0.992838
6.96691 -1.14997
7.23871 2.01597
7.22717 2.0346
5.56949 -1.69877
5.56934 -1.69865
5.05468 2.43965
7.54977 -0.119958
4.94657 -0.486609
7.60406 0.101896
7.58052 -0.0026465
5.43024 2.91251
5.41678 2.90351
5.29231 -1.38597
5.36678 -1.49679
4.80206 1.35928
4.79688 1.29593
4.86778 1.8217
4.86551 1.80929
5.05339 -0.849709
4.99298 -0.657037
5.49556 -1.64204
5.41977 -1.56577
5.12382 -1.03922
5.05765 -0.862632
6.56714 2.74753
6.6436 2.69112
6.99464 2.35338
6.87632 2.48226
5.13346 2.59087
6.21574 -1.71252
6.13719 -1.74327
7.14502 -0.928522
7.21998 -0.82142
6.07272 2.98762
6.25616 2.92409
6.00622 3.00367
5.83546 3.02332
6.53076 -1.53691
6.63741 -1.45777
7.02256 2.31948
7.11492 2.20055
7.64914 0.534948
7.64678 0.450407
6.3749 2.86624
6.42281 2.83995
7.62427 0.217214
7.3786 1.75801
5.62959 2.99942
5.53403 2.96711
5.28662 2.79185
5.24536 2.749
7.63987 0.349726
5.23318 -1.28165
5.40258 -1.54441
5.20197 -1.21728
4.81798 1.50232
4.83001 1.59335
4.82438 1.55258
4.86269 1.79312
4.88492 1.90653
5.75118 -1.7773
5.80964 -1.7855
4.95862 -0.533838
5.05441 -0.852892
5.05501 -0.854858
5.18041 -1.17
4.91735 2.04069
4.83905 0.0459103
4.81778 0.199861
5.23638 2.73853
6.33407 -1.65731
6.97033 -1.14614
7.05793 -1.0423
6.30869 2.90052
6.05533 2.99293
5.66237 3.0067
6.04446 2.99585
6.73155 -1.38042
6.42995 -1.60284
6.82119 -1.29827
7.31955 -0.659241
7.2548 -0.768228
7.64859 0.666894
6.47173 2.81078
7.10106 -0.98891
4.85266 -0.0392121
7.57027 1.22372
7.59185 1.1312
7.51623 1.41332
7.60031 1.08567
7.60961 1.04034
6.81776 2.54061
6.73013 2.62032
7.00942 2.33576
7.16719 2.12704
7.21121 2.0594
7.63294 0.882237
7.6469 0.715849
7.46684 -0.356928
7.37395 -0.558586
7.34615 -0.612499
7.63205 0.890846
7.37417 1.76737
7.31121 1.88974
5.94341 -1.7873
5.98513 -1.78129
4.81075 0.259951
4.97398 2.23423
6.05945 -1.76564
5.53142 -1.67031
5.56966 -1.69889
7.37667 1.7621
7.57508 -0.0253494
5.91286 -1.78945
4.81065 0.260771
6.01425 -1.77632
5.65897 -1.74734
