5.97231 2.50884
5.90742 2.50363
6.18331 2.47798
6.25029 2.45458
6.99645 -0.573597
7.02599 -0.528392
7.25435 1.24458
7.25684 1.23682
7.33862 0.827734
7.33712 0.843486
5.15883 1.51018
5.1735 1.57811
7.29992 0.132932
7.29233 0.099722
5.1635 0.0369773
5.15911 0.0593396
5.09249 0.738042
5.09296 0.710136
5.12825 0.247336
5.12659 0.260177
6.78657 2.07864
6.76332 2.10278
5.84728 2.49571
5.7662 2.47366
6.39863 2.38877
6.4381 2.36514
6.73592 -0.886154
6.73582 -0.886245
6.92333 -0.674425
6.89039 -0.7165
7.19504 1.41735
7.16122 1.49864
5.10447 1.11593
5.10653 1.14613
5.27189 -0.386986
5.26411 -0.362147
5.36907 -0.640841
5.34341 -0.579569
5.42852 -0.759781
5.40003 -0.704009
5.53098 -0.925564
5.54561 -0.94623
5.21024 1.72662
5.20765 1.71749
5.12101 1.28496
5.12111 1.28571
6.29498 -1.17759
6.36373 -1.14731
6.10256 -1.22428
6.13574 -1.21848
5.27847 1.92336
5.26669 1.89181
5.36325 2.10058
5.3833 2.13562
5.47262 2.26191
5.46885 2.2568
5.62151 2.39771
5.56926 2.3588
6.56919 -1.02468
6.49378 -1.07741
7.00403 1.79291
7.02215 1.76341
7.15005 1.523
7.11136 1.60341
5.72773 -1.1262
5.66534 -1.07545
5.91337 -1.21166
5.86942 -1.1974
7.1282 -0.348278
7.13704 -0.330957
7.23269 -0.102191
7.22459 -0.125211
5.10325 0.493318
5.10018 0.537517
7.33705 0.349018
7.33978 0.37342
6.80446 2.0588
6.83653 2.02092
7.22182 1.34389
7.19749 1.41103
7.35166 0.598264
7.35173 0.59191
7.30803 1.02643
7.30364 1.05095
6.56374 2.28056
6.59418 2.25791
7.33201 0.88194
7.32937 0.904028
5.25005 -0.316409
5.20571 -0.15854
5.19919 -0.130608
5.09389 0.932952
5.09335 0.905583
6.68249 2.18289
6.68344 2.18199
7.2885 1.11709
7.29317 1.09894
6.88688 1.95937
6.91003 1.92938
7.34085 0.80245
7.3452 0.749345
6.508 2.32106
6.47381 2.34237
5.17956 -0.0422852
5.18484 -0.0672857
5.09158 0.811914
5.09204 0.868837
5.09761 1.01066
5.28809 -0.436061
5.28901 -0.438612
5.24142 -0.287779
5.23223 -0.255367
6.02947 2.50537
5.86857 2.50049
6.10801 2.49453
6.29044 2.44048
7.04807 -0.492272
6.9606 -0.62478
7.35006 0.502499
7.35144 0.557317
7.31827 0.978353
7.3182 0.978819
5.30584 -0.484278
5.32267 -0.527629
5.47688 -0.844257
5.45617 -0.811158
5.18276 1.61954
5.14364 1.42982
6.198 -1.20769
6.25688 -1.18945
5.3183 2.01363
5.34246 2.06064
5.54163 2.33332
5.47485 2.26465
6.6552 -0.957114
6.61209 -0.993302
7.09866 1.62804
7.07616 1.67017
5.81986 -1.17898
5.75467 -1.14274
7.16896 -0.262992
7.18353 -0.230716
7.3179 0.220223
7.27024 0.0165296
5.14828 0.115669
5.17196 -0.00397299
5.0938 0.671977
5.09229 0.775304
5.13801 0.179692
5.11405 0.369362
5.72316 2.45517
6.07723 2.5012
5.6658 2.42687
6.8623 -0.750463
6.81485 -0.803059
6.73559 -0.88645
7.08606 -0.426856
7.15963 1.50237
7.19631 1.4141
5.3844 -0.67297
5.50861 -0.892055
5.59327 -1.00234
5.63717 -1.05059
5.1381 1.39874
5.2117 1.73117
5.24399 1.82965
5.1206 1.28159
6.39349 -1.13404
6.03607 -1.2263
5.29523 1.96426
5.41489 2.18321
6.47593 -1.08782
6.96948 1.84595
6.94499 1.88138
7.05928 1.70001
6.00812 -1.22639
5.98177 -1.2222
7.18496 -0.227393
7.26106 -0.0152601
7.18655 -0.223438
7.32247 0.247235
5.14624 0.127468
5.09463 0.644944
5.11097 0.400338
5.09583 0.619191
5.11249 0.383913
7.34944 0.485101
6.64354 2.21586
6.68114 2.18419
7.34999 0.494927
7.34835 0.688704
7.22729 1.32867
7.22679 1.33007
7.28315 1.14119
7.27398 1.17438
7.29825 1.07453
7.31843 0.977473
5.21315 -0.187162
5.21785 -0.204975
6.71816 2.14781
6.6135 2.24166
6.92909 1.90386
6.8697 1.98139
7.34733 0.717949
5.09156 0.803875
5.09217 0.877297
6.32948 2.42291
5.28461 -0.426468
6.93897 1.88983
5.108 1.16853
7.25237 1.25114
6.37011 2.40274
6.38483 2.39588
5.18844 -0.0836568
6.85346 2.00109
5.22693 -0.237759
