7.55802 0.0374652
7.56682 0.0744756
7.53058 1.25476
7.52101 1.29255
5.34135 -1.37554
5.38938 -1.44363
5.66899 -1.6833
5.69119 -1.69226
5.05492 -0.738873
5.04938 -0.721049
5.1223 -0.928876
5.1473 -0.994784
6.5753 2.69471
6.56104 2.70538
6.9098 2.39843
6.91599 2.39167
4.81359 0.781111
4.8113 0.846051
5.12527 2.48183
5.14997 2.52733
7.1733 -0.832005
7.13454 -0.889328
6.15298 2.9162
6.18236 2.905
5.88166 2.96898
5.94273 2.9641
7.04533 2.23845
7.0357 2.25107
6.38424 2.81356
6.34849 2.83325
7.57566 0.118417
7.59126 0.209832
7.53923 -0.0399758
7.51865 -0.116822
7.45844 -0.292035
7.47217 -0.255886
7.36855 -0.497541
7.35001 -0.536172
7.39358 1.64916
7.3806 1.67839
7.46159 1.47587
7.44936 1.50926
5.53304 2.90467
5.58802 2.92709
5.33664 2.76941
5.37203 2.80055
5.32815 -1.35653
5.28489 -1.28222
4.81763 1.10757
4.82408 1.2213
4.83845 1.38352
4.84655 1.45855
4.87605 1.6699
4.87917 1.68991
5.78671 -1.71865
5.85553 -1.72962
4.98343 -0.495965
4.99818 -0.548874
5.50402 -1.57285
5.51555 -1.5824
5.19772 -1.10959
5.16751 -1.04147
4.92385 1.91166
4.93801 1.96868
4.86426 0.0967183
4.85471 0.166812
4.8306 0.38993
4.82938 0.401719
4.81294 0.714531
4.81475 0.650791
4.81131 0.84655
4.81269 0.975716
5.2277 2.64591
5.20785 2.61644
6.24121 -1.65108
6.28064 -1.63188
4.97835 2.11727
4.97671 2.11198
7.02881 -1.02566
6.99943 -1.06042
5.7354 2.9642
5.76633 2.96614
6.63672 -1.40968
6.69811 -1.35901
6.43795 -1.54832
6.49848 -1.50885
7.61465 0.431135
7.61015 0.364616
7.61914 0.614562
7.61945 0.576398
7.60078 0.891846
7.59608 0.93179
4.94472 -0.335578
4.96211 -0.410236
7.0878 -0.949934
7.12422 -0.903449
7.23222 -0.743709
7.24816 -0.718611
6.86578 -1.20546
6.85214 -1.21937
7.27218 1.89546
7.26126 1.91548
4.90069 -0.127944
4.89849 -0.116068
7.39913 -0.435169
7.42498 -0.375793
7.50645 1.34178
7.49538 1.37874
7.57907 1.03642
7.57354 1.0696
6.73419 2.56847
6.77398 2.53241
7.18043 2.04893
7.13709 2.11321
7.51203 -0.137445
7.50463 -0.16077
7.3983 -0.437069
7.32493 -0.584846
7.33848 -0.558785
7.42876 1.56388
7.47967 1.42455
4.81715 1.10017
4.82579 1.24415
4.81289 0.715972
4.81272 0.97746
6.65825 2.63204
6.6676 2.62448
7.56114 1.12714
7.56854 1.09534
7.61148 0.791149
7.61056 0.801998
7.59177 0.960436
7.59418 0.944683
4.92775 -0.261087
4.96885 -0.438293
7.32552 1.79538
7.33165 1.78348
7.41669 1.59389
4.81629 1.0401
5.71466 -1.70108
5.75057 -1.71213
5.01837 2.23809
5.04353 2.30477
7.19975 2.01886
7.22489 1.97828
6.08312 -1.70471
6.04686 -1.71477
6.42078 2.79416
6.45581 2.77316
4.8301 1.29608
4.81285 0.717355
4.98136 -0.487869
4.82432 0.463831
4.82099 0.513811
7.57104 0.0953092
7.54946 -0.00136379
5.43415 2.84836
5.46944 2.87046
5.42413 -1.48899
5.3336 -1.36475
4.83406 1.34066
4.92161 -0.232304
4.92412 -0.244211
5.06405 -0.767511
5.02462 -0.639568
5.15814 -1.02026
5.105 -0.882069
4.89976 1.80239
4.90305 1.81747
6.53171 2.72467
6.589 2.68471
6.9335 2.37196
6.84667 2.46313
5.17351 2.56573
5.10221 2.43518
6.17567 -1.67575
6.14339 -1.68862
7.13149 -0.893406
7.19237 -0.804588
6.938 -1.12949
6.98409 -1.07842
6.10012 2.9319
6.25913 2.87534
6.00742 2.95307
5.83867 2.97061
6.5368 -1.48369
6.60159 -1.43594
7.01357 2.27878
7.08735 2.18276
7.61814 0.523318
7.61663 0.469355
6.32933 2.84213
6.40267 2.80412
7.59623 0.24346
7.35616 1.73182
5.63307 2.94232
5.29001 2.72099
7.60754 0.337597
5.45157 -1.51923
5.24627 -1.21096
4.85502 1.52533
4.86158 1.57497
4.85851 1.55274
4.89106 1.75731
5.92801 -1.72887
5.76092 -1.71504
5.57994 -1.6332
5.5948 -1.64196
5.0023 -0.563315
5.08837 -0.836437
5.23911 -1.19791
5.23288 -1.18602
4.9505 2.01927
4.87512 0.0237585
4.84836 0.217589
5.24169 2.66466
5.08216 2.3947
5.06127 2.34801
6.34014 -1.60387
5.95169 -1.72898
6.00378 -1.7216
4.9794 2.12043
6.88321 -1.18745
7.04423 -1.00678
6.28976 2.8616
6.04749 2.94605
5.72101 2.96188
6.73777 -1.32564
6.38749 -1.57697
6.78901 -1.27865
7.29817 -0.634048
7.27905 -0.667221
7.61818 0.686006
6.61698 2.6635
6.64731 2.64115
4.90702 -0.161518
6.47537 2.7616
7.0718 -0.971074
4.88249 -0.022327
7.54612 1.19552
7.55645 1.15049
7.49308 1.38629
7.51856 1.30112
7.57047 1.08457
7.58241 1.01901
6.82165 2.48805
6.69754 2.59929
6.98111 2.31749
7.11613 2.14269
7.18481 2.04236
7.61289 0.772756
7.61753 0.704833
7.48249 -0.227279
7.44234 -0.333996
7.30586 -0.620538
4.83491 0.339878
4.83804 0.307564
4.82571 0.445656
4.81685 0.589587
4.81722 0.581386
7.60369 0.868592
7.33348 1.77985
7.29687 1.85061
7.23729 1.95744
4.84347 0.259418
5.00898 2.21227
7.34628 1.7528
7.53864 1.22518
5.6368 -1.66681
4.84112 0.278435
4.83154 0.376817
4.8148 0.648127
4.98314 2.13217
7.2876 1.86797
4.82066 0.520393
4.82022 0.526498
