6.37263 2.73979
6.36783 2.74214
5.53941 2.80029
5.45589 2.74793
6.74078 2.47956
6.72004 2.49761
4.86747 0.780235
4.86634 0.812249
6.89371 -1.08972
6.95554 -1.02019
7.15671 1.98215
7.18318 1.93967
7.52948 0.161645
7.53582 0.198771
7.35539 1.60457
7.32355 1.67629
7.42261 1.43036
7.39445 1.50724
5.51716 -1.45293
5.47023 -1.40207
4.87614 1.1439
4.87872 1.18949
4.89948 1.42142
4.90012 1.42738
5.68605 -1.57424
5.6202 -1.53511
5.05737 -0.537505
5.06117 -0.551155
5.11107 -0.707863
5.13588 -0.779429
5.26002 -1.07518
5.27856 -1.11053
5.18069 -0.896636
5.1579 -0.840685
5.35458 -1.24532
5.33018 -1.20694
4.97961 1.87563
4.98953 1.91557
4.93447 1.65514
4.94486 1.71009
4.91511 0.126197
4.91459 0.130031
4.886 0.389028
4.88385 0.409946
4.86927 0.679929
4.87013 0.64989
4.86698 0.878824
4.86765 0.941955
5.30132 2.59971
5.34436 2.64969
5.1919 2.44002
5.16032 2.38335
5.10608 2.26552
5.13431 2.3283
6.05797 -1.61696
5.97054 -1.6277
6.2518 -1.55788
6.21437 -1.57106
5.8698 -1.6262
5.94956 -1.6287
5.03745 2.07908
5.01693 2.01278
6.81121 -1.17219
6.87959 -1.10503
7.28989 1.74741
7.26903 1.78749
7.28331 -0.545202
7.27616 -0.558733
6.15818 2.83087
6.08182 2.8518
6.0164 2.86599
5.94813 2.87559
5.68823 2.85704
5.74122 2.86882
6.44829 -1.45725
6.43037 -1.46734
6.64714 -1.31788
6.63981 -1.32347
7.56113 0.411059
7.56012 0.396062
6.60008 2.5945
6.5674 2.61952
7.54851 0.889919
7.54647 0.907254
7.56716 0.58927
7.56743 0.59986
4.95326 -0.0987921
4.96523 -0.160432
7.06347 -0.886824
7.08511 -0.859201
7.20061 -0.689623
7.16035 -0.752971
7.48 1.24468
7.47593 1.25934
7.52628 1.03448
7.52274 1.05574
6.9169 2.30252
6.86466 2.35854
7.09579 2.07488
7.0903 2.08302
6.94558 2.26904
6.98668 2.21944
6.4682 2.68513
6.47477 2.68138
7.45151 -0.14952
7.43958 -0.18711
7.42013 -0.241055
7.4319 -0.208676
7.37851 -0.346391
7.38612 -0.3283
7.3901 1.51875
7.42536 1.42255
4.87122 1.06869
4.88559 1.28128
4.89326 0.308659
4.89008 0.340862
4.88201 0.432227
4.87843 0.478533
4.87353 0.557398
4.87096 0.613638
4.86818 0.715072
4.86911 1.01015
6.5139 2.65508
6.54875 2.6321
7.50837 1.12519
7.51197 1.10973
7.55938 0.783607
7.56203 0.752352
5.02221 -0.408825
4.99625 -0.307325
7.22647 1.86596
7.23657 1.84812
6.31841 2.7674
6.31289 2.76991
7.36071 1.59183
7.45321 1.33974
7.42782 1.41554
4.87081 1.04003
7.49799 0.0122618
7.47468 -0.0756612
7.33213 -0.449751
7.33261 -0.44879
4.99621 -0.307146
4.99612 -0.306759
5.03598 -0.46009
6.42183 2.7127
4.88684 1.29634
4.8671 0.748804
7.51396 0.0839213
7.50509 0.0401743
5.44093 2.73711
5.56298 2.81177
5.42159 -1.34418
5.40864 -1.32617
4.88799 1.30927
7.56529 0.671355
7.5649 0.696685
7.53521 0.986348
7.53415 0.993451
4.97407 -0.203334
4.98314 -0.246348
5.21889 -0.986721
5.19931 -0.940727
4.9557 1.76625
4.97596 1.85909
6.65378 2.55374
6.79423 2.42929
5.24255 2.52241
5.23205 2.50529
6.15422 -1.59324
6.09998 -1.60629
7.10657 -0.828772
7.14515 -0.77581
7.01479 -0.95059
6.88627 -1.09796
5.84421 2.87976
5.86723 2.87889
6.54713 -1.39274
6.53926 -1.39795
7.07394 2.10604
7.03978 2.15207
7.56588 0.503713
7.56581 0.501295
6.2644 2.79212
6.24703 2.79858
7.22051 -0.65651
7.25732 -0.592673
7.54897 0.287703
7.31834 1.68766
5.63913 2.84297
5.36735 2.67246
7.55248 0.316943
5.54029 -1.47363
5.3926 -1.30197
4.90352 1.45421
5.80261 -1.61379
5.77745 -1.60936
5.75248 -1.60031
5.5975 -1.52093
7.56347 0.733503
5.07824 -0.609958
5.08017 -0.615873
5.07525 -0.600527
5.04429 -0.490148
5.14497 -0.805183
5.30522 -1.1614
5.24286 -1.04097
4.91578 1.54238
4.9193 1.56425
5.00771 1.9823
4.918 0.106814
4.89991 0.247472
5.25102 2.53492
5.14608 2.3546
5.073 2.18487
5.96307 -1.62876
6.31861 -1.52652
6.35058 -1.51191
5.06692 2.16769
6.75172 -1.22898
7.02008 -0.944113
6.7335 -1.24481
7.30514 -0.503946
4.93783 -0.0159823
4.93548 -0.0025035
4.93395 0.00684444
6.05277 2.85962
5.82962 2.87886
7.56624 0.518107
6.55826 2.62561
6.63068 2.57166
7.49863 1.16775
7.5041 1.14646
7.02248 -0.941008
7.45429 1.33612
7.49492 1.18401
7.45888 1.32014
7.51697 1.08259
7.53589 0.982508
6.82846 2.39616
6.64161 2.5632
6.93169 2.2856
7.13774 2.01199
7.02534 2.17053
7.40969 -0.268352
7.39976 -0.294131
7.36045 -0.388667
4.89704 0.271329
4.88735 0.370278
4.87725 0.494513
4.87407 0.54647
4.87066 0.620779
6.48162 2.6773
7.55505 0.830429
7.53787 0.96915
5.76802 -1.60642
4.89862 0.258521
5.0691 2.17454
7.46518 -0.106916
7.3361 -0.441506
7.29506 1.73713
7.26149 1.80193
7.20021 1.91095
7.29444 1.73845
7.55225 0.860052
7.35639 -0.397839
4.87601 0.519492
