6.41157 2.21398
6.36639 2.23757
5.81318 2.29016
5.7819 2.27813
6.59376 -0.830699
6.64014 -0.79361
7.14358 1.2405
7.14165 1.24647
5.20822 0.98425
5.21458 1.07743
5.45958 -0.515417
5.44621 -0.485054
5.55485 -0.690024
5.56241 -0.702212
5.49167 2.01761
5.48788 2.01124
5.92708 -1.01255
5.8543 -0.98166
6.11692 -1.03697
6.21083 -1.0248
7.10005 -0.141231
7.13758 -0.0409614
5.20916 0.553498
5.21546 0.466338
7.2394 0.446243
7.22789 0.340486
5.98568 2.32829
6.01005 2.32745
6.22525 2.29475
6.19614 2.30469
6.77915 -0.656612
6.80173 -0.630661
6.53635 -0.875072
6.44981 -0.928723
6.96185 -0.410154
6.94013 -0.445264
5.22829 1.21564
5.22829 1.21564
7.21258 0.967484
7.2114 0.974414
7.23913 0.749676
7.24243 0.707017
5.38874 -0.347599
5.37958 -0.321099
5.32331 1.65357
5.32778 1.66618
5.26802 1.43964
5.25226 1.36057
5.39738 1.84654
5.40556 1.86436
5.61942 2.16706
5.58747 2.13685
6.80231 1.87221
6.81805 1.85284
7.033 1.51192
7.01835 1.54076
6.89595 1.74793
6.92623 1.70208
5.74266 -0.9093
5.67697 -0.846437
6.31131 -0.995361
6.22374 -1.02153
7.08465 -0.176661
7.05163 -0.248269
7.17959 0.0975124
7.20148 0.187685
5.2707 0.0806384
5.25021 0.183721
5.20248 0.800645
5.20284 0.837841
5.24797 0.197688
5.23242 0.306528
7.24604 0.587834
7.24604 0.588008
7.18443 1.09318
7.16824 1.15557
7.11447 1.32329
7.11301 1.32706
7.20861 0.989414
7.19043 1.07056
7.21079 0.978102
7.2255 0.878014
6.73549 1.95159
6.71926 1.9682
5.31411 -0.109687
5.30375 -0.0680246
6.56588 2.10765
6.60511 2.07664
6.74973 1.9358
6.65156 2.03436
6.60855 2.07381
6.8347 1.83132
6.85905 1.79997
5.33405 -0.17724
5.33913 -0.19471
6.3573 2.24224
6.31066 2.26393
7.23311 0.82018
7.23238 0.827936
7.23185 0.83292
5.29326 -0.0240916
5.2888 -0.00469901
5.20261 0.744913
5.20288 0.707536
6.52114 2.14356
6.47841 2.17195
5.7013 2.2325
5.88296 2.31274
6.83042 -0.595481
6.87349 -0.540449
6.54936 -0.865409
6.65488 -0.781049
5.21638 1.10111
5.20588 0.942084
5.47423 -0.546707
5.41899 -0.421796
5.61205 -0.769619
5.54545 -0.673928
5.29343 1.54804
5.28428 1.5101
5.44229 1.93352
5.49474 2.02228
6.98141 1.6091
6.94236 1.67597
5.83411 -0.972007
5.98754 -1.02715
6.21354 -1.02445
6.05814 -1.03506
7.09756 -0.147474
7.14437 -0.0205191
5.28203 0.0253964
5.2063 0.602513
5.21886 0.428914
7.22402 0.313134
7.24092 0.465412
5.96611 2.326
6.09032 2.32443
6.18784 2.30629
6.30326 2.26734
6.42238 -0.944838
6.32737 -0.988249
5.68274 2.22049
6.72333 -0.714453
6.91183 -0.487533
7.00062 -0.344135
7.08075 1.41027
7.08092 1.40985
5.20327 0.865416
5.22829 1.21564
5.40257 -0.382328
5.37651 -0.312055
5.50616 -0.605732
5.65294 -0.821552
5.35994 1.75473
5.3162 1.63072
5.24631 1.32883
5.55136 2.09504
5.39089 1.83095
7.07964 1.4127
6.86652 1.78977
5.7557 -0.918979
6.02137 -1.03391
7.04272 -0.265773
7.17241 0.0705713
7.20662 0.213137
5.34926 -0.227377
5.32027 -0.13136
5.24976 0.186291
5.20244 0.772699
5.22986 0.32693
5.20354 0.680397
7.24604 0.58804
6.52587 2.13993
6.53016 2.13664
7.24322 0.68483
7.0872 1.39374
7.08109 1.40944
6.60633 2.07565
6.42865 2.20324
7.14595 1.2337
6.4727 2.17568
