6.40598 2.28951
6.39795 2.2937
7.19059 1.24223
7.19931 1.21506
5.16171 1.01297
5.16414 1.04864
7.28244 0.786544
7.28269 0.783856
5.38011 -0.476265
5.40952 -0.543059
5.50037 -0.720109
5.54708 -0.795464
5.43681 2.05306
5.39574 1.98407
5.55541 2.20842
5.57955 2.23336
7.15703 -0.124458
7.1748 -0.0769976
5.22923 0.032967
5.22414 0.0589355
5.16315 0.527353
5.16532 0.497297
7.2813 0.404525
7.27587 0.354608
6.71095 2.05358
6.75907 2.00361
6.01819 2.40484
5.97992 2.40615
6.19063 2.37907
6.13084 2.39137
5.72436 2.33739
5.77499 2.36235
6.77102 -0.746648
6.83983 -0.66755
6.52014 -0.961109
6.49766 -0.975049
6.75992 -0.758704
6.68102 -0.83319
7.03006 -0.395121
6.97697 -0.480934
7.26688 0.913422
7.25623 0.976066
5.33254 -0.345357
5.32345 -0.319067
5.61255 -0.880518
5.55513 -0.808005
5.21985 1.47075
5.21815 1.46221
5.27547 1.68448
5.25917 1.62701
5.18332 1.24469
5.19509 1.32793
5.34669 1.87929
5.38067 1.95335
6.83711 1.91284
6.86173 1.88254
6.95957 1.741
6.92513 1.79316
7.06683 1.55142
7.08123 1.52148
5.92119 -1.09808
5.99916 -1.1135
5.73625 -1.00237
5.76856 -1.02422
6.11139 -1.11736
6.03085 -1.11727
6.30594 -1.07331
6.28577 -1.07934
7.04226 -0.373575
7.08815 -0.283625
7.23173 0.112862
7.24069 0.149726
5.25944 -0.0962019
5.26861 -0.131039
5.15459 0.830218
5.15467 0.838981
5.18833 0.281478
5.19764 0.216306
6.61722 2.14078
6.60185 2.15431
7.28954 0.660113
7.29034 0.589647
7.14908 1.36371
7.17396 1.29386
7.20922 1.18122
7.22081 1.13835
7.25069 1.00941
7.27175 0.879719
5.28742 -0.203737
5.28062 -0.178913
5.25236 -0.0677053
6.53585 2.20447
6.55505 2.19022
6.81582 1.93859
6.7777 1.98295
6.67241 2.09124
6.6551 2.10712
5.35204 -0.400747
5.36674 -0.441427
6.35173 2.31747
6.34303 2.32151
7.2744 0.860901
5.24808 -0.0497673
5.23763 -0.00438105
5.15484 0.717771
5.15491 0.708671
5.87646 2.394
5.92997 2.40032
6.63775 -0.872007
6.59261 -0.907289
6.93278 -0.546943
6.91153 -0.577275
5.17029 1.12956
5.15619 0.913719
5.43908 -0.606196
5.36956 -0.44909
5.55175 -0.802916
5.46643 -0.662027
5.24588 1.57877
5.22053 1.47371
5.38784 1.9687
5.48606 2.12801
5.63034 2.27601
5.50154 2.14654
7.01597 1.64944
7.01316 1.65426
5.828 -1.06075
5.87753 -1.08175
6.20816 -1.1026
6.1608 -1.10976
7.13383 -0.182593
7.19891 -0.00446721
5.22292 0.0652944
5.15698 0.632964
5.17384 0.403336
7.26433 0.273003
7.28723 0.479042
5.85115 2.38712
6.08468 2.40067
6.27268 2.35118
6.2977 2.34239
6.40661 -1.02853
6.39195 -1.03523
5.67542 2.30966
6.76429 -0.754109
6.88936 -0.606806
7.03842 -0.380733
7.11395 1.44903
7.12948 1.41164
5.15555 0.894882
5.17615 1.18587
5.30458 -0.263508
5.3446 -0.380229
5.45289 -0.635149
5.64615 -0.920172
5.19974 1.35892
5.30818 1.78624
5.3087 1.78784
5.30953 1.79009
5.49084 2.13415
7.02254 1.63729
6.90025 1.82915
5.68277 -0.955177
6.01566 -1.1168
7.10517 -0.24739
7.21062 0.0335795
7.25647 0.227808
5.30166 -0.254424
5.20627 0.161576
5.1545 0.773832
5.17868 0.358534
5.15625 0.653527
7.28996 0.544318
6.57732 2.17313
6.62955 2.13026
7.28857 0.686501
7.14479 1.37474
7.18089 1.27449
7.23522 1.08523
7.23791 1.07231
7.24224 1.05333
5.29785 -0.242127
5.2737 -0.152759
6.51545 2.22038
7.28284 0.782152
6.87164 1.86923
6.49084 2.23614
7.28795 0.704424
6.86963 1.8721
6.50257 2.22881
