7.62116 0.0500628
7.62617 0.0711295
7.48857 -0.377278
7.45012 -0.467139
7.59013 1.25696
7.58861 1.26295
4.76929 1.31577
4.77284 1.35995
4.97016 -0.693746
4.99453 -0.772218
4.86435 -0.264442
4.85456 -0.214566
5.05808 -0.964341
5.06257 -0.976202
6.64009 2.73651
6.63993 2.73662
6.97062 2.42691
6.90849 2.49472
4.77767 0.306701
4.78229 0.260414
4.75205 0.782113
4.75101 0.811597
5.05216 2.5277
5.05575 2.53431
4.96233 2.31106
4.97557 2.34741
6.19793 -1.76629
6.22947 -1.75454
7.2003 -0.902055
7.1872 -0.921426
6.18959 2.9934
6.14728 3.00953
6.62527 -1.51051
6.56913 -1.55192
7.12214 2.2409
7.08843 2.2851
7.67407 0.453425
7.6773 0.540036
7.66052 0.87702
7.66581 0.82747
7.56587 -0.161028
7.53908 -0.242538
7.4432 -0.482646
7.44135 -0.486519
5.3287 2.89957
5.2822 2.85692
5.52609 3.01873
5.47731 2.99656
7.66406 0.322127
7.65281 0.227003
5.33117 -1.52873
5.30422 -1.4874
5.19095 -1.282
5.20947 -1.32099
4.80294 1.6245
4.8186 1.72516
4.85516 1.91996
4.86137 1.9506
5.72256 -1.82963
5.6863 -1.81808
5.8374 -1.84555
5.86272 -1.84546
5.58914 -1.77624
5.60707 -1.78623
4.93705 -0.571888
4.96107 -0.661448
5.14845 2.69563
5.13889 2.68143
4.90086 2.10935
4.88995 2.07213
6.03464 -1.82243
6.05152 -1.81773
6.34718 2.92189
6.38436 2.90277
5.75069 3.06909
5.72909 3.06773
5.93677 3.06184
5.94429 3.06031
6.42653 -1.64889
6.35268 -1.69151
6.8281 -1.33599
6.76077 -1.3972
7.29251 -0.761667
7.31738 -0.720678
7.67691 0.636236
7.67742 0.573894
7.44502 1.67747
7.43681 1.6966
6.55416 2.79829
6.51036 2.82709
6.88515 -1.27929
6.92322 -1.24047
7.32283 1.92814
7.32082 1.93183
7.47992 1.59305
7.5058 1.52493
4.75181 0.942149
4.75234 1.01089
5.13753 -1.16785
5.129 -1.14722
4.80915 0.0446476
4.80634 0.0631749
4.76694 0.430566
4.76276 0.484318
4.84425 -0.159897
4.82813 -0.0728871
7.49479 -0.361863
7.61552 1.1502
7.60665 1.18814
6.90217 2.50147
6.8324 2.57012
6.97993 -1.1797
6.99432 -1.16382
7.36114 1.85549
7.3651 1.84777
7.14629 2.20749
7.18852 2.1464
7.56687 1.34145
7.56598 1.34455
7.6682 0.799136
7.66707 0.814286
7.5291 -0.27091
7.57676 -0.124529
7.44439 -0.480225
4.76138 1.20415
4.75783 1.13469
5.66204 -1.81103
4.77385 0.346989
4.77007 0.390915
4.75586 0.619071
4.75477 0.651767
4.7512 0.882966
5.01235 2.43851
4.98588 2.37237
6.7197 2.67168
6.72699 2.6658
7.64614 0.985448
7.644 0.999454
4.8916 -0.391411
4.91058 -0.470468
7.28811 1.98872
7.26844 2.02194
4.754 1.04017
4.75444 1.07067
4.76468 1.25587
5.98471 -1.83296
5.94543 -1.83927
5.74223 -1.8345
5.78814 -1.83943
4.88422 -0.358235
6.67978 2.70403
6.71366 2.67671
4.78397 0.245308
4.78945 0.195147
4.75861 0.555828
4.76041 0.521374
4.75393 0.683203
4.7517 0.752142
7.09412 -1.04467
7.11464 -1.01958
6.95243 -1.21029
7.67348 0.725819
7.67601 0.670185
7.36871 -0.629629
7.35782 -0.650093
5.51505 -1.72675
5.48371 -1.70265
5.38675 -1.60058
5.37269 -1.58282
5.04883 2.52096
6.30684 2.9429
6.26436 2.96272
4.78539 1.48827
4.79278 1.55243
5.88598 -1.84469
5.92086 -1.84177
5.44634 -1.66601
5.47448 -1.69358
4.94307 2.25363
4.93298 2.21959
7.53292 1.44889
7.53739 1.43623
7.588 -0.0854023
6.08296 -1.80887
6.08927 -1.80676
4.91436 -0.485443
7.63268 0.107607
7.61676 0.0301115
5.42676 2.96945
5.37106 2.9322
5.27593 -1.44029
5.25448 -1.40541
4.77415 1.37552
4.76768 1.29579
4.83873 1.83861
4.83332 1.80914
5.00988 -0.820346
4.96425 -0.672904
5.4099 -1.62886
5.41889 -1.63795
5.09296 -1.05626
5.05182 -0.947409
6.59783 2.76734
6.64025 2.73639
6.99088 2.4041
6.90366 2.4999
5.0981 2.61305
6.24999 -1.74396
6.16092 -1.78139
7.15755 -0.961029
7.23446 -0.852942
6.12604 3.01584
6.25349 2.96782
5.92889 3.06278
5.83259 3.07042
6.52541 -1.58401
6.66763 -1.47619
7.24389 -0.838649
7.24838 -0.831794
7.13988 2.21666
7.07343 2.30388
7.67733 0.545522
7.67315 0.433827
6.41298 2.88639
6.44044 2.87132
7.64804 0.194956
5.23215 2.80474
5.60733 3.046
5.62644 3.05114
5.20627 2.77353
7.6677 0.360164
5.23474 -1.37079
5.35957 -1.56651
5.16803 -1.23473
4.78469 1.48165
4.80078 1.61036
4.79278 1.55243
4.82663 1.77073
4.87974 2.03244
4.92007 -0.507819
5.01995 -0.851645
5.5601 -1.75999
5.54666 -1.75011
5.02582 -0.870974
5.12415 -1.13501
4.88666 2.06051
4.79073 0.184183
4.80589 0.0662761
5.16463 2.71732
6.32858 -1.70565
7.03771 -1.11419
7.07039 -1.07464
6.3249 2.93385
6.07417 3.03167
5.67648 3.05924
6.04174 3.04037
5.63715 3.05313
6.72613 -1.42813
6.46458 -1.62396
6.84922 -1.31535
7.33934 -0.682564
7.67674 0.649202
7.40695 1.7622
7.47246 1.61191
6.46849 2.85459
7.12626 -1.00427
4.82505 -0.0548429
7.62298 1.11425
7.59221 1.24933
7.57387 1.31659
7.62793 1.08668
7.63358 1.05915
6.81429 2.58751
6.75784 2.6382
7.03458 2.35199
7.39746 1.78242
7.33419 1.90696
7.20995 2.11392
7.23532 2.07496
7.54104 1.42502
7.64868 0.968164
7.65784 0.901696
7.39547 -0.578727
7.38189 -0.60537
7.32432 1.92549
7.25125 2.05019
5.93504 -1.84077
6.03077 -1.82318
5.4784 -1.69756
7.59826 -0.0470487
6.1315 -1.7933
7.02564 -1.12842
5.64973 -1.80646
