6.40771 2.26612
6.38817 2.27632
7.17634 1.2417
7.18184 1.22457
5.17611 1.00408
5.17976 1.05755
5.42502 -0.5345
5.38509 -0.443799
5.51724 -0.710793
5.55736 -0.775515
5.4538 2.04208
5.41059 1.96951
5.57397 2.19643
5.58191 2.20463
7.13939 -0.129652
7.16327 -0.0658392
5.1774 0.535449
5.18085 0.48771
7.26832 0.417443
7.26101 0.350235
6.72365 2.01725
6.75292 1.98685
6.06653 2.37914
5.9817 2.38204
6.19233 2.35615
6.10014 2.37512
5.75021 2.32364
5.77708 2.33689
6.76576 -0.727709
6.82803 -0.656127
6.52516 -0.934468
6.48284 -0.960704
6.72455 -0.768682
6.66878 -0.821335
7.01941 -0.382861
6.96556 -0.469889
7.25007 0.930162
7.24235 0.975554
7.27245 0.732008
7.26925 0.773311
5.35493 -0.360467
5.34083 -0.319696
5.63124 -0.870201
5.59628 -0.826061
5.23477 1.46112
5.22103 1.39219
5.29004 1.67506
5.27975 1.63876
5.19725 1.2357
5.21161 1.33737
5.36238 1.86915
5.39868 1.94825
6.82633 1.90026
6.85554 1.8643
6.94924 1.72895
6.90221 1.80019
7.05687 1.5398
7.063 1.52707
5.92296 -1.0723
5.94985 -1.07762
5.73822 -0.973812
5.79404 -1.01157
6.11306 -1.09312
6.07959 -1.09308
6.3076 -1.04917
6.26274 -1.06258
7.04269 -0.340744
7.07723 -0.273049
7.21559 0.108109
7.22855 0.16148
5.27854 -0.109088
5.28434 -0.131137
5.23505 0.0803242
5.23861 0.0624047
5.16942 0.821061
5.16959 0.838628
5.20198 0.289234
5.21383 0.206311
7.27566 0.673932
7.27663 0.589142
7.1384 1.35123
7.15519 1.30409
7.19828 1.16844
7.20392 1.14755
7.23834 0.999716
7.25743 0.879191
5.30111 -0.195961
5.30002 -0.192011
5.26827 -0.0678042
6.60249 2.13127
6.60362 2.13038
6.52022 2.19438
6.52306 2.19228
6.78745 1.94729
6.76426 1.97428
6.66596 2.07363
6.64003 2.0974
5.36633 -0.392856
5.38267 -0.438093
6.85906 1.85976
6.87164 1.84357
6.35345 2.29417
6.33301 2.30368
7.26144 0.850732
5.26207 -0.0418169
5.25348 -0.00447951
5.16963 0.726176
5.16976 0.708319
5.87828 2.36979
5.86865 2.36668
6.64293 -0.844524
6.57922 -0.894321
6.90523 -0.560005
6.90057 -0.566661
5.18456 1.12075
5.17158 0.922502
5.46759 -0.625441
5.38394 -0.441148
5.57008 -0.79279
5.46878 -0.627865
5.26061 1.56925
5.24027 1.48498
5.404 1.95826
5.48875 2.09527
5.65102 2.26265
5.55626 2.17609
7.00527 1.63695
6.99123 1.66098
5.82987 -1.03359
5.90791 -1.06667
6.20983 -1.07844
6.13358 -1.08996
7.1226 -0.171719
7.18202 -0.0094376
5.24045 0.0534645
5.17225 0.623535
5.18778 0.411256
7.25185 0.28543
7.27289 0.474822
5.88248 2.37046
6.08636 2.3779
6.24698 2.33758
6.29943 2.31915
6.41149 -1.00262
6.37195 -1.02069
5.67765 2.28253
6.8957 -0.57314
6.75188 -0.742094
7.02709 -0.369769
7.10367 1.43703
7.11444 1.41109
5.17033 0.885758
5.19229 1.19509
5.32685 -0.278541
5.36198 -0.380858
5.46819 -0.626698
5.64821 -0.890234
5.32449 1.77763
5.31162 1.74218
5.21352 1.35002
5.50958 2.12204
5.33358 1.80001
7.03804 1.57631
6.89026 1.81748
5.70474 -0.944272
6.01743 -1.09113
7.08673 -0.252818
7.19879 0.0450338
7.24103 0.223265
5.3164 -0.246049
5.21968 0.169197
5.16934 0.773481
5.19453 0.348748
5.1709 0.661847
7.27636 0.557855
6.56139 2.16285
6.60152 2.13206
7.27522 0.686009
7.12507 1.38549
7.17023 1.26205
7.22429 1.07247
7.22443 1.07181
7.22465 1.07085
5.30277 -0.202069
5.28756 -0.144883
6.5172 2.19673
7.26716 0.797764
6.47159 2.22595
7.27493 0.694211
6.49332 2.21236
