8.0238 -0.31805
8.04391 -0.252309
4.67037 -1.76664
4.68808 -1.83329
4.25414 1.35826
4.24987 1.30334
4.2437 0.850268
4.24278 0.799469
6.84971 3.28937
6.81083 3.32151
4.36623 -0.430521
4.37449 -0.475088
4.31098 2.06006
4.31441 2.09006
4.87758 -2.56197
4.8757 -2.55335
4.29738 0.00206394
4.29388 0.0302748
7.8143 -0.834023
7.85082 -0.760021
7.82206 2.00385
7.85793 1.92371
5.03391 3.82755
5.05419 3.83863
5.18568 3.8904
5.18498 3.89022
4.85169 -2.46754
4.85713 -2.48459
7.13525 3.01933
7.19951 2.95191
8.10798 1.08139
8.08862 1.18911
5.23535 -3.11281
5.23096 -3.11342
7.44122 2.6555
7.46203 2.62756
4.64164 3.40315
4.662 3.44291
8.15412 0.602791
8.15199 0.67693
4.93575 -2.75415
4.91904 -2.69718
5.16636 -3.10121
5.21142 -3.10977
5.07933 -3.03999
5.08727 -3.04829
4.99995 -2.91558
5.02383 -2.95752
4.96901 -2.84198
4.97492 -2.85532
4.71187 -1.92435
4.72311 -1.97289
5.67493 -2.94515
5.66525 -2.95029
4.65785 -1.71348
4.63454 -1.61673
6.64457 3.45302
6.59666 3.4874
5.99025 3.82016
5.99448 3.81848
5.69177 3.90691
5.76392 3.89146
6.24403 3.70493
6.26419 3.69489
6.48414 3.56504
6.48606 3.56385
7.07111 3.08568
7.25955 2.88384
7.21389 2.93632
7.6281 -1.15708
7.66327 -1.10251
7.52716 -1.30671
7.53585 -1.29441
6.99867 -1.91661
7.06531 -1.85047
6.833 -2.07304
6.87416 -2.03629
4.74671 3.57334
4.74118 3.56575
6.65937 -2.22583
6.64368 -2.23867
7.95114 -0.52808
7.93403 -0.571767
8.15291 0.433143
8.15214 0.414317
4.26795 1.62107
4.2674 1.61415
5.57552 3.92349
5.62665 3.9172
7.68333 -1.0701
7.73779 -0.976978
4.53994 3.16953
4.55176 3.2024
6.95127 3.19951
6.97551 3.17676
4.33362 2.22679
4.3402 2.27186
7.15912 -1.75033
7.20199 -1.70382
5.94075 -2.77666
5.9795 -2.75007
6.03446 -2.71184
6.06215 -2.69164
4.62066 -1.56208
4.57878 -1.38794
4.24243 0.990173
4.24234 0.97727
4.25925 1.48747
4.25916 1.48585
5.87621 3.85998
5.81909 3.87561
4.40784 -0.638808
4.39067 -0.557182
4.25461 0.470131
4.25495 0.464449
5.48866 3.92914
5.48728 3.92921
4.34806 2.31461
4.35457 2.3646
4.33841 -0.274163
4.32757 -0.207874
7.9057 1.80884
7.94107 1.71671
7.72557 2.20007
7.76669 2.1198
4.37034 2.46948
4.37437 2.49424
4.40178 2.64379
4.41221 2.69907
5.32742 3.92051
5.34256 3.92201
8.06337 1.30687
8.05916 1.32602
7.35665 2.76733
7.39581 2.71678
7.48487 2.5953
7.5242 2.53814
6.9173 -1.99512
6.97022 -1.94536
7.68001 2.28454
7.68008 2.28442
7.5999 2.42064
7.63283 2.36663
4.58783 3.2908
4.59169 3.30069
5.39187 -3.08247
5.43749 -3.06604
4.73719 -2.03171
4.75126 -2.07971
4.79349 -2.24222
4.80586 -2.2874
4.76317 -2.12692
4.76888 -2.14889
7.97223 1.62787
7.96632 1.64489
8.02388 1.46073
8.00217 1.53606
5.86305 -2.82739
5.89621 -2.806
5.66045 -2.95265
5.74588 -2.90137
6.52041 -2.34183
6.53219 -2.33263
8.06082 -0.191474
7.99242 -0.416049
7.96593 -0.488847
6.65929 3.44167
6.70539 3.40639
6.87562 3.26663
6.9135 3.23336
5.97151 3.82729
5.98731 3.82141
6.04232 3.79889
6.07127 3.78645
5.78463 3.88549
5.65018 3.91417
4.29325 1.91274
4.29555 1.93282
4.32278 2.15326
6.20819 3.72339
6.14441 3.75326
6.43088 3.59891
6.41973 3.60544
7.29087 2.84827
6.74604 -2.15044
6.77725 -2.12378
7.07749 -1.8376
4.7529 3.58096
8.14926 0.722557
8.14434 0.79055
6.32096 -2.49948
6.34162 -2.48392
6.44711 -2.40068
6.46865 -2.38372
6.56934 -2.30111
6.59577 -2.27939
6.70467 -2.1863
4.66288 -1.73428
4.93187 3.76374
4.93548 3.76653
8.15117 0.397019
8.15528 0.543072
4.5193 -1.13711
4.52665 -1.16792
4.49311 -1.02595
4.49679 -1.04179
4.24906 0.585666
4.24866 0.594853
4.44794 2.85899
4.44755 2.85761
4.48827 3.0072
4.48076 2.98265
7.40709 -1.46583
7.42756 -1.44015
7.31025 -1.58313
7.34042 -1.5477
4.44274 -0.802208
4.43998 -0.789424
4.46533 -0.905411
4.4677 -0.915628
4.24383 1.09218
4.24405 1.10427
6.18461 -2.60277
6.17436 -2.61058
4.57623 -1.3776
4.57298 -1.36431
4.57717 -1.38132
8.00789 -0.369987
4.8885 3.72897
4.8533 3.69603
8.12849 0.150293
8.12549 0.12856
4.48025 -0.970204
4.48226 -0.978707
4.24579 0.723266
4.24319 0.774309
7.05218 3.1044
7.01308 3.14158
6.74743 3.37356
6.77003 3.35488
4.30698 2.03364
4.30292 1.99644
4.28486 1.82212
4.28321 1.8056
4.26909 0.270468
4.26884 0.273321
5.33447 -3.0997
5.34927 -3.09654
4.83708 -2.40894
4.83105 -2.38752
8.13575 0.871319
8.14151 0.821656
8.12663 0.95339
8.13096 0.920141
4.52376 3.12429
4.51847 3.10736
5.4811 -3.04608
5.51597 -3.03022
5.6473 -2.95978
5.60032 -2.98531
5.81316 -2.8598
8.0783 -0.12369
7.92748 -0.58774
7.92153 -0.60268
6.54101 3.52698
6.54166 3.52651
8.15516 0.566123
4.2817 1.79047
4.27762 1.742
7.25865 -1.64224
7.24217 -1.66071
5.93721 -2.77906
5.93262 -2.78213
8.13114 0.169192
8.13645 0.217066
4.70047 -1.88343
4.2489 1.23126
4.2492 1.28579
6.31996 3.66453
6.35529 3.64379
7.30719 2.82794
7.32578 2.80581
4.79458 3.63404
4.83312 3.67611
6.20336 -2.58873
6.26498 -2.54249
8.14299 0.283309
8.14149 0.267343
4.24967 1.29476
4.25579 1.41661
4.24313 0.786769
4.24242 0.900861
4.26281 1.54798
4.26081 1.51499
4.38628 -0.535093
4.36333 -0.414937
4.90537 -2.65946
4.89545 -2.62131
4.8712 -2.53592
4.8608 -2.49663
4.2821 0.136963
4.30962 -0.0894238
4.25961 0.391365
4.26572 0.312402
7.87044 -0.717848
7.79571 -0.870157
5.29942 -3.10802
7.86543 1.9062
7.81326 2.02303
4.37596 2.5028
4.39252 2.59714
4.51109 3.08296
4.49881 3.04506
5.1838 3.88981
5.25481 3.90789
8.11261 1.05285
8.08537 1.20549
5.22875 -3.1134
7.29544 -1.60052
4.67306 3.4607
4.6253 3.37306
4.5649 3.23584
4.576 3.26286
5.58351 -2.99514
5.52605 -3.0256
4.94727 -2.78215
5.11777 -3.07556
5.16142 -3.09925
5.07502 -3.03306
5.03679 -2.98402
4.99446 -2.90046
4.96711 -2.83832
8.14446 0.298888
8.10771 0.01492
8.11302 0.0439917
8.10023 -0.0235703
7.75193 -0.951441
7.90261 -0.645974
7.67706 -1.08049
7.6119 -1.18225
7.57808 -1.23243
7.51104 -1.32938
6.38469 -2.45021
6.40512 -2.43451
4.50611 -1.0816
4.51159 -1.10486
4.26312 1.55231
4.27227 1.6783
4.46725 2.93256
4.46364 2.92017
7.35966 -1.52434
7.38445 -1.49423
5.93758 -2.7788
5.98576 -2.74604
6.02088 -2.7209
6.08317 -2.67723
4.53267 -1.1925
4.54982 -1.26417
4.24251 0.926626
4.24284 1.04077
4.25633 1.42658
4.26295 1.55
4.34757 -0.325162
4.42035 -0.700855
4.2588 0.402302
4.25142 0.529657
5.43387 3.92843
5.49089 3.92901
5.40296 3.92777
4.31619 -0.135002
4.28058 0.15136
7.7755 2.10181
7.90059 1.82167
7.94289 1.71177
7.71828 2.21411
4.35828 2.39005
4.43101 2.78691
4.93922 3.76905
4.99317 3.80486
5.08894 3.8542
5.11819 3.86698
5.31224 3.91792
8.05837 1.3293
8.02896 1.44261
7.54716 2.50378
7.58255 2.44854
7.42142 2.68331
7.45274 -1.4076
7.47468 -1.37915
7.67999 2.28457
7.6406 2.35346
4.61354 3.34661
4.70226 3.50984
4.56071 3.22616
4.81196 -2.31288
4.78767 -2.21817
4.82411 -2.35664
7.97261 1.62677
7.99966 1.54415
5.90068 -2.80319
5.83312 -2.84637
6.09722 3.7757
6.28877 3.68148
4.4455 2.84937
4.43404 2.80139
6.27812 -2.5329
6.50917 -2.35109
6.62928 -2.25109
4.27329 1.69014
4.24701 0.649525
4.43033 -0.746143
4.45362 -0.852533
4.4549 -0.858451
4.24565 1.15673
6.10309 -2.66212
4.2461 1.17853
4.24623 0.670458
5.37635 -3.08843
5.44749 -3.06182
4.42619 -0.72632
6.36614 3.63738
4.77464 -2.1722
5.82539 -2.85145
8.08951 -0.0761622
6.11769 3.76598
4.29825 1.95524
4.43268 2.79496
6.53268 3.5326
