5.33121 -2.17534
5.32296 -2.16813
6.13808 -2.17041
6.1879 -2.14329
5.63576 -2.30897
5.71556 -2.30836
4.98729 -1.57709
5.01105 -1.63809
4.74366 -0.796458
4.71983 -0.69933
5.11589 -1.87138
5.08378 -1.80434
4.61775 2.03412
4.61199 1.9996
7.59843 -0.667141
7.5518 -0.757832
6.38481 3.23126
6.37284 3.23748
7.56862 1.92656
7.61087 1.83658
7.84027 1.10953
7.84167 1.10197
7.42727 2.18835
7.42742 2.18809
7.34328 2.31921
7.32135 2.35165
7.74442 1.48702
7.73615 1.51286
7.89082 0.636487
7.89124 0.623194
7.74199 -0.325913
7.70385 -0.430644
7.79026 -0.171105
7.80936 -0.100372
5.78412 -2.29907
5.80912 -2.29449
5.58147 -2.30335
5.62976 -2.30898
5.50731 3.43635
5.50068 3.43533
5.30013 3.36795
5.30179 3.36876
5.10404 3.22763
5.10603 3.22953
4.91461 2.97789
4.93375 3.01005
7.85841 0.140178
7.84148 0.0426239
7.88624 0.398461
7.87979 0.312149
4.95598 -1.49672
4.94253 -1.45819
4.56139 1.62453
4.56718 1.67966
4.5436 1.42303
4.54118 1.3962
4.57481 1.74587
4.58314 1.80799
4.77 -0.897473
4.75824 -0.85444
5.25253 -2.08917
5.25999 -2.09801
5.16336 -1.95555
5.13078 -1.89762
4.89712 2.94552
4.86967 2.89308
6.00958 3.3952
5.93143 3.41637
6.16027 3.34099
6.0676 3.37578
5.68078 3.44949
5.65394 3.45003
6.86193 2.88138
6.87407 2.87048
6.9904 -1.5185
6.97893 -1.53017
7.44502 -0.94136
7.4707 -0.900089
6.42884 -1.99283
6.39611 -2.01638
6.66323 -1.81834
6.59708 -1.87072
6.88168 -1.62625
6.79359 -1.7068
6.0036 -2.23157
6.03665 -2.21822
4.52383 0.913439
4.52336 0.890163
4.52837 1.14125
4.52925 1.16743
4.54062 0.42946
4.54569 0.35661
4.59121 -0.0528927
4.57649 0.0616604
4.52938 0.627661
4.52813 0.655455
4.69232 2.38735
4.6876 2.36962
7.23676 -1.2374
7.22804 -1.24823
7.87092 0.908
7.87307 0.891566
4.63064 -0.280828
4.61465 -0.192794
4.82569 -1.09361
4.81507 -1.0565
7.77764 -0.214975
7.74691 -0.311564
6.26479 -2.09991
6.08708 -2.19519
7.07534 -1.42722
7.10415 -1.39562
5.81514 3.4392
5.86537 3.42916
6.45541 3.18873
6.27304 3.29008
4.74567 2.57882
4.72374 2.50489
4.76898 2.64801
4.75474 2.60637
4.81777 2.77772
4.81997 2.78351
7.14919 2.57957
7.17258 2.55134
7.07244 2.66831
7.07803 2.66213
7.25177 2.44948
7.19573 2.52235
6.5325 -1.91875
6.49717 -1.9459
6.89617 -1.6123
6.89023 -1.61821
7.50542 2.04962
7.51918 2.02384
7.79318 1.32016
7.79129 1.32749
7.70278 -0.433502
6.73423 2.99009
6.71819 3.00349
6.4981 3.16242
6.50121 3.1604
4.56053 1.6155
4.57431 1.74218
4.57226 1.72527
4.55021 1.50587
4.54863 1.48718
4.77598 -0.919109
4.64313 2.16939
4.6505 2.2079
5.76922 3.44461
5.9094 3.42084
6.0465 3.38388
6.22942 3.30955
6.49554 3.16416
5.70583 3.44917
6.88285 2.86206
6.97113 -1.53807
7.06021 -1.44396
6.31838 -2.06556
6.7234 -1.76732
6.69596 -1.7913
6.92747 -1.58155
6.28782 -2.08582
5.31718 -2.16183
5.28847 -2.13165
5.91063 -2.26705
5.93571 -2.25825
4.52484 1.0163
4.52454 0.976939
4.52334 0.87321
4.52331 0.826689
4.53246 1.25949
4.53019 1.20369
4.52725 1.10394
4.87529 -1.25793
4.89096 -1.3063
4.53614 0.492988
4.53848 0.459834
4.54795 0.329379
4.59199 -0.0581777
4.52463 0.745412
4.52628 0.694818
4.53108 0.590257
7.63433 1.78227
7.65283 1.73906
7.01551 2.72949
7.03352 2.71104
7.17192 -1.31694
7.12578 -1.37089
7.29229 -1.16424
7.24125 -1.23172
7.78384 -0.193705
5.47715 -2.27379
5.39743 -2.22922
5.88521 -2.27463
5.86014 -2.2809
4.52593 1.04044
4.52598 1.06524
6.70263 3.01605
6.62185 3.07642
6.54756 3.12905
6.56244 3.11867
4.65037 -0.385585
4.6404 -0.334059
4.53499 0.525042
4.53264 0.554925
4.62819 2.09235
4.63482 2.12692
4.59261 -0.0621011
4.59671 -0.0873707
4.65981 2.25108
6.92661 2.81855
7.65794 1.72631
7.6861 1.65479
7.63385 -0.591897
7.61591 -0.631408
5.55089 -2.29776
5.53069 -2.2923
4.96877 3.06417
4.99538 3.10241
4.58452 1.81765
4.59215 1.87217
7.32232 -1.12385
7.88265 0.791812
7.88433 0.769627
4.55954 1.60487
4.55453 1.55134
4.67828 -0.521472
4.66892 -0.477022
4.53616 1.32732
4.5361 1.32633
4.57453 1.74382
4.5501 0.304868
4.55387 0.264131
4.85177 -1.18312
4.84992 -1.17676
5.48001 -2.27522
5.47872 -2.2747
5.75481 -2.30275
5.39997 3.40885
5.43167 3.4183
5.02973 3.14637
5.00828 3.11989
7.87519 0.26664
7.86437 0.178789
5.04409 -1.71786
4.9758 -1.54865
5.05162 -1.73651
5.12132 -1.8811
4.60778 1.97561
4.62318 2.06326
7.53733 -0.784306
7.60766 -0.648581
7.56481 1.93449
7.61437 1.82872
4.67292 2.31037
4.67005 2.2983
4.7857 2.6947
4.77532 2.66545
7.11093 2.62429
7.13733 2.59385
7.82933 1.16256
7.86101 0.983585
7.39633 -1.01827
7.38689 -1.03227
7.46691 2.11975
7.42656 2.18951
7.29974 2.38257
7.37592 2.26994
7.71637 1.5708
7.76486 1.4213
7.81358 1.2371
7.80484 1.27341
7.88644 0.735025
7.89123 0.619384
7.8366 0.0184313
7.81498 -0.0770031
5.12974 3.24925
5.19375 3.30277
5.20224 3.30904
5.28088 3.35632
5.54849 3.44135
7.88881 0.44311
4.93646 -1.44004
4.91134 -1.36666
5.04766 -1.72684
4.69426 -0.592584
4.70121 -0.622301
5.18278 -1.9894
4.60159 1.93595
7.49258 -0.863125
7.40095 -1.01131
7.89122 0.51439
6.04892 -2.21229
5.98619 -2.23935
5.48219 -2.27591
5.20935 -2.02798
4.67366 2.31327
4.70299 2.42885
7.87705 0.849736
7.86667 0.942761
4.61168 -0.17564
4.79982 -1.00395
4.85713 -1.20092
4.71222 2.46219
4.75281 2.60099
7.18699 2.53347
7.06261 2.67941
7.86336 0.967158
7.815 1.23099
7.26368 2.43321
7.54273 1.97789
7.47466 2.10603
7.38581 2.25451
7.77001 1.40348
7.7053 1.60229
4.54043 1.38639
4.90583 2.96205
5.60225 3.4478
5.61423 3.44823
5.95721 -2.24965
4.7899 -0.96849
4.52325 0.809655
4.53266 1.26575
4.52984 1.19448
4.89817 -1.32888
4.56551 0.152682
4.55823 0.218393
4.52403 0.761458
4.52675 0.681594
4.82574 2.79757
7.18289 -1.30391
7.88182 0.803978
6.59949 3.09331
7.69267 1.63734
7.65274 -0.551332
4.96362 3.05682
4.59482 1.88981
5.22427 -2.04889
5.28749 -2.13049
5.83468 -2.28835
7.34521 -1.09232
4.94329 3.02424
4.53442 1.29472
4.56754 1.68353
4.54685 1.46548
4.55567 0.243051
4.52371 0.785829
7.69537 -0.451187
4.52413 0.937166
4.57358 0.0834518
6.61014 3.08531
4.86123 2.87586
4.85409 2.86017
7.6591 -0.536918
