5.97563 1.28265
5.93055 1.22518
6.00687 0.034714
6.05997 -0.0145635
5.89105 0.200937
5.87424 0.235075
6.59557 1.0114
6.569 1.06736
6.24077 -0.0619517
6.27056 -0.0618658
6.50305 0.0925574
6.41654 0.0102503
5.8249 0.396422
5.83909 0.339533
6.67082 0.594998
6.66851 0.698805
6.64728 0.405287
6.6567 0.451331
6.58326 0.225187
6.59341 0.245113
6.12154 1.36982
6.18168 1.37276
6.36538 1.31574
6.43472 1.25565
6.51816 1.16288
6.51507 1.16702
5.90431 1.19068
6.00474 1.31233
5.78665 0.75209
5.78639 0.749576
6.66254 0.759757
6.64824 0.849769
6.61467 0.963001
6.51127 1.17146
5.84131 1.04397
5.82056 0.980975
6.08944 1.35603
5.88696 1.16287
5.85426 1.08941
5.80934 0.924298
5.81757 0.965261
5.78685 0.755381
6.23629 1.37097
6.33534 1.33203
6.63859 0.890484
6.53753 0.146181
6.50576 0.095248
5.7888 0.622935
5.78898 0.620033
6.67086 0.558064
6.61819 0.309292
6.62903 0.339022
5.78854 0.625932
5.78726 0.687245
6.09439 -0.030957
5.96326 0.078947
6.29283 -0.0544254
6.3846 -0.0142972
5.85318 0.295854
5.91108 0.163265
5.94114 0.113218
6.16266 -0.0594501
6.50537 0.0948164
5.80173 0.496057
6.66949 0.533198
6.60175 0.264095
6.55145 0.165865
5.80351 0.892065
5.78707 0.697136
5.7952 0.553376
5.80101 0.499521
5.79443 0.56096
5.79943 0.867047
