6.34657 -0.79677
6.29741 -0.812872
6.71632 -0.526581
6.70626 -0.538227
5.44235 1.57666
5.42543 1.52751
5.524 1.76473
5.53303 1.77978
6.68657 1.81036
6.72924 1.76026
6.84386 1.60591
6.85276 1.59154
5.42435 -0.0458488
5.42975 -0.064091
6.13038 -0.843538
6.13258 -0.843309
6.42789 2.0239
6.45369 2.00902
6.21041 2.12052
6.11101 2.13855
6.0962 2.13969
6.00124 2.13736
5.79223 2.06701
5.79887 2.07131
6.83068 -0.383055
6.8488 -0.356847
6.57726 -0.657838
6.53341 -0.690276
5.32124 0.914467
5.31964 0.876639
5.34114 1.14597
5.34174 1.15002
7.11886 0.830048
7.12449 0.777373
7.09593 0.9802
7.09797 0.970233
5.38217 1.36588
5.40206 1.44608
5.63291 1.92635
5.60728 1.89544
6.57337 1.91972
6.60413 1.89159
6.96105 1.39047
6.94109 1.43263
5.75827 -0.682538
5.69698 -0.613257
5.94126 -0.80648
5.85263 -0.759247
7.04885 0.05903
7.04547 0.048219
6.94762 -0.186098
6.96079 -0.160312
5.58067 -0.440516
5.58417 -0.446549
5.49696 -0.261003
5.49472 -0.254995
5.37953 0.142478
5.391 0.0886932
5.3414 0.368451
5.33881 0.390174
5.3208 0.616933
5.31898 0.663452
7.13353 0.551643
7.13364 0.554922
7.10459 0.28363
7.10838 0.305308
7.05899 1.13217
7.0752 1.06631
7.04735 1.16785
7.02418 1.2361
7.08123 1.04356
7.09883 0.965361
6.55232 1.93781
6.64829 1.84979
6.99002 1.32563
6.99348 1.31784
7.05308 1.15133
6.50956 1.9706
6.68178 1.81586
6.37143 2.05737
6.34637 2.06956
6.23652 -0.830517
6.43044 -0.75609
6.31734 2.08353
6.25658 2.10505
5.91323 2.11982
5.89908 2.11624
6.77997 -0.449898
6.69919 -0.545803
5.329 1.03157
5.32737 1.01144
5.40915 1.47328
5.45441 1.60722
5.57485 1.84787
5.51694 1.75167
6.74958 1.73508
6.68504 1.81215
6.82729 1.63081
6.89888 1.51274
5.8489 -0.757031
5.76685 -0.690198
7.00576 -0.0613198
7.00658 -0.0593893
5.49951 -0.267601
5.53929 -0.354497
5.43373 -0.076984
5.40307 0.0383027
5.32878 0.491377
5.32581 0.528722
7.12342 0.413298
7.12529 0.431377
6.46101 -0.739706
6.12825 -0.84336
6.47761 1.992
6.40092 2.04117
6.10495 2.13958
5.84064 2.0901
5.70087 1.99958
6.86331 -0.333876
6.9098 -0.256202
6.62326 -0.617569
5.31771 0.794758
5.33908 1.129
5.3595 1.25652
5.36707 1.29486
7.13076 0.70282
7.11325 0.873877
5.63806 -0.532895
5.59004 -0.456169
5.66958 -0.57975
5.48225 1.67571
5.70016 1.99891
5.69833 1.99696
6.78306 1.69233
6.929 1.45625
6.96809 1.37548
5.9659 -0.814643
6.03511 -0.83424
7.07836 0.161631
7.01194 -0.0449439
7.08194 0.176436
5.46249 -0.163035
5.35822 0.247663
5.45176 -0.132177
5.35818 0.247895
5.31745 0.769978
5.35802 0.248939
5.31766 0.74524
7.13366 0.570035
7.13212 0.675564
6.99614 1.31149
