7.53336 -0.419203
7.51209 -0.468902
5.32102 3.0254
5.37445 3.0611
4.69766 1.16476
4.69188 1.04607
5.14104 -1.36796
5.13676 -1.35836
4.71008 1.35023
4.71084 1.35966
4.76757 1.81744
4.77695 1.87302
6.01896 -1.9318
6.01762 -1.93229
5.76085 -1.95927
5.81916 -1.96216
4.80727 -0.296755
4.79861 -0.252634
4.72083 0.273751
4.72207 0.261394
4.69451 0.648755
4.69958 0.523122
6.64504 2.81907
6.6679 2.80107
7.73156 0.474993
7.73269 0.50522
7.72156 0.838659
7.72196 0.834879
7.61272 -0.204893
7.60465 -0.229456
5.5193 3.12998
5.58937 3.14844
5.12835 2.82898
5.19596 2.91103
7.71634 0.273183
7.71358 0.249797
5.21139 -1.50559
5.22344 -1.52892
4.73446 1.58638
4.73824 1.61631
4.77911 1.88473
4.79971 1.98649
5.63064 -1.93231
5.63007 -1.93213
4.8784 -0.604271
4.87886 -0.60596
4.94504 -0.839565
4.93001 -0.787991
5.32154 -1.68212
5.31709 -1.67648
4.69056 0.776554
4.69041 0.783116
4.97363 2.55207
4.98163 2.57196
5.07228 2.74343
5.12084 2.81789
4.93956 2.47157
4.92006 2.41885
6.36078 3.00282
6.36609 2.99996
6.14704 3.09728
6.17583 3.08736
5.9931 3.1436
5.93101 3.15623
5.75092 3.16895
5.76866 3.17018
6.61956 2.83862
6.74511 2.73787
6.72897 2.75209
6.61405 -1.60927
6.63528 -1.59224
7.33347 -0.809921
7.34847 -0.785182
7.23348 -0.960668
7.2535 -0.932015
7.50959 1.6714
7.48031 1.73962
4.84351 2.16911
4.85071 2.19733
7.54332 1.58708
7.55023 1.56888
5.07447 -1.20955
5.06278 -1.18126
4.76059 -0.0314131
4.75101 0.0318517
4.7008 0.505934
4.70926 0.397133
7.48884 -0.52183
7.5619 -0.348475
5.98587 -1.93923
6.03843 -1.92535
6.89485 2.60027
6.88862 2.60639
7.0724 2.40401
7.02366 2.46114
7.12463 -1.10606
7.14041 -1.08642
7.00526 -1.24541
7.04898 -1.19714
7.39925 1.90678
7.42794 1.85079
7.32169 2.04629
7.33986 2.01522
7.23925 2.17924
7.23938 2.17905
7.09954 2.36992
7.13959 2.31811
7.62618 1.33587
7.61085 1.38893
7.66813 1.16964
7.66157 1.19919
7.70259 0.986868
7.69952 1.0082
7.57496 -0.313846
7.64052 -0.11181
7.47895 -0.542036
7.45515 -0.590753
6.4966 2.92267
6.48088 2.93317
5.62749 -1.9309
5.53984 -1.88955
5.51345 -1.87167
4.71018 0.386098
4.70968 0.391897
4.94318 2.48191
4.8864 2.31865
4.90913 2.3891
6.41221 2.97455
6.43275 2.96232
6.81127 2.68017
6.3178 -1.80601
6.31714 -1.80642
4.69079 0.919709
4.69071 0.913244
4.69785 1.1696
4.69775 1.16724
5.02137 -1.07109
5.02841 -1.09137
5.37657 -1.7499
5.33651 -1.70052
4.69415 0.656975
4.69432 0.652751
4.69187 1.04024
4.70017 1.20987
4.7053 1.29043
5.72335 -1.95525
4.81942 -0.352176
4.81074 -0.313139
5.46306 -1.83467
5.4223 -1.79613
4.7275 0.212571
4.72929 0.196126
4.69964 0.522363
6.97908 -1.27452
6.44688 -1.72723
6.41526 -1.74816
6.84433 -1.41136
6.82099 -1.43391
7.40956 -0.677758
7.39345 -0.708038
6.55951 2.88118
6.22024 -1.85521
6.2179 -1.85643
4.69967 0.521657
4.6916 1.03425
4.69065 0.906698
4.69035 0.789826
6.08884 3.11793
6.0475 3.13016
6.30132 3.03343
6.29923 3.0344
6.8184 2.67356
7.66515 -0.0156649
7.67501 0.0254063
4.72578 1.51083
4.72315 1.48798
4.76459 1.79796
4.75619 1.74466
6.11455 -1.90007
5.91349 -1.95447
5.83601 -1.96151
4.87824 2.29431
4.86512 2.25004
5.67138 3.16409
5.63296 3.15907
7.55748 1.54856
7.58167 1.48002
7.64622 -0.091947
4.95754 -0.881789
4.9649 -0.904618
5.48717 -1.85226
5.32437 -1.68557
4.99579 -0.998735
7.69346 0.119733
7.68914 0.0955399
5.41959 3.08707
5.27784 2.99069
5.17884 -1.44429
5.13413 -1.3521
4.71507 1.40991
4.70568 1.29551
4.77719 1.87443
4.76624 1.80884
4.90628 -0.704915
4.92224 -0.761194
6.98326 2.50709
6.95758 2.5347
7.18416 -1.03006
7.1956 -1.01478
6.24796 3.05843
6.22438 3.06788
6.73038 -1.51444
6.74319 -1.50326
7.28395 -0.885855
7.32697 -0.820242
7.36116 1.97746
7.38548 1.93308
7.1726 2.27347
7.19035 2.24922
7.64848 1.25263
7.63757 1.29541
7.73308 0.566435
7.72804 0.399328
7.6984 0.147815
5.22384 2.94099
5.49069 3.11919
5.62 3.15667
5.12508 2.82448
7.72678 0.382329
5.23798 -1.55513
5.27328 -1.61087
5.09897 -1.27022
4.71809 1.44029
4.7418 1.64469
4.73035 1.55215
4.75333 1.72521
4.80768 2.02198
4.87754 -0.601002
4.94779 -0.849032
4.85361 -0.502367
4.9877 -0.974137
4.73449 0.151579
4.74027 0.106579
5.0126 2.63522
5.0371 2.68408
5.02389 2.65962
4.82512 2.09906
4.81724 2.06525
7.42323 -0.652582
6.11234 3.11015
5.87289 3.16317
6.03606 3.13361
5.84176 3.16715
5.7881 3.17039
5.6919 3.16569
6.71478 -1.52808
6.53536 -1.66709
6.51418 -1.68288
6.90671 -1.35039
7.38025 -0.730759
7.73322 0.613698
7.47285 1.75599
7.51633 1.6553
4.84344 -0.458666
7.17939 -1.03665
6.92263 -1.33441
7.72871 0.746539
7.73154 0.687711
5.04325 -1.13214
4.76921 -0.0864566
4.78379 -0.171132
6.85939 2.63447
7.08708 2.38587
7.16711 -1.05283
7.09593 -1.14089
7.6831 1.10054
7.6874 1.07775
7.43607 1.83437
7.29135 2.09722
7.28113 2.11366
7.23878 2.17993
7.60143 1.41934
7.69462 1.03737
7.71173 0.921915
7.72295 0.822441
6.46769 2.94187
5.91732 -1.95406
5.92031 -1.95355
5.38874 -1.76412
5.8266 3.16858
6.31871 -1.80548
6.19605 -1.8658
5.2868 -1.6309
6.31831 3.02491
6.11957 -1.89837
5.03202 -1.1018
6.81649 -1.43824
7.72073 0.846291
7.05553 -1.18953
7.05117 -1.19466
6.35649 3.00528
7.7328 0.657201
