7.27376 1.50926
7.2787 1.49677
7.4542 0.667758
7.45678 0.595782
7.41473 1.03037
7.42307 0.988666
5.09542 -0.194344
5.09441 -0.189981
5.16309 -0.447066
5.17763 -0.494976
5.39633 -0.999917
5.34999 -0.919211
5.50688 -1.16123
5.52892 -1.18876
5.09773 1.79931
5.09719 1.79705
5.01284 1.34899
5.01346 1.35444
5.1607 1.99946
5.18484 2.06488
7.21092 1.64957
7.2125 1.64647
7.25579 -0.339502
7.22109 -0.412336
6.47029 -1.26353
6.50453 -1.24101
6.17047 2.65129
6.17995 2.64784
6.40177 2.55152
6.4173 2.54295
7.13087 -0.576012
7.11028 -0.610004
5.5531 2.57578
5.6457 2.62883
7.45163 0.74097
7.45264 0.728471
5.22943 -0.642507
5.20462 -0.573914
5.30629 -0.827277
5.34627 -0.911604
5.0497 1.58069
5.0353 1.49922
4.9971 1.18691
4.98958 1.07937
5.45963 2.50038
5.47234 2.51082
5.3346 2.35048
5.36298 2.39081
6.081 -1.4141
6.04561 -1.41618
6.27397 -1.36265
6.28658 -1.35691
5.8941 -1.41219
5.9013 -1.41302
5.23739 2.1819
5.20672 2.11526
6.88617 -0.907797
6.84522 -0.952954
6.69285 -1.10005
6.68234 -1.10932
5.71268 -1.3449
5.65371 -1.30447
7.28969 -0.260862
7.26941 -0.309755
7.35902 -0.0650043
7.38148 0.0134094
7.4166 0.167275
7.43193 0.255083
5.06156 -0.0310675
5.06857 -0.0665632
4.98225 0.871372
4.98287 0.908196
4.98436 0.674294
4.98327 0.71273
5.00062 0.403215
4.99649 0.451809
5.02806 0.163122
5.02433 0.188291
5.90946 2.68794
5.95957 2.68794
5.75347 2.66786
5.69531 2.64727
6.98039 -0.795371
6.94246 -0.843221
7.31067 1.41436
7.3307 1.35477
7.39607 1.12106
7.39186 1.14177
7.45523 0.49514
7.44914 0.401662
7.45543 0.501616
7.45596 0.521992
5.1345 -0.346818
5.11095 -0.258782
7.43055 0.934031
7.42468 0.978807
6.75497 2.2879
6.75506 2.28782
6.58101 2.43569
6.6005 2.42048
6.89507 2.13643
6.88219 2.15202
7.02873 1.96265
6.98904 2.01768
6.30585 2.59922
6.34728 2.58009
6.44036 2.52982
6.46868 2.51252
5.15315 -0.413215
4.98356 0.945676
4.98481 1.00031
4.98166 0.814505
7.36643 1.23842
7.38182 1.18063
7.33827 1.33189
7.33726 1.33488
5.10761 -0.245633
5.10894 -0.250903
5.17818 -0.496754
5.18054 -0.504466
6.83364 2.20705
6.82473 2.21658
7.04181 1.94334
7.08487 1.87624
7.29598 -0.24506
7.31458 -0.197067
7.30938 1.41827
5.00105 1.23764
4.99928 1.21616
7.44838 0.783542
7.4445 0.827249
5.00356 0.371623
5.0085 0.32122
4.9864 0.622061
4.98808 0.582312
7.16259 1.74193
7.15335 1.75919
5.0529 0.0156545
5.04457 0.0600513
4.98171 0.777919
7.08209 -0.654244
7.04592 -0.707391
7.2431 1.58115
7.30785 1.42272
7.45654 0.586037
7.45375 0.692589
7.42406 0.982252
7.41106 1.05168
5.08392 -0.142678
5.10087 -0.218672
5.34807 -0.915384
5.43839 -1.06947
5.57418 -1.23524
5.46558 -1.10633
5.07224 1.69096
5.09909 1.80434
6.66764 2.36661
6.68011 2.35565
5.39327 2.42784
5.45688 2.49784
6.17673 -1.39507
6.18285 -1.39309
5.80335 -1.38747
5.88607 -1.40996
5.19631 2.09245
5.14545 1.95426
6.71074 -1.08373
6.77116 -1.02779
7.22216 1.62657
7.18333 1.70295
7.21129 -0.431486
7.26814 -0.312635
7.39133 0.0521716
7.40959 0.131455
4.98228 0.740832
5.0097 0.310071
5.02367 0.193206
5.76299 2.67
5.85607 2.68539
6.56931 -1.19741
6.39153 -1.3079
6.97328 2.0384
6.93685 2.08565
6.06425 2.67649
6.02464 2.6809
6.14279 2.65819
6.27771 2.61242
7.01017 -0.756251
7.17002 -0.508148
7.23762 1.59342
7.24031 1.58739
5.65201 2.6319
5.53839 2.56513
7.45116 0.748925
5.264 -0.733674
5.19462 -0.545693
5.266 -0.738351
5.26774 -0.74225
5.44777 -1.08269
5.62137 -1.28026
5.03008 1.46853
5.06295 1.64625
5.12882 1.90406
5.01364 1.3556
5.2975 2.2922
5.98676 -1.4201
6.17562 -1.39529
6.37255 -1.31841
5.75492 -1.36585
5.27179 2.24999
5.28258 2.2687
6.80873 -0.991533
6.91497 -0.875477
6.60766 -1.16811
7.13622 1.78984
7.10006 1.85143
7.18818 -0.475512
7.29265 -0.253572
7.31918 -0.184399
7.34836 -0.0997848
7.43551 0.280507
5.07698 -0.109898
5.05632 -0.00325443
4.98526 0.647531
4.98933 0.558679
4.99491 0.472002
5.00209 0.386524
5.0431 0.0688651
7.44782 0.387148
7.38592 1.1636
7.39978 1.10585
7.4554 0.498812
7.36104 1.25694
7.40501 1.07847
7.43544 0.903697
6.75541 2.28747
6.51582 2.48203
6.81309 2.22886
6.85689 2.18153
7.03874 1.94811
6.495 2.49654
7.44169 0.854757
6.29143 2.60623
6.3859 2.56059
