7.72933 -0.314054
7.73472 -0.297297
6.16177 -2.12995
6.18762 -2.11587
5.01933 3.08738
5.02445 3.09349
5.02017 -1.59754
5.03181 -1.62742
4.75971 -0.787374
4.75581 -0.771458
5.12294 -1.82629
5.10677 -1.79252
4.63508 2.02332
4.63116 1.9998
4.61073 -0.0648776
4.60833 -0.0489239
7.57757 -0.671303
7.54014 -0.744095
6.3819 3.20808
6.34336 3.2281
7.5654 1.89559
7.59229 1.83833
4.68117 2.25548
4.67995 2.25051
7.33267 2.30495
7.30173 2.35071
7.72754 1.48861
7.72372 1.50056
7.77637 1.32174
7.77825 1.3146
7.76815 -0.191094
7.79602 -0.0878816
7.68434 -0.434537
7.67703 -0.452492
5.78376 -2.26441
5.83189 -2.25559
5.58106 -2.2626
5.59662 -2.26441
5.54718 3.41133
5.50256 3.40445
5.30226 3.33311
5.33403 3.34853
5.10649 3.18746
5.13293 3.21265
4.94485 2.97615
4.95652 2.99576
7.84444 0.153265
7.82409 0.0361027
7.87123 0.41251
7.86327 0.305952
4.9548 -1.42959
4.96177 -1.4483
4.56101 1.42311
4.55961 1.40764
4.59535 1.75862
4.60198 1.80808
4.78697 -0.887865
4.7621 -0.796875
5.40771 -2.1885
5.46212 -2.21959
5.29134 -2.0819
5.27592 -2.06361
5.18885 -1.94245
5.18717 -1.93947
5.92819 3.39054
6.02854 3.36336
6.06702 3.35129
6.15731 3.31739
5.667 3.42116
5.65569 3.42139
6.87498 2.84473
6.86783 2.85157
6.99376 -1.48891
6.96285 -1.52038
7.43388 -0.92823
7.44944 -0.903214
6.40059 -1.98722
6.39072 -1.99433
6.67979 -1.7802
6.59196 -1.84975
6.79613 -1.67979
6.78866 -1.68662
4.54105 0.913419
4.54043 0.883113
4.54537 1.13135
4.54658 1.16741
4.86953 -1.17303
4.87504 -1.19096
4.68768 -0.480386
4.6897 -0.489777
4.55704 0.438976
4.56353 0.345653
4.59367 0.0600709
4.59231 0.0706177
4.54699 0.616842
4.54527 0.655176
4.71803 2.40335
4.7089 2.36901
7.21154 -1.2411
7.17166 -1.29067
7.85334 0.919051
7.85769 0.885796
4.64675 -0.27171
4.63464 -0.205061
7.8756 0.553406
7.8747 0.633589
4.84207 -1.08204
4.83741 -1.06576
7.76475 -0.20291
7.72895 -0.315147
6.28644 -2.06012
6.08679 -2.16638
7.06815 -1.40858
7.1128 -1.35961
5.81187 3.41307
5.81367 3.41271
6.4747 3.15219
6.27011 3.26671
4.74997 2.51902
4.74234 2.4933
4.78876 2.63568
4.7785 2.60569
7.14272 2.55998
7.17608 2.51974
7.8265 1.09591
7.8232 1.11358
6.5062 -1.91353
6.49194 -1.92449
7.49486 2.03542
7.50149 2.02299
7.41636 2.17367
7.40819 2.18717
7.24489 2.4307
7.24834 2.42602
7.6896 -0.421171
6.71271 2.98399
6.70622 2.98941
6.58322 3.08087
6.54144 3.10893
4.5917 1.73205
4.58538 1.67974
4.56673 1.49625
4.56598 1.48726
5.51112 -2.2422
5.53188 -2.25009
4.79961 -0.933612
4.85306 2.79751
4.88243 2.86256
4.66538 2.18321
4.66802 2.19698
5.81022 3.41327
5.89 3.3983
6.03809 3.36093
6.19713 3.29929
6.04344 3.35948
6.48441 3.14646
5.70757 3.42065
6.86245 2.85627
6.94185 -1.54164
7.04471 -1.43451
6.29305 -2.05612
6.70037 -1.76275
6.69099 -1.77095
5.98426 -2.20956
5.96016 -2.21823
6.03012 -2.19088
6.0437 -2.18569
5.93366 -2.2277
5.9354 -2.22709
4.542 1.00631
4.54178 0.976918
4.54455 1.10392
4.90545 -1.28555
4.88897 -1.23471
4.554 0.482019
4.55559 0.459556
4.5649 0.329103
4.54821 0.589978
7.62336 1.76752
7.63482 1.74076
6.99563 2.72385
7.02711 2.69161
7.1238 -1.34679
7.11453 -1.35763
7.28126 -1.15125
7.25095 -1.19132
7.86606 0.802241
7.86537 0.809934
7.76642 -0.197181
5.88488 -2.24225
5.83677 -2.25429
4.54354 1.04042
4.54362 1.07546
4.91204 -1.30535
4.91817 -1.32323
6.69993 2.99449
6.59898 3.06993
4.66628 -0.376577
4.66043 -0.346351
4.55246 0.524758
4.54934 0.564602
4.64566 2.08146
4.65441 2.12712
4.675 2.2294
4.84199 2.77376
4.82956 2.74445
6.81214 2.89934
7.65134 1.69953
7.66829 1.65647
7.62228 -0.578272
7.61211 -0.600675
5.72647 -2.27048
5.73792 -2.27017
5.5724 -2.26102
5.54944 -2.25481
4.60518 1.83048
4.61103 1.87225
5.26307 -2.0484
5.25955 -2.04431
7.29909 -1.12726
6.28799 -2.05925
4.57198 1.55142
4.57715 1.60659
4.55451 1.33872
4.55313 1.31642
4.59331 1.74391
5.29557 -2.08689
5.32122 -2.11457
4.56621 0.314206
4.57087 0.263855
4.54036 0.819575
4.54039 0.81667
5.65149 -2.27186
5.40196 3.37627
5.46751 3.3958
5.05463 3.13075
5.01093 3.07644
7.86067 0.280234
7.84739 0.172419
5.05282 -1.67813
4.99618 -1.53818
5.08534 -1.74732
5.14639 -1.86822
4.62503 1.96486
4.64256 2.06346
7.51582 -0.788598
7.59581 -0.634619
7.54584 1.93627
7.611 1.79629
4.69407 2.30977
4.80556 2.68232
4.79933 2.66476
7.10461 2.60515
7.11893 2.58863
6.87796 -1.6044
6.89045 -1.59283
7.38501 -1.00493
7.39832 -0.984674
7.4565 2.10575
7.45481 2.10869
7.28929 2.36851
7.35649 2.26901
7.69919 1.57242
7.75233 1.40891
7.79651 1.2387
7.76203 1.37438
7.87361 0.656832
7.86967 0.745565
7.82308 0.0310901
7.79781 -0.080428
5.20369 3.27152
5.22459 3.28617
5.60405 3.41824
7.87264 0.437045
4.92998 -1.35708
4.96566 -1.4582
5.06999 -1.71536
4.71071 -0.583268
4.72298 -0.635658
5.37535 -2.16229
5.4861 -2.23308
5.18985 -1.9442
5.07459 -1.7249
4.62054 1.93615
7.48115 -0.849656
7.37853 -1.01461
7.35833 -1.04414
7.87559 0.524212
5.98588 -2.20904
4.6826 -0.457018
5.23756 -2.01348
4.69901 2.32905
4.72443 2.42824
7.86011 0.860385
7.84679 0.972579
4.62794 -0.166431
4.81614 -0.992427
4.85588 -1.12942
4.73833 2.47844
4.77242 2.58876
7.18058 2.51405
7.07825 2.63546
7.84592 0.978119
7.80143 1.21757
7.24372 2.43225
7.53201 1.96346
7.45683 2.10517
7.37505 2.24003
7.75345 1.40504
7.69297 1.5901
4.55725 1.3766
5.93688 -2.2265
4.80926 -0.967846
4.54041 0.88024
4.54759 1.20477
4.54971 1.25583
4.57973 0.178369
4.57654 0.207143
4.54346 0.691283
4.54149 0.750738
7.86646 0.798215
6.59677 3.0716
4.57815 1.61643
4.57798 1.61487
5.3545 -2.14549
5.33213 -2.12601
7.68588 1.60978
7.63299 -0.555271
4.98691 3.04221
4.61564 1.90273
5.26548 -2.05109
4.92793 2.94818
6.28845 -2.05899
5.83434 -2.255
4.60666 -0.0367278
7.33403 -1.07915
5.63112 3.42028
4.97597 3.02467
4.55199 1.2948
4.55051 1.27047
4.56512 1.47682
4.57185 0.252429
4.54099 0.785548
4.54139 0.75513
4.9178 2.93014
4.54147 0.947219
4.54716 1.19381
4.86636 -1.16331
4.59212 0.0720638
4.54374 0.684097
7.05915 2.65677
6.59782 3.07081
6.49269 3.1414
4.58457 1.67362
7.64636 -0.524992
