5.78891 2.1927
5.8164 2.20327
6.79955 -0.548336
6.76181 -0.592015
6.55323 -0.785406
6.59619 -0.751054
7.09297 1.23863
7.07952 1.28032
6.93603 1.59031
6.89177 1.66184
6.20182 2.22797
6.23573 2.21639
6.41733 2.1362
6.44179 2.1207
6.32472 -0.912762
6.39262 -0.88215
5.91441 2.23634
5.99213 2.24843
6.87112 -0.453175
6.90207 -0.408423
5.25457 0.955634
5.24961 0.838847
5.27669 1.18576
5.2674 1.10758
7.15166 1.02814
7.16302 0.972631
5.51178 -0.486594
5.54712 -0.553158
5.61331 -0.657743
5.56985 -0.594026
5.37364 1.62105
5.40531 1.71044
5.31471 1.40946
5.31173 1.39452
5.55065 1.9795
5.59559 2.03793
5.4508 1.81202
5.41594 1.7379
5.68486 2.12478
5.66718 2.10806
6.64376 1.96541
6.62623 1.98143
6.99829 1.4714
6.95284 1.56085
5.74914 -0.815146
5.74602 -0.812161
5.93298 -0.926739
5.95327 -0.932534
6.12246 -0.956518
6.11646 -0.95614
7.12557 0.0816136
7.09894 -0.00355434
7.03716 -0.159742
7.01341 -0.21126
5.40255 -0.223348
5.43057 -0.298726
5.36577 -0.0995391
5.35714 -0.0683564
5.31577 0.106246
5.30814 0.144621
5.24892 0.771974
5.24954 0.836737
5.27826 0.332574
5.26607 0.435087
5.25436 0.579183
5.24939 0.706421
7.19504 0.490407
7.19769 0.573775
7.16113 0.227341
7.17835 0.325904
7.12792 1.12396
7.12018 1.1538
7.07897 1.28185
7.04779 1.36259
7.17821 0.886334
7.14255 1.0688
6.59856 2.00521
6.69894 1.90893
6.75682 1.84477
6.46317 2.10626
6.49352 2.08721
6.80049 1.79138
6.80634 1.78385
5.38064 -0.150769
5.39351 -0.195048
7.18908 0.793964
7.19256 0.756664
5.24892 0.771227
5.24938 0.708683
5.78273 2.1892
5.88964 2.23127
6.70167 -0.656529
6.83494 -0.503121
6.67283 -0.685752
6.50214 -0.819696
5.26371 1.07188
5.2555 0.970411
5.48224 -0.427232
5.46821 -0.394617
5.34158 1.51693
5.35096 1.54816
5.49608 1.89876
5.5038 1.91192
6.77959 1.81838
6.7642 1.83636
6.86697 1.69909
6.94791 1.56998
5.67328 -0.736644
5.73234 -0.797993
5.84027 -0.882483
5.86413 -0.893886
6.21907 -0.944154
6.13187 -0.95551
7.08673 -0.0374855
7.05878 -0.109929
5.33826 0.00147294
5.34253 -0.0154341
5.26414 0.454643
5.25474 0.572604
7.18235 0.354627
7.19235 0.451114
6.12134 2.24347
6.30892 2.19093
6.43841 -0.859734
6.2533 -0.934352
6.09607 2.24778
6.08105 2.24796
5.69022 2.1293
6.68323 -0.675633
6.9372 -0.352802
6.96344 -0.308135
5.24954 0.836848
5.28576 1.24845
7.18312 0.85025
7.17978 0.87633
5.45671 -0.366182
5.46402 -0.384553
5.5596 -0.576224
5.65982 -0.721516
5.40972 1.72257
5.3237 1.44841
5.29368 1.29822
5.61225 2.0557
5.48788 1.88332
7.01828 1.42887
6.83174 1.74916
7.03332 1.39544
5.83559 -0.879323
6.02712 -0.95034
6.97558 -0.285536
7.13329 0.108447
7.15491 0.197915
5.39541 -0.201154
5.33132 0.0304335
5.37491 -0.131699
5.29639 0.212788
5.24892 0.771599
5.28366 0.293711
5.24939 0.706451
7.19777 0.6361
7.1964 0.683104
7.04534 1.36893
6.55427 2.04207
6.52702 2.0641
6.33374 2.17949
7.19525 0.715251
7.10952 1.19117
6.35895 2.16635
6.38877 2.15187
6.51207 2.07451
