6.24671 2.4964
6.18022 2.51963
6.98336 -0.6431
7.04578 -0.547562
7.37585 0.606287
7.37634 0.592817
5.13254 1.52716
5.13933 1.5586
6.59098 2.30112
6.59471 2.29805
6.28992 -1.22218
6.27825 -1.22592
6.60305 -1.04205
6.60078 -1.04393
7.11793 1.64932
7.13191 1.62182
5.72416 -1.17808
5.81117 -1.22632
7.16323 -0.337968
7.15725 -0.350522
7.32763 0.141089
7.3135 0.0792271
5.13114 0.0588149
5.131 0.0595142
5.06604 0.754372
5.06677 0.710755
5.10427 0.23371
5.09863 0.277442
5.78836 2.52704
5.76277 2.52008
5.96913 2.55183
5.99439 2.54965
6.39556 2.4302
6.34716 2.45437
6.98019 -0.647461
6.91072 -0.73619
7.21324 1.43861
7.18787 1.49963
5.07408 1.05706
5.07908 1.13046
5.24638 -0.401075
5.22614 -0.336523
5.31627 -0.594551
5.34823 -0.670835
5.3992 -0.775974
5.36452 -0.708082
5.49878 -0.943341
5.54165 -1.00386
5.62458 -1.09623
5.60041 -1.06966
5.18414 1.74349
5.20382 1.81052
6.09748 -1.26902
6.17587 -1.25531
5.25077 1.94126
5.22363 1.86855
5.33343 2.11985
5.37818 2.19804
5.44023 2.28284
5.38937 2.21388
5.58184 2.42334
5.56499 2.41079
6.7616 -0.901981
6.72305 -0.93976
7.02208 1.81398
7.06033 1.7517
5.9101 -1.25926
5.83038 -1.23341
7.26274 -0.0933443
7.2447 -0.144675
5.07838 0.479187
5.07318 0.554192
7.35933 0.326836
7.36538 0.380956
6.48627 -1.12284
6.3955 -1.17455
6.81861 2.08583
6.86048 2.03637
7.24624 1.35079
7.23103 1.39275
7.2763 1.25954
7.28362 1.23412
7.33331 1.02737
7.32595 1.06845
7.35678 0.882853
7.35211 0.921871
5.2777 -0.497281
5.25811 -0.437494
5.21962 -0.315307
5.18344 -0.181748
5.17146 -0.130435
5.06784 0.94904
5.06699 0.906207
6.70786 2.19926
6.72898 2.17907
7.31376 1.11802
7.32282 1.08279
6.92147 1.96062
6.90162 1.98633
6.80459 2.10194
7.36894 0.767965
7.36502 0.81571
5.18823 -0.201111
5.19824 -0.240618
5.14741 -0.0205897
5.15724 -0.0671142
6.79783 2.10936
6.78021 2.12819
6.34138 2.45728
6.29109 2.48012
5.07003 0.994915
5.18628 -0.193307
5.08661 1.22038
5.0958 1.30125
6.50485 2.36353
6.45926 2.39229
5.21562 -0.302027
5.20208 -0.254276
5.94423 2.55069
5.86533 2.54432
6.16271 2.52348
6.28738 2.48182
7.09246 -0.471222
6.9818 -0.645314
7.37455 0.521714
7.37444 0.682872
7.34261 0.97925
7.34002 0.995941
5.44536 -0.86166
5.4519 -0.873099
5.15672 1.63637
5.11443 1.43138
6.51185 2.35855
6.61179 2.28374
6.19293 -1.25235
6.29168 -1.22139
5.28836 2.03297
5.28753 2.03098
5.50597 2.35636
5.47033 2.31971
6.59973 -1.04477
6.68361 -0.974431
7.10249 1.67822
7.13418 1.61715
5.81642 -1.22894
5.70793 -1.16593
7.20309 -0.249654
7.13592 -0.39222
7.33961 0.199209
7.29911 0.0250265
5.13045 0.062396
5.14408 -0.00379976
5.06727 0.688358
5.06593 0.775927
5.11857 0.13461
5.08966 0.355505
5.67332 2.48167
6.07416 2.54269
5.66178 2.47597
6.8515 -0.807811
6.8367 -0.824217
6.812 -0.850217
7.10665 -0.446792
7.1777 1.52346
7.22246 1.41507
5.27951 -0.502474
5.27843 -0.499414
5.35586 -0.688728
5.43804 -0.848161
5.55725 -1.02223
5.63341 -1.10528
5.11177 1.41575
5.17556 1.71054
5.21602 1.84772
5.11112 1.41125
6.00358 -1.272
6.03994 -1.27076
6.38844 -1.17846
5.95555 -1.26627
5.28941 2.03526
5.38231 2.20426
6.50872 -1.10781
6.97212 1.89066
7.07788 1.72173
7.21004 -0.23349
7.2817 -0.0352465
7.21775 -0.214254
7.34905 0.255058
5.06859 0.64556
5.08352 0.417287
5.07048 0.604788
5.08656 0.384526
5.12192 0.113649
7.37241 0.462227
6.67117 2.23369
6.6779 2.22802
7.30415 1.16058
7.305 1.15749
7.37432 0.495823
7.37419 0.689657
7.25893 1.31256
7.30319 1.16459
7.32434 1.0755
7.34825 0.947781
6.94522 1.92882
6.96536 1.90076
6.74388 2.16441
6.6658 2.2383
6.88103 2.01231
7.37413 0.691262
7.3617 0.845841
5.27816 -0.498616
5.06569 0.862252
5.06535 0.820059
5.08266 1.1849
5.10997 1.40359
5.06539 0.797035
6.40805 2.42282
6.40204 2.4265
5.16393 -0.0975799
5.20136 -0.251881
5.0661 0.884857
6.45489 2.39499
