7.70678 -0.292949
7.73564 -0.203322
5.50572 3.35272
5.45443 3.33712
5.05998 3.06188
5.08713 3.09433
7.82055 0.175626
7.83554 0.295549
4.59639 1.49624
4.60212 1.55156
4.6637 2.00548
4.66281 2.00012
4.64359 -0.0850622
4.63583 -0.0333564
7.54312 -0.678177
7.52089 -0.721409
6.37711 3.16981
6.29467 3.21262
7.56009 1.84445
7.56161 1.84122
4.72244 2.28116
4.71466 2.24952
6.69144 2.95966
6.71067 2.94451
6.89438 -1.54652
6.8933 -1.54756
7.41538 -0.906433
7.41414 -0.908402
7.47692 2.01128
7.47141 2.02154
7.31516 2.28139
7.28147 2.33122
7.64039 1.65509
7.63879 1.65924
7.7476 1.32444
7.75601 1.2926
7.77286 -0.0662027
7.79437 0.0293744
7.65163 -0.441063
7.62947 -0.495484
5.78318 -2.20718
5.7937 -2.20525
5.30577 3.27558
5.38727 3.31512
5.11053 3.12113
5.17734 3.18478
4.96573 -1.3528
4.99493 -1.43126
5.07904 -1.63415
5.06712 -1.60927
6.55595 3.05772
6.57562 3.04467
4.62927 1.77968
4.6331 1.80822
6.11252 -2.10607
6.19011 -2.06845
5.50271 -2.16701
5.55623 -2.18785
4.81499 -0.872
4.79712 -0.806626
5.13455 -1.75208
5.15118 -1.78165
4.60534 0.2068
4.59985 0.258087
4.68606 2.12101
4.68749 2.12746
5.92285 3.34789
5.95366 3.33955
6.17609 3.26793
6.15237 3.27795
6.89831 2.77917
6.857 2.81873
6.67403 2.97301
6.39241 -1.9494
6.36131 -1.9683
6.79362 -1.63963
6.76038 -1.66849
6.9993 -1.44006
6.93631 -1.5042
7.30071 -1.07654
7.31514 -1.05688
7.84811 0.518713
7.84583 0.434105
4.56947 0.913386
4.5692 0.89979
4.57345 1.11501
4.5752 1.16738
4.89986 -1.15744
4.91173 -1.1961
4.71514 -0.464838
4.72524 -0.511584
5.27096 -1.97135
5.2344 -1.91904
4.59124 0.352753
4.58414 0.454691
4.57608 0.598977
4.57358 0.654716
4.74407 2.36801
4.75727 2.41762
7.1699 -1.24722
7.15281 -1.26846
7.8243 0.937299
7.83157 0.881794
4.67334 -0.256654
4.66765 -0.22532
7.84796 0.57579
7.84712 0.650926
7.74205 -0.181663
7.6969 -0.321541
6.0863 -2.11881
5.66943 -2.2083
5.6834 -2.21063
7.05629 -1.37779
7.08923 -1.34166
6.42997 3.13796
6.26527 3.22811
4.82142 2.61533
4.81774 2.60458
7.13204 2.52762
7.14572 2.51113
7.80329 1.07296
7.79205 1.13316
7.39832 2.1494
7.37639 2.18564
7.22675 2.40631
7.2689 2.34913
7.69864 1.49133
7.70252 1.4796
7.66758 -0.400553
7.60013 -0.561829
7.61562 -0.527282
6.592 3.03353
6.519 3.08253
4.62042 1.71534
4.61614 1.67988
4.59477 1.47993
4.59004 1.42324
5.71998 -2.20976
5.58859 -2.19728
5.49891 -2.16567
4.83864 -0.957564
4.91313 2.82995
4.91783 2.84035
6.00782 3.32576
6.03819 3.31753
6.1416 3.28163
6.1482 3.27942
6.46123 3.11953
5.71044 3.37355
5.73549 3.37175
5.64288 3.37157
5.65865 3.37292
6.82584 2.84588
6.32203 -1.9929
6.46819 -1.89768
6.89586 -1.54515
7.01912 -1.41891
5.9491 -2.16952
5.93486 -2.17465
5.99704 -2.15322
6.08162 -2.1209
4.57034 0.989815
4.57024 0.976885
4.57311 1.10388
4.85379 -1.01031
4.87067 -1.06488
4.5835 0.463904
4.58383 0.459096
4.59291 0.329686
4.61968 0.0861122
4.61628 0.112518
4.57651 0.589517
4.761 2.43008
4.7783 2.48637
6.96282 2.71454
7.01653 2.65953
7.2603 -1.13296
7.26291 -1.12963
7.83722 0.820365
7.83224 0.876247
5.88433 -2.18878
5.86872 -2.19269
4.57263 1.04038
4.57274 1.09234
4.95285 -1.31809
4.93506 -1.26629
4.59549 1.4874
4.76871 -0.69825
4.78753 -0.771627
5.37873 -2.08501
5.41071 -2.11151
4.58132 0.524288
4.5769 0.580582
4.87677 2.75193
4.84057 2.66655
5.77413 -2.20831
4.6393 1.85167
4.6422 1.8724
5.4561 -2.14131
5.41871 -2.1182
5.31462 -2.0219
5.29585 -2.00005
4.59311 0.327483
5.86684 3.35866
5.86072 3.35946
4.69276 -0.361587
4.69386 -0.366868
6.25742 -2.03119
6.21561 -2.05469
4.83847 2.66179
4.83597 2.65536
6.49159 -1.88187
6.56971 -1.8238
4.96863 2.93111
4.99445 2.97196
4.58481 1.35753
4.58125 1.30005
4.62431 1.74405
4.56889 0.836115
4.56926 0.798939
5.40524 3.32246
5.52878 3.35736
5.09574 3.10495
5.03197 3.02541
7.83625 0.303089
7.81851 0.161584
5.05098 -1.57318
5.02984 -1.52088
5.18778 -1.84694
5.16521 -1.80658
4.6535 1.94711
4.67392 2.06037
7.48029 -0.795687
7.57625 -0.611562
7.51451 1.93922
7.59649 1.76283
4.70488 2.20778
4.729 2.30878
6.85022 -1.58749
7.36567 -0.982145
7.41821 -0.901836
7.43822 2.08114
7.51303 1.94211
7.27183 2.34502
7.32439 2.26747
7.67042 1.57513
7.60536 1.74284
7.76833 1.24135
7.73048 1.3873
7.84388 0.720033
7.84198 0.76297
7.79926 0.0533928
7.76784 -0.086407
5.20745 3.20983
5.27301 3.25578
5.60704 3.36918
7.84544 0.426842
5.01845 -1.49103
4.96122 -1.34102
5.10759 -1.69603
4.73789 -0.567883
4.75892 -0.657715
5.20136 -1.87066
5.12275 -1.72747
4.65184 1.93647
4.69799 2.17831
4.67459 2.06379
7.46228 -0.827415
6.6921 -1.72784
6.66742 -1.74759
6.64493 -1.76568
7.3402 -1.02024
7.84844 0.541281
5.98536 -2.15802
7.60505 1.74356
7.60521 1.7432
5.28568 -1.98874
4.74087 2.35509
4.76009 2.42722
7.06653 2.60403
7.08814 2.57989
7.83201 0.878049
7.82116 0.962966
4.65481 -0.151224
4.68996 -0.347301
4.84309 -0.973405
4.78518 2.50759
4.80481 2.56857
7.16965 2.48092
7.10506 2.56013
7.81581 0.997046
7.77902 1.1954
7.20853 2.43056
7.5143 1.93963
7.42538 2.10366
7.35728 2.21612
7.72442 1.40777
7.67229 1.56965
4.58502 1.36044
5.89972 -2.18419
4.84124 -0.966785
4.56891 0.863646
4.57719 1.22192
4.57791 1.23941
4.91911 -1.21837
4.57136 0.707457
4.57052 0.732908
7.12758 -1.29805
7.84042 0.788447
4.61084 1.63672
4.60663 1.59819
5.41439 -2.11471
5.34496 -2.05534
5.81455 3.36612
5.79041 3.36824
4.65003 1.92409
5.49679 -2.16472
5.3434 -2.05397
4.60732 0.18824
5.88595 3.35539
5.01539 3.00336
5.34421 -2.05472
4.96492 2.92498
6.29397 -2.01041
4.63041 0.00617134
4.58098 1.29494
4.58063 1.28918
4.59938 0.263391
4.56952 0.785083
4.56971 0.771541
4.92348 2.85115
5.69194 3.37379
6.59148 -1.80808
7.24835 -1.14812
4.57011 0.963819
4.57542 1.17736
4.88915 -1.12464
4.57297 0.666143
7.02736 2.64775
6.48791 3.10324
4.61312 1.657
4.60342 1.56636
7.62532 -0.505297
4.58648 1.37968
