4.71187 -1.17394
4.72769 -1.23199
5.41864 -2.57464
5.37492 -2.56022
5.00494 -2.07826
4.99206 -2.04708
5.09517 -2.26286
5.10483 -2.28209
5.03312 3.44758
5.11393 3.51112
5.2406 -2.4683
5.22683 -2.4519
4.63174 -0.863285
4.65823 -0.971546
4.57079 -0.598858
4.53989 -0.44813
6.28683 3.4519
6.18059 3.50318
4.57337 2.50072
4.59394 2.5858
7.29607 2.58374
7.33686 2.52913
7.42159 -1.18232
7.46255 -1.12426
7.26811 -1.38425
7.30931 -1.3332
6.61315 -2.02941
6.63229 -2.01472
6.96007 -1.71964
7.0192 -1.66186
5.60245 -2.58506
5.64554 -2.57828
4.8141 -1.53346
4.79584 -1.47185
7.83311 -0.404857
7.83142 -0.409629
4.8295 3.19882
4.81502 3.17368
4.89244 3.29246
4.91601 3.32388
4.98118 3.39863
5.0155 3.43195
5.24501 3.58197
5.30854 3.60633
6.03065 -2.42691
6.03874 -2.42236
5.82432 -2.52366
5.74296 -2.55347
4.87106 -1.71568
4.86935 -1.71093
6.80107 3.10103
6.7781 3.12075
6.54962 3.29234
6.58674 3.26674
5.68378 3.64425
5.72206 3.63988
4.58302 -0.655558
4.60153 -0.735532
4.51628 2.21542
4.50758 2.16753
4.48004 1.9905
4.48121 1.99826
7.73649 -0.639597
7.74481 -0.620872
7.61729 -0.873329
7.63023 -0.850246
5.95315 3.58969
5.97538 3.58182
6.40422 3.38615
6.29452 3.44794
7.07664 2.84171
7.11178 2.80362
6.95077 2.96643
6.99724 2.92243
7.52219 -1.03229
7.47831 -1.10092
6.79367 -1.87592
6.82774 -1.84645
8.00174 0.576347
8.00162 0.520254
6.38441 -2.20249
6.41053 -2.18498
6.28376 -2.27271
6.25973 -2.2873
4.76125 -1.35493
4.76436 -1.36626
4.93405 -1.89844
4.95299 -1.94764
4.79385 3.13521
4.78132 3.10982
5.47917 3.64335
5.50307 3.64531
4.68398 2.88185
4.67144 2.84739
7.70977 1.88379
7.69259 1.92246
7.99346 0.776571
7.99513 0.75561
5.46293 -2.58463
5.3262 -2.53512
5.36952 -2.55741
5.29967 -2.51845
5.47421 -2.58574
5.46398 -2.58476
5.01059 -2.09007
5.03737 -2.14979
6.09417 -2.39138
6.08912 -2.39414
5.27714 -2.49804
5.18801 -2.40932
5.14883 -2.35331
4.40631 0.894789
4.40642 0.850077
4.4072 1.02127
4.40669 0.977077
4.42123 1.39319
4.41909 1.35832
4.42969 1.51343
4.42774 1.48662
4.50643 -0.271422
4.52876 -0.391006
4.42728 0.364075
4.42985 0.331301
4.41803 0.500274
4.42032 0.461757
4.48057 -0.110451
4.48206 -0.120411
4.44595 0.161837
4.45063 0.119016
5.91779 3.59967
5.83774 3.6195
6.14452 3.51792
6.29293 3.44885
4.56291 2.456
4.54823 2.38587
4.63365 2.73236
4.63278 2.72916
7.19285 2.7119
7.20466 2.69806
7.97511 0.949986
7.96446 1.02479
7.93249 1.20074
7.90992 1.30143
7.35756 -1.27013
7.31533 -1.32567
6.70532 -1.95304
6.5332 -2.09326
7.03945 -1.64074
6.92392 -1.756
7.49979 2.28593
7.4735 2.32863
7.57873 2.14827
7.55332 2.19414
7.41577 2.41676
7.45484 2.35807
7.86197 1.47597
7.87993 1.41516
7.80634 1.64348
7.82243 1.59819
5.68877 -2.56852
5.66356 -2.57424
5.55363 -2.58971
5.55475 -2.58961
7.91713 -0.12911
7.92181 -0.110935
7.87273 -0.286462
7.87734 -0.271417
7.86853 -0.300064
4.86443 3.25042
4.93987 3.3533
6.88048 3.03159
6.85229 3.05683
6.77273 3.12522
6.72407 3.16453
6.66723 3.2075
6.64164 3.22687
6.51466 3.31672
4.52803 2.28424
4.49235 2.07576
5.81368 3.6238
5.77959 3.63089
6.06733 3.5501
6.42631 3.37216
6.41466 3.37958
7.01883 2.90064
6.91663 2.99945
6.51698 -2.10498
6.87869 -1.79814
6.73045 -1.93237
7.11346 -1.56358
7.9998 0.666489
7.99928 0.677437
6.33201 -2.23922
4.75815 3.06454
4.67307 -1.02858
4.675 -1.03587
4.44896 1.73347
4.44988 1.74325
4.4363 1.5941
4.43797 1.61493
4.40995 0.678932
4.40856 0.722552
4.41523 0.551908
4.4133 0.592173
7.77238 1.73496
7.73576 1.82483
7.68229 1.94437
7.64579 2.02044
4.7149 2.96562
4.71829 2.97401
7.16903 -1.50083
7.20663 -1.45763
4.62268 -0.825027
4.41148 1.18936
4.41292 1.23107
4.40795 1.06031
4.40889 1.10407
6.18648 -2.33577
4.83709 3.21053
4.49927 -0.230689
4.50055 -0.238554
7.11661 -1.56006
7.16103 -1.51004
7.11484 -1.56204
4.95719 -1.95942
4.97925 -2.01543
7.9999 0.663709
5.96895 -2.45932
5.93793 -2.47436
7.99797 0.407449
7.99058 0.300778
4.46414 1.87105
4.46413 1.871
7.97067 0.136669
7.95628 0.0485571
4.49007 2.0619
4.95678 3.37177
7.98789 0.843765
7.9904 0.815291
4.73645 -1.26451
4.69549 -1.11282
4.84132 -1.62217
4.83259 -1.59289
4.98072 -2.01958
5.00712 -2.08287
5.13021 -2.32548
5.06972 -2.21624
5.12556 3.51871
5.40271 3.63171
5.40506 3.63238
5.91452 -2.48459
5.85177 -2.51355
7.98193 0.222888
7.97608 0.172189
4.41668 1.29457
4.41732 1.33288
4.4065 0.958175
4.40632 0.913577
4.40829 0.786575
4.40636 0.831258
4.42523 1.45344
4.42317 1.42247
4.42227 0.432414
4.42472 0.396535
5.5558 3.64862
5.60595 3.64841
4.48818 2.05016
4.4615 0.0267774
4.46511 -0.00139548
7.68041 -0.75576
7.68725 -0.742359
4.56987 2.48659
4.61083 2.64895
4.64857 2.78017
4.63782 2.74642
7.15457 2.75654
7.1704 2.73844
7.95588 1.07742
7.94059 1.16097
7.26904 2.61828
7.36006 2.49738
7.47309 -1.10872
7.39936 -1.2135
7.31428 -1.32698
7.25986 -1.3946
7.53978 2.2178
7.50567 2.27618
7.83539 1.55961
7.85226 1.50774
5.64664 -2.57797
5.60029 -2.58556
4.78737 -1.44441
4.8659 -1.70078
5.21155 3.56729
5.171 3.54629
5.40731 3.63276
6.06958 -2.40508
5.98834 -2.4491
5.72909 -2.55701
7.98826 0.277747
7.93649 -0.0493097
7.94285 -0.0191634
7.93185 -0.0707354
4.90063 -1.80241
4.92019 -1.85794
4.47247 1.93463
7.69324 -0.73037
7.78637 -0.524671
7.57017 -0.954543
7.36931 -1.255
7.54918 -0.989526
8.00004 0.659206
8.00127 0.485298
4.76028 -1.3513
5.69054 -2.56825
4.6588 -0.973834
4.6605 -0.980697
4.44224 1.66354
4.44358 1.67909
4.41232 0.61526
4.41066 0.657367
4.65623 2.80212
4.69256 2.90646
4.40947 1.1247
4.4107 1.16757
4.5024 -0.249367
4.68753 -1.0832
5.5088 -2.58927
5.04987 -2.17423
5.14404 -2.34704
5.20156 -2.42452
4.40734 1.04058
4.43261 1.55078
4.43285 0.295399
4.41627 0.526974
4.49102 -0.178942
4.43786 0.240401
4.61988 2.68384
4.54237 2.3565
7.23076 2.66612
7.14585 2.76647
7.98241 0.892327
7.90531 1.32031
7.40017 2.43977
7.21991 -1.44182
7.61661 2.07731
7.59845 2.11198
7.45853 2.35235
7.88613 1.39255
7.79055 1.68662
5.55586 -2.58944
7.90674 -0.169185
6.7215 3.16663
4.46403 1.87024
4.45675 1.81082
6.0857 -2.39594
4.65856 -0.972852
4.45603 1.80362
4.40786 0.742763
4.71395 2.96296
4.65139 2.7883
4.53397 2.31432
7.77534 1.72754
7.72773 1.84345
7.63625 2.03944
4.74157 3.0274
4.41364 1.25411
5.65566 3.64598
7.99955 0.434545
5.76612 3.63296
6.69578 3.1861
5.54195 -2.58959
6.82373 3.08205
4.92761 -1.87965
5.37282 -2.55926
7.81717 -0.446411
7.79021 -0.51536
6.61842 3.24436
4.45641 1.80738
7.90186 -0.186961
