7.63439 -0.225176
7.63496 -0.223409
7.55419 -0.438703
7.54399 -0.462539
5.31755 3.08234
5.32871 3.0898
7.74005 0.250988
7.7412 0.260159
4.67034 1.14892
4.66606 1.0611
5.14262 -1.45858
5.1052 -1.37458
5.04495 -1.22967
5.03273 -1.19671
4.74056 1.83316
4.74726 1.87288
6.05562 -1.96545
6.0098 -1.98228
5.379 -1.82635
5.35028 -1.79229
4.66886 0.633887
4.67266 0.539654
7.07298 -1.21177
7.10412 -1.17545
6.6551 2.84955
6.70375 2.81124
7.35163 -0.831325
7.32853 -0.868239
7.7583 0.485025
7.75845 0.489027
7.69707 0.00474971
7.6983 0.0102087
5.51627 3.17968
5.57745 3.19579
5.12434 2.89463
5.15767 2.93506
5.1458 -1.4648
5.18825 -1.54701
4.67741 1.28352
4.6781 1.29538
4.70733 1.60217
4.7091 1.61618
5.84539 -2.01142
5.81077 -2.0158
5.62104 -1.98983
5.54454 -1.95567
4.90643 -0.813502
4.89866 -0.786856
4.85297 -0.618651
4.84444 -0.584739
4.66448 0.761439
4.664 0.783546
4.92239 2.52441
4.94959 2.59206
5.0372 2.76544
5.04453 2.77668
4.89321 2.44654
4.87897 2.40803
7.43525 -0.687217
7.48151 -0.59742
6.38328 3.02896
6.4108 3.01418
5.91713 3.20166
5.93182 3.19898
6.60086 2.89117
6.77922 2.74755
6.73913 2.78286
6.60903 -1.65346
6.66372 -1.60957
6.51525 -1.72272
6.52169 -1.71811
7.25153 -0.981932
7.29017 -0.926625
5.30712 -1.7402
5.28171 -1.7026
6.96099 -1.33607
6.93205 -1.36584
4.80403 2.14455
4.82206 2.21518
7.75537 0.723823
7.75798 0.666648
4.72979 -0.0124918
4.72528 0.0172827
7.66787 -0.112218
7.62745 -0.245257
7.52889 -0.496891
7.59311 -0.342248
5.95651 -1.99394
6.11226 -1.94669
5.71456 -2.0114
5.71351 -2.01118
7.06885 2.45193
7.04774 2.47667
7.10953 -1.16892
7.15189 -1.11621
7.01704 -1.27597
7.04117 -1.24933
6.24894 3.0978
6.27017 3.08715
7.41698 1.93063
7.43112 1.90303
7.33886 2.0694
7.36969 2.01665
7.25587 2.2016
7.26979 2.18051
7.14534 2.35588
7.16291 2.33315
7.65376 1.33327
7.63172 1.40957
7.69452 1.16716
7.68276 1.22015
7.74643 0.844059
7.75202 0.779766
7.59629 -0.333816
6.53771 2.93433
6.50209 2.95813
4.68783 1.42577
4.68765 1.42369
5.90927 -2.00552
5.71522 -2.01141
5.53053 -1.94906
5.4582 -1.90007
4.91234 2.50126
6.19054 3.12257
6.19271 3.1217
6.3216 3.06202
6.45184 2.99
6.41677 3.01089
6.82137 2.71078
6.35231 -1.82705
6.31203 -1.8514
6.91413 -1.3843
4.66446 0.935035
4.66417 0.913275
4.67171 1.18482
4.67098 1.16727
4.97858 -1.04448
4.99993 -1.10601
5.23796 -1.63669
5.26856 -1.68259
5.33311 -1.77224
4.6836 0.382254
4.68206 0.403365
4.66712 0.673574
4.66795 0.65318
6.87674 2.65882
6.91892 2.61698
7.72632 0.998884
7.72368 1.01727
6.14765 -1.93045
4.66602 1.04027
4.69026 1.45076
4.70123 0.197344
4.70131 0.196581
4.67399 0.52278
7.00444 -1.28998
7.45709 1.85105
7.49961 1.76044
5.77195 3.21485
5.78992 3.2139
6.42423 -1.7837
6.41017 -1.79302
6.84662 -1.44953
7.42855 -0.700143
7.42802 -0.70114
7.56868 1.59399
7.53905 1.66863
6.57002 2.91303
4.6788 1.30586
4.68272 1.35954
6.28462 -1.8652
6.21264 -1.90268
4.93784 -0.919555
4.92956 -0.89209
4.95183 -0.965446
4.67455 0.5071
4.69407 0.265475
4.66505 1.01886
4.66399 0.891243
4.66377 0.806149
6.08631 3.15952
6.06486 3.16586
6.85145 2.68294
4.78176 -0.311195
4.79155 -0.357898
4.69461 1.49148
4.6942 1.48785
4.73208 1.77777
4.72684 1.74452
4.77127 -0.255636
4.77824 -0.293193
4.77087 2.00123
4.77489 2.02072
5.66855 3.21048
5.63711 3.20637
7.60226 1.50039
7.60222 1.50053
5.45339 -1.89652
4.96786 -1.01416
7.72173 0.125373
7.72165 0.124928
5.41635 3.14022
5.23611 3.01687
7.75272 0.381293
7.72291 0.133231
5.14433 -1.46203
5.08222 -1.31981
4.75012 1.89018
4.73677 1.8087
4.87932 -0.719803
4.88367 -0.735166
4.84364 2.29412
4.84671 2.30543
6.75731 -1.53085
6.79634 -1.49678
7.30258 -0.907812
7.36161 -0.815151
7.37858 2.0009
7.41496 1.9345
7.2127 2.26546
7.21497 2.2622
7.57237 1.58435
7.67543 1.25009
7.65857 1.31618
7.75901 0.576161
7.75701 0.457225
7.71991 0.11631
7.66955 -0.106017
7.72182 0.125888
5.22011 3.00215
5.4401 3.15094
5.61712 3.20395
5.08958 2.84675
7.75354 0.392366
5.23025 -1.62275
5.06781 -1.28624
5.23456 -1.63077
4.71466 1.66049
4.70132 1.55201
4.72106 1.70517
4.77043 1.99885
4.87147 -0.691482
4.9164 -0.847895
4.82798 -0.51688
4.70833 0.136414
4.70975 0.125325
4.95567 2.60449
5.03189 2.75649
4.99079 2.68039
4.79674 2.11675
4.78465 2.06492
7.48813 -0.584172
7.429 -0.699315
6.12942 3.14526
6.03351 3.17533
5.93787 3.19755
5.86197 3.20869
5.72981 3.21494
5.71547 3.21415
6.70974 -1.57244
6.56548 -1.68546
6.50914 -1.72729
7.21145 -1.03917
7.19982 -1.05529
7.39839 -0.752139
7.75907 0.59745
7.50284 1.75317
7.53633 1.67508
4.80959 -0.437893
6.97777 2.55589
6.98314 2.5501
7.75876 0.629855
7.75382 0.75596
4.74363 -0.100937
4.7524 -0.15187
6.99016 2.54217
7.11023 2.40081
7.17962 -1.08133
7.10762 -1.17123
7.70439 1.1216
7.71609 1.05972
7.4537 1.8581
7.32142 2.09866
7.298 2.13635
7.20523 2.27594
7.62952 1.41669
7.73635 0.931149
7.73283 0.956131
7.73891 0.90957
6.47219 2.97782
4.85832 2.34453
5.40145 -1.84768
4.69999 0.208532
5.82393 3.2123
6.4074 -1.79466
6.18534 -1.9144
4.69471 0.258608
5.01088 -1.13766
4.68746 1.42127
6.81136 -1.48346
4.69442 0.261844
6.36106 3.04173
7.50898 -0.540689
6.47537 2.97575
4.86665 2.37009
