7.66077 -0.249874
7.67165 -0.216089
5.51231 3.24463
5.50376 3.24203
7.76939 0.223525
7.77557 0.273056
4.63437 1.12807
4.63207 1.08089
5.07459 -1.42051
5.06364 -1.39594
5.01834 -1.28009
4.99467 -1.21627
4.66308 1.53765
4.66455 1.55184
4.705 1.85386
4.70818 1.8727
5.65288 -2.07366
5.6092 -2.06557
4.63509 0.614314
4.63723 0.561417
7.10422 -1.23081
7.12241 -1.20959
4.70421 -0.0832509
4.69195 -0.00158424
6.66834 2.88967
6.75094 2.82463
6.48259 -1.79814
6.40355 -1.85132
6.83665 -1.51134
6.80471 -1.54202
7.37486 -0.858696
7.33662 -0.919797
7.43895 1.9602
7.40771 2.01848
7.68889 1.32997
7.7106 1.24769
7.72469 -0.0211067
7.73331 0.017193
7.58486 -0.454383
7.58102 -0.463824
5.31318 3.15409
5.27212 3.12531
5.14468 -1.57608
5.14212 -1.57073
4.64052 1.26061
4.64256 1.29522
5.90963 -2.07038
5.98707 -2.05139
5.79977 -2.0861
5.81749 -2.08386
4.8196 -0.637544
4.79934 -0.557062
4.63016 0.741541
4.62923 0.784112
4.92299 2.64895
4.9085 2.61785
6.20576 -1.96329
6.23994 -1.94504
4.74778 2.08254
4.75788 2.12818
7.47135 -0.692496
7.48902 -0.658192
6.14173 3.19301
6.18093 3.17645
6.4129 3.06337
6.42268 3.05812
5.91413 3.25532
5.95555 3.24777
6.59059 2.94934
6.82411 2.76029
6.7525 2.82338
6.65996 -1.66547
6.70117 -1.6324
6.55389 -1.74627
6.60244 -1.71149
7.27528 -1.00993
7.30458 -0.968008
7.79122 0.497373
7.79046 0.468912
4.77119 -0.433107
4.78287 -0.487204
5.22996 -1.7292
5.24196 -1.74694
6.96422 -1.38545
7.023 -1.32499
4.77326 2.19524
4.78435 2.23869
6.9791 2.60786
6.95987 2.6286
7.79072 0.678929
7.78978 0.699477
7.69491 -0.137525
7.63149 -0.334591
6.01053 -2.04352
6.10232 -2.01024
5.56906 -2.04934
5.59351 -2.05999
5.70318 -2.08414
7.03207 -1.31496
7.03684 -1.30972
6.25497 3.1459
6.33254 3.10698
7.36146 2.09981
7.36366 2.09604
7.27775 2.23105
7.30984 2.18244
7.18975 2.35651
7.19772 2.34571
7.63739 1.49709
7.65779 1.43536
7.72927 1.16389
7.71205 1.24147
7.77881 0.851786
7.77844 0.856067
7.62263 -0.358472
6.58222 2.95551
6.53283 2.98912
6.53001 2.991
4.67905 1.68122
4.67892 1.68017
4.65391 1.44551
4.65208 1.42353
5.99956 -2.04774
5.79644 -2.08595
5.8987 -2.07309
5.51828 -2.02736
4.86371 -0.807184
4.85645 -0.780305
5.46441 -1.99294
5.41482 -1.95373
5.42633 -1.96448
6.0624 3.22052
6.08967 3.21142
6.22464 3.15879
6.35208 3.09743
6.83467 2.75108
6.39774 -1.85474
6.39006 -1.85938
6.90734 -1.44402
4.62979 0.955212
4.62924 0.913316
4.6373 1.20484
4.63575 1.16731
4.92496 -1.01113
4.93186 -1.03343
4.94878 -1.08591
4.96243 -1.12528
5.26946 -1.78797
4.65055 0.363097
4.64601 0.425507
4.67565 0.1178
4.67167 0.148714
4.63154 0.695426
4.63323 0.653745
4.81178 2.33676
4.82005 2.36585
7.05231 2.52738
7.08177 2.49298
7.17423 -1.14561
7.1992 -1.11369
7.76272 0.976004
7.75509 1.02905
6.19051 -1.96979
6.11077 -2.00638
4.63199 1.04031
4.67055 1.60804
4.67218 1.62263
4.65802 1.48768
4.64022 0.52333
4.98015 2.76959
4.99292 2.79323
7.49522 1.84746
7.52195 1.7905
5.76843 3.27259
5.81721 3.27001
6.88036 -1.4701
7.58232 1.64937
7.57606 1.66514
4.64458 1.32578
4.64704 1.35937
4.90293 -0.938837
4.8784 -0.857561
5.33969 -1.87776
5.35666 -1.89796
5.20831 -1.69229
5.20089 -1.67897
4.64149 0.487935
4.65728 0.288072
4.66841 0.178316
4.66401 0.218679
4.6301 0.998596
4.6289 0.870897
4.62878 0.827638
5.87265 3.26336
5.82896 3.26905
6.84844 2.73833
4.74933 -0.329559
4.76648 -0.411435
5.10227 2.95817
5.11913 2.98012
4.68929 1.7512
4.68821 1.74435
4.71349 -0.139778
4.7373 -0.268066
5.27782 -1.80066
5.29405 -1.82378
4.73979 2.04223
4.73125 2.00083
5.66485 3.27126
5.67952 3.27181
6.50263 -1.7846
6.50388 -1.78367
4.68038 1.69103
5.41222 3.20789
5.52935 3.24806
5.1838 3.0497
5.16246 3.02715
7.78316 0.352794
7.75701 0.138516
5.04718 -1.35669
5.10201 -1.48378
4.71449 1.91092
4.69797 1.80852
4.79046 2.26102
4.80285 2.30668
6.79275 -1.55246
6.8608 -1.48892
7.32621 -0.935645
7.40571 -0.808668
7.40083 2.03083
7.45145 1.93625
7.23425 2.29445
7.25541 2.26415
7.60856 1.58095
7.71082 1.24676
7.68542 1.34273
7.75006 0.0994473
7.70537 -0.0988709
5.21539 3.07963
5.37687 3.19062
5.61338 3.26533
5.08378 2.93243
5.04286 2.87607
7.78703 0.40493
5.02805 -1.30667
5.14039 -1.56687
5.18721 -1.65511
4.72573 1.9711
4.87507 -0.846399
4.79423 -0.535986
4.83687 -0.705558
4.88955 2.56878
4.87225 2.52642
5.02526 2.8487
4.94835 2.70702
4.76022 2.13952
4.74417 2.0645
7.43607 -0.756542
7.5302 -0.57578
6.03016 3.23025
6.00897 3.23518
5.88733 3.26085
6.60492 -1.7095
6.70311 -1.63083
6.50518 -1.78273
7.25978 -1.03207
7.22316 -1.0828
7.42228 -0.780285
7.79239 0.57651
7.54009 1.74967
7.56143 1.69991
4.83423 2.41318
4.8377 2.42502
6.94726 2.64163
7.02234 2.56122
7.79143 0.645109
7.78597 0.76802
7.77084 0.916494
7.76776 0.942933
4.70996 -0.12
4.71108 -0.126512
7.14071 2.42047
7.11156 2.45649
7.15978 -1.16395
7.73243 1.14933
7.75385 1.03599
7.47579 1.88782
7.36101 2.10057
7.3202 2.16622
7.16604 2.38805
7.66449 1.4134
7.62778 1.52563
7.77797 0.860173
6.47808 3.02481
6.46633 3.03184
4.84982 2.46274
6.89357 2.69489
4.66562 1.56386
4.67875 1.6789
5.82042 3.26986
5.74392 3.27265
6.27165 -1.9278
6.30534 -1.91029
5.36607 -1.90902
5.31003 -1.8428
5.22473 -1.72124
4.66181 0.239538
5.65696 3.27063
5.71655 3.27329
4.98305 -1.18487
4.65 1.39801
7.05135 -1.29323
4.67888 0.093725
7.61657 1.55844
4.65979 0.262408
4.85962 2.49051
6.36707 3.08972
4.93566 -1.04573
5.3922 -1.93399
7.55895 -0.513119
7.53524 -0.56527
6.52974 2.99118
4.84527 -0.738935
5.44083 -1.97677
