6.40981 2.23775
6.37632 2.25523
5.78196 2.30676
5.77963 2.30586
7.15906 1.24107
7.16065 1.23612
5.19358 0.993289
5.19871 1.06837
5.44383 -0.524117
5.41835 -0.466246
5.5377 -0.699492
5.56011 -0.73563
5.4744 2.02877
5.45265 1.99222
5.92518 -1.04011
5.86068 -1.01273
6.11513 -1.06301
6.14901 -1.05862
7.11798 -0.135952
7.14929 -0.0523028
5.19468 0.54527
5.19968 0.476081
7.25258 0.433113
7.24299 0.34493
6.73905 1.97318
6.74547 1.96651
5.98387 2.35279
6.05344 2.35042
6.14163 2.33921
6.19439 2.32836
6.77305 -0.689024
6.81372 -0.642271
6.53125 -0.90215
6.46487 -0.943303
6.6641 -0.797347
6.65392 -0.806954
6.98809 -0.397712
6.95172 -0.45649
7.22967 0.95047
7.22551 0.974934
7.25286 0.760451
7.25821 0.691303
5.38209 -0.378797
5.36192 -0.32046
5.25286 1.44943
5.23296 1.34955
5.30773 1.66364
5.30471 1.65301
5.21414 1.22478
5.22481 1.3003
5.38143 1.85684
5.40243 1.90261
5.59818 2.18079
5.5849 2.16822
6.81326 1.88499
6.83514 1.85806
7.04426 1.52508
7.03961 1.53424
6.88432 1.7937
6.93672 1.71433
5.65455 -0.857563
5.67716 -0.879203
5.7406 -0.939167
5.82496 -0.996224
6.30962 -1.01989
6.23481 -1.04225
7.06258 -0.262947
7.06398 -0.260219
7.196 0.102343
7.21382 0.175739
5.3017 -0.12472
5.30342 -0.131255
5.24247 0.140743
5.25607 0.072326
5.18741 0.809953
5.18768 0.8382
5.21854 0.298644
5.23347 0.194185
7.25918 0.659557
7.25999 0.588529
7.12543 1.33609
7.13241 1.31649
7.20278 1.08319
7.18384 1.15615
7.21566 1.02789
7.20597 1.07113
7.22335 0.987955
7.24005 0.878551
5.28758 -0.0679241
6.58257 2.11842
6.60587 2.1
6.75303 1.95784
6.74795 1.96376
6.65812 2.05226
6.62176 2.08561
5.38367 -0.383284
5.38593 -0.38955
6.8458 1.84429
6.87616 1.8052
5.31893 -0.185833
5.32148 -0.1946
6.35555 2.26592
6.32085 2.28205
7.24571 0.838395
5.27904 -0.0321723
5.2727 -0.00459894
5.18758 0.736371
5.18778 0.707893
6.51934 2.16782
6.49774 2.18217
5.7536 2.29113
5.88082 2.33875
6.8654 -0.57889
6.88601 -0.552566
6.64921 -0.811184
6.56297 -0.87859
5.20187 1.11006
5.19024 0.933157
5.47174 -0.583753
5.40301 -0.430618
5.59292 -0.780183
5.50982 -0.651771
5.27847 1.55771
5.26422 1.49865
5.42483 1.9448
5.49201 2.05556
5.67609 2.24645
5.65721 2.23059
6.99229 1.6218
6.96464 1.66914
5.83214 -1.00063
5.94956 -1.046
6.21184 -1.04913
6.09569 -1.06238
7.10897 -0.158527
7.16153 -0.0154673
5.26307 0.0381922
5.19078 0.612096
5.20469 0.420864
7.23671 0.300504
7.2555 0.469702
5.92799 2.34627
6.0885 2.34909
6.21579 2.32108
6.30151 2.29096
6.41741 -0.971179
6.3477 -1.00304
5.68035 2.24963
6.73634 -0.727054
6.90435 -0.527253
7.01269 -0.355822
7.0912 1.42247
7.0962 1.41042
5.18825 0.87469
5.21188 1.20627
5.35387 -0.296777
5.38306 -0.381622
5.48882 -0.61531
5.65073 -0.853608
5.34378 1.76517
5.31404 1.68328
5.23093 1.33876
5.53231 2.10735
5.36476 1.81684
7.05909 1.49355
6.87781 1.80295
5.7314 -0.931042
6.01957 -1.06
7.06436 -0.259403
7.18443 0.0589292
7.22231 0.217754
5.33428 -0.235889
5.23595 0.178442
5.18735 0.773056
5.21375 0.336876
5.18866 0.671941
7.25987 0.574278
6.54206 2.15038
6.56269 2.13455
7.25842 0.68539
7.10114 1.39852
7.1573 1.24695
7.17543 1.18565
5.30887 -0.152341
5.30437 -0.13533
7.24805 0.816796
6.44823 2.21359
6.4821 2.1924
