5.53835 2.81769
5.44149 2.75697
6.73968 2.49434
6.72916 2.5035
4.85888 0.780374
4.85757 0.817634
6.91604 -1.07914
6.96391 -1.0253
7.16984 1.97813
7.19076 1.94456
6.32032 2.77974
6.31886 2.78054
7.53684 0.154758
7.54465 0.200534
7.36147 1.61167
7.33264 1.67663
7.42882 1.43761
7.40319 1.50756
5.51754 -1.47478
5.45682 -1.40897
4.86682 1.13811
4.87002 1.19456
4.88975 1.41538
4.89159 1.43234
5.6833 -1.59182
5.59781 -1.54103
5.04513 -0.529245
5.05114 -0.550792
5.10198 -0.712884
5.12174 -0.769885
5.2495 -1.081
5.25842 -1.098
5.17097 -0.902001
5.15618 -0.865686
5.34299 -1.25173
5.32865 -1.22917
4.97073 1.88137
4.98807 1.95117
4.92551 1.66093
4.93359 1.70366
4.90701 0.1215
4.90505 0.135891
4.87718 0.389172
4.87444 0.415725
4.8603 0.685442
4.86131 0.650033
4.85811 0.873682
4.8589 0.947334
5.28938 2.6072
5.34295 2.66938
5.18093 2.4469
5.15863 2.40688
5.09592 2.27189
5.11711 2.31901
6.05619 -1.63261
5.98537 -1.64131
6.25007 -1.5731
6.22588 -1.58162
5.8679 -1.64296
5.91768 -1.64452
5.02804 2.08517
5.00337 2.00546
6.82005 -1.17758
6.87517 -1.12345
7.28028 1.78518
7.27528 1.79479
7.29013 -0.551812
7.2853 -0.560956
6.15733 2.84473
6.09879 2.86078
5.99328 2.88366
5.94724 2.89014
5.67248 2.86908
5.74028 2.88415
6.44658 -1.47238
6.44245 -1.4747
6.64542 -1.33298
6.64967 -1.32948
7.56966 0.414257
7.56809 0.391052
6.60951 2.60058
6.57012 2.63073
7.55684 0.890226
7.55413 0.913261
7.5761 0.596288
7.5762 0.600183
4.99405 -0.337647
4.988 -0.31168
4.94477 -0.103478
4.95442 -0.153133
7.06735 -0.896879
7.09307 -0.86405
7.20818 -0.694241
7.15397 -0.77956
7.48685 1.25267
7.48661 1.25353
7.53469 1.03479
7.53022 1.06161
6.91576 2.31792
6.87291 2.36386
7.10928 2.07075
7.09776 2.08783
6.96191 2.26403
6.99462 2.22456
6.48028 2.69152
6.48043 2.69144
7.46115 -0.147596
7.44655 -0.193629
7.42705 -0.247531
7.4419 -0.206682
7.38528 -0.352729
7.39642 -0.326246
7.39626 1.52594
7.43401 1.42287
4.8626 1.07371
4.87606 1.27537
4.88485 0.303786
4.88062 0.346672
4.87348 0.427285
4.86907 0.484277
4.86466 0.556259
4.86484 0.552362
4.85937 0.715216
4.86013 1.00494
6.5239 2.66154
6.56636 2.63354
7.51678 1.1255
7.52168 1.10444
7.56512 0.814963
7.56991 0.758533
4.98533 -0.299949
5.01348 -0.413645
7.234 1.87083
7.24061 1.85915
7.36963 1.59216
7.45958 1.34717
7.43865 1.40964
4.86212 1.04004
7.50978 0.0229166
7.48186 -0.0823817
5.02373 -0.451828
6.42601 2.72362
6.42747 2.72274
6.47574 2.69422
4.8778 1.2963
4.85845 0.743793
7.52306 0.0857357
7.51242 0.0333091
5.4398 2.75575
5.5469 2.82186
5.422 -1.36753
5.39669 -1.33232
4.87939 1.31427
7.57387 0.678088
7.57358 0.697005
4.96572 -0.207949
4.97373 -0.246008
5.07342 -0.627866
5.06945 -0.614811
5.20921 -0.992065
5.18306 -0.930619
4.94678 1.77201
4.96434 1.85246
6.6527 2.56826
6.80289 2.43488
5.23155 2.52932
5.20929 2.493
6.15247 -1.60868
6.11295 -1.61819
7.11059 -0.8392
7.1532 -0.780714
7.00979 -0.971406
6.89452 -1.10299
5.84333 2.89424
5.89269 2.89236
6.54543 -1.40767
6.54986 -1.40441
7.06342 2.13614
7.04778 2.15722
7.57421 0.506836
7.57391 0.496206
6.26336 2.80619
6.26222 2.80661
6.27625 2.80029
6.37361 2.75243
7.23499 -0.649643
7.26407 -0.599209
7.5565 0.280654
7.32437 1.6947
5.63814 2.85924
5.35431 2.68064
7.56126 0.320234
5.52502 -1.48147
5.36532 -1.28501
4.90128 1.50877
5.82596 -1.63522
5.77481 -1.62622
5.72405 -1.60782
5.59466 -1.53906
7.57251 0.724502
5.0672 -0.60712
5.03423 -0.489783
5.13595 -0.810163
5.29469 -1.16722
5.24124 -1.06453
4.90676 1.54821
4.90834 1.55799
4.99822 1.98844
4.91784 0.0487522
4.8917 0.242711
5.24951 2.55584
5.13589 2.36099
5.07109 2.21136
5.96126 -1.64473
6.329 -1.53605
6.34887 -1.52697
5.05298 2.16016
6.74741 -1.24693
7.02393 -0.954098
6.7431 -1.25067
7.31429 -0.50617
4.92713 -0.00875734
4.92602 -0.00244477
4.92531 0.0019332
6.05193 2.87339
5.81203 2.8923
6.48966 -1.44429
6.70197 -1.28547
7.57576 0.570114
6.56829 2.63208
6.64991 2.57043
7.50746 1.16808
7.51096 1.15447
7.03033 -0.945798
7.46453 1.33055
7.5051 1.17846
7.48561 1.25708
7.52564 1.08291
7.54356 0.988524
6.82734 2.41122
6.65123 2.56941
6.93956 2.29068
7.14524 2.01683
7.04116 2.16568
7.41986 -0.266323
7.40666 -0.300591
7.37081 -0.3866
4.88755 0.277157
4.87888 0.365371
4.86869 0.489549
4.86485 0.552129
4.86199 0.615753
6.48058 2.69135
7.56311 0.836753
7.54441 0.983235
5.75565 -1.62024
4.88983 0.258664
5.05948 2.18058
7.47789 -0.0954228
7.32512 -0.484429
7.30322 1.73963
7.27347 1.79825
7.20421 1.92187
4.86187 0.619221
7.30045 1.74548
7.56181 0.850538
7.36307 -0.404092
7.34294 -0.447404
4.86719 0.519636
