6.2342 -2.39206
6.2318 -2.39374
4.75654 -1.57409
4.76878 -1.61836
5.27762 -2.69268
5.25012 -2.67396
5.43355 -2.73731
5.45586 -2.73847
8.02782 0.176316
8.03462 0.228909
4.5811 -0.899026
4.58835 -0.928658
4.36351 1.35813
4.36302 1.35177
4.35172 0.926563
4.35191 0.977141
4.35221 0.850141
4.35198 0.837372
4.36708 1.42471
4.36956 1.46508
4.48838 -0.477289
4.4993 -0.530555
4.36906 0.399835
4.36497 0.462658
5.59045 3.74078
5.51211 3.74154
4.43067 2.06129
4.43331 2.08436
5.35589 3.72329
5.38239 3.72787
7.34613 -1.37278
7.3506 -1.36724
6.86476 -1.89003
6.84338 -1.91042
7.02697 -1.73292
7.03472 -1.72534
6.40873 -2.26794
6.43991 -2.24392
4.80908 -1.75284
4.7874 -1.68001
7.95019 -0.205561
7.96327 -0.157908
7.8914 -0.393227
7.87213 -0.447737
4.92203 3.47951
4.92236 3.47983
5.89149 -2.60014
5.8841 -2.60427
8.04202 0.30922
8.03781 0.256561
8.00693 0.0409047
8.00096 0.00673336
7.97841 -0.097373
7.98305 -0.0768901
6.6276 3.31484
6.62797 3.31457
6.83928 3.146
6.84621 3.14008
4.41761 1.96468
4.41379 1.93403
4.4472 2.17252
4.45171 2.20235
7.68389 -0.860041
7.66619 -0.892609
7.79794 -0.627337
7.77731 -0.673404
6.03914 3.64122
5.96298 3.66818
6.41313 3.45729
6.38094 3.47542
6.18986 3.5771
6.09353 3.61939
7.12185 2.87485
7.09661 2.90222
7.01497 2.98465
7.01711 2.98262
7.43158 -1.25925
7.45726 -1.22434
7.55798 -1.07447
7.54758 -1.09073
6.6893 -2.04452
6.64824 -2.07994
8.04413 0.773993
8.04666 0.74313
6.03867 -2.5175
6.06177 -2.50313
4.70734 -1.39297
4.72042 -1.44063
5.42878 3.73538
5.482 3.73975
4.62192 -1.06469
4.61527 -1.03785
4.35629 0.647825
4.35833 0.593068
4.76373 3.25975
4.7911 3.30472
4.55884 -0.805029
4.55495 -0.787835
4.35532 1.15681
4.35388 1.10414
4.65887 -1.21135
4.65665 -1.20257
5.35878 -2.72641
5.34327 -2.72125
5.20953 -2.64118
5.51168 -2.73458
5.47798 -2.7375
5.18214 -2.61318
5.19241 -2.62375
5.15601 -2.58346
5.13649 -2.55505
5.0873 -2.48114
5.09501 -2.49302
5.06653 -2.44414
5.03531 -2.37879
4.37526 1.54511
4.37099 1.48636
5.75848 3.72149
5.80333 3.71143
4.52176 -0.637631
4.46865 -0.372539
4.46476 -0.351725
4.37293 0.347727
4.37415 0.332207
4.47011 2.31587
4.47065 2.32001
4.41949 -0.0729329
4.4309 -0.149376
4.38648 0.198365
4.39837 0.0894297
6.30194 3.52074
6.24418 3.54962
7.70513 2.01486
7.69868 2.02829
7.79277 1.81947
7.78837 1.83011
4.54681 2.67981
4.53331 2.62359
4.49705 2.45323
4.49049 2.42186
4.57131 2.77122
4.56037 2.73122
7.21293 2.77276
7.22949 2.75336
8.02032 0.994702
8.0211 0.989188
7.9751 1.24288
7.97051 1.26334
7.44361 2.47026
7.40047 2.53219
7.31647 2.64555
7.26477 2.71047
6.77859 -1.96759
6.93959 -1.82008
7.10363 -1.65348
6.9899 -1.77019
7.53312 2.33078
7.51455 2.36094
7.61295 2.19431
7.61149 2.19694
4.86298 -1.92798
4.84976 -1.88527
4.90824 -2.06137
4.89527 -2.02453
4.95268 -2.18489
4.94523 -2.16417
5.00178 -2.30644
5.00097 -2.30431
7.91646 1.47084
7.92093 1.45571
7.86265 1.63818
7.8627 1.63802
6.47086 -2.21965
6.5357 -2.17081
6.37514 -2.29168
5.65955 -2.70048
5.65682 -2.70126
5.6145 -2.71362
5.63582 -2.70744
5.57271 -2.72345
5.56032 -2.72687
7.92945 -0.275144
7.9443 -0.226696
7.90982 -0.338722
7.8677 -0.459157
7.84694 -0.512588
4.85676 3.40089
4.82147 3.35266
6.62256 3.31843
6.62728 3.31509
6.6788 3.27602
6.68457 3.27153
6.74041 3.22827
6.78745 3.1895
6.88331 3.10733
6.89664 3.09528
6.52353 3.38746
5.84974 3.70094
5.91735 3.68105
4.4219 1.99766
4.46921 2.31099
6.07694 3.62683
6.50701 3.39783
6.4575 3.42936
6.21378 3.56507
7.08088 2.91825
7.00323 2.996
6.5968 -2.12082
6.74622 -1.99685
6.94774 -1.81185
7.12898 -1.62705
8.04939 0.685094
8.03759 0.857645
6.56695 -2.14534
4.6927 3.11812
4.72571 3.18885
5.1589 3.65607
5.16338 3.65852
5.04951 3.58988
5.05921 3.59735
8.0522 0.485667
8.05286 0.504651
4.38805 1.69565
4.39247 1.74299
4.37622 1.55679
4.38084 1.61467
4.58629 2.82106
4.59453 2.84958
4.63615 2.9761
4.63428 2.97148
7.25147 -1.48871
7.25196 -1.48814
4.55377 -0.782739
4.55445 -0.785622
6.1359 -2.45693
6.11862 -2.46834
4.83343 -1.83244
4.82405 -1.80101
4.35426 0.723138
4.35366 0.734934
5.67878 3.73292
5.64876 3.73571
4.53184 -0.684533
4.66811 3.05755
4.65797 3.03348
4.68332 3.09537
5.33517 3.71813
5.2859 3.70588
7.17442 2.81671
7.20423 2.78304
8.03719 0.861082
7.19998 -1.54781
7.2064 -1.54058
7.16005 -1.59248
4.72775 3.193
4.72641 3.19041
8.05137 0.631355
5.70128 -2.68543
5.73057 -2.67353
4.92161 3.47905
4.80401 3.32666
4.92582 3.483
5.00311 3.55436
6.94618 3.05023
4.35794 1.23113
4.35799 1.24041
4.42669 2.03499
4.68286 -1.30234
4.6665 -1.24157
4.78233 -1.6638
4.75266 -1.5598
5.90604 -2.59211
5.97552 -2.55404
8.03628 0.243278
8.02176 0.129423
4.36206 1.29463
4.36368 1.3641
4.35202 0.989885
4.35176 0.913641
4.35417 0.786638
4.35189 0.862965
4.37089 1.48507
4.36695 1.42221
4.36468 0.467783
4.36922 0.397438
5.50497 3.74146
5.621 3.73882
4.4014 0.0636899
4.41349 -0.0306198
7.7442 -0.743033
7.72341 -0.784964
7.7508 1.91699
7.74466 1.93073
4.52766 2.59719
4.51114 2.52319
7.99985 1.12091
7.99927 1.12409
7.38074 2.56005
7.33497 2.62145
7.50801 -1.14986
7.4721 -1.2028
7.38951 -1.31592
7.325 -1.39927
7.57354 2.26323
7.56432 2.279
7.89079 1.55439
7.8929 1.54793
5.80382 -2.6421
5.76688 -2.65977
5.61212 -2.71452
4.7316 -1.48377
5.21566 3.68139
5.19023 3.6703
5.22649 3.68541
6.01006 -2.53505
5.98934 -2.54681
8.04641 0.361608
7.99366 -0.0278635
8.01437 0.0839907
7.97524 -0.111353
7.61707 -0.978347
7.82793 -0.55798
7.6061 -0.99688
7.58101 -1.03799
7.40452 -1.29648
8.05294 0.546732
6.08727 -2.48776
4.6881 -1.32142
5.10084 3.62395
5.10988 3.62987
5.41363 3.73314
4.60823 -1.00952
4.63099 -1.10089
4.38184 1.62603
4.38638 1.67883
4.35872 0.584194
4.35596 0.658257
4.6131 2.90929
4.62849 2.95536
7.29629 -1.43488
7.25636 -1.48291
4.35365 1.09234
4.35566 1.16764
4.63572 -1.11976
5.52198 -2.73305
5.00647 -2.31703
5.03156 -2.37177
5.17936 -2.60967
5.10868 -2.51732
5.07197 -2.45302
4.35258 1.04064
4.37568 1.55052
4.44983 -0.26727
4.47965 -0.432459
4.37421 0.331414
4.36129 0.527869
4.44038 -0.211275
4.38522 0.2106
7.65626 2.11302
7.82998 1.72667
7.83167 1.72224
7.6509 2.12344
4.55788 2.72248
4.47511 2.34474
4.577 2.79041
7.25102 2.72752
8.00709 1.0765
8.03685 0.864592
7.94661 1.36116
7.46196 2.44274
7.3002 -1.43002
7.49165 2.39693
7.62152 2.17853
4.84179 -1.86174
4.87215 -1.95487
4.92897 -2.12275
4.97245 -2.23419
4.97679 -2.24639
7.86145 1.64147
7.93961 1.38752
5.65453 -2.70178
6.73027 3.23663
6.93402 3.06184
4.40917 1.89932
4.40277 1.84447
6.34059 -2.31763
6.28188 -2.35954
5.01104 3.5614
4.59976 -0.974804
4.39477 1.76558
4.35435 0.711748
4.6098 2.89815
4.35743 1.22153
6.14885 -2.4483
5.72862 3.72641
8.0483 0.388909
5.73631 3.72555
4.88437 -1.99388
5.74563 -2.66831
6.83249 3.15196
4.40981 1.90481
8.05249 0.595386
6.18454 -2.42523
6.2405 -2.38777
5.12032 -2.53252
4.91999 -2.09433
6.34529 -2.31435
4.39902 1.80679
4.4015 1.83215
6.94027 3.05588
6.73524 3.23254
