6.35464 -0.753911
6.25931 -0.785142
7.08362 0.912963
7.07572 0.955688
5.46848 1.55977
5.43603 1.46548
5.55253 1.74629
5.5916 1.81141
6.69668 1.75727
6.70139 1.75174
5.52292 -0.246249
5.54008 -0.285609
5.43285 0.0233686
5.45456 -0.0499938
6.13839 -0.80098
6.21854 -0.792669
6.39791 2.00421
6.43995 1.97997
6.19999 2.0845
6.21357 2.08204
5.83664 2.0434
5.80262 2.02562
6.00457 2.09683
6.04915 2.09793
6.84335 -0.315794
6.82906 -0.33773
6.63577 -0.564774
6.68453 -0.517188
6.58617 -0.610566
6.50959 -0.667212
5.34463 0.900027
5.34423 0.89068
5.3663 1.13043
5.37179 1.16718
7.09199 0.8568
7.10058 0.776491
5.40625 1.35032
5.42895 1.44189
5.66428 1.90609
5.61162 1.84259
6.82589 1.58493
6.81306 1.60371
6.92806 1.40058
6.91646 1.42509
5.76167 -0.63311
5.72973 -0.597003
5.94432 -0.762063
5.89736 -0.737041
6.91234 -0.196482
6.94073 -0.140892
7.01925 0.0503186
7.02526 0.0677794
5.58732 -0.386425
5.61273 -0.430321
5.40306 0.155844
5.42181 0.0678996
5.34411 0.630175
5.34339 0.648381
5.36423 0.381428
5.36524 0.373859
7.08417 0.303965
7.08308 0.297863
7.10894 0.576129
7.10827 0.547456
7.03947 1.10938
7.0503 1.0654
7.01458 1.1857
6.9978 1.23512
7.06041 1.02722
6.56499 1.888
6.62906 1.82734
6.95765 1.33556
6.96886 1.31031
7.02683 1.15036
6.5515 1.89888
6.49855 1.94034
6.52355 1.92116
6.65357 1.80252
6.37467 2.01799
6.33183 2.03882
6.24425 -0.789506
6.39833 -0.732723
6.32056 2.04424
6.21885 2.08027
5.96958 2.08986
5.90264 2.07291
6.70964 -0.49034
6.75959 -0.430166
5.35274 1.01691
5.35371 1.02647
5.43343 1.45759
5.49675 1.63139
5.60288 1.82976
5.52202 1.68977
6.70341 1.74924
6.84789 1.54977
6.88146 1.49241
5.85213 -0.710121
5.80464 -0.671441
6.97242 -0.0711327
6.98594 -0.0394086
5.50687 -0.207655
5.56494 -0.339921
5.47056 -0.101844
5.42581 0.0512213
5.35146 0.504262
5.35074 0.513329
7.10164 0.43498
7.10056 0.424098
6.46951 -0.694576
6.06115 -0.794532
6.44923 1.97337
6.3868 2.01132
6.1083 2.09884
5.73866 1.97834
5.70494 1.94997
6.8154 -0.356595
6.8903 -0.237329
6.60185 -0.596837
5.34163 0.77999
5.34854 0.96187
5.38415 1.2413
5.39824 1.31266
7.10458 0.728885
7.08991 0.873017
5.66613 -0.517395
5.65544 -0.500311
5.67315 -0.527828
5.508 1.65907
6.76474 1.67094
6.89522 1.46661
6.94341 1.36793
6.0208 -0.787395
6.038 -0.792265
7.05453 0.16837
5.48646 -0.149414
5.38861 0.227155
5.48053 -0.132356
5.38262 0.261784
5.34152 0.769409
5.35852 0.432984
5.34161 0.758847
7.05796 0.181643
7.10759 0.668346
7.06753 0.996525
6.9775 1.28972
