6.20631 -0.440387
6.20741 -0.440227
5.64718 1.29819
5.62176 1.21647
5.86648 -0.282444
5.81744 -0.227401
5.60891 0.272816
5.62464 0.204697
5.57763 0.438492
5.57768 0.438063
6.88797 0.777894
6.88618 0.797915
6.84686 0.243405
6.84198 0.226897
6.42765 -0.36633
6.47907 -0.330746
6.00738 -0.395494
6.0499 -0.411697
6.00011 1.72219
6.03431 1.73443
5.80996 1.58899
5.83605 1.6183
6.67802 -0.122919
6.64871 -0.163119
5.55985 0.76714
5.55963 0.752878
5.74898 -0.117212
5.77829 -0.166669
6.77151 1.20663
6.78983 1.1632
6.73233 -0.0341348
6.76535 0.0289116
5.64915 0.11704
5.66579 0.0700349
6.53466 1.55483
6.50248 1.58342
6.20217 1.74031
6.20084 1.74074
6.89212 0.495176
6.89109 0.483528
6.85879 0.947891
6.8567 0.957763
6.40358 1.66012
6.39806 1.66417
6.5875 1.49761
6.57009 1.51839
6.43425 1.63664
6.87896 0.843227
6.87548 0.865372
6.67248 1.38741
6.63473 1.44104
6.39069 1.66861
6.27832 1.7195
6.89021 0.750914
6.89495 0.683896
5.65437 1.31823
5.66035 1.3319
5.59007 1.07558
5.57759 0.999968
5.56601 0.561127
5.56536 0.568659
5.69568 1.41462
5.69767 1.41839
6.14066 1.74705
6.12798 1.74669
6.31413 -0.418458
6.20517 -0.440308
5.89038 1.66338
5.93374 1.69384
6.61115 -0.207443
6.57346 -0.249953
5.56431 0.886275
5.56449 0.888055
5.8015 -0.203494
5.9129 -0.331157
6.73005 1.29344
6.72603 1.30143
5.58881 0.365718
5.63409 0.169571
5.57834 0.432972
5.57114 0.50337
6.80951 0.132178
6.8738 0.357351
6.10448 -0.430477
6.36171 -0.398921
6.54862 -0.274567
5.94444 -0.353744
6.09792 1.74268
5.75235 1.51576
6.71416 -0.0667905
5.56429 0.885917
5.56086 0.644622
5.72749 -0.0788302
6.7052 1.3366
6.72284 1.30721
6.81436 1.09926
6.79308 0.0914133
5.70407 -0.0257663
5.68105 0.02978
5.58676 0.377777
5.56177 0.623764
5.74519 1.50666
6.19431 1.74162
6.26959 1.72349
6.87503 0.363776
6.89624 0.606133
6.89716 0.638568
6.82799 1.0572
5.7416 1.50093
6.85067 0.981682
6.62277 1.45697
5.59608 1.11044
5.61208 1.17396
6.8396 1.02109
6.86419 0.923378
