6.03996 0.054203
6.06551 0.0304915
6.38354 0.0290704
6.27609 -0.0168377
5.91974 0.217836
5.88163 0.295223
6.61976 0.850646
6.62702 0.820948
6.55796 1.02786
6.54554 1.054
6.01082 1.26726
6.13007 1.32841
5.85046 0.41148
5.87328 0.320042
6.64328 0.658729
6.64206 0.713891
6.6146 0.386674
6.63711 0.496662
6.3792 1.26136
6.40689 1.23737
6.52179 1.09862
6.484 1.14932
5.93926 1.17539
6.00742 1.26499
5.81849 0.770227
5.81497 0.737068
6.63888 0.74628
6.61572 0.868312
6.55598 0.238025
6.57735 0.282283
6.58926 0.948529
6.43745 1.20376
5.87817 1.06497
5.8664 1.02921
6.15234 1.32851
5.89066 1.09749
5.88171 1.0774
5.83523 0.91297
5.83737 0.923642
5.82108 0.813628
5.81553 0.675236
5.81541 0.703284
5.82373 0.548473
5.8208 0.575979
6.24789 1.32537
6.29624 1.30636
6.50888 0.162516
6.48987 0.132031
6.64336 0.573742
6.5925 0.323941
6.6122 0.377966
6.13915 -0.0045881
5.96905 0.126115
6.39041 0.0330234
6.22998 -0.0185832
5.87662 0.309664
5.96514 0.132437
5.9674 0.128685
6.16792 -0.0165958
6.4728 0.113386
5.83524 0.476951
6.64022 0.516523
6.53621 0.201143
5.84798 0.968979
5.83466 0.909806
5.81611 0.638494
5.8172 0.612918
5.82739 0.514547
5.82579 0.85551
