6.34275 -0.817054
6.31545 -0.825996
6.74501 -0.512977
6.71548 -0.547156
5.42998 1.58465
5.42382 1.56676
6.70905 1.80347
6.74241 1.76429
6.85182 1.6152
6.86966 1.58635
5.7567 -0.705241
5.83428 -0.768352
6.44208 2.03322
6.46019 2.02277
6.20892 2.13874
6.13242 2.15261
6.06165 2.15806
5.99967 2.15653
5.77415 2.07662
5.79721 2.09156
6.82515 -0.412392
6.85765 -0.365409
6.57305 -0.68021
6.54469 -0.701191
5.31017 0.921301
5.30799 0.869994
5.33016 1.15274
5.32897 1.14273
7.13157 0.817387
7.13581 0.77779
7.10107 1.00825
7.10877 0.970631
5.57847 -0.466245
5.5717 -0.453504
5.37077 1.37324
5.38665 1.43729
5.51104 1.7731
5.50777 1.76615
5.61807 1.93595
5.60523 1.92046
6.58214 1.92997
6.63419 1.88238
6.97666 1.38568
6.95274 1.43619
5.68148 -0.620949
5.72786 -0.673375
5.93981 -0.827502
5.9393 -0.827231
6.12894 -0.862363
6.09851 -0.860447
7.06158 0.0627791
7.05434 0.0396242
6.96432 -0.181184
6.97028 -0.169503
5.48593 -0.267265
5.4769 -0.242969
5.3684 0.136152
5.37642 0.0985343
5.42042 -0.0778475
5.4179 -0.0687339
5.33091 0.362495
5.32674 0.39763
5.30977 0.610667
5.30743 0.670585
7.14374 0.541477
7.14427 0.558052
7.11398 0.274286
7.11999 0.308727
7.06822 1.14295
7.08699 1.06675
7.06286 1.15941
7.03666 1.23656
7.09108 1.05129
7.11201 0.952242
6.54654 1.96057
6.65739 1.86041
7.0655 1.15179
6.51477 1.98493
7.00342 1.3253
7.00492 1.32174
6.67499 1.84259
6.3699 2.07601
6.35325 2.08411
6.23287 -0.849926
6.44564 -0.767149
6.31581 2.10212
6.27444 2.11677
5.88886 2.13278
5.89745 2.13607
6.78961 -0.459237
6.69475 -0.569392
5.31816 1.03826
5.31544 1.00463
5.39794 1.48052
5.43437 1.59578
5.56159 1.85644
5.51462 1.77998
6.77143 1.72838
6.69818 1.81617
6.81855 1.66515
6.90712 1.52236
5.84745 -0.778127
5.75019 -0.698471
7.01947 -0.0572828
7.01537 -0.0679038
5.49628 -0.293952
5.52715 -0.361396
5.39231 0.0321887
5.41707 -0.065745
5.31805 0.485279
5.31401 0.536007
7.1332 0.403558
7.13643 0.434653
6.45699 -0.761066
6.15111 -0.859989
6.49104 2.00082
6.40759 2.05529
6.10348 2.15754
5.9166 2.13998
5.69909 2.02123
6.88366 -0.324229
6.91902 -0.265134
6.6334 -0.62738
5.30639 0.801748
5.33561 1.19041
5.34783 1.26372
5.35232 1.28644
7.14315 0.690483
7.12429 0.874284
5.56443 -0.438886
5.62478 -0.540231
5.66789 -0.604324
5.47006 1.68359
5.68556 2.00833
5.65084 1.97132
6.79174 1.70246
6.94499 1.45135
6.97978 1.37906
5.93992 -0.827539
6.03374 -0.854106
7.08748 0.152802
6.99272 -0.120105
7.09405 0.180002
5.45115 -0.169481
5.3534 0.210197
5.43814 -0.132092
5.34791 0.242058
5.30606 0.770248
5.34582 0.255332
5.30633 0.738801
7.14437 0.634443
7.14372 0.67898
7.00531 1.32074
7.01037 1.30727
