6.19522 -0.499289
6.27297 -0.487932
5.99581 -0.456936
5.98479 -0.450052
6.65983 -0.219489
6.67998 -0.193395
5.54235 1.02173
5.54 1.00243
5.81966 -0.310022
5.80879 -0.29782
5.57282 0.252306
5.57627 0.237339
5.53952 0.462021
5.54208 0.438905
6.9245 0.462937
6.92736 0.494204
6.41458 -0.435694
6.52157 -0.361666
5.92899 1.76
6.02926 1.79589
5.76247 1.61424
5.83014 1.69027
5.52469 0.78885
5.52383 0.732444
5.64118 1.40417
5.65621 1.43899
6.88009 1.01373
6.88925 0.976495
6.693 1.42978
6.70325 1.41357
6.79889 1.2386
6.83678 1.1488
6.78716 -0.0179964
6.79612 -0.000883172
5.70922 -0.140394
5.6993 -0.119381
5.63777 0.0243621
5.62931 0.0493029
6.26292 1.7802
6.22022 1.794
6.51427 1.63502
6.53182 1.61939
6.87682 0.213571
6.88374 0.239186
6.44553 1.68766
6.4148 1.71019
6.62352 1.52127
6.587 1.56486
6.91324 0.853317
6.90572 0.901152
6.37384 1.73488
6.33117 1.7542
6.92885 0.724001
6.92646 0.757817
5.59563 1.2734
5.58536 1.23895
5.53197 0.541783
5.52958 0.569505
6.30217 -0.481976
6.11463 -0.493645
5.90362 -0.395836
6.04342 -0.47448
5.83392 1.6934
5.92834 1.75972
6.6987 -0.165928
6.6054 -0.280878
5.53042 0.907199
5.55293 1.09235
5.76158 -0.22701
5.85192 -0.343875
6.78002 1.27812
6.76267 1.31264
6.82988 0.0751978
6.84076 0.101155
5.56679 0.280181
5.59976 0.150065
5.54824 0.39138
5.5353 0.504217
6.93305 0.602838
6.91145 0.368433
6.09298 -0.491532
6.41319 -0.436383
6.53413 -0.351519
5.89197 -0.384654
6.13233 1.806
6.1836 1.79894
6.07152 1.80137
5.73532 1.57973
6.74396 -0.0956417
5.52753 0.864935
5.52458 0.667026
5.71782 -0.157582
5.7056 1.5314
5.67218 1.46904
6.6749 1.45574
6.74886 1.33759
6.84297 1.13266
6.84246 0.105949
5.66722 -0.0467043
5.62301 0.0689478
5.55315 0.358678
5.52732 0.604189
6.28795 1.77396
6.90523 0.333701
6.93316 0.617001
6.93147 0.670128
6.86695 1.05864
6.63948 1.50288
6.57864 1.57346
6.91935 0.815015
5.5599 1.13278
6.89951 0.933062
5.57046 1.17774
5.61705 1.34127
5.56325 1.14609
6.87108 1.04579
