5.33373 -2.1844
5.3207 -2.173
6.13482 -2.17598
6.18794 -2.14706
5.64034 -2.31419
5.71247 -2.31364
4.98276 -1.57427
5.00819 -1.63956
4.74146 -0.797708
4.71488 -0.689405
5.11491 -1.87758
5.08061 -1.80596
4.61537 2.03561
4.60936 1.99958
7.60131 -0.666568
7.55341 -0.759723
6.38521 3.23445
6.3769 3.23877
7.56906 1.93082
7.61343 1.83634
7.84208 1.11132
7.84409 1.10045
7.42868 2.19025
7.4299 2.18821
7.34474 2.32118
7.32404 2.35178
7.74675 1.48681
7.73786 1.51455
7.89262 0.646341
7.8934 0.621836
7.74373 -0.327536
7.70636 -0.430144
7.79331 -0.168354
7.8112 -0.10209
5.10206 3.23142
5.10392 3.23325
5.29657 3.37087
5.30012 3.37274
5.78417 -2.30384
5.80599 -2.29984
5.58153 -2.30896
5.62669 -2.31423
5.50182 3.43979
5.50042 3.43958
4.91421 2.98446
4.93061 3.01202
7.86034 0.138377
7.84387 0.0435214
7.8883 0.396527
7.88206 0.313002
4.95614 -1.50593
4.93994 -1.45952
4.55911 1.62586
4.56476 1.67965
4.54121 1.42302
4.53864 1.39462
4.57199 1.74411
4.58055 1.80798
4.76766 -0.898795
4.7577 -0.862362
5.25157 -2.09536
5.25567 -2.10023
5.15985 -1.95736
5.12302 -1.89186
4.89155 2.94251
4.86919 2.89979
6.00213 3.40089
5.93187 3.41992
6.16068 3.34423
6.07251 3.37734
5.68268 3.45339
5.6537 3.45397
6.86022 2.8862
6.87491 2.87302
6.98993 -1.52257
6.98114 -1.53152
7.44655 -0.943166
7.47362 -0.899659
6.43273 -1.9936
6.39685 -2.01942
6.66095 -1.82359
6.59779 -1.8736
6.87924 -1.63188
6.79427 -1.70957
6.00623 -2.23457
6.03669 -2.22228
4.52146 0.913442
4.52102 0.891525
4.52603 1.14261
4.52686 1.16744
4.53836 0.428151
4.54323 0.358118
4.58868 -0.0513352
4.57431 0.0604278
4.52695 0.62915
4.52577 0.655494
4.68878 2.38514
4.68467 2.3697
7.87334 0.906479
7.87519 0.89236
4.62843 -0.282082
4.6119 -0.191106
4.82343 -1.0952
4.81199 -1.05523
7.77941 -0.216635
7.74937 -0.311073
6.26148 -2.10557
6.08713 -2.19916
7.07633 -1.42979
7.10296 -1.40058
5.8156 3.4428
5.87249 3.43142
6.43423 3.20492
6.27344 3.2933
4.74508 2.58705
4.72118 2.50649
4.76626 2.64971
4.75147 2.60646
4.81331 2.77494
4.81659 2.7836
7.15008 2.58226
7.17023 2.55795
7.07329 2.67089
7.08056 2.66285
7.25264 2.45214
7.19854 2.52248
6.53612 -1.91947
6.49789 -1.94884
6.89899 -1.61286
6.89089 -1.62091
7.50687 2.05158
7.52161 2.02396
7.79541 1.31995
7.79302 1.32921
7.70449 -0.435106
6.73719 2.99093
6.71983 3.00542
6.49985 3.16448
6.50463 3.16137
4.55813 1.61549
4.57191 1.74357
4.57161 1.74109
4.54793 1.50719
4.54625 1.48717
4.53473 1.34085
4.5338 1.32767
4.77273 -0.917113
4.64006 2.16749
4.64809 2.20941
5.76357 3.44893
5.91207 3.42394
6.04691 3.38717
6.23386 3.31097
6.49592 3.16715
5.70559 3.4531
6.88552 2.86282
6.97516 -1.53757
7.06235 -1.44526
6.3226 -2.0664
6.72656 -1.76795
6.69665 -1.7941
6.94168 -1.57092
6.28774 -2.0895
5.31158 -2.16306
5.28625 -2.13644
5.90746 -2.27246
5.93576 -2.26253
4.52248 1.01767
4.52217 0.976941
4.521 0.871852
4.52097 0.828052
4.53003 1.25809
4.52787 1.20503
4.52487 1.10394
4.8734 -1.26113
4.88731 -1.30403
4.53369 0.494497
4.53612 0.459873
4.54562 0.329417
4.58985 -0.0593844
4.52234 0.744083
4.5239 0.696283
4.52872 0.590295
7.63584 1.7843
7.65531 1.73883
7.01824 2.73027
7.0344 2.71371
7.1707 -1.322
7.12732 -1.37271
7.29381 -1.16603
7.24022 -1.23689
7.78624 -0.193227
5.46893 -2.2756
5.39507 -2.23431
5.88526 -2.27908
5.86336 -2.28456
4.52351 1.04044
4.52356 1.06383
6.70301 3.01902
6.625 3.07731
6.54794 3.13208
6.56579 3.11962
4.64818 -0.386825
4.63765 -0.332367
4.53259 0.525081
4.53035 0.553593
4.62579 2.09385
4.63212 2.1269
4.59081 -0.0653599
4.59705 -0.103846
4.65709 2.25116
6.93848 2.81017
7.65885 1.73
7.68855 1.65456
7.63544 -0.593772
7.61643 -0.635637
5.54793 -2.30282
5.53075 -2.29817
4.9608 3.0594
4.99214 3.10445
4.58168 1.81589
4.58956 1.87215
7.32551 -1.12338
7.8849 0.7904
7.88688 0.764207
4.557 1.60329
4.55213 1.55133
4.67769 -0.530221
4.66613 -0.475311
4.57195 1.74381
4.54788 0.303583
4.55153 0.264169
4.84951 -1.18471
4.84683 -1.17548
5.48057 -2.28142
5.47534 -2.27931
5.75859 -2.30705
5.39969 3.41334
5.42673 3.42139
5.02631 3.14852
5.00792 3.12582
7.87719 0.26477
7.86671 0.179665
5.03943 -1.71495
4.97299 -1.5501
5.05065 -1.74275
5.11787 -1.88287
4.60541 1.97709
4.62051 2.06323
7.54029 -0.783716
7.60929 -0.650503
7.56742 1.93424
7.61483 1.83318
4.67 2.31046
4.66937 2.30777
4.78297 2.6964
4.77202 2.66554
7.1118 2.62693
7.13986 2.59457
7.82634 1.18757
7.86288 0.985436
7.39782 -1.02003
7.38541 -1.03843
7.46834 2.12167
7.42312 2.19935
7.30117 2.3845
7.3786 2.27007
7.71873 1.57058
7.76659 1.42301
7.81593 1.23688
7.81015 1.2609
7.88874 0.733574
7.89338 0.614812
7.83847 0.0166892
7.81734 -0.0765318
5.0976 3.22649
5.1888 3.30421
5.20243 3.31428
5.30921 3.37638
5.5105 3.44085
7.89103 0.443944
4.93263 -1.43766
4.90878 -1.36798
5.04474 -1.72834
4.69199 -0.593866
4.69822 -0.620463
5.18181 -1.99562
4.59898 1.93593
7.49416 -0.864978
7.4039 -1.01088
7.89337 0.513038
6.05143 -2.21515
5.98624 -2.24352
5.48951 -2.28423
5.20547 -2.02997
4.67017 2.3111
4.70004 2.42893
7.87938 0.848271
7.86969 0.936345
4.60944 -0.176908
4.79757 -1.00553
4.8573 -1.21056
4.70863 2.45995
4.75011 2.60267
7.18785 2.53608
7.0605 2.68534
7.86571 0.965682
7.81687 1.23284
7.2664 2.43334
7.54421 1.97988
7.47712 2.10615
7.38729 2.2565
7.77229 1.40326
7.70699 1.60397
4.53365 1.32577
4.53812 1.38774
4.90283 2.96393
5.602 3.45182
5.6224 3.45255
5.96001 -2.25283
4.78723 -0.968578
4.5209 0.808292
4.53033 1.2671
4.52742 1.19308
4.89627 -1.3321
4.56355 0.149147
4.5557 0.219941
4.52164 0.762931
4.52446 0.680268
4.82523 2.80464
7.18442 -1.3057
7.88392 0.804764
6.59987 3.0963
7.69361 1.64113
7.65545 -0.55079
4.96042 3.05883
4.59196 1.88803
5.21875 -2.0486
5.27082 -2.11812
5.83473 -2.29294
7.34675 -1.09413
4.93879 3.02418
4.53201 1.29471
4.56525 1.68487
4.54434 1.46391
4.55344 0.241761
4.52133 0.785868
7.69163 -0.465814
4.52174 0.935782
4.57103 0.085019
7.23992 -1.23726
7.2401 -1.23704
6.61184 3.0873
4.85834 2.87767
4.84917 2.85752
4.95976 3.05778
7.66085 -0.538559
