7.0779 -0.601132
7.08689 -0.587363
7.42445 0.644415
7.42623 0.594656
7.38549 1.02929
7.3863 1.02528
5.43323 -0.979541
5.42085 -0.95799
5.03596 1.2615
5.04434 1.33449
6.27997 -1.30982
6.24683 -1.32044
6.65845 -1.07908
6.69734 -1.04686
7.16903 1.66242
7.1819 1.63711
7.23053 -0.318157
7.19685 -0.388863
5.05448 0.205418
5.04057 0.313289
5.98417 2.63599
5.96276 2.63784
6.3895 2.51207
6.38177 2.51593
6.17413 2.60185
6.11793 2.61502
6.95976 -0.768369
6.95295 -0.777071
7.25105 1.48275
7.24319 1.50166
5.26095 -0.625101
5.25465 -0.607678
5.1869 -0.409585
5.19341 -0.430326
5.34015 -0.808583
5.35539 -0.840733
5.54974 -1.13756
5.53366 -1.11989
5.08048 1.5608
5.07344 1.52099
5.13046 1.77817
5.14383 1.82367
5.02215 1.09797
5.02279 1.10705
5.50537 2.47167
5.55729 2.51436
6.08716 -1.35988
5.99782 -1.36511
5.90063 -1.3547
5.98972 -1.36488
5.19325 1.97843
5.19217 1.97555
5.27217 2.15943
5.26677 2.14769
5.37299 2.32628
5.36819 2.31978
6.80155 -0.947923
6.81513 -0.934612
7.06875 1.84273
7.05954 1.85772
5.71695 -1.28284
5.7087 -1.27718
7.31889 -0.0927576
7.28644 -0.185087
7.32494 -0.0750354
7.35705 0.037064
7.3891 0.181782
7.38494 0.157957
5.09896 -0.0563096
5.10102 -0.0667649
5.01276 0.85253
5.01369 0.907467
5.01543 0.655107
5.01382 0.712008
5.02879 0.428098
5.02683 0.451091
5.69658 2.59087
5.75687 2.6122
7.40559 0.28078
7.41855 0.396604
6.47618 -1.21172
6.46599 -1.21752
5.16461 -0.330193
5.15312 -0.287241
7.40059 0.932927
7.39739 0.957392
6.75891 2.2347
6.6979 2.29143
6.58469 2.38604
6.54914 2.41134
6.99038 1.95911
6.96112 1.99967
7.4082 0.884748
7.40775 0.888547
5.19761 -0.443221
5.19498 -0.435208
5.11519 -0.135683
5.11388 -0.130077
5.01472 0.963381
5.01514 0.981581
5.01255 0.832057
7.3662 1.11995
7.36781 1.11369
7.34291 1.21096
7.34576 1.20027
6.88738 2.0943
6.85335 2.1334
7.31518 1.30494
7.29796 1.3563
5.13823 -0.228726
5.14416 -0.252179
6.82004 2.16995
6.7946 2.19714
6.3353 2.53932
6.32659 2.54328
7.41647 0.805256
7.42043 0.76054
5.01606 0.638915
5.01849 0.581593
5.12885 -0.191228
7.14076 1.71644
7.12285 1.74986
5.0825 0.0324744
5.07737 0.0598475
5.01263 0.777188
6.2813 2.56395
6.2562 2.57295
7.02161 -0.683852
7.09815 -0.568953
7.42541 0.56161
7.42358 0.691477
7.39313 0.981112
7.38514 1.03134
5.38488 -0.89506
5.44342 -0.996394
5.62024 -1.20981
5.60221 -1.1913
5.1028 1.67121
5.1043 1.67761
6.67142 2.31556
6.62808 2.35109
5.43475 2.40181
5.46166 2.43142
6.18284 -1.3412
6.35276 -1.27744
5.23127 2.06986
5.19411 1.98053
6.57564 -1.14508
6.73906 -1.00823
7.20164 1.59646
7.15289 1.69364
5.80954 -1.32891
5.76276 -1.30556
7.24371 -0.288974
7.16862 -0.444048
7.35843 0.0424867
7.38451 0.155738
5.01348 0.721567
5.05943 0.171131
5.03903 0.326734
5.81997 2.62644
5.85927 2.63294
6.91902 2.05504
6.90919 2.0678
5.94143 2.63687
6.06794 2.62667
6.94436 -0.787454
7.14641 -0.485291
7.21521 1.56725
7.27677 1.41707
5.65558 2.57325
5.58757 2.53428
7.42251 0.726443
5.26973 -0.648257
5.22645 -0.528119
5.30012 -0.719507
5.3267 -0.778916
5.48863 -1.06013
5.62585 -1.21516
5.0611 1.44849
5.10228 1.6687
5.1615 1.88294
5.05065 1.37673
5.38273 2.33822
5.99299 -1.36527
6.12815 -1.35172
6.3785 -1.26602
5.82158 -1.33277
5.27823 2.17142
5.32028 2.24434
6.88494 -0.857175
6.82478 -0.924705
6.57294 -1.14695
7.05455 1.86538
7.11461 1.76461
7.15618 -0.467733
7.26212 -0.246149
7.28252 -0.195187
7.32445 -0.0766349
7.40423 0.271301
5.10933 -0.109548
5.08901 -0.00345754
5.01571 0.646811
5.01881 0.575432
5.02674 0.45235
5.03271 0.3858
5.07303 0.0858716
7.42011 0.414733
7.35487 1.16245
7.36514 1.12472
7.42482 0.497685
7.32356 1.27736
7.37474 1.07735
6.7614 2.23217
6.49865 2.44724
7.01108 1.93026
7.28489 1.39592
7.40944 0.873947
7.40849 0.882554
5.2156 -0.49635
5.03119 1.21816
6.47794 2.4598
6.4354 2.48584
5.11306 -0.126488
6.48797 2.45384
