6.21835 2.02381
6.2914 1.99882
6.00944 2.03749
5.92561 2.0168
7.04473 0.931374
7.05097 0.897642
5.50507 1.53613
5.49169 1.49725
5.59249 1.72048
5.61813 1.76321
5.59676 -0.309574
5.55997 -0.225198
5.48929 -0.0302551
5.46984 0.0354828
6.3662 -0.692535
6.47466 -0.634687
6.14962 -0.74139
6.193 -0.736892
5.9501 -0.699611
5.9618 -0.703753
5.76817 -0.564446
5.77679 -0.572586
5.90089 2.00924
5.80795 1.96068
6.86289 -0.211076
6.79922 -0.308837
6.59967 -0.538879
6.65308 -0.486743
5.40154 1.10867
5.41386 1.19119
5.38064 0.877791
5.38254 0.912548
5.44086 1.32817
5.43511 1.30326
7.06388 0.805254
7.06709 0.775257
5.70819 1.87772
5.70317 1.87165
6.72008 1.66524
6.67239 1.72053
6.79926 1.55384
6.75253 1.62227
6.86321 -0.210506
6.91264 -0.1137
6.97515 0.0373381
6.99554 0.0965555
5.65271 -0.407599
5.60904 -0.332153
5.44578 0.128663
5.43599 0.174559
5.37928 0.650159
5.38022 0.625644
5.3994 0.401407
5.40642 0.34843
6.45934 1.90918
6.42176 1.93551
7.05216 0.335831
7.04334 0.286164
7.07395 0.61097
7.07222 0.536843
7.01214 1.07747
7.01543 1.06411
6.9687 1.2107
6.96087 1.23376
7.02107 1.04278
6.58405 1.81304
6.60214 1.79591
6.91233 1.34945
6.93438 1.29976
6.99009 1.14901
7.03781 0.96587
7.02984 1.00324
6.88202 1.41436
6.88193 1.41453
6.51079 1.87215
6.60906 1.7889
6.2558 -0.728177
6.35082 -0.698153
5.8568 -0.644447
5.85769 -0.645009
6.15049 2.03538
6.32528 1.98679
6.06249 2.04046
5.90762 2.01225
6.72475 -0.410134
6.73105 -0.402538
5.38881 0.994638
5.3944 1.0497
5.47067 1.43353
5.5277 1.59346
5.64623 1.80176
5.56468 1.66896
6.6235 1.77375
6.92574 -0.0848726
6.95705 -0.011432
5.52355 -0.137608
5.60173 -0.319019
5.51746 -0.121496
5.46039 0.0708744
5.38966 0.489296
5.38789 0.507704
7.06818 0.468299
7.06269 0.412949
6.48158 -0.63054
6.10769 -0.737891
6.04782 -0.731311
5.70991 -0.491901
6.40505 1.94435
6.36592 1.96717
6.11302 2.04124
5.79286 1.94953
5.71065 1.88037
6.863 -0.210893
6.7381 -0.39325
6.56864 -0.564688
5.41866 1.21999
5.37744 0.779258
5.3773 0.757965
5.44363 1.33857
5.68135 -0.454523
7.05469 0.871719
7.06792 0.765382
5.54651 1.63419
6.73908 1.64098
6.84404 1.4823
6.85573 1.46237
6.88264 1.41312
6.90885 1.35736
7.01287 0.156107
5.52059 -0.13002
5.43115 0.198439
5.41684 0.281229
5.38666 0.524264
6.48207 1.89505
7.02733 0.212134
7.07326 0.658239
6.95139 1.25925
