7.03185 -0.622965
7.06743 -0.568518
7.40144 0.626362
7.40261 0.593785
6.58762 2.34641
6.65089 2.29445
6.28468 -1.26833
6.21453 -1.29079
6.63114 -1.06244
6.70911 -0.997844
7.13663 1.67235
7.15823 1.62987
5.72035 -1.23343
5.75647 -1.25346
7.19866 -0.327537
7.1781 -0.37071
7.35793 0.150007
7.33664 0.0568216
5.03713 0.772225
5.03815 0.711432
5.07805 0.218814
5.06806 0.296316
5.96577 2.59712
6.06748 2.58832
6.39237 2.47331
6.36538 2.48678
6.07682 2.58673
6.17699 2.56327
6.97089 -0.709258
6.93295 -0.757715
7.23315 1.46185
7.21699 1.5007
5.04086 0.99271
5.04907 1.11333
5.19209 -0.332285
5.21849 -0.416477
5.28661 -0.61093
5.29731 -0.636471
5.36714 -0.793677
5.35964 -0.778988
5.46359 -0.962776
5.49117 -1.00173
5.58517 -1.11799
5.53741 -1.06548
5.10428 1.54542
5.10294 1.53783
5.15588 1.76175
5.18015 1.8444
5.54075 2.44948
5.56077 2.46594
6.09193 -1.31792
6.09341 -1.31766
5.90568 -1.31024
5.93366 -1.31344
5.22048 1.96083
5.19827 1.90132
5.30082 2.14092
5.32167 2.17733
5.40483 2.30571
5.3729 2.26243
6.72191 -0.985687
6.78979 -0.919162
7.09027 1.75811
7.0418 1.83701
7.2956 -0.0836733
7.26667 -0.165953
5.0512 0.463739
5.04365 0.572421
5.7359 2.56081
5.75949 2.56916
7.38368 0.302586
7.39337 0.389196
6.48096 -1.16964
6.43261 -1.19718
6.8733 2.06906
6.88667 2.05327
5.18789 -0.317336
5.18573 -0.309249
7.29712 1.28384
7.31661 1.21615
7.36095 1.02839
7.35612 1.05533
7.37743 0.932073
7.37628 0.940831
6.94977 1.97156
6.93954 1.98574
7.38385 0.883851
7.37999 0.916186
5.23553 -0.468817
5.22487 -0.43629
5.1475 -0.157493
5.14114 -0.130247
5.03935 0.966629
5.03817 0.906888
6.73559 2.21716
6.76208 2.19183
7.34137 1.11904
7.34853 1.09118
6.83026 2.11851
7.27237 1.35852
7.26756 1.37285
5.1619 -0.215651
5.1714 -0.253165
5.11916 -0.0295119
5.12706 -0.0669267
6.80953 2.14126
6.7713 2.18211
6.33818 2.50048
6.30978 2.51338
5.03988 0.977705
7.39479 0.788248
7.395 0.785862
5.15605 -0.192212
5.06702 1.30796
5.06827 1.31903
6.50157 2.40782
6.49565 2.41155
7.12388 1.69672
7.09927 1.74265
5.10539 0.0454818
5.10273 0.0596899
5.86552 2.59254
5.86178 2.59224
6.28418 2.52506
6.21357 2.55039
7.00281 -0.665648
7.11194 -0.495715
7.40133 0.542721
7.40025 0.690617
7.36921 0.98023
7.36388 1.01466
5.41352 -0.879246
5.4474 -0.938523
5.12825 1.65477
5.10882 1.56789
6.57663 2.35439
6.67444 2.2747
6.18757 -1.29954
6.32384 -1.2509
5.2583 2.05239
5.23834 2.00442
5.46698 2.38155
5.46539 2.37992
6.58705 -1.09758
6.71423 -0.993097
7.1697 1.60626
7.12935 1.68644
5.8128 -1.28158
5.66117 -1.18915
7.22448 -0.270357
7.13561 -0.453762
7.36334 0.176236
7.33067 0.0343154
5.03826 0.706267
5.03711 0.776609
5.08743 0.15384
5.063 0.340356
5.85364 2.59041
6.0708 2.58803
6.88515 -0.815532
7.12815 -0.467615
7.19745 1.54652
7.25106 1.41612
5.65837 2.5275
5.62701 2.50953
7.3997 0.708551
5.27431 -0.580102
5.25106 -0.514528
5.32651 -0.704934
5.37554 -0.809295
5.52022 -1.04268
5.62942 -1.16331
5.08509 1.43299
5.1368 1.68841
5.18677 1.86661
5.07928 1.39308
5.47264 2.38677
5.998 -1.32111
6.09134 -1.31794
6.38321 -1.22456
5.88085 -1.30335
5.28347 2.10757
5.34945 2.2255
6.86172 -0.843022
6.838 -0.869647
6.54254 -1.12842
7.01552 1.87735
7.0979 1.7451
7.13144 -0.461718
7.23746 -0.240155
7.30427 -0.057096
7.25185 -0.204215
7.3781 0.26361
5.11429 -0.0036146
5.04012 0.646233
5.05352 0.435815
5.04277 0.589042
5.0582 0.385197
5.09618 0.0990233
7.39753 0.437219
7.33086 1.16157
7.33666 1.14024
7.40091 0.496803
7.29396 1.29348
7.32421 1.18913
7.35133 1.07649
6.71699 2.23502
6.91323 2.02034
6.98943 1.91629
6.89323 2.04558
7.26689 1.3749
7.39441 0.791914
7.38634 0.865171
5.24522 -0.497423
5.03697 0.845931
5.0369 0.837626
5.06913 1.32517
5.05542 1.2025
5.037 0.780902
6.44485 2.44229
6.41961 2.45774
5.0517 1.15337
5.13714 -0.112801
5.03798 0.90222
6.4723 2.42598
