7.46209 1.03211
7.46624 1.01141
5.0493 -0.219812
5.04192 -0.18808
5.11515 -0.473543
5.12103 -0.492926
5.44055 -1.19785
5.46194 -1.22458
5.04848 1.83114
5.03131 1.75944
5.39211 2.54274
5.35499 2.50187
6.0713 -1.49959
6.1236 -1.48775
5.88389 -1.50209
5.81651 -1.48634
5.10815 2.03341
5.12134 2.06916
5.81078 2.76337
5.74829 2.75288
6.46089 -1.34634
6.49712 -1.32252
6.98544 2.10872
7.03196 2.04538
6.16481 2.72775
6.26329 2.69194
6.43332 2.60763
6.43465 2.6069
7.2014 -0.556126
7.14714 -0.645689
5.54725 2.67171
5.56299 2.68073
7.49788 0.742675
7.50098 0.704457
5.17079 -0.649763
5.17836 -0.670705
5.33707 -1.03264
5.34159 -1.04125
5.2518 -0.857367
5.24934 -0.851322
5.57295 -1.3471
5.52142 -1.29773
5 1.6128
5.00163 1.62141
4.96639 1.38486
4.97712 1.466
4.93858 1.07456
4.93681 1.04925
5.27313 2.38905
5.28925 2.41196
6.2646 -1.44516
6.34359 -1.40924
5.70356 -1.44233
5.77696 -1.47473
5.18104 2.21831
5.17358 2.2021
6.89293 -0.982033
6.91496 -0.957741
6.67055 -1.19554
6.7437 -1.13105
7.23334 -0.496824
7.20922 -0.542462
7.32682 -0.296819
7.31669 -0.32125
7.41423 -0.0487538
7.42106 -0.0249112
7.46788 0.18237
7.47354 0.214794
5.01369 -0.0545815
5.01599 -0.0662365
4.93281 0.901894
4.93294 0.909377
4.93402 0.705376
4.93377 0.713901
4.94885 0.435184
4.94733 0.452971
4.97902 0.162543
4.9908 0.0829869
5.95468 2.76813
5.92372 2.76814
6.66 -1.20464
6.56447 -1.27755
7.00126 -0.853223
7.02539 -0.822796
7.37027 1.38189
7.38595 1.33526
7.44342 1.1228
7.43788 1.15009
7.49903 0.451535
7.49589 0.403385
7.50168 0.537902
7.50321 0.597493
6.74892 2.36955
6.80164 2.31788
6.57519 2.51439
6.65251 2.45404
6.97122 2.12718
6.92688 2.18085
6.37966 2.63827
6.37992 2.63815
7.34275 1.46347
7.34347 1.46149
4.93308 0.916993
4.93569 1.03064
4.93162 0.786071
6.52687 2.54726
6.56635 2.52061
7.48795 0.861339
7.47935 0.932636
5.0861 -0.373548
5.08437 -0.366796
7.17131 1.83037
7.17184 1.82942
5.1303 -0.523194
5.13973 -0.554
7.11557 1.92072
7.12677 1.90327
7.35427 -0.227903
7.36177 -0.20854
7.24417 -0.475641
7.26572 -0.432529
7.35772 1.42005
4.95363 1.26827
4.94689 1.18625
5.0611 -0.271316
5.05583 -0.24898
5.0896 -0.386611
4.95719 0.345279
4.95944 0.322381
4.93835 0.594758
4.93883 0.583477
7.24729 1.68341
7.25848 1.66054
4.93163 0.779104
7.19717 1.7823
7.20765 1.76248
7.31068 1.54434
7.50247 0.622076
7.50137 0.694344
7.47034 0.983957
7.45523 1.07203
5.03753 -0.168292
5.29352 -0.94551
5.33253 -1.02358
5.50213 -1.27503
5.43047 -1.18446
5.02273 1.72294
5.07058 1.91311
6.66171 2.44666
6.72925 2.38736
5.32884 2.46827
5.44957 2.59956
6.16727 -1.47836
5.9915 -1.50672
5.79272 -1.48103
5.95299 -1.50718
5.1429 2.12696
5.08976 1.97892
7.07715 -0.752444
7.08627 -0.739921
6.86667 -1.0098
6.82047 -1.05785
7.27522 -0.41267
7.30487 -0.348191
7.44463 0.0678611
7.45022 0.0921162
4.93174 0.772041
4.9636 0.283871
4.97051 0.226032
5.68006 2.73339
5.85104 2.76787
6.55982 -1.28103
6.45762 -1.34818
7.054 2.01365
6.98129 2.11432
6.12971 2.7365
6.27206 2.68876
7.10548 -0.711054
7.20791 -0.544832
7.27139 1.63285
7.29081 1.58925
5.64654 2.72149
5.46427 2.61164
7.49547 0.783689
5.18419 -0.686082
5.14566 -0.572729
5.21521 -0.766394
5.38697 -1.11626
5.25498 -0.864895
5.61424 -1.38377
4.98181 1.49972
4.99955 1.61006
5.0772 1.93741
4.95961 1.32476
5.26269 2.37265
5.22498 2.30509
5.18869 2.23344
5.97676 -1.50822
6.2392 -1.45364
6.36324 -1.40044
5.65819 -1.41387
6.78407 -1.09423
6.9606 -0.903292
6.66317 -1.20195
7.23819 -0.487668
7.33977 -0.265027
7.37669 -0.167471
7.3871 -0.137288
7.48483 0.295026
5.00466 -0.00293338
5.01654 -0.0691063
4.93594 0.648697
4.94157 0.531538
4.94335 0.503838
4.95301 0.387685
4.99722 0.0427906
6.05922 2.75377
5.97775 2.76564
7.49055 0.344599
7.05473 -0.784237
7.43395 1.16537
7.45239 1.08608
7.5012 0.5005
7.40315 1.28129
7.41841 1.22569
7.45346 1.08025
7.47862 0.937569
6.83688 2.28246
6.5708 2.51751
6.87037 2.24603
6.90377 2.20781
7.08054 1.97508
6.48932 2.57322
6.48243 2.57741
7.49394 0.802731
6.32452 2.6651
7.16883 1.83456
7.23042 1.71736
7.22265 1.73334
7.30849 1.54981
7.17092 1.83103
6.38017 2.63803
7.39663 1.30255
7.42935 1.18554
