6.4559 -0.216344
6.38251 -0.260482
5.63902 0.749959
5.63827 0.718716
6.3105 1.58291
6.414 1.52532
6.7805 0.309473
6.74793 0.199213
6.23098 -0.309395
6.22415 -0.30905
6.58248 -0.0980329
6.58207 -0.0985977
5.82112 1.42359
5.80995 1.40847
5.66345 1.01049
5.6539 0.952852
5.69078 1.13052
5.70069 1.16774
5.96981 -0.22157
6.02924 -0.2648
5.83202 -0.0682901
5.83613 -0.0752237
5.74245 0.113593
5.73706 0.128819
5.67647 0.339509
5.682 0.314344
5.64716 0.54219
5.64867 0.52515
6.28797 1.59277
6.29536 1.5911
6.5842 1.36002
6.58646 1.35719
6.81831 0.568664
6.80863 0.459259
6.81695 0.643342
6.81916 0.59422
6.70082 0.0919719
6.74056 0.180273
6.42985 1.51462
6.2972 1.59026
6.65171 1.2565
6.63526 1.28512
6.50674 1.44458
6.17359 1.61754
6.76624 0.991538
6.76621 0.991672
6.80329 0.820955
6.79523 0.872689
6.0085 1.58817
5.99227 1.57992
6.72326 1.11458
6.68232 1.20449
5.90963 1.52454
5.92401 1.53628
5.73574 1.26799
5.75259 1.30653
5.67357 1.0626
5.67844 1.08146
5.6545 0.481315
5.66028 0.436109
6.11637 1.61316
6.80841 0.786027
6.33997 -0.281307
6.49212 -0.186659
5.89469 -0.1486
5.93021 -0.190194
5.7107 0.213101
5.68533 0.30058
6.74647 0.194942
6.78569 0.331416
6.12877 -0.301545
6.2371 -0.308255
6.58168 -0.0990572
6.06884 -0.280463
6.64815 -0.00287758
5.82692 -0.0591826
5.78537 0.0214522
5.749 0.0963132
6.68379 0.059243
5.6626 0.420874
5.84929 1.46111
5.89015 1.50546
6.03148 1.59713
6.07817 1.6098
6.80516 0.43334
6.81885 0.583356
6.8166 0.693451
6.76616 0.991836
6.78061 0.935369
5.95804 1.56039
6.58955 1.35295
6.74041 1.0712
6.68152 1.20607
5.65216 0.501454
5.64248 0.83801
6.81532 0.720052
5.64249 0.594222
5.72515 1.23851
5.64023 0.668506
5.64145 0.614522
5.65234 0.936181
5.64925 0.909921
5.78425 1.3664
6.79114 0.892545
6.75081 1.04055
