7.54115 0.0341009
7.54636 0.055979
7.51468 1.25417
7.50862 1.27809
5.39807 -1.41081
5.41275 -1.43162
5.67415 -1.65031
5.71425 -1.66649
5.13946 -0.919404
5.15049 -0.948487
4.83003 0.780844
4.82809 0.835738
5.1448 2.46958
5.15303 2.48474
7.16609 -0.813297
7.13473 -0.859674
6.99111 -1.04354
6.99207 -1.04246
6.1545 2.89127
6.15561 2.89085
5.91973 2.93988
5.94433 2.93792
7.21399 1.96459
7.21623 1.961
6.36104 2.80129
6.33774 2.81412
7.56157 0.131605
7.57434 0.206458
7.5173 -0.0598016
7.50536 -0.104382
7.43222 -0.315738
7.45354 -0.259603
7.34861 -0.501518
7.33757 -0.524525
7.38193 1.63555
7.3632 1.67775
7.4497 1.46198
7.43261 1.50865
5.53496 2.87332
5.61906 2.90761
5.33883 2.73343
5.39718 2.78477
5.32732 -1.30897
5.30556 -1.2716
4.83548 1.11865
4.84075 1.2116
4.85707 1.39508
4.86289 1.44904
5.86041 -1.69847
5.79777 -1.68849
5.00399 -0.501479
5.0174 -0.54957
5.07141 -0.729764
5.0742 -0.737799
5.50949 -1.53788
5.54499 -1.56727
5.21622 -1.09937
5.19931 -1.06124
4.94086 1.90067
4.96102 1.98181
4.89541 1.68037
4.89573 1.68204
4.87977 0.105712
4.87298 0.155591
4.8475 0.389655
4.8453 0.41095
4.83012 0.703975
4.83165 0.650516
4.82829 0.856396
4.82946 0.965416
5.24927 2.63237
5.25963 2.6444
6.24438 -1.62323
6.26191 -1.61469
6.05022 -1.68522
6.03523 -1.68706
4.99638 2.10562
4.98125 2.05672
6.84978 -1.19571
6.8603 -1.18538
5.73714 2.9357
5.68827 2.92483
6.63988 -1.38185
6.68053 -1.34829
6.44107 -1.52084
6.47831 -1.49656
7.59832 0.42501
7.59488 0.37421
7.60371 0.608774
7.60389 0.586176
6.64119 2.62102
6.63384 2.62665
7.58483 0.891258
7.57987 0.933454
4.96043 -0.326906
4.98314 -0.424431
4.91625 -0.119231
4.91806 -0.128597
7.08038 -0.93068
7.11981 -0.880349
7.2034 -0.757371
7.23365 -0.709767
7.25865 1.88673
7.25391 1.89542
7.56297 1.03583
7.55538 1.08135
6.73616 2.5419
6.758 2.52211
6.91193 2.36967
6.90065 2.38176
7.1546 2.05685
7.12281 2.104
7.01682 2.24719
7.02131 2.24178
7.49356 -0.141129
7.48038 -0.182691
7.40803 -0.374032
7.42234 -0.340008
7.36693 -0.464274
7.31259 -0.573295
7.31801 -0.562868
7.41697 1.55012
7.4631 1.42394
4.83364 1.09057
4.84403 1.25548
4.82976 0.715698
4.82993 0.987432
6.55753 2.68323
6.56295 2.67966
7.54504 1.12655
7.55432 1.08666
7.59639 0.779313
7.59299 0.819494
4.94864 -0.27519
4.98441 -0.4297
7.39961 1.59326
7.48098 1.37216
7.47507 1.3898
4.83292 1.04008
5.71974 -1.66856
5.73838 -1.6743
5.04987 2.26113
5.06197 2.2932
6.42268 2.76856
6.44553 2.75486
4.84741 1.29616
4.8294 0.726949
4.98714 -0.440546
4.84039 0.473147
4.83839 0.503122
7.55363 0.0918349
7.5361 0.0111478
5.4362 2.8148
5.49723 2.85303
5.42337 -1.44548
5.35649 -1.35298
4.85051 1.33108
4.93762 -0.223466
4.94212 -0.244863
5.06739 -0.717778
5.04089 -0.630583
5.17667 -1.01003
5.13182 -0.89875
4.91682 1.79137
4.92529 1.83017
6.51306 2.71264
6.55193 2.68709
6.83142 2.45329
6.86049 2.4235
5.19457 2.55252
5.13711 2.45402
6.15506 -1.65683
6.14662 -1.6602
7.12411 -0.874258
7.17816 -0.795931
6.99299 -1.04138
6.92222 -1.11987
6.15248 2.89187
6.26066 2.85027
5.97038 2.93347
5.84036 2.9429
6.53993 -1.45611
6.58282 -1.42449
7.03062 2.23
7.07317 2.17361
7.6022 0.517337
7.60113 0.479099
6.30504 2.82927
6.39212 2.78536
7.28367 -0.626561
7.28677 -0.621183
7.58181 0.256958
7.34462 1.71835
5.63487 2.91296
5.31297 2.70658
7.59074 0.331296
5.47797 -1.50566
5.28614 -1.23576
4.87407 1.53716
4.87782 1.56552
4.87606 1.55282
4.89446 1.67466
5.8945 -1.69812
5.76595 -1.6829
5.58528 -1.59905
5.63847 -1.63043
5.02585 -0.579212
5.00042 -0.488559
5.10564 -0.826902
5.25928 -1.18677
5.2359 -1.14215
4.96754 2.00826
4.89367 0.0123662
4.86409 0.226706
5.24446 2.62617
5.10166 2.38247
5.06473 2.29992
6.34326 -1.57638
5.95516 -1.69841
6.10523 -1.67125
5.0061 2.13485
6.83397 -1.2108
7.03686 -0.987661
7.29304 -0.609886
6.28002 2.84158
6.0491 2.91968
5.75291 2.93749
6.74097 -1.29744
6.36566 -1.56366
6.77246 -1.26856
7.60254 0.695835
6.59931 2.6521
6.64924 2.61501
4.91155 -0.094026
6.47726 2.73611
7.05675 -0.961901
4.89783 -0.0136432
7.53355 1.18085
7.53824 1.16041
7.49895 1.3118
7.55481 1.08399
7.56832 1.00794
6.82366 2.46103
6.68078 2.58847
6.96603 2.30776
7.08951 2.15085
7.17045 2.0331
7.60161 0.71119
7.60243 0.699167
7.46957 -0.215179
7.42974 -0.322202
7.40563 -0.379652
4.85074 0.349057
4.85583 0.296641
4.84331 0.434846
4.83323 0.599082
4.8345 0.570769
7.5891 0.857146
7.57753 0.950254
7.2893 1.82996
7.31184 1.78649
4.86029 0.259145
5.02714 2.20088
7.33066 1.74802
7.51978 1.23546
5.65867 -1.64238
4.85679 0.287519
7.21767 1.95857
4.8492 0.365969
4.83188 0.637637
7.32068 1.76909
7.26534 1.87479
7.22551 1.94513
7.38553 -0.425116
7.37846 -0.440317
4.83755 0.520118
4.83641 0.535883
