6.18448 2.52949
6.17936 2.53128
6.99374 -0.641035
7.05132 -0.552923
7.3824 0.611422
7.38306 0.593064
5.12519 1.53192
5.12977 1.55315
6.59012 2.3127
6.60908 2.29713
6.28858 -1.23398
6.21363 -1.25799
6.63457 -1.0271
6.60855 -1.04866
7.11015 1.67992
7.13865 1.62388
5.72319 -1.19224
5.79717 -1.23326
7.17229 -0.3353
7.16258 -0.355686
7.33538 0.143371
7.31942 0.0734954
5.05865 0.758939
5.05945 0.710928
5.09756 0.229899
5.09081 0.28227
5.77188 2.5358
5.7618 2.53306
5.96827 2.56342
6.01308 2.55954
6.39474 2.44123
6.35182 2.46266
6.98011 -0.66034
6.91641 -0.741696
7.21834 1.44456
7.19532 1.4999
5.06558 1.0406
5.0714 1.12608
5.23925 -0.405015
5.21552 -0.329357
5.30869 -0.598741
5.3352 -0.662044
5.391 -0.780503
5.36327 -0.726221
5.48978 -0.948313
5.54054 -1.01998
5.6145 -1.1018
5.56554 -1.04798
5.17691 1.74816
5.20276 1.83621
6.09606 -1.28153
6.18709 -1.26561
5.24302 1.94627
5.21158 1.86205
5.32509 2.12524
5.36977 2.2033
5.43118 2.28869
5.37679 2.21497
5.57075 2.43051
5.5638 2.42533
6.76881 -0.906376
6.71945 -0.954751
7.02712 1.81987
7.071 1.74843
5.90918 -1.27258
5.86414 -1.25797
7.27115 -0.0908703
7.25032 -0.150118
5.07143 0.475235
5.06563 0.558855
7.36556 0.320633
7.37254 0.383064
6.48491 -1.13481
6.40499 -1.18034
6.8326 2.08154
6.86718 2.04069
7.25153 1.35697
7.24041 1.38764
7.28163 1.26576
7.29206 1.22952
7.34038 1.02763
7.33218 1.07334
7.3637 0.883108
7.35847 0.926861
5.26692 -0.489999
5.24961 -0.437186
5.21111 -0.314999
5.17425 -0.175543
5.1637 -0.130387
5.06055 0.95354
5.05962 0.906381
6.71495 2.20384
6.74172 2.17825
7.32082 1.11828
7.33111 1.07827
6.92467 1.96935
6.91465 1.98233
6.81115 2.10618
7.37557 0.773173
7.37271 0.808052
5.1815 -0.204831
5.19395 -0.253981
5.13842 -0.0145223
5.14952 -0.0670662
6.80082 2.11752
6.77387 2.14632
6.34056 2.46833
6.29587 2.48863
5.06232 0.990513
5.17855 -0.193027
5.07695 1.20183
5.08876 1.3058
6.50401 2.37486
6.46857 2.39722
5.12434 0.0562466
5.12371 0.0595595
5.2084 -0.306011
5.19664 -0.264514
5.9241 2.5614
5.86442 2.55658
6.17801 2.53157
6.28656 2.49288
6.98725 -0.650584
7.10488 -0.465335
7.3814 0.527088
7.38095 0.689906
7.34941 0.9795
7.34613 1.00073
5.43722 -0.866159
5.45075 -0.889835
5.14944 1.64108
5.11296 1.46723
6.52842 2.35749
6.677 2.2402
6.19151 -1.26484
6.29991 -1.22894
5.28067 2.03794
5.27495 2.02418
5.496 2.36281
5.46907 2.33511
6.59648 -1.05828
6.69155 -0.979274
7.10985 1.68048
7.14327 1.61436
5.8155 -1.24241
5.69597 -1.17187
7.20856 -0.25495
7.12794 -0.423401
7.34568 0.193332
7.30718 0.0274027
5.12753 0.0386187
5.13629 -0.00375132
5.05985 0.69294
5.05855 0.776102
5.11061 0.139529
5.08284 0.35163
5.67401 2.49536
6.0733 2.55429
6.84848 -0.823849
6.84281 -0.830134
6.83335 -0.840095
7.11241 -0.452368
7.18275 1.52936
7.22978 1.41534
5.66068 2.48963
5.65965 2.48904
7.38083 0.693744
5.27818 -0.522332
5.27143 -0.50328
5.34835 -0.692874
5.42205 -0.838219
5.54718 -1.0278
5.63239 -1.12012
5.10495 1.42016
5.16565 1.70488
5.20819 1.85277
5.10297 1.4066
5.64871 2.48184
6.00215 -1.28456
6.05309 -1.28283
6.3871 -1.19026
5.93486 -1.27654
5.28789 2.05376
5.37358 2.20991
6.51737 -1.11308
6.98322 1.88726
7.08308 1.7278
7.21706 -0.235195
7.28748 -0.0408359
7.22647 -0.211686
7.35648 0.257246
5.06131 0.645732
5.07585 0.422027
5.06339 0.60076
5.0793 0.384698
5.11533 0.109907
7.37884 0.455829
7.31099 1.16084
7.3131 1.15307
7.38112 0.496074
7.2679 1.30768
7.30857 1.17087
7.33163 1.07576
7.35659 0.939478
6.68 2.23739
6.93666 1.95329
6.97151 1.90473
6.75107 2.16905
6.88415 2.02082
7.37973 0.71178
7.368 0.850786
5.26973 -0.498311
5.05834 0.858077
5.05807 0.824553
5.07558 1.18948
5.09952 1.38353
5.05813 0.792908
6.41747 2.4278
6.40654 2.43449
5.15708 -0.101474
5.0589 0.889299
6.45934 2.40292
