6.19097 -0.52181
6.29693 -0.506334
5.99171 -0.478702
5.96475 -0.461857
5.90776 1.77129
5.82808 1.71541
6.65371 -0.251991
6.69084 -0.20391
5.52972 1.02953
5.5254 0.9941
6.80801 -0.0118582
6.80784 -0.0122339
5.52495 0.471017
5.52847 0.439227
6.9363 0.451185
6.94059 0.498099
6.41017 -0.459108
6.29794 -0.506102
6.02733 1.81939
6.00716 1.81217
5.74431 1.6239
5.77789 1.66162
6.55053 -0.359188
6.53585 -0.373236
5.51124 0.797151
5.51015 0.72463
5.63897 1.44319
5.64117 1.44827
5.8026 -0.320075
5.80557 -0.324093
6.88589 1.04538
6.90064 0.985428
6.70261 1.441
6.72399 1.40721
6.84987 1.15483
6.80936 1.25082
5.69573 -0.148057
5.6742 -0.102441
5.63379 -0.00803663
5.61676 0.0421726
5.55954 0.244762
5.55861 0.249261
6.28615 1.79546
6.22763 1.81437
6.50707 1.66335
6.53784 1.63594
6.88756 0.202886
6.89853 0.243539
6.85416 1.144
6.8601 1.12634
6.46156 1.69819
6.42121 1.72779
6.6373 1.53031
6.61417 1.55791
6.92635 0.857175
6.91728 0.914833
6.3674 1.76022
6.35138 1.76747
6.58277 1.59186
6.59301 1.58138
6.94181 0.739336
6.94157 0.74277
5.59311 1.31798
5.572 1.2472
5.51895 0.534386
5.5159 0.569828
6.2976 -0.506223
6.09968 -0.515416
5.89941 -0.418211
6.08294 -0.512315
5.81549 1.7032
5.92646 1.78258
6.72533 -0.153301
6.61761 -0.292702
5.51747 0.915199
5.54568 1.13606
5.74632 -0.236002
5.79758 -0.312889
6.79912 1.27226
6.77667 1.31692
6.85116 0.0910857
6.8072 -0.0134761
5.5614 0.236355
5.58664 0.142607
5.53349 0.400488
5.5216 0.504541
6.94543 0.590508
6.92545 0.372553
6.08871 -0.514239
6.42894 -0.447844
6.52892 -0.379159
5.87491 -0.394703
6.13055 1.8277
6.21059 1.81666
6.03561 1.82046
5.73289 1.60938
6.75536 -0.106673
5.54655 1.14102
5.51348 0.856913
5.51071 0.675592
5.54942 1.15442
5.71441 -0.185373
5.69082 1.54095
5.64351 1.45267
6.66489 1.49512
6.75881 1.34921
6.85374 1.14524
6.85807 0.110544
5.65313 -0.05471
5.60409 0.0817203
5.54081 0.351669
5.51415 0.596704
6.29498 1.79325
6.91648 0.322499
6.94566 0.620681
6.94208 0.733865
6.88185 1.05919
6.64586 1.52044
6.93089 0.828675
6.91715 0.915497
5.60317 1.34985
6.88312 1.05524
