7.0382 -0.619954
7.07011 -0.571118
7.40462 0.628852
7.40587 0.593905
5.06432 1.31594
5.06492 1.3212
6.58721 2.35203
6.65785 2.294
6.28403 -1.27405
6.21899 -1.29488
6.63491 -1.06473
6.70748 -1.0046
7.1411 1.67098
7.16149 1.63087
5.71988 -1.2403
5.74969 -1.25683
7.20306 -0.326243
7.18068 -0.373213
7.36169 0.151113
7.33951 0.0540426
5.03354 0.774439
5.0346 0.711516
5.0748 0.216966
5.06427 0.298657
6.06252 2.59433
5.96536 2.60273
6.39197 2.47865
6.36764 2.4908
6.1766 2.56859
6.07511 2.59236
6.96936 -0.717412
6.93571 -0.760385
7.23562 1.46474
7.22061 1.50083
5.03674 0.984728
5.04535 1.11121
5.19137 -0.342947
5.21503 -0.418387
5.28293 -0.612962
5.291 -0.632208
5.36316 -0.795873
5.35903 -0.787783
5.45922 -0.965186
5.48032 -0.994975
5.58028 -1.12069
5.53689 -1.07298
5.101 1.54755
5.09887 1.53551
5.15237 1.76401
5.17514 1.84154
5.53587 2.45254
5.56029 2.47262
6.09127 -1.32373
6.07984 -1.3244
5.90498 -1.31637
5.94139 -1.32053
5.21672 1.96326
5.19743 1.91156
5.29678 2.14353
5.31365 2.173
5.40044 2.30855
5.37225 2.27034
6.7329 -0.980478
6.79328 -0.921293
7.0873 1.76978
7.04425 1.83987
7.29967 -0.0824738
7.2694 -0.168592
5.04782 0.461823
5.03999 0.574682
5.73048 2.56496
5.75913 2.5751
7.38671 0.299579
7.39685 0.390217
6.4803 -1.17544
6.43722 -1.19999
6.88008 2.06698
6.88992 2.05536
5.18468 -0.319109
5.18123 -0.306213
7.2997 1.28686
7.3207 1.21392
7.36438 1.02851
7.36032 1.05114
7.38062 0.932191
7.37919 0.943116
6.95537 1.96985
6.94252 1.98766
7.38721 0.883975
7.38382 0.912374
5.2303 -0.465286
5.22075 -0.436141
5.14305 -0.154485
5.13738 -0.130224
5.03582 0.96881
5.0346 0.906973
6.73903 2.21938
6.76164 2.19776
7.34479 1.11917
7.35119 1.09428
6.83344 2.12056
7.28877 1.31983
7.27175 1.37057
5.15864 -0.217455
5.16765 -0.253029
5.11779 -0.0407054
5.12332 -0.0669034
6.81098 2.14522
6.77452 2.18418
6.33778 2.50584
6.3121 2.5175
5.03614 0.97557
7.39778 0.790594
7.39851 0.78237
5.1523 -0.192077
6.50117 2.41331
6.50017 2.41394
7.1262 1.69944
7.10253 1.74364
5.10223 0.0436877
5.09923 0.0597117
6.28378 2.53043
6.21945 2.5535
7.0054 -0.668159
7.11004 -0.505817
7.40465 0.545326
7.40347 0.690736
7.37251 0.980352
7.36684 1.01698
5.40957 -0.881427
5.44684 -0.946638
5.12472 1.65705
5.10819 1.58315
6.58466 2.35388
6.67402 2.28045
5.4624 2.38446
5.46484 2.38714
6.18692 -1.30529
6.32783 -1.25456
5.25457 2.0548
5.23224 2.00112
6.58547 -1.10414
6.71766 -0.995184
7.1741 1.60491
7.13259 1.68743
5.81235 -1.28811
5.65536 -1.19203
7.22713 -0.272925
7.14017 -0.452422
7.36628 0.173387
7.33458 0.0354675
5.03467 0.708488
5.03353 0.776693
5.08357 0.156225
5.0597 0.338477
5.85796 2.59741
5.8614 2.59797
5.86858 2.59832
6.0704 2.59346
6.89332 -0.81166
7.13067 -0.470053
7.1999 1.54938
7.2546 1.41625
5.65799 2.53381
5.62157 2.51294
7.40285 0.711019
5.27366 -0.58973
5.24766 -0.516402
5.32287 -0.706944
5.36779 -0.804475
5.51587 -1.04509
5.62892 -1.1705
5.08178 1.43513
5.13199 1.68566
5.18329 1.86887
5.07533 1.39082
5.45769 2.37869
5.99731 -1.3272
6.09651 -1.32268
6.38256 -1.23028
5.87267 -1.30741
5.28274 2.11654
5.34542 2.2281
6.86492 -0.844974
6.83618 -0.877241
6.54673 -1.13097
7.02091 1.8757
7.10021 1.74779
7.13485 -0.462547
7.24086 -0.240982
7.30707 -0.0598061
7.25608 -0.20297
7.38171 0.264671
5.1108 -0.00359294
5.03659 0.646317
5.04979 0.438113
5.03933 0.58709
5.05469 0.38528
5.09299 0.0972092
7.40064 0.434118
7.33417 1.16169
7.34059 1.1381
7.40421 0.496925
7.29831 1.29111
7.32682 1.19218
7.35456 1.07661
6.72315 2.23463
6.90946 2.03114
6.99242 1.91822
6.89474 2.04971
7.26937 1.3778
7.39649 0.803229
7.38939 0.867569
5.24113 -0.497275
5.0334 0.843907
5.03337 0.839805
5.05208 1.20466
5.03348 0.778901
6.44942 2.44471
6.42179 2.46162
5.0476 1.14549
5.13382 -0.114689
5.03449 0.904374
6.47446 2.42982
