5.44387 -2.36539
5.47406 -2.37596
6.11227 -2.24997
6.18856 -2.20842
5.86456 -2.35681
5.83548 -2.36686
4.95877 -1.65586
4.96172 -1.66345
6.60594 3.14479
6.61937 3.13482
4.66851 -0.667112
4.70554 -0.818043
4.57658 2.05979
4.57073 2.02475
5.88774 3.48833
5.93891 3.47605
4.72281 2.67679
4.73578 2.71639
7.02788 2.77698
7.04832 2.7559
7.16409 2.62474
7.13355 2.66101
7.87151 1.14043
7.8835 1.07568
7.37148 -1.12328
7.37672 -1.11585
7.45163 2.22113
7.47016 2.19015
7.36847 2.35312
7.36795 2.35389
7.78453 1.48325
7.76569 1.54208
7.92596 0.681114
7.92854 0.599748
7.77193 -0.353936
7.74714 -0.422008
5.03128 3.25203
5.10729 3.32685
5.13891 3.3503
5.20337 3.39801
5.21568 3.40468
5.30293 3.45063
5.71018 -2.39371
5.66177 -2.40024
7.89163 0.109082
7.88278 0.0581194
7.9219 0.365076
7.91904 0.326876
4.91574 -1.53259
4.8978 -1.48118
4.52208 1.64741
4.52545 1.67947
4.50224 1.42284
4.50102 1.40933
4.65624 -0.614106
5.09892 -1.97981
5.10279 -1.98669
5.02971 -1.83213
5.02422 -1.81855
4.55807 1.94186
4.56667 1.99914
7.52106 -0.892528
7.57877 -0.789609
5.74938 3.50995
5.71906 3.51385
6.1673 3.39706
6.15226 3.4027
6.39139 3.2838
6.43454 3.2571
6.83231 2.96462
6.8885 2.9142
7.47149 -0.972557
7.51625 -0.900629
6.49596 -2.00615
6.40892 -2.06879
6.62388 -1.90897
6.60927 -1.92054
6.83945 -1.72352
6.80531 -1.75473
7.02328 -1.54288
6.99694 -1.57084
5.25122 -2.21361
5.22418 -2.18228
5.95842 -2.32191
5.93647 -2.33168
5.53675 -2.39329
5.50049 -2.38567
4.48797 1.16476
4.48806 1.16748
4.50161 0.406848
4.5033 0.382647
4.54743 -0.0259989
4.53889 0.0403767
4.48752 0.653367
4.4874 0.656118
4.59237 -0.302492
4.59113 -0.295634
4.78675 -1.12109
4.76197 -1.03452
4.83947 -1.29971
4.83229 -1.27529
7.80826 -0.243644
7.78935 -0.303097
5.16613 -2.09546
5.17969 -2.11849
6.08778 -2.26334
6.20753 -2.19772
4.4829 0.850208
4.4829 0.849987
4.64016 -0.53957
5.97604 3.46435
5.82292 3.50129
6.2057 3.3796
6.27984 3.34443
4.69202 2.57455
4.67953 2.53245
4.7407 2.72976
4.76172 2.78516
7.08714 2.71286
7.12181 2.67455
7.26689 2.49531
7.2443 2.52468
7.15351 -1.40109
7.15247 -1.40234
6.595 -1.93115
6.50961 -1.99678
6.9449 -1.62198
6.90166 -1.66495
7.5305 2.08338
7.5612 2.02586
7.83178 1.31653
7.8213 1.35717
7.73236 -0.4612
7.71161 -0.510746
7.69845 -0.542213
6.78535 3.0046
6.74661 3.03694
6.5283 3.19797
6.55409 3.18116
4.51904 1.61531
4.51094 1.52873
4.50742 1.48699
4.49816 1.36948
4.49674 1.34924
4.72272 -0.886426
4.83235 2.95108
4.84742 2.98079
4.59024 2.13655
4.60888 2.23385
6.0536 3.44057
6.30155 3.33249
6.50201 3.21578
5.64983 3.51742
5.61152 3.51712
6.9291 2.87518
6.39119 -2.08001
6.77811 -1.77818
6.70778 -1.83964
7.09105 -1.47192
6.28644 -2.14944
5.27674 -2.24429
6.08185 -2.26646
6.03736 -2.28774
4.74645 -0.976789
4.75817 -1.02104
4.48406 1.04003
4.48358 0.976987
4.49059 1.23522
4.49025 1.22693
4.48615 1.10398
4.49371 0.519053
4.49783 0.460496
4.50767 0.330034
4.51973 0.201867
4.52977 0.110359
4.55518 -0.079013
4.48504 0.722461
4.48512 0.720103
4.49037 0.590919
4.77282 2.8122
4.78528 2.84416
4.63454 2.35139
4.6388 2.37101
7.66038 1.81733
7.6674 1.80095
7.31849 -1.19512
7.29274 -1.22917
7.91114 0.88272
7.90887 0.904997
7.82524 -0.185446
5.37973 -2.33158
5.41976 -2.35497
4.73194 -0.922207
4.74467 -0.969992
4.48408 1.04049
4.48409 1.04095
6.70905 3.06729
6.6762 3.09184
4.61256 -0.406989
4.59281 -0.304849
4.49347 0.525718
4.49298 0.531932
4.58669 2.11822
4.58826 2.12645
4.56146 -0.118369
4.57419 -0.196861
4.61865 2.27904
4.62562 2.31172
4.61288 2.25242
7.70826 1.70058
7.72752 1.6509
7.84099 -0.129983
7.84179 -0.126898
7.66132 -0.624273
7.64619 -0.657614
4.91105 3.09435
4.94422 3.14375
5.51575 3.5091
5.4963 3.50712
4.55626 1.92826
4.54841 1.87186
7.36177 -1.1369
7.92143 0.767436
7.92434 0.729054
5.34174 -2.30357
5.35369 -2.31434
5.28383 -2.25266
4.51554 1.57755
4.51307 1.55115
4.62077 -0.447474
4.87033 3.02327
4.90781 3.08941
4.51182 0.282679
4.51348 0.264789
4.8128 -1.21062
4.79653 -1.15466
5.48982 -2.38231
5.00809 3.2264
4.98162 3.19441
5.3267 3.46015
5.39976 3.48532
5.81538 -2.3717
5.88599 -2.35058
7.90969 0.234339
7.90471 0.193924
4.48295 0.913681
4.48295 0.913487
4.4827 0.786488
4.48269 0.786832
4.92923 -1.57259
4.9635 -1.66773
5.03473 -1.84454
5.06544 -1.90982
4.56693 2.00107
4.57714 2.06279
7.58683 -0.77443
7.63476 -0.68051
7.62196 1.90185
7.60858 1.93037
4.65875 2.45539
4.65355 2.43443
4.73851 2.72411
4.71982 2.66702
7.12594 2.66979
7.17991 2.60593
7.85635 1.21392
7.89332 1.01555
7.42208 -1.04861
7.49162 2.153
7.42051 2.27209
7.32456 2.41597
7.37039 2.35022
7.7572 1.56696
7.79464 1.45075
7.92836 0.540443
7.92514 0.710699
5.57691 -2.39959
5.58328 -2.39994
7.86873 -0.0116481
7.85577 -0.0688651
5.10827 3.32766
5.2055 3.3994
5.49246 3.50619
5.75468 -2.38749
5.59105 -2.39985
7.92722 0.457519
4.8703 -1.39889
4.86706 -1.38942
4.99722 -1.75276
5.10953 -1.99844
4.55721 1.9355
7.67618 -0.592361
7.51963 -0.894992
7.45179 -1.00384
7.92835 0.491051
5.91219 -2.34016
5.98692 -2.31069
4.80715 2.89603
4.81003 2.90312
7.91731 0.824433
7.91604 0.837796
4.76104 -1.03132
4.86006 -1.36795
5.20424 -2.15526
5.13989 -2.05368
4.48328 0.948122
4.65123 2.42424
4.70783 2.62902
7.2019 2.57864
7.061 2.7424
7.9039 0.941677
7.84558 1.26123
7.31068 2.43547
7.10246 -1.45908
7.15991 -1.39355
7.56821 2.01218
7.51704 2.10807
7.41058 2.28783
7.80937 1.39977
7.73459 1.63126
4.52923 1.71756
4.53468 1.76524
4.49302 1.30053
4.85419 2.99446
4.817 2.91904
5.67438 3.5171
5.59802 3.5171
6.00364 -2.3025
4.49237 1.2892
4.48812 1.17029
4.86536 -1.38454
4.51518 0.244833
4.53198 0.0921159
4.4827 0.78615
4.48324 0.770785
4.48726 0.658706
7.20925 -1.33496
7.09609 -1.46632
7.91803 0.817559
6.55995 3.17706
7.69463 1.73513
4.90891 3.09115
4.5469 1.86005
4.54016 1.8078
4.96593 3.17302
7.65385 1.83254
7.57593 1.997
4.4927 1.29453
4.52798 1.70656
4.50344 1.43852
4.53758 1.7885
5.21742 -2.17415
7.2195 -1.32231
7.26461 -1.26591
6.63942 3.11976
5.70555 3.51544
7.84256 -0.123827
