6.50142 1.05259
6.51277 1.03533
6.32623 0.0617497
6.2835 0.0434923
5.95517 0.238712
5.93146 0.286862
6.58443 0.830519
6.60822 0.733188
6.5057 0.23403
6.53956 0.295263
6.39026 1.19219
6.36223 1.21033
5.92386 1.05895
5.89643 0.995424
6.07686 1.23836
6.13352 1.26742
5.87269 0.901468
5.87934 0.935258
6.08664 0.0817047
6.07271 0.0891433
5.88204 0.430083
5.89286 0.386711
6.52685 1.00928
6.44561 1.12745
5.98244 1.1565
6.01141 1.19457
5.85783 0.792633
5.85071 0.725592
6.60858 0.729016
6.5698 0.8945
6.55654 0.330434
6.55787 0.93065
6.25979 1.26693
5.95133 1.10664
6.23436 1.26786
5.86066 0.840253
5.85054 0.659919
5.85039 0.693481
5.85889 0.54327
5.85342 0.594564
6.59975 0.493475
6.60782 0.564446
6.60929 0.714349
5.86022 0.532406
5.86055 0.530364
6.47349 0.182696
6.47023 0.177472
6.6094 0.593109
6.56076 0.342038
6.56719 0.359668
6.39908 0.103663
6.21646 0.0409545
5.9131 0.331154
5.97768 0.196377
6.01222 0.155089
6.17497 0.040839
6.43257 0.136327
5.87663 0.453347
6.58765 0.434779
5.88358 0.953401
5.85047 0.721537
5.85057 0.658123
5.86006 0.533158
5.85317 0.597179
6.48338 0.196667
