6.27924 -2.43005
6.2802 -2.42937
4.71125 -1.60605
4.7245 -1.65397
4.91106 3.58117
4.9258 3.59554
8.07164 0.192756
8.07535 0.221419
4.32024 1.35818
4.3177 1.3255
4.30812 0.951938
4.30822 0.977192
4.30928 0.850191
4.30859 0.81222
4.32437 1.44956
4.32662 1.48616
5.74744 3.79242
5.84212 3.77003
4.3236 0.427757
4.32128 0.463369
5.54914 3.81623
5.52458 3.81647
4.38331 2.0608
4.38915 2.11188
4.36991 -0.0424821
4.35646 0.0657069
4.60955 3.08266
4.61568 3.10029
7.11227 2.94969
7.12918 2.93195
6.9193 -1.90086
6.85584 -1.96137
7.21334 -1.59737
7.19608 -1.61674
4.84066 -2.06491
4.81289 -1.97051
4.90629 -2.2633
4.9173 -2.29706
5.30446 -2.86093
5.34418 -2.86926
5.23484 -2.83615
5.25594 -2.84575
4.98573 -2.48238
4.98993 -2.49185
5.06327 -2.64463
5.07434 -2.66266
5.18906 -2.80527
5.17248 -2.78845
5.5802 -2.83286
5.6283 -2.81398
5.78862 -2.73962
5.81254 -2.72806
8.00751 -0.153748
8.00886 -0.148812
7.9393 -0.38367
7.93371 -0.399486
8.08474 0.325247
8.08257 0.298072
8.05192 0.0577825
8.04367 0.0105453
8.02459 -0.0800469
8.03667 -0.0267021
6.65868 3.35142
6.68576 3.33155
6.86904 3.18104
6.89027 3.16291
5.88583 3.75845
5.97212 3.73015
4.37319 1.99237
4.36586 1.93354
4.39345 2.13915
4.40721 2.23009
7.7368 -0.849486
7.69494 -0.926482
7.84795 -0.61736
7.80712 -0.708528
6.19731 3.63656
6.17639 3.64574
6.4333 3.50596
6.44813 3.49679
7.08528 2.97761
7.19136 2.86449
7.19051 2.86547
7.58618 -1.10768
7.60228 -1.08269
6.74946 -2.05646
6.66113 -2.13265
7.11923 -1.70118
7.04697 -1.77545
8.08346 0.788745
8.0894 0.716268
6.34642 -2.3807
6.34381 -2.3827
6.63468 -2.15435
6.59862 -2.18386
6.03698 -2.59546
6.04835 -2.58839
5.04668 3.68874
5.00997 3.66468
4.87456 3.54442
4.83986 3.50385
8.09319 0.489052
8.08915 0.39069
4.58034 -1.09403
4.56683 -1.03946
4.33946 1.66548
4.33542 1.61446
4.31361 0.623085
4.3147 0.593778
4.55641 2.92649
4.57185 2.97602
7.31454 -1.47944
7.28744 -1.51203
5.98836 -2.62611
5.94029 -2.65554
4.51518 -0.815902
4.53302 -0.8947
4.31084 1.13103
4.31011 1.10419
7.14133 -1.67755
7.14962 -1.66856
6.19718 -2.4875
4.61733 -1.24067
4.60194 -1.17992
5.64316 3.80971
5.70653 3.7994
5.85406 3.76736
4.46816 -0.603684
4.46842 -0.604894
4.42788 -0.39562
4.41384 -0.320475
4.42182 2.31537
4.42605 2.34781
4.38244 -0.130194
4.38885 -0.173179
7.75199 2.01045
7.72587 2.06488
7.8378 1.81523
7.81618 1.86753
4.49661 2.7028
4.48485 2.6538
4.43849 2.41679
4.44403 2.45081
5.11487 3.72782
5.15179 3.7444
5.19017 3.76035
5.24562 3.77946
8.00873 1.27614
8.01814 1.23341
8.05539 1.02938
8.06498 0.961609
7.46036 2.52102
7.45089 2.53462
7.33272 2.69481
7.31821 2.71304
7.40649 -1.36391
7.37871 -1.40035
6.8359 -1.97896
6.95189 -1.87039
7.63955 2.23011
7.65667 2.19911
7.56033 2.36739
7.56284 2.36326
4.7243 3.33235
4.74718 3.37319
4.6659 3.21861
4.67261 3.23445
4.88302 -2.19742
4.85736 -2.11477
7.90601 1.6341
7.89393 1.6689
7.95962 1.46678
7.95352 1.48794
5.3909 -2.86987
5.71243 -2.77796
5.69275 -2.7875
5.6568 -2.80167
5.54242 -2.84353
6.47306 -2.28424
6.47534 -2.28246
7.97607 -0.265844
7.97831 -0.258535
7.94376 -0.370491
6.63416 3.37002
6.56904 3.41606
6.7951 3.24379
6.81773 3.22513
6.01688 3.7127
5.99042 3.723
5.86055 3.76589
4.37381 1.99716
4.35873 1.87192
4.36306 1.9098
4.4148 2.2772
6.08448 3.68698
6.26668 3.6016
6.25176 3.60919
6.42027 3.51425
6.31911 3.57344
6.47548 3.47941
6.50893 3.45728
7.19435 2.8611
6.66019 -2.1334
6.75887 -2.04858
6.99969 -1.82216
8.09015 0.700383
8.08016 0.830888
4.63968 3.16152
4.6403 3.16284
8.08704 0.352644
8.09386 0.52003
4.55368 -0.983204
4.56562 -1.03451
4.53373 2.85134
4.53464 2.85462
4.49988 -0.749664
4.50866 -0.787143
4.53733 -0.913315
6.1343 -2.53096
6.11323 -2.54488
4.64023 -1.33243
4.63184 -1.29813
4.6702 -1.45234
4.66143 -1.4162
5.08674 -2.6837
5.09613 -2.70008
5.00352 -2.52352
5.01689 -2.55586
8.06258 0.125566
8.05837 0.0951498
4.77924 -1.85322
4.76621 -1.80956
4.54062 -0.927598
4.55211 -0.976387
4.31134 0.723189
4.30943 0.760673
4.49055 -0.707906
4.35834 1.86775
4.3522 1.80631
4.98149 -2.47347
4.95938 -2.416
4.33967 0.227114
4.33241 0.309313
4.63849 3.15863
8.07619 0.865132
7.47635 -1.27032
7.48553 -1.25766
5.48442 -2.85759
4.80014 -1.92942
4.78403 -1.86999
8.09255 0.635403
5.41765 -2.86978
5.04194 -2.60478
5.0269 -2.57489
7.88227 -0.534467
7.86858 -0.568866
6.99631 3.06446
7.0327 3.02987
4.82631 3.4872
8.09341 0.604934
4.34657 1.75004
4.34595 1.7427
4.3148 1.23118
4.31498 1.26544
6.73715 3.29151
6.74175 3.28775
4.37451 2.00259
6.94096 3.11718
6.94858 3.11002
6.16245 -2.5122
4.73557 -1.69681
4.69188 -1.53464
8.07891 0.259271
8.06749 0.160615
4.31718 1.29468
4.32111 1.38888
4.30854 1.01519
4.30825 0.913692
4.30969 0.786691
4.30831 0.888326
4.32807 1.50999
4.32297 1.42201
4.4476 -0.500374
4.44008 -0.462038
4.31949 0.495542
4.32552 0.398149
5.46428 3.81577
5.63299 3.81085
4.35343 0.0931506
4.3715 -0.0543895
7.79559 -0.732782
7.75263 -0.819398
7.79665 1.91267
7.7721 1.96765
4.46426 2.55774
4.46322 2.55307
4.59293 3.03822
5.29894 3.79305
5.31542 3.79721
8.03396 1.15464
8.04469 1.09554
7.39732 2.61028
7.38712 2.62395
7.53671 -1.18368
7.52945 -1.19437
7.16074 -1.65663
7.2422 -1.56468
4.69347 3.27499
4.70818 3.30522
5.45726 -2.8647
5.13939 -2.75747
5.11296 -2.72178
5.20466 -2.8152
5.7526 -2.75754
5.85702 -2.70267
4.68659 -1.51554
4.75671 -1.77313
5.93908 -2.65631
8.03981 -0.01055
8.0101 -0.14399
7.67144 -0.967501
7.8582 -0.593648
7.63434 -1.03016
7.55125 -1.16195
7.5065 -1.22767
6.40727 -2.33513
6.28579 -2.42529
6.08563 -2.56359
6.02783 -2.60107
4.99654 3.65432
5.06017 3.69783
5.42042 3.81252
4.56668 -1.03885
4.58247 -1.1025
4.33417 1.59643
4.34046 1.67862
4.31621 0.559549
4.31249 0.658965
4.58161 3.00373
4.55215 2.91373
7.26493 -1.53826
7.33174 -1.45875
4.30936 1.06666
4.312 1.16769
4.59416 -1.1491
4.30882 1.04069
4.33078 1.55031
4.40856 -0.290631
4.3284 0.359551
4.31762 0.52858
4.38994 -0.180298
4.34354 0.187005
7.70401 2.10853
7.85813 1.76454
7.8758 1.71809
7.67776 2.15958
4.50828 2.7534
4.46094 2.54177
4.51817 2.79209
5.10302 3.72136
5.17874 3.75637
5.33654 3.80079
7.26713 2.77634
7.25059 2.79619
7.98483 1.37552
8.07275 0.900102
7.97999 1.39417
7.511 2.4451
7.36211 -1.42092
7.43274 -1.32973
7.51867 2.43327
7.54933 2.38508
7.61089 2.28124
7.60047 2.29947
4.7591 3.39093
4.78973 3.43824
4.64221 3.16709
4.80624 -1.94916
4.89372 -2.22736
4.92694 -2.32738
4.94197 -2.36686
7.92464 1.57933
7.93414 1.55032
6.6863 3.33113
6.89902 3.15506
6.30927 3.57928
6.53053 3.44335
6.4116 -2.33172
6.28037 -2.42926
6.53823 -2.23302
6.53428 -2.23628
4.96233 3.62801
4.3453 1.73486
4.31165 0.686992
4.53358 2.85073
4.31292 1.19573
5.02148 -2.56461
5.72229 -2.77272
5.05501 -2.63165
7.8952 -0.502959
6.31383 3.57659
5.38825 3.80941
4.9506 -2.39394
5.47034 -2.86189
5.93976 -2.65589
6.8394 3.20708
4.3657 1.93231
6.59783 -2.18454
4.84895 -2.08817
5.67057 -2.79671
6.47077 -2.28612
6.96939 3.09016
6.76551 3.26817
7.90471 -0.47824
6.54844 3.43065
