6.35694 -0.741714
6.24846 -0.77725
6.24737 2.05931
6.21451 2.07056
7.08003 0.89336
7.06943 0.950746
5.47592 1.55497
5.44734 1.47193
5.56066 1.74105
5.60827 1.82041
5.53045 -0.24197
5.5534 -0.294595
5.43527 0.0430682
5.46162 -0.0459816
6.14067 -0.788867
6.24301 -0.778257
6.38937 1.99861
6.43604 1.9717
5.8497 2.03645
5.80371 2.01242
6.00551 2.0853
6.03087 2.08592
6.84737 -0.294427
6.82299 -0.331857
6.61101 -0.576514
6.67813 -0.510999
6.5887 -0.597112
6.50281 -0.660648
5.35128 0.895917
5.35123 0.894676
5.37346 1.126
5.38034 1.17206
7.08434 0.864414
7.09377 0.776241
5.41311 1.34589
5.43009 1.41438
5.6732 1.90032
5.61285 1.82754
6.70127 1.73923
6.69482 1.74671
6.82048 1.57861
6.80076 1.60748
6.91867 1.40346
6.90945 1.42295
5.76264 -0.619042
5.73905 -0.592377
5.94519 -0.749421
5.9101 -0.730721
6.9023 -0.199437
6.93502 -0.135365
7.01029 0.0476802
7.01922 0.0736285
5.58921 -0.37103
5.62085 -0.425703
5.40975 0.159648
5.43058 0.0619817
5.35074 0.633944
5.35034 0.644091
5.37138 0.385489
5.37361 0.36869
6.4944 1.93221
6.48788 1.93677
7.07766 0.310442
7.075 0.295485
7.10183 0.583211
7.10094 0.545299
7.03391 1.10289
7.04321 1.06513
7.00526 1.19078
6.99029 1.23485
7.05448 1.02257
6.56886 1.87276
6.62359 1.82095
6.94844 1.33838
6.96185 1.30817
7.01936 1.15009
6.54322 1.89345
6.64452 1.79975
6.37558 2.00678
6.3277 2.03007
6.24645 -0.777834
6.38919 -0.726073
6.20621 2.07197
6.32148 2.03306
5.98562 2.08134
5.90365 2.06058
6.71271 -0.474037
6.75379 -0.42455
5.36007 1.01238
5.36198 1.03119
5.441 1.4527
5.5088 1.63827
5.61085 1.82461
5.52347 1.67215
6.6882 1.75391
6.8543 1.52456
6.87651 1.48662
5.85305 -0.69677
5.8154 -0.666102
6.96293 -0.0739255
6.98007 -0.033722
5.509 -0.190371
5.57225 -0.335772
5.48104 -0.108919
5.43228 0.054898
5.35791 0.507929
5.35783 0.508949
7.09484 0.441752
7.09287 0.421832
6.47193 -0.681732
6.04205 -0.780635
6.44115 1.96806
6.38279 2.00283
6.10926 2.08714
5.74968 1.97249
5.7061 1.93583
6.79969 -0.364046
6.88476 -0.231958
6.59575 -0.590937
5.34843 0.775787
5.3518 0.904129
5.39116 1.23697
5.40712 1.31772
7.09713 0.736304
7.08327 0.872772
5.67412 -0.512984
5.67405 -0.512874
5.67417 -0.513051
5.51533 1.65433
6.75952 1.66485
6.88561 1.46956
6.93639 1.36578
6.03642 -0.77964
6.03882 -0.780319
7.04606 0.165877
5.49328 -0.145538
5.39725 0.221318
5.48872 -0.132407
5.38958 0.265736
5.34837 0.769247
5.35871 0.499911
5.34842 0.762719
6.49537 1.9316
7.05173 0.18784
7.10062 0.666291
7.05842 1.0056
6.97219 1.28353
