6.36158 -0.717083
6.3284 -0.727953
6.21649 2.04648
6.31345 2.0133
6.00748 2.06131
5.9849 2.05574
7.05671 0.940766
7.06776 0.880921
5.49094 1.54527
5.47019 1.48498
5.57706 1.73045
5.61555 1.79462
5.54566 -0.23333
5.58028 -0.312739
5.47587 -0.0378801
5.45026 0.0487023
6.14528 -0.76441
6.22014 -0.756647
5.87607 2.02243
5.80589 1.98577
6.8555 -0.251283
6.81075 -0.319998
6.59422 -0.567816
6.66523 -0.498504
6.53838 -0.610957
6.48912 -0.647394
5.38793 1.11707
5.39761 1.18192
5.36634 0.886619
5.36728 0.903839
7.07208 0.850007
7.08003 0.775734
5.42694 1.33695
5.43237 1.35884
5.69123 1.88868
5.65599 1.84618
6.71096 1.70112
6.68326 1.73322
6.80955 1.56585
6.77591 1.6151
6.89972 1.40928
6.89529 1.41862
5.76459 -0.590637
5.75787 -0.583036
5.94694 -0.723895
5.93581 -0.71796
6.88203 -0.205405
6.92349 -0.124204
6.99219 0.0423524
7.00702 0.0854393
5.59303 -0.339945
5.63727 -0.416377
5.44057 0.0862198
5.42327 0.167329
5.36486 0.641966
5.36513 0.634963
5.38581 0.393689
5.39051 0.358253
6.47634 1.92035
6.42845 1.95389
7.06452 0.323521
7.05869 0.290683
7.08747 0.597511
7.08615 0.540943
7.02269 1.0898
7.0289 1.06461
6.98643 1.20104
6.97514 1.23429
7.03955 1.02439
6.57669 1.842
6.61254 1.80805
6.92984 1.34408
6.9477 1.30384
7.00428 1.14953
7.04443 1.00197
7.0421 1.01286
6.52651 1.88248
6.62625 1.79416
6.25125 -0.752331
6.37073 -0.712644
6.17751 2.05312
6.32339 2.00977
6.02177 2.06211
5.90569 2.03568
6.71891 -0.441118
6.74208 -0.413211
5.37488 1.00324
5.37868 1.04073
5.45628 1.44282
5.52603 1.63416
5.62891 1.81294
5.5353 1.65309
6.65487 1.76413
5.8549 -0.669811
5.83712 -0.655323
6.94377 -0.0795649
6.96821 -0.0222393
5.51328 -0.155469
5.58699 -0.327395
5.50221 -0.123206
5.44645 0.0629522
5.37416 0.498865
5.37328 0.508049
7.08111 0.455428
7.07732 0.417256
6.47682 -0.655795
6.07293 -0.75837
6.04334 -0.755118
5.97838 -0.734307
5.69256 -0.502126
5.73932 -0.560355
6.42354 1.95649
6.37442 1.98514
6.1112 2.06349
5.77192 1.96066
5.70844 1.90726
6.76796 -0.37909
6.87355 -0.221112
6.5822 -0.577814
5.40533 1.22822
5.36258 0.770775
5.36256 0.767065
5.42503 1.32795
5.67787 -0.4829
7.06901 0.872247
7.08208 0.751284
5.53075 1.64437
6.74899 1.65255
6.86607 1.47555
6.86646 1.47489
6.86735 1.47326
6.9222 1.36144
7.02896 0.160844
5.50706 -0.137711
5.41472 0.209532
5.50525 -0.132509
5.40362 0.273718
5.37267 0.516312
6.48852 1.91277
7.03916 0.200355
7.08652 0.662143
6.96148 1.27102
