6.34466 -0.806912
6.30643 -0.819434
6.73066 -0.519779
6.71087 -0.542692
5.43616 1.58066
5.42463 1.54713
5.51724 1.7691
5.51917 1.7723
6.69781 1.80691
6.73583 1.76227
6.84784 1.61056
6.86121 1.58895
5.84312 -0.763964
5.76489 -0.700321
5.42234 -0.0622282
5.42388 -0.0674269
6.43498 2.02856
6.45694 2.0159
6.20966 2.12963
6.12172 2.14558
6.07892 2.14887
6.00046 2.14694
5.78319 2.07182
5.79804 2.08143
6.82791 -0.397724
6.85323 -0.361128
6.57516 -0.669024
6.53905 -0.695733
5.31571 0.917884
5.31381 0.873317
5.33548 1.14946
5.3351 1.14623
7.12521 0.823717
7.13015 0.777581
7.0985 0.994224
7.10337 0.970432
5.57933 -0.453347
5.57767 -0.450211
5.37647 1.36956
5.39435 1.44169
5.62549 1.93115
5.60625 1.90795
6.57776 1.92485
6.61916 1.88699
6.96886 1.38807
6.94691 1.43441
5.75746 -0.694234
5.68923 -0.617103
5.94054 -0.816991
5.88335 -0.786517
6.12958 -0.852992
6.11533 -0.852095
7.05522 0.0609045
7.0499 0.0439216
6.95597 -0.183641
6.96553 -0.164908
5.49144 -0.264134
5.48581 -0.248982
5.37397 0.139315
5.38371 0.0936137
5.33615 0.365473
5.33278 0.393902
5.31529 0.6138
5.31321 0.667019
7.13864 0.54656
7.13896 0.556487
7.10928 0.278958
7.11419 0.307018
7.06361 1.13756
7.08109 1.06653
7.05511 1.16363
7.03042 1.23633
7.08615 1.04742
7.10542 0.958802
6.54943 1.94919
6.65284 1.8551
6.99768 1.32328
6.9993 1.31962
7.05929 1.15156
6.51217 1.97776
6.67838 1.82922
6.37067 2.06669
6.34981 2.07683
6.23469 -0.840221
6.43804 -0.761619
6.31658 2.09282
6.26551 2.11091
5.8999 2.12691
5.89824 2.12649
6.78479 -0.454568
6.69697 -0.557597
5.32358 1.03492
5.32141 1.00803
5.40354 1.4769
5.44439 1.6015
5.56822 1.85216
5.51574 1.76631
6.76051 1.73173
6.69161 1.81416
6.82292 1.64798
6.903 1.51755
5.84817 -0.767708
5.75791 -0.694636
7.01278 -0.0592531
7.01105 -0.0637212
5.49789 -0.280776
5.53322 -0.357946
5.42501 -0.0711012
5.39769 0.0352457
5.32342 0.488328
5.31991 0.532364
7.12831 0.408428
7.13086 0.433015
6.459 -0.750386
6.13996 -0.85188
6.48432 1.99641
6.40425 2.04823
6.10422 2.14856
5.89138 2.12342
5.69998 2.01041
6.87348 -0.329053
6.91441 -0.260668
6.62833 -0.622474
5.31205 0.798253
5.33724 1.1616
5.35366 1.26012
5.35969 1.29065
7.13696 0.696651
7.11877 0.874081
5.57588 -0.446612
5.63142 -0.536563
5.66873 -0.592037
5.47615 1.67965
5.69286 2.00362
5.67459 1.98414
6.7874 1.6974
6.937 1.4538
6.97394 1.37727
5.95291 -0.821091
6.03443 -0.844173
7.08292 0.157217
7.00152 -0.0856816
7.08799 0.178219
5.45682 -0.166258
5.35574 0.229271
5.44495 -0.132135
5.35303 0.244972
5.31176 0.770113
5.352 0.251512
5.31199 0.742021
7.13902 0.602239
7.13792 0.677272
7.00056 1.31664
