6.15962 -2.5825
6.21304 -2.54451
7.99229 -0.346532
8.01964 -0.257152
4.70534 -1.78453
4.72203 -1.84735
4.27795 1.35823
4.2734 1.29982
4.26551 0.976737
4.26551 0.977242
4.26732 0.85024
4.26618 0.787637
6.84613 3.26079
6.79509 3.30299
4.28263 1.47385
4.28338 1.48596
4.27917 0.455046
4.27858 0.464064
4.33703 2.06033
4.34242 2.10746
4.92046 -2.54484
4.9042 -2.49693
4.3235 -0.0139802
4.31642 0.0430363
7.78731 -0.839407
7.83544 -0.741893
4.55227 3.1049
4.54608 3.08713
5.02926 3.77324
5.07601 3.79878
5.26833 3.86633
5.20673 3.85049
4.87864 -2.41465
4.89323 -2.46038
7.12697 2.99425
7.17418 2.94472
7.42386 2.64183
7.43545 2.62628
7.27674 -1.58805
7.23052 -1.63992
4.6345 3.30501
4.62063 3.277
5.4725 -2.98016
5.50024 -2.97218
5.35707 -3.01252
5.4018 -3.00134
4.79835 -2.13367
4.81003 -2.17157
8.13088 0.652208
8.12976 0.690899
4.96671 -2.67848
4.96777 -2.68081
5.0371 -2.83355
5.03086 -2.81945
5.20795 -3.0018
5.23795 -3.01221
5.12398 -2.94896
5.13083 -2.95365
4.74552 -1.93453
4.75185 -1.96187
5.7279 -2.86267
5.65236 -2.90274
5.74325 -2.85319
5.79415 -2.8224
4.67392 -1.66465
4.66546 -1.62953
8.06973 -0.0631134
8.07075 -0.0586067
6.68905 3.38716
6.69242 3.3847
5.98187 3.78875
5.94205 3.80181
5.75639 3.85748
5.7582 3.85709
6.22438 3.6821
6.25023 3.66922
6.46582 3.54376
6.48227 3.53359
7.05162 3.0722
7.23499 2.87687
7.20547 2.9108
7.613 -1.13929
7.6544 -1.07503
6.97154 -1.91122
7.01086 -1.8722
6.80336 -2.06716
6.86766 -2.00974
7.07163 -1.81081
7.05883 -1.82396
4.77892 3.54698
4.7385 3.49156
8.12189 0.803163
8.12232 0.797921
6.6601 -2.19222
6.62745 -2.21893
7.93519 -0.509291
7.92844 -0.526523
8.1314 0.45328
8.12945 0.405807
4.29371 1.63706
4.2919 1.61426
4.2719 0.598906
4.27206 0.594472
7.72293 -0.959465
7.71282 -0.976744
4.47632 -0.843334
4.48067 -0.862575
4.26737 1.10582
4.26732 1.10424
6.94766 3.17072
6.94918 3.16929
4.36216 2.24451
4.36399 2.25703
7.15271 -1.72412
7.18313 -1.69112
5.93804 -2.73511
5.95051 -2.72656
6.03536 -2.67048
6.03573 -2.67021
4.57673 -1.26932
4.57091 -1.24636
4.64412 -1.54552
4.62156 -1.45174
5.8706 3.82631
5.75959 3.85669
4.38803 -0.418178
4.38088 -0.379898
4.42963 -0.626473
4.41867 -0.574363
4.37463 2.31489
4.38245 2.37498
4.36511 -0.290558
4.34954 -0.195434
7.79779 2.00614
7.75244 2.10063
7.88181 1.81109
7.84335 1.9041
4.38386 2.38279
4.39946 2.4786
4.43438 2.66408
4.43796 2.68302
5.34923 3.88067
5.28693 3.87021
8.04099 1.30805
8.06373 1.20476
8.10724 0.939075
8.08966 1.06328
7.34814 2.74155
7.36836 2.71546
7.47613 2.56881
7.4981 2.53689
6.88889 -1.98948
6.96379 -1.91906
7.66544 2.26494
7.70063 2.20123
7.58565 2.40146
7.60762 2.36542
4.69285 3.41874
4.69239 3.41803
5.42974 -2.99635
5.3219 -3.01769
4.75978 -1.995
4.78548 -2.08267
4.85763 -2.33935
4.84412 -2.29072
7.94838 1.63012
7.92443 1.69907
8.00073 1.46291
7.98465 1.51873
5.27746 -3.01567
5.61493 -2.92118
5.73432 -2.85871
6.50336 -2.32109
6.53294 -2.29795
8.04263 -0.174441
7.9752 -0.399923
7.94102 -0.493816
6.64089 3.4237
6.62802 3.4328
6.8483 3.25888
6.89805 3.21518
6.06353 3.7569
6.03222 3.76909
5.75872 3.85694
5.64401 3.87709
4.31683 1.89804
4.32084 1.93308
4.34652 2.13845
6.20431 3.69243
6.10274 3.74001
6.30292 3.64106
6.26032 3.66403
6.42706 3.56842
6.38349 3.59392
7.2825 2.82291
6.71517 -2.14431
6.77068 -2.0969
7.05046 -1.83223
4.82409 3.60264
8.12834 0.71471
8.12177 0.804738
6.28376 -2.49209
6.3424 -2.44794
6.41242 -2.3938
6.4694 -2.34893
6.53683 -2.29466
6.59651 -2.24561
6.68888 -2.1671
4.92974 3.70488
4.96225 3.72994
8.12703 0.362189
8.13316 0.534773
4.54107 -1.12175
4.55188 -1.16708
4.51492 -1.01056
4.522 -1.04095
4.48621 2.88281
4.47859 2.85535
4.52883 3.03244
4.5129 2.98031
7.37467 -1.4706
7.40893 -1.4276
7.32179 -1.53516
7.27735 -1.58735
4.46159 -0.778779
4.4639 -0.78863
4.49278 -0.914795
4.59928 -1.36133
4.57842 -1.27601
4.60752 -1.39388
7.98362 -0.374828
4.91485 3.69294
4.90276 3.68162
8.10475 0.141387
8.09737 0.0880106
4.50199 -0.954859
4.50741 -0.977871
4.2694 0.723238
4.26621 0.785829
5.50936 3.88888
5.57908 3.88437
4.33075 2.01882
4.32834 1.9967
4.31133 1.83856
4.30806 1.80586
4.29451 0.254853
4.29173 0.286284
4.87146 -2.38587
4.86421 -2.36012
8.1143 0.869091
8.10784 0.934804
8.10786 0.934659
7.48098 -1.3327
7.51243 -1.28935
5.84431 -2.79319
5.85246 -2.78848
8.05329 -0.133069
7.91119 -0.568552
7.89555 -0.607863
6.53724 3.49693
6.56846 3.475
7.04531 3.07836
7.04789 3.0759
8.13292 0.580102
4.30506 1.77591
4.30223 1.74226
8.11126 0.187803
8.11355 0.208477
4.72831 -1.87275
4.27264 1.23123
4.27296 1.2899
6.79147 3.30595
6.74382 3.34476
6.31612 3.63389
6.31894 3.63223
7.28959 2.81407
7.29767 2.80446
4.82755 3.60706
4.83076 3.61056
6.9849 3.13584
6.99758 3.12392
6.09308 -2.63071
6.24131 -2.5233
4.69046 -1.72865
8.11991 0.274651
8.11573 0.230189
4.27332 1.29473
4.2795 1.4131
4.26604 1.03993
4.26572 0.913742
4.26622 0.786742
4.26573 0.913112
4.28631 1.5343
4.27999 1.42181
4.40837 -0.522588
4.3905 -0.431612
4.27531 0.522673
4.28281 0.398844
4.90307 -2.49266
4.93407 -2.58934
4.30779 0.121183
4.33191 -0.0768055
7.84419 -0.723086
7.78063 -0.852391
7.84147 1.90846
7.79892 2.00374
4.40762 2.5225
4.41794 2.58129
4.55417 3.10976
4.53168 3.04267
5.15862 3.83391
5.27645 3.86838
8.06719 1.18751
8.08894 1.06773
7.22394 -1.64734
7.27681 -1.58798
4.72967 3.47793
4.69647 3.4246
4.60927 3.24935
4.65492 3.34882
5.53431 -2.95635
5.5694 -2.94305
4.9388 -2.60139
4.99773 -2.75361
5.00136 -2.76244
5.07667 -2.89596
5.0645 -2.87494
5.00141 -2.76259
5.1186 -2.94292
5.17713 -2.98904
4.6958 -1.74791
8.12401 0.318036
8.08325 0.00574645
8.09357 0.0622008
8.06824 -0.069718
7.72432 -0.95695
7.88696 -0.627528
7.66194 -1.06268
7.58257 -1.18657
7.56336 -1.21508
7.52496 -1.27142
6.34864 -2.44305
6.40589 -2.39907
6.08404 -2.63683
6.07738 -2.64126
4.52791 -1.06622
4.53683 -1.10402
4.28871 1.5682
4.29683 1.67842
4.27466 0.535463
4.27 0.659656
4.50663 2.95707
4.49521 2.91787
7.32671 -1.52918
7.36583 -1.4817
4.26607 1.04157
4.26932 1.16774
5.90721 -2.75417
5.98669 -2.70328
5.99331 -2.69854
6.03803 -2.66863
4.55436 -1.1772
4.26605 1.04074
4.28738 1.55011
4.36913 -0.312956
4.44805 -0.717855
4.28369 0.38701
4.27494 0.529274
5.4272 3.88833
5.43205 3.8884
5.42458 3.88827
4.34264 -0.151248
4.30326 0.164198
7.75068 2.10414
7.88563 1.80155
7.91892 1.71403
7.704 2.19489
4.44756 2.72787
4.46033 2.78329
4.46299 2.79365
4.99581 3.75257
5.01487 3.76522
5.13987 3.82737
5.0953 3.80742
5.41665 3.88752
8.03188 1.34595
8.01133 1.42516
7.53825 2.47679
7.55714 2.44732
7.41284 2.65731
7.42077 -1.4123
7.45983 -1.36165
7.65511 2.28337
7.62615 2.33401
4.66205 3.36138
4.73345 3.48431
4.58914 3.20289
4.83775 -2.27098
4.82416 -2.22133
7.95533 1.60969
7.97606 1.54637
5.89385 -2.76298
5.86278 -2.78254
6.7413 3.34673
6.09212 3.74506
6.50852 3.51599
6.27893 -2.49586
6.47512 -2.34433
6.59748 -2.24478
4.29923 1.70625
4.26991 0.662796
4.46712 2.80937
4.45106 -0.731514
4.26941 1.17051
4.93655 -2.59555
5.59765 3.88307
4.44981 -0.725535
6.3473 3.61549
4.5756 3.16693
6.09673 3.74287
4.32556 1.97219
4.58432 3.19008
5.60262 -2.92785
6.99786 3.12366
6.57948 3.46719
